9.03,3.54,666.00,21.25,22-05-23-08-37-41-779
9.03,3.45,666.00,21.28,22-05-23-08-37-41-814
9.03,3.36,666.00,21.31,22-05-23-08-37-41-848
9.02,3.29,666.00,21.32,22-05-23-08-37-41-879
9.02,3.24,666.00,21.34,22-05-23-08-37-41-915
9.01,3.18,666.00,21.32,22-05-23-08-37-41-946
9.01,3.12,666.00,21.30,22-05-23-08-37-41-980
9.01,3.09,666.00,21.27,22-05-23-08-37-42-016
9.00,3.07,666.00,21.24,22-05-23-08-37-42-045
9.00,3.04,666.00,21.22,22-05-23-08-37-42-077
9.00,3.01,666.00,21.20,22-05-23-08-37-42-113
9.00,3.00,666.00,21.16,22-05-23-08-37-42-146
9.00,3.00,666.00,21.13,22-05-23-08-37-42-178
9.00,2.96,666.00,21.13,22-05-23-08-37-42-211
9.00,2.92,666.00,21.10,22-05-23-08-37-42-246
9.01,2.89,666.00,21.06,22-05-23-08-37-42-279
9.02,2.90,666.00,20.98,22-05-23-08-37-42-314
9.04,2.98,666.00,20.88,22-05-23-08-37-42-346
9.06,2.99,666.00,20.75,22-05-23-08-37-42-378
9.11,2.74,666.00,20.74,22-05-23-08-37-42-419
9.53,-1.59,666.00,21.49,22-05-23-08-37-42-445
11.36,-7.28,666.00,23.16,22-05-23-08-37-42-476
13.65,-10.17,666.00,25.60,22-05-23-08-37-42-514
17.55,-10.93,666.00,26.44,22-05-23-08-37-42-544
21.05,-10.59,666.00,27.76,22-05-23-08-37-42-578
25.36,-10.58,666.00,29.44,22-05-23-08-37-42-612
29.19,-9.58,666.00,28.80,22-05-23-08-37-42-645
33.53,-8.19,666.00,28.81,22-05-23-08-37-42-679
38.19,-6.27,666.00,27.53,22-05-23-08-37-42-713
42.55,-4.58,666.00,25.89,22-05-23-08-37-42-747
46.33,-3.21,666.00,26.30,22-05-23-08-37-42-779
49.78,-2.01,666.00,24.15,22-05-23-08-37-42-813
53.75,-0.87,666.00,23.59,22-05-23-08-37-42-847
57.20,0.10,666.00,21.78,22-05-23-08-37-42-878
60.61,0.84,666.00,21.73,22-05-23-08-37-42-912
64.08,1.28,666.00,21.07,22-05-23-08-37-42-948
67.16,1.75,666.00,20.72,22-05-23-08-37-42-980
69.98,1.83,666.00,18.09,22-05-23-08-37-43-014
72.06,1.63,666.00,16.05,22-05-23-08-37-43-045
73.77,1.45,666.00,14.61,22-05-23-08-37-43-078
75.37,1.17,666.00,14.21,22-05-23-08-37-43-113
76.57,0.84,666.00,14.46,22-05-23-08-37-43-145
77.68,0.56,666.00,17.83,22-05-23-08-37-43-178
78.80,0.41,666.00,18.66,22-05-23-08-37-43-214
79.71,0.31,666.00,18.72,22-05-23-08-37-43-246
80.43,0.27,666.00,18.53,22-05-23-08-37-43-278
81.37,0.43,666.00,18.29,22-05-23-08-37-43-313
82.42,0.70,666.00,17.92,22-05-23-08-37-43-347
83.28,1.02,666.00,17.70,22-05-23-08-37-43-379
83.90,1.27,666.00,17.50,22-05-23-08-37-43-413
84.34,1.52,666.00,17.56,22-05-23-08-37-43-446
84.61,1.70,666.00,17.14,22-05-23-08-37-43-479
84.75,1.82,666.00,16.57,22-05-23-08-37-43-513
84.82,1.90,666.00,11.58,22-05-23-08-37-43-546
85.20,3.00,666.00,14.81,22-05-23-08-37-43-579
85.22,3.98,666.00,17.92,22-05-23-08-37-43-616
85.25,4.35,666.00,20.02,22-05-23-08-37-43-646
85.01,5.02,666.00,22.92,22-05-23-08-37-43-677
84.76,5.46,666.00,28.13,22-05-23-08-37-43-714
84.51,5.70,77.37,30.36,22-05-23-08-37-43-745
84.29,5.76,74.67,32.93,22-05-23-08-37-43-778
84.05,5.71,74.08,34.54,22-05-23-08-37-43-814
83.83,5.58,72.27,47.56,22-05-23-08-37-43-846
96.27,-2.41,-88.65,36.64,22-05-23-08-37-43-878
91.22,0.62,-43.19,47.76,22-05-23-08-37-43-915
88.05,2.43,56.46,57.85,22-05-23-08-37-43-946
86.36,3.40,63.59,64.37,22-05-23-08-37-43-977
85.37,3.85,65.01,68.92,22-05-23-08-37-44-015
84.79,4.04,63.81,75.43,22-05-23-08-37-44-048
84.44,4.14,63.73,79.24,22-05-23-08-37-44-080
84.32,4.26,63.22,81.98,22-05-23-08-37-44-116
84.36,4.34,62.74,85.86,22-05-23-08-37-44-144
84.51,4.44,61.65,88.92,22-05-23-08-37-44-180
84.77,4.51,60.32,91.80,22-05-23-08-37-44-215
85.09,4.58,58.44,94.26,22-05-23-08-37-44-246
85.44,4.62,56.49,97.59,22-05-23-08-37-44-277
85.79,4.65,54.23,100.23,22-05-23-08-37-44-316
86.16,4.71,49.08,100.87,22-05-23-08-37-44-344
86.54,4.78,44.46,101.17,22-05-23-08-37-44-380
86.91,4.86,40.31,101.39,22-05-23-08-37-44-416
87.24,4.96,36.31,101.54,22-05-23-08-37-44-446
87.56,5.10,32.17,101.64,22-05-23-08-37-44-478
88.54,5.09,21.73,101.19,22-05-23-08-37-44-515
88.96,5.25,16.36,101.05,22-05-23-08-37-44-547
89.26,5.44,12.45,100.84,22-05-23-08-37-44-581
89.44,5.61,9.82,100.53,22-05-23-08-37-44-617
89.57,5.78,8.03,100.46,22-05-23-08-37-44-644
89.82,5.75,5.05,99.97,22-05-23-08-37-44-680
90.20,5.77,0.90,95.97,22-05-23-08-37-44-715
90.63,5.76,-2.95,92.39,22-05-23-08-37-44-743
91.22,5.77,-7.09,87.19,22-05-23-08-37-44-777
92.09,5.93,-13.52,78.49,22-05-23-08-37-44-814
92.82,5.98,-18.55,73.64,22-05-23-08-37-44-844
93.33,5.98,-19.93,64.90,22-05-23-08-37-44-879
93.62,5.96,-20.44,58.71,22-05-23-08-37-44-913
93.82,5.89,-20.75,54.83,22-05-23-08-37-44-945
94.32,5.54,-21.11,51.17,22-05-23-08-37-44-979
94.55,5.26,-21.95,49.41,22-05-23-08-37-45-017
94.63,4.97,-22.47,46.51,22-05-23-08-37-45-044
94.69,4.67,-22.19,42.07,22-05-23-08-37-45-079
94.66,4.36,-19.23,35.04,22-05-23-08-37-45-112
94.58,4.07,-17.98,31.02,22-05-23-08-37-45-146
94.49,3.79,666.00,28.19,22-05-23-08-37-45-180
94.39,3.51,666.00,25.49,22-05-23-08-37-45-214
94.29,3.26,666.00,23.26,22-05-23-08-37-45-248
94.16,3.02,666.00,19.49,22-05-23-08-37-45-279
94.07,2.81,666.00,15.60,22-05-23-08-37-45-312
93.95,2.57,666.00,14.54,22-05-23-08-37-45-344
93.82,2.29,666.00,14.20,22-05-23-08-37-45-378
93.47,2.15,666.00,15.21,22-05-23-08-37-45-414
93.09,2.04,666.00,16.28,22-05-23-08-37-45-447
92.58,2.08,666.00,17.03,22-05-23-08-37-45-479
92.12,2.11,666.00,17.51,22-05-23-08-37-45-512
91.73,2.11,666.00,17.83,22-05-23-08-37-45-547
90.89,2.44,666.00,19.01,22-05-23-08-37-45-580
90.28,2.63,666.00,19.55,22-05-23-08-37-45-614
89.87,2.72,666.00,20.02,22-05-23-08-37-45-647
89.58,2.73,666.00,20.42,22-05-23-08-37-45-680
89.37,2.70,666.00,23.09,22-05-23-08-37-45-719
88.60,2.66,666.00,26.36,22-05-23-08-37-45-745
88.06,2.62,666.00,29.08,22-05-23-08-37-45-777
87.67,2.57,70.14,33.12,22-05-23-08-37-45-814
87.37,2.53,70.52,37.89,22-05-23-08-37-45-845
87.15,2.46,72.43,41.16,22-05-23-08-37-45-878
86.99,2.39,74.11,43.02,22-05-23-08-37-45-915
86.88,2.32,74.97,45.41,22-05-23-08-37-45-944
86.81,2.25,75.10,48.62,22-05-23-08-37-45-979
86.77,2.19,72.96,59.39,22-05-23-08-37-46-015
86.75,2.08,72.92,64.16,22-05-23-08-37-46-044
86.72,1.96,73.95,73.27,22-05-23-08-37-46-079
86.74,1.83,74.75,77.74,22-05-23-08-37-46-113
86.76,1.77,75.17,84.50,22-05-23-08-37-46-146
86.79,1.69,75.11,85.76,22-05-23-08-37-46-178
86.82,1.62,75.16,87.49,22-05-23-08-37-46-215
86.86,1.55,75.50,88.57,22-05-23-08-37-46-244
86.90,1.49,75.86,89.65,22-05-23-08-37-46-279
86.93,1.44,76.28,92.81,22-05-23-08-37-46-314
86.97,1.39,76.72,94.28,22-05-23-08-37-46-345
87.02,1.34,77.10,95.28,22-05-23-08-37-46-379
87.07,1.28,77.52,96.08,22-05-23-08-37-46-416
87.13,1.23,78.43,102.95,22-05-23-08-37-46-447
87.19,1.18,78.86,104.35,22-05-23-08-37-46-478
87.24,1.13,79.20,105.18,22-05-23-08-37-46-513
87.29,1.09,77.97,104.26,22-05-23-08-37-46-547
87.34,1.04,77.36,103.41,22-05-23-08-37-46-577
87.37,1.00,77.09,102.06,22-05-23-08-37-46-615
87.40,0.97,76.90,100.82,22-05-23-08-37-46-647
87.42,0.95,76.62,99.19,22-05-23-08-37-46-679
87.43,0.94,77.18,94.70,22-05-23-08-37-46-715
87.44,0.93,76.74,88.95,22-05-23-08-37-46-747
87.44,0.95,75.86,85.02,22-05-23-08-37-46-779
87.43,0.96,75.44,80.11,22-05-23-08-37-46-812
87.44,0.98,74.93,77.02,22-05-23-08-37-46-845
87.45,1.00,75.54,71.56,22-05-23-08-37-46-880
87.50,1.06,74.68,69.25,22-05-23-08-37-46-912
87.58,1.13,73.22,63.58,22-05-23-08-37-46-946
87.68,1.19,71.76,60.61,22-05-23-08-37-46-980
87.80,1.24,69.97,58.15,22-05-23-08-37-47-012
87.97,1.26,71.03,55.31,22-05-23-08-37-47-048
88.17,1.26,70.01,51.85,22-05-23-08-37-47-080
88.44,1.24,66.42,45.90,22-05-23-08-37-47-113
88.75,1.22,60.83,42.43,22-05-23-08-37-47-145
89.03,1.21,55.30,39.19,22-05-23-08-37-47-181
89.26,1.19,49.09,33.52,22-05-23-08-37-47-215
89.44,1.16,666.00,29.12,22-05-23-08-37-47-248
89.58,1.13,666.00,27.34,22-05-23-08-37-47-280
89.68,1.08,666.00,26.06,22-05-23-08-37-47-315
89.73,1.02,666.00,24.92,22-05-23-08-37-47-344
89.77,0.97,666.00,23.76,22-05-23-08-37-47-378
89.80,0.89,666.00,19.11,22-05-23-08-37-47-414
89.82,0.81,666.00,15.40,22-05-23-08-37-47-444
89.84,0.77,666.00,13.34,22-05-23-08-37-47-479
89.82,0.75,666.00,12.02,22-05-23-08-37-47-514
89.78,0.76,666.00,12.52,22-05-23-08-37-47-545
89.74,0.79,666.00,13.53,22-05-23-08-37-47-579
89.67,0.81,666.00,14.61,22-05-23-08-37-47-615
89.56,0.82,666.00,15.41,22-05-23-08-37-47-645
89.39,0.83,666.00,15.86,22-05-23-08-37-47-681
89.14,0.86,666.00,16.13,22-05-23-08-37-47-712
88.81,0.93,666.00,16.32,22-05-23-08-37-47-746
88.46,1.00,666.00,16.44,22-05-23-08-37-47-778
88.10,1.09,666.00,13.44,22-05-23-08-37-47-814
87.71,1.22,666.00,13.65,22-05-23-08-37-47-845
87.32,1.39,666.00,14.17,22-05-23-08-37-47-879
86.99,1.52,666.00,14.43,22-05-23-08-37-47-913
86.71,1.64,666.00,14.70,22-05-23-08-37-47-944
86.49,1.74,666.00,18.09,22-05-23-08-37-47-978
86.27,1.82,666.00,19.58,22-05-23-08-37-48-013
86.10,1.88,666.00,27.59,22-05-23-08-37-48-044
85.93,1.92,87.40,31.84,22-05-23-08-37-48-076
85.75,1.91,85.69,33.66,22-05-23-08-37-48-113
85.60,1.89,83.85,35.14,22-05-23-08-37-48-146
85.48,1.85,83.30,36.18,22-05-23-08-37-48-177
85.39,1.82,82.58,37.82,22-05-23-08-37-48-215
85.36,1.86,81.03,40.28,22-05-23-08-37-48-247
85.37,1.90,80.45,50.72,22-05-23-08-37-48-280
85.39,1.95,79.05,63.00,22-05-23-08-37-48-315
85.46,2.01,77.69,68.03,22-05-23-08-37-48-345
85.52,2.08,76.08,71.27,22-05-23-08-37-48-379
85.55,2.11,74.76,74.67,22-05-23-08-37-48-413
85.60,2.15,73.30,77.76,22-05-23-08-37-48-447
85.66,2.22,71.64,80.25,22-05-23-08-37-48-479
85.73,2.31,69.89,82.53,22-05-23-08-37-48-512
85.82,2.44,67.58,84.80,22-05-23-08-37-48-546
85.90,2.57,65.34,86.84,22-05-23-08-37-48-581
85.99,2.72,63.20,93.18,22-05-23-08-37-48-612
86.09,2.91,60.74,95.90,22-05-23-08-37-48-648
86.18,3.09,58.49,97.69,22-05-23-08-37-48-677
86.27,3.25,56.38,98.92,22-05-23-08-37-48-714
86.36,3.42,54.32,99.79,22-05-23-08-37-48-747
86.45,3.58,52.38,100.48,22-05-23-08-37-48-780
86.52,3.73,50.55,100.86,22-05-23-08-37-48-814
86.59,3.87,48.93,101.01,22-05-23-08-37-48-848
86.65,4.01,47.45,100.97,22-05-23-08-37-48-881
86.70,4.13,46.18,100.90,22-05-23-08-37-48-914
86.75,4.24,44.90,99.78,22-05-23-08-37-48-945
86.79,4.33,43.96,98.44,22-05-23-08-37-48-978
86.82,4.41,43.20,96.30,22-05-23-08-37-49-015
86.85,4.48,42.57,93.01,22-05-23-08-37-49-044
86.87,4.53,42.07,87.48,22-05-23-08-37-49-078
86.91,4.57,41.87,84.92,22-05-23-08-37-49-115
86.95,4.61,41.62,78.85,22-05-23-08-37-49-146
86.99,4.63,41.46,75.47,22-05-23-08-37-49-181
87.05,4.64,41.88,71.96,22-05-23-08-37-49-213
87.10,4.63,42.12,69.10,22-05-23-08-37-49-243
87.19,4.58,42.36,66.39,22-05-23-08-37-49-279
87.28,4.53,42.87,63.75,22-05-23-08-37-49-311
87.37,4.47,43.69,60.85,22-05-23-08-37-49-346
87.46,4.39,45.54,52.18,22-05-23-08-37-49-379
87.57,4.29,49.76,48.18,22-05-23-08-37-49-415
87.78,4.10,50.17,45.73,22-05-23-08-37-49-448
88.01,3.87,50.31,42.49,22-05-23-08-37-49-477
88.27,3.51,50.11,39.89,22-05-23-08-37-49-513
88.52,3.16,51.90,36.28,22-05-23-08-37-49-546
88.71,2.89,51.93,34.48,22-05-23-08-37-49-579
88.87,2.65,51.82,32.96,22-05-23-08-37-49-616
88.99,2.44,52.22,31.29,22-05-23-08-37-49-645
89.07,2.27,666.00,26.35,22-05-23-08-37-49-678
89.13,2.14,666.00,22.72,22-05-23-08-37-49-713
89.17,2.03,666.00,19.69,22-05-23-08-37-49-745
89.17,1.94,666.00,17.16,22-05-23-08-37-49-777
89.16,1.87,666.00,15.95,22-05-23-08-37-49-813
89.11,1.81,666.00,15.69,22-05-23-08-37-49-846
88.99,1.76,666.00,16.47,22-05-23-08-37-49-877
88.80,1.73,666.00,16.93,22-05-23-08-37-49-917
88.47,1.75,666.00,17.31,22-05-23-08-37-49-946
88.09,1.82,666.00,17.67,22-05-23-08-37-49-980
87.74,1.88,666.00,17.98,22-05-23-08-37-50-019
87.28,1.96,666.00,18.22,22-05-23-08-37-50-045
86.74,1.99,666.00,18.27,22-05-23-08-37-50-079
86.20,1.99,666.00,18.25,22-05-23-08-37-50-114
85.68,1.97,666.00,18.19,22-05-23-08-37-50-144
85.23,1.95,666.00,18.15,22-05-23-08-37-50-176
84.85,1.93,666.00,18.12,22-05-23-08-37-50-214
84.39,1.86,666.00,17.97,22-05-23-08-37-50-244
83.95,1.74,666.00,17.72,22-05-23-08-37-50-277
83.57,1.62,666.00,17.13,22-05-23-08-37-50-317
83.25,1.50,666.00,16.62,22-05-23-08-37-50-346
82.92,1.36,666.00,17.83,22-05-23-08-37-50-379
82.65,1.24,666.00,19.69,22-05-23-08-37-50-414
82.43,1.14,666.00,21.62,22-05-23-08-37-50-448
82.27,1.07,666.00,27.51,22-05-23-08-37-50-482
82.15,1.02,99.22,30.65,22-05-23-08-37-50-513
82.07,0.99,99.68,38.21,22-05-23-08-37-50-548
82.06,1.01,99.42,41.25,22-05-23-08-37-50-579
82.09,1.06,96.46,43.09,22-05-23-08-37-50-616
82.16,1.12,95.01,44.85,22-05-23-08-37-50-644
82.26,1.22,93.70,46.31,22-05-23-08-37-50-678
82.38,1.31,91.92,49.53,22-05-23-08-37-50-715
82.51,1.40,90.23,53.58,22-05-23-08-37-50-745
82.64,1.50,89.84,67.10,22-05-23-08-37-50-781
82.78,1.59,87.72,72.56,22-05-23-08-37-50-814
82.93,1.68,85.93,75.49,22-05-23-08-37-50-844
83.08,1.77,84.12,78.54,22-05-23-08-37-50-879
83.22,1.86,82.29,81.22,22-05-23-08-37-50-914
83.35,1.96,80.65,83.59,22-05-23-08-37-50-946
83.47,2.06,79.19,85.48,22-05-23-08-37-50-982
83.56,2.14,78.00,87.35,22-05-23-08-37-51-016
83.65,2.22,76.85,89.14,22-05-23-08-37-51-045
83.74,2.33,75.61,91.03,22-05-23-08-37-51-081
83.85,2.48,74.03,95.19,22-05-23-08-37-51-113
83.96,2.64,72.07,100.03,22-05-23-08-37-51-145
84.05,2.80,70.41,102.15,22-05-23-08-37-51-178
84.15,2.95,68.90,103.32,22-05-23-08-37-51-214
84.24,3.10,67.46,104.17,22-05-23-08-37-51-249
84.34,3.23,64.86,101.00,22-05-23-08-37-51-278
84.45,3.35,62.99,99.25,22-05-23-08-37-51-313
84.54,3.46,61.70,99.14,22-05-23-08-37-51-347
84.62,3.55,61.14,97.51,22-05-23-08-37-51-380
84.69,3.63,60.53,96.56,22-05-23-08-37-51-414
84.75,3.70,59.77,96.17,22-05-23-08-37-51-445
84.81,3.77,59.01,95.83,22-05-23-08-37-51-478
84.85,3.83,59.18,93.93,22-05-23-08-37-51-514
84.89,3.89,59.21,90.61,22-05-23-08-37-51-546
84.96,3.97,58.60,88.09,22-05-23-08-37-51-579
85.07,4.07,57.69,85.04,22-05-23-08-37-51-617
85.23,4.19,56.74,80.27,22-05-23-08-37-51-648
85.39,4.31,57.56,74.60,22-05-23-08-37-51-678
85.55,4.42,57.02,72.25,22-05-23-08-37-51-717
85.70,4.53,55.79,67.59,22-05-23-08-37-51-745
85.83,4.61,55.55,59.85,22-05-23-08-37-51-779
85.95,4.69,55.05,55.38,22-05-23-08-37-51-812
86.06,4.73,54.67,52.92,22-05-23-08-37-51-845
86.14,4.74,55.32,50.05,22-05-23-08-37-51-877
86.23,4.73,57.00,46.59,22-05-23-08-37-51-913
86.36,4.66,57.99,44.83,22-05-23-08-37-51-946
86.47,4.58,60.29,40.65,22-05-23-08-37-51-978
86.61,4.45,61.09,38.10,22-05-23-08-37-52-015
86.84,4.29,60.80,36.10,22-05-23-08-37-52-047
87.04,4.14,60.39,34.41,22-05-23-08-37-52-080
87.21,4.02,60.30,32.50,22-05-23-08-37-52-112
87.32,3.93,666.00,29.95,22-05-23-08-37-52-144
87.39,3.90,666.00,22.23,22-05-23-08-37-52-182
87.43,3.88,666.00,16.97,22-05-23-08-37-52-214
87.44,3.88,666.00,14.78,22-05-23-08-37-52-244
87.44,3.88,666.00,13.39,22-05-23-08-37-52-278
87.43,3.89,666.00,13.20,22-05-23-08-37-52-314
87.41,3.91,666.00,15.13,22-05-23-08-37-52-344
87.38,3.92,666.00,16.06,22-05-23-08-37-52-380
87.34,3.95,666.00,16.69,22-05-23-08-37-52-414
87.29,4.01,666.00,17.12,22-05-23-08-37-52-448
87.19,4.07,666.00,17.41,22-05-23-08-37-52-478
87.06,4.14,666.00,17.66,22-05-23-08-37-52-513
86.91,4.21,666.00,17.84,22-05-23-08-37-52-549
86.76,4.28,666.00,17.94,22-05-23-08-37-52-581
86.60,4.32,666.00,17.98,22-05-23-08-37-52-614
86.45,4.35,666.00,18.00,22-05-23-08-37-52-647
86.28,4.36,666.00,18.01,22-05-23-08-37-52-679
86.11,4.37,666.00,17.94,22-05-23-08-37-52-712
84.69,3.89,666.00,17.84,22-05-23-08-37-52-749
83.96,3.66,666.00,18.08,22-05-23-08-37-52-778
83.61,2.83,666.00,21.03,22-05-23-08-37-52-814
83.44,2.50,666.00,23.94,22-05-23-08-37-52-845
83.36,2.32,666.00,29.08,22-05-23-08-37-52-877
82.73,2.19,89.33,34.00,22-05-23-08-37-52-913
83.12,2.31,86.28,36.44,22-05-23-08-37-52-946
83.61,2.46,84.59,41.62,22-05-23-08-37-52-981
83.72,2.43,83.70,42.96,22-05-23-08-37-53-012
83.83,2.43,82.80,44.46,22-05-23-08-37-53-043
84.00,2.51,81.26,46.97,22-05-23-08-37-53-078
84.23,2.54,79.80,49.24,22-05-23-08-37-53-114
85.53,2.49,73.86,58.48,22-05-23-08-37-53-145
85.80,2.42,72.27,63.21,22-05-23-08-37-53-179
86.00,2.35,70.99,66.38,22-05-23-08-37-53-213
86.11,2.24,70.52,69.45,22-05-23-08-37-53-245
86.17,2.14,69.74,72.51,22-05-23-08-37-53-279
86.20,2.04,69.77,77.10,22-05-23-08-37-53-316
86.17,1.95,70.29,80.77,22-05-23-08-37-53-347
86.04,1.84,71.92,84.24,22-05-23-08-37-53-380
85.94,1.76,73.20,86.85,22-05-23-08-37-53-416
85.88,1.72,73.79,89.31,22-05-23-08-37-53-445
85.83,1.70,74.10,91.41,22-05-23-08-37-53-477
85.79,1.70,74.23,93.64,22-05-23-08-37-53-513
85.76,1.73,74.08,95.72,22-05-23-08-37-53-543
85.72,1.77,73.75,97.56,22-05-23-08-37-53-582
85.68,1.88,72.85,99.11,22-05-23-08-37-53-614
85.64,1.99,71.85,100.31,22-05-23-08-37-53-647
85.62,2.12,70.71,101.23,22-05-23-08-37-53-677
85.60,2.25,69.55,101.90,22-05-23-08-37-53-712
85.58,2.37,68.46,102.38,22-05-23-08-37-53-745
85.57,2.50,67.29,102.73,22-05-23-08-37-53-780
85.56,2.65,65.99,102.96,22-05-23-08-37-53-814
85.55,2.80,64.43,102.75,22-05-23-08-37-53-847
85.55,2.93,62.72,101.48,22-05-23-08-37-53-882
85.54,3.05,61.04,98.92,22-05-23-08-37-53-916
85.52,3.15,59.87,95.10,22-05-23-08-37-53-946
85.50,3.23,58.73,90.07,22-05-23-08-37-53-982
85.52,3.34,57.48,85.45,22-05-23-08-37-54-014
85.55,3.45,55.68,78.66,22-05-23-08-37-54-044
85.59,3.54,54.65,74.76,22-05-23-08-37-54-080
85.66,3.65,54.29,70.78,22-05-23-08-37-54-113
85.76,3.75,53.74,67.30,22-05-23-08-37-54-146
85.89,3.84,53.46,63.78,22-05-23-08-37-54-179
86.04,3.89,54.52,56.60,22-05-23-08-37-54-212
86.22,3.87,55.23,51.68,22-05-23-08-37-54-245
86.39,3.85,55.22,47.07,22-05-23-08-37-54-281
86.57,3.84,55.24,43.65,22-05-23-08-37-54-314
86.72,3.85,55.81,40.27,22-05-23-08-37-54-343
86.85,3.86,56.14,37.72,22-05-23-08-37-54-379
86.97,3.89,59.49,34.05,22-05-23-08-37-54-415
87.06,3.94,61.14,31.08,22-05-23-08-37-54-445
87.13,4.00,666.00,28.34,22-05-23-08-37-54-479
87.18,4.07,666.00,27.02,22-05-23-08-37-54-514
87.21,4.14,666.00,23.40,22-05-23-08-37-54-544
87.23,4.21,666.00,21.09,22-05-23-08-37-54-580
87.24,4.29,666.00,17.96,22-05-23-08-37-54-613
87.24,4.39,666.00,17.04,22-05-23-08-37-54-644
87.22,4.47,666.00,15.06,22-05-23-08-37-54-678
87.19,4.56,666.00,18.52,22-05-23-08-37-54-716
87.16,4.64,666.00,20.12,22-05-23-08-37-54-749
87.10,4.73,666.00,21.09,22-05-23-08-37-54-777
87.02,4.82,666.00,21.66,22-05-23-08-37-54-812
86.87,4.92,666.00,21.98,22-05-23-08-37-54-848
86.61,5.06,666.00,22.04,22-05-23-08-37-54-878
86.29,5.20,666.00,21.96,22-05-23-08-37-54-917
85.98,5.32,666.00,21.77,22-05-23-08-37-54-947
85.52,5.39,666.00,21.46,22-05-23-08-37-54-979
85.08,5.45,666.00,21.09,22-05-23-08-37-55-015
84.69,5.50,666.00,20.77,22-05-23-08-37-55-043
84.37,5.54,666.00,20.47,22-05-23-08-37-55-077
84.12,5.60,666.00,20.12,22-05-23-08-37-55-112
83.85,5.61,666.00,19.79,22-05-23-08-37-55-148
83.64,5.61,666.00,18.94,22-05-23-08-37-55-179
83.47,5.63,666.00,17.96,22-05-23-08-37-55-213
83.32,5.64,666.00,20.59,22-05-23-08-37-55-245
83.20,5.64,666.00,26.76,22-05-23-08-37-55-279
83.11,5.65,73.84,30.68,22-05-23-08-37-55-312
83.02,5.64,72.37,33.39,22-05-23-08-37-55-344
82.98,5.64,71.71,35.49,22-05-23-08-37-55-381
82.96,5.62,70.63,36.54,22-05-23-08-37-55-413
82.99,5.58,69.43,43.01,22-05-23-08-37-55-446
83.06,5.55,68.53,47.52,22-05-23-08-37-55-479
83.17,5.47,68.45,51.62,22-05-23-08-37-55-513
83.35,5.29,67.74,55.09,22-05-23-08-37-55-543
83.54,5.15,66.00,64.78,22-05-23-08-37-55-579
83.77,5.04,64.85,68.45,22-05-23-08-37-55-617
84.07,4.90,63.56,70.70,22-05-23-08-37-55-645
84.44,4.72,61.98,72.97,22-05-23-08-37-55-681
85.10,4.47,59.14,74.03,22-05-23-08-37-55-713
85.79,4.27,54.81,75.88,22-05-23-08-37-55-747
86.39,4.14,50.22,78.05,22-05-23-08-37-55-780
86.87,4.09,46.28,85.74,22-05-23-08-37-55-813
87.27,4.08,42.65,88.83,22-05-23-08-37-55-846
87.61,4.08,39.96,92.60,22-05-23-08-37-55-879
87.96,4.17,35.81,95.65,22-05-23-08-37-55-914
88.24,4.27,34.43,101.57,22-05-23-08-37-55-946
88.48,4.36,32.49,103.27,22-05-23-08-37-55-978
88.68,4.42,30.45,104.72,22-05-23-08-37-56-016
88.86,4.42,28.82,105.55,22-05-23-08-37-56-045
89.01,4.40,27.46,105.42,22-05-23-08-37-56-081
89.14,4.37,25.87,107.28,22-05-23-08-37-56-115
89.25,4.33,23.86,105.95,22-05-23-08-37-56-145
89.34,4.28,22.28,104.93,22-05-23-08-37-56-178
89.41,4.23,21.66,104.89,22-05-23-08-37-56-215
89.46,4.19,20.53,103.49,22-05-23-08-37-56-245
89.50,4.15,19.80,100.13,22-05-23-08-37-56-278
89.51,4.12,19.28,98.16,22-05-23-08-37-56-314
89.49,4.11,18.80,95.56,22-05-23-08-37-56-345
89.44,4.15,18.92,93.38,22-05-23-08-37-56-379
89.38,4.20,19.30,90.41,22-05-23-08-37-56-417
89.30,4.25,19.77,86.43,22-05-23-08-37-56-444
89.25,4.28,21.00,80.32,22-05-23-08-37-56-480
89.21,4.29,21.77,72.39,22-05-23-08-37-56-516
89.17,4.29,22.35,68.22,22-05-23-08-37-56-545
89.13,4.29,22.90,65.37,22-05-23-08-37-56-582
89.12,4.27,23.31,62.04,22-05-23-08-37-56-614
89.11,4.23,25.38,53.37,22-05-23-08-37-56-645
89.12,4.16,26.36,49.15,22-05-23-08-37-56-681
89.14,4.08,26.82,46.25,22-05-23-08-37-56-713
89.16,4.01,29.61,42.13,22-05-23-08-37-56-743
89.15,3.96,31.27,39.58,22-05-23-08-37-56-780
89.12,3.91,33.83,35.41,22-05-23-08-37-56-815
89.07,3.85,40.16,31.13,22-05-23-08-37-56-844
89.01,3.75,666.00,29.61,22-05-23-08-37-56-879
88.94,3.64,666.00,28.48,22-05-23-08-37-56-914
88.85,3.53,666.00,27.12,22-05-23-08-37-56-946
88.75,3.44,666.00,24.98,22-05-23-08-37-56-978
88.63,3.35,666.00,19.34,22-05-23-08-37-57-013
88.50,3.27,666.00,15.83,22-05-23-08-37-57-043
88.33,3.22,666.00,16.61,22-05-23-08-37-57-077
88.15,3.15,666.00,17.50,22-05-23-08-37-57-114
87.81,3.06,666.00,17.97,22-05-23-08-37-57-144
87.33,2.99,666.00,18.16,22-05-23-08-37-57-180
86.06,2.83,666.00,17.60,22-05-23-08-37-57-211
84.84,2.69,666.00,17.17,22-05-23-08-37-57-244
83.97,2.60,666.00,16.98,22-05-23-08-37-57-277
83.20,2.49,666.00,16.82,22-05-23-08-37-57-314
82.57,2.36,666.00,16.69,22-05-23-08-37-57-343
82.08,2.31,666.00,16.70,22-05-23-08-37-57-380
81.76,2.27,666.00,16.72,22-05-23-08-37-57-415
81.53,2.25,666.00,16.80,22-05-23-08-37-57-444
81.37,2.24,666.00,16.89,22-05-23-08-37-57-477
81.27,2.24,666.00,17.06,22-05-23-08-37-57-513
80.57,1.52,666.00,19.39,22-05-23-08-37-57-544
80.26,1.17,666.00,24.97,22-05-23-08-37-57-578
80.14,1.02,105.42,30.60,22-05-23-08-37-57-614
80.09,0.93,99.24,36.22,22-05-23-08-37-57-652
79.63,0.89,96.96,40.14,22-05-23-08-37-57-677
80.79,1.01,95.84,40.77,22-05-23-08-37-57-715
80.65,1.31,96.51,42.79,22-05-23-08-37-57-747
80.54,1.54,92.74,46.84,22-05-23-08-37-57-778
80.50,1.73,90.95,49.76,22-05-23-08-37-57-812
80.51,1.85,89.78,52.07,22-05-23-08-37-57-848
80.57,1.93,87.67,55.19,22-05-23-08-37-57-878
80.65,1.99,86.58,58.40,22-05-23-08-37-57-914
80.78,2.06,85.20,66.30,22-05-23-08-37-57-948
80.90,2.13,84.51,68.85,22-05-23-08-37-57-979
81.05,2.20,83.72,70.74,22-05-23-08-37-58-017
81.22,2.29,83.03,72.13,22-05-23-08-37-58-047
81.37,2.38,82.85,79.97,22-05-23-08-37-58-078
81.50,2.52,81.77,83.39,22-05-23-08-37-58-114
81.62,2.65,80.87,85.72,22-05-23-08-37-58-148
81.73,2.78,80.16,88.22,22-05-23-08-37-58-177
81.82,2.87,79.60,90.06,22-05-23-08-37-58-214
81.91,2.95,79.03,91.37,22-05-23-08-37-58-244
81.96,3.01,78.65,92.48,22-05-23-08-37-58-278
82.00,3.07,78.29,93.34,22-05-23-08-37-58-313
82.03,3.13,77.99,94.01,22-05-23-08-37-58-346
82.05,3.19,77.70,94.56,22-05-23-08-37-58-379
82.05,3.24,77.47,94.99,22-05-23-08-37-58-413
82.06,3.27,77.31,95.33,22-05-23-08-37-58-446
82.05,3.29,77.26,95.58,22-05-23-08-37-58-480
82.04,3.29,77.31,95.77,22-05-23-08-37-58-513
82.02,3.28,77.39,95.70,22-05-23-08-37-58-548
82.00,3.26,77.32,94.36,22-05-23-08-37-58-578
82.00,3.23,76.90,91.02,22-05-23-08-37-58-614
82.04,3.21,76.59,85.92,22-05-23-08-37-58-646
82.16,3.20,76.21,80.00,22-05-23-08-37-58-679
82.34,3.18,76.31,72.84,22-05-23-08-37-58-714
82.98,3.27,73.98,68.33,22-05-23-08-37-58-744
83.64,3.40,69.81,58.11,22-05-23-08-37-58-778
84.34,3.50,65.80,51.68,22-05-23-08-37-58-812
84.92,3.56,63.22,47.42,22-05-23-08-37-58-847
85.39,3.59,60.79,44.06,22-05-23-08-37-58-877
89.01,3.83,30.37,35.70,22-05-23-08-37-58-915
89.82,4.02,23.46,32.28,22-05-23-08-37-58-943
90.33,4.12,666.00,29.71,22-05-23-08-37-58-977
90.62,4.13,666.00,24.50,22-05-23-08-37-59-013
90.66,4.12,666.00,21.66,22-05-23-08-37-59-047
90.48,4.13,666.00,20.63,22-05-23-08-37-59-078
89.87,4.10,666.00,19.36,22-05-23-08-37-59-116
88.07,4.56,666.00,20.09,22-05-23-08-37-59-144
86.65,4.78,666.00,18.37,22-05-23-08-37-59-180
85.45,4.78,666.00,19.35,22-05-23-08-37-59-217
84.69,4.89,666.00,19.85,22-05-23-08-37-59-245
84.14,4.94,666.00,20.39,22-05-23-08-37-59-279
83.74,4.95,666.00,20.83,22-05-23-08-37-59-314
83.29,4.82,666.00,20.89,22-05-23-08-37-59-344
82.91,4.66,666.00,20.70,22-05-23-08-37-59-379
82.61,4.53,666.00,20.43,22-05-23-08-37-59-412
82.34,4.36,666.00,20.17,22-05-23-08-37-59-445
82.04,4.12,666.00,20.14,22-05-23-08-37-59-480
81.66,3.91,666.00,19.91,22-05-23-08-37-59-515
81.27,3.73,666.00,19.65,22-05-23-08-37-59-544
80.87,3.56,666.00,19.39,22-05-23-08-37-59-578
80.52,3.42,666.00,17.24,22-05-23-08-37-59-613
80.22,3.31,666.00,18.06,22-05-23-08-37-59-647
79.95,3.20,666.00,18.70,22-05-23-08-37-59-679
79.69,3.08,666.00,19.09,22-05-23-08-37-59-713
79.48,2.96,666.00,17.13,22-05-23-08-37-59-747
78.87,2.37,666.00,19.25,22-05-23-08-37-59-779
78.55,2.00,666.00,21.27,22-05-23-08-37-59-817
77.85,1.29,666.00,23.41,22-05-23-08-37-59-844
77.91,0.96,666.00,28.77,22-05-23-08-37-59-879
78.04,0.73,112.05,31.00,22-05-23-08-37-59-912
78.23,0.59,111.04,32.20,22-05-23-08-37-59-944
78.76,0.46,108.69,34.47,22-05-23-08-37-59-978
78.84,0.39,105.77,37.38,22-05-23-08-38-00-015
80.13,0.59,102.94,43.43,22-05-23-08-38-00-049
80.41,0.78,97.92,47.45,22-05-23-08-38-00-078
80.59,0.98,95.56,50.83,22-05-23-08-38-00-113
80.69,1.18,93.63,53.38,22-05-23-08-38-00-148
80.76,1.36,92.03,55.95,22-05-23-08-38-00-177
80.81,1.54,90.81,59.22,22-05-23-08-38-00-214
80.88,1.68,89.68,68.98,22-05-23-08-38-00-244
80.95,1.80,87.94,72.68,22-05-23-08-38-00-279
81.02,1.91,86.56,78.36,22-05-23-08-38-00-314
81.10,2.01,85.67,81.33,22-05-23-08-38-00-345
81.18,2.12,85.08,84.16,22-05-23-08-38-00-380
81.28,2.22,84.52,86.33,22-05-23-08-38-00-414
81.42,2.34,83.95,88.55,22-05-23-08-38-00-446
81.59,2.47,83.16,90.37,22-05-23-08-38-00-478
81.80,2.63,81.93,92.00,22-05-23-08-38-00-515
82.09,2.87,79.88,93.50,22-05-23-08-38-00-544
82.44,3.16,77.16,94.79,22-05-23-08-38-00-579
82.76,3.47,74.08,96.26,22-05-23-08-38-00-612
83.04,3.73,70.61,99.38,22-05-23-08-38-00-644
83.29,3.98,67.76,100.61,22-05-23-08-38-00-679
83.53,4.18,65.33,101.81,22-05-23-08-38-00-714
83.73,4.35,63.27,102.61,22-05-23-08-38-00-744
83.94,4.53,61.22,103.13,22-05-23-08-38-00-780
84.11,4.68,58.55,101.19,22-05-23-08-38-00-814
84.25,4.80,57.04,101.01,22-05-23-08-38-00-847
84.34,4.88,56.05,100.86,22-05-23-08-38-00-876
84.41,4.95,55.35,100.71,22-05-23-08-38-00-915
84.46,4.99,54.97,100.43,22-05-23-08-38-00-947
84.50,5.03,55.00,99.64,22-05-23-08-38-00-977
84.50,5.06,55.96,97.44,22-05-23-08-38-01-012
84.47,5.04,57.54,93.91,22-05-23-08-38-01-045
84.43,4.97,59.10,90.59,22-05-23-08-38-01-077
84.41,4.90,60.46,86.26,22-05-23-08-38-01-113
84.39,4.83,61.42,81.01,22-05-23-08-38-01-146
84.38,4.77,62.40,77.18,22-05-23-08-38-01-176
84.38,4.71,63.45,73.60,22-05-23-08-38-01-214
84.38,4.67,64.47,70.21,22-05-23-08-38-01-247
84.35,4.56,67.20,61.58,22-05-23-08-38-01-277
84.32,4.40,69.14,52.60,22-05-23-08-38-01-314
84.29,4.21,71.58,48.67,22-05-23-08-38-01-348
84.27,3.98,73.83,45.45,22-05-23-08-38-01-378
84.27,3.69,75.97,43.09,22-05-23-08-38-01-412
84.28,3.43,77.70,41.14,22-05-23-08-38-01-446
84.28,3.20,79.34,39.28,22-05-23-08-38-01-478
84.27,2.98,81.75,36.42,22-05-23-08-38-01-513
84.24,2.81,88.81,31.77,22-05-23-08-38-01-544
84.19,2.67,666.00,25.07,22-05-23-08-38-01-579
83.96,2.53,666.00,22.83,22-05-23-08-38-01-613
83.28,2.26,666.00,17.98,22-05-23-08-38-01-643
82.67,2.05,666.00,16.16,22-05-23-08-38-01-677
82.01,1.77,666.00,15.77,22-05-23-08-38-01-716
81.50,1.63,666.00,15.56,22-05-23-08-38-01-742
80.98,2.03,666.00,16.00,22-05-23-08-38-01-778
80.55,2.39,666.00,16.64,22-05-23-08-38-01-813
79.96,2.70,666.00,17.12,22-05-23-08-38-01-845
79.38,2.95,666.00,17.27,22-05-23-08-38-01-877
78.82,3.10,666.00,17.11,22-05-23-08-38-01-914
78.32,3.17,666.00,16.27,22-05-23-08-38-01-945
77.90,3.20,666.00,16.01,22-05-23-08-38-01-978
77.56,3.21,666.00,15.60,22-05-23-08-38-02-014
77.26,3.22,666.00,15.14,22-05-23-08-38-02-047
77.02,3.24,666.00,16.03,22-05-23-08-38-02-080
76.79,3.26,666.00,14.68,22-05-23-08-38-02-113
76.58,3.29,666.00,14.54,22-05-23-08-38-02-146
76.38,3.33,666.00,14.82,22-05-23-08-38-02-179
76.21,3.37,666.00,15.53,22-05-23-08-38-02-214
76.07,3.42,666.00,18.48,22-05-23-08-38-02-244
75.94,3.47,666.00,21.30,22-05-23-08-38-02-278
76.40,3.70,100.42,30.64,22-05-23-08-38-02-315
76.69,3.85,98.12,35.22,22-05-23-08-38-02-345
76.96,3.96,94.41,38.61,22-05-23-08-38-02-380
76.69,4.13,91.00,41.81,22-05-23-08-38-02-416
76.48,4.32,87.47,45.05,22-05-23-08-38-02-446
76.36,4.49,84.90,49.11,22-05-23-08-38-02-478
76.31,4.65,83.47,51.05,22-05-23-08-38-02-516
76.32,4.76,81.91,55.85,22-05-23-08-38-02-549
76.35,4.84,81.58,60.16,22-05-23-08-38-02-578
76.40,4.90,82.29,70.29,22-05-23-08-38-02-615
81.90,3.81,78.23,77.90,22-05-23-08-38-02-646
82.69,3.72,77.02,80.61,22-05-23-08-38-02-678
83.12,3.68,74.61,78.45,22-05-23-08-38-02-711
83.27,3.62,73.98,79.75,22-05-23-08-38-02-745
83.22,3.59,74.13,82.37,22-05-23-08-38-02-778
83.00,3.56,74.90,84.03,22-05-23-08-38-02-813
82.73,3.52,75.96,85.78,22-05-23-08-38-02-845
82.47,3.50,76.91,87.21,22-05-23-08-38-02-881
82.24,3.50,77.67,88.40,22-05-23-08-38-02-913
82.04,3.48,78.37,89.58,22-05-23-08-38-02-945
81.91,3.46,78.84,90.82,22-05-23-08-38-02-981
81.81,3.43,79.24,92.16,22-05-23-08-38-03-013
81.72,3.41,79.58,93.23,22-05-23-08-38-03-047
81.65,3.39,79.89,94.09,22-05-23-08-38-03-079
81.60,3.37,80.10,95.97,22-05-23-08-38-03-114
81.55,3.35,80.30,97.48,22-05-23-08-38-03-144
81.52,3.33,80.36,98.85,22-05-23-08-38-03-183
81.49,3.32,80.43,99.74,22-05-23-08-38-03-215
81.47,3.30,80.41,100.24,22-05-23-08-38-03-244
81.45,3.28,79.94,99.47,22-05-23-08-38-03-280
81.43,3.26,79.59,98.49,22-05-23-08-38-03-316
81.42,3.24,79.04,96.11,22-05-23-08-38-03-346
81.41,3.22,78.36,93.65,22-05-23-08-38-03-381
81.43,3.21,77.56,89.33,22-05-23-08-38-03-412
81.47,3.20,74.93,80.23,22-05-23-08-38-03-445
81.55,3.19,75.76,76.38,22-05-23-08-38-03-478
81.69,3.23,75.32,73.70,22-05-23-08-38-03-512
81.89,3.32,74.96,71.01,22-05-23-08-38-03-547
82.08,3.41,76.09,63.04,22-05-23-08-38-03-580
82.24,3.47,76.23,58.83,22-05-23-08-38-03-615
82.38,3.52,76.19,55.34,22-05-23-08-38-03-644
82.48,3.52,76.44,50.19,22-05-23-08-38-03-680
82.77,3.56,75.99,43.75,22-05-23-08-38-03-713
83.07,3.57,76.24,38.35,22-05-23-08-38-03-746
83.28,3.54,76.77,33.31,22-05-23-08-38-03-780
83.40,3.48,666.00,28.31,22-05-23-08-38-03-814
83.42,3.41,666.00,25.49,22-05-23-08-38-03-846
83.37,3.36,666.00,23.05,22-05-23-08-38-03-878
83.23,3.35,666.00,20.79,22-05-23-08-38-03-914
83.02,3.35,666.00,17.88,22-05-23-08-38-03-944
82.74,3.36,666.00,15.84,22-05-23-08-38-03-980
82.43,3.36,666.00,14.62,22-05-23-08-38-04-013
82.11,3.37,666.00,14.89,22-05-23-08-38-04-045
81.74,3.36,666.00,15.18,22-05-23-08-38-04-078
81.36,3.34,666.00,12.42,22-05-23-08-38-04-112
80.94,3.34,666.00,12.86,22-05-23-08-38-04-147
80.51,3.34,666.00,12.43,22-05-23-08-38-04-179
80.13,3.33,666.00,12.56,22-05-23-08-38-04-215
79.64,3.34,666.00,13.00,22-05-23-08-38-04-245
79.19,3.32,666.00,13.30,22-05-23-08-38-04-277
78.79,3.29,666.00,13.61,22-05-23-08-38-04-315
78.44,3.28,666.00,13.96,22-05-23-08-38-04-347
78.13,3.27,666.00,14.21,22-05-23-08-38-04-379
77.85,3.26,666.00,14.38,22-05-23-08-38-04-415
77.61,3.25,666.00,14.47,22-05-23-08-38-04-446
77.38,3.22,666.00,14.61,22-05-23-08-38-04-478
77.16,3.17,666.00,16.01,22-05-23-08-38-04-511
76.96,3.12,666.00,17.32,22-05-23-08-38-04-545
76.77,3.07,666.00,17.73,22-05-23-08-38-04-578
76.52,2.34,666.00,21.09,22-05-23-08-38-04-613
76.42,1.96,666.00,24.57,22-05-23-08-38-04-646
76.39,1.73,666.00,28.91,22-05-23-08-38-04-681
75.88,1.42,94.84,31.03,22-05-23-08-38-04-712
76.68,1.14,95.16,37.37,22-05-23-08-38-04-746
76.56,1.23,94.98,40.10,22-05-23-08-38-04-780
76.44,1.33,97.57,48.83,22-05-23-08-38-04-815
76.39,1.43,97.14,52.96,22-05-23-08-38-04-843
76.36,1.51,96.09,59.98,22-05-23-08-38-04-880
76.35,1.60,95.24,63.50,22-05-23-08-38-04-914
76.36,1.67,94.13,65.19,22-05-23-08-38-04-946
76.38,1.75,92.77,66.67,22-05-23-08-38-04-979
76.41,1.84,90.67,74.80,22-05-23-08-38-05-011
76.56,1.96,88.97,81.41,22-05-23-08-38-05-046
77.00,2.18,86.97,83.67,22-05-23-08-38-05-080
77.47,2.41,85.32,85.06,22-05-23-08-38-05-113
77.94,2.63,82.66,85.24,22-05-23-08-38-05-143
78.40,2.85,80.70,85.68,22-05-23-08-38-05-179
78.84,3.08,82.35,95.45,22-05-23-08-38-05-215
79.25,3.30,81.10,98.42,22-05-23-08-38-05-244
79.60,3.50,79.78,100.19,22-05-23-08-38-05-281
79.96,3.70,78.44,101.17,22-05-23-08-38-05-313
80.34,3.89,77.55,103.84,22-05-23-08-38-05-344
80.70,4.05,76.38,105.25,22-05-23-08-38-05-379
81.02,4.19,75.16,106.06,22-05-23-08-38-05-413
81.31,4.31,74.00,106.58,22-05-23-08-38-05-443
81.54,4.43,72.87,106.92,22-05-23-08-38-05-478
81.72,4.54,71.82,107.05,22-05-23-08-38-05-514
81.87,4.63,70.83,106.98,22-05-23-08-38-05-546
82.00,4.71,69.91,106.67,22-05-23-08-38-05-577
82.10,4.77,68.93,105.67,22-05-23-08-38-05-614
82.18,4.82,67.92,104.05,22-05-23-08-38-05-645
82.23,4.86,66.04,97.96,22-05-23-08-38-05-677
82.25,4.90,63.78,85.12,22-05-23-08-38-05-714
82.26,4.94,63.41,82.14,22-05-23-08-38-05-744
82.28,4.96,63.47,80.10,22-05-23-08-38-05-777
82.32,4.96,63.74,77.67,22-05-23-08-38-05-814
82.37,4.96,64.07,75.49,22-05-23-08-38-05-845
82.41,4.93,64.94,72.97,22-05-23-08-38-05-877
82.44,4.89,65.93,69.42,22-05-23-08-38-05-912
82.45,4.86,66.72,61.17,22-05-23-08-38-05-946
82.46,4.83,67.39,56.79,22-05-23-08-38-05-977
82.47,4.76,68.47,52.43,22-05-23-08-38-06-014
82.49,4.68,69.57,49.26,22-05-23-08-38-06-047
82.50,4.60,69.17,43.97,22-05-23-08-38-06-076
82.51,4.51,70.04,41.52,22-05-23-08-38-06-114
82.53,4.43,69.79,37.20,22-05-23-08-38-06-146
82.54,4.35,70.74,35.47,22-05-23-08-38-06-176
82.54,4.26,72.34,32.81,22-05-23-08-38-06-215
82.54,4.17,73.57,31.28,22-05-23-08-38-06-246
82.53,4.08,666.00,28.78,22-05-23-08-38-06-278
82.55,4.03,666.00,26.23,22-05-23-08-38-06-316
82.57,3.98,666.00,25.35,22-05-23-08-38-06-344
82.61,3.97,666.00,22.47,22-05-23-08-38-06-376
82.66,3.97,666.00,20.67,22-05-23-08-38-06-415
82.69,3.96,666.00,19.27,22-05-23-08-38-06-445
82.72,3.96,666.00,18.41,22-05-23-08-38-06-478
82.74,3.96,666.00,17.48,22-05-23-08-38-06-511
82.75,3.96,666.00,17.35,22-05-23-08-38-06-545
82.75,3.95,666.00,17.34,22-05-23-08-38-06-578
82.73,3.94,666.00,17.42,22-05-23-08-38-06-612
82.70,3.93,666.00,17.52,22-05-23-08-38-06-643
82.64,3.93,666.00,17.65,22-05-23-08-38-06-676
82.54,3.93,666.00,17.82,22-05-23-08-38-06-711
82.31,3.90,666.00,16.64,22-05-23-08-38-06-746
82.09,3.88,666.00,16.03,22-05-23-08-38-06-779
81.75,3.80,666.00,16.57,22-05-23-08-38-06-810
81.38,3.70,666.00,15.67,22-05-23-08-38-06-845
81.03,3.59,666.00,17.01,22-05-23-08-38-06-877
80.71,3.46,666.00,17.92,22-05-23-08-38-06-912
80.41,3.35,666.00,18.93,22-05-23-08-38-06-944
80.18,3.25,666.00,19.90,22-05-23-08-38-06-978
79.75,2.54,666.00,22.52,22-05-23-08-38-07-012
79.31,2.12,666.00,24.94,22-05-23-08-38-07-046
78.97,1.80,105.85,30.75,22-05-23-08-38-07-078
78.71,1.58,102.84,33.97,22-05-23-08-38-07-114
78.51,1.42,101.37,36.17,22-05-23-08-38-07-143
78.39,1.32,96.97,39.58,22-05-23-08-38-07-180
78.31,1.27,95.19,41.48,22-05-23-08-38-07-213
78.28,1.30,96.09,45.41,22-05-23-08-38-07-246
78.27,1.35,96.07,48.52,22-05-23-08-38-07-277
78.29,1.45,95.19,58.28,22-05-23-08-38-07-312
78.31,1.57,94.13,60.45,22-05-23-08-38-07-347
78.37,1.67,93.43,70.01,22-05-23-08-38-07-378
78.51,1.79,92.48,73.94,22-05-23-08-38-07-414
78.74,1.94,90.74,76.75,22-05-23-08-38-07-446
79.01,2.09,88.68,78.71,22-05-23-08-38-07-476
79.43,2.28,87.01,85.28,22-05-23-08-38-07-515
79.87,2.49,83.83,85.46,22-05-23-08-38-07-547
80.31,2.72,81.66,87.69,22-05-23-08-38-07-579
80.68,2.94,79.72,88.99,22-05-23-08-38-07-613
81.00,3.12,78.05,89.84,22-05-23-08-38-07-648
81.23,3.25,77.59,93.88,22-05-23-08-38-07-679
81.42,3.35,77.04,95.97,22-05-23-08-38-07-714
81.57,3.43,76.76,97.51,22-05-23-08-38-07-744
81.70,3.49,76.47,98.53,22-05-23-08-38-07-777
81.81,3.53,76.23,99.24,22-05-23-08-38-07-814
81.89,3.56,76.41,98.66,22-05-23-08-38-07-846
81.96,3.59,76.19,98.93,22-05-23-08-38-07-877
82.02,3.62,75.95,99.13,22-05-23-08-38-07-914
82.08,3.64,75.72,99.27,22-05-23-08-38-07-945
82.12,3.66,75.48,99.36,22-05-23-08-38-07-980
82.16,3.67,75.31,99.32,22-05-23-08-38-08-014
82.19,3.67,75.52,93.30,22-05-23-08-38-08-045
82.21,3.67,74.89,90.96,22-05-23-08-38-08-080
82.24,3.68,74.55,89.49,22-05-23-08-38-08-112
82.27,3.69,74.15,87.95,22-05-23-08-38-08-145
82.30,3.70,73.62,85.32,22-05-23-08-38-08-176
82.36,3.70,73.04,81.26,22-05-23-08-38-08-212
82.44,3.71,73.54,76.88,22-05-23-08-38-08-246
82.51,3.72,73.22,72.33,22-05-23-08-38-08-277
82.57,3.73,73.17,68.96,22-05-23-08-38-08-313
82.60,3.74,74.30,62.01,22-05-23-08-38-08-344
82.62,3.75,75.17,57.66,22-05-23-08-38-08-379
82.62,3.76,77.21,54.96,22-05-23-08-38-08-412
82.62,3.77,78.01,49.61,22-05-23-08-38-08-446
82.65,3.75,76.27,42.94,22-05-23-08-38-08-479
82.69,3.72,77.04,40.07,22-05-23-08-38-08-513
82.84,3.65,76.69,36.51,22-05-23-08-38-08-546
83.02,3.60,76.33,34.34,22-05-23-08-38-08-577
83.19,3.58,76.09,32.06,22-05-23-08-38-08-615
83.35,3.58,666.00,29.93,22-05-23-08-38-08-647
83.48,3.58,666.00,28.32,22-05-23-08-38-08-678
83.59,3.60,666.00,24.79,22-05-23-08-38-08-716
83.68,3.62,666.00,22.53,22-05-23-08-38-08-746
83.77,3.66,666.00,20.50,22-05-23-08-38-08-776
83.84,3.73,666.00,17.74,22-05-23-08-38-08-814
83.90,3.84,666.00,15.68,22-05-23-08-38-08-847
83.96,4.00,666.00,14.71,22-05-23-08-38-08-883
84.00,4.20,666.00,14.14,22-05-23-08-38-08-913
84.03,4.48,666.00,13.73,22-05-23-08-38-08-943
84.06,4.74,666.00,13.35,22-05-23-08-38-08-979
84.07,5.00,666.00,13.19,22-05-23-08-38-09-010
84.07,5.29,666.00,13.27,22-05-23-08-38-09-046
84.05,5.58,666.00,13.55,22-05-23-08-38-09-078
84.02,5.84,666.00,13.87,22-05-23-08-38-09-113
83.99,6.09,666.00,14.22,22-05-23-08-38-09-146
83.90,6.32,666.00,14.58,22-05-23-08-38-09-178
83.81,6.55,666.00,14.93,22-05-23-08-38-09-214
83.71,6.75,666.00,15.25,22-05-23-08-38-09-245
83.56,6.91,666.00,15.75,22-05-23-08-38-09-277
83.39,7.05,666.00,16.79,22-05-23-08-38-09-312
83.19,7.12,666.00,17.59,22-05-23-08-38-09-345
82.90,7.12,666.00,18.99,22-05-23-08-38-09-377
82.50,7.11,666.00,21.49,22-05-23-08-38-09-414
82.11,7.12,72.88,30.01,22-05-23-08-38-09-447
81.78,7.13,71.38,38.12,22-05-23-08-38-09-480
81.51,7.16,67.92,41.12,22-05-23-08-38-09-515
81.30,7.20,67.20,46.39,22-05-23-08-38-09-546
81.13,7.24,67.38,52.46,22-05-23-08-38-09-581
81.01,7.28,66.03,56.36,22-05-23-08-38-09-613
80.92,7.32,65.27,58.77,22-05-23-08-38-09-647
80.87,7.35,63.38,68.75,22-05-23-08-38-09-676
80.87,7.39,62.45,74.01,22-05-23-08-38-09-714
80.90,7.41,61.13,77.60,22-05-23-08-38-09-748
81.00,7.43,59.64,82.54,22-05-23-08-38-09-778
81.18,7.42,58.35,85.38,22-05-23-08-38-09-813
81.43,7.41,56.95,87.74,22-05-23-08-38-09-845
81.76,7.36,55.35,89.38,22-05-23-08-38-09-878
82.17,7.30,53.71,96.74,22-05-23-08-38-09-914
83.10,7.31,49.06,98.29,22-05-23-08-38-09-945
83.94,7.38,44.41,98.94,22-05-23-08-38-09-978
85.30,7.85,36.05,98.77,22-05-23-08-38-10-013
86.14,8.15,30.49,99.06,22-05-23-08-38-10-048
86.72,8.35,26.93,100.03,22-05-23-08-38-10-080
87.07,8.46,24.86,100.89,22-05-23-08-38-10-115
87.33,8.53,23.31,101.42,22-05-23-08-38-10-144
87.50,8.56,22.31,101.89,22-05-23-08-38-10-177
87.62,8.58,21.63,102.28,22-05-23-08-38-10-215
87.71,8.57,21.22,102.59,22-05-23-08-38-10-247
87.76,8.56,21.00,102.81,22-05-23-08-38-10-278
87.77,8.54,21.00,102.98,22-05-23-08-38-10-314
87.75,8.51,21.25,103.10,22-05-23-08-38-10-344
87.69,8.48,21.74,103.15,22-05-23-08-38-10-377
87.63,8.44,22.36,103.07,22-05-23-08-38-10-416
87.55,8.40,23.88,101.66,22-05-23-08-38-10-445
87.42,8.34,25.40,99.34,22-05-23-08-38-10-477
87.25,8.22,27.12,96.86,22-05-23-08-38-10-515
87.08,8.09,28.37,90.78,22-05-23-08-38-10-549
86.88,7.95,30.15,86.41,22-05-23-08-38-10-579
86.73,7.84,30.95,82.27,22-05-23-08-38-10-618
86.64,7.71,31.09,76.69,22-05-23-08-38-10-643
86.62,7.56,31.55,73.30,22-05-23-08-38-10-677
86.61,7.39,31.98,70.96,22-05-23-08-38-10-712
86.65,7.21,32.37,68.58,22-05-23-08-38-10-746
86.71,7.03,32.65,66.41,22-05-23-08-38-10-777
86.76,6.85,33.25,63.89,22-05-23-08-38-10-814
86.80,6.69,34.20,55.40,22-05-23-08-38-10-847
86.80,6.55,36.11,50.96,22-05-23-08-38-10-877
86.78,6.44,37.76,47.48,22-05-23-08-38-10-916
86.77,6.33,38.80,44.63,22-05-23-08-38-10-947
86.78,6.22,40.39,41.46,22-05-23-08-38-10-978
86.78,6.12,43.86,37.11,22-05-23-08-38-11-014
86.76,6.03,46.07,33.95,22-05-23-08-38-11-045
86.75,5.95,666.00,29.90,22-05-23-08-38-11-078
86.72,5.88,666.00,27.02,22-05-23-08-38-11-112
86.68,5.83,666.00,21.25,22-05-23-08-38-11-144
86.63,5.77,666.00,18.67,22-05-23-08-38-11-178
86.60,5.68,666.00,16.82,22-05-23-08-38-11-212
86.57,5.60,666.00,15.24,22-05-23-08-38-11-243
86.53,5.39,666.00,14.19,22-05-23-08-38-11-280
86.47,5.21,666.00,13.25,22-05-23-08-38-11-312
86.41,5.05,666.00,12.98,22-05-23-08-38-11-347
86.30,4.85,666.00,12.98,22-05-23-08-38-11-377
86.13,4.69,666.00,13.15,22-05-23-08-38-11-411
85.89,4.58,666.00,13.41,22-05-23-08-38-11-444
85.58,4.48,666.00,13.60,22-05-23-08-38-11-481
85.27,4.41,666.00,13.72,22-05-23-08-38-11-512
84.95,4.38,666.00,13.81,22-05-23-08-38-11-544
84.62,4.36,666.00,13.79,22-05-23-08-38-11-579
84.33,4.36,666.00,13.79,22-05-23-08-38-11-614
84.05,4.37,666.00,13.77,22-05-23-08-38-11-643
83.78,4.41,666.00,13.82,22-05-23-08-38-11-678
83.55,4.46,666.00,13.94,22-05-23-08-38-11-712
83.32,4.48,666.00,14.05,22-05-23-08-38-11-745
83.12,4.52,666.00,14.16,22-05-23-08-38-11-776
82.95,4.57,666.00,14.31,22-05-23-08-38-11-814
82.80,4.62,666.00,14.53,22-05-23-08-38-11-846
82.62,4.65,666.00,15.12,22-05-23-08-38-11-882
82.44,4.66,666.00,15.87,22-05-23-08-38-11-913
82.18,4.63,666.00,17.33,22-05-23-08-38-11-945
81.86,4.57,666.00,20.03,22-05-23-08-38-11-977
81.52,4.52,666.00,22.98,22-05-23-08-38-12-012
81.24,4.47,666.00,25.62,22-05-23-08-38-12-045
81.00,4.40,666.00,29.18,22-05-23-08-38-12-081
80.82,4.33,73.82,36.46,22-05-23-08-38-12-114
80.70,4.23,77.04,48.27,22-05-23-08-38-12-145
80.61,4.13,78.47,53.86,22-05-23-08-38-12-177
80.55,4.03,79.22,57.41,22-05-23-08-38-12-214
80.52,3.95,78.19,66.07,22-05-23-08-38-12-246
80.50,3.85,78.38,70.18,22-05-23-08-38-12-279
80.50,3.75,78.63,73.49,22-05-23-08-38-12-316
80.54,3.65,78.98,77.36,22-05-23-08-38-12-344
80.56,3.55,79.35,80.45,22-05-23-08-38-12-377
80.56,3.46,79.78,86.08,22-05-23-08-38-12-415
80.56,3.38,80.25,89.15,22-05-23-08-38-12-445
80.57,3.29,80.80,91.49,22-05-23-08-38-12-477
80.57,3.21,81.77,93.03,22-05-23-08-38-12-516
80.57,3.13,82.06,96.13,22-05-23-08-38-12-545
80.58,3.06,82.29,98.10,22-05-23-08-38-12-579
80.61,2.99,82.58,99.52,22-05-23-08-38-12-613
80.63,2.92,82.90,100.62,22-05-23-08-38-12-646
80.65,2.86,83.18,101.54,22-05-23-08-38-12-677
80.67,2.81,83.42,102.21,22-05-23-08-38-12-712
80.67,2.78,83.57,102.71,22-05-23-08-38-12-743
80.67,2.75,83.19,103.85,22-05-23-08-38-12-777
80.68,2.74,82.32,102.70,22-05-23-08-38-12-813
80.70,2.74,81.64,101.71,22-05-23-08-38-12-847
80.70,2.76,80.50,94.16,22-05-23-08-38-12-878
80.69,2.78,80.00,92.44,22-05-23-08-38-12-912
80.69,2.81,79.64,91.35,22-05-23-08-38-12-944
80.70,2.86,79.31,90.38,22-05-23-08-38-12-978
80.75,2.92,78.65,88.59,22-05-23-08-38-13-012
80.89,2.99,77.27,84.48,22-05-23-08-38-13-044
81.03,3.04,76.35,80.85,22-05-23-08-38-13-078
81.22,3.06,75.82,77.50,22-05-23-08-38-13-115
81.49,3.08,75.16,73.78,22-05-23-08-38-13-145
81.81,3.10,74.69,70.19,22-05-23-08-38-13-179
82.29,3.20,73.61,66.43,22-05-23-08-38-13-213
83.55,3.44,69.36,61.30,22-05-23-08-38-13-244
84.59,3.68,64.18,56.33,22-05-23-08-38-13-281
85.39,3.88,58.68,47.07,22-05-23-08-38-13-314
86.24,4.11,52.65,41.49,22-05-23-08-38-13-348
86.84,4.26,50.09,37.98,22-05-23-08-38-13-381
87.23,4.33,48.01,36.40,22-05-23-08-38-13-415
87.50,4.34,50.19,30.72,22-05-23-08-38-13-446
87.64,4.29,666.00,28.32,22-05-23-08-38-13-478
87.70,4.31,666.00,26.87,22-05-23-08-38-13-513
87.65,4.35,666.00,20.46,22-05-23-08-38-13-549
87.55,4.42,666.00,17.29,22-05-23-08-38-13-578
87.42,4.46,666.00,15.86,22-05-23-08-38-13-615
87.15,4.48,666.00,15.26,22-05-23-08-38-13-645
86.82,4.47,666.00,14.96,22-05-23-08-38-13-678
86.45,4.48,666.00,15.26,22-05-23-08-38-13-713
86.05,4.48,666.00,15.89,22-05-23-08-38-13-748
85.66,4.51,666.00,16.46,22-05-23-08-38-13-781
85.28,4.54,666.00,16.91,22-05-23-08-38-13-813
84.92,4.60,666.00,17.12,22-05-23-08-38-13-843
84.56,4.69,666.00,16.04,22-05-23-08-38-13-881
84.20,4.78,666.00,16.51,22-05-23-08-38-13-916
83.84,4.90,666.00,16.94,22-05-23-08-38-13-947
83.50,5.01,666.00,17.27,22-05-23-08-38-13-980
83.22,5.13,666.00,17.38,22-05-23-08-38-14-013
82.98,5.26,666.00,17.43,22-05-23-08-38-14-044
82.78,5.38,666.00,17.13,22-05-23-08-38-14-081
82.63,5.50,666.00,16.79,22-05-23-08-38-14-113
82.49,5.61,666.00,16.57,22-05-23-08-38-14-144
82.37,5.71,666.00,16.23,22-05-23-08-38-14-178
82.17,5.78,666.00,16.24,22-05-23-08-38-14-214
81.82,5.74,666.00,16.54,22-05-23-08-38-14-244
81.43,5.63,666.00,18.65,22-05-23-08-38-14-279
81.06,5.49,666.00,21.24,22-05-23-08-38-14-312
80.76,5.38,666.00,24.50,22-05-23-08-38-14-344
80.52,5.30,91.10,32.45,22-05-23-08-38-14-378
80.31,5.24,86.59,35.51,22-05-23-08-38-14-413
80.16,5.21,83.96,43.40,22-05-23-08-38-14-444
80.02,5.18,82.88,46.89,22-05-23-08-38-14-481
79.91,5.17,81.00,50.67,22-05-23-08-38-14-513
79.83,5.17,80.03,55.30,22-05-23-08-38-14-546
79.79,5.20,79.47,58.73,22-05-23-08-38-14-581
79.76,5.23,78.90,61.59,22-05-23-08-38-14-616
79.76,5.31,75.93,70.77,22-05-23-08-38-14-645
79.81,5.42,74.19,78.31,22-05-23-08-38-14-682
79.91,5.53,73.12,81.50,22-05-23-08-38-14-712
80.07,5.62,71.81,82.99,22-05-23-08-38-14-743
80.27,5.72,70.82,84.76,22-05-23-08-38-14-782
80.51,5.82,70.48,87.19,22-05-23-08-38-14-813
80.76,5.92,70.67,91.65,22-05-23-08-38-14-846
81.02,6.00,70.16,93.65,22-05-23-08-38-14-880
81.27,6.09,69.60,95.76,22-05-23-08-38-14-916
81.53,6.18,68.67,97.01,22-05-23-08-38-14-943
81.90,6.18,67.57,97.86,22-05-23-08-38-14-979
82.29,6.19,66.20,98.47,22-05-23-08-38-15-015
82.72,6.16,64.79,99.27,22-05-23-08-38-15-048
83.16,6.12,63.14,99.81,22-05-23-08-38-15-079
83.54,6.15,61.32,100.62,22-05-23-08-38-15-114
83.85,6.24,59.52,101.26,22-05-23-08-38-15-144
84.11,6.34,57.78,101.69,22-05-23-08-38-15-177
84.32,6.44,56.23,101.99,22-05-23-08-38-15-212
84.49,6.57,54.79,102.20,22-05-23-08-38-15-248
84.62,6.70,53.50,102.34,22-05-23-08-38-15-280
84.75,6.82,52.25,102.34,22-05-23-08-38-15-314
84.85,6.96,50.93,101.99,22-05-23-08-38-15-345
84.92,7.11,49.68,101.25,22-05-23-08-38-15-379
84.97,7.26,48.56,99.62,22-05-23-08-38-15-415
85.07,7.39,47.02,95.60,22-05-23-08-38-15-448
85.12,7.54,45.81,90.87,22-05-23-08-38-15-477
85.19,7.66,44.79,85.48,22-05-23-08-38-15-516
85.28,7.78,43.57,80.40,22-05-23-08-38-15-546
85.42,7.91,41.56,74.48,22-05-23-08-38-15-577
85.55,8.01,40.41,70.61,22-05-23-08-38-15-615
85.68,8.10,39.43,66.72,22-05-23-08-38-15-645
85.79,8.18,38.89,63.33,22-05-23-08-38-15-680
85.88,8.23,39.11,56.75,22-05-23-08-38-15-715
85.97,8.27,39.05,51.73,22-05-23-08-38-15-746
86.02,8.29,39.22,46.90,22-05-23-08-38-15-777
86.12,8.34,39.71,42.56,22-05-23-08-38-15-811
86.20,8.38,39.75,39.36,22-05-23-08-38-15-845
86.27,8.41,39.92,37.54,22-05-23-08-38-15-877
86.32,8.44,666.00,29.75,22-05-23-08-38-15-911
86.34,8.46,666.00,24.23,22-05-23-08-38-15-947
86.36,8.48,666.00,20.88,22-05-23-08-38-15-977
86.35,8.51,666.00,18.15,22-05-23-08-38-16-014
86.29,8.49,666.00,15.77,22-05-23-08-38-16-046
86.18,8.44,666.00,13.46,22-05-23-08-38-16-079
85.93,8.40,666.00,11.47,22-05-23-08-38-16-112
85.42,8.40,666.00,11.64,22-05-23-08-38-16-147
84.72,8.48,666.00,12.72,22-05-23-08-38-16-178
83.68,8.54,666.00,13.56,22-05-23-08-38-16-212
82.52,8.54,666.00,13.86,22-05-23-08-38-16-243
81.56,8.49,666.00,14.08,22-05-23-08-38-16-278
80.76,8.44,666.00,14.27,22-05-23-08-38-16-312
80.19,8.39,666.00,14.46,22-05-23-08-38-16-344
79.75,8.32,666.00,14.61,22-05-23-08-38-16-376
79.42,8.23,666.00,14.71,22-05-23-08-38-16-412
79.15,8.13,666.00,14.78,22-05-23-08-38-16-445
78.94,8.02,666.00,14.83,22-05-23-08-38-16-477
78.80,7.92,666.00,14.81,22-05-23-08-38-16-515
78.69,7.77,666.00,14.74,22-05-23-08-38-16-547
78.62,7.63,666.00,14.67,22-05-23-08-38-16-579
78.56,7.49,666.00,14.69,22-05-23-08-38-16-614
78.53,7.35,666.00,15.05,22-05-23-08-38-16-643
78.51,7.20,666.00,16.59,22-05-23-08-38-16-680
78.49,7.07,666.00,20.27,22-05-23-08-38-16-714
78.46,6.96,666.00,23.86,22-05-23-08-38-16-742
78.46,6.86,666.00,26.73,22-05-23-08-38-16-780
78.44,6.77,76.87,31.15,22-05-23-08-38-16-814
78.47,6.65,73.42,36.44,22-05-23-08-38-16-844
78.53,6.53,70.41,39.49,22-05-23-08-38-16-880
78.59,6.41,69.13,41.35,22-05-23-08-38-16-913
78.66,6.29,69.79,50.21,22-05-23-08-38-16-946
78.73,6.17,68.80,53.14,22-05-23-08-38-16-976
78.80,6.05,69.47,57.38,22-05-23-08-38-17-015
78.87,5.93,70.90,66.15,22-05-23-08-38-17-048
79.07,5.78,71.13,69.50,22-05-23-08-38-17-077
79.27,5.61,70.91,71.94,22-05-23-08-38-17-115
79.64,5.42,70.00,74.35,22-05-23-08-38-17-145
79.96,5.25,68.54,76.95,22-05-23-08-38-17-177
80.22,5.08,67.51,80.81,22-05-23-08-38-17-216
80.42,4.93,66.94,84.02,22-05-23-08-38-17-247
80.59,4.79,66.96,86.93,22-05-23-08-38-17-280
80.70,4.66,67.18,89.26,22-05-23-08-38-17-315
80.77,4.54,67.83,91.79,22-05-23-08-38-17-345
80.86,4.45,68.27,93.84,22-05-23-08-38-17-377
80.92,4.40,68.62,95.76,22-05-23-08-38-17-413
80.96,4.36,68.87,97.34,22-05-23-08-38-17-447
80.99,4.35,68.98,98.41,22-05-23-08-38-17-481
81.00,4.38,68.93,99.22,22-05-23-08-38-17-512
80.99,4.43,68.77,99.80,22-05-23-08-38-17-546
80.98,4.49,68.57,100.23,22-05-23-08-38-17-579
80.95,4.57,68.35,100.56,22-05-23-08-38-17-613
80.93,4.67,67.97,100.80,22-05-23-08-38-17-649
80.89,4.79,67.58,100.95,22-05-23-08-38-17-677
80.86,4.87,67.27,100.94,22-05-23-08-38-17-713
80.79,4.99,66.94,100.62,22-05-23-08-38-17-745
80.73,5.09,66.66,99.48,22-05-23-08-38-17-778
80.67,5.18,66.24,96.12,22-05-23-08-38-17-812
80.61,5.28,65.54,91.05,22-05-23-08-38-17-846
80.56,5.35,64.39,83.59,22-05-23-08-38-17-880
80.52,5.40,64.27,78.99,22-05-23-08-38-17-915
80.48,5.44,64.29,75.25,22-05-23-08-38-17-948
80.43,5.46,65.07,71.26,22-05-23-08-38-17-978
80.36,5.46,66.25,67.82,22-05-23-08-38-18-013
80.24,5.41,67.87,63.71,22-05-23-08-38-18-048
80.09,5.33,69.60,60.07,22-05-23-08-38-18-077
79.95,5.23,71.85,55.62,22-05-23-08-38-18-112
79.83,5.14,73.78,50.72,22-05-23-08-38-18-146
79.71,5.05,76.30,46.81,22-05-23-08-38-18-177
79.60,4.95,78.33,40.28,22-05-23-08-38-18-214
79.49,4.85,79.53,32.42,22-05-23-08-38-18-245
79.40,4.77,83.48,30.40,22-05-23-08-38-18-280
79.32,4.74,666.00,26.68,22-05-23-08-38-18-316
79.26,4.69,666.00,24.53,22-05-23-08-38-18-346
79.21,4.64,666.00,22.65,22-05-23-08-38-18-380
79.17,4.60,666.00,19.60,22-05-23-08-38-18-416
79.15,4.56,666.00,17.84,22-05-23-08-38-18-444
79.14,4.54,666.00,16.90,22-05-23-08-38-18-481
79.14,4.52,666.00,15.92,22-05-23-08-38-18-516
79.15,4.51,666.00,15.22,22-05-23-08-38-18-546
79.09,4.52,666.00,14.94,22-05-23-08-38-18-579
78.96,4.56,666.00,14.34,22-05-23-08-38-18-612
78.69,4.64,666.00,14.41,22-05-23-08-38-18-644
78.36,4.73,666.00,12.86,22-05-23-08-38-18-681
78.00,4.81,666.00,12.58,22-05-23-08-38-18-715
77.61,4.90,666.00,12.45,22-05-23-08-38-18-746
77.23,4.97,666.00,12.25,22-05-23-08-38-18-777
76.90,5.01,666.00,11.95,22-05-23-08-38-18-820
76.63,5.04,666.00,11.62,22-05-23-08-38-18-844
76.39,5.05,666.00,11.33,22-05-23-08-38-18-878
76.18,5.04,666.00,11.50,22-05-23-08-38-18-917
76.00,5.02,666.00,11.85,22-05-23-08-38-18-945
75.83,4.99,666.00,12.22,22-05-23-08-38-18-982
75.66,4.92,666.00,16.98,22-05-23-08-38-19-016
75.50,4.83,666.00,19.50,22-05-23-08-38-19-044
75.33,4.68,666.00,20.75,22-05-23-08-38-19-080
75.17,4.49,666.00,22.24,22-05-23-08-38-19-113
75.01,4.23,666.00,24.04,22-05-23-08-38-19-144
74.86,3.93,666.00,27.39,22-05-23-08-38-19-179
74.74,3.63,666.00,29.72,22-05-23-08-38-19-216
74.66,3.38,103.04,35.89,22-05-23-08-38-19-245
74.62,3.11,101.22,39.20,22-05-23-08-38-19-279
74.60,2.89,100.30,41.15,22-05-23-08-38-19-312
74.64,2.73,98.72,46.11,22-05-23-08-38-19-347
74.74,2.55,98.03,52.59,22-05-23-08-38-19-378
74.86,2.38,98.34,56.18,22-05-23-08-38-19-415
75.04,2.21,97.96,58.81,22-05-23-08-38-19-448
75.33,2.01,97.62,60.76,22-05-23-08-38-19-477
75.77,1.88,96.64,63.23,22-05-23-08-38-19-516
76.28,1.78,95.58,65.60,22-05-23-08-38-19-543
76.84,1.71,93.70,73.65,22-05-23-08-38-19-578
77.50,1.62,93.04,77.16,22-05-23-08-38-19-615
78.11,1.59,92.41,79.26,22-05-23-08-38-19-648
78.76,1.56,93.35,87.14,22-05-23-08-38-19-678
79.27,1.59,92.51,90.62,22-05-23-08-38-19-717
79.68,1.66,91.56,92.56,22-05-23-08-38-19-748
80.01,1.74,90.70,94.27,22-05-23-08-38-19-778
80.33,1.75,90.10,95.43,22-05-23-08-38-19-814
80.61,1.82,89.19,96.34,22-05-23-08-38-19-848
80.84,1.90,88.31,97.26,22-05-23-08-38-19-878
81.04,2.03,87.21,97.99,22-05-23-08-38-19-913
81.21,2.17,86.11,98.54,22-05-23-08-38-19-948
81.36,2.33,84.87,98.96,22-05-23-08-38-19-976
81.53,2.50,83.56,99.25,22-05-23-08-38-20-015
81.74,2.72,81.89,99.42,22-05-23-08-38-20-046
81.94,2.96,80.08,99.51,22-05-23-08-38-20-079
82.12,3.18,78.41,99.57,22-05-23-08-38-20-115
82.27,3.43,76.59,99.62,22-05-23-08-38-20-145
82.40,3.66,74.90,99.64,22-05-23-08-38-20-177
82.52,3.88,73.30,99.61,22-05-23-08-38-20-216
82.62,4.08,71.87,99.52,22-05-23-08-38-20-249
82.69,4.31,70.26,99.18,22-05-23-08-38-20-279
82.75,4.54,68.51,98.01,22-05-23-08-38-20-313
82.82,4.78,65.98,94.23,22-05-23-08-38-20-343
82.92,5.01,62.90,89.01,22-05-23-08-38-20-380
83.12,5.26,58.89,79.74,22-05-23-08-38-20-412
83.35,5.54,56.19,74.00,22-05-23-08-38-20-445
83.81,5.88,52.70,70.57,22-05-23-08-38-20-480
84.28,6.24,49.26,67.77,22-05-23-08-38-20-511
84.69,6.56,46.81,64.91,22-05-23-08-38-20-544
85.02,6.83,45.22,62.08,22-05-23-08-38-20-578
85.31,7.08,43.80,54.45,22-05-23-08-38-20-614
85.55,7.28,42.65,50.16,22-05-23-08-38-20-645
85.74,7.46,42.57,46.00,22-05-23-08-38-20-677
85.89,7.61,42.35,41.29,22-05-23-08-38-20-712
86.01,7.72,42.94,38.92,22-05-23-08-38-20-746
86.10,7.83,43.87,37.85,22-05-23-08-38-20-779
86.17,7.91,44.41,36.89,22-05-23-08-38-20-813
86.20,8.00,46.17,32.10,22-05-23-08-38-20-844
86.20,8.07,666.00,29.95,22-05-23-08-38-20-876
86.09,8.10,666.00,24.82,22-05-23-08-38-20-912
85.98,8.12,666.00,22.58,22-05-23-08-38-20-945
85.85,8.14,666.00,20.64,22-05-23-08-38-20-978
85.74,8.15,666.00,17.78,22-05-23-08-38-21-015
85.63,8.15,666.00,16.88,22-05-23-08-38-21-046
85.52,8.14,666.00,16.29,22-05-23-08-38-21-077
85.42,8.13,666.00,15.90,22-05-23-08-38-21-116
85.31,8.11,666.00,15.73,22-05-23-08-38-21-142
85.20,8.11,666.00,15.65,22-05-23-08-38-21-177
85.08,8.10,666.00,15.74,22-05-23-08-38-21-214
84.85,8.14,666.00,16.11,22-05-23-08-38-21-248
84.55,8.19,666.00,16.51,22-05-23-08-38-21-280
84.26,8.24,666.00,16.78,22-05-23-08-38-21-314
83.96,8.27,666.00,16.95,22-05-23-08-38-21-344
83.63,8.28,666.00,17.05,22-05-23-08-38-21-381
83.33,8.27,666.00,17.11,22-05-23-08-38-21-415
83.07,8.26,666.00,17.13,22-05-23-08-38-21-444
82.79,8.20,666.00,17.00,22-05-23-08-38-21-479
82.56,8.15,666.00,16.88,22-05-23-08-38-21-513
82.38,8.10,666.00,16.78,22-05-23-08-38-21-546
82.23,8.06,666.00,16.69,22-05-23-08-38-21-579
82.12,8.03,666.00,16.60,22-05-23-08-38-21-613
82.03,8.01,666.00,16.53,22-05-23-08-38-21-648
81.96,7.99,666.00,16.47,22-05-23-08-38-21-682
81.81,7.95,666.00,16.36,22-05-23-08-38-21-715
81.61,7.87,666.00,16.76,22-05-23-08-38-21-746
81.40,7.79,666.00,17.29,22-05-23-08-38-21-779
81.20,7.70,666.00,19.80,22-05-23-08-38-21-812
80.97,7.60,666.00,22.67,22-05-23-08-38-21-847
80.77,7.49,666.00,25.07,22-05-23-08-38-21-880
80.58,7.35,79.70,30.17,22-05-23-08-38-21-913
80.41,7.21,74.26,37.32,22-05-23-08-38-21-943
80.22,7.03,73.15,44.23,22-05-23-08-38-21-976
80.05,6.79,72.87,45.38,22-05-23-08-38-22-015
79.90,6.51,73.60,47.83,22-05-23-08-38-22-049
79.82,6.23,74.75,52.84,22-05-23-08-38-22-077
79.74,5.98,75.70,55.53,22-05-23-08-38-22-112
79.66,5.70,76.68,58.10,22-05-23-08-38-22-145
79.59,5.44,76.67,66.40,22-05-23-08-38-22-180
79.54,5.19,77.16,69.89,22-05-23-08-38-22-212
79.52,4.95,77.51,72.77,22-05-23-08-38-22-245
79.53,4.71,77.68,75.28,22-05-23-08-38-22-277
79.56,4.53,77.02,82.54,22-05-23-08-38-22-311
79.60,4.39,77.27,85.85,22-05-23-08-38-22-343
79.64,4.29,77.57,88.09,22-05-23-08-38-22-377
79.67,4.21,77.79,89.87,22-05-23-08-38-22-412
79.70,4.14,77.99,91.22,22-05-23-08-38-22-445
79.71,4.10,78.10,92.43,22-05-23-08-38-22-477
79.72,4.05,78.20,93.43,22-05-23-08-38-22-515
79.71,4.01,78.32,94.32,22-05-23-08-38-22-546
79.70,3.99,77.78,94.57,22-05-23-08-38-22-579
79.68,3.97,77.44,94.66,22-05-23-08-38-22-613
79.65,3.97,77.23,94.69,22-05-23-08-38-22-645
79.62,3.97,77.13,94.69,22-05-23-08-38-22-681
79.59,3.98,76.89,95.71,22-05-23-08-38-22-715
79.55,4.01,76.66,96.53,22-05-23-08-38-22-745
79.50,4.02,76.61,97.11,22-05-23-08-38-22-780
79.46,4.03,76.64,97.44,22-05-23-08-38-22-812
79.43,4.02,76.73,97.30,22-05-23-08-38-22-843
79.41,4.01,76.84,96.29,22-05-23-08-38-22-879
79.39,3.98,76.74,93.77,22-05-23-08-38-22-915
79.48,4.02,75.57,87.76,22-05-23-08-38-22-945
79.66,4.07,75.04,81.83,22-05-23-08-38-22-979
79.77,4.05,75.11,78.78,22-05-23-08-38-23-014
79.90,3.99,75.53,76.24,22-05-23-08-38-23-046
80.04,3.93,75.87,74.16,22-05-23-08-38-23-078
80.15,3.87,76.32,72.14,22-05-23-08-38-23-113
80.23,3.81,76.98,70.00,22-05-23-08-38-23-143
80.28,3.74,77.95,67.65,22-05-23-08-38-23-176
80.31,3.68,78.80,64.58,22-05-23-08-38-23-213
80.33,3.63,80.60,57.24,22-05-23-08-38-23-247
80.35,3.57,81.54,52.84,22-05-23-08-38-23-280
80.38,3.50,83.30,49.12,22-05-23-08-38-23-315
80.45,3.41,84.15,47.10,22-05-23-08-38-23-345
80.52,3.32,84.73,44.69,22-05-23-08-38-23-375
80.60,3.21,84.91,38.63,22-05-23-08-38-23-412
80.66,3.14,85.66,35.45,22-05-23-08-38-23-445
80.81,3.17,666.00,29.93,22-05-23-08-38-23-480
80.94,3.22,666.00,25.72,22-05-23-08-38-23-513
81.04,3.32,666.00,23.26,22-05-23-08-38-23-546
81.13,3.44,666.00,21.19,22-05-23-08-38-23-577
81.23,3.67,666.00,19.24,22-05-23-08-38-23-613
81.33,3.91,666.00,17.16,22-05-23-08-38-23-650
81.47,4.31,666.00,16.12,22-05-23-08-38-23-678
81.57,4.67,666.00,15.56,22-05-23-08-38-23-713
81.66,5.00,666.00,15.16,22-05-23-08-38-23-746
81.73,5.31,666.00,14.98,22-05-23-08-38-23-778
81.79,5.59,666.00,14.90,22-05-23-08-38-23-811
81.83,5.91,666.00,15.01,22-05-23-08-38-23-847
81.86,6.19,666.00,15.05,22-05-23-08-38-23-878
81.87,6.45,666.00,15.10,22-05-23-08-38-23-913
81.87,6.69,666.00,13.09,22-05-23-08-38-23-946
81.86,6.91,666.00,14.17,22-05-23-08-38-23-977
81.82,7.09,666.00,15.05,22-05-23-08-38-24-012
81.77,7.27,666.00,15.74,22-05-23-08-38-24-046
81.71,7.41,666.00,16.16,22-05-23-08-38-24-076
81.65,7.53,666.00,16.50,22-05-23-08-38-24-111
81.57,7.62,666.00,16.91,22-05-23-08-38-24-146
81.50,7.69,666.00,17.29,22-05-23-08-38-24-178
81.42,7.71,666.00,17.75,22-05-23-08-38-24-212
81.25,7.63,666.00,18.70,22-05-23-08-38-24-246
80.95,7.41,666.00,20.04,22-05-23-08-38-24-281
80.64,7.12,666.00,21.23,22-05-23-08-38-24-314
80.34,6.83,666.00,22.49,22-05-23-08-38-24-343
80.09,6.56,666.00,25.38,22-05-23-08-38-24-377
79.90,6.33,84.77,34.70,22-05-23-08-38-24-416
79.79,6.13,82.33,38.68,22-05-23-08-38-24-443
79.73,5.98,81.42,40.67,22-05-23-08-38-24-478
79.72,5.84,80.92,42.72,22-05-23-08-38-24-513
79.74,5.72,80.33,44.67,22-05-23-08-38-24-546
79.78,5.62,79.82,46.42,22-05-23-08-38-24-581
79.84,5.52,78.61,51.20,22-05-23-08-38-24-612
79.91,5.42,78.46,60.46,22-05-23-08-38-24-645
79.99,5.32,78.48,64.49,22-05-23-08-38-24-676
80.08,5.21,77.99,73.60,22-05-23-08-38-24-713
80.22,5.05,77.54,76.63,22-05-23-08-38-24-748
80.34,4.87,77.33,78.74,22-05-23-08-38-24-777
80.45,4.70,76.83,82.41,22-05-23-08-38-24-816
80.57,4.55,76.82,83.83,22-05-23-08-38-24-844
80.68,4.44,76.69,84.77,22-05-23-08-38-24-877
80.78,4.35,76.46,85.22,22-05-23-08-38-24-912
80.86,4.28,76.19,85.69,22-05-23-08-38-24-945
80.95,4.24,75.72,86.20,22-05-23-08-38-24-980
81.01,4.25,75.07,86.76,22-05-23-08-38-25-012
81.04,4.32,74.25,87.32,22-05-23-08-38-25-046
81.06,4.41,73.37,87.92,22-05-23-08-38-25-077
81.06,4.52,72.49,88.45,22-05-23-08-38-25-113
81.05,4.63,71.70,88.87,22-05-23-08-38-25-147
81.04,4.72,70.69,89.92,22-05-23-08-38-25-177
81.02,4.83,69.86,90.30,22-05-23-08-38-25-213
81.00,4.94,69.14,90.53,22-05-23-08-38-25-245
80.97,5.06,68.52,90.72,22-05-23-08-38-25-278
80.94,5.17,67.37,88.98,22-05-23-08-38-25-312
80.91,5.27,66.85,88.09,22-05-23-08-38-25-347
80.89,5.36,66.06,85.32,22-05-23-08-38-25-379
80.87,5.44,65.70,82.67,22-05-23-08-38-25-411
80.86,5.52,65.77,78.99,22-05-23-08-38-25-446
80.88,5.59,65.65,76.27,22-05-23-08-38-25-478
80.91,5.66,65.39,74.15,22-05-23-08-38-25-512
80.97,5.71,65.76,69.73,22-05-23-08-38-25-544
81.01,5.76,65.98,66.62,22-05-23-08-38-25-577
81.05,5.79,66.30,63.14,22-05-23-08-38-25-611
81.09,5.81,66.39,59.51,22-05-23-08-38-25-645
81.13,5.80,65.92,53.17,22-05-23-08-38-25-676
81.18,5.77,66.46,42.03,22-05-23-08-38-25-714
81.27,5.71,66.00,37.38,22-05-23-08-38-25-744
81.35,5.65,66.41,34.68,22-05-23-08-38-25-776
81.42,5.57,66.88,32.80,22-05-23-08-38-25-816
81.48,5.51,67.63,31.24,22-05-23-08-38-25-843
81.51,5.45,666.00,27.97,22-05-23-08-38-25-878
81.53,5.40,666.00,25.02,22-05-23-08-38-25-913
81.53,5.36,666.00,23.57,22-05-23-08-38-25-944
81.53,5.33,666.00,22.08,22-05-23-08-38-25-977
81.54,5.32,666.00,20.97,22-05-23-08-38-26-015
81.56,5.30,666.00,19.91,22-05-23-08-38-26-043
81.60,5.31,666.00,18.90,22-05-23-08-38-26-079
81.60,5.31,666.00,17.70,22-05-23-08-38-26-111
81.59,5.32,666.00,16.35,22-05-23-08-38-26-146
81.56,5.30,666.00,15.31,22-05-23-08-38-26-179
81.41,5.32,666.00,14.76,22-05-23-08-38-26-212
81.20,5.35,666.00,14.01,22-05-23-08-38-26-245
80.89,5.42,666.00,14.52,22-05-23-08-38-26-278
80.50,5.53,666.00,14.95,22-05-23-08-38-26-313
80.10,5.62,666.00,13.06,22-05-23-08-38-26-345
79.71,5.77,666.00,12.27,22-05-23-08-38-26-380
79.36,5.89,666.00,11.71,22-05-23-08-38-26-412
79.05,5.99,666.00,11.54,22-05-23-08-38-26-446
78.78,6.12,666.00,10.49,22-05-23-08-38-26-477
78.55,6.23,666.00,9.98,22-05-23-08-38-26-514
78.34,6.30,666.00,9.83,22-05-23-08-38-26-544
78.16,6.35,666.00,11.52,22-05-23-08-38-26-576
78.00,6.39,666.00,11.77,22-05-23-08-38-26-611
77.87,6.42,666.00,12.09,22-05-23-08-38-26-647
77.75,6.43,666.00,12.48,22-05-23-08-38-26-678
77.66,6.41,666.00,13.00,22-05-23-08-38-26-713
77.59,6.39,666.00,13.79,22-05-23-08-38-26-749
77.52,6.37,666.00,15.17,22-05-23-08-38-26-778
77.47,6.34,666.00,18.43,22-05-23-08-38-26-815
77.42,6.27,666.00,21.18,22-05-23-08-38-26-844
77.40,6.20,666.00,23.60,22-05-23-08-38-26-878
77.39,6.12,666.00,25.76,22-05-23-08-38-26-917
77.40,6.03,85.90,31.97,22-05-23-08-38-26-946
77.42,5.96,84.00,35.57,22-05-23-08-38-26-977
77.45,5.88,83.16,45.72,22-05-23-08-38-27-013
77.49,5.80,81.13,47.67,22-05-23-08-38-27-046
77.57,5.72,74.32,45.19,22-05-23-08-38-27-080
77.66,5.63,74.34,49.76,22-05-23-08-38-27-113
77.77,5.54,74.90,52.55,22-05-23-08-38-27-146
77.89,5.46,75.97,56.81,22-05-23-08-38-27-181
77.99,5.37,77.13,60.02,22-05-23-08-38-27-212
78.08,5.28,78.60,69.04,22-05-23-08-38-27-243
78.19,5.17,79.13,73.03,22-05-23-08-38-27-280
78.29,5.07,79.88,77.74,22-05-23-08-38-27-312
78.37,4.97,79.49,79.94,22-05-23-08-38-27-348
78.44,4.87,78.87,81.30,22-05-23-08-38-27-377
78.52,4.79,78.42,88.23,22-05-23-08-38-27-412
78.60,4.70,78.37,91.16,22-05-23-08-38-27-449
78.67,4.60,78.53,93.04,22-05-23-08-38-27-481
78.75,4.51,78.64,94.44,22-05-23-08-38-27-512
78.82,4.44,78.70,95.64,22-05-23-08-38-27-545
78.89,4.40,78.68,96.69,22-05-23-08-38-27-576
78.97,4.37,78.63,97.60,22-05-23-08-38-27-613
79.06,4.35,78.49,98.33,22-05-23-08-38-27-647
79.18,4.35,78.23,98.88,22-05-23-08-38-27-684
79.29,4.37,77.94,98.75,22-05-23-08-38-27-712
79.40,4.41,77.46,98.53,22-05-23-08-38-27-743
79.51,4.47,76.93,98.27,22-05-23-08-38-27-779
79.61,4.54,76.24,98.29,22-05-23-08-38-27-814
79.70,4.63,75.14,95.86,22-05-23-08-38-27-843
79.77,4.71,74.25,94.09,22-05-23-08-38-27-878
79.83,4.81,73.66,92.89,22-05-23-08-38-27-915
79.89,4.92,73.11,92.00,22-05-23-08-38-27-946
79.98,5.02,70.73,85.78,22-05-23-08-38-27-979
80.09,5.11,69.63,82.61,22-05-23-08-38-28-012
80.23,5.18,69.10,80.31,22-05-23-08-38-28-046
80.39,5.22,69.15,78.22,22-05-23-08-38-28-077
80.55,5.22,69.51,76.06,22-05-23-08-38-28-113
80.72,5.23,69.96,73.57,22-05-23-08-38-28-146
80.86,5.23,70.65,70.85,22-05-23-08-38-28-176
80.96,5.24,71.56,68.14,22-05-23-08-38-28-214
81.03,5.25,73.58,61.13,22-05-23-08-38-28-248
81.09,5.25,74.80,57.10,22-05-23-08-38-28-276
81.19,5.22,75.78,53.71,22-05-23-08-38-28-311
81.31,5.16,77.41,49.33,22-05-23-08-38-28-346
81.41,5.07,78.62,47.22,22-05-23-08-38-28-377
81.48,4.94,79.66,45.73,22-05-23-08-38-28-412
81.49,4.81,82.21,41.37,22-05-23-08-38-28-446
81.50,4.71,83.84,38.87,22-05-23-08-38-28-477
81.47,4.59,88.79,33.13,22-05-23-08-38-28-511
81.44,4.48,92.91,30.64,22-05-23-08-38-28-545
81.40,4.37,666.00,28.33,22-05-23-08-38-28-578
81.38,4.28,666.00,26.60,22-05-23-08-38-28-615
81.36,4.20,666.00,24.92,22-05-23-08-38-28-646
81.32,4.11,666.00,23.41,22-05-23-08-38-28-677
81.28,4.04,666.00,21.83,22-05-23-08-38-28-713
81.24,3.98,666.00,20.70,22-05-23-08-38-28-748
81.21,3.93,666.00,19.88,22-05-23-08-38-28-779
81.19,3.89,666.00,19.13,22-05-23-08-38-28-815
81.18,3.85,666.00,18.54,22-05-23-08-38-28-846
81.18,3.82,666.00,17.80,22-05-23-08-38-28-877
81.19,3.80,666.00,17.25,22-05-23-08-38-28-916
81.20,3.78,666.00,16.82,22-05-23-08-38-28-944
81.21,3.76,666.00,16.40,22-05-23-08-38-28-977
81.20,3.76,666.00,16.15,22-05-23-08-38-29-015
81.19,3.74,666.00,15.97,22-05-23-08-38-29-048
81.19,3.74,666.00,15.86,22-05-23-08-38-29-075
81.18,3.73,666.00,15.77,22-05-23-08-38-29-114
81.17,3.74,666.00,15.74,22-05-23-08-38-29-147
81.16,3.75,666.00,15.73,22-05-23-08-38-29-177
81.15,3.77,666.00,15.54,22-05-23-08-38-29-215
81.15,3.81,666.00,15.37,22-05-23-08-38-29-245
81.15,3.85,666.00,15.41,22-05-23-08-38-29-278
81.13,3.90,666.00,15.51,22-05-23-08-38-29-313
81.12,3.95,666.00,15.78,22-05-23-08-38-29-346
81.10,4.00,666.00,16.59,22-05-23-08-38-29-379
81.08,4.02,666.00,18.53,22-05-23-08-38-29-411
81.05,4.04,666.00,20.96,22-05-23-08-38-29-445
81.01,4.04,666.00,23.26,22-05-23-08-38-29-481
80.96,4.03,666.00,27.15,22-05-23-08-38-29-513
80.91,4.00,666.00,29.26,22-05-23-08-38-29-543
80.87,3.95,89.29,32.51,22-05-23-08-38-29-578
80.84,3.89,84.61,42.07,22-05-23-08-38-29-613
80.92,3.83,83.42,46.38,22-05-23-08-38-29-647
81.00,3.79,82.57,48.88,22-05-23-08-38-29-681
81.07,3.76,81.70,52.60,22-05-23-08-38-29-710
81.14,3.75,80.74,56.17,22-05-23-08-38-29-745
83.59,3.28,76.38,56.66,22-05-23-08-38-29-778
83.68,3.33,75.10,65.92,22-05-23-08-38-29-813
85.36,3.16,68.43,69.42,22-05-23-08-38-29-845
86.38,3.08,62.34,72.85,22-05-23-08-38-29-880
85.70,3.69,62.99,81.85,22-05-23-08-38-29-915
85.02,4.20,62.82,86.22,22-05-23-08-38-29-946
84.44,4.59,63.01,88.40,22-05-23-08-38-29-979
83.96,4.85,63.54,90.40,22-05-23-08-38-30-014
83.61,5.04,63.80,91.93,22-05-23-08-38-30-043
83.38,5.18,63.82,93.26,22-05-23-08-38-30-082
83.23,5.28,63.68,94.48,22-05-23-08-38-30-111
83.15,5.34,63.36,95.57,22-05-23-08-38-30-142
83.09,5.39,63.02,96.51,22-05-23-08-38-30-180
83.06,5.42,62.59,97.51,22-05-23-08-38-30-213
83.05,5.46,62.04,98.36,22-05-23-08-38-30-247
83.05,5.51,61.35,99.21,22-05-23-08-38-30-278
83.07,5.57,60.67,99.87,22-05-23-08-38-30-312
83.10,5.63,60.00,100.40,22-05-23-08-38-30-342
83.13,5.70,59.38,100.81,22-05-23-08-38-30-377
83.17,5.77,58.77,101.11,22-05-23-08-38-30-414
83.22,5.89,57.99,101.34,22-05-23-08-38-30-447
83.25,6.07,57.02,101.53,22-05-23-08-38-30-477
83.27,6.27,56.11,101.66,22-05-23-08-38-30-514
83.29,6.45,55.22,101.40,22-05-23-08-38-30-546
83.31,6.61,54.32,98.81,22-05-23-08-38-30-575
83.36,6.73,51.73,87.50,22-05-23-08-38-30-614
83.43,6.81,50.96,84.40,22-05-23-08-38-30-647
83.52,6.87,50.39,77.25,22-05-23-08-38-30-676
83.65,6.87,50.31,74.47,22-05-23-08-38-30-715
83.81,6.83,50.09,72.54,22-05-23-08-38-30-745
84.04,6.74,49.65,70.61,22-05-23-08-38-30-777
84.33,6.67,49.08,68.19,22-05-23-08-38-30-815
84.67,6.56,49.66,60.83,22-05-23-08-38-30-845
85.00,6.48,49.22,57.07,22-05-23-08-38-30-878
85.29,6.40,48.67,53.67,22-05-23-08-38-30-914
85.57,6.34,48.00,49.84,22-05-23-08-38-30-944
85.79,6.26,48.28,39.27,22-05-23-08-38-30-975
86.06,6.16,49.88,35.01,22-05-23-08-38-31-014
86.27,6.05,666.00,29.83,22-05-23-08-38-31-044
86.43,5.97,666.00,26.84,22-05-23-08-38-31-077
86.53,5.93,666.00,24.20,22-05-23-08-38-31-116
86.57,5.88,666.00,21.67,22-05-23-08-38-31-143
86.58,5.85,666.00,19.34,22-05-23-08-38-31-178
86.55,5.84,666.00,15.28,22-05-23-08-38-31-214
86.49,5.85,666.00,13.77,22-05-23-08-38-31-244
86.39,5.87,666.00,14.04,22-05-23-08-38-31-278
86.20,5.93,666.00,14.70,22-05-23-08-38-31-315
85.83,6.06,666.00,15.45,22-05-23-08-38-31-349
85.36,6.22,666.00,15.88,22-05-23-08-38-31-376
84.82,6.41,666.00,16.10,22-05-23-08-38-31-412
84.26,6.61,666.00,15.58,22-05-23-08-38-31-445
83.70,6.79,666.00,16.28,22-05-23-08-38-31-477
83.23,6.92,666.00,16.73,22-05-23-08-38-31-513
82.83,6.99,666.00,17.04,22-05-23-08-38-31-544
82.50,7.03,666.00,17.12,22-05-23-08-38-31-578
82.14,7.08,666.00,14.99,22-05-23-08-38-31-612
81.77,7.07,666.00,14.86,22-05-23-08-38-31-647
81.48,7.08,666.00,15.10,22-05-23-08-38-31-678
81.25,7.09,666.00,15.40,22-05-23-08-38-31-713
81.07,7.11,666.00,15.84,22-05-23-08-38-31-745
80.93,7.13,666.00,16.31,22-05-23-08-38-31-779
80.77,7.11,666.00,17.01,22-05-23-08-38-31-814
80.61,7.08,666.00,20.53,22-05-23-08-38-31-844
80.46,7.05,666.00,23.15,22-05-23-08-38-31-877
80.30,7.01,666.00,26.96,22-05-23-08-38-31-915
80.17,6.97,666.00,29.07,22-05-23-08-38-31-945
80.05,6.93,76.65,31.79,22-05-23-08-38-31-980
79.95,6.89,74.72,33.46,22-05-23-08-38-32-013
79.87,6.84,73.07,36.23,22-05-23-08-38-32-045
79.81,6.80,69.73,43.34,22-05-23-08-38-32-082
79.77,6.75,69.17,46.45,22-05-23-08-38-32-112
79.74,6.69,69.00,49.14,22-05-23-08-38-32-144
79.72,6.63,69.79,52.96,22-05-23-08-38-32-177
79.69,6.54,71.05,61.13,22-05-23-08-38-32-212
79.69,6.43,71.44,71.18,22-05-23-08-38-32-247
79.72,6.29,71.99,76.05,22-05-23-08-38-32-278
79.76,6.13,72.75,78.45,22-05-23-08-38-32-312
79.83,5.92,73.25,83.04,22-05-23-08-38-32-347
79.90,5.70,72.94,84.71,22-05-23-08-38-32-377
79.97,5.47,74.02,88.62,22-05-23-08-38-32-416
80.02,5.28,74.86,90.80,22-05-23-08-38-32-448
80.09,5.09,75.53,92.37,22-05-23-08-38-32-479
80.14,4.92,75.99,93.69,22-05-23-08-38-32-515
80.16,4.72,76.61,95.11,22-05-23-08-38-32-544
80.18,4.54,77.16,96.26,22-05-23-08-38-32-580
80.20,4.37,77.55,97.26,22-05-23-08-38-32-614
80.23,4.23,77.85,98.02,22-05-23-08-38-32-646
80.27,4.11,77.66,98.28,22-05-23-08-38-32-678
80.30,4.03,77.49,99.03,22-05-23-08-38-32-712
80.33,3.96,77.37,99.52,22-05-23-08-38-32-743
80.35,3.92,77.26,99.81,22-05-23-08-38-32-780
80.36,3.89,77.11,99.91,22-05-23-08-38-32-813
80.37,3.86,76.84,99.50,22-05-23-08-38-32-845
80.37,3.82,76.72,98.71,22-05-23-08-38-32-876
80.36,3.79,76.17,96.50,22-05-23-08-38-32-913
80.35,3.77,72.67,84.62,22-05-23-08-38-32-944
80.36,3.76,72.57,82.06,22-05-23-08-38-32-980
80.41,3.78,72.81,79.25,22-05-23-08-38-33-012
80.49,3.80,73.22,77.09,22-05-23-08-38-33-045
80.59,3.83,73.94,74.75,22-05-23-08-38-33-077
80.86,3.91,74.43,71.71,22-05-23-08-38-33-111
81.09,3.98,75.27,62.99,22-05-23-08-38-33-148
81.22,4.03,75.78,58.37,22-05-23-08-38-33-178
81.29,4.04,76.08,55.36,22-05-23-08-38-33-213
81.33,4.03,76.48,52.84,22-05-23-08-38-33-245
81.51,4.08,77.45,47.44,22-05-23-08-38-33-278
81.63,4.10,78.40,44.78,22-05-23-08-38-33-312
81.72,4.10,76.28,37.90,22-05-23-08-38-33-348
81.80,4.09,77.65,35.00,22-05-23-08-38-33-377
81.85,4.10,81.16,32.89,22-05-23-08-38-33-412
81.88,4.10,666.00,28.37,22-05-23-08-38-33-446
81.90,4.09,666.00,25.64,22-05-23-08-38-33-479
81.90,4.07,666.00,23.33,22-05-23-08-38-33-513
81.90,4.06,666.00,20.87,22-05-23-08-38-33-544
81.89,4.07,666.00,18.52,22-05-23-08-38-33-577
81.86,4.13,666.00,15.35,22-05-23-08-38-33-615
81.79,4.25,666.00,14.16,22-05-23-08-38-33-648
81.58,4.35,666.00,14.07,22-05-23-08-38-33-680
81.33,4.44,666.00,14.54,22-05-23-08-38-33-711
80.92,4.54,666.00,15.05,22-05-23-08-38-33-746
80.37,4.68,666.00,13.34,22-05-23-08-38-33-780
79.70,4.75,666.00,13.48,22-05-23-08-38-33-812
78.93,4.79,666.00,13.32,22-05-23-08-38-33-845
78.12,4.85,666.00,12.90,22-05-23-08-38-33-880
77.45,4.88,666.00,12.45,22-05-23-08-38-33-916
76.92,4.88,666.00,12.01,22-05-23-08-38-33-945
76.51,4.88,666.00,11.71,22-05-23-08-38-33-976
76.20,4.87,666.00,11.63,22-05-23-08-38-34-017
75.96,4.85,666.00,11.68,22-05-23-08-38-34-047
75.79,4.83,666.00,11.75,22-05-23-08-38-34-077
75.65,4.81,666.00,11.76,22-05-23-08-38-34-115
75.55,4.78,666.00,11.75,22-05-23-08-38-34-146
75.47,4.76,666.00,11.82,22-05-23-08-38-34-177
75.41,4.74,666.00,15.82,22-05-23-08-38-34-214
75.35,4.71,666.00,17.63,22-05-23-08-38-34-245
75.31,4.67,666.00,21.47,22-05-23-08-38-34-279
75.27,4.63,666.00,23.90,22-05-23-08-38-34-316
75.23,4.57,666.00,25.76,22-05-23-08-38-34-346
75.21,4.52,666.00,27.69,22-05-23-08-38-34-379
75.20,4.45,91.39,32.89,22-05-23-08-38-34-414
75.21,4.38,90.37,35.07,22-05-23-08-38-34-445
75.26,4.31,88.22,39.69,22-05-23-08-38-34-479
75.33,4.23,86.76,49.76,22-05-23-08-38-34-512
75.44,4.16,84.66,53.86,22-05-23-08-38-34-543
75.56,4.09,84.05,60.11,22-05-23-08-38-34-579
75.71,4.03,84.17,63.69,22-05-23-08-38-34-612
75.85,3.99,83.56,66.82,22-05-23-08-38-34-645
76.01,3.95,83.86,72.62,22-05-23-08-38-34-679
76.19,3.91,83.61,75.72,22-05-23-08-38-34-713
76.45,3.88,82.76,79.11,22-05-23-08-38-34-744
76.85,3.91,81.82,82.34,22-05-23-08-38-34-781
77.24,3.98,80.46,85.33,22-05-23-08-38-34-817
77.61,4.08,79.12,88.54,22-05-23-08-38-34-843
77.97,4.20,77.84,91.17,22-05-23-08-38-34-879
78.28,4.31,76.63,93.36,22-05-23-08-38-34-914
78.62,4.50,75.04,95.45,22-05-23-08-38-34-943
78.94,4.68,73.62,96.86,22-05-23-08-38-34-977
79.29,4.94,71.86,97.60,22-05-23-08-38-35-014
79.58,5.15,70.65,99.92,22-05-23-08-38-35-043
79.82,5.33,69.55,101.15,22-05-23-08-38-35-079
80.01,5.48,68.17,101.04,22-05-23-08-38-35-114
80.16,5.63,67.28,101.59,22-05-23-08-38-35-143
80.29,5.76,66.56,101.97,22-05-23-08-38-35-182
80.37,5.85,66.01,102.22,22-05-23-08-38-35-214
80.45,5.94,65.55,102.40,22-05-23-08-38-35-245
80.50,6.00,65.24,102.48,22-05-23-08-38-35-281
80.54,6.04,64.45,96.49,22-05-23-08-38-35-312
80.57,6.06,64.31,94.14,22-05-23-08-38-35-343
80.60,6.07,64.31,92.42,22-05-23-08-38-35-377
80.62,6.07,64.47,89.96,22-05-23-08-38-35-412
80.66,6.06,64.88,87.41,22-05-23-08-38-35-443
80.72,6.02,66.27,83.35,22-05-23-08-38-35-477
80.86,5.96,68.02,78.89,22-05-23-08-38-35-513
81.03,5.86,68.94,74.14,22-05-23-08-38-35-544
81.21,5.73,69.56,71.03,22-05-23-08-38-35-580
81.37,5.61,71.05,63.57,22-05-23-08-38-35-615
81.49,5.48,72.08,58.53,22-05-23-08-38-35-644
81.56,5.36,73.46,55.29,22-05-23-08-38-35-679
81.61,5.22,71.83,45.46,22-05-23-08-38-35-708
81.62,5.06,72.91,41.78,22-05-23-08-38-35-745
81.62,4.90,74.32,38.35,22-05-23-08-38-35-778
81.60,4.76,75.41,36.14,22-05-23-08-38-35-813
81.59,4.60,78.34,33.32,22-05-23-08-38-35-845
81.57,4.46,82.93,30.49,22-05-23-08-38-35-878
81.53,4.26,666.00,27.65,22-05-23-08-38-35-913
81.45,4.06,666.00,24.04,22-05-23-08-38-35-945
81.32,3.85,666.00,20.84,22-05-23-08-38-35-979
81.11,3.65,666.00,17.61,22-05-23-08-38-36-013
80.91,3.50,666.00,16.41,22-05-23-08-38-36-043
80.62,3.38,666.00,16.38,22-05-23-08-38-36-078
80.31,3.32,666.00,13.46,22-05-23-08-38-36-116
79.95,3.31,666.00,12.50,22-05-23-08-38-36-147
79.56,3.35,666.00,9.45,22-05-23-08-38-36-178
79.17,3.42,666.00,10.87,22-05-23-08-38-36-213
78.81,3.47,666.00,11.85,22-05-23-08-38-36-243
78.47,3.51,666.00,12.11,22-05-23-08-38-36-281
78.13,3.59,666.00,11.82,22-05-23-08-38-36-313
77.78,3.68,666.00,11.65,22-05-23-08-38-36-344
77.46,3.75,666.00,11.71,22-05-23-08-38-36-380
77.21,3.80,666.00,12.04,22-05-23-08-38-36-416
76.96,3.87,666.00,12.20,22-05-23-08-38-36-445
76.75,3.93,666.00,15.17,22-05-23-08-38-36-479
76.56,3.98,666.00,16.24,22-05-23-08-38-36-516
76.37,4.01,666.00,17.20,22-05-23-08-38-36-545
76.23,4.04,666.00,20.29,22-05-23-08-38-36-580
76.10,4.06,666.00,21.66,22-05-23-08-38-36-614
76.00,4.06,666.00,24.89,22-05-23-08-38-36-643
75.92,4.06,101.20,31.40,22-05-23-08-38-36-679
75.86,4.06,99.10,33.78,22-05-23-08-38-36-716
75.82,4.06,93.94,37.44,22-05-23-08-38-36-743
75.79,4.06,89.40,40.31,22-05-23-08-38-36-778
75.78,4.07,87.01,42.11,22-05-23-08-38-36-815
75.81,4.05,88.96,50.09,22-05-23-08-38-36-844
75.87,4.03,87.92,53.50,22-05-23-08-38-36-881
75.99,4.01,87.44,56.93,22-05-23-08-38-36-914
76.13,3.99,87.02,59.23,22-05-23-08-38-36-944
76.33,3.95,86.69,62.08,22-05-23-08-38-36-976
76.60,3.88,85.60,70.66,22-05-23-08-38-37-013
77.18,3.69,85.30,73.76,22-05-23-08-38-37-047
77.78,3.44,85.12,75.91,22-05-23-08-38-37-081
78.42,3.17,84.82,77.83,22-05-23-08-38-37-114
79.14,2.93,84.75,81.61,22-05-23-08-38-37-146
79.75,2.74,84.85,84.72,22-05-23-08-38-37-176
80.26,2.58,84.84,86.61,22-05-23-08-38-37-214
80.67,2.47,84.66,87.97,22-05-23-08-38-37-246
81.02,2.40,84.56,89.09,22-05-23-08-38-37-279
81.32,2.36,84.28,89.85,22-05-23-08-38-37-314
81.61,2.35,83.88,90.38,22-05-23-08-38-37-343
81.87,2.35,83.36,90.87,22-05-23-08-38-37-377
82.14,2.39,82.60,91.43,22-05-23-08-38-37-411
82.40,2.44,81.63,92.21,22-05-23-08-38-37-443
82.61,2.50,80.66,93.21,22-05-23-08-38-37-477
82.80,2.57,79.61,94.11,22-05-23-08-38-37-512
82.96,2.63,78.96,99.81,22-05-23-08-38-37-544
83.09,2.70,77.54,100.71,22-05-23-08-38-37-578
83.20,2.76,76.17,101.00,22-05-23-08-38-37-612
83.31,2.86,74.73,100.89,22-05-23-08-38-37-642
83.41,2.96,73.36,100.54,22-05-23-08-38-37-678
83.50,3.08,71.98,100.05,22-05-23-08-38-37-712
83.60,3.21,70.60,99.45,22-05-23-08-38-37-747
83.68,3.35,69.23,98.55,22-05-23-08-38-37-778
83.74,3.50,68.02,96.69,22-05-23-08-38-37-814
83.80,3.63,66.89,94.54,22-05-23-08-38-37-846
83.84,3.77,67.15,89.44,22-05-23-08-38-37-878
83.88,3.90,64.94,84.50,22-05-23-08-38-37-913
84.04,4.13,60.86,79.08,22-05-23-08-38-37-943
84.33,4.38,57.40,75.95,22-05-23-08-38-37-979
84.75,4.60,54.19,73.28,22-05-23-08-38-38-016
85.17,4.83,50.97,70.99,22-05-23-08-38-38-045
85.67,5.09,47.20,68.78,22-05-23-08-38-38-077
86.08,5.31,44.46,66.31,22-05-23-08-38-38-114
86.45,5.47,42.75,63.23,22-05-23-08-38-38-143
95.36,3.83,-41.09,48.65,22-05-23-08-38-38-181
95.50,4.02,-38.17,45.01,22-05-23-08-38-38-215
94.70,4.34,-30.40,36.35,22-05-23-08-38-38-247
93.63,4.64,-19.19,33.52,22-05-23-08-38-38-279
92.62,4.86,-9.45,31.60,22-05-23-08-38-38-313
91.78,5.00,666.00,25.55,22-05-23-08-38-38-344
91.03,5.07,666.00,22.48,22-05-23-08-38-38-377
90.39,5.11,666.00,20.89,22-05-23-08-38-38-415
89.85,5.10,666.00,20.19,22-05-23-08-38-38-444
89.35,5.05,666.00,19.48,22-05-23-08-38-38-479
88.89,4.98,666.00,20.40,22-05-23-08-38-38-512
88.46,4.86,666.00,19.79,22-05-23-08-38-38-545
88.09,4.75,666.00,19.31,22-05-23-08-38-38-579
87.77,4.65,666.00,18.67,22-05-23-08-38-38-613
87.42,4.53,666.00,18.18,22-05-23-08-38-38-643
86.97,4.31,666.00,17.47,22-05-23-08-38-38-677
86.33,3.98,666.00,16.06,22-05-23-08-38-38-715
85.62,3.65,666.00,15.03,22-05-23-08-38-38-746
84.30,3.01,666.00,14.01,22-05-23-08-38-38-778
81.92,1.93,666.00,12.93,22-05-23-08-38-38-813
79.63,0.93,666.00,12.29,22-05-23-08-38-38-845
77.60,0.25,666.00,11.99,22-05-23-08-38-38-875
75.32,-0.36,666.00,11.89,22-05-23-08-38-38-912
72.91,-0.88,666.00,10.98,22-05-23-08-38-38-944
70.40,-1.33,666.00,10.50,22-05-23-08-38-38-979
68.06,-1.90,666.00,9.89,22-05-23-08-38-39-012
64.90,-2.36,666.00,10.91,22-05-23-08-38-39-043
62.02,-2.66,666.00,7.65,22-05-23-08-38-39-077
57.78,-2.96,666.00,7.96,22-05-23-08-38-39-110
54.05,-3.26,666.00,8.79,22-05-23-08-38-39-146
50.52,-3.72,666.00,10.55,22-05-23-08-38-39-178
47.18,-4.39,666.00,9.29,22-05-23-08-38-39-212
43.85,-4.75,666.00,9.00,22-05-23-08-38-39-244
41.21,-5.13,666.00,8.45,22-05-23-08-38-39-280
37.62,-5.80,666.00,9.85,22-05-23-08-38-39-312
35.11,-6.30,666.00,8.57,22-05-23-08-38-39-347
32.13,-7.16,666.00,5.25,22-05-23-08-38-39-376
29.66,-7.93,666.00,4.35,22-05-23-08-38-39-413
27.42,-8.79,666.00,5.27,22-05-23-08-38-39-444
24.46,-10.84,666.00,8.24,22-05-23-08-38-39-480
21.28,-14.24,666.00,10.61,22-05-23-08-38-39-512
18.84,-17.58,666.00,12.47,22-05-23-08-38-39-544
16.91,-20.92,666.00,14.14,22-05-23-08-38-39-579
15.00,-24.41,666.00,14.69,22-05-23-08-38-39-614
13.62,-27.03,666.00,15.12,22-05-23-08-38-39-644
12.55,-29.13,666.00,16.87,22-05-23-08-38-39-677
11.75,-30.73,666.00,18.05,22-05-23-08-38-39-712
11.12,-31.72,666.00,19.22,22-05-23-08-38-39-746
10.72,-32.39,666.00,20.51,22-05-23-08-38-39-777
10.44,-32.90,666.00,25.50,22-05-23-08-38-39-813
10.22,-33.35,666.00,26.31,22-05-23-08-38-39-845
10.02,-33.70,666.00,26.32,22-05-23-08-38-39-876
9.87,-33.96,666.00,25.98,22-05-23-08-38-39-913
9.75,-34.12,666.00,25.85,22-05-23-08-38-39-946
9.68,-34.11,666.00,25.63,22-05-23-08-38-39-977
9.60,-34.08,666.00,25.35,22-05-23-08-38-40-015
9.54,-34.01,666.00,25.07,22-05-23-08-38-40-043
9.50,-33.90,666.00,24.82,22-05-23-08-38-40-078
9.44,-33.73,666.00,24.55,22-05-23-08-38-40-113
9.40,-33.52,666.00,24.32,22-05-23-08-38-40-142
9.37,-33.26,666.00,24.06,22-05-23-08-38-40-177
9.33,-33.00,666.00,23.79,22-05-23-08-38-40-211
9.28,-32.70,666.00,23.55,22-05-23-08-38-40-244
9.24,-32.35,666.00,23.32,22-05-23-08-38-40-278
9.19,-32.03,666.00,23.14,22-05-23-08-38-40-312
9.15,-31.74,666.00,23.10,22-05-23-08-38-40-343
9.12,-31.50,666.00,23.12,22-05-23-08-38-40-378
9.09,-31.28,666.00,23.13,22-05-23-08-38-40-413
9.07,-31.10,666.00,23.05,22-05-23-08-38-40-445
9.04,-30.94,666.00,22.97,22-05-23-08-38-40-479
9.02,-30.81,666.00,22.90,22-05-23-08-38-40-515
9.01,-30.74,666.00,22.86,22-05-23-08-38-40-544
8.99,-30.67,666.00,22.82,22-05-23-08-38-40-579
8.99,-30.69,666.00,22.79,22-05-23-08-38-40-612
8.97,-30.71,666.00,22.77,22-05-23-08-38-40-645
8.96,-30.73,666.00,22.75,22-05-23-08-38-40-678
8.97,-30.76,666.00,22.73,22-05-23-08-38-40-713
