12.07,33.55,666.00,8.92,10-03-23-11-58-45-241
12.35,31.63,666.00,14.06,10-03-23-11-58-45-256
12.75,29.52,666.00,19.67,10-03-23-11-58-45-290
13.23,27.26,666.00,23.46,10-03-23-11-58-45-321
13.70,25.57,7.48,31.35,10-03-23-11-58-45-360
14.12,24.46,6.19,36.77,10-03-23-11-58-45-390
14.42,23.84,5.43,41.29,10-03-23-11-58-45-423
14.65,24.28,5.53,43.55,10-03-23-11-58-45-459
14.80,25.68,6.13,47.32,10-03-23-11-58-45-491
14.57,29.34,7.84,48.09,10-03-23-11-58-45-521
14.06,34.49,11.12,49.76,10-03-23-11-58-45-555
11.99,64.93,32.41,63.21,10-03-23-11-58-45-589
12.64,82.78,41.17,75.11,10-03-23-11-58-45-621
15.20,94.60,50.51,86.97,10-03-23-11-58-45-659
16.19,98.37,55.40,98.17,10-03-23-11-58-45-694
16.94,100.39,35.08,98.67,10-03-23-11-58-45-722
16.59,99.06,28.07,99.22,10-03-23-11-58-45-758
15.29,93.84,20.94,97.72,10-03-23-11-58-45-789
13.51,84.77,12.77,94.58,10-03-23-11-58-45-822
12.84,78.60,8.87,93.19,10-03-23-11-58-45-856
12.64,75.04,9.82,99.76,10-03-23-11-58-45-889
12.53,72.52,11.04,103.50,10-03-23-11-58-45-923
11.94,68.47,9.89,104.58,10-03-23-11-58-45-957
7.96,42.23,9.62,113.81,10-03-23-11-58-45-989
7.71,34.98,8.80,114.79,10-03-23-11-58-46-027
7.28,26.33,8.69,116.54,10-03-23-11-58-46-059
7.44,24.01,8.63,117.08,10-03-23-11-58-46-097
7.45,17.00,8.14,116.98,10-03-23-11-58-46-128
7.84,22.54,8.28,116.06,10-03-23-11-58-46-164
14.97,56.03,9.44,103.61,10-03-23-11-58-46-199
18.58,73.35,13.31,101.03,10-03-23-11-58-46-224
17.35,72.31,13.70,102.76,10-03-23-11-58-46-256
16.17,72.27,14.22,104.55,10-03-23-11-58-46-290
14.70,70.82,14.45,106.83,10-03-23-11-58-46-324
7.78,49.99,13.71,115.98,10-03-23-11-58-46-357
6.09,20.10,13.00,119.39,10-03-23-11-58-46-388
5.85,17.01,13.10,119.97,10-03-23-11-58-46-423
5.68,10.09,13.07,120.89,10-03-23-11-58-46-457
5.87,3.45,12.87,121.24,10-03-23-11-58-46-490
6.23,-0.72,12.63,121.20,10-03-23-11-58-46-519
6.34,-3.83,12.56,121.47,10-03-23-11-58-46-555
8.18,19.02,11.64,118.63,10-03-23-11-58-46-587
11.69,63.64,14.68,114.82,10-03-23-11-58-46-625
12.94,67.36,15.05,113.92,10-03-23-11-58-46-660
14.18,65.55,14.27,112.60,10-03-23-11-58-46-691
17.46,70.84,14.70,106.37,10-03-23-11-58-46-721
16.08,68.31,14.12,106.52,10-03-23-11-58-46-756
6.82,25.89,12.77,116.99,10-03-23-11-58-46-788
7.10,-30.39,12.35,123.14,10-03-23-11-58-46-822
6.94,9.90,11.85,118.59,10-03-23-11-58-46-857
8.13,28.20,11.57,116.18,10-03-23-11-58-46-889
10.82,41.06,10.40,112.54,10-03-23-11-58-46-922
12.53,45.26,9.58,110.63,10-03-23-11-58-46-956
13.39,47.33,9.21,109.83,10-03-23-11-58-46-989
17.55,69.01,11.03,100.94,10-03-23-11-58-47-022
18.24,72.78,11.78,100.28,10-03-23-11-58-47-056
19.24,75.09,12.46,99.82,10-03-23-11-58-47-095
16.73,70.92,11.82,103.34,10-03-23-11-58-47-126
15.40,65.59,11.01,105.58,10-03-23-11-58-47-156
9.04,31.76,10.00,113.56,10-03-23-11-58-47-190
8.24,4.82,9.76,117.15,10-03-23-11-58-47-222
8.52,-22.62,10.10,122.46,10-03-23-11-58-47-256
9.79,-34.55,8.64,123.15,10-03-23-11-58-47-291
9.87,-34.51,7.84,121.79,10-03-23-11-58-47-322
9.68,-35.02,7.34,120.88,10-03-23-11-58-47-355
6.96,41.90,9.94,114.06,10-03-23-11-58-47-390
14.01,84.33,14.88,111.21,10-03-23-11-58-47-421
18.29,90.52,18.28,110.59,10-03-23-11-58-47-457
