Timestamp,Kinect_LeftShoulder_Ext.-Flex.,Kinect_LeftShoulder_Abd.-Add.,Kinect_LeftShoulder_Int.-Ext.,Kinect_LeftElbow_Ext.-Flex.,Kinect_RightShoulder_Ext.-Flex.,Kinect_RightShoulder_Abd.-Add.,Kinect_RightShoulder_Int.-Ext.,Kinect_RightElbow_Ext.-Flex.,18.59,-17.99,19:09:45:687,666.00,19.27
20.90,-17.35,19:09:47:433,666.00,18.29
20.83,-17.17,19:09:47:702,666.00,18.47
20.83,-16.15,19:09:48:454,666.00,18.05
20.76,-16.66,19:09:48:713,666.00,18.17
20.78,-16.51,19:09:48:942,666.00,18.38
20.75,-16.06,19:09:49:123,666.00,18.37
20.71,-16.04,19:09:49:260,666.00,18.13
20.70,-15.89,19:09:49:389,666.00,17.98
20.64,-15.73,19:09:49:513,666.00,18.05
20.64,-15.72,19:09:49:638,666.00,18.12
20.61,-15.65,19:09:49:762,666.00,18.11
20.59,-15.18,19:09:49:883,666.00,18.09
20.58,-15.47,19:09:50:010,666.00,18.23
20.55,-15.78,19:09:50:144,666.00,18.35
20.58,-15.94,19:09:50:275,666.00,18.22
20.45,-15.66,19:09:50:401,666.00,18.38
20.29,-15.73,19:09:50:536,666.00,18.61
20.15,-15.84,19:09:50:667,666.00,18.67
20.09,-15.92,19:09:50:793,666.00,18.76
20.10,-16.11,19:09:50:924,666.00,18.80
20.21,-15.87,19:09:51:052,666.00,18.73
20.16,-15.55,19:09:51:173,666.00,18.71
20.09,-15.40,19:09:51:300,666.00,18.74
20.01,-15.16,19:09:51:430,666.00,18.73
20.04,-15.19,19:09:51:554,666.00,18.75
20.15,-15.12,19:09:51:687,666.00,18.45
19.98,-14.81,19:09:51:807,666.00,18.58
19.97,-14.39,19:09:51:942,666.00,18.51
20.03,-14.33,19:09:52:071,666.00,18.46
19.94,-14.48,19:09:52:197,666.00,18.62
19.92,-14.52,19:09:52:330,666.00,18.61
19.85,-14.57,19:09:52:467,666.00,18.65
19.71,-14.23,19:09:52:592,666.00,18.73
19.72,-13.98,19:09:52:719,666.00,18.73
19.64,-13.90,19:09:52:838,666.00,18.91
19.64,-14.06,19:09:52:956,666.00,18.90
19.62,-13.69,19:09:53:073,666.00,18.83
19.65,-13.45,19:09:53:209,666.00,18.70
19.63,-13.91,19:09:53:338,666.00,18.73
19.59,-13.99,19:09:53:477,666.00,18.88
19.69,-14.15,19:09:53:622,666.00,18.73
19.67,-14.08,19:09:53:762,666.00,18.68
19.56,-14.26,19:09:53:900,666.00,18.97
19.61,-14.13,19:09:54:040,666.00,18.95
21.85,-16.15,19:09:54:182,666.00,22.75
27.57,-14.72,19:09:54:307,666.00,20.40
34.62,-10.68,19:09:54:438,666.00,18.05
40.17,-9.72,19:09:54:569,666.00,21.67
50.04,-7.23,19:09:54:703,666.00,19.96
56.52,-6.13,19:09:54:830,666.00,19.41
67.74,-3.77,19:09:54:959,666.00,15.03
76.54,-1.87,19:09:55:086,666.00,13.13
85.71,-0.45,19:09:55:210,666.00,17.71
95.80,1.42,19:09:55:339,666.00,14.62
106.97,3.09,19:09:55:474,666.00,9.53
112.45,3.32,19:09:55:604,666.00,16.50
118.32,2.86,19:09:55:732,666.00,17.50
127.60,4.07,19:09:55:860,666.00,14.27
132.37,5.04,19:09:55:988,666.00,16.19
135.89,6.33,19:09:56:123,666.00,19.07
139.59,8.32,19:09:56:259,666.00,18.61
143.86,9.47,19:09:56:395,666.00,19.13
147.91,9.13,19:09:56:526,666.00,18.11
150.25,11.21,19:09:56:671,666.00,20.03
151.06,14.21,19:09:56:812,666.00,19.13
150.33,16.00,19:09:56:939,666.00,21.85
150.10,15.95,19:09:57:091,666.00,21.75
149.89,16.34,19:09:57:225,666.00,21.73
149.84,15.27,19:09:57:352,666.00,21.01
147.75,10.20,19:09:57:486,666.00,19.48
145.18,11.65,19:09:57:616,666.00,15.50
139.10,9.01,19:09:57:740,666.00,14.62
134.06,8.57,19:09:57:873,666.00,13.43
128.89,7.55,19:09:57:998,666.00,14.94
120.10,6.89,19:09:58:125,666.00,11.66
112.72,6.02,19:09:58:257,666.00,11.74
102.01,5.15,19:09:58:392,666.00,14.86
91.49,4.38,19:09:58:515,666.00,13.70
81.58,2.72,19:09:58:645,666.00,14.06
72.35,1.83,19:09:58:790,666.00,13.28
65.05,0.03,19:09:58:915,666.00,10.94
56.78,-1.05,19:09:59:041,666.00,12.83
49.98,-2.88,19:09:59:171,666.00,13.31
43.82,-3.22,19:09:59:306,666.00,13.35
38.23,-4.15,19:09:59:439,666.00,14.00
32.50,-5.77,19:09:59:580,666.00,13.13
29.56,-7.76,19:09:59:704,666.00,13.84
26.48,-10.95,19:09:59:836,666.00,14.35
22.95,-11.37,19:09:59:988,666.00,14.88
19.50,-10.42,19:10:00:119,666.00,16.22
15.73,-13.63,19:10:00:243,666.00,17.33
13.48,-13.08,19:10:00:373,666.00,17.53
12.65,-13.46,19:10:00:507,666.00,18.21
12.80,-14.23,19:10:00:641,666.00,18.45
12.78,-13.35,19:10:00:772,666.00,19.06
14.52,-11.05,19:10:00:899,666.00,19.01
17.58,-7.96,19:10:01:034,666.00,19.54
23.30,-5.37,19:10:01:167,666.00,18.83
35.92,-4.01,19:10:01:304,666.00,15.68
44.95,-0.47,19:10:01:447,666.00,16.81
53.97,1.05,19:10:01:574,666.00,18.79
64.24,2.58,19:10:01:700,666.00,16.34
73.50,5.18,19:10:01:819,666.00,13.13
84.45,6.42,19:10:01:949,666.00,14.00
94.02,6.16,19:10:02:084,666.00,14.82
102.43,6.10,19:10:02:223,666.00,14.90
109.76,6.71,19:10:02:352,666.00,16.58
117.67,7.80,19:10:02:474,666.00,16.72
125.60,7.86,19:10:02:602,666.00,14.74
127.96,9.57,19:10:02:735,666.00,15.40
133.14,12.02,19:10:02:872,666.00,14.92
137.35,13.00,19:10:03:017,666.00,18.17
141.72,13.48,19:10:03:147,666.00,17.22
145.27,14.63,19:10:03:269,666.00,17.67
147.85,15.50,19:10:03:389,666.00,18.00
151.33,15.62,19:10:03:515,666.00,17.72
151.92,18.45,19:10:03:637,666.00,19.10
152.64,20.25,19:10:03:762,666.00,18.83
154.54,22.38,19:10:03:897,666.00,18.85
155.91,21.46,19:10:04:023,666.00,17.83
152.56,17.04,19:10:04:154,666.00,18.63
149.97,8.60,19:10:04:277,666.00,16.74
143.12,5.20,19:10:04:406,666.00,14.74
135.74,3.27,19:10:04:540,666.00,16.25
127.43,1.71,19:10:04:675,666.00,14.83
114.61,-0.53,19:10:04:808,666.00,16.06
106.34,-0.85,19:10:04:938,666.00,13.62
94.49,-2.16,19:10:05:081,666.00,11.55
82.88,-5.95,19:10:05:218,666.00,12.28
70.98,-7.47,19:10:05:348,666.00,12.40
60.84,-9.33,19:10:05:477,666.00,14.13
52.58,-9.73,19:10:05:603,666.00,14.23
47.73,-10.17,19:10:05:728,666.00,13.33
40.26,-10.35,19:10:05:852,666.00,13.56
33.09,-11.82,19:10:05:993,666.00,10.04
27.18,-14.40,19:10:06:124,666.00,9.80
21.86,-13.20,19:10:06:259,666.00,14.58
19.56,-12.65,19:10:06:383,666.00,14.68
17.68,-13.04,19:10:06:517,666.00,15.67
17.38,-12.96,19:10:06:641,666.00,15.87
17.30,-11.74,19:10:06:770,666.00,16.05
17.43,-12.33,19:10:06:905,666.00,15.98
17.59,-11.74,19:10:07:050,666.00,15.99
19.76,-11.74,19:10:07:186,666.00,18.80
27.27,-9.13,19:10:07:317,666.00,18.26
37.51,-5.64,19:10:07:443,666.00,16.35
48.56,-1.50,19:10:07:573,666.00,19.33
56.33,-0.66,19:10:07:693,666.00,18.31
68.46,1.62,19:10:07:819,666.00,13.14
77.01,4.74,19:10:07:953,666.00,15.87
86.96,8.07,19:10:08:088,666.00,17.52
99.02,10.50,19:10:08:221,666.00,15.55
111.92,11.11,19:10:08:348,666.00,15.32
119.58,14.18,19:10:08:472,666.00,17.80
129.45,15.83,19:10:08:599,666.00,14.45
135.76,17.40,19:10:08:728,666.00,15.80
140.81,20.66,19:10:08:861,666.00,18.13
146.40,22.94,19:10:08:993,666.00,18.87
151.17,28.47,19:10:09:117,666.00,18.53
152.12,31.26,19:10:09:269,666.00,19.45
151.68,34.71,19:10:09:397,666.00,21.54
157.90,43.05,19:10:09:526,666.00,16.05
155.32,40.24,19:10:09:673,666.00,20.30
153.88,34.43,19:10:09:803,666.00,19.83
151.23,28.86,19:10:09:936,666.00,17.78
146.87,24.65,19:10:10:074,666.00,10.94
139.63,18.43,19:10:10:218,666.00,15.15
133.82,14.12,19:10:10:340,666.00,13.33
120.48,10.28,19:10:10:471,666.00,11.71
107.93,7.57,19:10:10:604,666.00,11.41
94.59,3.52,19:10:10:732,666.00,12.73
87.25,1.85,19:10:10:854,666.00,12.11
76.58,1.82,19:10:10:975,666.00,10.90
67.94,0.17,19:10:11:103,666.00,6.32
60.17,-0.21,19:10:11:230,666.00,13.30
50.27,-1.27,19:10:11:371,666.00,14.21
43.66,-2.45,19:10:11:505,666.00,13.64
37.21,-3.15,19:10:11:637,666.00,14.98
33.08,-3.52,19:10:11:764,666.00,11.35
28.90,-5.36,19:10:11:894,666.00,12.82
24.70,-5.82,19:10:12:023,666.00,14.34
21.27,-7.84,19:10:12:168,666.00,15.40
18.99,-11.10,19:10:12:303,666.00,15.17
17.87,-12.88,19:10:12:442,666.00,16.40
17.48,-13.60,19:10:12:580,666.00,16.35
17.03,-13.67,19:10:12:707,666.00,16.87
17.01,-13.77,19:10:12:823,666.00,17.32
17.88,-13.68,19:10:12:951,666.00,18.46
22.25,-10.25,19:10:13:090,666.00,20.49
29.29,-8.38,19:10:13:214,666.00,19.29
38.13,-4.90,19:10:13:338,666.00,16.52
45.77,-2.90,19:10:13:466,666.00,16.78
54.93,-0.63,19:10:13:595,666.00,17.87
65.42,0.26,19:10:13:720,666.00,13.41
73.68,1.99,19:10:13:848,666.00,15.89
82.53,3.41,19:10:13:972,666.00,17.21
89.89,3.89,19:10:14:096,666.00,17.03
102.13,2.17,19:10:14:218,666.00,13.62
109.55,4.08,19:10:14:348,666.00,19.56
117.18,5.60,19:10:14:493,666.00,14.37
126.95,5.24,19:10:14:623,666.00,15.36
133.35,6.24,19:10:14:755,666.00,14.66
137.81,7.96,19:10:14:885,666.00,18.72
143.25,10.98,19:10:15:021,666.00,16.66
150.99,11.48,19:10:15:147,666.00,13.31
154.09,17.54,19:10:15:276,666.00,14.98
152.90,21.81,19:10:15:402,666.00,18.56
154.65,27.45,19:10:15:533,666.00,19.41
160.25,36.77,19:10:15:677,666.00,15.53
160.87,37.49,19:10:15:817,666.00,16.00
159.09,32.79,19:10:15:940,666.00,15.34
156.97,23.51,19:10:16:073,666.00,14.39
149.96,17.10,19:10:16:190,666.00,18.47
144.63,11.89,19:10:16:318,666.00,15.21
136.93,6.91,19:10:16:463,666.00,14.63
126.99,2.31,19:10:16:594,666.00,16.05
113.96,0.28,19:10:16:718,666.00,14.76
101.54,-2.06,19:10:16:837,666.00,15.30
91.88,-1.78,19:10:16:958,666.00,15.66
80.05,-3.99,19:10:17:089,666.00,12.17
68.58,-4.91,19:10:17:217,666.00,14.81
58.39,-5.85,19:10:17:338,666.00,16.90
52.35,-6.96,19:10:17:461,666.00,16.05
44.99,-6.96,19:10:17:586,666.00,14.91
39.63,-8.52,19:10:17:719,666.00,14.84
33.81,-9.96,19:10:17:836,666.00,11.06
28.27,-9.40,19:10:17:974,666.00,12.91
23.56,-10.08,19:10:18:117,666.00,14.90
20.44,-11.38,19:10:18:246,666.00,16.77
19.39,-10.56,19:10:18:385,666.00,16.08
18.79,-11.93,19:10:18:520,666.00,16.21
16.78,-16.27,19:10:18:640,666.00,17.35
14.84,-18.79,19:10:18:774,666.00,17.58
13.98,-18.61,19:10:18:907,666.00,18.11
13.28,-16.88,19:10:19:038,666.00,18.62
12.86,-14.79,19:10:19:161,666.00,18.30
12.49,-13.70,19:10:19:295,666.00,18.51
15.24,-12.91,19:10:19:425,666.00,21.54
23.22,-6.43,19:10:19:563,666.00,21.73
33.82,-4.06,19:10:19:691,666.00,19.65
44.86,-3.24,19:10:19:817,666.00,18.92
53.97,-1.54,19:10:19:942,666.00,18.40
62.29,-0.74,19:10:20:073,666.00,17.01
71.41,0.61,19:10:20:201,666.00,15.10
76.41,2.31,19:10:20:331,666.00,16.62
85.75,1.40,19:10:20:457,666.00,15.40
95.12,2.47,19:10:20:585,666.00,16.43
102.59,3.71,19:10:20:725,666.00,19.00
111.04,3.36,19:10:20:854,666.00,18.16
121.17,4.66,19:10:21:015,666.00,13.29
129.17,5.98,19:10:21:155,666.00,14.69
134.97,8.38,19:10:21:294,666.00,17.83
138.19,9.72,19:10:21:433,666.00,19.14
143.48,10.63,19:10:21:568,666.00,16.86
150.74,10.86,19:10:21:711,666.00,15.94
151.75,11.91,19:10:21:836,666.00,17.70
152.41,14.54,19:10:21:960,666.00,18.53
155.25,19.36,19:10:22:094,666.00,19.57
163.76,31.45,19:10:22:242,666.00,16.56
164.32,34.27,19:10:22:376,666.00,15.66
163.73,35.44,19:10:22:505,666.00,16.49
161.50,28.11,19:10:22:638,666.00,15.37
156.95,14.79,19:10:22:771,666.00,13.60
153.10,7.96,19:10:22:901,666.00,11.05
144.89,3.02,19:10:23:029,666.00,10.23
134.14,4.76,19:10:23:156,666.00,16.43
117.52,1.96,19:10:23:287,666.00,16.15
111.14,-1.27,19:10:23:413,666.00,11.05
99.84,-2.77,19:10:23:539,666.00,15.13
90.17,-4.55,19:10:23:666,666.00,13.33
82.06,-6.70,19:10:23:799,666.00,15.10
71.09,-8.21,19:10:23:932,666.00,13.90
60.34,-10.31,19:10:24:059,666.00,15.34
51.44,-11.54,19:10:24:180,666.00,13.55
42.80,-11.74,19:10:24:309,666.00,12.92
35.71,-10.54,19:10:24:438,666.00,8.76
31.07,-10.69,19:10:24:579,666.00,12.82
28.00,-11.95,19:10:24:713,666.00,13.02
23.31,-13.28,19:10:24:843,666.00,14.77
19.95,-14.94,19:10:24:974,666.00,17.17
17.66,-17.11,19:10:25:102,666.00,18.66
16.39,-17.66,19:10:25:242,666.00,18.11
14.27,-17.54,19:10:25:372,666.00,19.16
13.13,-17.82,19:10:25:495,666.00,19.39
12.67,-18.97,19:10:25:633,666.00,19.40
12.80,-19.60,19:10:25:761,666.00,19.34
12.98,-19.53,19:10:25:902,666.00,19.76
16.95,-19.52,19:10:26:039,666.00,21.80
23.74,-16.22,19:10:26:173,666.00,23.00
33.60,-9.91,19:10:26:308,666.00,20.62
42.45,-6.79,19:10:26:447,666.00,24.12
53.39,-4.74,19:10:26:573,666.00,20.10
64.31,-4.06,19:10:26:704,666.00,18.96
74.50,-1.72,19:10:26:836,666.00,19.41
82.09,-1.15,19:10:26:965,666.00,16.76
91.65,0.00,19:10:27:096,666.00,19.00
99.59,1.77,19:10:27:228,666.00,17.72
109.28,2.48,19:10:27:346,666.00,15.57
115.65,4.59,19:10:27:473,666.00,14.43
121.86,6.61,19:10:27:604,666.00,14.64
130.15,8.17,19:10:27:742,666.00,14.57
133.84,8.18,19:10:27:874,666.00,16.53
137.25,9.29,19:10:28:004,666.00,17.78
140.83,9.94,19:10:28:137,666.00,16.97
143.83,10.94,19:10:28:260,666.00,16.85
149.28,13.19,19:10:28:386,666.00,17.64
152.89,12.72,19:10:28:528,666.00,17.18
153.07,17.73,19:10:28:670,666.00,19.12
156.04,22.82,19:10:28:800,666.00,19.68
162.50,36.68,19:10:28:923,666.00,15.37
162.48,40.77,19:10:29:053,666.00,17.08
161.57,45.19,19:10:29:194,666.00,17.63
162.14,44.48,19:10:29:325,666.00,16.75
161.78,40.28,19:10:29:457,666.00,14.97
158.19,26.63,19:10:29:591,666.00,13.92
154.33,16.06,19:10:29:725,666.00,9.72
142.27,13.09,19:10:29:856,666.00,14.87
135.57,10.61,19:10:29:981,666.00,14.24
126.08,5.76,19:10:30:105,666.00,16.37
117.38,6.34,19:10:30:229,666.00,16.16
110.27,4.71,19:10:30:360,666.00,13.58
100.55,3.05,19:10:30:490,666.00,16.59
92.20,0.44,19:10:30:608,666.00,11.88
83.52,-1.27,19:10:30:735,666.00,14.18
73.98,-2.51,19:10:30:854,666.00,15.89
64.01,-3.76,19:10:30:968,666.00,14.48
57.05,-4.23,19:10:31:094,666.00,15.49
49.91,-4.43,19:10:31:229,666.00,15.08
42.65,-5.95,19:10:31:363,666.00,14.97
36.05,-7.87,19:10:31:497,666.00,14.70
28.27,-9.50,19:10:31:641,666.00,14.21
23.39,-11.25,19:10:31:773,666.00,14.63
20.90,-13.86,19:10:31:907,666.00,15.70
19.37,-14.92,19:10:32:036,666.00,15.73
16.46,-18.67,19:10:32:165,666.00,16.63
14.23,-17.02,19:10:32:301,666.00,16.64
13.69,-15.80,19:10:32:426,666.00,17.26
13.37,-15.09,19:10:32:553,666.00,17.77
13.48,-15.49,19:10:32:685,666.00,18.05
17.46,-12.00,19:10:32:808,666.00,20.24
25.42,-8.68,19:10:32:938,666.00,19.94
33.04,-6.03,19:10:33:061,666.00,17.84
41.54,-3.88,19:10:33:192,666.00,19.10
48.83,-1.85,19:10:33:318,666.00,18.31
56.35,-1.29,19:10:33:448,666.00,18.01
65.50,-0.03,19:10:33:576,666.00,12.96
74.73,0.33,19:10:33:708,666.00,12.59
84.55,1.62,19:10:33:833,666.00,14.73
93.52,3.18,19:10:33:962,666.00,16.58
107.79,5.32,19:10:34:096,666.00,12.81
115.29,6.19,19:10:34:224,666.00,14.33
125.55,9.16,19:10:34:360,666.00,17.73
132.99,11.20,19:10:34:493,666.00,14.62
140.64,13.93,19:10:34:620,666.00,15.50
147.72,15.00,19:10:34:755,666.00,16.94
152.86,20.18,19:10:34:884,666.00,21.96
160.52,32.91,19:10:35:015,666.00,12.86
161.87,39.20,19:10:35:151,666.00,15.66
162.87,41.36,19:10:35:286,666.00,14.38
163.26,39.18,19:10:35:408,666.00,13.04
158.28,31.54,19:10:35:540,666.00,14.23
154.85,16.57,19:10:35:668,666.00,7.15
149.42,7.59,19:10:35:790,666.00,6.80
135.30,6.91,19:10:35:915,666.00,18.04
126.66,2.63,19:10:36:040,666.00,15.93
113.79,-0.41,19:10:36:172,666.00,12.76
101.11,-2.80,19:10:36:299,666.00,15.95
91.12,-5.72,19:10:36:427,666.00,11.47
79.55,-7.12,19:10:36:550,666.00,12.40
67.70,-6.67,19:10:36:675,666.00,10.59
56.30,-7.65,19:10:36:803,666.00,14.58
45.71,-9.08,19:10:36:950,666.00,14.96
39.30,-9.20,19:10:37:070,666.00,12.99
31.56,-9.90,19:10:37:209,666.00,12.59
24.64,-11.74,19:10:37:339,666.00,12.17
19.69,-10.65,19:10:37:474,666.00,14.60
16.48,-11.12,19:10:37:595,666.00,15.08
12.56,-9.67,19:10:37:739,666.00,16.03
10.23,-3.94,19:10:37:879,666.00,18.52
10.71,-6.11,19:10:38:020,666.00,18.61
15.29,-11.89,19:10:38:144,666.00,20.35
24.02,-12.17,19:10:38:275,666.00,19.64
36.25,-7.64,19:10:38:413,666.00,19.56
48.90,-3.20,19:10:38:535,666.00,18.89
56.96,-2.53,19:10:38:656,666.00,17.99
68.62,0.15,19:10:38:790,666.00,19.16
78.88,2.73,19:10:38:922,666.00,15.85
89.07,5.05,19:10:39:052,666.00,19.94
100.71,8.40,19:10:39:175,666.00,17.62
111.31,9.55,19:10:39:308,666.00,16.51
120.40,10.88,19:10:39:437,666.00,17.10
130.41,11.62,19:10:39:565,666.00,11.52
135.91,12.80,19:10:39:693,666.00,19.34
142.13,15.41,19:10:39:822,666.00,16.34
148.39,19.14,19:10:39:941,666.00,18.63
152.17,26.17,19:10:40:069,666.00,19.65
153.88,36.07,19:10:40:204,666.00,19.69
161.47,52.23,19:10:40:337,666.00,17.74
164.87,63.15,19:10:40:463,666.00,12.51
162.50,57.64,19:10:40:590,666.00,15.94
161.34,54.46,19:10:40:730,666.00,13.52
158.62,38.09,19:10:40:856,666.00,13.89
156.25,29.76,19:10:40:985,666.00,14.31
153.37,21.34,19:10:41:124,666.00,10.67
143.13,11.45,19:10:41:245,666.00,11.62
125.00,6.64,19:10:41:384,666.00,12.86
99.14,0.95,19:10:41:511,666.00,17.76
82.15,-1.71,19:10:41:633,666.00,14.63
66.45,-6.67,19:10:41:755,666.00,12.54
48.58,-9.67,19:10:41:888,666.00,14.19
36.98,-10.95,19:10:42:023,666.00,14.33
27.16,-12.54,19:10:42:158,666.00,9.69
20.34,-11.36,19:10:42:291,666.00,15.80
15.06,-11.78,19:10:42:424,666.00,16.94
11.17,-10.67,19:10:42:552,666.00,18.36
9.93,-8.36,19:10:42:680,666.00,19.95
12.47,-10.98,19:10:42:812,666.00,20.13
18.56,-11.99,19:10:42:941,666.00,20.54
26.61,-9.64,19:10:43:071,666.00,22.46
33.60,-7.79,19:10:43:198,666.00,19.64
42.61,-5.41,19:10:43:319,666.00,21.34
48.78,-4.11,19:10:43:443,666.00,17.15
54.48,-3.68,19:10:43:572,666.00,17.41
61.05,-2.60,19:10:43:700,666.00,19.33
67.65,-1.33,19:10:43:828,666.00,16.15
75.61,-0.56,19:10:43:954,666.00,13.86
83.25,0.45,19:10:44:080,666.00,15.33
92.02,2.17,19:10:44:199,666.00,15.66
98.22,3.60,19:10:44:328,666.00,19.03
106.80,5.05,19:10:44:469,666.00,14.15
114.49,7.34,19:10:44:604,666.00,16.29
121.91,10.58,19:10:44:735,666.00,11.64
123.92,12.07,19:10:44:860,666.00,16.91
129.25,13.90,19:10:44:983,666.00,13.70
132.78,15.45,19:10:45:113,666.00,17.81
136.00,16.90,19:10:45:236,666.00,17.47
138.54,19.19,19:10:45:364,666.00,15.84
142.42,22.02,19:10:45:492,666.00,17.33
147.98,24.61,19:10:45:623,666.00,14.40
149.56,27.22,19:10:45:746,666.00,18.63
149.35,29.41,19:10:45:869,666.00,19.44
153.04,31.37,19:10:45:992,666.00,15.48
148.66,23.41,19:10:46:120,666.00,21.27
146.40,16.91,19:10:46:256,666.00,17.03
138.94,10.25,19:10:46:380,666.00,15.49
132.19,6.09,19:10:46:505,666.00,13.49
114.70,2.63,19:10:46:643,666.00,16.09
104.35,2.05,19:10:46:773,666.00,13.14
87.05,1.94,19:10:46:900,666.00,16.34
77.30,-0.04,19:10:47:025,666.00,15.58
64.54,-2.73,19:10:47:167,666.00,12.20
51.70,-2.14,19:10:47:298,666.00,16.68
40.73,-3.09,19:10:47:438,666.00,15.28
32.65,-4.11,19:10:47:573,666.00,16.36
26.70,-7.04,19:10:47:706,666.00,14.56
21.31,-9.85,19:10:47:835,666.00,16.83
16.96,-15.84,19:10:47:978,666.00,18.31
13.16,-15.75,19:10:48:120,666.00,17.15
11.82,-14.47,19:10:48:250,666.00,17.57
12.12,-15.86,19:10:48:374,666.00,17.73
14.31,-18.35,19:10:48:502,666.00,21.63
18.80,-17.04,19:10:48:627,666.00,21.44
27.26,-11.85,19:10:48:771,666.00,21.75
42.40,-6.54,19:10:48:904,666.00,17.97
50.91,-5.42,19:10:49:027,666.00,21.32
64.49,-2.87,19:10:49:153,666.00,17.28
75.65,-0.95,19:10:49:284,666.00,17.55
88.85,0.37,19:10:49:416,666.00,16.40
101.22,3.35,19:10:49:547,666.00,15.20
112.85,5.02,19:10:49:682,666.00,14.73
123.06,6.38,19:10:49:808,666.00,13.43
131.27,9.31,19:10:49:932,666.00,13.65
134.80,10.33,19:10:50:061,666.00,16.37
139.16,12.24,19:10:50:190,666.00,18.17
143.55,15.09,19:10:50:318,666.00,18.94
148.22,18.55,19:10:50:445,666.00,20.63
151.12,24.53,19:10:50:588,666.00,21.89
153.84,34.23,19:10:50:724,666.00,20.99
159.16,42.55,19:10:50:855,666.00,16.12
158.68,36.84,19:10:50:976,666.00,15.27
152.60,16.41,19:10:51:110,666.00,12.75
137.92,11.47,19:10:51:235,666.00,14.76
119.99,7.76,19:10:51:368,666.00,12.74
106.42,3.57,19:10:51:501,666.00,6.32
89.34,0.80,19:10:51:626,666.00,12.79
76.11,0.16,19:10:51:753,666.00,11.28
63.23,-1.70,19:10:51:886,666.00,13.18
51.35,-3.55,19:10:52:016,666.00,16.32
40.99,-6.76,19:10:52:151,666.00,16.21
31.84,-9.93,19:10:52:283,666.00,12.23
22.91,-12.77,19:10:52:421,666.00,13.31
17.79,-17.36,19:10:52:549,666.00,13.65
13.58,-23.23,19:10:52:671,666.00,17.90
11.43,-22.35,19:10:52:806,666.00,18.67
11.71,-22.01,19:10:52:925,666.00,18.47
12.35,-21.77,19:10:53:056,666.00,18.79
17.22,-20.07,19:10:53:184,666.00,17.78
24.56,-17.82,19:10:53:328,666.00,20.50
34.92,-12.44,19:10:53:470,666.00,18.06
47.42,-7.64,19:10:53:614,666.00,20.77
57.75,-5.31,19:10:53:746,666.00,17.89
68.37,-5.03,19:10:53:913,666.00,16.46
81.22,-1.73,19:10:54:056,666.00,19.46
95.00,3.35,19:10:54:194,666.00,14.75
108.85,5.13,19:10:54:332,666.00,11.20
117.05,5.76,19:10:54:495,666.00,15.04
126.58,5.03,19:10:54:638,666.00,17.16
133.73,4.86,19:10:54:813,666.00,15.51
139.56,7.36,19:10:54:953,666.00,17.94
145.43,8.02,19:10:55:100,666.00,17.37
149.61,10.26,19:10:55:240,666.00,22.30
152.41,14.68,19:10:55:373,666.00,19.91
151.40,14.31,19:10:55:513,666.00,19.16
145.80,11.15,19:10:55:661,666.00,15.42
135.80,6.41,19:10:55:802,666.00,13.92
115.35,3.85,19:10:55:946,666.00,14.60
97.70,-0.07,19:10:56:100,666.00,14.67
74.93,-5.61,19:10:56:246,666.00,11.64
58.78,-9.58,19:10:56:403,666.00,14.83
45.06,-11.48,19:10:56:571,666.00,11.96
31.92,-13.03,19:10:56:711,666.00,14.24
23.77,-19.10,19:10:56:851,666.00,10.89
18.75,-24.77,19:10:56:989,666.00,15.48
15.40,-24.85,19:10:57:121,666.00,16.66
13.54,-25.14,19:10:57:244,666.00,16.32
13.23,-25.10,19:10:57:378,666.00,17.04
15.05,-25.93,19:10:57:539,666.00,18.51
20.99,-20.84,19:10:57:667,666.00,22.36
27.51,-18.11,19:10:57:789,666.00,22.65
35.20,-14.39,19:10:57:921,666.00,17.69
37.13,-14.53,19:10:58:056,666.00,16.05
35.03,-14.74,19:10:58:172,666.00,13.90
31.11,-14.95,19:10:58:309,666.00,12.10
27.54,-15.33,19:10:58:445,666.00,10.03
24.22,-15.52,19:10:58:586,666.00,14.39
22.21,-15.38,19:10:58:713,666.00,16.01
21.15,-15.56,19:10:58:835,666.00,16.15
20.40,-16.44,19:10:58:961,666.00,16.73
19.85,-16.65,19:10:59:103,666.00,17.17
19.65,-16.56,19:10:59:238,666.00,17.26
19.40,-16.34,19:10:59:374,666.00,17.54
19.17,-16.04,19:10:59:501,666.00,17.78
19.04,-15.75,19:10:59:637,666.00,17.95
18.96,-15.81,19:10:59:783,666.00,17.99
18.91,-15.96,19:10:59:918,666.00,18.08
18.97,-15.97,19:11:00:040,666.00,18.01
19.05,-15.84,19:11:00:174,666.00,17.96
18.96,-15.44,19:11:00:307,666.00,18.11
19.12,-16.24,19:11:00:447,666.00,17.97
19.31,-16.45,19:11:00:573,666.00,17.75
19.42,-16.66,19:11:00:707,666.00,17.58
19.43,-17.15,19:11:00:843,666.00,17.68
19.47,-17.01,19:11:00:975,666.00,17.69
19.46,-16.91,19:11:01:112,666.00,17.69
19.42,-16.69,19:11:01:263,666.00,17.72
19.38,-16.27,19:11:01:393,666.00,17.73
19.52,-16.21,19:11:01:524,666.00,17.67
19.48,-15.93,19:11:01:650,666.00,17.64
19.46,-15.73,19:11:01:771,666.00,17.73
19.40,-15.79,19:11:01:908,666.00,17.97
19.43,-16.21,19:11:02:045,666.00,17.94
19.45,-15.72,19:11:02:172,666.00,17.71
19.42,-15.96,19:11:02:292,666.00,17.76
19.43,-15.29,19:11:02:414,666.00,17.53
19.40,-15.01,19:11:02:552,666.00,17.46
19.39,-14.86,19:11:02:683,666.00,17.73
19.48,-14.83,19:11:02:827,666.00,17.77
19.49,-14.85,19:11:02:962,666.00,17.76
19.58,-14.18,19:11:03:085,666.00,17.58
19.53,-14.10,19:11:03:208,666.00,17.69
19.58,-14.26,19:11:03:347,666.00,17.65
19.44,-14.41,19:11:03:473,666.00,17.74
19.47,-14.58,19:11:03:613,666.00,17.82
19.41,-14.97,19:11:03:749,666.00,17.87
19.42,-15.08,19:11:03:872,666.00,18.12
21.99,-15.43,19:11:04:001,666.00,19.16
26.50,-14.52,19:11:04:129,666.00,20.72
36.34,-13.06,19:11:04:258,666.00,17.98
47.15,-9.96,19:11:04:390,666.00,18.31
58.54,-6.71,19:11:04:523,666.00,17.13
70.37,-4.26,19:11:04:649,666.00,15.46
81.27,-1.36,19:11:04:779,666.00,20.46
95.57,4.80,19:11:04:900,666.00,18.35
105.50,5.54,19:11:05:027,666.00,13.28
113.46,7.10,19:11:05:150,666.00,16.12
123.73,8.21,19:11:05:278,666.00,12.87
131.01,9.66,19:11:05:404,666.00,13.91
135.80,10.95,19:11:05:534,666.00,16.82
140.93,13.68,19:11:05:670,666.00,16.26
146.62,15.18,19:11:05:812,666.00,19.69
151.77,18.91,19:11:05:942,666.00,20.47
157.96,26.61,19:11:06:077,666.00,17.88
163.87,35.67,19:11:06:204,666.00,15.29
164.93,39.56,19:11:06:336,666.00,14.00
164.14,34.63,19:11:06:474,666.00,13.70
158.14,19.41,19:11:06:603,666.00,13.25
151.71,11.11,19:11:06:727,666.00,9.61
135.80,9.47,19:11:06:868,666.00,20.32
118.15,4.25,19:11:07:006,666.00,17.52
111.22,2.27,19:11:07:130,666.00,13.01
96.52,-1.09,19:11:07:257,666.00,13.46
81.49,-3.17,19:11:07:387,666.00,12.96
68.73,-5.20,19:11:07:519,666.00,14.43
55.81,-7.36,19:11:07:645,666.00,16.43
46.43,-8.90,19:11:07:775,666.00,15.84
37.11,-8.05,19:11:07:914,666.00,16.42
30.41,-8.81,19:11:08:042,666.00,13.57
24.55,-11.23,19:11:08:170,666.00,14.89
20.67,-13.84,19:11:08:295,666.00,16.01
15.65,-17.50,19:11:08:419,666.00,16.41
12.50,-20.32,19:11:08:545,666.00,16.87
11.97,-22.03,19:11:08:673,666.00,17.19
12.32,-22.03,19:11:08:800,666.00,17.02
15.10,-20.25,19:11:08:933,666.00,19.34
18.64,-17.61,19:11:09:064,666.00,21.29
25.93,-12.20,19:11:09:194,666.00,22.90
34.10,-8.90,19:11:09:314,666.00,19.40
42.58,-6.06,19:11:09:468,666.00,23.05
50.84,-5.54,19:11:09:602,666.00,19.74
59.94,-4.16,19:11:09:741,666.00,18.90
68.00,-3.10,19:11:09:865,666.00,16.98
72.51,-2.69,19:11:09:988,666.00,15.97
80.02,-0.91,19:11:10:108,666.00,18.32
88.33,-0.06,19:11:10:236,666.00,18.56
95.72,2.19,19:11:10:363,666.00,19.70
108.13,3.54,19:11:10:488,666.00,14.77
114.45,4.11,19:11:10:613,666.00,12.88
122.71,5.82,19:11:10:748,666.00,11.34
129.10,7.16,19:11:10:872,666.00,13.91
133.59,7.38,19:11:11:001,666.00,16.06
137.27,8.79,19:11:11:126,666.00,16.88
140.04,10.70,19:11:11:262,666.00,16.59
143.86,13.31,19:11:11:400,666.00,19.09
148.10,15.38,19:11:11:527,666.00,18.23
152.26,18.95,19:11:11:662,666.00,20.04
154.90,22.90,19:11:11:803,666.00,19.12
159.29,27.65,19:11:11:927,666.00,15.42
159.17,27.00,19:11:12:071,666.00,14.93
156.69,22.20,19:11:12:197,666.00,14.56
149.44,10.55,19:11:12:322,666.00,8.26
136.41,9.52,19:11:12:451,666.00,16.49
125.28,5.63,19:11:12:572,666.00,13.09
113.14,5.14,19:11:12:703,666.00,13.14
98.05,0.82,19:11:12:848,666.00,21.08
87.34,2.95,19:11:12:998,666.00,9.39
74.68,-0.73,19:11:13:121,666.00,13.08
62.07,-4.01,19:11:13:250,666.00,15.69
52.91,-5.60,19:11:13:374,666.00,15.54
45.33,-7.46,19:11:13:502,666.00,14.10
36.93,-8.17,19:11:13:640,666.00,15.27
30.05,-8.03,19:11:13:770,666.00,11.58
25.01,-10.30,19:11:13:891,666.00,14.02
19.92,-12.96,19:11:14:017,666.00,15.90
15.13,-13.35,19:11:14:150,666.00,17.84
13.51,-10.39,19:11:14:278,666.00,16.89
12.75,-10.84,19:11:14:408,666.00,17.32
12.50,-11.10,19:11:14:560,666.00,17.71
12.88,-12.08,19:11:14:687,666.00,18.03
16.39,-12.62,19:11:14:816,666.00,20.23
21.81,-10.46,19:11:14:939,666.00,22.10
30.13,-7.43,19:11:15:072,666.00,20.67
37.28,-6.08,19:11:15:204,666.00,17.95
48.97,-4.18,19:11:15:338,666.00,18.60
58.94,-3.00,19:11:15:471,666.00,16.86
69.94,-0.86,19:11:15:609,666.00,15.27
79.94,0.77,19:11:15:740,666.00,18.78
88.45,2.51,19:11:15:867,666.00,17.22
101.38,4.15,19:11:15:993,666.00,11.92
111.27,5.30,19:11:16:142,666.00,17.10
121.63,5.58,19:11:16:272,666.00,13.04
129.45,7.51,19:11:16:407,666.00,13.97
135.10,7.83,19:11:16:536,666.00,18.39
138.34,8.14,19:11:16:659,666.00,18.94
144.24,11.15,19:11:16:777,666.00,17.46
148.84,12.72,19:11:16:913,666.00,21.31
156.58,19.63,19:11:17:042,666.00,15.03
158.61,24.69,19:11:17:172,666.00,16.68
159.67,29.68,19:11:17:303,666.00,17.60
160.09,29.66,19:11:17:438,666.00,15.71
157.08,20.55,19:11:17:567,666.00,14.37
145.57,16.00,19:11:17:693,666.00,19.75
140.14,11.90,19:11:17:844,666.00,15.43
122.17,6.30,19:11:17:979,666.00,14.27
111.46,5.92,19:11:18:110,666.00,12.05
90.90,5.01,19:11:18:237,666.00,18.89
82.77,2.61,19:11:18:368,666.00,14.34
71.63,2.24,19:11:18:492,666.00,11.62
60.93,0.72,19:11:18:624,666.00,14.09
52.03,0.35,19:11:18:759,666.00,13.59
43.73,-0.40,19:11:18:896,666.00,14.75
35.31,-1.87,19:11:19:028,666.00,15.04
28.49,-2.66,19:11:19:155,666.00,11.82
21.47,-6.52,19:11:19:287,666.00,15.19
17.00,-10.92,19:11:19:425,666.00,15.49
13.45,-14.36,19:11:19:554,666.00,16.12
11.96,-13.57,19:11:19:690,666.00,17.15
11.82,-12.89,19:11:19:815,666.00,17.56
14.17,-14.37,19:11:19:938,666.00,20.63
18.11,-12.18,19:11:20:053,666.00,22.51
25.44,-9.82,19:11:20:180,666.00,23.01
34.79,-5.42,19:11:20:310,666.00,20.90
45.72,-3.27,19:11:20:439,666.00,18.71
56.58,-2.74,19:11:20:571,666.00,17.71
65.94,-2.83,19:11:20:700,666.00,18.98
74.00,-2.08,19:11:20:823,666.00,14.35
81.85,-1.44,19:11:20:949,666.00,16.32
92.41,1.21,19:11:21:071,666.00,13.17
98.17,2.54,19:11:21:203,666.00,16.50
106.95,3.70,19:11:21:335,666.00,17.86
112.36,4.66,19:11:21:469,666.00,18.44
117.46,6.41,19:11:21:590,666.00,14.80
123.73,8.68,19:11:21:716,666.00,13.28
129.67,9.39,19:11:21:835,666.00,16.20
134.51,9.63,19:11:21:958,666.00,17.08
139.08,10.87,19:11:22:082,666.00,17.31
144.72,14.05,19:11:22:208,666.00,18.27
156.90,19.30,19:11:22:335,666.00,16.74
159.36,25.93,19:11:22:467,666.00,16.03
162.33,36.17,19:11:22:601,666.00,15.75
162.34,35.83,19:11:22:733,666.00,15.75
161.17,28.42,19:11:22:870,666.00,13.22
153.75,16.79,19:11:23:004,666.00,7.27
140.47,15.22,19:11:23:135,666.00,11.38
131.94,12.71,19:11:23:264,666.00,10.19
117.48,9.65,19:11:23:395,666.00,11.70
105.52,6.75,19:11:23:527,666.00,8.23
91.39,5.55,19:11:23:671,666.00,13.10
85.15,4.22,19:11:23:798,666.00,14.79
75.97,1.54,19:11:23:930,666.00,14.08
66.31,-2.18,19:11:24:053,666.00,10.46
56.40,-4.10,19:11:24:183,666.00,13.87
49.10,-5.18,19:11:24:313,666.00,10.80
41.29,-5.95,19:11:24:449,666.00,13.48
34.15,-9.68,19:11:24:585,666.00,14.17
28.17,-11.08,19:11:24:715,666.00,10.43
24.09,-12.27,19:11:24:844,666.00,13.67
20.43,-12.45,19:11:24:966,666.00,14.85
18.13,-14.42,19:11:25:095,666.00,15.49
15.28,-15.90,19:11:25:224,666.00,15.31
13.18,-15.93,19:11:25:349,666.00,16.60
11.87,-16.22,19:11:25:479,666.00,17.41
10.92,-15.92,19:11:25:619,666.00,18.44
11.38,-15.55,19:11:25:750,666.00,18.02
12.62,-15.95,19:11:25:873,666.00,18.32
17.89,-14.77,19:11:26:004,666.00,19.61
25.62,-9.75,19:11:26:139,666.00,22.30
36.65,-6.69,19:11:26:284,666.00,18.89
47.82,-4.89,19:11:26:407,666.00,19.07
59.02,-4.10,19:11:26:541,666.00,17.76
68.25,-3.17,19:11:26:673,666.00,15.72
74.01,-0.85,19:11:26:797,666.00,15.78
82.49,0.44,19:11:26:923,666.00,16.00
92.19,1.54,19:11:27:059,666.00,12.43
97.48,3.79,19:11:27:187,666.00,16.91
105.63,4.86,19:11:27:323,666.00,15.86
113.55,4.07,19:11:27:466,666.00,14.91
123.32,5.79,19:11:27:590,666.00,11.48
129.63,9.24,19:11:27:728,666.00,13.23
134.59,9.25,19:11:27:869,666.00,18.93
140.65,11.81,19:11:27:991,666.00,16.06
145.06,15.30,19:11:28:124,666.00,15.63
151.96,16.49,19:11:28:251,666.00,12.31
151.59,19.18,19:11:28:381,666.00,18.58
152.17,21.51,19:11:28:523,666.00,20.28
153.95,24.52,19:11:28:652,666.00,21.54
158.79,35.54,19:11:28:792,666.00,16.41
158.90,38.33,19:11:28:924,666.00,15.03
156.52,28.82,19:11:29:074,666.00,13.58
146.36,15.76,19:11:29:211,666.00,9.32
134.08,16.94,19:11:29:340,666.00,14.07
120.40,12.58,19:11:29:484,666.00,14.29
112.78,10.44,19:11:29:614,666.00,13.19
100.65,7.26,19:11:29:739,666.00,13.19
92.27,6.60,19:11:29:862,666.00,14.62
80.71,4.95,19:11:29:987,666.00,11.56
68.78,1.49,19:11:30:111,666.00,14.68
56.96,-1.34,19:11:30:247,666.00,15.43
47.96,-4.51,19:11:30:373,666.00,15.85
42.69,-6.38,19:11:30:494,666.00,13.96
35.57,-8.85,19:11:30:621,666.00,15.61
28.74,-9.43,19:11:30:744,666.00,13.79
22.93,-9.85,19:11:30:868,666.00,12.91
19.75,-12.54,19:11:31:009,666.00,13.40
15.37,-17.45,19:11:31:132,666.00,16.44
14.37,-18.75,19:11:31:259,666.00,17.19
14.46,-20.76,19:11:31:392,666.00,17.57
14.94,-21.74,19:11:31:533,666.00,17.48
14.82,-21.72,19:11:31:661,666.00,17.55
14.86,-20.97,19:11:31:792,666.00,17.81
16.87,-17.80,19:11:31:922,666.00,18.74
20.97,-13.54,19:11:32:057,666.00,20.27
28.62,-11.91,19:11:32:195,666.00,21.85
40.26,-7.51,19:11:32:318,666.00,20.28
49.65,-4.49,19:11:32:448,666.00,19.11
60.62,-2.60,19:11:32:584,666.00,16.45
69.88,-1.81,19:11:32:711,666.00,15.74
77.42,-0.54,19:11:32:841,666.00,15.85
85.04,-0.33,19:11:32:971,666.00,18.41
94.48,2.12,19:11:33:114,666.00,14.22
102.31,3.15,19:11:33:239,666.00,13.82
111.01,4.13,19:11:33:367,666.00,17.02
115.75,3.71,19:11:33:501,666.00,14.28
127.70,6.12,19:11:33:637,666.00,14.85
132.01,5.31,19:11:33:762,666.00,15.58
137.82,7.25,19:11:33:889,666.00,18.90
144.70,8.71,19:11:34:012,666.00,14.12
146.92,8.66,19:11:34:141,666.00,18.14
156.02,14.23,19:11:34:270,666.00,14.12
159.47,18.54,19:11:34:407,666.00,13.94
164.30,36.70,19:11:34:544,666.00,13.32
163.90,42.24,19:11:34:678,666.00,14.50
162.66,42.60,19:11:34:804,666.00,13.94
160.28,33.90,19:11:34:923,666.00,13.02
149.67,18.04,19:11:35:052,666.00,20.19
142.97,12.59,19:11:35:178,666.00,15.11
134.19,8.04,19:11:35:310,666.00,14.54
118.93,3.21,19:11:35:446,666.00,14.12
110.81,2.26,19:11:35:582,666.00,11.56
96.50,1.17,19:11:35:710,666.00,15.41
84.16,0.25,19:11:35:845,666.00,15.27
76.19,-0.68,19:11:35:976,666.00,12.82
68.83,-2.49,19:11:36:102,666.00,14.60
62.42,-2.44,19:11:36:235,666.00,13.48
54.75,-1.37,19:11:36:369,666.00,14.68
50.35,-2.80,19:11:36:507,666.00,12.84
43.34,-4.28,19:11:36:629,666.00,13.33
35.85,-4.59,19:11:36:757,666.00,13.38
29.53,-6.60,19:11:36:881,666.00,13.40
24.64,-9.03,19:11:37:007,666.00,13.76
21.12,-10.78,19:11:37:144,666.00,14.61
18.78,-12.33,19:11:37:271,666.00,14.46
16.16,-15.54,19:11:37:394,666.00,15.19
14.70,-14.97,19:11:37:527,666.00,14.54
14.45,-14.79,19:11:37:661,666.00,14.99
16.47,-14.08,19:11:37:800,666.00,17.22
24.21,-11.68,19:11:37:933,666.00,19.71
30.00,-8.85,19:11:38:059,666.00,17.78
39.30,-8.21,19:11:38:197,666.00,15.61
48.72,-5.43,19:11:38:331,666.00,17.72
58.84,-5.15,19:11:38:457,666.00,15.58
67.87,-5.07,19:11:38:586,666.00,18.43
75.28,-3.76,19:11:38:732,666.00,15.63
84.80,-3.12,19:11:38:862,666.00,19.26
96.56,-0.57,19:11:38:991,666.00,14.31
106.49,0.32,19:11:39:120,666.00,14.81
114.22,1.16,19:11:39:251,666.00,15.34
125.12,3.80,19:11:39:387,666.00,11.60
131.26,5.43,19:11:39:521,666.00,14.08
135.52,5.63,19:11:39:649,666.00,17.50
139.07,6.10,19:11:39:795,666.00,18.30
145.17,5.92,19:11:39:925,666.00,15.34
151.05,3.74,19:11:40:058,666.00,16.34
154.21,5.06,19:11:40:183,666.00,15.90
155.50,7.67,19:11:40:322,666.00,16.70
157.09,12.83,19:11:40:462,666.00,15.92
162.18,24.44,19:11:40:587,666.00,12.51
161.24,30.10,19:11:40:721,666.00,13.63
157.43,25.37,19:11:40:860,666.00,17.43
153.04,18.07,19:11:40:994,666.00,16.12
144.37,10.59,19:11:41:122,666.00,15.17
136.12,5.93,19:11:41:261,666.00,12.36
121.87,3.13,19:11:41:397,666.00,13.53
110.02,-0.50,19:11:41:526,666.00,10.04
95.69,-2.82,19:11:41:648,666.00,9.05
83.41,-3.65,19:11:41:782,666.00,14.06
73.92,-3.97,19:11:41:912,666.00,10.43
63.34,-5.77,19:11:42:036,666.00,10.43
56.52,-6.33,19:11:42:158,666.00,12.76
49.14,-7.12,19:11:42:284,666.00,10.40
42.08,-7.81,19:11:42:420,666.00,10.23
36.74,-7.17,19:11:42:545,666.00,10.72
30.58,-8.07,19:11:42:681,666.00,13.07
25.26,-10.49,19:11:42:814,666.00,12.72
19.87,-14.26,19:11:42:941,666.00,15.19
16.89,-18.65,19:11:43:082,666.00,17.04
15.06,-19.01,19:11:43:212,666.00,17.00
13.46,-17.38,19:11:43:335,666.00,17.94
13.18,-17.04,19:11:43:462,666.00,18.04
13.98,-17.96,19:11:43:589,666.00,19.29
16.07,-17.79,19:11:43:718,666.00,20.64
19.59,-17.88,19:11:43:847,666.00,20.42
24.64,-14.76,19:11:43:973,666.00,22.44
31.77,-13.73,19:11:44:110,666.00,19.44
39.93,-11.45,19:11:44:241,666.00,17.91
48.09,-9.73,19:11:44:370,666.00,20.41
55.68,-8.49,19:11:44:490,666.00,16.60
65.10,-7.92,19:11:44:621,666.00,18.26
73.50,-6.12,19:11:44:752,666.00,14.56
81.78,-6.17,19:11:44:879,666.00,17.22
89.16,-4.18,19:11:45:018,666.00,17.50
96.58,-1.56,19:11:45:143,666.00,17.56
107.07,1.43,19:11:45:270,666.00,13.03
111.72,3.68,19:11:45:399,666.00,15.85
120.39,6.46,19:11:45:526,666.00,14.11
128.43,6.81,19:11:45:652,666.00,13.46
133.90,5.80,19:11:45:778,666.00,18.17
138.55,6.36,19:11:45:917,666.00,19.65
147.49,9.03,19:11:46:049,666.00,14.87
150.17,8.63,19:11:46:177,666.00,18.92
152.02,14.21,19:11:46:305,666.00,17.96
157.83,27.09,19:11:46:435,666.00,16.09
159.88,30.87,19:11:46:568,666.00,18.53
160.56,31.67,19:11:46:698,666.00,18.15
159.00,25.27,19:11:46:826,666.00,16.57
150.44,16.45,19:11:46:959,666.00,17.51
142.42,10.52,19:11:47:099,666.00,14.56
134.52,7.99,19:11:47:234,666.00,13.54
116.11,5.16,19:11:47:375,666.00,16.98
108.67,1.50,19:11:47:512,666.00,12.44
95.74,0.73,19:11:47:639,666.00,12.90
86.88,-1.65,19:11:47:798,666.00,9.86
72.93,-3.07,19:11:47:942,666.00,15.19
62.53,-6.13,19:11:48:076,666.00,11.09
52.45,-8.83,19:11:48:213,666.00,12.65
44.12,-10.58,19:11:48:355,666.00,13.37
38.09,-12.19,19:11:48:489,666.00,12.14
30.79,-15.11,19:11:48:633,666.00,12.74
25.01,-17.47,19:11:48:772,666.00,13.11
22.55,-17.98,19:11:48:906,666.00,13.89
20.31,-19.52,19:11:49:046,666.00,15.09
17.41,-22.35,19:11:49:178,666.00,16.28
15.17,-20.58,19:11:49:304,666.00,16.47
13.18,-18.63,19:11:49:440,666.00,17.18
12.76,-16.57,19:11:49:577,666.00,17.35
14.37,-16.43,19:11:49:706,666.00,16.26
16.84,-16.44,19:11:49:838,666.00,19.89
24.42,-12.73,19:11:49:978,666.00,21.69
33.50,-9.22,19:11:50:117,666.00,19.81
46.21,-7.59,19:11:50:238,666.00,17.73
56.18,-6.27,19:11:50:373,666.00,17.96
66.37,-5.30,19:11:50:511,666.00,17.30
74.94,-4.80,19:11:50:632,666.00,14.56
82.18,-3.96,19:11:50:756,666.00,16.12
90.92,-2.04,19:11:50:897,666.00,16.74
100.63,1.64,19:11:51:042,666.00,15.70
109.63,3.05,19:11:51:172,666.00,16.33
115.02,3.87,19:11:51:301,666.00,14.35
125.49,7.88,19:11:51:427,666.00,10.73
131.39,8.65,19:11:51:552,666.00,15.47
135.70,11.20,19:11:51:690,666.00,18.65
139.38,14.79,19:11:51:817,666.00,18.04
142.90,17.28,19:11:51:950,666.00,18.13
147.25,21.64,19:11:52:080,666.00,18.56
149.57,23.79,19:11:52:211,666.00,22.42
152.85,26.97,19:11:52:338,666.00,20.80
157.00,28.10,19:11:52:477,666.00,17.90
157.92,25.54,19:11:52:611,666.00,17.40
154.73,15.84,19:11:52:753,666.00,14.95
147.61,8.32,19:11:52:877,666.00,13.98
140.35,5.64,19:11:53:002,666.00,14.58
132.09,4.01,19:11:53:132,666.00,12.19
121.28,2.14,19:11:53:254,666.00,11.30
110.15,-0.46,19:11:53:395,666.00,11.67
96.43,-3.93,19:11:53:528,666.00,11.06
82.64,-6.45,19:11:53:658,666.00,9.37
70.45,-7.03,19:11:53:780,666.00,11.67
59.21,-6.22,19:11:53:899,666.00,13.12
52.58,-5.74,19:11:54:019,666.00,10.09
43.13,-5.07,19:11:54:151,666.00,12.60
34.05,-5.29,19:11:54:270,666.00,12.30
29.04,-4.80,19:11:54:393,666.00,12.55
23.01,-5.59,19:11:54:524,666.00,13.08
19.18,-5.27,19:11:54:644,666.00,14.66
17.14,-4.57,19:11:54:767,666.00,15.68
15.68,-3.84,19:11:54:895,666.00,16.15
14.09,-7.43,19:11:55:016,666.00,16.97
13.04,-11.19,19:11:55:150,666.00,18.51
11.89,-10.80,19:11:55:282,666.00,19.28
12.10,-10.40,19:11:55:409,666.00,18.80
13.51,-9.25,19:11:55:536,666.00,17.65
14.81,-8.91,19:11:55:659,666.00,19.06
19.95,-8.72,19:11:55:794,666.00,20.61
29.93,-9.85,19:11:55:925,666.00,20.97
41.81,-6.83,19:11:56:058,666.00,19.74
53.98,-4.57,19:11:56:191,666.00,21.55
66.15,-3.35,19:11:56:328,666.00,19.96
74.70,0.25,19:11:56:463,666.00,16.19
84.92,2.32,19:11:56:601,666.00,17.08
94.88,5.35,19:11:56:729,666.00,14.38
107.02,5.63,19:11:56:861,666.00,9.78
113.05,5.27,19:11:56:991,666.00,15.42
121.55,7.34,19:11:57:131,666.00,14.80
128.34,9.61,19:11:57:262,666.00,12.75
133.65,11.53,19:11:57:391,666.00,13.94
137.24,13.50,19:11:57:530,666.00,17.21
140.96,14.97,19:11:57:676,666.00,16.62
149.07,18.42,19:11:57:805,666.00,13.71
151.96,21.93,19:11:57:927,666.00,14.72
150.96,24.03,19:11:58:058,666.00,20.77
153.05,27.99,19:11:58:184,666.00,18.97
156.33,36.54,19:11:58:318,666.00,15.47
157.64,39.55,19:11:58:449,666.00,14.37
153.06,34.56,19:11:58:597,666.00,17.94
150.92,21.15,19:11:58:733,666.00,16.42
144.18,11.93,19:11:58:873,666.00,13.97
135.88,6.04,19:11:59:006,666.00,12.83
124.99,1.53,19:11:59:151,666.00,11.65
112.72,-0.81,19:11:59:297,666.00,11.61
99.27,-4.05,19:11:59:438,666.00,11.97
88.20,-6.05,19:11:59:576,666.00,11.42
77.73,-6.64,19:11:59:711,666.00,12.82
69.03,-7.61,19:11:59:877,666.00,14.03
58.33,-9.19,19:12:00:024,666.00,14.61
51.38,-9.63,19:12:00:175,666.00,13.31
42.43,-11.58,19:12:00:324,666.00,13.41
35.23,-9.53,19:12:00:477,666.00,8.69
27.63,-13.26,19:12:00:629,666.00,12.78
21.89,-19.81,19:12:00:766,666.00,15.63
17.99,-24.67,19:12:00:903,666.00,15.44
15.93,-27.12,19:12:01:047,666.00,15.68
15.78,-28.04,19:12:01:198,666.00,16.63
15.19,-28.78,19:12:01:340,666.00,17.30
15.15,-28.50,19:12:01:481,666.00,17.45
14.72,-27.83,19:12:01:617,666.00,17.82
16.10,-25.37,19:12:01:750,666.00,17.92
19.12,-22.79,19:12:01:885,666.00,20.53
26.21,-19.09,19:12:02:058,666.00,20.07
36.63,-15.68,19:12:02:210,666.00,17.19
45.28,-13.24,19:12:02:362,666.00,17.00
57.03,-11.72,19:12:02:523,666.00,19.77
68.70,-9.71,19:12:02:663,666.00,16.37
80.76,-5.23,19:12:02:815,666.00,15.43
90.32,-2.64,19:12:02:964,666.00,15.21
100.48,0.85,19:12:03:125,666.00,15.50
109.18,3.05,19:12:03:273,666.00,15.03
118.25,4.52,19:12:03:408,666.00,16.73
125.83,6.86,19:12:03:546,666.00,13.08
130.65,8.62,19:12:03:696,666.00,13.84
134.95,10.60,19:12:03:849,666.00,16.35
138.23,10.88,19:12:03:997,666.00,18.13
143.00,9.49,19:12:04:127,666.00,18.25
152.01,5.43,19:12:04:267,666.00,16.64
155.99,4.36,19:12:04:410,666.00,18.16
163.60,3.08,19:12:04:557,666.00,15.06
163.92,5.62,19:12:04:702,666.00,15.29
162.79,8.07,19:12:04:850,666.00,15.32
158.10,1.82,19:12:04:991,666.00,13.89
149.25,3.12,19:12:05:126,666.00,16.71
144.15,-0.59,19:12:05:277,666.00,8.97
133.25,0.58,19:12:05:439,666.00,13.13
117.96,-0.30,19:12:05:604,666.00,11.68
106.79,-1.70,19:12:05:743,666.00,8.92
88.98,-2.19,19:12:05:895,666.00,11.96
78.25,-4.60,19:12:06:034,666.00,10.86
65.65,-6.31,19:12:06:176,666.00,16.52
56.84,-10.24,19:12:06:318,666.00,14.91
49.97,-13.48,19:12:06:456,666.00,14.51
43.53,-14.67,19:12:06:599,666.00,13.67
37.16,-15.66,19:12:06:746,666.00,14.31
31.83,-16.60,19:12:06:908,666.00,12.05
26.21,-17.94,19:12:07:050,666.00,12.71
22.98,-19.49,19:12:07:202,666.00,15.29
19.89,-20.42,19:12:07:344,666.00,16.74
18.34,-22.23,19:12:07:484,666.00,16.65
15.89,-24.00,19:12:07:624,666.00,17.56
15.08,-23.55,19:12:07:764,666.00,17.68
15.61,-22.17,19:12:07:919,666.00,17.42
15.88,-23.59,19:12:08:063,666.00,17.92
16.02,-23.41,19:12:08:199,666.00,19.23
21.43,-18.71,19:12:08:341,666.00,20.80
30.39,-14.36,19:12:08:479,666.00,19.33
40.84,-11.68,19:12:08:615,666.00,18.21
51.71,-7.90,19:12:08:734,666.00,16.97
59.47,-6.79,19:12:08:857,666.00,16.98
69.11,-5.46,19:12:08:978,666.00,16.26
77.52,-5.15,19:12:09:102,666.00,17.05
83.92,-5.90,19:12:09:229,666.00,15.19
92.84,-4.82,19:12:09:357,666.00,14.40
98.56,-4.85,19:12:09:480,666.00,20.01
107.30,-4.89,19:12:09:599,666.00,15.27
113.86,-4.87,19:12:09:723,666.00,11.73
119.76,-5.00,19:12:09:849,666.00,10.84
126.00,-3.95,19:12:09:985,666.00,16.98
130.16,-2.69,19:12:10:120,666.00,15.26
134.12,-0.76,19:12:10:247,666.00,17.08
136.78,-0.22,19:12:10:368,666.00,18.52
138.50,-0.36,19:12:10:490,666.00,19.66
144.07,0.67,19:12:10:622,666.00,21.02
147.86,0.34,19:12:10:761,666.00,21.43
152.33,4.23,19:12:10:895,666.00,20.23
154.51,11.40,19:12:11:027,666.00,19.20
162.37,22.85,19:12:11:162,666.00,11.90
162.47,28.99,19:12:11:293,666.00,11.54
161.82,32.92,19:12:11:419,666.00,12.72
159.97,27.23,19:12:11:544,666.00,12.65
155.53,15.32,19:12:11:685,666.00,12.80
146.89,5.30,19:12:11:809,666.00,9.53
133.40,5.45,19:12:11:938,666.00,16.92
123.91,1.79,19:12:12:068,666.00,12.63
111.33,2.23,19:12:12:202,666.00,14.45
99.67,-0.88,19:12:12:329,666.00,16.71
90.62,-2.08,19:12:12:461,666.00,13.15
76.82,-4.46,19:12:12:602,666.00,11.98
61.46,-6.12,19:12:12:743,666.00,12.36
52.44,-5.60,19:12:12:878,666.00,13.22
45.56,-5.36,19:12:13:006,666.00,12.26
38.05,-5.42,19:12:13:137,666.00,13.43
29.92,-5.57,19:12:13:275,666.00,15.27
23.85,-6.35,19:12:13:413,666.00,14.19
18.87,-10.08,19:12:13:538,666.00,17.45
16.78,-13.16,19:12:13:665,666.00,18.15
15.50,-17.41,19:12:13:791,666.00,18.52
14.82,-19.39,19:12:13:922,666.00,19.29
14.32,-20.59,19:12:14:050,666.00,19.46
13.62,-19.40,19:12:14:181,666.00,19.23
13.78,-19.58,19:12:14:303,666.00,19.80
16.21,-15.93,19:12:14:437,666.00,21.17
21.58,-11.87,19:12:14:556,666.00,20.52
30.79,-8.70,19:12:14:694,666.00,19.58
42.75,-7.27,19:12:14:823,666.00,17.04
53.24,-6.28,19:12:14:956,666.00,20.44
65.01,-5.10,19:12:15:094,666.00,16.63
75.67,-4.15,19:12:15:217,666.00,15.89
83.28,-4.54,19:12:15:341,666.00,14.74
92.85,-2.27,19:12:15:472,666.00,11.80
97.36,-1.53,19:12:15:596,666.00,15.47
105.15,-0.75,19:12:15:727,666.00,14.35
110.17,-0.25,19:12:15:864,666.00,16.98
119.06,2.72,19:12:16:002,666.00,13.05
124.15,4.55,19:12:16:133,666.00,14.65
129.45,6.64,19:12:16:273,666.00,13.73
133.04,8.28,19:12:16:396,666.00,16.00
138.40,11.53,19:12:16:519,666.00,18.62
144.26,17.47,19:12:16:652,666.00,16.85
150.80,22.27,19:12:16:784,666.00,16.80
150.91,29.10,19:12:16:926,666.00,18.61
152.42,36.02,19:12:17:057,666.00,19.12
157.66,46.61,19:12:17:187,666.00,15.32
158.56,51.53,19:12:17:319,666.00,14.77
158.47,48.74,19:12:17:452,666.00,14.66
156.46,34.55,19:12:17:574,666.00,14.33
150.67,16.90,19:12:17:703,666.00,10.06
137.05,9.09,19:12:17:843,666.00,17.11
130.92,7.11,19:12:17:982,666.00,13.60
114.89,3.99,19:12:18:101,666.00,13.65
98.09,1.54,19:12:18:237,666.00,15.12
83.95,-2.20,19:12:18:367,666.00,11.48
73.37,-4.69,19:12:18:491,666.00,13.81
59.65,-7.22,19:12:18:614,666.00,15.30
48.96,-9.04,19:12:18:746,666.00,12.28
38.88,-9.82,19:12:18:874,666.00,11.84
29.72,-9.41,19:12:19:002,666.00,11.89
24.03,-11.71,19:12:19:143,666.00,12.88
20.03,-15.03,19:12:19:292,666.00,15.62
15.87,-23.65,19:12:19:443,666.00,18.15
14.58,-22.03,19:12:19:576,666.00,18.59
14.79,-22.48,19:12:19:711,666.00,19.65
15.76,-20.11,19:12:19:845,666.00,19.47
16.64,-18.03,19:12:19:973,666.00,18.94
17.18,-16.95,19:12:20:105,666.00,19.15
20.99,-14.92,19:12:20:241,666.00,23.65
32.67,-13.63,19:12:20:382,666.00,19.49
45.65,-12.93,19:12:20:505,666.00,19.70
54.56,-9.93,19:12:20:622,666.00,21.14
66.73,-8.39,19:12:20:747,666.00,17.11
77.99,-6.67,19:12:20:877,666.00,15.30
86.24,-5.19,19:12:21:013,666.00,18.30
96.61,-1.81,19:12:21:137,666.00,19.36
107.50,-0.69,19:12:21:257,666.00,10.32
113.37,1.89,19:12:21:380,666.00,17.78
123.94,3.91,19:12:21:510,666.00,15.46
129.58,4.31,19:12:21:636,666.00,16.55
136.28,6.42,19:12:21:768,666.00,18.01
142.55,9.05,19:12:21:903,666.00,17.01
146.73,9.84,19:12:22:027,666.00,17.56
152.35,11.28,19:12:22:152,666.00,16.66
155.33,16.75,19:12:22:272,666.00,16.96
158.33,18.60,19:12:22:399,666.00,16.15
163.24,24.85,19:12:22:531,666.00,11.34
161.17,19.61,19:12:22:669,666.00,13.61
156.98,7.26,19:12:22:805,666.00,14.92
150.89,-1.28,19:12:22:934,666.00,10.51
141.51,-7.25,19:12:23:071,666.00,8.02
129.89,-3.08,19:12:23:208,666.00,14.13
115.05,-4.57,19:12:23:343,666.00,10.38
100.52,-5.86,19:12:23:475,666.00,12.89
86.01,-6.87,19:12:23:607,666.00,14.93
75.16,-7.70,19:12:23:734,666.00,12.98
68.30,-8.70,19:12:23:855,666.00,13.01
58.41,-10.35,19:12:23:970,666.00,13.68
49.28,-12.83,19:12:24:109,666.00,12.86
41.97,-12.95,19:12:24:238,666.00,12.18
33.79,-12.19,19:12:24:367,666.00,13.25
27.02,-13.16,19:12:24:501,666.00,14.12
23.36,-13.63,19:12:24:629,666.00,15.96
19.39,-14.95,19:12:24:758,666.00,15.76
15.72,-17.58,19:12:24:889,666.00,17.30
14.47,-19.16,19:12:25:028,666.00,18.57
13.96,-18.52,19:12:25:156,666.00,19.44
14.81,-18.29,19:12:25:289,666.00,19.04
15.55,-18.94,19:12:25:416,666.00,20.02
19.86,-18.44,19:12:25:544,666.00,23.15
30.50,-14.43,19:12:25:669,666.00,20.78
42.84,-12.50,19:12:25:802,666.00,20.89
53.64,-11.04,19:12:25:938,666.00,20.03
64.65,-8.75,19:12:26:066,666.00,18.26
76.74,-5.30,19:12:26:207,666.00,14.63
85.97,-3.80,19:12:26:346,666.00,19.60
96.92,0.29,19:12:26:480,666.00,17.16
109.46,1.42,19:12:26:608,666.00,16.30
116.55,3.07,19:12:26:735,666.00,15.14
123.02,4.68,19:12:26:864,666.00,14.98
130.58,4.54,19:12:26:987,666.00,15.04
136.11,6.04,19:12:27:124,666.00,17.70
140.69,8.89,19:12:27:262,666.00,18.22
146.77,13.05,19:12:27:389,666.00,16.19
149.94,18.57,19:12:27:528,666.00,21.50
156.38,33.06,19:12:27:661,666.00,15.56
159.05,48.37,19:12:27:790,666.00,13.10
159.40,52.21,19:12:27:918,666.00,13.04
157.40,52.82,19:12:28:038,666.00,16.24
156.30,44.18,19:12:28:167,666.00,16.38
154.74,34.20,19:12:28:290,666.00,14.02
148.68,18.02,19:12:28:421,666.00,9.44
135.46,12.63,19:12:28:551,666.00,15.29
124.02,5.87,19:12:28:672,666.00,15.18
112.27,2.14,19:12:28:803,666.00,13.51
94.99,-2.33,19:12:28:934,666.00,14.78
85.87,-5.75,19:12:29:072,666.00,11.51
70.15,-10.19,19:12:29:204,666.00,14.66
63.06,-12.27,19:12:29:322,666.00,11.82
52.52,-13.25,19:12:29:443,666.00,13.12
42.89,-16.65,19:12:29:569,666.00,13.18
37.03,-18.87,19:12:29:698,666.00,8.05
28.93,-19.15,19:12:29:830,666.00,10.79
22.51,-23.88,19:12:29:960,666.00,14.86
18.93,-28.83,19:12:30:090,666.00,15.66
17.08,-30.82,19:12:30:216,666.00,15.71
16.46,-29.29,19:12:30:340,666.00,15.48
15.87,-28.23,19:12:30:471,666.00,16.53
16.44,-27.61,19:12:30:605,666.00,17.21
18.46,-25.19,19:12:30:739,666.00,19.46
25.06,-19.69,19:12:30:866,666.00,21.41
31.98,-15.02,19:12:30:997,666.00,19.35
45.19,-10.88,19:12:31:137,666.00,18.43
53.65,-8.04,19:12:31:258,666.00,18.80
64.62,-5.95,19:12:31:383,666.00,16.63
74.65,-5.47,19:12:31:515,666.00,16.75
84.61,-4.98,19:12:31:647,666.00,17.04
95.00,-6.11,19:12:31:773,666.00,18.02
104.63,-7.43,19:12:31:901,666.00,11.84
112.23,-8.40,19:12:32:034,666.00,17.78
116.82,-8.48,19:12:32:162,666.00,20.19
128.07,-7.02,19:12:32:292,666.00,14.68
133.28,-6.18,19:12:32:424,666.00,16.81
140.18,-0.16,19:12:32:550,666.00,18.01
149.36,4.27,19:12:32:678,666.00,13.45
154.83,5.72,19:12:32:804,666.00,13.13
158.32,10.20,19:12:32:936,666.00,15.59
162.43,20.34,19:12:33:060,666.00,13.69
163.41,25.58,19:12:33:198,666.00,12.99
159.33,18.46,19:12:33:331,666.00,13.71
152.85,4.46,19:12:33:461,666.00,17.19
144.20,1.78,19:12:33:593,666.00,14.14
135.26,-2.22,19:12:33:714,666.00,12.32
124.62,-5.58,19:12:33:838,666.00,11.06
113.67,-7.26,19:12:33:972,666.00,12.91
102.41,-9.82,19:12:34:099,666.00,11.54
95.87,-9.86,19:12:34:232,666.00,8.82
83.72,-10.51,19:12:34:353,666.00,9.65
72.59,-10.23,19:12:34:474,666.00,10.63
61.84,-9.47,19:12:34:594,666.00,11.01
53.50,-9.27,19:12:34:725,666.00,14.19
43.45,-10.46,19:12:34:861,666.00,12.10
33.81,-11.29,19:12:34:987,666.00,10.97
25.92,-12.63,19:12:35:118,666.00,11.88
20.09,-14.60,19:12:35:241,666.00,15.84
15.93,-14.78,19:12:35:371,666.00,14.69
13.61,-16.73,19:12:35:506,666.00,16.75
13.49,-17.41,19:12:35:637,666.00,16.87
12.48,-17.00,19:12:35:774,666.00,17.85
12.79,-15.05,19:12:35:899,666.00,17.71
14.82,-14.35,19:12:36:023,666.00,20.11
21.92,-11.53,19:12:36:135,666.00,21.05
28.87,-9.91,19:12:36:253,666.00,21.24
40.11,-7.58,19:12:36:372,666.00,19.24
50.46,-6.07,19:12:36:502,666.00,22.16
62.18,-6.62,19:12:36:643,666.00,17.30
72.63,-5.22,19:12:36:773,666.00,14.35
81.66,-5.10,19:12:36:903,666.00,15.01
91.05,-3.45,19:12:37:036,666.00,15.15
100.06,-1.77,19:12:37:166,666.00,14.07
107.62,0.08,19:12:37:291,666.00,13.29
114.17,0.93,19:12:37:426,666.00,13.86
123.17,2.36,19:12:37:562,666.00,11.72
128.26,3.38,19:12:37:694,666.00,14.97
133.58,4.55,19:12:37:824,666.00,18.36
138.49,6.47,19:12:37:958,666.00,17.10
145.45,7.42,19:12:38:087,666.00,14.49
149.60,7.80,19:12:38:212,666.00,13.62
154.77,11.55,19:12:38:346,666.00,14.17
160.27,17.23,19:12:38:474,666.00,13.74
162.16,21.37,19:12:38:604,666.00,15.86
161.74,27.61,19:12:38:738,666.00,16.56
162.41,27.65,19:12:38:860,666.00,15.56
161.55,23.89,19:12:38:988,666.00,14.55
156.26,13.65,19:12:39:134,666.00,15.07
147.38,3.37,19:12:39:268,666.00,13.54
133.40,2.71,19:12:39:399,666.00,17.61
128.45,3.02,19:12:39:533,666.00,15.00
115.98,1.92,19:12:39:660,666.00,15.77
106.14,-1.99,19:12:39:790,666.00,8.66
92.38,-3.69,19:12:39:912,666.00,9.97
81.07,-7.06,19:12:40:048,666.00,15.75
70.36,-7.21,19:12:40:179,666.00,14.77
60.00,-10.65,19:12:40:310,666.00,15.50
49.11,-12.59,19:12:40:441,666.00,12.22
38.52,-13.71,19:12:40:565,666.00,13.43
31.86,-13.94,19:12:40:698,666.00,10.31
23.60,-15.45,19:12:40:830,666.00,13.64
17.75,-15.66,19:12:40:962,666.00,16.69
15.15,-13.20,19:12:41:095,666.00,17.73
14.38,-12.66,19:12:41:234,666.00,18.33
13.94,-12.95,19:12:41:372,666.00,18.86
14.90,-15.01,19:12:41:490,666.00,19.12
17.34,-13.26,19:12:41:612,666.00,21.08
23.82,-11.41,19:12:41:753,666.00,22.92
34.22,-8.56,19:12:41:891,666.00,20.60
46.94,-5.20,19:12:42:019,666.00,19.44
60.36,-3.35,19:12:42:138,666.00,16.44
73.15,-2.33,19:12:42:268,666.00,16.62
83.41,-1.94,19:12:42:400,666.00,17.85
94.65,0.24,19:12:42:535,666.00,15.77
106.31,1.41,19:12:42:673,666.00,10.55
112.94,3.82,19:12:42:808,666.00,15.46
123.05,4.76,19:12:42:937,666.00,11.88
130.19,5.49,19:12:43:071,666.00,13.62
134.93,7.48,19:12:43:208,666.00,17.90
140.57,8.87,19:12:43:340,666.00,17.26
148.90,10.00,19:12:43:473,666.00,16.29
150.65,13.05,19:12:43:612,666.00,20.10
157.77,24.44,19:12:43:735,666.00,15.31
160.62,26.45,19:12:43:858,666.00,16.71
162.21,25.74,19:12:43:989,666.00,17.73
162.31,25.79,19:12:44:121,666.00,16.68
158.66,20.71,19:12:44:264,666.00,13.51
146.49,11.46,19:12:44:392,666.00,14.91
138.01,9.92,19:12:44:524,666.00,14.15
127.89,7.86,19:12:44:648,666.00,13.83
114.07,4.23,19:12:44:773,666.00,10.59
105.76,1.67,19:12:44:897,666.00,13.65
92.40,-0.76,19:12:45:024,666.00,17.84
82.38,-4.75,19:12:45:155,666.00,13.25
70.90,-6.76,19:12:45:291,666.00,12.46
61.49,-7.57,19:12:45:411,666.00,14.17
53.82,-8.16,19:12:45:532,666.00,16.55
48.65,-8.38,19:12:45:651,666.00,16.14
42.27,-8.21,19:12:45:771,666.00,14.92
37.00,-7.45,19:12:45:889,666.00,14.99
30.80,-7.61,19:12:46:028,666.00,11.64
26.49,-10.47,19:12:46:148,666.00,11.62
22.67,-13.57,19:12:46:274,666.00,15.32
19.40,-15.64,19:12:46:401,666.00,15.10
17.43,-15.92,19:12:46:520,666.00,15.29
16.18,-17.32,19:12:46:647,666.00,16.48
15.89,-15.93,19:12:46:778,666.00,17.19
15.95,-15.11,19:12:46:909,666.00,17.29
16.22,-14.23,19:12:47:035,666.00,17.17
16.10,-13.98,19:12:47:165,666.00,17.25
16.68,-14.42,19:12:47:303,666.00,16.99
16.69,-14.70,19:12:47:441,666.00,17.16
16.97,-14.29,19:12:47:570,666.00,16.89
17.32,-13.36,19:12:47:707,666.00,16.40
17.22,-12.94,19:12:47:842,666.00,16.69
17.27,-12.66,19:12:47:968,666.00,16.58
17.77,-12.80,19:12:48:106,666.00,16.11
18.09,-14.30,19:12:48:241,666.00,16.11
18.31,-16.08,19:12:48:376,666.00,16.33
17.74,-16.55,19:12:48:500,666.00,16.74
17.72,-16.98,19:12:48:613,666.00,16.72
17.28,-17.18,19:12:48:730,666.00,17.12
17.18,-16.69,19:12:48:847,666.00,17.19
17.15,-16.21,19:12:48:964,666.00,17.11
17.33,-16.08,19:12:49:074,666.00,16.84
17.58,-16.58,19:12:49:186,666.00,16.87
17.26,-16.47,19:12:49:303,666.00,17.08
17.27,-16.22,19:12:49:420,666.00,17.02
17.22,-16.32,19:12:49:534,666.00,17.07
17.85,-16.87,19:12:49:650,666.00,16.72
17.91,-16.68,19:12:49:761,666.00,16.62
17.82,-16.53,19:12:49:916,666.00,16.78
