7.50,1.60,666.00,22.44,22-05-23-07-02-53-093
7.50,1.41,666.00,22.39,22-05-23-07-02-53-126
7.49,1.24,666.00,22.33,22-05-23-07-02-53-160
7.49,1.08,666.00,22.27,22-05-23-07-02-53-192
7.48,0.89,666.00,22.21,22-05-23-07-02-53-224
7.48,0.70,666.00,22.17,22-05-23-07-02-53-259
7.48,0.49,666.00,22.13,22-05-23-07-02-53-291
7.48,0.27,666.00,22.09,22-05-23-07-02-53-323
7.48,0.06,666.00,22.06,22-05-23-07-02-53-359
7.48,-0.14,666.00,21.98,22-05-23-07-02-53-392
7.48,-0.34,666.00,21.89,22-05-23-07-02-53-423
7.47,-0.53,666.00,21.82,22-05-23-07-02-53-459
7.47,-0.71,666.00,21.75,22-05-23-07-02-53-491
7.46,-0.87,666.00,21.68,22-05-23-07-02-53-521
7.45,-1.03,666.00,21.63,22-05-23-07-02-53-556
7.45,-1.18,666.00,21.58,22-05-23-07-02-53-592
7.44,-1.31,666.00,21.55,22-05-23-07-02-53-625
7.43,-1.42,666.00,21.56,22-05-23-07-02-53-658
7.43,-1.53,666.00,21.69,22-05-23-07-02-53-692
7.42,-1.60,666.00,22.69,22-05-23-07-02-53-726
7.39,-1.35,666.00,25.46,22-05-23-07-02-53-760
7.34,-0.11,666.00,29.33,22-05-23-07-02-53-791
7.23,2.80,-18.57,34.44,22-05-23-07-02-53-821
7.12,6.63,-17.93,38.77,22-05-23-07-02-53-859
7.05,13.58,-16.48,44.03,22-05-23-07-02-53-891
7.16,21.03,-15.48,48.15,22-05-23-07-02-53-922
7.65,29.56,-15.66,49.79,22-05-23-07-02-53-957
8.28,36.37,-13.65,55.76,22-05-23-07-02-53-994
9.05,42.05,-13.06,57.21,22-05-23-07-02-54-024
9.91,46.98,-12.36,58.87,22-05-23-07-02-54-059
11.05,51.86,-11.84,60.26,22-05-23-07-02-54-091
13.11,57.66,-11.58,60.25,22-05-23-07-02-54-124
21.76,63.94,-21.04,54.64,22-05-23-07-02-54-157
25.06,64.36,-24.42,56.01,22-05-23-07-02-54-190
26.77,64.15,-25.55,58.48,22-05-23-07-02-54-224
27.85,63.85,-25.82,61.25,22-05-23-07-02-54-258
28.38,63.33,-25.48,64.37,22-05-23-07-02-54-293
28.46,62.65,-24.76,67.72,22-05-23-07-02-54-323
27.56,62.31,-22.71,72.08,22-05-23-07-02-54-360
26.74,61.85,-21.05,76.04,22-05-23-07-02-54-393
26.03,61.31,-19.69,79.23,22-05-23-07-02-54-423
28.11,69.61,-17.68,79.56,22-05-23-07-02-54-460
28.19,70.47,-16.72,81.01,22-05-23-07-02-54-490
28.00,70.96,-15.62,82.49,22-05-23-07-02-54-523
27.33,71.66,-13.60,84.08,22-05-23-07-02-54-556
19.55,64.65,-6.39,96.30,22-05-23-07-02-54-590
15.80,65.44,-0.94,97.36,22-05-23-07-02-54-625
14.78,64.98,3.74,98.50,22-05-23-07-02-54-659
14.08,58.53,17.91,92.27,22-05-23-07-02-54-692
10.67,47.57,28.47,95.20,22-05-23-07-02-54-725
12.18,36.41,35.42,89.28,22-05-23-07-02-54-758
13.79,31.64,39.03,85.51,22-05-23-07-02-54-791
15.67,29.10,42.20,82.43,22-05-23-07-02-54-824
16.12,25.60,44.04,83.18,22-05-23-07-02-54-859
16.37,23.61,51.52,84.83,22-05-23-07-02-54-892
16.46,22.10,55.52,86.23,22-05-23-07-02-54-922
16.52,20.77,59.28,87.42,22-05-23-07-02-54-956
22.58,13.05,59.05,79.91,22-05-23-07-02-54-991
20.34,-9.86,60.82,87.71,22-05-23-07-02-55-024
20.36,-16.25,66.43,88.63,22-05-23-07-02-55-060
20.50,-19.32,70.61,88.59,22-05-23-07-02-55-091
26.00,-6.84,74.12,78.21,22-05-23-07-02-55-123
28.88,-2.06,79.49,72.84,22-05-23-07-02-55-159
30.48,0.14,84.86,69.71,22-05-23-07-02-55-191
31.49,1.30,88.98,67.71,22-05-23-07-02-55-222
32.19,2.01,92.46,66.26,22-05-23-07-02-55-260
32.68,2.03,95.03,65.18,22-05-23-07-02-55-293
32.92,1.10,97.16,64.41,22-05-23-07-02-55-325
33.19,-1.32,97.56,63.65,22-05-23-07-02-55-358
33.39,-3.93,97.20,63.20,22-05-23-07-02-55-394
33.46,-6.95,96.13,63.14,22-05-23-07-02-55-425
33.55,-8.85,95.38,63.21,22-05-23-07-02-55-457
33.60,-10.02,94.39,63.22,22-05-23-07-02-55-494
33.62,-10.75,91.44,62.99,22-05-23-07-02-55-526
33.62,-11.18,83.23,63.13,22-05-23-07-02-55-557
33.53,-11.32,76.36,63.93,22-05-23-07-02-55-594
33.22,-11.05,66.40,66.26,22-05-23-07-02-55-623
32.69,-10.21,57.60,69.40,22-05-23-07-02-55-659
31.99,-8.67,51.30,71.61,22-05-23-07-02-55-692
30.95,-5.83,42.34,73.40,22-05-23-07-02-55-725
29.93,-3.11,34.67,76.51,22-05-23-07-02-55-758
24.91,1.89,26.76,82.50,22-05-23-07-02-55-792
22.35,6.27,24.08,84.33,22-05-23-07-02-55-824
21.05,9.38,21.01,85.27,22-05-23-07-02-55-859
20.27,11.55,13.39,87.93,22-05-23-07-02-55-890
19.65,13.42,8.97,89.24,22-05-23-07-02-55-928
21.97,22.23,-0.21,85.80,22-05-23-07-02-55-960
24.16,22.50,1.41,89.56,22-05-23-07-02-55-993
25.72,23.62,-9.54,90.12,22-05-23-07-02-56-023
26.71,24.50,-23.13,87.10,22-05-23-07-02-56-059
31.07,35.19,-38.88,87.51,22-05-23-07-02-56-093
32.16,37.94,-44.00,87.00,22-05-23-07-02-56-124
33.15,41.15,-52.67,88.11,22-05-23-07-02-56-157
33.51,42.44,-56.13,89.26,22-05-23-07-02-56-191
33.67,43.16,-62.11,93.67,22-05-23-07-02-56-222
33.69,43.46,-63.67,94.97,22-05-23-07-02-56-260
33.08,42.75,-63.96,95.69,22-05-23-07-02-56-298
31.91,40.61,-62.99,96.79,22-05-23-07-02-56-324
31.20,39.46,-62.83,96.95,22-05-23-07-02-56-358
30.29,39.91,-63.53,100.45,22-05-23-07-02-56-393
29.56,40.26,-63.54,101.29,22-05-23-07-02-56-422
28.98,40.56,-63.49,101.48,22-05-23-07-02-56-459
28.47,40.82,-63.72,101.68,22-05-23-07-02-56-490
28.07,41.04,-63.81,101.69,22-05-23-07-02-56-522
27.74,41.23,-63.83,101.69,22-05-23-07-02-56-560
27.47,41.45,-63.89,101.53,22-05-23-07-02-56-595
27.21,41.90,-62.68,100.57,22-05-23-07-02-56-624
27.03,42.22,-61.63,99.65,22-05-23-07-02-56-659
26.89,42.47,-56.75,97.05,22-05-23-07-02-56-692
27.01,41.55,-51.99,96.06,22-05-23-07-02-56-724
27.34,39.69,-49.16,95.65,22-05-23-07-02-56-758
27.82,36.33,-47.10,96.35,22-05-23-07-02-56-793
28.24,33.93,-40.65,95.78,22-05-23-07-02-56-823
29.01,31.55,-34.69,94.94,22-05-23-07-02-56-858
29.37,29.53,-31.35,95.70,22-05-23-07-02-56-889
29.73,28.23,-21.77,93.39,22-05-23-07-02-56-925
30.03,27.85,-14.80,91.90,22-05-23-07-02-56-957
29.98,27.08,-11.51,90.83,22-05-23-07-02-56-993
29.89,26.44,-8.68,89.82,22-05-23-07-02-57-025
26.97,23.83,-2.96,90.94,22-05-23-07-02-57-059
25.05,23.30,6.88,88.15,22-05-23-07-02-57-094
23.28,21.52,18.56,85.41,22-05-23-07-02-57-125
22.12,20.11,29.10,81.22,22-05-23-07-02-57-158
21.39,19.31,37.14,78.63,22-05-23-07-02-57-193
20.98,19.08,42.10,77.46,22-05-23-07-02-57-225
20.68,18.71,47.92,78.18,22-05-23-07-02-57-259
19.92,18.59,51.87,80.62,22-05-23-07-02-57-291
20.10,18.08,57.70,82.99,22-05-23-07-02-57-326
20.87,17.10,61.06,83.07,22-05-23-07-02-57-356
22.06,15.43,62.98,82.11,22-05-23-07-02-57-390
23.30,13.86,64.72,80.81,22-05-23-07-02-57-426
24.45,12.39,67.90,79.26,22-05-23-07-02-57-458
25.53,10.97,70.95,77.61,22-05-23-07-02-57-491
26.50,8.94,75.17,75.68,22-05-23-07-02-57-523
27.54,6.57,77.88,73.99,22-05-23-07-02-57-557
28.67,3.80,80.39,72.50,22-05-23-07-02-57-591
29.79,1.15,82.38,71.31,22-05-23-07-02-57-625
30.75,-1.24,83.52,70.50,22-05-23-07-02-57-658
31.49,-3.03,85.79,70.23,22-05-23-07-02-57-690
32.06,-4.17,87.08,70.00,22-05-23-07-02-57-722
32.53,-5.06,87.63,69.74,22-05-23-07-02-57-759
32.87,-5.59,87.91,69.53,22-05-23-07-02-57-789
33.12,-5.88,88.00,69.44,22-05-23-07-02-57-825
33.29,-6.03,86.26,69.57,22-05-23-07-02-57-858
33.40,-6.06,82.35,69.91,22-05-23-07-02-57-891
33.47,-6.03,75.17,70.12,22-05-23-07-02-57-928
33.33,-5.77,65.61,70.88,22-05-23-07-02-57-957
32.77,-5.11,57.61,72.38,22-05-23-07-02-57-989
31.22,-3.31,49.14,74.48,22-05-23-07-02-58-028
28.22,1.37,40.82,77.63,22-05-23-07-02-58-060
19.55,14.06,40.13,83.87,22-05-23-07-02-58-093
16.19,21.82,36.51,87.37,22-05-23-07-02-58-125
14.55,26.02,31.33,86.24,22-05-23-07-02-58-156
13.56,27.94,26.36,85.81,22-05-23-07-02-58-191
12.89,26.96,17.23,82.85,22-05-23-07-02-58-227
12.35,29.24,6.70,86.11,22-05-23-07-02-58-258
12.02,31.25,0.17,88.06,22-05-23-07-02-58-292
18.14,4.94,2.26,91.91,22-05-23-07-02-58-323
23.20,5.79,-14.67,95.95,22-05-23-07-02-58-357
26.22,10.26,-26.81,98.24,22-05-23-07-02-58-392
27.73,13.92,-33.24,99.53,22-05-23-07-02-58-424
28.40,19.41,-39.16,97.76,22-05-23-07-02-58-459
28.34,27.85,-43.89,97.35,22-05-23-07-02-58-490
28.56,31.94,-46.58,97.28,22-05-23-07-02-58-524
28.81,33.89,-49.68,96.85,22-05-23-07-02-58-559
28.96,35.14,-60.47,93.16,22-05-23-07-02-58-591
29.07,35.94,-60.32,96.56,22-05-23-07-02-58-623
29.12,36.25,-59.93,98.90,22-05-23-07-02-58-656
28.97,36.50,-60.31,101.51,22-05-23-07-02-58-692
28.64,36.68,-59.38,102.03,22-05-23-07-02-58-722
28.41,36.97,-59.32,102.56,22-05-23-07-02-58-759
28.20,37.20,-59.25,102.56,22-05-23-07-02-58-791
28.00,37.32,-59.15,102.47,22-05-23-07-02-58-822
27.83,37.40,-59.03,102.33,22-05-23-07-02-58-858
27.68,37.41,-58.93,102.18,22-05-23-07-02-58-892
27.53,37.38,-58.83,102.01,22-05-23-07-02-58-924
27.34,37.39,-58.72,101.61,22-05-23-07-02-58-960
27.07,37.52,-58.48,101.11,22-05-23-07-02-58-991
26.73,38.02,-58.02,100.44,22-05-23-07-02-59-024
26.38,38.53,-55.32,99.28,22-05-23-07-02-59-059
26.08,38.96,-50.56,98.26,22-05-23-07-02-59-092
25.78,39.19,-40.79,95.21,22-05-23-07-02-59-122
25.38,39.12,-27.78,95.62,22-05-23-07-02-59-161
25.01,38.97,-20.64,96.27,22-05-23-07-02-59-191
26.63,53.15,-9.17,93.44,22-05-23-07-02-59-224
21.19,53.21,-0.17,97.85,22-05-23-07-02-59-256
18.78,52.63,2.35,101.95,22-05-23-07-02-59-293
14.08,38.88,4.11,102.44,22-05-23-07-02-59-331
12.45,29.29,4.99,102.79,22-05-23-07-02-59-360
11.88,22.40,32.64,93.35,22-05-23-07-02-59-390
11.85,17.66,45.06,88.25,22-05-23-07-02-59-422
13.29,15.69,51.88,84.43,22-05-23-07-02-59-457
14.59,15.08,55.84,81.87,22-05-23-07-02-59-492
15.26,15.98,59.58,83.45,22-05-23-07-02-59-521
15.44,14.85,62.24,85.98,22-05-23-07-02-59-558
15.46,13.39,63.98,88.35,22-05-23-07-02-59-594
15.23,7.78,64.93,91.06,22-05-23-07-02-59-624
15.20,-26.63,62.51,98.80,22-05-23-07-02-59-660
22.06,-7.74,65.56,88.17,22-05-23-07-02-59-693
20.85,-15.78,66.92,91.31,22-05-23-07-02-59-723
19.92,-22.54,68.29,93.61,22-05-23-07-02-59-759
19.29,-27.38,69.41,95.12,22-05-23-07-02-59-791
18.97,-30.37,70.22,95.99,22-05-23-07-02-59-822
23.52,-9.91,71.56,84.99,22-05-23-07-02-59-861
26.78,-1.81,72.72,78.96,22-05-23-07-02-59-890
28.46,1.43,73.50,76.13,22-05-23-07-02-59-922
29.50,3.21,74.00,74.46,22-05-23-07-02-59-961
30.21,4.43,74.29,73.37,22-05-23-07-02-59-996
30.59,5.22,73.58,73.16,22-05-23-07-03-00-025
30.49,5.62,67.69,73.28,22-05-23-07-03-00-059
30.05,5.96,63.64,74.09,22-05-23-07-03-00-092
29.26,6.39,57.95,75.11,22-05-23-07-03-00-125
28.18,7.04,50.12,76.60,22-05-23-07-03-00-159
26.54,8.09,43.57,78.38,22-05-23-07-03-00-193
24.25,9.80,38.85,79.36,22-05-23-07-03-00-227
22.00,11.77,34.00,79.89,22-05-23-07-03-00-259
19.88,14.16,28.32,79.51,22-05-23-07-03-00-293
18.21,16.12,22.49,80.93,22-05-23-07-03-00-326
17.09,17.52,10.57,84.65,22-05-23-07-03-00-359
15.92,21.65,7.39,84.86,22-05-23-07-03-00-390
14.49,27.53,2.23,87.39,22-05-23-07-03-00-424
13.84,31.07,-5.24,97.55,22-05-23-07-03-00-459
13.78,29.34,-9.09,98.75,22-05-23-07-03-00-492
16.92,13.81,-15.97,99.76,22-05-23-07-03-00-525
18.63,10.68,-23.08,101.41,22-05-23-07-03-00-558
20.37,1.05,-25.43,105.86,22-05-23-07-03-00-592
20.31,5.38,-28.47,103.61,22-05-23-07-03-00-626
21.29,-22.91,-24.00,111.77,22-05-23-07-03-00-658
18.20,-2.78,-32.75,103.01,22-05-23-07-03-00-689
18.28,14.94,-40.50,98.28,22-05-23-07-03-00-729
18.87,24.14,-43.54,95.95,22-05-23-07-03-00-763
19.42,29.47,-45.82,95.13,22-05-23-07-03-00-790
19.80,32.61,-47.16,94.73,22-05-23-07-03-00-826
20.09,34.72,-50.81,96.53,22-05-23-07-03-00-861
20.34,36.24,-52.40,96.98,22-05-23-07-03-00-892
20.51,37.25,-53.22,97.09,22-05-23-07-03-00-926
20.62,37.93,-53.80,97.18,22-05-23-07-03-00-963
20.69,38.32,-54.29,97.33,22-05-23-07-03-00-990
20.72,38.49,-54.65,97.49,22-05-23-07-03-01-026
20.72,38.59,-54.85,97.57,22-05-23-07-03-01-059
20.71,38.58,-54.71,97.54,22-05-23-07-03-01-092
20.67,38.50,-48.67,95.24,22-05-23-07-03-01-126
20.62,38.35,-41.91,94.21,22-05-23-07-03-01-159
20.53,38.09,-34.25,93.55,22-05-23-07-03-01-189
20.41,37.73,-28.14,92.65,22-05-23-07-03-01-230
20.21,36.42,-18.44,90.70,22-05-23-07-03-01-258
20.09,35.53,-7.30,91.69,22-05-23-07-03-01-291
19.91,34.29,-2.55,91.46,22-05-23-07-03-01-328
19.18,31.78,1.01,91.17,22-05-23-07-03-01-356
18.46,28.64,3.37,90.23,22-05-23-07-03-01-391
18.00,26.24,5.03,89.03,22-05-23-07-03-01-424
17.72,24.48,6.30,88.02,22-05-23-07-03-01-457
17.58,23.25,29.93,87.77,22-05-23-07-03-01-489
17.54,22.41,46.38,87.72,22-05-23-07-03-01-523
17.59,21.84,54.73,89.47,22-05-23-07-03-01-559
18.33,21.31,59.76,89.49,22-05-23-07-03-01-590
19.17,21.02,62.53,89.11,22-05-23-07-03-01-624
20.14,20.92,65.09,88.82,22-05-23-07-03-01-660
21.35,20.23,66.99,88.21,22-05-23-07-03-01-693
22.85,19.29,69.54,87.71,22-05-23-07-03-01-730
24.83,17.60,70.87,86.16,22-05-23-07-03-01-759
26.57,15.11,73.45,85.22,22-05-23-07-03-01-790
28.36,11.80,75.32,84.03,22-05-23-07-03-01-823
29.77,9.47,77.22,82.88,22-05-23-07-03-01-859
30.90,5.44,78.85,82.06,22-05-23-07-03-01-895
31.68,2.74,79.93,81.37,22-05-23-07-03-01-923
32.37,0.47,80.60,80.73,22-05-23-07-03-01-959
32.82,-1.38,81.00,80.29,22-05-23-07-03-01-991
33.16,-2.61,81.21,79.95,22-05-23-07-03-02-025
33.35,-3.61,81.31,79.74,22-05-23-07-03-02-059
33.47,-4.32,81.19,79.58,22-05-23-07-03-02-090
33.54,-4.75,78.86,79.34,22-05-23-07-03-02-122
33.40,-4.81,74.51,79.59,22-05-23-07-03-02-161
32.56,-4.06,68.56,80.64,22-05-23-07-03-02-192
31.34,-2.28,59.05,81.33,22-05-23-07-03-02-224
21.72,9.68,59.01,90.39,22-05-23-07-03-02-257
17.67,19.70,53.76,94.71,22-05-23-07-03-02-294
16.14,24.74,48.33,94.86,22-05-23-07-03-02-323
15.22,27.90,39.41,92.49,22-05-23-07-03-02-357
14.53,28.98,35.50,90.50,22-05-23-07-03-02-394
14.11,29.35,31.90,88.56,22-05-23-07-03-02-425
13.44,29.74,29.98,87.49,22-05-23-07-03-02-459
12.92,31.11,6.88,91.43,22-05-23-07-03-02-494
12.96,31.98,-10.44,92.88,22-05-23-07-03-02-524
13.16,32.45,-24.38,85.17,22-05-23-07-03-02-560
13.57,32.20,-27.12,92.50,22-05-23-07-03-02-594
14.51,31.48,-35.85,85.48,22-05-23-07-03-02-624
15.57,31.33,-38.59,92.03,22-05-23-07-03-02-657
16.73,31.71,-42.38,93.11,22-05-23-07-03-02-691
18.18,33.80,-44.90,93.15,22-05-23-07-03-02-723
19.43,35.63,-50.85,96.31,22-05-23-07-03-02-758
20.42,36.95,-53.63,97.43,22-05-23-07-03-02-791
21.12,37.65,-55.27,98.16,22-05-23-07-03-02-823
21.61,38.06,-56.31,98.63,22-05-23-07-03-02-860
21.98,38.27,-57.02,98.98,22-05-23-07-03-02-893
22.24,38.33,-57.45,99.20,22-05-23-07-03-02-924
22.44,38.31,-57.69,99.31,22-05-23-07-03-02-959
22.58,38.25,-57.76,99.33,22-05-23-07-03-02-991
22.66,38.18,-57.74,99.29,22-05-23-07-03-03-024
22.72,38.08,-57.69,99.21,22-05-23-07-03-03-058
22.76,37.96,-57.62,99.12,22-05-23-07-03-03-092
22.77,37.84,-57.46,98.94,22-05-23-07-03-03-125
22.77,37.71,-57.31,98.79,22-05-23-07-03-03-156
22.77,37.59,-57.08,98.63,22-05-23-07-03-03-192
22.75,37.48,-56.34,98.42,22-05-23-07-03-03-226
22.74,37.40,-53.42,97.55,22-05-23-07-03-03-258
22.77,37.46,-46.77,95.59,22-05-23-07-03-03-292
22.67,37.14,-37.49,94.66,22-05-23-07-03-03-326
22.55,36.79,-24.73,96.16,22-05-23-07-03-03-358
22.46,36.60,-18.24,96.66,22-05-23-07-03-03-391
22.27,42.55,-9.23,98.31,22-05-23-07-03-03-425
21.31,41.92,-1.53,96.41,22-05-23-07-03-03-456
20.05,41.56,2.68,96.92,22-05-23-07-03-03-492
19.34,41.72,5.82,96.83,22-05-23-07-03-03-524
19.06,42.14,7.70,96.74,22-05-23-07-03-03-559
18.78,41.48,8.92,95.73,22-05-23-07-03-03-591
18.61,40.86,26.19,95.89,22-05-23-07-03-03-626
18.60,40.74,37.80,94.93,22-05-23-07-03-03-657
18.66,40.84,43.76,93.54,22-05-23-07-03-03-691
18.73,40.96,48.83,92.43,22-05-23-07-03-03-722
18.77,40.99,52.51,91.99,22-05-23-07-03-03-758
18.21,40.86,55.38,93.15,22-05-23-07-03-03-791
14.44,36.69,56.89,97.18,22-05-23-07-03-03-823
9.12,-0.66,56.42,105.19,22-05-23-07-03-03-862
18.07,16.24,57.55,95.98,22-05-23-07-03-03-891
18.72,21.77,60.09,96.30,22-05-23-07-03-03-923
19.37,26.52,62.96,96.76,22-05-23-07-03-03-957
21.71,25.27,64.20,94.71,22-05-23-07-03-03-992
22.40,25.36,66.06,94.73,22-05-23-07-03-04-023
22.90,25.45,67.58,94.81,22-05-23-07-03-04-057
23.21,25.60,69.60,95.27,22-05-23-07-03-04-096
23.36,25.75,70.92,95.57,22-05-23-07-03-04-124
23.38,25.85,71.77,95.81,22-05-23-07-03-04-158
24.49,23.08,70.83,92.20,22-05-23-07-03-04-192
25.34,21.14,70.49,90.97,22-05-23-07-03-04-225
25.95,19.85,69.85,90.21,22-05-23-07-03-04-258
26.42,19.01,66.51,89.55,22-05-23-07-03-04-291
26.70,18.52,63.36,89.03,22-05-23-07-03-04-324
26.89,18.21,59.49,88.46,22-05-23-07-03-04-358
26.32,17.91,49.34,88.40,22-05-23-07-03-04-391
24.97,18.24,38.38,87.17,22-05-23-07-03-04-425
23.29,19.48,31.42,87.02,22-05-23-07-03-04-459
21.81,21.28,18.24,88.51,22-05-23-07-03-04-491
20.21,24.05,7.93,86.88,22-05-23-07-03-04-526
17.96,29.19,6.63,86.41,22-05-23-07-03-04-558
13.60,52.58,10.40,85.34,22-05-23-07-03-04-590
13.72,51.56,-4.05,88.18,22-05-23-07-03-04-629
12.06,17.86,-17.02,102.81,22-05-23-07-03-04-658
14.87,24.91,-26.97,103.26,22-05-23-07-03-04-692
17.27,31.61,-32.95,101.30,22-05-23-07-03-04-723
19.17,36.00,-38.29,99.46,22-05-23-07-03-04-758
20.90,40.18,-42.81,97.34,22-05-23-07-03-04-790
23.60,42.49,-48.94,96.88,22-05-23-07-03-04-826
25.15,43.24,-55.28,90.52,22-05-23-07-03-04-860
26.07,44.16,-60.40,94.12,22-05-23-07-03-04-892
26.72,45.37,-63.29,96.05,22-05-23-07-03-04-925
27.10,46.28,-65.14,97.94,22-05-23-07-03-04-964
27.31,46.97,-66.00,98.68,22-05-23-07-03-04-992
27.37,47.47,-66.53,98.93,22-05-23-07-03-05-024
27.34,47.90,-66.78,99.01,22-05-23-07-03-05-058
27.23,48.20,-66.81,99.02,22-05-23-07-03-05-089
27.09,48.41,-66.65,99.01,22-05-23-07-03-05-126
26.90,48.49,-66.35,98.97,22-05-23-07-03-05-160
26.70,48.50,-65.99,98.90,22-05-23-07-03-05-191
26.50,48.46,-65.60,98.83,22-05-23-07-03-05-226
26.30,48.39,-65.21,98.77,22-05-23-07-03-05-259
26.09,48.24,-64.83,98.72,22-05-23-07-03-05-291
25.90,48.13,-64.28,98.62,22-05-23-07-03-05-325
25.72,48.01,-63.66,98.44,22-05-23-07-03-05-361
25.54,47.87,-62.97,98.16,22-05-23-07-03-05-390
25.36,47.79,-61.62,97.43,22-05-23-07-03-05-427
25.19,47.73,-59.62,96.30,22-05-23-07-03-05-460
25.01,47.69,-52.12,94.49,22-05-23-07-03-05-491
24.85,47.65,-42.87,92.08,22-05-23-07-03-05-525
24.69,47.62,-36.22,89.65,22-05-23-07-03-05-561
24.47,47.55,-27.98,87.43,22-05-23-07-03-05-590
24.26,47.49,-19.30,86.29,22-05-23-07-03-05-626
18.15,51.09,-9.10,93.29,22-05-23-07-03-05-660
15.89,52.36,0.01,96.03,22-05-23-07-03-05-691
14.56,50.59,-0.01,99.94,22-05-23-07-03-05-729
13.86,48.24,-1.05,102.39,22-05-23-07-03-05-760
14.23,45.16,-0.40,101.98,22-05-23-07-03-05-790
14.90,42.70,25.72,96.14,22-05-23-07-03-05-822
15.62,40.99,37.68,92.26,22-05-23-07-03-05-857
16.22,39.68,43.75,89.89,22-05-23-07-03-05-892
15.01,34.77,47.57,92.45,22-05-23-07-03-05-923
15.14,34.54,51.82,93.47,22-05-23-07-03-05-956
15.30,34.70,54.60,94.51,22-05-23-07-03-05-991
15.40,34.40,56.57,95.28,22-05-23-07-03-06-023
15.54,34.40,58.38,95.85,22-05-23-07-03-06-063
14.88,29.89,59.55,96.90,22-05-23-07-03-06-091
14.32,24.64,61.29,98.23,22-05-23-07-03-06-123
14.09,21.22,63.18,98.79,22-05-23-07-03-06-159
14.11,16.95,65.86,98.95,22-05-23-07-03-06-193
14.21,13.93,68.78,99.18,22-05-23-07-03-06-225
21.85,6.98,69.08,89.49,22-05-23-07-03-06-259
22.77,5.95,70.34,88.64,22-05-23-07-03-06-295
24.13,4.91,70.80,87.03,22-05-23-07-03-06-326
23.50,2.15,71.04,88.37,22-05-23-07-03-06-360
22.49,0.20,71.38,90.08,22-05-23-07-03-06-396
22.80,-0.23,71.44,89.73,22-05-23-07-03-06-422
23.45,0.42,71.42,88.71,22-05-23-07-03-06-458
24.06,1.51,71.21,87.62,22-05-23-07-03-06-491
24.63,2.71,70.38,86.54,22-05-23-07-03-06-524
25.07,4.12,65.87,85.45,22-05-23-07-03-06-559
25.39,5.38,57.84,84.20,22-05-23-07-03-06-590
25.57,7.24,52.98,83.20,22-05-23-07-03-06-624
25.40,9.59,47.39,82.38,22-05-23-07-03-06-657
23.51,13.45,43.59,82.38,22-05-23-07-03-06-690
21.66,17.00,37.83,82.90,22-05-23-07-03-06-722
20.22,20.17,29.79,81.56,22-05-23-07-03-06-759
19.11,22.67,21.07,84.02,22-05-23-07-03-06-792
18.18,24.50,12.72,87.24,22-05-23-07-03-06-824
16.75,23.46,8.43,89.73,22-05-23-07-03-06-858
15.96,23.06,6.84,91.36,22-05-23-07-03-06-892
16.67,24.68,-5.80,93.18,22-05-23-07-03-06-922
17.64,25.85,-14.98,93.11,22-05-23-07-03-06-956
18.92,27.60,-20.59,92.86,22-05-23-07-03-06-991
20.01,28.83,-26.89,92.62,22-05-23-07-03-07-022
21.05,29.91,-35.31,95.31,22-05-23-07-03-07-059
22.41,31.53,-39.21,95.98,22-05-23-07-03-07-090
23.67,33.25,-46.75,95.85,22-05-23-07-03-07-126
24.64,34.56,-55.24,97.41,22-05-23-07-03-07-159
25.26,35.51,-58.48,97.94,22-05-23-07-03-07-190
26.05,35.38,-60.92,99.23,22-05-23-07-03-07-225
26.46,36.13,-62.60,99.79,22-05-23-07-03-07-255
26.73,37.00,-63.75,99.95,22-05-23-07-03-07-294
26.91,37.96,-64.51,99.94,22-05-23-07-03-07-325
27.02,38.82,-64.92,99.88,22-05-23-07-03-07-357
27.09,39.66,-65.09,99.74,22-05-23-07-03-07-395
27.13,40.37,-65.07,99.59,22-05-23-07-03-07-425
27.16,40.97,-64.94,99.41,22-05-23-07-03-07-459
27.20,41.56,-64.77,99.21,22-05-23-07-03-07-492
27.17,41.94,-64.54,99.08,22-05-23-07-03-07-527
27.15,42.18,-64.28,98.97,22-05-23-07-03-07-556
27.07,42.29,-63.88,98.92,22-05-23-07-03-07-594
27.00,42.31,-63.76,98.85,22-05-23-07-03-07-626
26.91,42.27,-63.25,98.76,22-05-23-07-03-07-656
26.84,42.18,-62.52,98.58,22-05-23-07-03-07-693
26.75,42.06,-58.84,97.83,22-05-23-07-03-07-725
26.67,41.94,-48.48,95.83,22-05-23-07-03-07-758
26.60,41.82,-38.05,94.12,22-05-23-07-03-07-796
26.53,41.71,-33.31,93.33,22-05-23-07-03-07-822
26.47,40.84,-21.67,92.64,22-05-23-07-03-07-859
27.85,48.26,-15.78,94.27,22-05-23-07-03-07-893
28.10,50.22,-1.29,98.61,22-05-23-07-03-07-922
23.17,42.06,4.10,94.79,22-05-23-07-03-07-959
20.87,36.46,20.48,86.44,22-05-23-07-03-07-991
19.74,33.04,32.48,83.45,22-05-23-07-03-08-025
19.06,30.84,40.23,83.12,22-05-23-07-03-08-057
19.52,29.61,45.52,84.39,22-05-23-07-03-08-092
20.23,28.59,48.49,84.78,22-05-23-07-03-08-126
22.62,26.86,53.08,85.84,22-05-23-07-03-08-160
24.46,25.46,55.01,85.12,22-05-23-07-03-08-194
25.86,24.09,57.66,84.85,22-05-23-07-03-08-226
26.94,22.99,60.76,84.92,22-05-23-07-03-08-259
26.39,20.16,63.44,87.88,22-05-23-07-03-08-291
22.43,9.22,65.62,95.16,22-05-23-07-03-08-325
21.53,6.71,68.11,96.95,22-05-23-07-03-08-361
20.95,3.75,69.70,98.05,22-05-23-07-03-08-391
20.61,1.78,71.13,98.60,22-05-23-07-03-08-427
20.18,-8.19,71.56,99.67,22-05-23-07-03-08-463
20.26,-10.20,72.61,99.74,22-05-23-07-03-08-492
20.91,-9.92,73.45,99.08,22-05-23-07-03-08-527
21.27,-9.91,73.98,98.70,22-05-23-07-03-08-559
21.44,-10.22,74.28,98.53,22-05-23-07-03-08-592
21.54,-10.40,74.47,98.39,22-05-23-07-03-08-624
21.90,-1.20,75.55,96.52,22-05-23-07-03-08-657
22.28,3.63,76.10,95.64,22-05-23-07-03-08-688
23.65,7.26,75.41,93.27,22-05-23-07-03-08-726
24.97,9.93,71.92,91.20,22-05-23-07-03-08-761
25.94,11.60,65.96,89.97,22-05-23-07-03-08-791
26.57,12.86,56.85,88.31,22-05-23-07-03-08-829
27.02,13.97,47.77,87.75,22-05-23-07-03-08-857
27.11,15.68,36.66,85.29,22-05-23-07-03-08-892
20.74,28.56,35.96,91.37,22-05-23-07-03-08-926
18.84,32.11,29.65,90.47,22-05-23-07-03-08-960
17.64,34.25,24.11,88.74,22-05-23-07-03-08-992
16.86,35.28,17.42,88.34,22-05-23-07-03-09-020
16.36,35.35,9.58,88.85,22-05-23-07-03-09-058
15.32,34.65,5.28,87.69,22-05-23-07-03-09-094
17.44,27.70,-3.87,89.29,22-05-23-07-03-09-123
19.76,25.34,-15.69,89.11,22-05-23-07-03-09-156
22.18,27.34,-21.88,88.28,22-05-23-07-03-09-193
23.90,28.92,-30.31,91.20,22-05-23-07-03-09-223
25.35,30.59,-38.68,94.91,22-05-23-07-03-09-254
29.83,33.19,-47.38,96.92,22-05-23-07-03-09-292
31.83,33.97,-52.59,98.86,22-05-23-07-03-09-324
32.90,34.38,-55.59,100.31,22-05-23-07-03-09-358
33.53,34.56,-68.48,98.25,22-05-23-07-03-09-393
33.87,34.61,-69.46,100.65,22-05-23-07-03-09-423
33.29,37.27,-68.78,100.57,22-05-23-07-03-09-457
32.71,39.38,-68.58,99.93,22-05-23-07-03-09-491
32.14,40.98,-68.61,99.11,22-05-23-07-03-09-523
31.69,42.16,-68.23,98.98,22-05-23-07-03-09-558
31.20,43.19,-67.90,98.82,22-05-23-07-03-09-592
30.85,43.91,-67.69,98.64,22-05-23-07-03-09-623
30.54,44.38,-67.49,98.58,22-05-23-07-03-09-659
30.23,44.68,-67.30,98.54,22-05-23-07-03-09-693
30.02,44.88,-67.12,98.52,22-05-23-07-03-09-727
29.85,45.00,-64.27,97.13,22-05-23-07-03-09-757
29.66,45.01,-62.21,96.14,22-05-23-07-03-09-792
29.50,44.97,-59.23,95.59,22-05-23-07-03-09-824
29.35,44.89,-52.61,93.67,22-05-23-07-03-09-863
29.19,44.83,-48.17,92.48,22-05-23-07-03-09-893
29.02,44.76,-43.68,91.47,22-05-23-07-03-09-925
28.83,44.68,-39.39,91.32,22-05-23-07-03-09-964
28.65,44.60,-31.64,90.76,22-05-23-07-03-09-990
28.49,44.44,-18.75,90.92,22-05-23-07-03-10-023
27.56,47.78,-8.11,92.68,22-05-23-07-03-10-059
26.92,49.59,0.96,90.72,22-05-23-07-03-10-090
26.53,50.68,4.69,90.67,22-05-23-07-03-10-123
23.02,46.74,21.24,88.02,22-05-23-07-03-10-157
21.14,43.75,32.76,86.90,22-05-23-07-03-10-192
20.14,41.70,40.53,87.23,22-05-23-07-03-10-224
20.93,42.57,46.89,92.48,22-05-23-07-03-10-258
21.02,42.48,50.41,95.16,22-05-23-07-03-10-294
17.13,30.48,51.66,100.02,22-05-23-07-03-10-324
16.37,27.46,54.39,101.60,22-05-23-07-03-10-358
16.47,29.35,58.15,101.83,22-05-23-07-03-10-389
23.55,29.06,63.06,93.33,22-05-23-07-03-10-424
22.89,27.38,65.93,93.94,22-05-23-07-03-10-458
20.19,19.44,66.87,95.95,22-05-23-07-03-10-498
19.53,16.62,67.82,96.42,22-05-23-07-03-10-525
19.14,14.90,68.50,96.72,22-05-23-07-03-10-559
19.18,16.52,69.12,96.69,22-05-23-07-03-10-590
19.93,23.75,70.09,96.48,22-05-23-07-03-10-625
20.89,29.34,70.77,96.38,22-05-23-07-03-10-659
21.65,32.80,71.10,96.41,22-05-23-07-03-10-691
21.95,34.01,71.01,96.44,22-05-23-07-03-10-725
20.73,30.61,70.00,97.39,22-05-23-07-03-10-756
19.81,27.52,68.94,98.24,22-05-23-07-03-10-789
19.25,25.56,67.56,98.93,22-05-23-07-03-10-825
18.89,24.32,63.53,99.67,22-05-23-07-03-10-861
18.97,24.80,57.29,100.03,22-05-23-07-03-10-891
20.17,25.70,51.11,98.03,22-05-23-07-03-10-925
19.54,25.66,44.22,98.82,22-05-23-07-03-10-958
15.63,4.15,37.76,106.57,22-05-23-07-03-10-993
18.73,19.57,31.72,98.95,22-05-23-07-03-11-021
20.66,26.25,22.28,88.96,22-05-23-07-03-11-057
21.68,29.68,18.41,85.08,22-05-23-07-03-11-092
22.03,31.66,15.61,83.24,22-05-23-07-03-11-123
21.75,37.61,1.43,86.70,22-05-23-07-03-11-156
22.12,43.09,-7.04,90.74,22-05-23-07-03-11-191
25.73,38.89,-17.04,92.77,22-05-23-07-03-11-223
26.93,38.53,-26.13,96.41,22-05-23-07-03-11-256
27.70,38.53,-31.41,97.43,22-05-23-07-03-11-293
28.14,39.16,-34.27,97.57,22-05-23-07-03-11-325
28.53,41.63,-38.83,95.83,22-05-23-07-03-11-362
29.04,43.68,-44.65,95.31,22-05-23-07-03-11-396
29.35,46.04,-51.13,95.07,22-05-23-07-03-11-423
29.37,46.75,-55.79,95.56,22-05-23-07-03-11-459
29.22,47.91,-62.82,97.49,22-05-23-07-03-11-495
29.05,49.71,-65.01,97.26,22-05-23-07-03-11-522
28.86,51.34,-66.27,96.76,22-05-23-07-03-11-557
28.64,52.63,-66.97,96.38,22-05-23-07-03-11-592
28.45,54.22,-67.35,95.94,22-05-23-07-03-11-625
28.30,55.56,-67.43,95.57,22-05-23-07-03-11-663
28.11,56.23,-67.23,95.41,22-05-23-07-03-11-693
27.94,56.65,-66.99,95.30,22-05-23-07-03-11-723
27.81,57.00,-65.91,93.66,22-05-23-07-03-11-760
27.69,57.24,-65.36,94.13,22-05-23-07-03-11-791
27.58,57.41,-64.95,94.69,22-05-23-07-03-11-824
27.48,57.53,-64.58,95.15,22-05-23-07-03-11-859
27.38,57.60,-64.28,95.11,22-05-23-07-03-11-898
27.24,57.58,-63.48,94.64,22-05-23-07-03-11-925
26.98,57.35,-56.94,92.84,22-05-23-07-03-11-958
26.79,56.55,-51.77,91.54,22-05-23-07-03-11-991
26.60,55.82,-41.19,89.22,22-05-23-07-03-12-026
26.20,54.47,-36.32,88.69,22-05-23-07-03-12-057
25.79,53.00,-32.66,88.24,22-05-23-07-03-12-090
25.13,49.03,-21.35,87.44,22-05-23-07-03-12-123
22.83,45.94,-13.54,92.86,22-05-23-07-03-12-159
20.79,45.38,1.86,89.59,22-05-23-07-03-12-190
12.93,27.15,12.80,97.78,22-05-23-07-03-12-223
12.80,28.48,15.71,97.67,22-05-23-07-03-12-257
12.84,27.01,26.68,92.41,22-05-23-07-03-12-292
13.22,27.29,38.05,89.90,22-05-23-07-03-12-323
14.46,27.24,43.93,87.13,22-05-23-07-03-12-357
15.66,27.68,49.79,87.60,22-05-23-07-03-12-394
16.45,27.99,54.65,87.95,22-05-23-07-03-12-427
13.21,16.47,56.92,94.36,22-05-23-07-03-12-457
12.47,13.53,60.15,96.50,22-05-23-07-03-12-492
11.87,8.92,62.47,98.06,22-05-23-07-03-12-526
11.68,7.12,64.62,98.67,22-05-23-07-03-12-556
11.57,6.08,68.38,99.10,22-05-23-07-03-12-591
11.85,8.47,70.89,99.14,22-05-23-07-03-12-627
20.56,6.61,72.59,90.79,22-05-23-07-03-12-659
21.83,7.10,74.33,90.12,22-05-23-07-03-12-696
23.76,6.88,74.97,88.44,22-05-23-07-03-12-725
25.07,6.95,75.33,87.23,22-05-23-07-03-12-758
25.95,7.10,75.49,86.42,22-05-23-07-03-12-790
26.55,7.29,75.35,85.89,22-05-23-07-03-12-826
26.99,7.52,75.02,85.51,22-05-23-07-03-12-856
27.28,7.78,73.65,85.18,22-05-23-07-03-12-893
27.41,8.15,71.17,84.76,22-05-23-07-03-12-925
27.24,8.75,67.42,84.26,22-05-23-07-03-12-956
26.71,9.98,61.16,83.03,22-05-23-07-03-12-991
26.14,11.45,57.30,82.65,22-05-23-07-03-13-024
22.91,15.37,53.14,83.13,22-05-23-07-03-13-059
21.11,18.22,50.22,83.50,22-05-23-07-03-13-090
19.70,21.01,48.14,83.98,22-05-23-07-03-13-125
17.83,23.64,39.49,83.71,22-05-23-07-03-13-159
16.65,25.91,36.43,83.90,22-05-23-07-03-13-191
15.81,27.77,26.96,87.10,22-05-23-07-03-13-223
15.15,29.32,25.71,88.42,22-05-23-07-03-13-257
14.52,30.31,26.51,89.76,22-05-23-07-03-13-292
13.95,34.68,7.69,94.40,22-05-23-07-03-13-325
19.68,50.98,-4.79,98.45,22-05-23-07-03-13-363
20.72,36.04,-17.32,98.45,22-05-23-07-03-13-389
21.61,28.66,-21.90,99.22,22-05-23-07-03-13-426
22.21,25.48,-31.65,99.83,22-05-23-07-03-13-456
22.65,23.65,-36.13,101.05,22-05-23-07-03-13-490
22.94,22.85,-42.42,99.55,22-05-23-07-03-13-524
23.07,23.79,-45.92,100.02,22-05-23-07-03-13-558
23.06,25.29,-51.44,100.27,22-05-23-07-03-13-592
24.02,28.17,-54.00,100.48,22-05-23-07-03-13-623
24.83,30.47,-64.73,101.03,22-05-23-07-03-13-656
25.19,33.54,-65.28,100.88,22-05-23-07-03-13-690
25.37,35.47,-62.77,100.42,22-05-23-07-03-13-723
25.52,36.83,-62.95,100.44,22-05-23-07-03-13-756
25.58,37.67,-62.87,100.43,22-05-23-07-03-13-792
25.57,38.28,-62.82,100.33,22-05-23-07-03-13-824
25.52,38.68,-62.72,100.23,22-05-23-07-03-13-858
25.49,38.92,-62.58,100.13,22-05-23-07-03-13-892
25.44,39.04,-62.45,100.05,22-05-23-07-03-13-925
25.38,39.12,-62.26,99.97,22-05-23-07-03-13-958
25.31,39.17,-62.10,99.88,22-05-23-07-03-13-993
25.25,39.12,-61.88,99.78,22-05-23-07-03-14-025
25.16,39.05,-61.17,99.51,22-05-23-07-03-14-057
25.06,38.99,-54.97,96.90,22-05-23-07-03-14-091
24.88,38.91,-50.85,95.42,22-05-23-07-03-14-126
24.72,38.82,-40.72,95.20,22-05-23-07-03-14-156
24.45,38.63,-35.22,94.87,22-05-23-07-03-14-192
24.18,38.48,-25.57,91.61,22-05-23-07-03-14-224
23.88,38.14,-19.69,90.74,22-05-23-07-03-14-261
21.81,39.40,-7.73,92.28,22-05-23-07-03-14-290
20.51,39.69,-2.30,94.23,22-05-23-07-03-14-326
19.79,39.99,1.04,97.94,22-05-23-07-03-14-363
17.72,35.84,9.08,96.02,22-05-23-07-03-14-390
16.60,32.69,23.65,96.21,22-05-23-07-03-14-423
16.12,30.46,38.12,86.33,22-05-23-07-03-14-458
15.91,28.90,49.42,86.24,22-05-23-07-03-14-491
16.26,27.50,53.30,85.24,22-05-23-07-03-14-523
17.44,26.24,56.52,85.24,22-05-23-07-03-14-556
18.80,24.79,58.50,85.61,22-05-23-07-03-14-591
20.16,23.87,60.07,86.04,22-05-23-07-03-14-625
21.96,22.10,61.15,86.04,22-05-23-07-03-14-659
23.41,20.60,63.47,86.77,22-05-23-07-03-14-696
24.65,18.86,65.65,87.53,22-05-23-07-03-14-726
25.57,17.34,67.26,87.91,22-05-23-07-03-14-758
26.45,15.22,68.33,88.14,22-05-23-07-03-14-793
27.15,13.26,69.94,88.40,22-05-23-07-03-14-826
27.72,11.49,71.25,88.65,22-05-23-07-03-14-858
28.14,10.06,72.38,88.95,22-05-23-07-03-14-895
28.44,8.88,73.13,89.17,22-05-23-07-03-14-923
28.67,7.82,73.53,89.30,22-05-23-07-03-14-958
28.83,7.06,73.78,89.40,22-05-23-07-03-14-994
28.97,6.40,73.91,89.50,22-05-23-07-03-15-023
29.08,5.86,73.83,89.61,22-05-23-07-03-15-061
29.17,5.54,72.93,89.82,22-05-23-07-03-15-092
29.23,5.34,70.05,89.60,22-05-23-07-03-15-122
29.24,5.25,63.18,89.34,22-05-23-07-03-15-156
28.90,5.11,55.75,89.23,22-05-23-07-03-15-193
22.22,3.88,46.92,97.47,22-05-23-07-03-15-224
20.90,4.46,41.60,97.65,22-05-23-07-03-15-259
19.93,5.23,37.81,97.56,22-05-23-07-03-15-292
19.35,6.32,27.43,92.52,22-05-23-07-03-15-321
18.67,6.67,22.22,89.30,22-05-23-07-03-15-356
18.17,7.52,19.76,87.89,22-05-23-07-03-15-392
17.85,8.19,4.77,93.27,22-05-23-07-03-15-431
17.64,9.05,-4.62,95.22,22-05-23-07-03-15-459
18.07,8.71,-11.08,96.50,22-05-23-07-03-15-491
21.42,3.05,-18.29,103.05,22-05-23-07-03-15-526
23.23,0.89,-22.38,106.43,22-05-23-07-03-15-555
24.77,-2.41,-32.18,110.31,22-05-23-07-03-15-592
25.86,-5.14,-35.57,113.61,22-05-23-07-03-15-628
27.32,-16.89,-32.85,118.65,22-05-23-07-03-15-658
24.48,-1.33,-37.95,110.99,22-05-23-07-03-15-693
24.47,19.28,-45.10,103.68,22-05-23-07-03-15-727
25.18,26.86,-54.32,100.52,22-05-23-07-03-15-758
25.69,30.68,-58.10,99.06,22-05-23-07-03-15-791
26.10,33.26,-60.16,98.22,22-05-23-07-03-15-827
26.40,34.92,-61.45,97.70,22-05-23-07-03-15-859
26.49,35.53,-62.15,97.61,22-05-23-07-03-15-893
26.40,35.16,-70.54,94.55,22-05-23-07-03-15-926
26.23,34.13,-75.21,92.58,22-05-23-07-03-15-957
26.00,32.89,-77.37,91.69,22-05-23-07-03-15-993
25.79,31.75,-78.55,91.13,22-05-23-07-03-16-028
25.57,30.51,-79.09,90.88,22-05-23-07-03-16-059
25.38,29.45,-79.13,90.82,22-05-23-07-03-16-093
25.24,28.65,-78.77,90.86,22-05-23-07-03-16-125
25.09,28.25,-63.35,98.77,22-05-23-07-03-16-158
24.88,28.02,-54.68,100.31,22-05-23-07-03-16-193
24.67,27.85,-49.96,100.90,22-05-23-07-03-16-223
24.38,27.92,-46.31,101.12,22-05-23-07-03-16-255
23.98,28.02,-37.20,101.49,22-05-23-07-03-16-293
23.10,31.11,-31.12,103.01,22-05-23-07-03-16-322
22.20,30.97,-23.77,101.37,22-05-23-07-03-16-358
19.13,40.33,-15.04,101.29,22-05-23-07-03-16-390
14.49,48.57,-4.67,99.96,22-05-23-07-03-16-425
7.23,45.08,13.63,105.11,22-05-23-07-03-16-457
9.29,49.88,28.21,103.54,22-05-23-07-03-16-490
11.59,51.31,43.31,97.09,22-05-23-07-03-16-523
13.50,51.47,47.67,94.03,22-05-23-07-03-16-558
17.07,56.11,51.33,94.67,22-05-23-07-03-16-590
17.74,56.68,52.38,95.76,22-05-23-07-03-16-623
17.98,56.84,52.85,97.14,22-05-23-07-03-16-659
18.09,56.81,53.36,98.36,22-05-23-07-03-16-692
17.88,56.22,53.79,99.49,22-05-23-07-03-16-723
17.71,55.87,54.67,100.54,22-05-23-07-03-16-758
20.35,44.56,54.07,95.53,22-05-23-07-03-16-790
15.24,33.59,54.47,100.06,22-05-23-07-03-16-824
13.05,25.53,56.00,102.44,22-05-23-07-03-16-859
12.55,22.77,58.34,103.15,22-05-23-07-03-16-891
12.17,19.73,60.15,103.88,22-05-23-07-03-16-926
12.36,23.73,62.33,103.92,22-05-23-07-03-16-959
13.01,30.05,65.25,103.81,22-05-23-07-03-16-992
14.59,38.14,67.24,102.80,22-05-23-07-03-17-026
15.83,42.38,68.50,102.17,22-05-23-07-03-17-056
16.45,43.98,69.21,101.90,22-05-23-07-03-17-091
16.91,45.05,69.67,101.69,22-05-23-07-03-17-124
21.47,39.14,69.34,96.49,22-05-23-07-03-17-159
20.19,37.42,68.78,97.16,22-05-23-07-03-17-191
17.34,32.58,67.44,99.17,22-05-23-07-03-17-225
15.66,28.95,66.22,100.48,22-05-23-07-03-17-259
15.59,27.46,64.19,99.93,22-05-23-07-03-17-293
15.36,29.86,62.60,100.15,22-05-23-07-03-17-325
13.89,26.57,58.45,102.11,22-05-23-07-03-17-363
12.95,23.99,54.42,103.30,22-05-23-07-03-17-391
12.32,21.55,48.45,103.87,22-05-23-07-03-17-423
11.27,12.23,43.73,105.87,22-05-23-07-03-17-459
12.92,13.89,37.61,101.76,22-05-23-07-03-17-490
14.31,15.24,30.42,98.44,22-05-23-07-03-17-523
15.59,15.19,26.89,95.91,22-05-23-07-03-17-558
16.69,13.63,23.23,93.93,22-05-23-07-03-17-593
17.12,11.54,5.83,97.69,22-05-23-07-03-17-626
23.74,31.06,-11.79,97.24,22-05-23-07-03-17-659
28.46,19.03,-22.86,98.46,22-05-23-07-03-17-692
30.27,18.47,-29.53,100.16,22-05-23-07-03-17-722
31.41,18.16,-34.92,100.29,22-05-23-07-03-17-758
33.11,16.31,-39.11,103.32,22-05-23-07-03-17-791
34.08,15.45,-41.46,105.46,22-05-23-07-03-17-826
34.11,15.91,-44.89,105.74,22-05-23-07-03-17-858
33.24,17.87,-50.23,105.15,22-05-23-07-03-17-892
32.40,19.57,-52.02,104.15,22-05-23-07-03-17-924
31.37,21.85,-54.92,103.95,22-05-23-07-03-17-957
30.62,23.51,-54.85,103.14,22-05-23-07-03-17-992
30.06,24.70,-55.82,102.96,22-05-23-07-03-18-023
29.61,25.57,-56.30,102.65,22-05-23-07-03-18-057
29.17,26.22,-56.52,102.38,22-05-23-07-03-18-091
28.71,26.51,-56.49,102.18,22-05-23-07-03-18-123
28.28,26.63,-56.35,102.05,22-05-23-07-03-18-159
27.82,26.69,-56.13,101.89,22-05-23-07-03-18-191
27.39,26.56,-55.83,101.80,22-05-23-07-03-18-225
26.99,26.41,-55.53,101.73,22-05-23-07-03-18-258
26.63,26.22,-55.23,101.69,22-05-23-07-03-18-292
26.31,26.03,-54.96,101.66,22-05-23-07-03-18-325
25.99,25.78,-54.67,101.63,22-05-23-07-03-18-356
25.70,25.52,-50.26,100.37,22-05-23-07-03-18-394
25.44,25.26,-47.93,99.77,22-05-23-07-03-18-428
25.20,25.00,-45.83,99.46,22-05-23-07-03-18-457
24.96,24.75,-40.35,98.68,22-05-23-07-03-18-491
24.39,23.97,-34.59,101.39,22-05-23-07-03-18-523
23.73,24.00,-30.57,101.04,22-05-23-07-03-18-556
23.12,24.28,-21.58,98.76,22-05-23-07-03-18-592
22.46,28.43,-16.93,97.47,22-05-23-07-03-18-623
21.82,35.15,-12.49,94.25,22-05-23-07-03-18-657
18.12,38.15,-7.61,95.40,22-05-23-07-03-18-690
15.70,39.48,-4.73,97.75,22-05-23-07-03-18-721
14.49,40.48,10.74,97.44,22-05-23-07-03-18-759
13.85,41.35,23.02,97.64,22-05-23-07-03-18-792
13.41,41.94,36.32,94.74,22-05-23-07-03-18-824
13.20,42.15,41.43,93.53,22-05-23-07-03-18-856
13.28,42.37,44.05,92.94,22-05-23-07-03-18-892
13.84,42.85,45.38,92.25,22-05-23-07-03-18-924
14.60,51.57,48.19,96.02,22-05-23-07-03-18-958
14.67,54.64,49.42,98.18,22-05-23-07-03-18-992
14.70,56.26,50.21,99.38,22-05-23-07-03-19-023
14.05,62.05,51.53,99.76,22-05-23-07-03-19-060
14.42,60.74,51.83,98.55,22-05-23-07-03-19-091
14.47,60.96,52.64,98.85,22-05-23-07-03-19-125
14.48,60.86,53.70,99.41,22-05-23-07-03-19-162
14.01,59.22,54.92,100.43,22-05-23-07-03-19-190
18.13,44.87,54.93,95.00,22-05-23-07-03-19-229
16.00,41.02,55.57,97.52,22-05-23-07-03-19-260
14.37,38.38,56.31,99.53,22-05-23-07-03-19-291
13.12,36.60,56.97,101.09,22-05-23-07-03-19-326
12.07,34.89,57.46,102.35,22-05-23-07-03-19-359
10.14,26.72,57.30,104.14,22-05-23-07-03-19-393
8.74,17.54,57.19,105.68,22-05-23-07-03-19-424
17.19,27.04,57.22,96.42,22-05-23-07-03-19-459
16.92,32.31,58.60,97.15,22-05-23-07-03-19-492
16.22,36.47,59.68,98.47,22-05-23-07-03-19-524
14.50,38.13,60.17,100.68,22-05-23-07-03-19-561
13.94,39.76,60.15,101.73,22-05-23-07-03-19-594
12.01,36.79,58.37,104.07,22-05-23-07-03-19-623
11.62,37.39,54.11,104.78,22-05-23-07-03-19-658
12.32,39.53,51.36,102.82,22-05-23-07-03-19-695
13.10,41.06,48.28,100.66,22-05-23-07-03-19-724
13.87,42.03,43.75,97.91,22-05-23-07-03-19-758
14.47,42.52,39.75,95.59,22-05-23-07-03-19-791
14.82,42.60,29.35,93.48,22-05-23-07-03-19-825
14.99,42.18,26.00,92.50,22-05-23-07-03-19-857
15.03,41.67,23.74,91.82,22-05-23-07-03-19-892
15.11,41.26,5.79,92.36,22-05-23-07-03-19-927
17.05,33.91,-12.09,91.87,22-05-23-07-03-19-956
18.44,29.88,-25.08,94.33,22-05-23-07-03-19-992
19.33,28.21,-31.57,96.61,22-05-23-07-03-20-024
19.94,27.18,-35.95,98.31,22-05-23-07-03-20-056
20.36,26.57,-39.03,98.81,22-05-23-07-03-20-092
20.67,26.24,-42.91,98.55,22-05-23-07-03-20-123
20.90,26.15,-46.02,98.77,22-05-23-07-03-20-159
21.07,26.37,-47.79,98.85,22-05-23-07-03-20-193
22.03,28.82,-50.06,98.73,22-05-23-07-03-20-223
22.97,29.85,-51.79,99.31,22-05-23-07-03-20-256
23.45,30.49,-52.83,99.46,22-05-23-07-03-20-293
23.79,30.98,-53.54,99.65,22-05-23-07-03-20-325
24.03,31.34,-53.98,99.83,22-05-23-07-03-20-356
24.20,31.59,-54.20,100.03,22-05-23-07-03-20-395
24.34,31.81,-54.31,100.20,22-05-23-07-03-20-425
24.44,31.99,-54.31,100.38,22-05-23-07-03-20-458
24.51,32.11,-54.24,100.54,22-05-23-07-03-20-492
24.57,32.21,-54.14,100.67,22-05-23-07-03-20-532
24.60,32.29,-54.02,100.77,22-05-23-07-03-20-558
24.63,32.36,-53.91,100.83,22-05-23-07-03-20-592
24.64,32.41,-53.80,100.88,22-05-23-07-03-20-628
24.63,32.45,-53.69,100.92,22-05-23-07-03-20-656
24.61,32.51,-53.56,100.96,22-05-23-07-03-20-692
24.53,32.59,-53.38,100.93,22-05-23-07-03-20-727
24.40,32.72,-50.73,101.11,22-05-23-07-03-20-756
24.20,32.93,-42.89,97.76,22-05-23-07-03-20-792
23.84,33.10,-33.58,97.32,22-05-23-07-03-20-824
23.38,33.45,-36.22,90.02,22-05-23-07-03-20-857
23.94,50.99,-27.51,90.45,22-05-23-07-03-20-890
24.48,56.98,-15.65,99.26,22-05-23-07-03-20-922
21.82,56.66,-9.99,102.75,22-05-23-07-03-20-958
18.76,54.42,-4.35,104.52,22-05-23-07-03-20-989
12.67,43.05,4.95,100.27,22-05-23-07-03-21-024
10.27,33.24,15.58,98.71,22-05-23-07-03-21-058
9.18,26.59,29.08,92.67,22-05-23-07-03-21-091
8.72,22.41,34.49,92.33,22-05-23-07-03-21-122
8.79,21.45,39.00,92.89,22-05-23-07-03-21-160
9.14,22.69,41.17,92.57,22-05-23-07-03-21-189
9.65,24.88,42.71,91.87,22-05-23-07-03-21-225
10.15,26.95,44.00,91.74,22-05-23-07-03-21-260
10.62,28.74,45.50,92.24,22-05-23-07-03-21-290
11.03,30.22,47.15,92.81,22-05-23-07-03-21-329
10.33,36.99,50.29,97.60,22-05-23-07-03-21-363
9.68,38.41,52.04,100.75,22-05-23-07-03-21-392
8.91,35.35,54.26,103.51,22-05-23-07-03-21-426
7.29,17.00,54.67,106.68,22-05-23-07-03-21-460
9.10,-41.00,53.15,111.66,22-05-23-07-03-21-491
10.25,-48.30,53.91,112.98,22-05-23-07-03-21-523
12.57,-55.75,53.98,114.49,22-05-23-07-03-21-556
14.01,-59.11,54.26,115.42,22-05-23-07-03-21-593
14.71,-60.26,54.77,115.83,22-05-23-07-03-21-624
14.85,-59.72,55.38,115.64,22-05-23-07-03-21-657
14.68,-58.48,56.19,115.24,22-05-23-07-03-21-691
15.87,-5.90,58.19,102.42,22-05-23-07-03-21-724
17.71,8.97,59.76,99.29,22-05-23-07-03-21-757
15.43,8.62,60.83,101.74,22-05-23-07-03-21-793
11.96,-16.08,60.16,107.23,22-05-23-07-03-21-824
16.62,7.70,56.89,97.33,22-05-23-07-03-21-860
16.86,18.87,56.46,97.71,22-05-23-07-03-21-891
15.07,15.04,53.89,100.62,22-05-23-07-03-21-923
15.23,15.66,47.75,99.98,22-05-23-07-03-21-958
15.44,15.85,42.48,98.81,22-05-23-07-03-21-992
15.65,15.79,37.44,97.15,22-05-23-07-03-22-024
15.81,15.67,28.20,97.31,22-05-23-07-03-22-058
15.89,15.39,18.85,97.93,22-05-23-07-03-22-093
15.92,15.05,15.65,97.68,22-05-23-07-03-22-125
14.99,12.21,3.60,99.97,22-05-23-07-03-22-158
14.89,11.90,-3.75,103.04,22-05-23-07-03-22-191
18.15,-2.46,-12.53,103.42,22-05-23-07-03-22-222
20.52,-5.71,-16.96,105.02,22-05-23-07-03-22-258
24.34,-13.51,-19.28,109.41,22-05-23-07-03-22-293
28.38,-24.51,-19.43,116.86,22-05-23-07-03-22-325
29.81,-27.14,-22.18,119.84,22-05-23-07-03-22-358
24.83,-5.95,-31.41,108.95,22-05-23-07-03-22-390
23.45,11.97,-47.86,102.05,22-05-23-07-03-22-424
23.79,20.32,-51.10,100.44,22-05-23-07-03-22-463
24.61,28.43,-53.39,99.51,22-05-23-07-03-22-493
25.08,32.20,-54.25,98.74,22-05-23-07-03-22-523
25.41,34.61,-54.23,98.11,22-05-23-07-03-22-559
25.47,35.67,-53.47,97.68,22-05-23-07-03-22-591
25.27,35.46,-52.18,97.48,22-05-23-07-03-22-622
24.95,34.44,-50.69,97.51,22-05-23-07-03-22-660
24.61,33.20,-49.26,97.63,22-05-23-07-03-22-697
24.30,31.51,-47.87,97.86,22-05-23-07-03-22-724
24.04,30.01,-46.73,98.15,22-05-23-07-03-22-758
23.83,28.69,-45.78,98.38,22-05-23-07-03-22-792
23.71,27.82,-45.08,98.50,22-05-23-07-03-22-826
23.63,27.31,-44.57,98.52,22-05-23-07-03-22-857
23.58,26.94,-52.24,99.56,22-05-23-07-03-22-896
23.53,26.66,-55.75,100.01,22-05-23-07-03-22-924
23.51,26.46,-54.46,99.94,22-05-23-07-03-22-958
23.48,26.30,-50.42,99.65,22-05-23-07-03-22-989
23.44,26.09,-43.48,99.50,22-05-23-07-03-23-021
23.38,25.88,-36.28,99.61,22-05-23-07-03-23-059
23.30,25.66,-28.80,97.67,22-05-23-07-03-23-090
23.20,25.28,-18.44,95.99,22-05-23-07-03-23-121
23.01,24.78,-13.44,95.01,22-05-23-07-03-23-160
18.28,24.78,-8.69,95.97,22-05-23-07-03-23-192
16.73,24.39,-0.09,96.14,22-05-23-07-03-23-224
15.75,24.18,18.14,95.45,22-05-23-07-03-23-258
15.10,24.14,24.86,95.27,22-05-23-07-03-23-290
14.70,24.33,37.11,91.17,22-05-23-07-03-23-326
14.47,24.71,41.95,90.37,22-05-23-07-03-23-360
14.37,25.15,45.03,90.01,22-05-23-07-03-23-390
14.46,26.28,48.07,90.19,22-05-23-07-03-23-425
13.59,31.80,50.99,93.26,22-05-23-07-03-23-456
12.69,35.27,53.31,96.09,22-05-23-07-03-23-489
12.02,37.29,55.01,97.91,22-05-23-07-03-23-525
11.42,38.49,56.65,99.27,22-05-23-07-03-23-560
10.81,38.97,58.02,100.24,22-05-23-07-03-23-590
10.31,39.11,59.54,100.85,22-05-23-07-03-23-623
9.94,39.13,60.83,101.21,22-05-23-07-03-23-657
9.70,39.21,62.38,101.37,22-05-23-07-03-23-691
7.94,22.05,62.07,102.30,22-05-23-07-03-23-725
7.61,16.43,62.62,102.41,22-05-23-07-03-23-759
7.43,13.10,63.12,102.46,22-05-23-07-03-23-791
7.33,10.67,63.58,102.45,22-05-23-07-03-23-822
8.45,26.46,65.37,100.75,22-05-23-07-03-23-856
11.11,32.07,66.56,97.24,22-05-23-07-03-23-891
19.08,29.58,72.01,92.84,22-05-23-07-03-23-921
22.15,28.80,74.19,91.45,22-05-23-07-03-23-959
23.72,28.41,72.45,88.58,22-05-23-07-03-23-992
24.72,27.97,70.49,86.18,22-05-23-07-03-24-023
25.18,27.31,68.74,84.71,22-05-23-07-03-24-059
25.01,26.24,66.87,84.20,22-05-23-07-03-24-090
24.22,25.01,64.80,84.59,22-05-23-07-03-24-122
23.29,23.85,60.42,85.62,22-05-23-07-03-24-158
22.44,23.20,56.65,86.76,22-05-23-07-03-24-191
20.76,23.12,52.02,88.52,22-05-23-07-03-24-224
19.52,23.11,48.03,89.85,22-05-23-07-03-24-256
17.91,22.94,43.65,91.16,22-05-23-07-03-24-294
16.42,22.43,35.89,90.32,22-05-23-07-03-24-326
15.35,21.62,31.98,90.25,22-05-23-07-03-24-357
14.04,19.20,29.21,92.26,22-05-23-07-03-24-397
12.79,13.83,18.13,98.10,22-05-23-07-03-24-421
11.89,8.46,14.44,100.54,22-05-23-07-03-24-458
12.21,-6.57,11.45,106.54,22-05-23-07-03-24-490
14.91,-12.78,-3.48,105.57,22-05-23-07-03-24-522
20.07,-11.41,-16.17,113.87,22-05-23-07-03-24-556
22.32,-12.55,-21.05,116.20,22-05-23-07-03-24-590
27.21,-22.06,-32.91,113.50,22-05-23-07-03-24-624
33.75,-34.54,-28.17,121.94,22-05-23-07-03-24-659
26.81,-19.63,-34.63,111.96,22-05-23-07-03-24-693
24.31,-7.85,-37.24,107.45,22-05-23-07-03-24-722
22.82,3.05,-39.22,104.42,22-05-23-07-03-24-757
22.56,10.74,-40.48,104.20,22-05-23-07-03-24-790
22.83,16.83,-48.93,97.97,22-05-23-07-03-24-825
23.04,20.15,-53.24,98.16,22-05-23-07-03-24-858
23.20,22.36,-54.95,98.00,22-05-23-07-03-24-895
23.30,23.63,-55.81,97.88,22-05-23-07-03-24-922
23.29,23.98,-54.48,99.42,22-05-23-07-03-24-959
23.21,23.82,-53.86,99.85,22-05-23-07-03-24-996
23.07,23.22,-52.66,100.38,22-05-23-07-03-25-030
22.87,22.18,-51.49,100.77,22-05-23-07-03-25-058
22.63,21.21,-50.65,101.01,22-05-23-07-03-25-092
22.39,20.02,-49.70,101.24,22-05-23-07-03-25-125
22.19,17.61,-48.61,102.50,22-05-23-07-03-25-159
22.24,-0.72,-42.06,108.63,22-05-23-07-03-25-192
21.78,-1.72,-33.96,109.61,22-05-23-07-03-25-225
21.16,-0.74,-30.71,108.68,22-05-23-07-03-25-258
20.45,1.82,-28.14,107.35,22-05-23-07-03-25-295
19.44,9.46,-25.15,103.69,22-05-23-07-03-25-325
19.08,12.58,-17.13,100.55,22-05-23-07-03-25-360
16.98,19.97,-11.02,100.15,22-05-23-07-03-25-389
16.13,24.23,-8.31,100.62,22-05-23-07-03-25-425
14.86,29.01,-5.31,99.27,22-05-23-07-03-25-456
14.00,31.06,6.60,99.87,22-05-23-07-03-25-489
13.46,32.28,24.39,95.55,22-05-23-07-03-25-524
13.13,32.83,32.11,93.08,22-05-23-07-03-25-561
13.19,33.21,37.39,90.94,22-05-23-07-03-25-589
13.42,33.17,41.39,89.54,22-05-23-07-03-25-625
13.67,32.82,44.69,89.43,22-05-23-07-03-25-659
14.21,33.53,48.42,92.07,22-05-23-07-03-25-691
12.07,2.97,47.86,99.82,22-05-23-07-03-25-723
12.82,2.49,50.92,101.51,22-05-23-07-03-25-760
13.52,5.12,54.11,102.38,22-05-23-07-03-25-790
19.12,12.09,56.23,94.79,22-05-23-07-03-25-829
21.90,13.97,58.86,91.03,22-05-23-07-03-25-859
23.54,13.99,60.95,88.87,22-05-23-07-03-25-889
24.66,13.88,63.06,87.16,22-05-23-07-03-25-928
25.47,13.37,64.70,85.76,22-05-23-07-03-25-958
26.03,12.67,66.25,84.48,22-05-23-07-03-25-991
26.38,11.97,67.12,83.60,22-05-23-07-03-26-025
26.62,11.29,67.66,82.98,22-05-23-07-03-26-059
26.74,10.63,68.01,82.46,22-05-23-07-03-26-089
26.80,10.00,68.20,82.03,22-05-23-07-03-26-124
26.78,9.31,68.25,81.76,22-05-23-07-03-26-156
26.73,8.71,68.21,81.56,22-05-23-07-03-26-191
26.64,8.13,68.10,81.47,22-05-23-07-03-26-223
26.55,7.66,67.90,81.40,22-05-23-07-03-26-258
26.44,7.18,66.17,80.29,22-05-23-07-03-26-296
26.33,6.81,63.93,79.50,22-05-23-07-03-26-323
26.24,6.57,59.93,79.57,22-05-23-07-03-26-359
26.15,6.41,53.59,82.27,22-05-23-07-03-26-390
20.03,8.46,52.66,91.98,22-05-23-07-03-26-422
14.70,-25.43,47.27,106.04,22-05-23-07-03-26-458
23.15,-66.76,39.97,121.67,22-05-23-07-03-26-490
17.87,-36.25,34.38,106.24,22-05-23-07-03-26-524
17.63,-33.04,30.07,104.61,22-05-23-07-03-26-557
17.59,-16.97,22.47,98.32,22-05-23-07-03-26-590
18.09,-8.72,13.46,96.67,22-05-23-07-03-26-625
18.33,-5.07,10.56,96.22,22-05-23-07-03-26-658
18.53,-2.69,0.79,96.33,22-05-23-07-03-26-689
18.63,-1.32,-5.15,95.87,22-05-23-07-03-26-724
19.05,-0.75,-9.79,96.31,22-05-23-07-03-26-756
19.61,-0.15,-15.97,98.49,22-05-23-07-03-26-791
20.32,0.40,-22.02,99.91,22-05-23-07-03-26-824
23.83,0.94,-25.99,103.75,22-05-23-07-03-26-857
25.84,2.04,-28.70,106.55,22-05-23-07-03-26-892
26.37,5.44,-37.93,104.25,22-05-23-07-03-26-926
28.08,3.62,-41.53,106.14,22-05-23-07-03-26-955
27.69,7.32,-44.68,103.29,22-05-23-07-03-26-993
27.26,10.04,-44.19,104.01,22-05-23-07-03-27-023
26.91,12.21,-43.44,104.12,22-05-23-07-03-27-058
26.61,13.71,-42.91,103.91,22-05-23-07-03-27-090
26.32,15.11,-42.60,103.52,22-05-23-07-03-27-124
26.15,16.25,-42.49,103.09,22-05-23-07-03-27-163
26.04,17.21,-42.45,102.72,22-05-23-07-03-27-191
25.94,18.19,-42.50,102.33,22-05-23-07-03-27-223
25.85,18.98,-42.57,102.02,22-05-23-07-03-27-260
25.76,19.55,-45.79,101.37,22-05-23-07-03-27-289
25.68,19.89,-45.17,101.49,22-05-23-07-03-27-325
25.97,19.19,-44.42,102.15,22-05-23-07-03-27-358
26.38,18.35,-38.71,98.79,22-05-23-07-03-27-391
26.48,18.09,-37.04,99.73,22-05-23-07-03-27-426
26.93,16.69,-35.15,100.43,22-05-23-07-03-27-463
27.03,15.86,-31.43,100.51,22-05-23-07-03-27-491
26.99,15.35,-23.99,100.01,22-05-23-07-03-27-525
22.58,29.28,-15.39,100.00,22-05-23-07-03-27-558
21.66,33.75,-10.10,100.05,22-05-23-07-03-27-591
20.83,36.79,-7.33,99.95,22-05-23-07-03-27-624
19.29,34.25,-5.09,100.15,22-05-23-07-03-27-655
18.17,31.65,19.44,90.97,22-05-23-07-03-27-692
17.84,30.20,33.13,86.21,22-05-23-07-03-27-723
17.76,29.35,43.58,84.74,22-05-23-07-03-27-758
17.98,28.86,48.25,84.15,22-05-23-07-03-27-791
18.97,28.42,51.08,83.27,22-05-23-07-03-27-825
19.87,28.09,55.13,87.22,22-05-23-07-03-27-858
20.83,27.71,56.91,88.45,22-05-23-07-03-27-891
22.01,26.98,58.24,88.54,22-05-23-07-03-27-924
23.13,26.11,59.54,88.49,22-05-23-07-03-27-961
24.08,25.22,61.31,88.44,22-05-23-07-03-27-992
24.85,23.68,63.21,88.39,22-05-23-07-03-28-023
25.44,22.24,65.26,88.21,22-05-23-07-03-28-059
25.93,20.82,67.06,87.82,22-05-23-07-03-28-093
26.34,18.75,68.64,87.15,22-05-23-07-03-28-123
26.58,15.95,69.71,86.58,22-05-23-07-03-28-161
26.76,14.02,71.27,85.90,22-05-23-07-03-28-187
26.98,11.92,72.22,85.36,22-05-23-07-03-28-221
27.19,9.70,73.29,84.92,22-05-23-07-03-28-258
27.40,8.26,74.26,84.47,22-05-23-07-03-28-292
27.59,7.15,74.97,84.09,22-05-23-07-03-28-324
27.77,6.26,75.49,83.81,22-05-23-07-03-28-357
27.96,5.52,75.76,83.57,22-05-23-07-03-28-390
28.13,4.99,75.90,83.37,22-05-23-07-03-28-424
28.27,4.63,75.96,83.21,22-05-23-07-03-28-458
28.40,4.39,75.91,83.17,22-05-23-07-03-28-490
28.50,4.27,74.92,83.52,22-05-23-07-03-28-527
28.58,4.25,72.40,84.35,22-05-23-07-03-28-557
28.59,4.34,67.98,86.00,22-05-23-07-03-28-591
28.46,4.63,58.36,87.53,22-05-23-07-03-28-623
28.09,5.37,53.52,88.20,22-05-23-07-03-28-655
27.16,6.94,45.95,89.25,22-05-23-07-03-28-692
17.94,8.88,42.39,98.72,22-05-23-07-03-28-722
13.98,15.46,37.20,97.60,22-05-23-07-03-28-759
12.13,20.83,34.91,96.72,22-05-23-07-03-28-795
11.16,25.71,25.56,96.69,22-05-23-07-03-28-823
10.79,29.81,19.46,95.84,22-05-23-07-03-28-858
10.62,33.07,16.10,94.46,22-05-23-07-03-28-892
10.35,42.33,11.99,85.63,22-05-23-07-03-28-924
11.30,49.78,-4.49,90.22,22-05-23-07-03-28-958
14.79,53.11,-16.86,90.34,22-05-23-07-03-28-994
17.32,53.70,-28.15,94.73,22-05-23-07-03-29-022
18.95,53.76,-34.61,95.57,22-05-23-07-03-29-058
20.12,53.71,-39.19,95.56,22-05-23-07-03-29-092
22.66,51.18,-43.19,97.02,22-05-23-07-03-29-128
23.89,50.73,-55.90,94.40,22-05-23-07-03-29-157
24.81,50.28,-59.32,92.99,22-05-23-07-03-29-192
25.45,49.82,-62.93,92.93,22-05-23-07-03-29-221
25.87,49.47,-64.77,92.92,22-05-23-07-03-29-257
26.16,49.26,-65.89,92.88,22-05-23-07-03-29-291
26.33,49.27,-66.45,92.76,22-05-23-07-03-29-323
26.41,49.40,-66.55,92.66,22-05-23-07-03-29-357
26.42,49.59,-66.33,92.59,22-05-23-07-03-29-390
26.35,49.78,-65.92,92.54,22-05-23-07-03-29-426
26.29,49.98,-65.46,92.47,22-05-23-07-03-29-459
26.23,50.19,-64.99,92.38,22-05-23-07-03-29-489
26.17,50.37,-64.55,92.29,22-05-23-07-03-29-523
26.11,50.52,-64.16,92.21,22-05-23-07-03-29-560
26.05,50.67,-63.82,92.11,22-05-23-07-03-29-590
25.97,50.78,-63.52,92.02,22-05-23-07-03-29-625
25.86,50.84,-63.24,91.95,22-05-23-07-03-29-663
25.74,50.90,-59.00,99.21,22-05-23-07-03-29-691
25.63,50.93,-56.89,101.78,22-05-23-07-03-29-722
25.51,50.95,-55.54,102.44,22-05-23-07-03-29-758
25.37,50.89,-51.00,100.57,22-05-23-07-03-29-792
25.15,50.36,-42.44,97.43,22-05-23-07-03-29-823
24.94,49.88,-30.82,97.82,22-05-23-07-03-29-858
24.99,50.90,-23.85,98.01,22-05-23-07-03-29-890
25.10,52.02,-16.92,95.29,22-05-23-07-03-29-921
24.97,52.92,-14.07,94.87,22-05-23-07-03-29-958
18.18,48.01,-8.58,96.90,22-05-23-07-03-29-990
15.63,44.71,-7.15,97.71,22-05-23-07-03-30-025
14.31,42.38,-6.63,98.01,22-05-23-07-03-30-062
13.50,40.68,26.24,97.26,22-05-23-07-03-30-094
13.02,39.30,40.45,96.12,22-05-23-07-03-30-122
12.97,37.66,53.03,96.34,22-05-23-07-03-30-161
13.44,35.39,56.72,96.17,22-05-23-07-03-30-191
17.28,28.86,59.31,92.28,22-05-23-07-03-30-224
18.59,27.99,61.91,93.21,22-05-23-07-03-30-259
19.36,27.77,63.78,94.65,22-05-23-07-03-30-292
17.30,21.76,64.79,99.37,22-05-23-07-03-30-324
15.45,10.37,65.15,103.35,22-05-23-07-03-30-356
15.18,7.27,66.60,105.01,22-05-23-07-03-30-394
15.56,8.07,70.57,106.45,22-05-23-07-03-30-423
16.55,11.89,72.38,106.01,22-05-23-07-03-30-459
17.76,15.95,74.55,105.28,22-05-23-07-03-30-493
21.89,15.07,76.75,101.18,22-05-23-07-03-30-524
23.64,14.24,77.95,99.67,22-05-23-07-03-30-560
25.25,12.73,78.73,97.96,22-05-23-07-03-30-593
26.43,11.58,79.55,96.46,22-05-23-07-03-30-626
27.36,10.29,80.26,95.07,22-05-23-07-03-30-661
28.06,9.31,80.81,93.83,22-05-23-07-03-30-690
28.58,8.50,81.12,92.87,22-05-23-07-03-30-722
28.95,7.84,81.22,92.12,22-05-23-07-03-30-758
29.19,7.25,80.98,91.40,22-05-23-07-03-30-790
29.37,6.88,80.23,90.71,22-05-23-07-03-30-824
29.46,6.60,77.98,89.85,22-05-23-07-03-30-857
29.44,6.40,70.81,88.12,22-05-23-07-03-30-893
29.23,6.33,65.33,87.47,22-05-23-07-03-30-921
28.73,6.50,53.98,87.17,22-05-23-07-03-30-957
27.74,6.99,48.18,88.01,22-05-23-07-03-30-991
24.84,8.10,39.79,90.46,22-05-23-07-03-31-025
22.42,9.55,32.80,92.06,22-05-23-07-03-31-056
20.59,11.37,27.04,92.18,22-05-23-07-03-31-092
18.99,13.14,21.41,92.34,22-05-23-07-03-31-124
17.78,14.81,12.03,95.99,22-05-23-07-03-31-158
16.80,16.62,6.70,94.94,22-05-23-07-03-31-189
16.51,32.06,4.34,82.56,22-05-23-07-03-31-223
17.66,40.01,2.10,77.00,22-05-23-07-03-31-257
19.05,44.03,-13.96,87.20,22-05-23-07-03-31-291
20.70,46.81,-26.90,95.67,22-05-23-07-03-31-322
22.03,48.46,-33.21,100.51,22-05-23-07-03-31-359
22.99,49.17,-36.82,101.56,22-05-23-07-03-31-389
23.73,49.53,-39.70,101.56,22-05-23-07-03-31-423
25.52,48.10,-48.49,99.85,22-05-23-07-03-31-455
26.90,46.98,-52.84,100.10,22-05-23-07-03-31-490
27.99,46.15,-59.48,99.91,22-05-23-07-03-31-524
28.54,45.72,-61.73,99.91,22-05-23-07-03-31-557
28.91,45.28,-62.97,100.07,22-05-23-07-03-31-591
29.13,45.07,-63.68,100.12,22-05-23-07-03-31-626
29.22,44.93,-63.96,100.33,22-05-23-07-03-31-657
29.16,45.37,-64.10,100.05,22-05-23-07-03-31-694
29.05,45.81,-64.01,99.80,22-05-23-07-03-31-721
28.91,46.20,-63.77,99.61,22-05-23-07-03-31-755
28.77,46.60,-63.43,99.44,22-05-23-07-03-31-789
28.60,46.93,-63.06,99.37,22-05-23-07-03-31-832
28.44,47.19,-62.68,99.32,22-05-23-07-03-31-858
28.25,47.55,-62.33,99.24,22-05-23-07-03-31-895
28.06,47.94,-62.00,99.17,22-05-23-07-03-31-927
27.87,48.41,-61.73,99.05,22-05-23-07-03-31-955
27.69,48.86,-61.49,98.93,22-05-23-07-03-31-992
27.55,49.18,-61.27,98.85,22-05-23-07-03-32-024
27.39,49.39,-61.05,98.79,22-05-23-07-03-32-059
27.25,49.55,-60.60,99.49,22-05-23-07-03-32-090
27.12,49.66,-60.21,99.72,22-05-23-07-03-32-124
26.96,49.69,-59.45,99.62,22-05-23-07-03-32-160
26.69,49.48,-54.28,97.60,22-05-23-07-03-32-192
26.29,48.98,-46.34,94.36,22-05-23-07-03-32-223
25.52,47.67,-34.70,91.11,22-05-23-07-03-32-257
24.65,40.76,-26.22,92.96,22-05-23-07-03-32-294
21.69,29.02,-17.04,97.01,22-05-23-07-03-32-324
20.16,23.34,-16.64,100.50,22-05-23-07-03-32-360
17.59,15.79,-14.89,101.74,22-05-23-07-03-32-391
16.19,11.33,-14.17,101.94,22-05-23-07-03-32-426
15.35,8.45,-13.12,102.10,22-05-23-07-03-32-459
14.82,6.76,32.36,95.59,22-05-23-07-03-32-490
14.45,6.03,45.25,94.53,22-05-23-07-03-32-526
14.31,5.98,56.09,94.64,22-05-23-07-03-32-558
13.90,6.46,59.89,96.67,22-05-23-07-03-32-590
12.54,2.00,64.12,99.20,22-05-23-07-03-32-626
11.72,-1.49,67.25,100.87,22-05-23-07-03-32-661
11.37,-1.27,68.98,101.78,22-05-23-07-03-32-691
11.18,-0.29,70.57,102.82,22-05-23-07-03-32-724
18.82,4.05,70.32,94.85,22-05-23-07-03-32-761
19.06,4.60,71.10,94.86,22-05-23-07-03-32-789
20.78,4.44,71.85,93.18,22-05-23-07-03-32-825
21.94,4.46,72.34,92.02,22-05-23-07-03-32-857
22.72,4.53,72.66,91.23,22-05-23-07-03-32-890
23.34,4.68,72.77,90.59,22-05-23-07-03-32-924
23.81,4.91,72.76,90.08,22-05-23-07-03-32-956
24.19,5.17,72.67,89.64,22-05-23-07-03-32-992
24.49,5.41,72.55,89.29,22-05-23-07-03-33-022
24.68,5.36,72.57,88.70,22-05-23-07-03-33-059
24.83,5.37,72.36,88.44,22-05-23-07-03-33-091
24.94,5.47,72.05,88.25,22-05-23-07-03-33-123
25.01,5.56,70.13,88.20,22-05-23-07-03-33-158
25.02,5.64,67.95,88.38,22-05-23-07-03-33-191
24.94,5.65,63.17,89.13,22-05-23-07-03-33-220
24.76,5.78,55.79,91.06,22-05-23-07-03-33-258
23.95,6.24,50.05,92.80,22-05-23-07-03-33-290
22.35,6.69,42.72,95.04,22-05-23-07-03-33-323
20.73,7.45,36.73,96.28,22-05-23-07-03-33-359
19.45,8.21,29.07,97.33,22-05-23-07-03-33-393
18.62,9.20,19.88,101.80,22-05-23-07-03-33-424
18.14,9.96,16.64,102.56,22-05-23-07-03-33-461
17.51,12.57,14.40,101.09,22-05-23-07-03-33-492
17.83,13.85,-2.18,102.09,22-05-23-07-03-33-523
22.60,31.59,-19.71,97.01,22-05-23-07-03-33-561
25.20,37.45,-30.36,96.56,22-05-23-07-03-33-590
26.71,40.31,-35.33,97.53,22-05-23-07-03-33-622
27.73,42.09,-44.25,97.77,22-05-23-07-03-33-660
28.79,42.95,-49.11,98.69,22-05-23-07-03-33-695
29.77,43.49,-57.89,99.94,22-05-23-07-03-33-726
30.24,43.82,-61.03,100.41,22-05-23-07-03-33-761
30.47,44.00,-62.75,100.68,22-05-23-07-03-33-806
30.56,44.10,-63.89,101.01,22-05-23-07-03-33-825
30.54,44.05,-64.62,101.46,22-05-23-07-03-33-866
30.45,43.94,-65.03,101.73,22-05-23-07-03-33-896
30.27,43.78,-65.17,101.95,22-05-23-07-03-33-931
30.04,43.64,-65.15,102.09,22-05-23-07-03-33-971
29.75,43.47,-64.98,102.18,22-05-23-07-03-33-989
29.45,43.27,-64.73,102.23,22-05-23-07-03-34-022
29.16,43.09,-64.46,102.25,22-05-23-07-03-34-057
28.84,42.96,-64.16,102.21,22-05-23-07-03-34-093
28.52,42.88,-63.83,102.14,22-05-23-07-03-34-124
28.18,42.88,-63.52,102.04,22-05-23-07-03-34-157
27.88,42.87,-63.24,101.96,22-05-23-07-03-34-196
27.56,42.90,-62.96,101.86,22-05-23-07-03-34-227
27.28,42.96,-62.72,101.76,22-05-23-07-03-34-258
26.99,43.10,-62.50,101.62,22-05-23-07-03-34-292
26.72,43.17,-62.25,101.52,22-05-23-07-03-34-323
26.49,43.20,-61.79,101.43,22-05-23-07-03-34-360
26.29,43.30,-54.44,101.56,22-05-23-07-03-34-392
26.09,43.51,-50.11,100.88,22-05-23-07-03-34-423
26.04,43.02,-40.40,100.85,22-05-23-07-03-34-458
25.94,43.05,-32.97,100.58,22-05-23-07-03-34-493
25.84,43.19,-28.02,99.58,22-05-23-07-03-34-523
25.77,43.43,-17.43,98.10,22-05-23-07-03-34-562
25.53,43.54,-12.54,96.89,22-05-23-07-03-34-593
25.28,43.58,-10.40,96.74,22-05-23-07-03-34-624
24.74,43.63,-5.51,94.69,22-05-23-07-03-34-662
21.22,36.93,2.15,96.05,22-05-23-07-03-34-689
19.73,32.82,22.63,92.44,22-05-23-07-03-34-721
18.89,30.26,37.43,88.30,22-05-23-07-03-34-758
18.37,28.62,46.08,87.40,22-05-23-07-03-34-791
18.11,27.16,50.74,88.11,22-05-23-07-03-34-825
18.23,25.29,53.27,88.81,22-05-23-07-03-34-861
18.96,23.06,55.32,89.66,22-05-23-07-03-34-893
19.90,20.95,56.96,90.34,22-05-23-07-03-34-923
21.16,18.51,58.75,90.83,22-05-23-07-03-34-956
22.47,16.89,60.61,91.21,22-05-23-07-03-34-991
23.47,15.76,63.75,92.07,22-05-23-07-03-35-023
24.99,14.05,65.18,91.83,22-05-23-07-03-35-057
26.17,12.91,66.87,91.52,22-05-23-07-03-35-090
27.31,11.31,68.01,91.00,22-05-23-07-03-35-123
28.16,10.27,69.06,90.54,22-05-23-07-03-35-158
29.01,9.43,70.14,89.86,22-05-23-07-03-35-190
29.64,8.86,71.25,89.33,22-05-23-07-03-35-223
30.14,8.44,72.11,88.91,22-05-23-07-03-35-261
30.55,8.12,72.67,88.54,22-05-23-07-03-35-294
30.88,7.87,73.00,88.26,22-05-23-07-03-35-324
31.15,7.58,73.10,88.00,22-05-23-07-03-35-358
31.33,7.41,72.62,88.06,22-05-23-07-03-35-393
31.45,7.27,70.64,88.63,22-05-23-07-03-35-422
31.48,7.09,65.28,89.77,22-05-23-07-03-35-458
31.37,7.02,60.51,90.75,22-05-23-07-03-35-495
31.11,7.10,50.30,90.97,22-05-23-07-03-35-524
30.20,8.12,41.73,91.44,22-05-23-07-03-35-556
28.19,9.70,33.64,89.43,22-05-23-07-03-35-588
24.87,10.68,26.81,92.68,22-05-23-07-03-35-622
21.64,10.95,19.29,92.98,22-05-23-07-03-35-656
19.82,11.34,16.86,93.97,22-05-23-07-03-35-691
18.65,12.17,15.03,95.20,22-05-23-07-03-35-721
16.78,19.68,14.96,94.56,22-05-23-07-03-35-756
16.38,21.49,-2.97,79.17,22-05-23-07-03-35-791
21.71,44.14,-20.05,81.29,22-05-23-07-03-35-824
25.04,52.19,-28.82,87.11,22-05-23-07-03-35-857
26.64,55.26,-33.63,90.00,22-05-23-07-03-35-893
27.36,56.11,-38.15,93.78,22-05-23-07-03-35-924
27.56,55.81,-41.88,96.06,22-05-23-07-03-35-956
27.01,50.44,-44.58,100.41,22-05-23-07-03-35-990
27.12,48.95,-50.67,101.65,22-05-23-07-03-36-025
27.25,48.14,-53.31,102.88,22-05-23-07-03-36-057
27.22,47.13,-55.54,103.76,22-05-23-07-03-36-093
27.11,46.22,-56.66,104.52,22-05-23-07-03-36-124
26.85,46.58,-57.46,103.77,22-05-23-07-03-36-157
26.54,46.86,-61.30,103.85,22-05-23-07-03-36-192
26.24,47.02,-62.38,103.45,22-05-23-07-03-36-224
25.97,47.08,-62.78,103.04,22-05-23-07-03-36-258
25.76,47.14,-62.98,102.76,22-05-23-07-03-36-292
25.59,47.12,-63.04,102.55,22-05-23-07-03-36-323
25.43,47.01,-62.98,102.43,22-05-23-07-03-36-358
25.29,46.92,-62.85,102.36,22-05-23-07-03-36-395
25.15,46.85,-62.68,102.31,22-05-23-07-03-36-424
25.04,46.79,-62.48,102.28,22-05-23-07-03-36-457
24.92,46.75,-62.29,102.23,22-05-23-07-03-36-491
24.81,46.72,-62.12,102.19,22-05-23-07-03-36-524
24.71,46.69,-61.96,102.14,22-05-23-07-03-36-557
24.60,46.70,-61.57,102.21,22-05-23-07-03-36-589
24.49,46.73,-54.61,103.71,22-05-23-07-03-36-621
24.37,46.86,-51.66,103.62,22-05-23-07-03-36-658
24.22,46.56,-47.62,103.31,22-05-23-07-03-36-691
24.17,46.60,-39.39,100.47,22-05-23-07-03-36-722
24.14,46.73,-33.57,98.69,22-05-23-07-03-36-757
27.40,62.06,-30.51,93.75,22-05-23-07-03-36-790
28.65,65.26,-18.30,91.39,22-05-23-07-03-36-824
27.08,64.07,-2.45,94.06,22-05-23-07-03-36-861
22.97,57.46,3.59,97.31,22-05-23-07-03-36-890
19.15,45.57,7.09,102.34,22-05-23-07-03-36-924
17.72,38.13,8.85,105.53,22-05-23-07-03-36-961
17.01,33.21,23.17,103.99,22-05-23-07-03-36-991
16.63,29.13,44.60,94.20,22-05-23-07-03-37-024
16.20,28.58,54.12,94.31,22-05-23-07-03-37-061
12.44,-0.51,55.09,102.05,22-05-23-07-03-37-088
12.38,-9.99,57.09,103.58,22-05-23-07-03-37-124
12.65,-13.80,58.79,104.77,22-05-23-07-03-37-159
13.24,-11.26,60.64,105.05,22-05-23-07-03-37-192
20.22,2.90,61.06,96.01,22-05-23-07-03-37-224
21.55,4.33,62.42,95.52,22-05-23-07-03-37-263
20.48,-1.75,65.06,98.28,22-05-23-07-03-37-295
19.63,-6.79,67.51,100.73,22-05-23-07-03-37-324
23.71,-3.05,68.33,96.30,22-05-23-07-03-37-359
22.06,-23.87,68.97,102.54,22-05-23-07-03-37-393
21.92,-26.32,70.53,103.32,22-05-23-07-03-37-423
22.16,-31.10,71.59,105.08,22-05-23-07-03-37-460
22.38,-33.47,72.45,105.88,22-05-23-07-03-37-492
21.27,-28.86,73.68,105.15,22-05-23-07-03-37-525
21.56,-10.97,75.33,100.50,22-05-23-07-03-37-559
22.33,-2.86,76.47,98.53,22-05-23-07-03-37-591
22.92,1.48,77.16,97.55,22-05-23-07-03-37-621
24.78,3.86,77.32,95.36,22-05-23-07-03-37-662
26.37,4.85,77.14,93.55,22-05-23-07-03-37-695
27.58,5.47,73.87,92.67,22-05-23-07-03-37-725
28.45,5.77,69.44,92.29,22-05-23-07-03-37-758
29.06,6.04,59.26,92.66,22-05-23-07-03-37-790
29.44,6.26,52.04,92.66,22-05-23-07-03-37-821
29.20,6.53,40.43,92.82,22-05-23-07-03-37-860
28.44,7.26,29.71,90.52,22-05-23-07-03-37-890
27.49,8.07,23.16,89.62,22-05-23-07-03-37-923
26.43,8.78,20.92,89.02,22-05-23-07-03-37-957
25.21,9.08,9.81,90.09,22-05-23-07-03-37-992
22.29,8.82,0.37,102.55,22-05-23-07-03-38-021
20.97,8.72,-7.08,103.33,22-05-23-07-03-38-058
21.10,19.75,-14.21,100.43,22-05-23-07-03-38-091
21.79,26.45,-21.85,100.79,22-05-23-07-03-38-123
22.52,30.64,-25.58,99.94,22-05-23-07-03-38-160
23.13,33.11,-28.61,99.30,22-05-23-07-03-38-193
23.65,34.66,-35.53,98.21,22-05-23-07-03-38-223
25.70,33.91,-41.43,99.57,22-05-23-07-03-38-257
27.80,33.82,-49.03,100.53,22-05-23-07-03-38-291
29.20,33.62,-52.91,101.47,22-05-23-07-03-38-324
30.04,32.97,-58.30,103.68,22-05-23-07-03-38-361
30.36,32.68,-67.93,100.00,22-05-23-07-03-38-393
30.44,32.57,-67.03,102.52,22-05-23-07-03-38-428
30.31,32.93,-67.56,102.59,22-05-23-07-03-38-456
30.03,33.22,-66.15,103.79,22-05-23-07-03-38-492
29.69,33.45,-65.63,104.04,22-05-23-07-03-38-525
29.31,33.60,-65.08,104.20,22-05-23-07-03-38-557
28.91,33.82,-64.58,104.22,22-05-23-07-03-38-591
28.53,33.99,-64.13,104.20,22-05-23-07-03-38-622
28.20,34.09,-63.72,104.18,22-05-23-07-03-38-658
27.89,34.13,-63.37,104.14,22-05-23-07-03-38-694
27.61,34.23,-63.08,104.05,22-05-23-07-03-38-725
27.36,34.30,-62.74,103.92,22-05-23-07-03-38-758
27.13,34.36,-61.99,103.60,22-05-23-07-03-38-794
26.92,34.45,-59.84,102.82,22-05-23-07-03-38-825
26.77,34.50,-51.90,100.36,22-05-23-07-03-38-858
26.65,34.45,-45.51,98.90,22-05-23-07-03-38-892
26.54,34.41,-35.54,96.58,22-05-23-07-03-38-927
26.45,34.45,-28.18,95.90,22-05-23-07-03-38-957
26.37,34.44,-22.77,95.05,22-05-23-07-03-38-993
26.33,34.46,-20.01,94.46,22-05-23-07-03-39-021
26.29,34.49,-18.36,94.09,22-05-23-07-03-39-056
20.83,26.65,-12.87,101.49,22-05-23-07-03-39-091
18.66,21.30,-10.85,105.54,22-05-23-07-03-39-124
17.72,18.63,-9.51,107.02,22-05-23-07-03-39-156
17.12,16.80,-8.63,107.99,22-05-23-07-03-39-191
16.81,15.95,30.06,95.98,22-05-23-07-03-39-222
16.77,16.04,41.80,92.32,22-05-23-07-03-39-258
17.22,17.11,51.37,89.98,22-05-23-07-03-39-291
17.89,18.08,55.26,89.84,22-05-23-07-03-39-323
19.05,18.21,57.22,89.33,22-05-23-07-03-39-359
20.46,17.81,59.69,88.14,22-05-23-07-03-39-391
21.72,17.26,61.40,88.10,22-05-23-07-03-39-424
22.97,16.68,62.62,87.99,22-05-23-07-03-39-458
24.07,15.98,63.58,87.74,22-05-23-07-03-39-491
25.05,14.98,64.62,87.50,22-05-23-07-03-39-524
25.91,13.75,65.90,87.32,22-05-23-07-03-39-562
26.65,12.71,67.23,87.02,22-05-23-07-03-39-590
27.22,11.90,69.22,86.68,22-05-23-07-03-39-623
27.75,10.96,70.49,86.38,22-05-23-07-03-39-659
28.14,10.17,71.82,86.21,22-05-23-07-03-39-690
28.43,9.43,73.06,86.08,22-05-23-07-03-39-723
28.67,8.76,73.93,85.94,22-05-23-07-03-39-760
28.89,7.89,74.44,85.84,22-05-23-07-03-39-791
29.06,7.18,74.72,85.76,22-05-23-07-03-39-825
29.18,6.31,74.77,85.77,22-05-23-07-03-39-859
29.26,5.69,74.74,85.79,22-05-23-07-03-39-895
29.33,5.30,74.29,85.81,22-05-23-07-03-39-924
29.38,5.14,71.73,85.94,22-05-23-07-03-39-962
29.32,5.06,67.97,86.62,22-05-23-07-03-39-989
29.14,5.14,61.46,87.77,22-05-23-07-03-40-024
28.60,5.76,53.93,88.42,22-05-23-07-03-40-058
27.71,7.35,49.80,88.78,22-05-23-07-03-40-090
26.38,9.98,44.20,89.15,22-05-23-07-03-40-123
25.12,12.62,34.70,90.36,22-05-23-07-03-40-160
23.89,15.18,29.53,89.46,22-05-23-07-03-40-190
22.26,17.63,26.73,88.08,22-05-23-07-03-40-221
21.14,19.43,20.54,88.73,22-05-23-07-03-40-257
20.00,20.88,16.20,89.87,22-05-23-07-03-40-294
19.32,21.81,6.83,89.30,22-05-23-07-03-40-323
18.77,22.72,3.81,88.96,22-05-23-07-03-40-359
18.42,23.57,-3.52,91.33,22-05-23-07-03-40-393
18.42,24.36,-9.58,93.09,22-05-23-07-03-40-424
19.22,21.96,-15.70,95.13,22-05-23-07-03-40-460
22.88,13.50,-23.55,103.94,22-05-23-07-03-40-491
23.79,16.90,-27.63,104.05,22-05-23-07-03-40-525
24.40,19.68,-30.32,103.59,22-05-23-07-03-40-559
24.76,22.33,-39.17,102.14,22-05-23-07-03-40-591
24.97,24.36,-44.58,101.04,22-05-23-07-03-40-622
25.75,25.91,-44.14,104.05,22-05-23-07-03-40-660
26.55,27.42,-47.40,104.39,22-05-23-07-03-40-693
27.49,30.49,-51.50,103.87,22-05-23-07-03-40-724
27.94,32.14,-53.57,103.42,22-05-23-07-03-40-760
28.15,34.06,-55.16,102.62,22-05-23-07-03-40-791
28.19,35.35,-56.21,101.95,22-05-23-07-03-40-822
28.11,36.26,-56.88,101.35,22-05-23-07-03-40-858
27.90,37.13,-57.26,100.71,22-05-23-07-03-40-891
27.58,38.31,-57.46,99.87,22-05-23-07-03-40-923
27.28,39.20,-57.50,99.16,22-05-23-07-03-40-958
26.98,39.85,-57.41,98.58,22-05-23-07-03-40-991
26.70,40.26,-57.25,98.14,22-05-23-07-03-41-025
26.40,40.63,-57.04,97.76,22-05-23-07-03-41-059
26.13,40.87,-56.81,97.43,22-05-23-07-03-41-089
25.89,41.03,-58.57,98.59,22-05-23-07-03-41-124
25.67,41.26,-58.63,98.84,22-05-23-07-03-41-158
25.46,41.32,-57.71,98.58,22-05-23-07-03-41-195
25.20,41.08,-47.30,99.34,22-05-23-07-03-41-225
24.78,39.59,-39.51,98.71,22-05-23-07-03-41-256
24.47,38.25,-27.59,96.60,22-05-23-07-03-41-288
24.11,36.54,-19.79,94.05,22-05-23-07-03-41-329
21.17,26.92,-10.91,101.93,22-05-23-07-03-41-362
19.42,22.11,-4.66,101.32,22-05-23-07-03-41-390
18.39,17.06,0.58,99.67,22-05-23-07-03-41-423
17.97,13.66,14.64,93.51,22-05-23-07-03-41-457
17.90,11.63,31.51,86.44,22-05-23-07-03-41-490
18.33,11.29,43.39,88.05,22-05-23-07-03-41-522
16.05,11.95,50.13,95.43,22-05-23-07-03-41-557
14.76,12.52,55.57,99.15,22-05-23-07-03-41-593
14.09,13.62,59.59,101.64,22-05-23-07-03-41-623
13.72,14.54,61.75,103.05,22-05-23-07-03-41-657
13.48,14.88,63.32,103.84,22-05-23-07-03-41-691
13.39,15.80,64.94,104.36,22-05-23-07-03-41-722
13.39,16.44,66.08,104.58,22-05-23-07-03-41-758
13.51,16.62,68.01,104.09,22-05-23-07-03-41-791
20.28,13.45,67.92,94.31,22-05-23-07-03-41-825
21.52,13.52,69.61,92.02,22-05-23-07-03-41-858
23.74,12.48,70.41,88.75,22-05-23-07-03-41-891
25.38,11.42,71.00,86.31,22-05-23-07-03-41-925
26.60,10.65,71.88,84.56,22-05-23-07-03-41-956
27.59,9.77,72.53,83.28,22-05-23-07-03-41-995
28.41,8.77,72.83,82.37,22-05-23-07-03-42-027
29.01,8.05,72.96,81.76,22-05-23-07-03-42-057
29.45,7.52,73.00,81.33,22-05-23-07-03-42-090
29.79,7.11,72.98,81.06,22-05-23-07-03-42-123
30.03,6.85,72.38,81.19,22-05-23-07-03-42-156
30.18,6.65,70.17,81.96,22-05-23-07-03-42-191
30.21,6.56,64.24,82.94,22-05-23-07-03-42-225
30.09,6.66,57.94,83.84,22-05-23-07-03-42-255
29.51,7.20,50.25,84.10,22-05-23-07-03-42-292
28.71,7.85,41.90,86.32,22-05-23-07-03-42-326
27.32,8.98,34.83,86.75,22-05-23-07-03-42-362
25.94,10.37,30.37,86.86,22-05-23-07-03-42-388
24.30,11.66,27.65,86.85,22-05-23-07-03-42-423
23.00,12.78,17.89,85.57,22-05-23-07-03-42-457
21.85,13.63,7.06,86.20,22-05-23-07-03-42-492
20.91,14.06,4.03,86.92,22-05-23-07-03-42-522
20.16,13.29,2.87,94.08,22-05-23-07-03-42-557
19.78,12.99,-8.19,100.69,22-05-23-07-03-42-594
20.37,12.79,-17.07,100.67,22-05-23-07-03-42-621
23.38,12.33,-29.01,101.79,22-05-23-07-03-42-658
24.55,14.39,-34.11,101.07,22-05-23-07-03-42-691
25.47,15.99,-39.58,99.98,22-05-23-07-03-42-726
26.17,18.67,-43.41,101.84,22-05-23-07-03-42-759
27.03,20.95,-49.81,101.33,22-05-23-07-03-42-790
28.14,23.47,-53.67,102.19,22-05-23-07-03-42-824
28.40,28.89,-60.81,102.69,22-05-23-07-03-42-860
28.43,32.76,-63.73,102.18,22-05-23-07-03-42-890
28.37,35.60,-65.36,101.47,22-05-23-07-03-42-921
28.21,37.88,-66.41,100.82,22-05-23-07-03-42-959
28.09,39.46,-66.93,100.29,22-05-23-07-03-42-989
27.96,40.62,-67.02,99.83,22-05-23-07-03-43-024
27.76,41.59,-66.84,99.37,22-05-23-07-03-43-058
27.52,42.37,-66.48,98.92,22-05-23-07-03-43-089
27.35,42.85,-66.03,98.57,22-05-23-07-03-43-123
27.20,43.18,-65.56,98.29,22-05-23-07-03-43-155
27.04,43.38,-65.12,98.07,22-05-23-07-03-43-192
26.88,43.48,-64.77,98.11,22-05-23-07-03-43-223
26.75,43.48,-64.48,98.15,22-05-23-07-03-43-257
26.59,43.35,-61.18,97.42,22-05-23-07-03-43-291
26.42,43.14,-58.32,96.82,22-05-23-07-03-43-324
26.19,42.63,-48.29,96.07,22-05-23-07-03-43-358
26.00,42.03,-40.47,95.42,22-05-23-07-03-43-392
25.73,41.14,-29.73,98.06,22-05-23-07-03-43-421
25.52,40.69,-24.74,98.11,22-05-23-07-03-43-462
24.68,44.72,-19.84,93.86,22-05-23-07-03-43-491
24.36,49.03,-11.94,91.21,22-05-23-07-03-43-525
21.48,47.89,-14.55,86.69,22-05-23-07-03-43-559
11.13,7.21,4.89,100.88,22-05-23-07-03-43-594
11.01,1.33,9.09,99.88,22-05-23-07-03-43-622
11.60,4.09,22.28,101.18,22-05-23-07-03-43-658
12.48,9.49,40.81,97.94,22-05-23-07-03-43-690
14.31,16.47,48.63,96.07,22-05-23-07-03-43-723
15.03,17.94,50.74,96.09,22-05-23-07-03-43-759
15.52,18.83,53.08,96.63,22-05-23-07-03-43-792
15.81,19.49,54.71,97.37,22-05-23-07-03-43-821
16.00,19.95,56.22,98.30,22-05-23-07-03-43-857
16.13,20.25,57.66,99.19,22-05-23-07-03-43-891
16.26,20.66,58.89,99.77,22-05-23-07-03-43-924
16.56,22.06,60.29,100.09,22-05-23-07-03-43-956
16.77,22.57,61.38,100.32,22-05-23-07-03-43-991
17.23,23.60,63.00,100.31,22-05-23-07-03-44-024
17.16,21.99,65.33,100.74,22-05-23-07-03-44-059
15.98,-16.19,64.47,104.39,22-05-23-07-03-44-091
18.00,-34.04,64.95,106.92,22-05-23-07-03-44-122
19.34,-40.38,66.06,108.12,22-05-23-07-03-44-157
20.16,-42.65,67.00,108.55,22-05-23-07-03-44-189
18.27,-13.67,70.27,102.79,22-05-23-07-03-44-222
19.30,4.41,72.55,100.25,22-05-23-07-03-44-256
20.05,8.73,73.44,99.53,22-05-23-07-03-44-291
20.40,9.32,73.73,99.37,22-05-23-07-03-44-325
20.32,7.49,73.54,99.66,22-05-23-07-03-44-357
25.18,11.43,72.34,94.19,22-05-23-07-03-44-393
21.33,-18.80,68.47,102.81,22-05-23-07-03-44-424
19.96,-11.48,62.86,103.57,22-05-23-07-03-44-461
18.57,-0.32,59.48,103.55,22-05-23-07-03-44-493
17.96,1.61,54.35,103.89,22-05-23-07-03-44-524
17.44,3.96,50.23,103.75,22-05-23-07-03-44-558
17.06,5.66,44.55,103.30,22-05-23-07-03-44-596
18.23,12.75,38.65,98.81,22-05-23-07-03-44-624
19.06,17.04,33.40,95.62,22-05-23-07-03-44-658
19.44,20.08,30.65,93.28,22-05-23-07-03-44-692
19.67,22.27,23.72,93.85,22-05-23-07-03-44-724
19.80,23.84,16.91,89.97,22-05-23-07-03-44-757
19.69,25.32,11.84,89.69,22-05-23-07-03-44-792
19.53,26.57,9.87,89.37,22-05-23-07-03-44-824
18.70,27.49,9.20,89.44,22-05-23-07-03-44-857
17.22,28.07,9.30,89.75,22-05-23-07-03-44-890
16.05,38.82,10.10,83.91,22-05-23-07-03-44-925
15.67,42.65,10.71,81.07,22-05-23-07-03-44-962
15.49,45.63,-3.31,89.24,22-05-23-07-03-44-989
15.44,47.44,-9.45,93.72,22-05-23-07-03-45-025
15.45,48.67,-12.37,96.01,22-05-23-07-03-45-058
15.44,49.54,-14.04,97.48,22-05-23-07-03-45-090
15.49,50.17,-15.06,98.55,22-05-23-07-03-45-124
16.18,52.44,-15.72,98.57,22-05-23-07-03-45-162
16.89,53.97,-15.99,98.54,22-05-23-07-03-45-189
17.49,55.03,-14.36,100.13,22-05-23-07-03-45-224
17.95,55.66,-13.38,100.73,22-05-23-07-03-45-261
18.23,55.53,-12.23,101.35,22-05-23-07-03-45-292
18.50,55.40,-11.40,101.18,22-05-23-07-03-45-322
18.66,55.31,-10.96,100.81,22-05-23-07-03-45-357
18.75,55.24,-10.84,100.38,22-05-23-07-03-45-392
18.83,55.13,-10.85,99.98,22-05-23-07-03-45-423
18.07,36.94,-12.24,98.39,22-05-23-07-03-45-457
17.11,42.94,-11.08,99.22,22-05-23-07-03-45-493
16.62,47.20,-10.40,99.90,22-05-23-07-03-45-523
16.29,23.35,-11.20,101.07,22-05-23-07-03-45-559
15.89,40.06,-10.74,100.90,22-05-23-07-03-45-594
15.94,44.98,-10.67,100.68,22-05-23-07-03-45-622
16.05,49.08,-10.72,99.95,22-05-23-07-03-45-656
16.24,52.05,-10.76,99.27,22-05-23-07-03-45-689
16.40,54.33,-10.83,98.52,22-05-23-07-03-45-723
16.55,56.00,-10.59,100.45,22-05-23-07-03-45-755
16.67,57.57,-10.90,97.91,22-05-23-07-03-45-794
16.47,24.41,-6.87,115.15,22-05-23-07-03-45-821
20.06,-5.18,-1.68,124.24,22-05-23-07-03-45-857
20.65,-7.73,-8.89,103.80,22-05-23-07-03-45-891
19.03,-3.45,-9.62,112.61,22-05-23-07-03-45-923
17.08,3.52,-10.22,115.33,22-05-23-07-03-45-961
15.29,12.84,-10.46,115.93,22-05-23-07-03-45-992
14.08,21.54,-10.51,115.76,22-05-23-07-03-46-023
13.29,28.30,-14.04,58.45,22-05-23-07-03-46-059
12.77,34.00,-12.27,42.05,22-05-23-07-03-46-091
12.43,39.00,-13.09,36.00,22-05-23-07-03-46-124
12.23,42.29,-12.52,33.97,22-05-23-07-03-46-158
12.09,44.32,-12.00,31.09,22-05-23-07-03-46-194
11.98,45.64,666.00,28.72,22-05-23-07-03-46-226
11.92,46.47,666.00,26.78,22-05-23-07-03-46-257
11.87,46.77,666.00,25.01,22-05-23-07-03-46-290
11.80,46.53,666.00,23.70,22-05-23-07-03-46-321
11.71,45.98,666.00,22.25,22-05-23-07-03-46-359
11.61,45.13,666.00,19.91,22-05-23-07-03-46-393
11.39,43.25,666.00,17.98,22-05-23-07-03-46-423
11.13,39.19,666.00,17.71,22-05-23-07-03-46-462
10.94,34.92,666.00,17.89,22-05-23-07-03-46-490
10.80,30.51,666.00,18.07,22-05-23-07-03-46-521
10.72,26.98,666.00,17.39,22-05-23-07-03-46-559
10.67,24.27,666.00,16.99,22-05-23-07-03-46-590
10.64,21.96,666.00,16.75,22-05-23-07-03-46-622
10.63,20.19,666.00,16.62,22-05-23-07-03-46-658
10.61,18.82,666.00,16.52,22-05-23-07-03-46-690
10.60,17.73,666.00,16.43,22-05-23-07-03-46-722
10.59,16.88,666.00,16.29,22-05-23-07-03-46-756
10.58,16.19,666.00,16.19,22-05-23-07-03-46-791
10.57,15.62,666.00,16.11,22-05-23-07-03-46-824
10.55,15.14,666.00,16.05,22-05-23-07-03-46-859
10.54,14.74,666.00,16.00,22-05-23-07-03-46-894
10.53,14.42,666.00,15.97,22-05-23-07-03-46-923
10.51,14.14,666.00,15.94,22-05-23-07-03-46-960
10.49,13.91,666.00,15.93,22-05-23-07-03-46-992
10.48,13.72,666.00,15.92,22-05-23-07-03-47-023
10.46,13.56,666.00,15.92,22-05-23-07-03-47-060
10.45,13.43,666.00,15.93,22-05-23-07-03-47-091
10.43,13.35,666.00,15.95,22-05-23-07-03-47-122
10.41,13.29,666.00,15.97,22-05-23-07-03-47-156
10.39,13.26,666.00,16.00,22-05-23-07-03-47-191
10.37,13.25,666.00,16.02,22-05-23-07-03-47-223
10.35,13.28,666.00,16.04,22-05-23-07-03-47-262
10.33,13.33,666.00,16.06,22-05-23-07-03-47-296
10.30,13.43,666.00,16.09,22-05-23-07-03-47-324
10.27,13.57,666.00,16.13,22-05-23-07-03-47-360
10.23,13.75,666.00,16.17,22-05-23-07-03-47-390
10.19,13.96,666.00,16.21,22-05-23-07-03-47-422
10.15,14.18,666.00,16.27,22-05-23-07-03-47-461
10.10,14.45,666.00,16.33,22-05-23-07-03-47-490
10.05,14.71,666.00,16.38,22-05-23-07-03-47-521
10.00,14.97,666.00,16.44,22-05-23-07-03-47-560
9.96,15.33,666.00,16.49,22-05-23-07-03-47-596
9.93,15.59,666.00,16.56,22-05-23-07-03-47-624
9.91,15.80,666.00,16.67,22-05-23-07-03-47-658
9.88,15.98,666.00,16.80,22-05-23-07-03-47-690
9.86,16.22,666.00,16.92,22-05-23-07-03-47-723
9.84,16.46,666.00,17.05,22-05-23-07-03-47-759
9.83,16.48,666.00,17.27,22-05-23-07-03-47-791
9.82,16.39,666.00,17.51,22-05-23-07-03-47-827
9.82,16.30,666.00,17.73,22-05-23-07-03-47-856
9.82,16.13,666.00,17.96,22-05-23-07-03-47-892
