13.26,1.97,666.00,18.87,28-04-23-09-33-13-468
13.26,2.38,666.00,18.81,28-04-23-09-33-13-496
13.24,2.45,666.00,18.72,28-04-23-09-33-13-531
13.18,2.61,666.00,18.57,28-04-23-09-33-13-559
13.12,2.78,666.00,18.39,28-04-23-09-33-13-597
13.08,3.00,666.00,18.20,28-04-23-09-33-13-633
13.06,3.20,666.00,18.01,28-04-23-09-33-13-665
13.07,3.39,666.00,17.80,28-04-23-09-33-13-697
13.07,3.61,666.00,17.54,28-04-23-09-33-13-730
13.10,3.83,666.00,17.29,28-04-23-09-33-13-765
13.13,4.06,666.00,17.03,28-04-23-09-33-13-798
13.17,4.23,666.00,16.79,28-04-23-09-33-13-834
13.16,4.93,666.00,16.45,28-04-23-09-33-13-861
13.14,5.48,666.00,16.07,28-04-23-09-33-13-898
13.13,5.91,666.00,15.72,28-04-23-09-33-13-934
13.11,6.28,666.00,15.38,28-04-23-09-33-13-963
13.05,6.62,666.00,15.04,28-04-23-09-33-13-999
12.95,6.65,666.00,14.73,28-04-23-09-33-14-033
12.80,6.62,666.00,14.48,28-04-23-09-33-14-061
12.62,6.54,666.00,14.28,28-04-23-09-33-14-096
12.43,6.30,666.00,14.14,28-04-23-09-33-14-135
12.20,5.97,666.00,14.08,28-04-23-09-33-14-163
12.00,5.57,666.00,14.02,28-04-23-09-33-14-200
11.82,5.05,666.00,13.97,28-04-23-09-33-14-233
11.67,4.59,666.00,13.93,28-04-23-09-33-14-261
11.55,4.16,666.00,13.86,28-04-23-09-33-14-302
11.29,3.97,666.00,13.73,28-04-23-09-33-14-332
11.20,3.64,666.00,13.64,28-04-23-09-33-14-364
11.09,3.28,666.00,13.60,28-04-23-09-33-14-398
11.00,3.00,666.00,13.59,28-04-23-09-33-14-432
10.94,-0.35,666.00,15.05,28-04-23-09-33-14-464
10.96,-3.61,666.00,16.59,28-04-23-09-33-14-499
11.04,-6.33,666.00,18.10,28-04-23-09-33-14-533
11.16,-6.60,666.00,18.59,28-04-23-09-33-14-563
11.29,-6.14,666.00,18.69,28-04-23-09-33-14-597
11.44,-5.52,666.00,18.75,28-04-23-09-33-14-630
11.69,-4.42,666.00,18.78,28-04-23-09-33-14-665
11.96,-3.49,666.00,18.87,28-04-23-09-33-14-696
12.37,-2.23,666.00,18.62,28-04-23-09-33-14-729
13.64,2.43,666.00,16.65,28-04-23-09-33-14-764
14.93,5.16,666.00,15.73,28-04-23-09-33-14-795
17.23,6.90,666.00,14.76,28-04-23-09-33-14-831
19.36,7.77,666.00,14.88,28-04-23-09-33-14-865
23.31,8.50,666.00,14.34,28-04-23-09-33-14-895
26.41,8.88,666.00,13.98,28-04-23-09-33-14-931
30.73,9.88,666.00,12.67,28-04-23-09-33-14-964
34.03,10.26,666.00,13.71,28-04-23-09-33-14-995
39.28,10.85,666.00,13.15,28-04-23-09-33-15-029
44.07,11.04,666.00,13.38,28-04-23-09-33-15-065
48.85,11.03,666.00,14.18,28-04-23-09-33-15-094
55.06,11.03,666.00,13.51,28-04-23-09-33-15-129
60.78,10.84,666.00,11.28,28-04-23-09-33-15-166
67.33,10.09,666.00,10.54,28-04-23-09-33-15-197
71.82,9.98,666.00,10.26,28-04-23-09-33-15-227
80.37,11.21,666.00,5.91,28-04-23-09-33-15-262
84.24,11.33,666.00,7.08,28-04-23-09-33-15-297
87.51,10.74,666.00,7.31,28-04-23-09-33-15-328
89.82,10.44,666.00,7.75,28-04-23-09-33-15-362
92.01,10.11,666.00,7.01,28-04-23-09-33-15-395
94.97,9.56,666.00,7.77,28-04-23-09-33-15-428
97.65,8.85,666.00,7.12,28-04-23-09-33-15-464
100.10,8.24,666.00,5.87,28-04-23-09-33-15-498
101.92,7.54,666.00,5.74,28-04-23-09-33-15-534
103.82,7.18,666.00,6.12,28-04-23-09-33-15-565
104.87,6.73,666.00,6.75,28-04-23-09-33-15-595
105.35,6.34,666.00,7.07,28-04-23-09-33-15-631
105.63,6.01,666.00,7.29,28-04-23-09-33-15-666
105.79,5.76,666.00,7.37,28-04-23-09-33-15-697
105.89,5.57,666.00,7.45,28-04-23-09-33-15-728
105.92,5.42,666.00,7.33,28-04-23-09-33-15-766
105.89,5.36,666.00,7.24,28-04-23-09-33-15-797
105.64,6.52,666.00,5.55,28-04-23-09-33-15-831
105.47,7.09,666.00,5.22,28-04-23-09-33-15-864
105.05,8.18,666.00,5.16,28-04-23-09-33-15-897
104.68,9.14,666.00,10.62,28-04-23-09-33-15-930
104.38,10.29,666.00,15.88,28-04-23-09-33-15-966
104.18,11.87,666.00,12.02,28-04-23-09-33-16-000
103.96,13.38,666.00,12.26,28-04-23-09-33-16-030
103.29,16.70,666.00,10.52,28-04-23-09-33-16-062
102.74,18.71,666.00,8.75,28-04-23-09-33-16-101
102.46,20.16,666.00,8.31,28-04-23-09-33-16-132
102.30,22.01,666.00,7.20,28-04-23-09-33-16-161
102.82,26.52,666.00,4.05,28-04-23-09-33-16-197
103.19,28.44,666.00,6.14,28-04-23-09-33-16-232
103.42,29.67,666.00,7.99,28-04-23-09-33-16-262
103.57,31.26,666.00,11.34,28-04-23-09-33-16-298
103.69,33.36,666.00,10.44,28-04-23-09-33-16-332
103.75,36.48,666.00,12.54,28-04-23-09-33-16-364
103.67,40.45,666.00,9.90,28-04-23-09-33-16-398
103.34,44.42,666.00,11.35,28-04-23-09-33-16-430
102.05,51.03,666.00,4.81,28-04-23-09-33-16-463
102.54,53.94,666.00,3.41,28-04-23-09-33-16-496
103.08,54.06,666.00,10.85,28-04-23-09-33-16-532
103.97,56.28,666.00,17.48,28-04-23-09-33-16-564
104.34,57.32,666.00,21.61,28-04-23-09-33-16-597
104.66,57.96,666.00,23.27,28-04-23-09-33-16-632
105.11,58.20,666.00,23.79,28-04-23-09-33-16-666
105.29,58.45,666.00,23.07,28-04-23-09-33-16-700
68.89,58.28,-11.91,51.49,28-04-23-09-33-16-731
48.97,57.16,5.55,81.96,28-04-23-09-33-16-765
43.52,55.81,9.08,90.82,28-04-23-09-33-16-794
40.47,54.53,11.43,95.92,28-04-23-09-33-16-831
56.09,66.06,10.15,74.31,28-04-23-09-33-16-864
60.59,70.14,13.59,71.81,28-04-23-09-33-16-899
90.98,74.25,666.00,19.78,28-04-23-09-33-16-929
106.10,75.38,666.00,28.75,28-04-23-09-33-16-961
110.86,75.85,144.94,39.81,28-04-23-09-33-16-995
113.62,76.14,146.18,44.68,28-04-23-09-33-17-034
114.75,76.18,146.63,45.62,28-04-23-09-33-17-061
114.50,76.02,146.49,43.09,28-04-23-09-33-17-098
113.51,75.70,666.00,26.46,28-04-23-09-33-17-131
112.28,75.23,666.00,20.62,28-04-23-09-33-17-164
110.97,74.55,666.00,13.39,28-04-23-09-33-17-202
109.84,73.61,666.00,8.58,28-04-23-09-33-17-229
108.83,72.43,666.00,10.43,28-04-23-09-33-17-264
107.92,71.02,666.00,11.40,28-04-23-09-33-17-301
107.20,69.67,666.00,10.92,28-04-23-09-33-17-329
106.70,67.89,666.00,10.95,28-04-23-09-33-17-365
106.31,66.39,666.00,8.34,28-04-23-09-33-17-399
106.24,64.18,666.00,10.07,28-04-23-09-33-17-433
106.34,62.03,666.00,10.07,28-04-23-09-33-17-464
106.59,59.84,666.00,9.25,28-04-23-09-33-17-495
80.95,52.53,-2.00,52.49,28-04-23-09-33-17-531
94.67,48.76,-27.67,32.87,28-04-23-09-33-17-563
99.93,46.49,666.00,25.28,28-04-23-09-33-17-596
102.80,44.80,666.00,15.97,28-04-23-09-33-17-631
84.81,42.01,1.11,46.67,28-04-23-09-33-17-661
73.60,40.76,16.11,61.02,28-04-23-09-33-17-697
99.96,33.47,666.00,18.18,28-04-23-09-33-17-732
103.57,29.26,666.00,18.42,28-04-23-09-33-17-762
108.74,27.17,666.00,19.69,28-04-23-09-33-17-800
110.86,26.33,666.00,20.03,28-04-23-09-33-17-830
112.18,25.40,666.00,21.01,28-04-23-09-33-17-864
112.55,24.65,666.00,19.12,28-04-23-09-33-17-896
111.85,23.44,666.00,17.67,28-04-23-09-33-17-931
110.79,22.03,666.00,15.66,28-04-23-09-33-17-963
109.79,19.95,666.00,13.94,28-04-23-09-33-17-999
108.88,17.83,666.00,12.11,28-04-23-09-33-18-032
108.11,15.15,666.00,9.45,28-04-23-09-33-18-067
106.30,9.72,666.00,10.76,28-04-23-09-33-18-098
105.81,8.14,666.00,8.28,28-04-23-09-33-18-131
105.48,7.29,666.00,5.00,28-04-23-09-33-18-164
105.44,6.14,666.00,3.83,28-04-23-09-33-18-197
105.42,5.32,666.00,1.58,28-04-23-09-33-18-229
105.47,4.41,666.00,1.87,28-04-23-09-33-18-263
105.64,3.00,666.00,4.18,28-04-23-09-33-18-297
105.76,2.21,666.00,4.62,28-04-23-09-33-18-332
105.85,1.78,666.00,4.87,28-04-23-09-33-18-362
105.90,1.45,666.00,5.02,28-04-23-09-33-18-397
105.92,1.26,666.00,4.82,28-04-23-09-33-18-428
105.91,1.19,666.00,4.59,28-04-23-09-33-18-464
105.89,1.11,666.00,4.82,28-04-23-09-33-18-495
105.85,1.09,666.00,5.27,28-04-23-09-33-18-531
105.80,1.09,666.00,5.78,28-04-23-09-33-18-565
105.76,1.14,666.00,6.18,28-04-23-09-33-18-598
105.72,1.21,666.00,6.42,28-04-23-09-33-18-632
105.69,1.31,666.00,6.58,28-04-23-09-33-18-663
105.66,1.43,666.00,6.74,28-04-23-09-33-18-698
105.64,1.56,666.00,6.91,28-04-23-09-33-18-734
105.61,1.72,666.00,6.98,28-04-23-09-33-18-762
105.59,1.91,666.00,7.10,28-04-23-09-33-18-797
105.55,2.17,666.00,7.25,28-04-23-09-33-18-832
105.52,2.59,666.00,8.31,28-04-23-09-33-18-864
105.51,3.19,666.00,9.25,28-04-23-09-33-18-899
105.57,4.33,666.00,10.57,28-04-23-09-33-18-928
105.48,7.72,666.00,12.41,28-04-23-09-33-18-960
105.40,9.77,666.00,16.08,28-04-23-09-33-18-998
105.31,11.91,666.00,16.27,28-04-23-09-33-19-029
105.21,13.87,666.00,13.68,28-04-23-09-33-19-072
105.15,15.51,666.00,14.23,28-04-23-09-33-19-097
105.20,17.00,666.00,14.31,28-04-23-09-33-19-127
106.73,21.73,666.00,9.49,28-04-23-09-33-19-163
107.51,23.63,666.00,9.10,28-04-23-09-33-19-199
108.00,24.91,666.00,10.57,28-04-23-09-33-19-231
108.35,26.27,666.00,12.11,28-04-23-09-33-19-261
108.58,28.49,666.00,13.15,28-04-23-09-33-19-298
108.83,30.62,666.00,12.54,28-04-23-09-33-19-331
108.92,33.77,666.00,14.06,28-04-23-09-33-19-363
109.29,36.23,666.00,13.58,28-04-23-09-33-19-394
109.58,38.59,666.00,15.10,28-04-23-09-33-19-431
109.81,41.28,666.00,19.47,28-04-23-09-33-19-461
109.97,43.47,666.00,19.89,28-04-23-09-33-19-498
110.46,46.75,666.00,18.15,28-04-23-09-33-19-534
110.87,49.36,666.00,20.87,28-04-23-09-33-19-565
111.48,51.38,666.00,20.76,28-04-23-09-33-19-598
111.57,54.45,666.00,20.11,28-04-23-09-33-19-633
110.74,58.63,666.00,15.46,28-04-23-09-33-19-663
110.35,60.54,666.00,14.12,28-04-23-09-33-19-697
110.22,61.47,666.00,14.21,28-04-23-09-33-19-731
107.27,63.29,666.00,10.14,28-04-23-09-33-19-762
105.89,63.95,666.00,15.33,28-04-23-09-33-19-795
107.93,69.69,666.00,6.18,28-04-23-09-33-19-830
109.40,71.41,666.00,5.47,28-04-23-09-33-19-866
109.83,73.72,666.00,6.32,28-04-23-09-33-19-898
110.54,74.30,666.00,9.46,28-04-23-09-33-19-932
112.57,75.03,666.00,10.97,28-04-23-09-33-19-966
113.16,75.17,666.00,13.33,28-04-23-09-33-19-998
114.04,74.42,666.00,15.20,28-04-23-09-33-20-032
113.17,74.83,666.00,15.54,28-04-23-09-33-20-066
113.35,74.70,666.00,18.46,28-04-23-09-33-20-097
113.32,74.74,666.00,21.17,28-04-23-09-33-20-131
113.31,74.68,666.00,22.63,28-04-23-09-33-20-162
113.37,74.56,666.00,23.72,28-04-23-09-33-20-195
113.56,74.44,666.00,23.92,28-04-23-09-33-20-229
113.62,74.35,666.00,23.23,28-04-23-09-33-20-263
113.63,74.26,666.00,22.38,28-04-23-09-33-20-295
113.62,74.18,666.00,21.26,28-04-23-09-33-20-335
113.55,74.13,666.00,19.50,28-04-23-09-33-20-362
113.08,73.22,666.00,13.53,28-04-23-09-33-20-399
113.11,72.33,666.00,12.42,28-04-23-09-33-20-429
113.91,69.39,666.00,15.57,28-04-23-09-33-20-465
114.17,66.16,666.00,18.15,28-04-23-09-33-20-500
115.02,62.41,666.00,22.75,28-04-23-09-33-20-530
114.70,60.38,666.00,23.99,28-04-23-09-33-20-565
105.85,60.71,666.00,15.34,28-04-23-09-33-20-596
86.91,62.14,666.00,26.67,28-04-23-09-33-20-631
79.76,62.88,-16.71,34.25,28-04-23-09-33-20-666
76.08,63.38,-12.58,38.30,28-04-23-09-33-20-696
73.60,63.96,-10.13,41.12,28-04-23-09-33-20-732
72.33,64.67,-8.76,42.23,28-04-23-09-33-20-763
72.13,65.43,-8.44,41.75,28-04-23-09-33-20-794
69.97,66.07,-8.25,40.30,28-04-23-09-33-20-827
66.96,66.75,-7.13,39.78,28-04-23-09-33-20-862
66.51,67.21,-7.15,39.36,28-04-23-09-33-20-896
65.70,67.71,-6.70,39.44,28-04-23-09-33-20-931
81.50,63.99,47.11,61.88,28-04-23-09-33-20-965
105.88,37.66,666.00,4.24,28-04-23-09-33-20-997
114.60,26.25,666.00,14.03,28-04-23-09-33-21-033
115.32,20.92,666.00,20.15,28-04-23-09-33-21-064
113.92,16.65,666.00,23.84,28-04-23-09-33-21-099
112.74,13.52,666.00,22.66,28-04-23-09-33-21-132
111.20,10.32,666.00,22.52,28-04-23-09-33-21-162
109.03,9.03,666.00,20.68,28-04-23-09-33-21-195
107.52,8.04,666.00,18.60,28-04-23-09-33-21-232
103.27,6.36,666.00,15.32,28-04-23-09-33-21-262
101.71,6.24,666.00,11.45,28-04-23-09-33-21-299
100.85,6.25,666.00,7.68,28-04-23-09-33-21-331
100.31,6.44,666.00,3.98,28-04-23-09-33-21-362
100.02,6.48,666.00,2.15,28-04-23-09-33-21-395
100.46,4.91,666.00,3.35,28-04-23-09-33-21-431
100.91,3.69,666.00,4.25,28-04-23-09-33-21-463
101.23,2.80,666.00,5.19,28-04-23-09-33-21-495
101.48,2.12,666.00,5.93,28-04-23-09-33-21-530
101.64,1.70,666.00,6.58,28-04-23-09-33-21-569
101.75,1.47,666.00,7.20,28-04-23-09-33-21-596
101.71,1.79,666.00,7.92,28-04-23-09-33-21-630
101.66,2.06,666.00,8.35,28-04-23-09-33-21-664
101.62,2.27,666.00,8.58,28-04-23-09-33-21-696
101.58,2.50,666.00,8.70,28-04-23-09-33-21-731
101.54,2.74,666.00,8.73,28-04-23-09-33-21-762
101.50,2.95,666.00,8.67,28-04-23-09-33-21-795
101.47,3.16,666.00,9.06,28-04-23-09-33-21-832
101.24,3.54,666.00,9.28,28-04-23-09-33-21-866
100.97,4.00,666.00,9.86,28-04-23-09-33-21-897
100.62,4.68,666.00,11.01,28-04-23-09-33-21-934
100.20,5.89,666.00,12.51,28-04-23-09-33-21-964
99.80,7.56,666.00,13.96,28-04-23-09-33-21-999
99.11,13.45,666.00,11.13,28-04-23-09-33-22-032
98.89,16.77,666.00,13.28,28-04-23-09-33-22-063
99.01,19.19,666.00,13.72,28-04-23-09-33-22-096
100.78,24.42,666.00,9.21,28-04-23-09-33-22-136
101.72,26.67,666.00,10.24,28-04-23-09-33-22-161
102.46,28.12,666.00,11.70,28-04-23-09-33-22-198
103.02,29.37,666.00,13.84,28-04-23-09-33-22-233
103.40,31.42,666.00,14.86,28-04-23-09-33-22-263
103.55,33.25,666.00,16.20,28-04-23-09-33-22-298
103.22,37.02,666.00,15.65,28-04-23-09-33-22-330
102.86,39.84,666.00,15.99,28-04-23-09-33-22-364
101.27,48.20,666.00,8.38,28-04-23-09-33-22-396
100.76,50.57,666.00,8.82,28-04-23-09-33-22-434
100.33,53.34,666.00,10.18,28-04-23-09-33-22-464
100.18,54.54,666.00,18.26,28-04-23-09-33-22-499
100.18,55.26,666.00,25.26,28-04-23-09-33-22-535
100.38,55.72,666.00,26.46,28-04-23-09-33-22-562
100.37,55.77,666.00,29.24,28-04-23-09-33-22-598
76.95,56.70,-49.55,35.50,28-04-23-09-33-22-634
54.45,60.73,-13.39,46.60,28-04-23-09-33-22-663
52.28,56.45,-11.63,50.85,28-04-23-09-33-22-699
50.56,53.31,1.15,75.14,28-04-23-09-33-22-734
48.31,50.45,0.72,74.34,28-04-23-09-33-22-765
48.72,44.44,4.72,77.46,28-04-23-09-33-22-796
48.85,39.89,8.51,79.44,28-04-23-09-33-22-832
49.55,36.51,11.05,80.17,28-04-23-09-33-22-861
50.70,34.06,12.34,79.99,28-04-23-09-33-22-897
91.68,57.32,666.00,13.23,28-04-23-09-33-22-933
84.64,49.95,-21.79,31.56,28-04-23-09-33-22-964
106.89,57.36,666.00,17.47,28-04-23-09-33-22-995
117.09,59.49,-154.74,34.57,28-04-23-09-33-23-032
118.09,61.56,-155.92,37.36,28-04-23-09-33-23-064
125.62,59.59,-168.95,49.63,28-04-23-09-33-23-093
117.63,62.07,-156.65,37.67,28-04-23-09-33-23-130
120.35,58.40,-159.46,43.32,28-04-23-09-33-23-163
114.05,58.76,-144.47,35.33,28-04-23-09-33-23-196
112.27,58.06,-142.86,32.35,28-04-23-09-33-23-232
109.94,58.16,-136.74,30.05,28-04-23-09-33-23-264
109.04,57.80,666.00,28.91,28-04-23-09-33-23-295
108.82,57.43,666.00,26.91,28-04-23-09-33-23-331
105.87,56.53,666.00,21.94,28-04-23-09-33-23-361
104.29,55.66,666.00,15.23,28-04-23-09-33-23-396
105.51,55.08,666.00,11.03,28-04-23-09-33-23-427
104.30,54.43,666.00,2.57,28-04-23-09-33-23-464
105.49,54.73,666.00,5.69,28-04-23-09-33-23-495
103.22,55.29,666.00,7.01,28-04-23-09-33-23-531
102.69,56.22,666.00,10.58,28-04-23-09-33-23-561
109.75,58.80,666.00,27.50,28-04-23-09-33-23-594
112.98,60.43,123.69,38.80,28-04-23-09-33-23-633
114.75,61.73,118.77,46.67,28-04-23-09-33-23-666
115.86,62.74,110.49,59.20,28-04-23-09-33-23-697
116.56,63.65,105.40,68.36,28-04-23-09-33-23-729
116.06,65.37,101.54,76.09,28-04-23-09-33-23-767
114.03,36.56,136.78,33.11,28-04-23-09-33-23-797
110.97,25.24,666.00,27.38,28-04-23-09-33-23-831
102.82,12.94,-147.97,32.30,28-04-23-09-33-23-866
100.27,11.66,666.00,29.71,28-04-23-09-33-23-895
98.97,11.03,666.00,25.40,28-04-23-09-33-23-930
97.95,9.32,666.00,24.02,28-04-23-09-33-23-963
97.62,8.62,666.00,17.63,28-04-23-09-33-23-997
98.28,8.48,666.00,13.08,28-04-23-09-33-24-030
99.13,8.17,666.00,8.52,28-04-23-09-33-24-062
100.25,5.42,666.00,8.11,28-04-23-09-33-24-095
100.62,4.28,666.00,4.85,28-04-23-09-33-24-131
100.75,3.74,666.00,3.26,28-04-23-09-33-24-164
100.81,2.83,666.00,3.34,28-04-23-09-33-24-198
101.04,0.78,666.00,5.16,28-04-23-09-33-24-230
101.14,-1.19,666.00,5.17,28-04-23-09-33-24-262
101.20,-2.14,666.00,5.27,28-04-23-09-33-24-296
101.20,-2.86,666.00,5.54,28-04-23-09-33-24-331
101.16,-3.24,666.00,5.98,28-04-23-09-33-24-363
101.12,-3.21,666.00,6.41,28-04-23-09-33-24-394
101.04,-3.15,666.00,6.84,28-04-23-09-33-24-429
100.97,-2.87,666.00,7.14,28-04-23-09-33-24-464
100.91,-2.48,666.00,7.38,28-04-23-09-33-24-495
100.86,-2.07,666.00,7.56,28-04-23-09-33-24-531
100.82,-1.64,666.00,7.71,28-04-23-09-33-24-562
100.77,-1.20,666.00,7.82,28-04-23-09-33-24-598
100.72,-0.77,666.00,7.91,28-04-23-09-33-24-634
100.61,-0.26,666.00,7.95,28-04-23-09-33-24-665
100.50,0.30,666.00,8.26,28-04-23-09-33-24-694
100.38,0.90,666.00,9.25,28-04-23-09-33-24-733
100.07,2.52,666.00,8.90,28-04-23-09-33-24-764
99.91,4.07,666.00,9.35,28-04-23-09-33-24-796
99.79,5.47,666.00,10.32,28-04-23-09-33-24-832
99.83,7.34,666.00,10.67,28-04-23-09-33-24-865
100.04,10.30,666.00,9.24,28-04-23-09-33-24-898
100.24,13.55,666.00,13.19,28-04-23-09-33-24-928
100.47,16.44,666.00,14.28,28-04-23-09-33-24-965
100.66,19.09,666.00,16.48,28-04-23-09-33-24-996
101.64,24.60,666.00,9.68,28-04-23-09-33-25-032
102.13,27.03,666.00,9.95,28-04-23-09-33-25-064
102.44,28.84,666.00,13.14,28-04-23-09-33-25-096
102.68,30.75,666.00,14.82,28-04-23-09-33-25-128
102.73,33.12,666.00,15.41,28-04-23-09-33-25-164
102.63,35.36,666.00,16.96,28-04-23-09-33-25-194
102.31,37.84,666.00,16.97,28-04-23-09-33-25-228
102.01,40.57,666.00,18.72,28-04-23-09-33-25-263
101.37,43.67,666.00,18.53,28-04-23-09-33-25-298
101.00,47.39,666.00,17.15,28-04-23-09-33-25-328
101.13,49.32,666.00,18.46,28-04-23-09-33-25-365
100.80,52.03,666.00,19.28,28-04-23-09-33-25-399
100.83,52.66,666.00,21.09,28-04-23-09-33-25-432
100.90,52.71,666.00,29.42,28-04-23-09-33-25-466
101.36,51.95,-118.31,31.17,28-04-23-09-33-25-501
69.50,50.53,-39.46,42.82,28-04-23-09-33-25-530
81.59,62.35,666.00,13.32,28-04-23-09-33-25-564
59.55,56.66,-17.30,36.77,28-04-23-09-33-25-599
51.52,51.21,3.14,74.75,28-04-23-09-33-25-629
48.26,47.83,5.83,83.84,28-04-23-09-33-25-662
47.31,45.33,8.18,90.00,28-04-23-09-33-25-700
46.37,43.69,9.85,93.08,28-04-23-09-33-25-730
45.70,42.62,10.71,94.26,28-04-23-09-33-25-762
45.92,40.98,10.42,94.29,28-04-23-09-33-25-798
46.94,40.40,9.51,93.15,28-04-23-09-33-25-829
48.36,40.38,8.00,91.32,28-04-23-09-33-25-867
49.94,40.97,6.15,89.10,28-04-23-09-33-25-901
102.99,64.09,666.00,15.03,28-04-23-09-33-25-930
111.48,65.60,666.00,27.79,28-04-23-09-33-25-966
115.57,66.73,-168.86,33.89,28-04-23-09-33-25-998
116.23,66.50,-167.39,34.09,28-04-23-09-33-26-029
127.71,60.09,-172.42,53.15,28-04-23-09-33-26-062
138.85,58.03,179.15,64.64,28-04-23-09-33-26-100
140.50,54.73,179.89,66.47,28-04-23-09-33-26-131
139.62,53.01,-178.05,63.92,28-04-23-09-33-26-166
137.97,52.09,-175.62,61.22,28-04-23-09-33-26-196
135.79,52.52,-172.21,59.05,28-04-23-09-33-26-228
133.66,53.09,-168.97,57.35,28-04-23-09-33-26-261
131.75,53.72,-165.96,56.06,28-04-23-09-33-26-295
129.77,54.78,-162.79,54.85,28-04-23-09-33-26-331
127.85,56.04,-159.76,53.74,28-04-23-09-33-26-362
131.88,55.86,163.66,57.81,28-04-23-09-33-26-398
133.84,56.16,145.80,68.63,28-04-23-09-33-26-431
126.17,42.12,151.73,56.75,28-04-23-09-33-26-463
116.10,34.68,165.42,41.24,28-04-23-09-33-26-499
108.37,30.98,-172.70,31.17,28-04-23-09-33-26-531
103.91,29.60,666.00,24.48,28-04-23-09-33-26-562
100.55,28.97,666.00,20.38,28-04-23-09-33-26-595
98.34,28.20,666.00,15.11,28-04-23-09-33-26-631
97.04,26.63,666.00,11.00,28-04-23-09-33-26-661
96.26,24.84,666.00,6.81,28-04-23-09-33-26-699
95.97,22.65,666.00,7.46,28-04-23-09-33-26-731
96.14,19.46,666.00,9.32,28-04-23-09-33-26-760
96.41,16.58,666.00,7.91,28-04-23-09-33-26-796
96.81,13.93,666.00,9.14,28-04-23-09-33-26-833
97.08,10.77,666.00,10.82,28-04-23-09-33-26-861
95.62,5.46,666.00,13.21,28-04-23-09-33-26-898
94.99,3.61,666.00,13.09,28-04-23-09-33-26-934
94.46,2.48,666.00,9.84,28-04-23-09-33-26-965
94.05,1.87,666.00,8.28,28-04-23-09-33-26-998
93.72,1.53,666.00,7.72,28-04-23-09-33-27-032
93.40,1.32,666.00,7.38,28-04-23-09-33-27-065
93.10,1.14,666.00,7.36,28-04-23-09-33-27-095
92.80,0.90,666.00,7.27,28-04-23-09-33-27-130
92.51,0.56,666.00,7.03,28-04-23-09-33-27-166
92.29,0.40,666.00,6.76,28-04-23-09-33-27-197
92.13,0.22,666.00,6.49,28-04-23-09-33-27-230
92.01,0.27,666.00,6.27,28-04-23-09-33-27-265
91.95,0.38,666.00,6.11,28-04-23-09-33-27-298
91.94,0.53,666.00,6.02,28-04-23-09-33-27-332
92.00,0.68,666.00,6.06,28-04-23-09-33-27-361
92.13,0.84,666.00,6.22,28-04-23-09-33-27-397
92.26,1.00,666.00,6.33,28-04-23-09-33-27-431
92.38,1.18,666.00,6.27,28-04-23-09-33-27-464
92.61,1.40,666.00,6.35,28-04-23-09-33-27-499
92.86,1.67,666.00,6.61,28-04-23-09-33-27-529
93.13,2.04,666.00,6.89,28-04-23-09-33-27-563
93.54,2.58,666.00,7.38,28-04-23-09-33-27-595
94.05,3.38,666.00,8.07,28-04-23-09-33-27-627
94.52,4.20,666.00,8.50,28-04-23-09-33-27-661
95.35,6.50,666.00,7.25,28-04-23-09-33-27-699
95.87,8.06,666.00,8.00,28-04-23-09-33-27-729
96.45,10.29,666.00,8.18,28-04-23-09-33-27-764
96.86,12.04,666.00,12.81,28-04-23-09-33-27-799
97.41,15.16,666.00,17.18,28-04-23-09-33-27-831
98.23,17.90,666.00,14.93,28-04-23-09-33-27-863
98.54,20.66,666.00,15.57,28-04-23-09-33-27-898
98.66,22.44,666.00,15.18,28-04-23-09-33-27-930
99.65,28.07,666.00,11.60,28-04-23-09-33-27-965
100.01,29.95,666.00,11.54,28-04-23-09-33-27-999
100.31,31.50,666.00,12.43,28-04-23-09-33-28-030
100.42,32.61,666.00,13.54,28-04-23-09-33-28-065
100.47,34.11,666.00,16.29,28-04-23-09-33-28-096
100.56,37.05,666.00,15.71,28-04-23-09-33-28-131
100.61,38.98,666.00,16.77,28-04-23-09-33-28-166
100.80,43.85,666.00,12.24,28-04-23-09-33-28-196
103.38,47.90,666.00,14.01,28-04-23-09-33-28-231
103.19,49.53,666.00,14.63,28-04-23-09-33-28-264
103.33,49.89,666.00,18.47,28-04-23-09-33-28-297
103.46,49.87,666.00,23.82,28-04-23-09-33-28-332
103.52,49.62,666.00,29.91,28-04-23-09-33-28-363
103.28,49.63,-117.68,35.21,28-04-23-09-33-28-397
69.37,50.79,-37.39,39.93,28-04-23-09-33-28-427
48.43,50.90,-6.64,56.14,28-04-23-09-33-28-461
42.82,49.33,-0.47,61.51,28-04-23-09-33-28-496
40.58,46.47,3.22,64.43,28-04-23-09-33-28-531
43.11,44.31,3.95,64.38,28-04-23-09-33-28-565
45.98,42.41,4.20,62.64,28-04-23-09-33-28-596
46.26,40.74,5.86,61.68,28-04-23-09-33-28-632
47.28,39.87,6.42,59.87,28-04-23-09-33-28-666
102.79,64.53,666.00,20.48,28-04-23-09-33-28-697
117.77,67.35,-163.93,35.07,28-04-23-09-33-28-731
127.35,69.88,-171.88,47.76,28-04-23-09-33-28-768
128.32,70.06,-171.11,49.10,28-04-23-09-33-28-797
127.87,70.45,-170.08,47.57,28-04-23-09-33-28-832
122.54,72.03,-162.10,33.23,28-04-23-09-33-28-866
113.49,73.24,666.00,24.03,28-04-23-09-33-28-895
107.48,73.41,666.00,17.99,28-04-23-09-33-28-931
105.45,73.57,666.00,17.17,28-04-23-09-33-28-962
105.40,73.42,666.00,16.98,28-04-23-09-33-28-996
105.75,72.63,666.00,15.64,28-04-23-09-33-29-033
104.71,71.66,666.00,14.46,28-04-23-09-33-29-065
105.04,71.06,666.00,10.29,28-04-23-09-33-29-099
105.46,70.53,666.00,8.10,28-04-23-09-33-29-128
107.78,69.71,666.00,10.12,28-04-23-09-33-29-165
108.18,68.71,666.00,13.33,28-04-23-09-33-29-194
111.74,67.60,666.00,20.28,28-04-23-09-33-29-230
111.44,67.22,666.00,21.32,28-04-23-09-33-29-265
112.74,67.34,666.00,26.34,28-04-23-09-33-29-298
111.86,67.65,133.35,31.31,28-04-23-09-33-29-331
110.76,68.57,128.34,33.12,28-04-23-09-33-29-364
109.62,69.51,122.33,33.52,28-04-23-09-33-29-398
110.40,70.51,115.80,36.97,28-04-23-09-33-29-428
116.95,70.60,126.43,57.09,28-04-23-09-33-29-470
116.76,52.46,170.81,34.93,28-04-23-09-33-29-499
115.73,42.09,-167.19,37.02,28-04-23-09-33-29-528
111.74,35.22,-151.98,32.83,28-04-23-09-33-29-562
109.55,32.25,-143.19,31.07,28-04-23-09-33-29-598
106.92,31.27,666.00,27.43,28-04-23-09-33-29-630
104.47,31.04,666.00,23.19,28-04-23-09-33-29-663
102.63,31.11,666.00,14.82,28-04-23-09-33-29-699
101.38,31.15,666.00,10.12,28-04-23-09-33-29-730
100.70,30.57,666.00,5.32,28-04-23-09-33-29-763
101.81,26.41,666.00,11.02,28-04-23-09-33-29-796
102.43,22.82,666.00,12.88,28-04-23-09-33-29-831
102.70,20.89,666.00,9.30,28-04-23-09-33-29-862
102.94,19.10,666.00,9.54,28-04-23-09-33-29-899
103.29,17.22,666.00,9.81,28-04-23-09-33-29-933
103.50,15.45,666.00,10.74,28-04-23-09-33-29-963
102.05,9.74,666.00,10.56,28-04-23-09-33-29-997
101.59,7.45,666.00,11.39,28-04-23-09-33-30-033
101.27,6.23,666.00,11.43,28-04-23-09-33-30-063
100.93,5.41,666.00,11.69,28-04-23-09-33-30-097
100.60,4.77,666.00,11.45,28-04-23-09-33-30-129
100.22,4.28,666.00,11.22,28-04-23-09-33-30-162
99.84,3.90,666.00,10.91,28-04-23-09-33-30-195
99.49,3.48,666.00,10.57,28-04-23-09-33-30-234
99.17,3.17,666.00,10.26,28-04-23-09-33-30-264
98.90,2.98,666.00,10.02,28-04-23-09-33-30-295
98.68,2.91,666.00,9.82,28-04-23-09-33-30-329
98.50,2.91,666.00,9.67,28-04-23-09-33-30-361
98.32,3.06,666.00,9.48,28-04-23-09-33-30-397
98.18,3.24,666.00,9.31,28-04-23-09-33-30-431
98.08,3.41,666.00,9.24,28-04-23-09-33-30-464
97.94,4.11,666.00,11.44,28-04-23-09-33-30-495
97.79,5.26,666.00,14.61,28-04-23-09-33-30-529
97.73,6.54,666.00,15.77,28-04-23-09-33-30-566
97.71,8.48,666.00,15.30,28-04-23-09-33-30-597
97.70,10.56,666.00,16.56,28-04-23-09-33-30-628
97.74,13.22,666.00,18.31,28-04-23-09-33-30-662
97.67,15.66,666.00,18.46,28-04-23-09-33-30-695
98.96,20.75,666.00,12.45,28-04-23-09-33-30-730
99.80,23.58,666.00,15.30,28-04-23-09-33-30-763
99.60,27.87,666.00,12.70,28-04-23-09-33-30-796
99.58,30.37,666.00,12.19,28-04-23-09-33-30-832
99.64,32.45,666.00,14.19,28-04-23-09-33-30-864
99.79,34.48,666.00,17.19,28-04-23-09-33-30-893
100.30,37.63,666.00,18.34,28-04-23-09-33-30-930
100.85,40.65,666.00,17.56,28-04-23-09-33-30-964
101.41,43.79,666.00,20.43,28-04-23-09-33-31-000
103.73,49.78,666.00,19.96,28-04-23-09-33-31-032
103.78,52.00,666.00,19.54,28-04-23-09-33-31-061
104.04,52.36,666.00,22.48,28-04-23-09-33-31-095
102.97,55.41,666.00,19.81,28-04-23-09-33-31-129
103.27,56.16,666.00,20.17,28-04-23-09-33-31-162
103.58,56.02,666.00,22.68,28-04-23-09-33-31-196
104.02,55.61,666.00,25.68,28-04-23-09-33-31-232
104.61,55.26,666.00,26.91,28-04-23-09-33-31-263
61.86,54.62,-11.24,40.93,28-04-23-09-33-31-296
43.06,52.54,7.21,58.79,28-04-23-09-33-31-331
38.21,49.70,10.92,65.57,28-04-23-09-33-31-360
82.85,64.40,666.00,17.29,28-04-23-09-33-31-397
91.05,67.64,152.04,30.63,28-04-23-09-33-31-432
100.43,68.46,666.00,25.87,28-04-23-09-33-31-463
104.59,68.30,666.00,9.65,28-04-23-09-33-31-496
107.17,68.23,666.00,4.14,28-04-23-09-33-31-531
108.50,68.03,147.54,42.86,28-04-23-09-33-31-561
62.82,45.71,-0.67,38.17,28-04-23-09-33-31-597
91.01,60.20,666.00,26.03,28-04-23-09-33-31-633
55.96,42.97,11.37,31.69,28-04-23-09-33-31-662
40.82,30.70,21.35,57.13,28-04-23-09-33-31-697
35.88,24.85,25.21,64.89,28-04-23-09-33-31-732
90.58,60.59,666.00,7.74,28-04-23-09-33-31-762
99.21,64.12,666.00,7.84,28-04-23-09-33-31-798
107.07,67.13,666.00,3.61,28-04-23-09-33-31-831
109.96,68.18,666.00,4.96,28-04-23-09-33-31-862
111.47,68.24,143.58,54.62,28-04-23-09-33-31-896
60.49,46.36,9.72,36.18,28-04-23-09-33-31-928
89.45,54.59,666.00,8.42,28-04-23-09-33-31-963
94.60,53.48,666.00,6.74,28-04-23-09-33-31-995
69.26,42.26,-0.67,38.98,28-04-23-09-33-32-028
54.16,33.89,13.52,58.22,28-04-23-09-33-32-063
49.22,30.41,17.28,63.96,28-04-23-09-33-32-097
46.32,28.42,18.92,67.54,28-04-23-09-33-32-134
44.56,27.63,19.50,69.03,28-04-23-09-33-32-162
43.97,28.23,18.66,68.09,28-04-23-09-33-32-197
54.62,29.15,3.87,59.37,28-04-23-09-33-32-235
60.05,31.21,16.96,74.23,28-04-23-09-33-32-264
61.35,35.50,20.23,78.15,28-04-23-09-33-32-299
105.98,34.07,666.00,21.07,28-04-23-09-33-32-333
115.95,35.44,666.00,26.97,28-04-23-09-33-32-360
118.87,36.24,173.20,32.98,28-04-23-09-33-32-398
119.18,35.95,159.66,33.38,28-04-23-09-33-32-433
113.15,31.73,666.00,25.60,28-04-23-09-33-32-463
110.87,29.75,666.00,24.06,28-04-23-09-33-32-495
106.79,28.47,666.00,18.43,28-04-23-09-33-32-530
104.35,27.40,666.00,13.89,28-04-23-09-33-32-562
102.72,26.35,666.00,10.70,28-04-23-09-33-32-595
101.55,24.33,666.00,9.35,28-04-23-09-33-32-631
100.87,22.46,666.00,6.82,28-04-23-09-33-32-662
100.59,20.46,666.00,5.65,28-04-23-09-33-32-694
100.65,17.87,666.00,6.37,28-04-23-09-33-32-731
100.81,15.14,666.00,7.24,28-04-23-09-33-32-764
100.97,12.64,666.00,8.20,28-04-23-09-33-32-794
100.77,8.55,666.00,8.55,28-04-23-09-33-32-829
100.60,6.54,666.00,8.59,28-04-23-09-33-32-863
100.40,4.86,666.00,8.22,28-04-23-09-33-32-897
100.16,3.18,666.00,7.62,28-04-23-09-33-32-931
100.00,1.91,666.00,7.16,28-04-23-09-33-32-962
99.84,0.85,666.00,6.85,28-04-23-09-33-32-995
99.54,0.15,666.00,6.49,28-04-23-09-33-33-031
99.29,-0.43,666.00,5.94,28-04-23-09-33-33-067
99.08,-0.92,666.00,5.73,28-04-23-09-33-33-098
98.91,-1.31,666.00,5.57,28-04-23-09-33-33-133
98.75,-1.71,666.00,5.48,28-04-23-09-33-33-162
98.60,-2.13,666.00,5.62,28-04-23-09-33-33-198
98.47,-2.37,666.00,5.77,28-04-23-09-33-33-231
98.38,-2.48,666.00,5.92,28-04-23-09-33-33-265
98.32,-2.53,666.00,6.03,28-04-23-09-33-33-296
98.28,-2.55,666.00,6.00,28-04-23-09-33-33-329
98.25,-2.52,666.00,6.00,28-04-23-09-33-33-361
98.22,-2.46,666.00,6.02,28-04-23-09-33-33-396
98.21,-2.39,666.00,6.03,28-04-23-09-33-33-431
98.19,-2.29,666.00,6.03,28-04-23-09-33-33-465
98.18,-2.17,666.00,6.02,28-04-23-09-33-33-498
98.16,-2.01,666.00,5.97,28-04-23-09-33-33-529
98.14,-1.86,666.00,6.14,28-04-23-09-33-33-562
98.14,-1.69,666.00,7.35,28-04-23-09-33-33-600
98.21,-1.34,666.00,8.67,28-04-23-09-33-33-631
98.32,-0.87,666.00,10.77,28-04-23-09-33-33-661
98.49,0.15,666.00,11.26,28-04-23-09-33-33-694
98.64,1.20,666.00,11.36,28-04-23-09-33-33-731
98.82,2.96,666.00,10.72,28-04-23-09-33-33-764
98.93,4.65,666.00,10.61,28-04-23-09-33-33-794
98.94,6.46,666.00,13.67,28-04-23-09-33-33-830
98.88,8.52,666.00,17.41,28-04-23-09-33-33-865
98.75,10.77,666.00,16.86,28-04-23-09-33-33-895
98.04,15.58,666.00,10.79,28-04-23-09-33-33-932
97.71,17.47,666.00,11.05,28-04-23-09-33-33-964
98.49,20.78,666.00,9.74,28-04-23-09-33-33-998
99.06,22.29,666.00,11.28,28-04-23-09-33-34-034
99.53,23.55,666.00,11.60,28-04-23-09-33-34-063
99.91,24.61,666.00,14.81,28-04-23-09-33-34-098
100.26,26.57,666.00,15.60,28-04-23-09-33-34-131
100.44,28.73,666.00,15.92,28-04-23-09-33-34-163
100.35,31.88,666.00,14.77,28-04-23-09-33-34-194
99.95,36.60,666.00,10.35,28-04-23-09-33-34-233
99.90,39.19,666.00,12.13,28-04-23-09-33-34-264
100.42,42.56,666.00,12.16,28-04-23-09-33-34-295
100.50,45.29,666.00,11.58,28-04-23-09-33-34-328
100.66,46.27,666.00,14.46,28-04-23-09-33-34-365
100.78,46.94,666.00,19.55,28-04-23-09-33-34-397
99.17,50.34,666.00,16.66,28-04-23-09-33-34-430
98.72,51.51,666.00,19.25,28-04-23-09-33-34-464
98.63,52.06,666.00,23.54,28-04-23-09-33-34-495
98.84,52.71,-116.26,32.65,28-04-23-09-33-34-530
70.31,53.21,-47.11,30.50,28-04-23-09-33-34-566
49.13,52.43,-8.93,44.30,28-04-23-09-33-34-597
42.92,51.03,-1.91,49.58,28-04-23-09-33-34-630
40.70,47.56,0.77,52.48,28-04-23-09-33-34-665
44.23,43.19,-0.10,52.63,28-04-23-09-33-34-695
43.66,39.96,12.56,85.11,28-04-23-09-33-34-732
43.52,36.92,11.31,90.55,28-04-23-09-33-34-764
43.75,34.58,13.05,95.65,28-04-23-09-33-34-794
44.46,32.63,14.63,97.57,28-04-23-09-33-34-831
45.45,31.29,18.82,105.11,28-04-23-09-33-34-861
46.39,30.18,19.69,106.05,28-04-23-09-33-34-895
51.55,27.32,9.04,94.36,28-04-23-09-33-34-933
55.13,26.27,7.75,94.43,28-04-23-09-33-34-964
57.49,25.68,4.51,87.87,28-04-23-09-33-34-998
57.95,25.45,3.37,84.82,28-04-23-09-33-35-030
57.89,25.61,3.57,83.45,28-04-23-09-33-35-067
57.45,25.85,5.30,81.28,28-04-23-09-33-35-096
56.89,26.14,7.61,80.76,28-04-23-09-33-35-130
57.22,26.20,9.90,82.32,28-04-23-09-33-35-164
66.49,41.88,6.68,62.81,28-04-23-09-33-35-195
93.71,52.44,666.00,19.04,28-04-23-09-33-35-229
105.11,55.82,666.00,10.99,28-04-23-09-33-35-262
108.98,57.91,666.00,17.93,28-04-23-09-33-35-297
108.46,58.78,666.00,19.92,28-04-23-09-33-35-328
108.51,58.03,666.00,24.59,28-04-23-09-33-35-364
107.94,56.10,666.00,27.42,28-04-23-09-33-35-399
106.77,53.79,666.00,28.36,28-04-23-09-33-35-430
105.56,51.57,666.00,22.98,28-04-23-09-33-35-465
81.37,46.98,12.33,46.35,28-04-23-09-33-35-496
87.69,43.85,4.29,30.26,28-04-23-09-33-35-528
67.31,40.65,20.83,61.27,28-04-23-09-33-35-562
61.34,39.44,26.71,69.51,28-04-23-09-33-35-596
55.87,39.06,33.20,75.66,28-04-23-09-33-35-631
52.77,39.16,37.01,79.47,28-04-23-09-33-35-666
53.27,38.68,38.76,78.90,28-04-23-09-33-35-695
52.49,38.34,42.11,79.72,28-04-23-09-33-35-730
94.70,25.54,666.00,17.92,28-04-23-09-33-35-760
103.64,22.53,666.00,20.21,28-04-23-09-33-35-798
110.60,20.73,174.93,30.15,28-04-23-09-33-35-832
109.91,19.68,666.00,27.39,28-04-23-09-33-35-864
110.66,16.48,666.00,29.55,28-04-23-09-33-35-894
110.52,14.61,666.00,29.59,28-04-23-09-33-35-931
108.34,13.17,666.00,24.34,28-04-23-09-33-35-961
106.45,11.91,666.00,20.05,28-04-23-09-33-35-995
104.41,10.11,666.00,16.81,28-04-23-09-33-36-032
102.94,8.85,666.00,14.46,28-04-23-09-33-36-064
101.59,7.26,666.00,12.32,28-04-23-09-33-36-097
100.50,5.64,666.00,10.81,28-04-23-09-33-36-131
99.67,4.09,666.00,9.99,28-04-23-09-33-36-163
99.07,2.81,666.00,8.62,28-04-23-09-33-36-194
98.66,1.69,666.00,8.30,28-04-23-09-33-36-231
98.42,0.47,666.00,7.76,28-04-23-09-33-36-263
98.28,-0.62,666.00,7.56,28-04-23-09-33-36-295
98.18,-1.33,666.00,7.52,28-04-23-09-33-36-331
98.15,-1.94,666.00,7.72,28-04-23-09-33-36-362
98.14,-2.32,666.00,7.95,28-04-23-09-33-36-395
98.14,-2.50,666.00,8.14,28-04-23-09-33-36-428
98.20,-2.67,666.00,8.40,28-04-23-09-33-36-464
98.24,-2.75,666.00,8.61,28-04-23-09-33-36-496
98.27,-2.78,666.00,8.87,28-04-23-09-33-36-531
98.29,-2.75,666.00,9.14,28-04-23-09-33-36-566
98.30,-2.69,666.00,9.45,28-04-23-09-33-36-597
98.31,-2.58,666.00,11.90,28-04-23-09-33-36-631
98.34,-2.36,666.00,13.51,28-04-23-09-33-36-665
98.40,-1.83,666.00,17.85,28-04-23-09-33-36-695
98.48,-0.85,666.00,22.89,28-04-23-09-33-36-731
98.26,2.18,666.00,20.60,28-04-23-09-33-36-763
98.32,4.27,666.00,19.50,28-04-23-09-33-36-797
98.30,7.93,666.00,16.49,28-04-23-09-33-36-832
98.34,10.16,666.00,16.38,28-04-23-09-33-36-862
98.44,12.25,666.00,16.60,28-04-23-09-33-36-898
98.63,14.51,666.00,15.57,28-04-23-09-33-36-934
100.08,19.62,666.00,12.43,28-04-23-09-33-36-960
100.86,21.91,666.00,14.53,28-04-23-09-33-36-995
101.37,23.47,666.00,18.94,28-04-23-09-33-37-031
101.66,24.77,666.00,20.05,28-04-23-09-33-37-063
101.92,26.31,666.00,22.25,28-04-23-09-33-37-097
101.69,28.89,666.00,24.70,28-04-23-09-33-37-128
100.50,33.46,666.00,20.78,28-04-23-09-33-37-163
99.17,37.51,666.00,19.73,28-04-23-09-33-37-194
98.80,41.98,666.00,16.57,28-04-23-09-33-37-228
98.64,44.27,666.00,18.49,28-04-23-09-33-37-263
99.04,47.03,666.00,22.50,28-04-23-09-33-37-294
99.29,47.76,666.00,24.17,28-04-23-09-33-37-328
99.55,48.01,666.00,25.56,28-04-23-09-33-37-362
99.79,47.85,-126.98,35.17,28-04-23-09-33-37-399
71.97,49.62,-36.86,43.23,28-04-23-09-33-37-428
47.87,53.22,-1.19,65.00,28-04-23-09-33-37-467
40.41,54.19,5.00,72.99,28-04-23-09-33-37-496
51.00,66.09,4.03,60.69,28-04-23-09-33-37-531
48.96,64.63,7.69,62.66,28-04-23-09-33-37-568
40.77,46.34,11.12,74.24,28-04-23-09-33-37-598
54.58,39.95,8.36,79.27,28-04-23-09-33-37-631
62.03,36.28,0.41,80.47,28-04-23-09-33-37-663
66.13,33.85,-2.70,81.01,28-04-23-09-33-37-697
65.98,31.60,-3.60,80.27,28-04-23-09-33-37-731
65.33,30.06,-3.13,79.59,28-04-23-09-33-37-767
62.12,30.32,-0.45,81.73,28-04-23-09-33-37-794
57.18,31.98,3.09,83.29,28-04-23-09-33-37-829
56.12,39.28,1.45,76.63,28-04-23-09-33-37-862
53.05,47.89,2.87,68.40,28-04-23-09-33-37-895
51.60,52.13,4.83,65.78,28-04-23-09-33-37-931
53.36,52.84,4.09,62.56,28-04-23-09-33-37-963
53.16,54.01,6.84,56.07,28-04-23-09-33-37-997
72.72,59.80,-3.05,33.44,28-04-23-09-33-38-031
72.53,60.50,-1.06,32.18,28-04-23-09-33-38-061
52.55,51.88,7.75,53.06,28-04-23-09-33-38-096
51.56,48.96,6.55,55.18,28-04-23-09-33-38-131
52.14,46.44,4.03,56.37,28-04-23-09-33-38-163
53.19,45.17,1.71,57.07,28-04-23-09-33-38-197
53.44,45.06,0.34,57.97,28-04-23-09-33-38-228
53.29,45.38,-0.47,58.79,28-04-23-09-33-38-261
53.02,45.84,-1.31,59.60,28-04-23-09-33-38-297
53.29,46.60,-2.56,60.43,28-04-23-09-33-38-331
53.44,47.59,-3.67,61.15,28-04-23-09-33-38-365
54.04,48.41,-5.05,62.42,28-04-23-09-33-38-395
54.54,49.35,-6.25,63.42,28-04-23-09-33-38-432
92.42,33.53,-75.07,33.49,28-04-23-09-33-38-463
103.23,34.70,666.00,21.18,28-04-23-09-33-38-497
109.33,34.83,666.00,18.71,28-04-23-09-33-38-532
110.20,35.41,666.00,20.51,28-04-23-09-33-38-561
110.86,35.23,666.00,22.58,28-04-23-09-33-38-598
110.57,35.03,666.00,20.67,28-04-23-09-33-38-631
108.16,34.29,666.00,16.19,28-04-23-09-33-38-663
106.33,33.85,666.00,14.13,28-04-23-09-33-38-696
104.76,32.68,666.00,13.39,28-04-23-09-33-38-731
103.54,31.57,666.00,12.45,28-04-23-09-33-38-761
102.52,30.44,666.00,11.22,28-04-23-09-33-38-797
101.81,29.05,666.00,10.33,28-04-23-09-33-38-831
101.43,27.37,666.00,9.51,28-04-23-09-33-38-861
101.29,24.99,666.00,9.63,28-04-23-09-33-38-894
101.19,23.01,666.00,8.57,28-04-23-09-33-38-932
101.14,21.32,666.00,8.52,28-04-23-09-33-38-961
101.15,19.78,666.00,9.06,28-04-23-09-33-38-996
101.19,18.24,666.00,9.51,28-04-23-09-33-39-028
101.23,17.08,666.00,9.48,28-04-23-09-33-39-065
101.28,15.94,666.00,9.77,28-04-23-09-33-39-093
100.13,13.27,666.00,9.95,28-04-23-09-33-39-131
99.67,12.22,666.00,8.64,28-04-23-09-33-39-162
99.46,11.72,666.00,8.01,28-04-23-09-33-39-199
99.29,10.70,666.00,7.96,28-04-23-09-33-39-231
99.11,9.82,666.00,7.97,28-04-23-09-33-39-264
98.99,8.93,666.00,8.15,28-04-23-09-33-39-294
98.94,8.17,666.00,8.43,28-04-23-09-33-39-331
98.94,7.46,666.00,8.87,28-04-23-09-33-39-362
98.97,6.75,666.00,9.37,28-04-23-09-33-39-393
99.00,6.19,666.00,9.73,28-04-23-09-33-39-433
99.04,5.65,666.00,10.04,28-04-23-09-33-39-462
99.06,5.17,666.00,10.33,28-04-23-09-33-39-497
99.08,4.79,666.00,10.54,28-04-23-09-33-39-528
99.09,4.54,666.00,8.46,28-04-23-09-33-39-565
99.10,4.37,666.00,8.15,28-04-23-09-33-39-595
99.10,4.25,666.00,10.00,28-04-23-09-33-39-631
99.08,4.29,666.00,9.44,28-04-23-09-33-39-664
99.06,4.36,666.00,9.80,28-04-23-09-33-39-697
99.06,4.45,666.00,10.06,28-04-23-09-33-39-730
99.06,4.63,666.00,10.35,28-04-23-09-33-39-764
99.04,5.23,666.00,12.26,28-04-23-09-33-39-798
99.04,6.08,666.00,14.98,28-04-23-09-33-39-832
98.99,6.84,666.00,16.13,28-04-23-09-33-39-868
98.91,7.83,666.00,15.72,28-04-23-09-33-39-897
98.82,8.75,666.00,15.13,28-04-23-09-33-39-930
98.74,9.83,666.00,14.22,28-04-23-09-33-39-965
98.69,11.00,666.00,13.93,28-04-23-09-33-39-993
98.66,11.90,666.00,14.03,28-04-23-09-33-40-032
98.63,12.97,666.00,14.79,28-04-23-09-33-40-060
99.52,16.74,666.00,8.90,28-04-23-09-33-40-097
99.97,18.65,666.00,10.34,28-04-23-09-33-40-127
100.27,19.98,666.00,11.86,28-04-23-09-33-40-165
100.55,21.40,666.00,14.11,28-04-23-09-33-40-195
100.75,23.36,666.00,18.86,28-04-23-09-33-40-229
100.98,26.74,666.00,18.36,28-04-23-09-33-40-262
100.98,33.27,666.00,14.52,28-04-23-09-33-40-295
101.05,36.43,666.00,15.15,28-04-23-09-33-40-331
101.58,40.34,666.00,14.83,28-04-23-09-33-40-360
101.87,43.28,666.00,17.38,28-04-23-09-33-40-399
98.95,47.50,666.00,12.55,28-04-23-09-33-40-429
99.84,50.46,666.00,15.24,28-04-23-09-33-40-467
100.42,51.57,666.00,16.33,28-04-23-09-33-40-498
100.89,52.65,666.00,20.66,28-04-23-09-33-40-529
101.28,53.15,666.00,22.12,28-04-23-09-33-40-561
102.39,54.28,666.00,23.21,28-04-23-09-33-40-597
103.22,54.57,666.00,24.44,28-04-23-09-33-40-629
103.60,55.08,666.00,25.00,28-04-23-09-33-40-664
103.88,55.25,666.00,24.81,28-04-23-09-33-40-696
101.00,61.50,666.00,26.05,28-04-23-09-33-40-729
99.60,64.49,666.00,27.99,28-04-23-09-33-40-761
103.42,64.51,170.34,33.34,28-04-23-09-33-40-798
67.26,55.70,666.00,28.92,28-04-23-09-33-40-832
49.50,48.58,8.34,59.82,28-04-23-09-33-40-863
43.07,44.59,13.87,70.58,28-04-23-09-33-40-896
42.48,48.85,15.84,70.91,28-04-23-09-33-40-932
44.43,50.59,16.21,67.20,28-04-23-09-33-40-962
46.52,50.20,15.62,63.35,28-04-23-09-33-40-994
49.00,50.05,14.70,58.96,28-04-23-09-33-41-031
51.49,50.28,13.68,54.92,28-04-23-09-33-41-061
53.51,50.47,12.83,51.98,28-04-23-09-33-41-098
65.47,53.90,6.95,38.93,28-04-23-09-33-41-128
70.85,55.09,4.49,33.90,28-04-23-09-33-41-160
73.92,55.44,2.89,31.32,28-04-23-09-33-41-199
70.45,53.77,3.14,36.49,28-04-23-09-33-41-234
68.50,50.86,0.26,40.51,28-04-23-09-33-41-263
65.84,49.41,1.28,44.18,28-04-23-09-33-41-296
64.53,48.63,1.74,46.05,28-04-23-09-33-41-330
63.52,48.31,1.49,47.52,28-04-23-09-33-41-363
62.16,48.11,1.45,49.16,28-04-23-09-33-41-394
60.76,47.99,1.64,50.64,28-04-23-09-33-41-427
63.64,48.11,-3.25,48.47,28-04-23-09-33-41-461
62.67,48.53,12.57,67.51,28-04-23-09-33-41-494
107.53,43.42,666.00,18.16,28-04-23-09-33-41-531
116.78,40.62,666.00,23.17,28-04-23-09-33-41-563
117.60,38.15,666.00,25.91,28-04-23-09-33-41-596
116.91,36.88,666.00,23.82,28-04-23-09-33-41-631
114.33,34.32,666.00,22.40,28-04-23-09-33-41-662
112.06,30.01,666.00,20.44,28-04-23-09-33-41-697
108.89,28.06,666.00,15.68,28-04-23-09-33-41-730
106.64,26.25,666.00,13.40,28-04-23-09-33-41-765
104.93,24.82,666.00,11.38,28-04-23-09-33-41-795
103.79,23.56,666.00,10.07,28-04-23-09-33-41-832
102.92,21.63,666.00,9.70,28-04-23-09-33-41-864
102.41,19.33,666.00,8.66,28-04-23-09-33-41-896
102.13,17.69,666.00,8.80,28-04-23-09-33-41-931
102.03,16.12,666.00,8.68,28-04-23-09-33-41-966
102.12,14.04,666.00,9.56,28-04-23-09-33-41-997
102.32,12.26,666.00,10.28,28-04-23-09-33-42-031
102.49,10.77,666.00,9.88,28-04-23-09-33-42-064
102.63,9.60,666.00,10.04,28-04-23-09-33-42-094
102.55,6.02,666.00,11.92,28-04-23-09-33-42-131
102.45,4.88,666.00,11.19,28-04-23-09-33-42-161
102.32,4.40,666.00,10.21,28-04-23-09-33-42-195
102.17,4.17,666.00,9.45,28-04-23-09-33-42-234
102.03,3.99,666.00,7.89,28-04-23-09-33-42-268
101.86,3.82,666.00,7.41,28-04-23-09-33-42-298
101.73,3.46,666.00,7.45,28-04-23-09-33-42-330
101.67,2.54,666.00,7.72,28-04-23-09-33-42-368
101.59,1.74,666.00,7.93,28-04-23-09-33-42-394
101.54,0.98,666.00,8.26,28-04-23-09-33-42-431
101.41,0.49,666.00,8.21,28-04-23-09-33-42-463
101.21,0.26,666.00,8.16,28-04-23-09-33-42-498
101.00,0.19,666.00,8.09,28-04-23-09-33-42-528
100.75,0.29,666.00,7.94,28-04-23-09-33-42-564
100.53,0.40,666.00,7.73,28-04-23-09-33-42-594
100.34,0.52,666.00,7.50,28-04-23-09-33-42-632
100.17,0.61,666.00,7.31,28-04-23-09-33-42-664
100.03,0.69,666.00,7.45,28-04-23-09-33-42-696
99.90,0.78,666.00,8.05,28-04-23-09-33-42-730
99.80,0.91,666.00,8.71,28-04-23-09-33-42-765
99.74,1.19,666.00,9.36,28-04-23-09-33-42-798
99.71,1.60,666.00,9.74,28-04-23-09-33-42-830
99.68,2.14,666.00,10.31,28-04-23-09-33-42-864
99.41,5.27,666.00,7.29,28-04-23-09-33-42-896
99.22,7.41,666.00,8.10,28-04-23-09-33-42-929
99.07,8.69,666.00,11.82,28-04-23-09-33-42-963
98.96,10.19,666.00,12.37,28-04-23-09-33-42-999
98.93,11.83,666.00,12.05,28-04-23-09-33-43-032
99.49,16.32,666.00,7.27,28-04-23-09-33-43-063
99.76,18.13,666.00,9.00,28-04-23-09-33-43-100
99.92,19.37,666.00,9.49,28-04-23-09-33-43-133
100.01,20.38,666.00,10.85,28-04-23-09-33-43-163
100.03,21.82,666.00,13.34,28-04-23-09-33-43-197
100.21,24.01,666.00,13.71,28-04-23-09-33-43-232
99.33,30.28,666.00,7.44,28-04-23-09-33-43-269
99.60,33.55,666.00,7.26,28-04-23-09-33-43-298
99.97,34.96,666.00,9.65,28-04-23-09-33-43-333
100.39,36.86,666.00,13.27,28-04-23-09-33-43-365
100.63,37.87,666.00,16.96,28-04-23-09-33-43-398
101.08,39.11,666.00,20.55,28-04-23-09-33-43-433
101.45,39.67,666.00,22.38,28-04-23-09-33-43-461
101.68,39.94,666.00,25.50,28-04-23-09-33-43-494
101.94,40.30,666.00,27.86,28-04-23-09-33-43-531
102.02,40.86,-118.72,34.17,28-04-23-09-33-43-567
102.08,41.29,-118.29,37.48,28-04-23-09-33-43-594
102.09,41.63,-118.35,38.10,28-04-23-09-33-43-632
102.18,41.85,-118.82,38.52,28-04-23-09-33-43-665
72.35,44.48,-42.02,36.00,28-04-23-09-33-43-694
54.60,44.33,-6.18,47.96,28-04-23-09-33-43-730
51.83,39.80,-0.23,51.54,28-04-23-09-33-43-765
50.02,36.17,4.53,53.83,28-04-23-09-33-43-796
49.55,33.10,7.28,54.65,28-04-23-09-33-43-832
50.82,30.41,7.42,53.90,28-04-23-09-33-43-865
52.97,28.21,6.05,52.42,28-04-23-09-33-43-896
57.39,27.64,0.91,49.20,28-04-23-09-33-43-932
88.52,53.08,666.00,12.64,28-04-23-09-33-43-964
79.18,42.23,666.00,16.88,28-04-23-09-33-43-996
75.63,38.26,666.00,25.26,28-04-23-09-33-44-031
76.77,35.46,666.00,29.33,28-04-23-09-33-44-065
99.12,55.12,666.00,18.54,28-04-23-09-33-44-095
107.85,57.33,666.00,29.24,28-04-23-09-33-44-132
111.26,59.67,-149.63,33.83,28-04-23-09-33-44-165
113.05,61.07,-162.57,31.93,28-04-23-09-33-44-196
104.42,59.61,666.00,20.46,28-04-23-09-33-44-229
93.91,58.72,666.00,22.82,28-04-23-09-33-44-262
87.91,57.27,-9.72,38.07,28-04-23-09-33-44-298
85.20,56.75,10.75,46.10,28-04-23-09-33-44-331
88.45,55.80,13.31,37.30,28-04-23-09-33-44-364
93.96,55.45,666.00,27.50,28-04-23-09-33-44-398
98.48,55.96,666.00,25.22,28-04-23-09-33-44-429
101.27,57.20,666.00,28.37,28-04-23-09-33-44-461
102.67,58.71,72.24,42.57,28-04-23-09-33-44-494
111.37,37.99,666.00,9.02,28-04-23-09-33-44-530
113.74,27.53,666.00,23.71,28-04-23-09-33-44-561
114.02,22.94,-164.64,30.18,28-04-23-09-33-44-596
114.20,20.27,-170.34,30.53,28-04-23-09-33-44-630
113.99,18.91,666.00,29.11,28-04-23-09-33-44-663
113.62,18.04,666.00,26.75,28-04-23-09-33-44-694
113.00,17.41,666.00,24.95,28-04-23-09-33-44-733
111.75,17.36,666.00,22.91,28-04-23-09-33-44-764
110.55,16.93,666.00,20.02,28-04-23-09-33-44-798
109.23,16.45,666.00,16.84,28-04-23-09-33-44-832
107.68,14.73,666.00,14.64,28-04-23-09-33-44-863
106.42,13.14,666.00,12.54,28-04-23-09-33-44-894
105.52,11.65,666.00,10.97,28-04-23-09-33-44-927
104.93,9.63,666.00,10.79,28-04-23-09-33-44-963
102.47,3.83,666.00,8.90,28-04-23-09-33-44-995
101.47,2.13,666.00,7.77,28-04-23-09-33-45-030
100.83,1.44,666.00,6.53,28-04-23-09-33-45-062
100.51,0.68,666.00,7.50,28-04-23-09-33-45-097
100.45,-0.06,666.00,7.60,28-04-23-09-33-45-130
100.45,-0.67,666.00,8.34,28-04-23-09-33-45-164
100.48,-0.94,666.00,8.66,28-04-23-09-33-45-198
100.60,-1.40,666.00,9.11,28-04-23-09-33-45-232
100.63,-1.59,666.00,8.43,28-04-23-09-33-45-261
100.60,-1.63,666.00,9.01,28-04-23-09-33-45-298
100.54,-1.59,666.00,9.53,28-04-23-09-33-45-331
100.48,-1.48,666.00,9.79,28-04-23-09-33-45-365
100.42,-1.32,666.00,9.95,28-04-23-09-33-45-395
100.35,-1.15,666.00,9.97,28-04-23-09-33-45-431
100.29,-0.95,666.00,10.02,28-04-23-09-33-45-466
100.24,-0.77,666.00,9.98,28-04-23-09-33-45-497
100.15,-0.55,666.00,9.73,28-04-23-09-33-45-530
100.06,-0.27,666.00,9.80,28-04-23-09-33-45-566
99.96,0.06,666.00,10.48,28-04-23-09-33-45-593
99.81,0.59,666.00,12.05,28-04-23-09-33-45-631
99.66,1.71,666.00,12.58,28-04-23-09-33-45-662
99.32,4.08,666.00,11.04,28-04-23-09-33-45-696
99.17,6.10,666.00,10.10,28-04-23-09-33-45-730
99.15,7.88,666.00,11.51,28-04-23-09-33-45-764
99.16,10.08,666.00,13.21,28-04-23-09-33-45-796
99.13,12.06,666.00,12.68,28-04-23-09-33-45-827
99.01,14.00,666.00,12.03,28-04-23-09-33-45-862
98.88,15.54,666.00,13.33,28-04-23-09-33-45-897
100.00,20.91,666.00,9.63,28-04-23-09-33-45-931
100.40,23.23,666.00,10.31,28-04-23-09-33-45-961
100.49,24.44,666.00,10.67,28-04-23-09-33-45-996
100.53,25.28,666.00,12.19,28-04-23-09-33-46-031
100.57,26.19,666.00,14.56,28-04-23-09-33-46-064
100.50,27.99,666.00,17.76,28-04-23-09-33-46-099
100.28,29.62,666.00,16.85,28-04-23-09-33-46-130
99.68,33.08,666.00,14.20,28-04-23-09-33-46-164
99.56,36.67,666.00,11.17,28-04-23-09-33-46-199
99.72,38.59,666.00,13.00,28-04-23-09-33-46-232
100.41,40.63,666.00,15.02,28-04-23-09-33-46-263
100.76,42.73,666.00,15.73,28-04-23-09-33-46-297
101.21,45.19,666.00,19.72,28-04-23-09-33-46-331
101.42,46.74,666.00,20.86,28-04-23-09-33-46-363
101.57,47.81,666.00,22.87,28-04-23-09-33-46-402
102.45,49.25,666.00,25.58,28-04-23-09-33-46-430
103.43,50.44,666.00,29.43,28-04-23-09-33-46-463
104.01,50.97,-130.37,32.02,28-04-23-09-33-46-502
65.82,47.18,-22.91,45.57,28-04-23-09-33-46-532
54.55,39.70,-3.79,75.87,28-04-23-09-33-46-562
50.72,36.76,1.38,86.18,28-04-23-09-33-46-597
47.79,34.69,5.68,91.27,28-04-23-09-33-46-630
63.39,55.77,0.60,64.42,28-04-23-09-33-46-665
88.85,64.72,666.00,27.93,28-04-23-09-33-46-696
83.03,65.12,0.18,40.15,28-04-23-09-33-46-731
103.19,71.11,666.00,11.34,28-04-23-09-33-46-763
107.32,72.72,666.00,18.72,28-04-23-09-33-46-794
108.88,73.93,666.00,23.77,28-04-23-09-33-46-830
82.27,68.02,-1.75,40.77,28-04-23-09-33-46-864
95.11,70.67,666.00,16.24,28-04-23-09-33-46-895
97.73,70.05,666.00,10.81,28-04-23-09-33-46-932
100.05,69.07,666.00,8.07,28-04-23-09-33-46-966
101.68,67.98,666.00,6.27,28-04-23-09-33-46-996
102.87,66.69,666.00,6.63,28-04-23-09-33-47-029
103.63,65.48,666.00,7.77,28-04-23-09-33-47-063
104.13,64.19,666.00,8.51,28-04-23-09-33-47-098
104.43,62.88,666.00,8.74,28-04-23-09-33-47-128
104.41,61.47,666.00,12.09,28-04-23-09-33-47-164
104.32,59.35,666.00,13.63,28-04-23-09-33-47-198
82.89,52.39,8.14,40.94,28-04-23-09-33-47-232
91.34,48.96,666.00,28.85,28-04-23-09-33-47-264
104.98,38.64,666.00,19.78,28-04-23-09-33-47-294
109.84,32.37,-146.16,31.33,28-04-23-09-33-47-329
111.72,29.89,-159.95,33.16,28-04-23-09-33-47-363
110.68,28.21,-162.94,30.93,28-04-23-09-33-47-396
109.15,27.87,666.00,25.77,28-04-23-09-33-47-428
104.42,25.25,666.00,19.36,28-04-23-09-33-47-461
103.51,23.19,666.00,15.93,28-04-23-09-33-47-497
102.99,22.04,666.00,13.54,28-04-23-09-33-47-530
102.86,20.45,666.00,12.00,28-04-23-09-33-47-566
102.82,19.13,666.00,10.77,28-04-23-09-33-47-599
103.28,16.21,666.00,11.83,28-04-23-09-33-47-630
103.54,13.76,666.00,12.06,28-04-23-09-33-47-662
103.71,11.25,666.00,11.48,28-04-23-09-33-47-698
101.98,6.03,666.00,9.95,28-04-23-09-33-47-730
101.09,4.07,666.00,8.26,28-04-23-09-33-47-764
100.75,2.34,666.00,7.60,28-04-23-09-33-47-795
100.68,0.92,666.00,7.95,28-04-23-09-33-47-829
100.67,-0.15,666.00,7.09,28-04-23-09-33-47-862
100.85,-1.04,666.00,7.32,28-04-23-09-33-47-898
101.01,-1.50,666.00,7.94,28-04-23-09-33-47-928
101.12,-1.48,666.00,8.42,28-04-23-09-33-47-961
101.23,-1.28,666.00,8.56,28-04-23-09-33-47-995
101.33,-1.02,666.00,8.90,28-04-23-09-33-48-030
101.35,-0.67,666.00,9.15,28-04-23-09-33-48-060
101.27,-0.45,666.00,9.30,28-04-23-09-33-48-097
101.06,-0.32,666.00,9.21,28-04-23-09-33-48-131
100.69,-0.87,666.00,9.04,28-04-23-09-33-48-159
100.36,-1.25,666.00,8.79,28-04-23-09-33-48-196
100.12,-1.50,666.00,8.30,28-04-23-09-33-48-229
99.94,-1.67,666.00,8.12,28-04-23-09-33-48-260
99.78,-1.80,666.00,7.98,28-04-23-09-33-48-294
99.66,-1.97,666.00,7.91,28-04-23-09-33-48-331
99.56,-2.10,666.00,7.99,28-04-23-09-33-48-361
99.47,-2.03,666.00,8.27,28-04-23-09-33-48-398
99.41,-1.47,666.00,8.82,28-04-23-09-33-48-433
99.47,-0.46,666.00,13.12,28-04-23-09-33-48-460
99.72,1.74,666.00,12.88,28-04-23-09-33-48-498
100.03,3.95,666.00,12.12,28-04-23-09-33-48-528
100.39,5.94,666.00,11.37,28-04-23-09-33-48-563
100.83,9.57,666.00,9.69,28-04-23-09-33-48-594
100.96,11.73,666.00,9.93,28-04-23-09-33-48-630
101.05,13.47,666.00,12.08,28-04-23-09-33-48-664
101.07,14.69,666.00,13.13,28-04-23-09-33-48-695
101.05,16.03,666.00,12.79,28-04-23-09-33-48-730
101.06,17.44,666.00,12.65,28-04-23-09-33-48-761
101.02,18.47,666.00,13.32,28-04-23-09-33-48-797
101.00,20.16,666.00,12.15,28-04-23-09-33-48-828
100.86,21.60,666.00,15.41,28-04-23-09-33-48-864
101.64,26.74,666.00,7.99,28-04-23-09-33-48-897
101.96,29.04,666.00,7.91,28-04-23-09-33-48-930
102.00,30.56,666.00,8.53,28-04-23-09-33-48-963
101.88,31.70,666.00,8.79,28-04-23-09-33-48-998
101.43,34.74,666.00,9.60,28-04-23-09-33-49-030
101.16,37.04,666.00,8.98,28-04-23-09-33-49-063
100.85,38.63,666.00,9.78,28-04-23-09-33-49-096
100.63,39.78,666.00,13.26,28-04-23-09-33-49-129
100.54,42.46,666.00,12.12,28-04-23-09-33-49-164
100.42,43.47,666.00,14.77,28-04-23-09-33-49-199
100.02,45.23,666.00,16.98,28-04-23-09-33-49-231
99.28,48.33,666.00,14.56,28-04-23-09-33-49-262
99.28,50.53,666.00,15.19,28-04-23-09-33-49-296
99.86,52.33,666.00,16.80,28-04-23-09-33-49-329
100.41,53.22,666.00,19.23,28-04-23-09-33-49-362
100.98,55.08,666.00,21.37,28-04-23-09-33-49-397
101.69,55.78,666.00,24.24,28-04-23-09-33-49-431
69.26,55.60,666.00,22.76,28-04-23-09-33-49-465
49.16,54.36,-0.53,38.78,28-04-23-09-33-49-498
45.27,51.49,2.84,43.82,28-04-23-09-33-49-530
44.60,47.81,12.54,81.78,28-04-23-09-33-49-560
45.21,44.33,12.59,84.19,28-04-23-09-33-49-598
47.40,41.28,13.49,87.85,28-04-23-09-33-49-631
50.15,39.04,12.90,87.77,28-04-23-09-33-49-662
53.00,37.81,11.32,86.51,28-04-23-09-33-49-694
55.27,37.09,9.77,85.05,28-04-23-09-33-49-729
90.53,60.30,666.00,24.83,28-04-23-09-33-49-762
76.44,49.17,-12.30,48.70,28-04-23-09-33-49-795
99.18,64.95,666.00,7.71,28-04-23-09-33-49-830
105.58,70.13,666.00,20.61,28-04-23-09-33-49-861
76.89,52.47,-12.39,41.89,28-04-23-09-33-49-897
104.18,57.08,666.00,17.26,28-04-23-09-33-49-930
118.57,49.54,-157.95,41.57,28-04-23-09-33-49-962
118.01,44.27,-158.60,51.04,28-04-23-09-33-49-997
120.69,42.23,-163.38,56.96,28-04-23-09-33-50-032
122.33,40.90,-166.09,60.64,28-04-23-09-33-50-064
123.36,40.21,-167.81,62.83,28-04-23-09-33-50-096
123.92,40.17,-168.67,63.60,28-04-23-09-33-50-133
123.45,40.98,176.00,57.20,28-04-23-09-33-50-163
126.84,42.98,161.04,54.33,28-04-23-09-33-50-197
127.28,44.22,154.99,52.88,28-04-23-09-33-50-227
125.23,42.15,158.14,48.65,28-04-23-09-33-50-264
116.17,37.21,176.90,33.52,28-04-23-09-33-50-294
111.64,35.34,666.00,27.24,28-04-23-09-33-50-329
107.24,35.82,666.00,19.85,28-04-23-09-33-50-362
105.97,33.49,666.00,18.32,28-04-23-09-33-50-397
105.59,31.90,666.00,16.04,28-04-23-09-33-50-432
105.19,31.09,666.00,11.75,28-04-23-09-33-50-461
104.75,27.40,666.00,12.15,28-04-23-09-33-50-496
104.35,25.79,666.00,10.86,28-04-23-09-33-50-534
103.95,24.55,666.00,6.01,28-04-23-09-33-50-564
103.75,22.64,666.00,3.61,28-04-23-09-33-50-594
103.79,19.93,666.00,4.54,28-04-23-09-33-50-628
103.91,15.84,666.00,6.53,28-04-23-09-33-50-661
103.92,12.52,666.00,8.33,28-04-23-09-33-50-697
103.74,9.16,666.00,9.77,28-04-23-09-33-50-727
102.13,4.10,666.00,10.51,28-04-23-09-33-50-764
101.43,2.62,666.00,9.33,28-04-23-09-33-50-796
100.98,2.05,666.00,7.63,28-04-23-09-33-50-830
100.84,0.20,666.00,7.90,28-04-23-09-33-50-864
100.83,-1.45,666.00,8.91,28-04-23-09-33-50-895
100.86,-2.49,666.00,9.66,28-04-23-09-33-50-927
100.83,-3.06,666.00,9.96,28-04-23-09-33-50-964
100.73,-3.29,666.00,9.88,28-04-23-09-33-50-997
100.65,-3.56,666.00,9.86,28-04-23-09-33-51-030
100.58,-3.52,666.00,9.48,28-04-23-09-33-51-064
100.44,-3.04,666.00,8.04,28-04-23-09-33-51-100
100.31,-2.52,666.00,7.50,28-04-23-09-33-51-132
100.17,-2.00,666.00,7.26,28-04-23-09-33-51-166
100.06,-1.54,666.00,7.20,28-04-23-09-33-51-200
99.97,-1.13,666.00,7.10,28-04-23-09-33-51-231
99.90,-0.76,666.00,7.07,28-04-23-09-33-51-262
99.84,-0.42,666.00,7.13,28-04-23-09-33-51-295
99.79,-0.12,666.00,7.34,28-04-23-09-33-51-331
99.74,0.23,666.00,7.73,28-04-23-09-33-51-366
99.70,0.62,666.00,8.20,28-04-23-09-33-51-396
99.66,1.01,666.00,8.81,28-04-23-09-33-51-430
99.64,1.46,666.00,9.42,28-04-23-09-33-51-463
99.64,1.89,666.00,10.02,28-04-23-09-33-51-496
99.58,3.46,666.00,9.08,28-04-23-09-33-51-531
99.51,4.57,666.00,8.51,28-04-23-09-33-51-564
99.57,5.52,666.00,8.61,28-04-23-09-33-51-595
99.54,7.42,666.00,8.12,28-04-23-09-33-51-630
100.49,10.20,666.00,8.01,28-04-23-09-33-51-662
99.93,14.12,666.00,6.15,28-04-23-09-33-51-699
99.70,15.71,666.00,5.72,28-04-23-09-33-51-731
99.66,17.14,666.00,10.24,28-04-23-09-33-51-765
100.92,20.30,666.00,10.57,28-04-23-09-33-51-797
101.55,21.91,666.00,13.41,28-04-23-09-33-51-833
101.91,23.09,666.00,14.54,28-04-23-09-33-51-865
102.10,24.56,666.00,15.20,28-04-23-09-33-51-895
102.15,26.55,666.00,18.18,28-04-23-09-33-51-930
102.03,30.37,666.00,15.14,28-04-23-09-33-51-963
102.04,33.93,666.00,13.16,28-04-23-09-33-51-998
102.15,36.38,666.00,12.74,28-04-23-09-33-52-031
102.38,38.59,666.00,12.35,28-04-23-09-33-52-063
102.59,41.97,666.00,11.13,28-04-23-09-33-52-097
102.88,43.88,666.00,10.78,28-04-23-09-33-52-129
103.12,45.29,666.00,11.84,28-04-23-09-33-52-162
102.88,51.73,666.00,6.61,28-04-23-09-33-52-194
103.42,54.23,666.00,8.56,28-04-23-09-33-52-230
103.98,54.78,666.00,10.12,28-04-23-09-33-52-262
104.36,54.72,666.00,13.80,28-04-23-09-33-52-297
104.61,54.45,666.00,17.19,28-04-23-09-33-52-329
104.81,54.00,666.00,22.44,28-04-23-09-33-52-365
105.70,53.55,-130.26,30.01,28-04-23-09-33-52-394
105.99,53.05,-131.34,30.77,28-04-23-09-33-52-429
106.58,51.74,-131.71,31.46,28-04-23-09-33-52-463
80.97,51.29,666.00,29.88,28-04-23-09-33-52-498
56.67,50.54,-9.08,45.40,28-04-23-09-33-52-531
51.57,48.80,-1.70,50.01,28-04-23-09-33-52-566
49.33,47.05,7.89,84.13,28-04-23-09-33-52-598
49.63,47.24,5.90,82.31,28-04-23-09-33-52-632
51.65,47.97,4.90,83.55,28-04-23-09-33-52-665
54.66,48.72,2.94,82.32,28-04-23-09-33-52-699
57.41,49.28,0.95,80.38,28-04-23-09-33-52-730
59.68,49.62,-1.10,84.78,28-04-23-09-33-52-764
109.71,60.57,666.00,19.95,28-04-23-09-33-52-796
127.55,60.63,-172.20,43.89,28-04-23-09-33-52-828
137.95,61.56,175.21,63.50,28-04-23-09-33-52-864
142.57,62.03,170.72,72.77,28-04-23-09-33-52-899
144.75,61.35,168.49,76.44,28-04-23-09-33-52-929
140.76,62.63,159.90,68.22,28-04-23-09-33-52-962
125.89,57.98,172.62,43.18,28-04-23-09-33-52-997
122.93,56.51,173.11,36.28,28-04-23-09-33-53-030
120.72,54.47,178.00,33.42,28-04-23-09-33-53-064
119.06,53.97,178.79,30.90,28-04-23-09-33-53-096
117.64,54.04,666.00,28.33,28-04-23-09-33-53-129
116.58,53.81,666.00,26.17,28-04-23-09-33-53-162
115.69,53.89,666.00,23.81,28-04-23-09-33-53-199
114.42,53.78,666.00,24.30,28-04-23-09-33-53-231
119.04,53.25,141.55,34.16,28-04-23-09-33-53-260
119.30,53.54,136.75,35.86,28-04-23-09-33-53-298
119.27,53.81,126.34,42.44,28-04-23-09-33-53-331
117.76,40.34,155.21,31.93,28-04-23-09-33-53-361
117.72,31.30,172.34,34.63,28-04-23-09-33-53-398
112.93,25.82,666.00,27.49,28-04-23-09-33-53-432
111.07,23.66,666.00,25.56,28-04-23-09-33-53-464
109.66,22.56,666.00,22.31,28-04-23-09-33-53-499
108.66,21.92,666.00,18.49,28-04-23-09-33-53-532
108.02,21.55,666.00,14.23,28-04-23-09-33-53-565
107.63,20.61,666.00,10.69,28-04-23-09-33-53-605
107.54,19.43,666.00,8.97,28-04-23-09-33-53-632
107.08,17.63,666.00,7.72,28-04-23-09-33-53-663
106.73,15.47,666.00,8.52,28-04-23-09-33-53-698
106.38,13.64,666.00,8.05,28-04-23-09-33-53-731
106.16,11.73,666.00,8.52,28-04-23-09-33-53-762
106.03,6.82,666.00,10.19,28-04-23-09-33-53-796
105.57,4.99,666.00,10.12,28-04-23-09-33-53-828
105.17,4.07,666.00,10.04,28-04-23-09-33-53-864
104.80,3.21,666.00,10.29,28-04-23-09-33-53-897
104.38,2.06,666.00,9.50,28-04-23-09-33-53-931
104.38,-1.55,666.00,8.76,28-04-23-09-33-53-961
104.01,-2.89,666.00,8.78,28-04-23-09-33-53-994
103.68,-3.65,666.00,8.46,28-04-23-09-33-54-030
103.39,-4.08,666.00,7.80,28-04-23-09-33-54-066
103.12,-4.34,666.00,7.89,28-04-23-09-33-54-098
102.97,-4.64,666.00,7.84,28-04-23-09-33-54-135
102.87,-4.98,666.00,7.89,28-04-23-09-33-54-164
102.79,-5.22,666.00,8.14,28-04-23-09-33-54-195
102.67,-5.47,666.00,8.49,28-04-23-09-33-54-234
102.56,-5.65,666.00,8.75,28-04-23-09-33-54-265
102.39,-5.94,666.00,9.54,28-04-23-09-33-54-294
102.19,-6.19,666.00,10.00,28-04-23-09-33-54-327
102.00,-6.29,666.00,10.30,28-04-23-09-33-54-364
101.80,-6.25,666.00,10.47,28-04-23-09-33-54-396
101.62,-6.12,666.00,10.63,28-04-23-09-33-54-432
101.44,-5.94,666.00,11.32,28-04-23-09-33-54-464
101.25,-5.71,666.00,14.42,28-04-23-09-33-54-497
101.05,-5.43,666.00,18.05,28-04-23-09-33-54-530
100.83,-5.07,666.00,19.62,28-04-23-09-33-54-563
100.58,-4.51,666.00,15.86,28-04-23-09-33-54-593
100.08,-3.44,666.00,14.49,28-04-23-09-33-54-630
99.34,-1.66,666.00,11.73,28-04-23-09-33-54-664
98.77,-0.14,666.00,10.03,28-04-23-09-33-54-695
98.16,1.35,666.00,12.22,28-04-23-09-33-54-728
97.61,2.55,666.00,13.74,28-04-23-09-33-54-764
97.04,3.80,666.00,13.98,28-04-23-09-33-54-797
96.47,5.24,666.00,11.28,28-04-23-09-33-54-831
96.02,6.65,666.00,10.86,28-04-23-09-33-54-865
95.66,7.97,666.00,13.11,28-04-23-09-33-54-897
95.18,10.68,666.00,10.69,28-04-23-09-33-54-929
94.80,13.06,666.00,10.62,28-04-23-09-33-54-963
95.41,18.88,666.00,6.76,28-04-23-09-33-54-995
95.77,21.33,666.00,8.31,28-04-23-09-33-55-031
96.09,23.64,666.00,10.81,28-04-23-09-33-55-063
96.68,25.23,666.00,13.11,28-04-23-09-33-55-096
97.38,27.45,666.00,17.11,28-04-23-09-33-55-129
97.93,29.98,666.00,17.53,28-04-23-09-33-55-160
98.63,33.40,666.00,18.88,28-04-23-09-33-55-195
98.67,37.00,666.00,19.59,28-04-23-09-33-55-229
98.86,38.73,666.00,24.34,28-04-23-09-33-55-260
98.90,40.19,666.00,26.43,28-04-23-09-33-55-296
99.24,41.81,-114.04,33.76,28-04-23-09-33-55-332
101.09,43.59,-122.76,37.72,28-04-23-09-33-55-364
107.66,45.12,-143.60,43.81,28-04-23-09-33-55-397
66.06,52.64,-7.43,49.66,28-04-23-09-33-55-433
46.74,57.38,13.29,77.74,28-04-23-09-33-55-465
45.23,54.66,15.21,86.04,28-04-23-09-33-55-496
43.44,54.17,16.88,90.53,28-04-23-09-33-55-531
48.21,50.87,12.68,87.70,28-04-23-09-33-55-562
49.32,49.39,11.17,87.41,28-04-23-09-33-55-594
49.12,48.76,11.22,87.69,28-04-23-09-33-55-627
48.92,48.43,11.07,87.01,28-04-23-09-33-55-662
50.76,46.78,9.65,84.96,28-04-23-09-33-55-694
69.46,47.88,-7.35,67.45,28-04-23-09-33-55-729
59.81,47.02,-0.71,76.36,28-04-23-09-33-55-765
60.68,45.80,-3.34,74.45,28-04-23-09-33-55-794
60.37,45.55,-4.29,73.06,28-04-23-09-33-55-830
60.63,46.01,-3.58,72.36,28-04-23-09-33-55-860
60.90,46.20,-2.91,71.91,28-04-23-09-33-55-896
61.20,45.99,1.06,70.28,28-04-23-09-33-55-932
61.26,46.04,4.67,68.88,28-04-23-09-33-55-963
61.17,46.42,8.28,67.05,28-04-23-09-33-55-998
60.96,46.86,9.38,66.54,28-04-23-09-33-56-031
59.90,47.31,14.84,67.11,28-04-23-09-33-56-065
60.30,48.17,17.92,66.17,28-04-23-09-33-56-094
62.09,48.50,21.92,68.16,28-04-23-09-33-56-135
99.04,42.47,666.00,8.74,28-04-23-09-33-56-165
112.03,37.37,666.00,27.07,28-04-23-09-33-56-197
118.66,34.77,165.32,43.11,28-04-23-09-33-56-232
112.15,30.18,-174.89,32.98,28-04-23-09-33-56-266
112.30,27.25,-178.73,33.39,28-04-23-09-33-56-293
110.49,25.75,666.00,29.87,28-04-23-09-33-56-330
108.29,24.85,666.00,25.93,28-04-23-09-33-56-363
106.66,24.40,666.00,20.13,28-04-23-09-33-56-398
104.53,22.76,666.00,16.82,28-04-23-09-33-56-430
103.08,20.17,666.00,14.74,28-04-23-09-33-56-463
102.17,18.49,666.00,12.20,28-04-23-09-33-56-496
101.59,17.06,666.00,10.33,28-04-23-09-33-56-530
101.31,15.71,666.00,9.11,28-04-23-09-33-56-561
101.42,13.93,666.00,8.69,28-04-23-09-33-56-596
101.22,11.08,666.00,9.68,28-04-23-09-33-56-630
100.55,7.68,666.00,10.46,28-04-23-09-33-56-663
100.29,6.34,666.00,7.47,28-04-23-09-33-56-695
100.06,5.57,666.00,6.31,28-04-23-09-33-56-728
100.03,4.45,666.00,7.04,28-04-23-09-33-56-763
100.02,3.67,666.00,7.60,28-04-23-09-33-56-794
100.05,2.99,666.00,5.20,28-04-23-09-33-56-831
100.11,2.55,666.00,5.60,28-04-23-09-33-56-860
100.23,2.24,666.00,5.98,28-04-23-09-33-56-897
100.33,2.00,666.00,6.35,28-04-23-09-33-56-931
100.39,1.56,666.00,6.93,28-04-23-09-33-56-966
100.41,1.27,666.00,7.36,28-04-23-09-33-56-996
100.40,1.17,666.00,8.08,28-04-23-09-33-57-031
100.36,1.10,666.00,8.65,28-04-23-09-33-57-064
100.27,1.12,666.00,9.06,28-04-23-09-33-57-095
100.18,1.25,666.00,9.35,28-04-23-09-33-57-129
100.09,1.41,666.00,9.58,28-04-23-09-33-57-166
100.00,1.58,666.00,9.76,28-04-23-09-33-57-195
99.92,1.76,666.00,9.89,28-04-23-09-33-57-228
99.86,1.95,666.00,10.00,28-04-23-09-33-57-264
99.80,2.13,666.00,10.10,28-04-23-09-33-57-299
99.74,2.31,666.00,10.22,28-04-23-09-33-57-330
99.69,2.48,666.00,10.33,28-04-23-09-33-57-365
99.63,2.64,666.00,10.47,28-04-23-09-33-57-396
99.56,2.85,666.00,10.65,28-04-23-09-33-57-429
99.48,3.10,666.00,10.85,28-04-23-09-33-57-463
99.38,3.37,666.00,11.14,28-04-23-09-33-57-497
99.33,3.66,666.00,11.31,28-04-23-09-33-57-529
99.27,4.01,666.00,11.36,28-04-23-09-33-57-565
99.18,4.37,666.00,11.36,28-04-23-09-33-57-599
99.01,4.98,666.00,11.05,28-04-23-09-33-57-629
98.84,5.68,666.00,10.75,28-04-23-09-33-57-663
98.67,6.41,666.00,10.46,28-04-23-09-33-57-700
98.50,7.29,666.00,10.39,28-04-23-09-33-57-730
98.36,8.52,666.00,9.97,28-04-23-09-33-57-764
98.27,9.82,666.00,14.60,28-04-23-09-33-57-794
98.16,11.31,666.00,18.93,28-04-23-09-33-57-830
98.05,12.63,666.00,20.38,28-04-23-09-33-57-860
97.55,16.45,666.00,16.69,28-04-23-09-33-57-894
97.15,19.74,666.00,14.46,28-04-23-09-33-57-930
96.78,22.86,666.00,12.91,28-04-23-09-33-57-964
96.43,25.39,666.00,14.15,28-04-23-09-33-57-996
96.95,29.98,666.00,10.80,28-04-23-09-33-58-030
97.23,32.36,666.00,11.89,28-04-23-09-33-58-063
97.45,34.58,666.00,11.54,28-04-23-09-33-58-095
97.67,35.98,666.00,11.95,28-04-23-09-33-58-131
97.99,37.25,666.00,13.52,28-04-23-09-33-58-163
98.09,39.94,666.00,13.36,28-04-23-09-33-58-198
98.29,41.16,666.00,15.84,28-04-23-09-33-58-232
98.82,44.29,666.00,14.13,28-04-23-09-33-58-262
99.69,46.71,666.00,14.54,28-04-23-09-33-58-296
102.10,55.33,666.00,13.54,28-04-23-09-33-58-330
103.02,57.66,666.00,16.64,28-04-23-09-33-58-363
104.10,58.47,666.00,19.84,28-04-23-09-33-58-393
104.74,58.58,-161.96,31.09,28-04-23-09-33-58-431
105.85,58.22,-163.21,35.43,28-04-23-09-33-58-463
76.28,56.27,666.00,15.01,28-04-23-09-33-58-496
56.92,54.57,666.00,21.46,28-04-23-09-33-58-530
52.56,49.37,6.92,76.36,28-04-23-09-33-58-563
49.98,46.35,8.71,80.79,28-04-23-09-33-58-598
49.80,44.29,11.92,87.99,28-04-23-09-33-58-631
105.43,53.13,666.00,26.67,28-04-23-09-33-58-662
111.01,56.44,666.00,27.71,28-04-23-09-33-58-700
119.13,62.11,-143.19,34.60,28-04-23-09-33-58-730
118.95,62.46,-134.34,35.12,28-04-23-09-33-58-763
119.35,62.48,-135.71,35.93,28-04-23-09-33-58-796
119.50,62.66,-138.07,36.27,28-04-23-09-33-58-828
118.49,62.18,-136.95,34.57,28-04-23-09-33-58-861
117.10,61.67,-138.79,32.20,28-04-23-09-33-58-894
116.05,60.59,666.00,28.83,28-04-23-09-33-58-930
115.26,58.80,666.00,26.22,28-04-23-09-33-58-964
109.76,56.89,666.00,16.76,28-04-23-09-33-58-997
110.29,56.16,666.00,9.00,28-04-23-09-33-59-029
110.07,55.22,666.00,6.48,28-04-23-09-33-59-062
109.73,54.62,666.00,6.31,28-04-23-09-33-59-096
109.42,54.61,666.00,8.38,28-04-23-09-33-59-132
108.88,54.92,666.00,10.75,28-04-23-09-33-59-164
108.24,55.46,666.00,13.55,28-04-23-09-33-59-196
113.47,54.88,666.00,29.42,28-04-23-09-33-59-231
114.08,56.42,138.24,34.83,28-04-23-09-33-59-265
114.11,58.10,131.38,39.05,28-04-23-09-33-59-294
112.63,60.43,123.94,42.51,28-04-23-09-33-59-330
111.74,62.60,107.02,56.30,28-04-23-09-33-59-363
111.23,63.89,105.02,60.24,28-04-23-09-33-59-397
111.14,64.82,101.98,73.07,28-04-23-09-33-59-431
104.28,35.39,666.00,17.55,28-04-23-09-33-59-465
104.37,22.39,666.00,24.11,28-04-23-09-33-59-496
102.16,12.61,-158.63,35.04,28-04-23-09-33-59-533
99.55,10.22,-150.67,35.23,28-04-23-09-33-59-565
98.04,9.49,-145.12,32.00,28-04-23-09-33-59-593
96.81,6.36,-147.41,32.66,28-04-23-09-33-59-628
96.30,6.62,666.00,25.50,28-04-23-09-33-59-662
96.21,6.88,666.00,19.26,28-04-23-09-33-59-696
96.59,7.05,666.00,13.60,28-04-23-09-33-59-730
97.06,6.65,666.00,8.91,28-04-23-09-33-59-763
97.40,6.20,666.00,4.99,28-04-23-09-33-59-799
97.72,5.75,666.00,4.90,28-04-23-09-33-59-828
98.05,4.95,666.00,5.73,28-04-23-09-33-59-864
98.17,4.06,666.00,6.02,28-04-23-09-33-59-901
98.07,2.91,666.00,6.95,28-04-23-09-33-59-929
97.92,2.36,666.00,8.01,28-04-23-09-33-59-963
97.69,2.06,666.00,8.51,28-04-23-09-33-59-998
97.41,1.86,666.00,8.69,28-04-23-09-34-00-030
97.03,1.78,666.00,8.58,28-04-23-09-34-00-061
96.61,1.75,666.00,8.78,28-04-23-09-34-00-096
96.11,1.94,666.00,8.95,28-04-23-09-34-00-130
95.68,2.33,666.00,9.14,28-04-23-09-34-00-162
95.13,2.67,666.00,9.26,28-04-23-09-34-00-195
94.66,3.12,666.00,9.25,28-04-23-09-34-00-228
94.28,3.69,666.00,9.17,28-04-23-09-34-00-263
93.97,4.26,666.00,9.01,28-04-23-09-34-00-297
93.71,4.81,666.00,8.83,28-04-23-09-34-00-329
93.49,5.34,666.00,8.64,28-04-23-09-34-00-363
93.33,5.80,666.00,8.49,28-04-23-09-34-00-397
93.20,6.19,666.00,8.33,28-04-23-09-34-00-433
93.11,6.56,666.00,8.09,28-04-23-09-34-00-466
93.05,6.87,666.00,8.02,28-04-23-09-34-00-498
93.05,7.24,666.00,7.90,28-04-23-09-34-00-531
93.07,7.58,666.00,7.76,28-04-23-09-34-00-561
93.13,7.96,666.00,7.61,28-04-23-09-34-00-600
93.19,8.37,666.00,7.48,28-04-23-09-34-00-628
93.27,8.80,666.00,7.88,28-04-23-09-34-00-663
93.37,9.45,666.00,8.75,28-04-23-09-34-00-696
93.49,10.13,666.00,13.22,28-04-23-09-34-00-733
93.61,10.92,666.00,17.92,28-04-23-09-34-00-761
93.88,13.19,666.00,15.73,28-04-23-09-34-00-794
94.15,14.93,666.00,13.71,28-04-23-09-34-00-831
94.43,16.54,666.00,12.08,28-04-23-09-34-00-863
94.67,17.76,666.00,11.61,28-04-23-09-34-00-895
95.05,18.77,666.00,11.17,28-04-23-09-34-00-930
95.68,20.12,666.00,9.66,28-04-23-09-34-00-964
96.16,20.95,666.00,9.33,28-04-23-09-34-00-994
97.63,24.84,666.00,7.11,28-04-23-09-34-01-030
98.39,26.28,666.00,7.95,28-04-23-09-34-01-065
98.92,27.04,666.00,11.88,28-04-23-09-34-01-099
99.34,27.90,666.00,12.64,28-04-23-09-34-01-129
100.05,29.47,666.00,15.34,28-04-23-09-34-01-168
100.79,33.31,666.00,11.28,28-04-23-09-34-01-193
101.19,36.05,666.00,13.82,28-04-23-09-34-01-232
101.58,38.90,666.00,14.35,28-04-23-09-34-01-266
101.95,42.84,666.00,12.40,28-04-23-09-34-01-297
102.33,45.37,666.00,12.93,28-04-23-09-34-01-332
102.38,48.39,666.00,11.15,28-04-23-09-34-01-364
101.86,51.93,666.00,12.19,28-04-23-09-34-01-394
101.77,52.68,666.00,17.04,28-04-23-09-34-01-432
101.73,52.64,666.00,22.96,28-04-23-09-34-01-465
101.77,52.15,666.00,27.29,28-04-23-09-34-01-494
101.78,51.36,-110.20,31.34,28-04-23-09-34-01-529
101.39,50.86,-110.14,33.19,28-04-23-09-34-01-563
100.95,50.03,-108.25,34.33,28-04-23-09-34-01-597
78.09,52.03,-47.71,34.19,28-04-23-09-34-01-628
69.08,51.59,-20.09,47.42,28-04-23-09-34-01-663
63.65,49.04,-13.47,61.12,28-04-23-09-34-01-695
63.81,42.91,-10.22,70.87,28-04-23-09-34-01-728
63.06,38.63,-7.13,75.60,28-04-23-09-34-01-761
63.31,43.01,-7.60,74.22,28-04-23-09-34-01-794
70.05,50.20,-18.28,60.82,28-04-23-09-34-01-831
73.24,52.24,-23.62,57.35,28-04-23-09-34-01-862
101.18,60.92,666.00,17.23,28-04-23-09-34-01-898
110.79,66.71,666.00,21.19,28-04-23-09-34-01-928
116.46,67.68,-177.75,35.17,28-04-23-09-34-01-963
120.03,64.38,-174.10,36.17,28-04-23-09-34-01-996
122.86,63.52,-179.57,40.17,28-04-23-09-34-02-028
118.34,59.84,-167.93,36.49,28-04-23-09-34-02-065
107.40,58.02,666.00,20.01,28-04-23-09-34-02-094
106.11,56.05,666.00,13.47,28-04-23-09-34-02-129
105.38,54.06,666.00,8.86,28-04-23-09-34-02-164
105.66,52.46,666.00,5.97,28-04-23-09-34-02-197
106.74,51.52,666.00,3.46,28-04-23-09-34-02-229
108.09,51.00,666.00,4.28,28-04-23-09-34-02-261
109.09,51.39,666.00,8.18,28-04-23-09-34-02-297
109.80,51.84,666.00,13.08,28-04-23-09-34-02-332
108.80,53.07,666.00,18.43,28-04-23-09-34-02-363
111.33,53.40,666.00,29.20,28-04-23-09-34-02-398
115.67,37.49,666.00,28.07,28-04-23-09-34-02-430
117.79,26.80,169.21,34.65,28-04-23-09-34-02-463
117.46,18.85,170.66,37.52,28-04-23-09-34-02-498
115.81,16.35,170.53,34.63,28-04-23-09-34-02-529
112.97,14.10,177.09,31.44,28-04-23-09-34-02-560
111.01,13.38,666.00,26.97,28-04-23-09-34-02-594
105.81,13.12,666.00,19.28,28-04-23-09-34-02-630
104.33,12.77,666.00,13.75,28-04-23-09-34-02-663
103.43,12.05,666.00,9.47,28-04-23-09-34-02-694
103.28,9.38,666.00,8.37,28-04-23-09-34-02-730
103.23,7.44,666.00,8.22,28-04-23-09-34-02-766
103.60,4.96,666.00,9.66,28-04-23-09-34-02-796
102.35,0.18,666.00,12.04,28-04-23-09-34-02-830
101.83,-0.52,666.00,10.01,28-04-23-09-34-02-863
101.55,-0.27,666.00,6.93,28-04-23-09-34-02-894
101.43,0.14,666.00,4.89,28-04-23-09-34-02-931
101.51,0.48,666.00,3.65,28-04-23-09-34-02-964
101.85,0.35,666.00,5.05,28-04-23-09-34-02-995
102.61,-1.41,666.00,5.89,28-04-23-09-34-03-035
103.14,-2.30,666.00,5.91,28-04-23-09-34-03-062
103.39,-2.19,666.00,6.72,28-04-23-09-34-03-096
103.59,-2.32,666.00,7.77,28-04-23-09-34-03-131
103.74,-2.51,666.00,8.50,28-04-23-09-34-03-164
103.86,-2.29,666.00,8.13,28-04-23-09-34-03-194
104.06,-2.19,666.00,8.32,28-04-23-09-34-03-230
104.19,-1.89,666.00,8.30,28-04-23-09-34-03-261
104.23,-1.28,666.00,8.11,28-04-23-09-34-03-296
104.19,-1.04,666.00,8.17,28-04-23-09-34-03-330
104.15,-0.79,666.00,8.18,28-04-23-09-34-03-363
104.10,-0.49,666.00,8.20,28-04-23-09-34-03-398
104.03,-0.19,666.00,8.19,28-04-23-09-34-03-431
103.98,0.13,666.00,8.16,28-04-23-09-34-03-463
103.92,0.40,666.00,8.17,28-04-23-09-34-03-495
103.74,0.26,666.00,8.57,28-04-23-09-34-03-531
103.59,0.26,666.00,9.05,28-04-23-09-34-03-562
103.44,0.23,666.00,9.94,28-04-23-09-34-03-596
103.33,0.34,666.00,10.64,28-04-23-09-34-03-629
103.19,0.76,666.00,10.85,28-04-23-09-34-03-662
103.05,1.31,666.00,10.77,28-04-23-09-34-03-695
102.89,2.09,666.00,13.61,28-04-23-09-34-03-728
102.70,3.32,666.00,13.56,28-04-23-09-34-03-762
102.48,4.68,666.00,12.78,28-04-23-09-34-03-795
102.22,6.17,666.00,12.92,28-04-23-09-34-03-831
101.96,7.92,666.00,13.09,28-04-23-09-34-03-863
101.67,10.11,666.00,12.89,28-04-23-09-34-03-896
101.04,14.03,666.00,9.25,28-04-23-09-34-03-929
100.63,16.16,666.00,12.53,28-04-23-09-34-03-964
100.34,18.19,666.00,16.52,28-04-23-09-34-03-999
99.79,21.03,666.00,15.96,28-04-23-09-34-04-030
99.38,23.58,666.00,14.55,28-04-23-09-34-04-064
99.14,27.73,666.00,11.04,28-04-23-09-34-04-098
99.06,29.73,666.00,11.89,28-04-23-09-34-04-131
98.94,31.81,666.00,13.07,28-04-23-09-34-04-164
98.79,34.28,666.00,11.82,28-04-23-09-34-04-197
98.70,37.37,666.00,11.71,28-04-23-09-34-04-228
98.81,39.54,666.00,13.14,28-04-23-09-34-04-263
98.94,41.71,666.00,16.81,28-04-23-09-34-04-296
99.06,45.77,666.00,14.28,28-04-23-09-34-04-330
99.28,52.30,666.00,12.35,28-04-23-09-34-04-359
99.93,61.10,666.00,14.96,28-04-23-09-34-04-397
100.02,63.91,666.00,11.40,28-04-23-09-34-04-428
99.61,65.70,666.00,11.78,28-04-23-09-34-04-463
101.82,67.76,666.00,17.51,28-04-23-09-34-04-496
103.07,68.63,666.00,20.41,28-04-23-09-34-04-529
103.80,68.86,666.00,22.19,28-04-23-09-34-04-561
65.17,76.68,28.90,33.44,28-04-23-09-34-04-594
58.01,76.18,24.76,46.30,28-04-23-09-34-04-631
60.74,61.93,12.42,45.40,28-04-23-09-34-04-664
60.13,63.24,17.27,42.01,28-04-23-09-34-04-699
89.38,64.76,666.00,23.88,28-04-23-09-34-04-732
77.66,65.09,666.00,10.09,28-04-23-09-34-04-764
74.09,65.33,666.00,15.13,28-04-23-09-34-04-797
71.00,65.51,666.00,21.18,28-04-23-09-34-04-834
69.40,65.06,666.00,25.55,28-04-23-09-34-04-861
68.11,64.58,666.00,29.63,28-04-23-09-34-04-897
67.18,63.92,33.25,32.51,28-04-23-09-34-04-930
89.14,63.75,666.00,22.34,28-04-23-09-34-04-964
74.18,59.84,666.00,18.63,28-04-23-09-34-04-995
70.96,57.39,666.00,24.30,28-04-23-09-34-05-030
65.99,54.18,16.39,34.09,28-04-23-09-34-05-065
86.47,52.70,666.00,11.94,28-04-23-09-34-05-096
97.41,51.45,169.34,39.65,28-04-23-09-34-05-130
74.17,46.94,666.00,11.70,28-04-23-09-34-05-165
92.67,45.81,-172.70,30.35,28-04-23-09-34-05-196
73.49,42.24,666.00,14.18,28-04-23-09-34-05-233
65.46,38.73,666.00,29.70,28-04-23-09-34-05-264
61.12,37.01,10.55,37.59,28-04-23-09-34-05-294
81.38,31.99,666.00,24.98,28-04-23-09-34-05-333
98.23,23.68,666.00,13.94,28-04-23-09-34-05-364
108.64,17.88,666.00,25.10,28-04-23-09-34-05-397
111.53,16.19,148.51,32.67,28-04-23-09-34-05-430
109.19,14.43,666.00,26.93,28-04-23-09-34-05-462
106.99,11.27,666.00,25.13,28-04-23-09-34-05-496
104.44,8.12,666.00,24.49,28-04-23-09-34-05-528
102.98,6.42,666.00,24.54,28-04-23-09-34-05-563
101.72,5.19,666.00,23.08,28-04-23-09-34-05-597
100.70,5.13,666.00,20.74,28-04-23-09-34-05-631
96.08,1.17,666.00,15.00,28-04-23-09-34-05-663
94.25,0.85,666.00,11.91,28-04-23-09-34-05-698
93.09,0.85,666.00,7.20,28-04-23-09-34-05-729
92.29,1.13,666.00,1.82,28-04-23-09-34-05-762
91.86,0.30,666.00,0.43,28-04-23-09-34-05-794
91.44,-0.19,666.00,1.82,28-04-23-09-34-05-828
91.10,-0.82,666.00,2.66,28-04-23-09-34-05-862
90.76,-0.81,666.00,6.17,28-04-23-09-34-05-895
90.41,-0.75,666.00,7.20,28-04-23-09-34-05-930
89.96,-9.71,666.00,13.95,28-04-23-09-34-05-960
88.85,-16.16,666.00,23.91,28-04-23-09-34-05-995
88.24,-18.25,666.00,29.04,28-04-23-09-34-06-029
87.48,-19.07,81.58,32.06,28-04-23-09-34-06-062
86.69,-19.21,81.00,32.04,28-04-23-09-34-06-097
86.12,-18.89,80.51,31.88,28-04-23-09-34-06-129
85.63,-17.83,79.80,30.48,28-04-23-09-34-06-161
85.25,-16.38,666.00,29.26,28-04-23-09-34-06-194
85.74,-7.49,666.00,14.18,28-04-23-09-34-06-235
85.77,-4.92,666.00,11.95,28-04-23-09-34-06-263
85.89,-3.52,666.00,11.07,28-04-23-09-34-06-295
86.23,-2.15,666.00,9.56,28-04-23-09-34-06-329
86.61,-1.14,666.00,8.58,28-04-23-09-34-06-363
87.04,-0.32,666.00,7.74,28-04-23-09-34-06-399
87.42,0.37,666.00,7.14,28-04-23-09-34-06-428
87.80,1.16,666.00,6.48,28-04-23-09-34-06-464
88.16,1.90,666.00,6.95,28-04-23-09-34-06-501
88.50,3.10,666.00,6.80,28-04-23-09-34-06-529
88.78,3.97,666.00,7.64,28-04-23-09-34-06-564
89.02,5.06,666.00,7.37,28-04-23-09-34-06-599
89.28,5.83,666.00,7.34,28-04-23-09-34-06-631
89.53,6.51,666.00,7.72,28-04-23-09-34-06-665
89.77,7.25,666.00,8.39,28-04-23-09-34-06-699
90.00,8.50,666.00,8.79,28-04-23-09-34-06-732
90.22,9.59,666.00,9.09,28-04-23-09-34-06-764
90.46,10.90,666.00,9.85,28-04-23-09-34-06-799
90.65,11.71,666.00,10.68,28-04-23-09-34-06-829
90.73,12.99,666.00,12.33,28-04-23-09-34-06-864
90.37,15.69,666.00,13.52,28-04-23-09-34-06-894
90.16,17.35,666.00,15.00,28-04-23-09-34-06-927
90.15,20.25,666.00,12.87,28-04-23-09-34-06-962
90.17,23.05,666.00,11.49,28-04-23-09-34-06-995
90.48,27.48,666.00,9.11,28-04-23-09-34-07-028
90.75,28.87,666.00,11.18,28-04-23-09-34-07-067
91.11,30.07,666.00,10.43,28-04-23-09-34-07-094
91.67,31.91,666.00,9.88,28-04-23-09-34-07-130
91.72,38.13,666.00,7.99,28-04-23-09-34-07-162
93.44,41.81,666.00,10.58,28-04-23-09-34-07-196
94.34,43.57,666.00,12.07,28-04-23-09-34-07-231
95.53,44.66,666.00,16.54,28-04-23-09-34-07-263
96.62,44.92,666.00,21.84,28-04-23-09-34-07-296
98.37,45.47,666.00,26.10,28-04-23-09-34-07-330
99.42,47.98,666.00,26.84,28-04-23-09-34-07-361
100.03,47.76,666.00,27.24,28-04-23-09-34-07-397
100.41,47.38,-128.67,33.80,28-04-23-09-34-07-431
100.76,46.80,-124.04,35.11,28-04-23-09-34-07-459
69.71,54.66,666.00,28.89,28-04-23-09-34-07-496
49.62,55.83,8.56,49.61,28-04-23-09-34-07-529
43.67,54.97,15.23,55.63,28-04-23-09-34-07-561
42.97,49.34,19.78,57.27,28-04-23-09-34-07-598
44.84,43.35,21.15,56.46,28-04-23-09-34-07-631
47.39,38.82,21.03,54.56,28-04-23-09-34-07-664
50.33,35.15,19.99,52.11,28-04-23-09-34-07-697
53.08,32.61,18.47,49.75,28-04-23-09-34-07-731
55.67,31.09,16.69,47.66,28-04-23-09-34-07-762
58.13,26.01,17.09,75.79,28-04-23-09-34-07-794
59.86,24.52,15.21,77.94,28-04-23-09-34-07-830
61.09,23.76,14.21,79.52,28-04-23-09-34-07-864
62.00,22.99,13.87,80.34,28-04-23-09-34-07-896
62.64,22.51,13.36,77.91,28-04-23-09-34-07-930
63.29,22.58,15.57,77.30,28-04-23-09-34-07-963
64.07,23.46,19.96,75.17,28-04-23-09-34-07-994
64.79,24.26,20.66,73.79,28-04-23-09-34-08-032
65.35,25.41,19.83,72.89,28-04-23-09-34-08-060
65.72,27.22,18.37,71.35,28-04-23-09-34-08-097
65.75,29.74,18.49,69.18,28-04-23-09-34-08-129
65.52,32.65,17.22,68.60,28-04-23-09-34-08-162
63.74,35.88,17.58,69.02,28-04-23-09-34-08-197
61.96,38.49,23.08,69.11,28-04-23-09-34-08-230
60.03,40.60,27.13,69.74,28-04-23-09-34-08-264
60.04,43.46,32.26,71.06,28-04-23-09-34-08-296
102.88,35.63,666.00,14.34,28-04-23-09-34-08-331
113.32,34.85,173.22,32.34,28-04-23-09-34-08-365
118.36,33.38,162.63,40.48,28-04-23-09-34-08-396
119.52,31.41,162.79,42.30,28-04-23-09-34-08-430
119.50,29.17,163.01,43.43,28-04-23-09-34-08-465
117.76,27.43,160.91,39.36,28-04-23-09-34-08-497
113.33,25.43,666.00,29.09,28-04-23-09-34-08-531
110.53,24.45,666.00,22.07,28-04-23-09-34-08-561
108.44,21.86,666.00,18.48,28-04-23-09-34-08-593
104.89,16.68,666.00,15.97,28-04-23-09-34-08-631
103.16,14.25,666.00,11.74,28-04-23-09-34-08-664
102.16,12.55,666.00,9.90,28-04-23-09-34-08-696
101.89,10.53,666.00,6.77,28-04-23-09-34-08-731
100.84,5.03,666.00,10.56,28-04-23-09-34-08-763
100.44,3.47,666.00,10.61,28-04-23-09-34-08-801
100.22,2.95,666.00,9.67,28-04-23-09-34-08-827
100.03,2.87,666.00,7.99,28-04-23-09-34-08-865
100.06,2.77,666.00,6.65,28-04-23-09-34-08-896
100.23,2.45,666.00,6.56,28-04-23-09-34-08-931
100.37,2.32,666.00,6.96,28-04-23-09-34-08-965
100.80,1.59,666.00,9.99,28-04-23-09-34-08-999
101.06,1.30,666.00,11.44,28-04-23-09-34-09-031
101.16,1.38,666.00,11.08,28-04-23-09-34-09-065
101.03,2.00,666.00,11.24,28-04-23-09-34-09-098
100.90,2.63,666.00,11.26,28-04-23-09-34-09-130
100.76,3.24,666.00,11.26,28-04-23-09-34-09-165
100.52,3.98,666.00,10.96,28-04-23-09-34-09-198
100.32,4.56,666.00,10.70,28-04-23-09-34-09-229
100.16,5.06,666.00,10.41,28-04-23-09-34-09-265
99.99,5.51,666.00,10.09,28-04-23-09-34-09-297
99.86,5.85,666.00,9.82,28-04-23-09-34-09-330
99.75,6.09,666.00,9.64,28-04-23-09-34-09-366
99.66,6.28,666.00,9.60,28-04-23-09-34-09-398
99.57,6.38,666.00,9.63,28-04-23-09-34-09-429
99.45,6.48,666.00,9.69,28-04-23-09-34-09-464
99.33,6.50,666.00,9.80,28-04-23-09-34-09-496
99.17,6.51,666.00,12.97,28-04-23-09-34-09-528
98.97,6.59,666.00,16.38,28-04-23-09-34-09-562
98.73,6.71,666.00,17.29,28-04-23-09-34-09-594
98.51,6.73,666.00,17.44,28-04-23-09-34-09-631
98.29,6.97,666.00,16.75,28-04-23-09-34-09-663
98.13,7.36,666.00,15.53,28-04-23-09-34-09-696
97.99,7.32,666.00,14.98,28-04-23-09-34-09-730
97.83,7.62,666.00,12.04,28-04-23-09-34-09-760
97.71,8.05,666.00,12.66,28-04-23-09-34-09-795
97.66,8.59,666.00,11.63,28-04-23-09-34-09-830
97.62,9.23,666.00,11.74,28-04-23-09-34-09-861
97.68,10.08,666.00,11.70,28-04-23-09-34-09-895
97.09,12.26,666.00,10.39,28-04-23-09-34-09-930
96.57,14.95,666.00,11.95,28-04-23-09-34-09-963
96.00,17.19,666.00,13.47,28-04-23-09-34-09-997
95.60,19.01,666.00,15.19,28-04-23-09-34-10-030
95.10,20.88,666.00,15.50,28-04-23-09-34-10-061
95.21,25.40,666.00,9.20,28-04-23-09-34-10-093
95.34,27.99,666.00,9.43,28-04-23-09-34-10-131
95.54,29.32,666.00,10.80,28-04-23-09-34-10-163
95.95,30.90,666.00,10.59,28-04-23-09-34-10-198
96.39,33.51,666.00,10.38,28-04-23-09-34-10-230
96.90,36.53,666.00,10.61,28-04-23-09-34-10-262
97.22,38.52,666.00,11.18,28-04-23-09-34-10-296
97.35,39.98,666.00,12.77,28-04-23-09-34-10-331
97.26,41.92,666.00,14.36,28-04-23-09-34-10-363
96.30,45.86,666.00,11.20,28-04-23-09-34-10-395
96.10,46.98,666.00,10.52,28-04-23-09-34-10-431
95.57,47.51,666.00,15.85,28-04-23-09-34-10-462
98.07,49.30,666.00,19.22,28-04-23-09-34-10-497
100.83,49.04,666.00,23.09,28-04-23-09-34-10-529
102.52,48.19,666.00,27.12,28-04-23-09-34-10-563
104.08,47.39,-137.05,34.37,28-04-23-09-34-10-595
106.57,46.25,-141.46,38.92,28-04-23-09-34-10-629
72.16,47.85,666.00,29.56,28-04-23-09-34-10-663
52.54,48.97,-9.31,40.63,28-04-23-09-34-10-697
46.03,49.76,0.27,44.87,28-04-23-09-34-10-733
44.09,45.86,2.64,47.47,28-04-23-09-34-10-761
42.44,44.19,5.30,49.14,28-04-23-09-34-10-798
87.25,61.80,666.00,25.66,28-04-23-09-34-10-829
99.95,65.94,153.37,42.19,28-04-23-09-34-10-861
69.28,48.42,666.00,20.45,28-04-23-09-34-10-896
78.12,50.44,666.00,9.60,28-04-23-09-34-10-931
95.85,60.22,163.15,30.93,28-04-23-09-34-10-960
103.63,65.50,153.65,46.10,28-04-23-09-34-10-996
106.37,67.96,151.32,51.24,28-04-23-09-34-11-030
107.68,69.43,150.06,54.19,28-04-23-09-34-11-061
108.46,70.49,149.25,56.16,28-04-23-09-34-11-094
108.80,71.10,149.03,56.64,28-04-23-09-34-11-129
68.81,51.65,666.00,16.50,28-04-23-09-34-11-164
51.61,41.15,-0.75,43.85,28-04-23-09-34-11-196
44.18,34.98,5.81,57.06,28-04-23-09-34-11-227
48.37,31.29,13.85,88.51,28-04-23-09-34-11-264
49.50,30.75,12.95,90.90,28-04-23-09-34-11-295
52.38,32.90,10.21,90.24,28-04-23-09-34-11-332
67.81,40.63,-7.64,73.97,28-04-23-09-34-11-361
74.52,45.09,-7.66,65.67,28-04-23-09-34-11-396
100.80,46.95,666.00,26.68,28-04-23-09-34-11-430
115.82,45.99,666.00,26.17,28-04-23-09-34-11-466
120.38,45.95,163.54,38.49,28-04-23-09-34-11-494
120.82,45.55,149.42,42.63,28-04-23-09-34-11-530
120.54,43.80,143.36,44.18,28-04-23-09-34-11-563
113.71,36.83,155.71,32.85,28-04-23-09-34-11-596
106.38,32.83,666.00,21.41,28-04-23-09-34-11-631
101.22,29.87,666.00,13.72,28-04-23-09-34-11-663
97.99,28.10,666.00,8.20,28-04-23-09-34-11-696
95.82,25.81,666.00,5.25,28-04-23-09-34-11-731
94.38,23.53,666.00,4.53,28-04-23-09-34-11-763
93.56,20.30,666.00,3.91,28-04-23-09-34-11-796
93.00,13.63,666.00,5.26,28-04-23-09-34-11-829
92.63,11.35,666.00,4.54,28-04-23-09-34-11-866
92.42,9.39,666.00,2.84,28-04-23-09-34-11-897
92.26,7.83,666.00,3.08,28-04-23-09-34-11-930
92.30,6.33,666.00,3.52,28-04-23-09-34-11-965
92.51,5.19,666.00,4.80,28-04-23-09-34-11-995
92.87,4.38,666.00,4.94,28-04-23-09-34-12-032
93.22,3.88,666.00,4.54,28-04-23-09-34-12-065
93.65,3.40,666.00,4.75,28-04-23-09-34-12-096
93.96,3.15,666.00,5.00,28-04-23-09-34-12-135
94.23,3.54,666.00,5.17,28-04-23-09-34-12-163
94.32,3.46,666.00,5.30,28-04-23-09-34-12-196
94.40,3.86,666.00,5.37,28-04-23-09-34-12-229
94.46,4.18,666.00,5.35,28-04-23-09-34-12-266
94.54,4.53,666.00,5.41,28-04-23-09-34-12-300
94.63,4.78,666.00,5.62,28-04-23-09-34-12-329
94.73,5.16,666.00,5.85,28-04-23-09-34-12-364
94.67,5.20,666.00,6.05,28-04-23-09-34-12-397
94.64,5.27,666.00,6.25,28-04-23-09-34-12-427
94.60,5.44,666.00,6.54,28-04-23-09-34-12-468
94.52,5.37,666.00,6.73,28-04-23-09-34-12-499
94.27,5.29,666.00,6.61,28-04-23-09-34-12-529
94.14,5.24,666.00,6.58,28-04-23-09-34-12-564
94.06,5.36,666.00,6.56,28-04-23-09-34-12-599
94.04,5.29,666.00,6.58,28-04-23-09-34-12-629
94.01,5.35,666.00,6.57,28-04-23-09-34-12-664
94.03,5.27,666.00,6.59,28-04-23-09-34-12-700
93.96,5.14,666.00,6.51,28-04-23-09-34-12-729
93.87,5.03,666.00,6.46,28-04-23-09-34-12-767
93.76,4.95,666.00,6.50,28-04-23-09-34-12-794
93.65,5.08,666.00,6.48,28-04-23-09-34-12-831
93.53,5.22,666.00,6.45,28-04-23-09-34-12-864
93.43,5.36,666.00,6.37,28-04-23-09-34-12-895
93.35,5.40,666.00,6.28,28-04-23-09-34-12-931
93.25,5.39,666.00,6.19,28-04-23-09-34-12-960
93.15,5.40,666.00,6.12,28-04-23-09-34-12-998
93.06,5.40,666.00,6.17,28-04-23-09-34-13-033
93.00,5.46,666.00,6.43,28-04-23-09-34-13-063
92.96,5.55,666.00,9.42,28-04-23-09-34-13-099
92.97,5.68,666.00,16.67,28-04-23-09-34-13-131
93.12,6.44,666.00,20.13,28-04-23-09-34-13-163
93.34,7.76,666.00,22.55,28-04-23-09-34-13-197
93.74,11.44,666.00,21.05,28-04-23-09-34-13-231
94.12,16.01,666.00,17.69,28-04-23-09-34-13-264
94.42,20.41,666.00,15.37,28-04-23-09-34-13-298
96.75,27.04,666.00,11.07,28-04-23-09-34-13-332
98.03,30.66,666.00,12.58,28-04-23-09-34-13-364
99.05,34.49,666.00,13.62,28-04-23-09-34-13-396
99.72,37.50,666.00,15.00,28-04-23-09-34-13-431
100.12,41.94,666.00,13.73,28-04-23-09-34-13-462
102.39,48.83,666.00,14.58,28-04-23-09-34-13-498
103.23,50.34,666.00,17.22,28-04-23-09-34-13-531
104.05,52.35,666.00,19.29,28-04-23-09-34-13-563
104.09,54.87,666.00,20.55,28-04-23-09-34-13-595
104.04,56.81,666.00,22.84,28-04-23-09-34-13-631
103.99,57.84,666.00,29.69,28-04-23-09-34-13-663
66.29,60.07,-23.49,38.81,28-04-23-09-34-13-697
45.86,59.17,-0.42,61.99,28-04-23-09-34-13-729
41.35,54.75,3.56,69.05,28-04-23-09-34-13-764
84.43,69.79,666.00,15.26,28-04-23-09-34-13-797
61.38,56.55,-2.02,46.97,28-04-23-09-34-13-834
89.89,69.23,666.00,17.09,28-04-23-09-34-13-861
105.49,75.67,144.46,52.36,28-04-23-09-34-13-899
116.79,74.41,172.51,37.23,28-04-23-09-34-13-929
119.74,72.83,-173.46,33.48,28-04-23-09-34-13-961
120.68,71.27,666.00,29.57,28-04-23-09-34-13-996
120.97,70.38,-155.82,31.34,28-04-23-09-34-14-029
120.34,69.37,666.00,28.32,28-04-23-09-34-14-062
118.78,68.43,666.00,26.86,28-04-23-09-34-14-098
117.56,67.76,666.00,25.09,28-04-23-09-34-14-130
117.45,63.34,666.00,20.73,28-04-23-09-34-14-163
121.15,63.24,176.59,30.63,28-04-23-09-34-14-196
124.47,64.11,159.41,44.41,28-04-23-09-34-14-231
126.59,64.73,154.10,50.99,28-04-23-09-34-14-263
132.68,67.28,148.89,64.44,28-04-23-09-34-14-295
133.41,69.05,158.34,58.57,28-04-23-09-34-14-330
133.33,70.98,152.00,59.89,28-04-23-09-34-14-363
131.94,72.58,144.74,59.81,28-04-23-09-34-14-395
131.85,74.88,154.98,48.48,28-04-23-09-34-14-430
133.90,75.14,162.81,37.36,28-04-23-09-34-14-462
114.40,47.01,666.00,25.41,28-04-23-09-34-14-498
106.03,39.82,666.00,22.46,28-04-23-09-34-14-531
99.56,33.37,666.00,17.57,28-04-23-09-34-14-562
96.95,28.92,666.00,17.76,28-04-23-09-34-14-595
95.61,26.16,666.00,15.36,28-04-23-09-34-14-631
95.35,24.14,666.00,13.62,28-04-23-09-34-14-665
95.76,22.53,666.00,13.18,28-04-23-09-34-14-696
96.57,20.41,666.00,11.89,28-04-23-09-34-14-733
97.11,18.15,666.00,10.79,28-04-23-09-34-14-765
97.56,15.99,666.00,8.24,28-04-23-09-34-14-797
97.82,13.78,666.00,8.53,28-04-23-09-34-14-831
97.51,9.96,666.00,9.61,28-04-23-09-34-14-865
97.16,7.98,666.00,9.73,28-04-23-09-34-14-897
96.82,6.57,666.00,9.99,28-04-23-09-34-14-932
96.42,5.76,666.00,9.79,28-04-23-09-34-14-964
96.02,5.07,666.00,9.27,28-04-23-09-34-14-994
95.58,4.60,666.00,9.00,28-04-23-09-34-15-031
95.01,3.93,666.00,8.96,28-04-23-09-34-15-066
94.32,2.51,666.00,9.35,28-04-23-09-34-15-096
93.65,2.02,666.00,9.24,28-04-23-09-34-15-128
93.13,2.01,666.00,9.14,28-04-23-09-34-15-166
92.68,2.23,666.00,9.04,28-04-23-09-34-15-195
92.45,2.49,666.00,9.05,28-04-23-09-34-15-230
92.40,2.86,666.00,9.03,28-04-23-09-34-15-263
92.37,3.30,666.00,9.02,28-04-23-09-34-15-296
92.35,3.78,666.00,9.01,28-04-23-09-34-15-329
92.36,4.28,666.00,9.01,28-04-23-09-34-15-361
92.38,4.80,666.00,9.00,28-04-23-09-34-15-395
92.38,5.33,666.00,9.04,28-04-23-09-34-15-430
92.38,5.82,666.00,9.14,28-04-23-09-34-15-464
92.39,6.25,666.00,9.26,28-04-23-09-34-15-496
92.41,6.63,666.00,9.48,28-04-23-09-34-15-530
92.43,6.95,666.00,9.74,28-04-23-09-34-15-564
92.45,7.26,666.00,10.09,28-04-23-09-34-15-600
92.44,7.52,666.00,10.48,28-04-23-09-34-15-627
92.43,7.72,666.00,10.86,28-04-23-09-34-15-663
92.41,7.89,666.00,11.09,28-04-23-09-34-15-697
92.38,8.00,666.00,11.22,28-04-23-09-34-15-736
92.34,8.08,666.00,11.33,28-04-23-09-34-15-764
92.32,8.15,666.00,11.36,28-04-23-09-34-15-799
92.31,8.32,666.00,11.14,28-04-23-09-34-15-830
92.30,8.53,666.00,10.86,28-04-23-09-34-15-862
92.36,8.73,666.00,10.58,28-04-23-09-34-15-901
92.42,8.95,666.00,10.39,28-04-23-09-34-15-930
92.49,9.44,666.00,10.29,28-04-23-09-34-15-966
92.58,10.09,666.00,12.55,28-04-23-09-34-15-998
92.75,10.90,666.00,12.70,28-04-23-09-34-16-029
92.85,12.41,666.00,11.71,28-04-23-09-34-16-060
92.93,13.78,666.00,11.56,28-04-23-09-34-16-094
93.13,15.41,666.00,12.34,28-04-23-09-34-16-129
93.43,17.85,666.00,13.16,28-04-23-09-34-16-163
94.31,21.66,666.00,13.11,28-04-23-09-34-16-197
95.12,24.19,666.00,13.61,28-04-23-09-34-16-229
95.80,27.00,666.00,15.10,28-04-23-09-34-16-261
96.31,29.91,666.00,15.93,28-04-23-09-34-16-296
96.95,33.20,666.00,15.77,28-04-23-09-34-16-331
97.61,35.94,666.00,18.55,28-04-23-09-34-16-363
98.59,39.28,666.00,16.12,28-04-23-09-34-16-400
99.18,42.89,666.00,16.16,28-04-23-09-34-16-431
100.40,45.63,666.00,16.19,28-04-23-09-34-16-463
101.10,46.66,666.00,18.97,28-04-23-09-34-16-497
102.10,54.64,666.00,11.31,28-04-23-09-34-16-533
102.63,56.43,666.00,13.50,28-04-23-09-34-16-563
103.08,57.86,666.00,15.85,28-04-23-09-34-16-596
103.47,58.53,666.00,23.43,28-04-23-09-34-16-631
77.20,62.78,666.00,21.60,28-04-23-09-34-16-663
59.06,64.36,0.38,41.41,28-04-23-09-34-16-698
52.23,58.99,5.48,48.56,28-04-23-09-34-16-731
49.13,56.42,10.42,51.68,28-04-23-09-34-16-764
47.07,53.29,14.62,53.63,28-04-23-09-34-16-797
46.35,49.01,17.28,54.18,28-04-23-09-34-16-834
46.21,45.61,18.94,53.93,28-04-23-09-34-16-864
88.62,60.40,666.00,18.94,28-04-23-09-34-16-899
103.98,66.01,142.18,43.18,28-04-23-09-34-16-934
110.30,68.64,141.08,54.65,28-04-23-09-34-16-964
114.39,67.00,158.45,39.38,28-04-23-09-34-16-997
114.99,66.10,666.00,25.28,28-04-23-09-34-17-028
115.47,65.24,666.00,28.31,28-04-23-09-34-17-065
116.37,65.16,-146.97,31.95,28-04-23-09-34-17-102
115.38,65.64,-143.03,31.20,28-04-23-09-34-17-130
114.42,66.20,-145.95,31.61,28-04-23-09-34-17-165
112.55,66.34,-144.47,30.60,28-04-23-09-34-17-197
105.54,64.18,666.00,25.35,28-04-23-09-34-17-230
103.21,63.51,666.00,20.24,28-04-23-09-34-17-268
103.74,61.05,666.00,23.31,28-04-23-09-34-17-298
100.11,58.30,666.00,18.90,28-04-23-09-34-17-334
101.99,56.98,666.00,11.78,28-04-23-09-34-17-369
104.72,56.84,666.00,3.39,28-04-23-09-34-17-397
105.67,57.08,666.00,6.11,28-04-23-09-34-17-429
106.34,57.77,666.00,11.76,28-04-23-09-34-17-464
112.04,59.32,666.00,24.81,28-04-23-09-34-17-495
113.18,60.30,115.17,30.94,28-04-23-09-34-17-530
114.03,61.28,104.23,41.16,28-04-23-09-34-17-563
114.57,62.20,98.25,50.37,28-04-23-09-34-17-595
113.10,63.86,92.87,64.20,28-04-23-09-34-17-630
111.14,37.85,666.00,15.19,28-04-23-09-34-17-664
109.40,26.51,666.00,18.33,28-04-23-09-34-17-696
106.83,17.28,666.00,23.51,28-04-23-09-34-17-729
105.44,12.81,666.00,26.29,28-04-23-09-34-17-764
104.45,9.87,666.00,26.23,28-04-23-09-34-17-795
103.83,8.55,666.00,24.29,28-04-23-09-34-17-830
103.68,8.08,666.00,20.34,28-04-23-09-34-17-862
104.12,7.87,666.00,15.19,28-04-23-09-34-17-895
104.86,7.73,666.00,11.77,28-04-23-09-34-17-929
105.54,7.37,666.00,10.10,28-04-23-09-34-17-964
106.16,7.02,666.00,7.96,28-04-23-09-34-17-996
106.55,3.40,666.00,10.41,28-04-23-09-34-18-030
108.03,0.38,666.00,15.78,28-04-23-09-34-18-063
107.57,-0.37,666.00,16.49,28-04-23-09-34-18-096
107.24,-0.24,666.00,15.74,28-04-23-09-34-18-129
106.99,0.12,666.00,14.59,28-04-23-09-34-18-160
106.71,0.82,666.00,13.25,28-04-23-09-34-18-196
106.42,1.66,666.00,12.02,28-04-23-09-34-18-230
106.16,2.34,666.00,11.09,28-04-23-09-34-18-264
105.84,3.00,666.00,10.03,28-04-23-09-34-18-297
105.55,3.47,666.00,9.46,28-04-23-09-34-18-328
105.23,3.90,666.00,9.29,28-04-23-09-34-18-365
104.84,4.18,666.00,9.63,28-04-23-09-34-18-398
104.43,4.50,666.00,6.15,28-04-23-09-34-18-428
104.05,4.86,666.00,5.49,28-04-23-09-34-18-466
103.72,5.29,666.00,5.21,28-04-23-09-34-18-497
103.53,3.51,666.00,7.67,28-04-23-09-34-18-530
103.36,2.88,666.00,9.15,28-04-23-09-34-18-565
103.19,2.76,666.00,9.98,28-04-23-09-34-18-599
102.50,3.49,666.00,9.76,28-04-23-09-34-18-631
102.02,4.16,666.00,9.22,28-04-23-09-34-18-663
99.92,6.79,666.00,5.38,28-04-23-09-34-18-695
98.77,8.10,666.00,6.73,28-04-23-09-34-18-730
98.26,8.77,666.00,9.26,28-04-23-09-34-18-763
97.80,9.34,666.00,8.95,28-04-23-09-34-18-798
97.32,9.84,666.00,9.09,28-04-23-09-34-18-836
96.93,10.17,666.00,9.65,28-04-23-09-34-18-865
96.25,10.44,666.00,9.58,28-04-23-09-34-18-898
95.06,10.69,666.00,8.57,28-04-23-09-34-18-929
93.54,11.01,666.00,10.93,28-04-23-09-34-18-964
91.88,11.37,666.00,13.31,28-04-23-09-34-18-998
88.18,11.87,666.00,8.31,28-04-23-09-34-19-031
85.92,12.48,666.00,8.34,28-04-23-09-34-19-064
84.40,12.89,666.00,11.57,28-04-23-09-34-19-099
82.72,13.29,666.00,10.94,28-04-23-09-34-19-130
79.60,14.28,666.00,7.28,28-04-23-09-34-19-164
77.83,15.13,666.00,7.91,28-04-23-09-34-19-197
75.98,15.98,666.00,10.25,28-04-23-09-34-19-230
69.91,16.33,666.00,6.92,28-04-23-09-34-19-263
67.02,16.79,666.00,6.83,28-04-23-09-34-19-295
64.88,17.29,666.00,6.50,28-04-23-09-34-19-331
62.92,17.84,666.00,6.14,28-04-23-09-34-19-362
60.84,18.40,666.00,7.29,28-04-23-09-34-19-398
58.54,18.68,666.00,8.13,28-04-23-09-34-19-430
55.87,19.19,666.00,9.52,28-04-23-09-34-19-466
53.22,19.24,666.00,9.05,28-04-23-09-34-19-495
50.66,19.33,666.00,12.93,28-04-23-09-34-19-529
47.25,19.26,666.00,10.93,28-04-23-09-34-19-563
44.75,19.24,666.00,10.40,28-04-23-09-34-19-599
42.61,19.25,666.00,9.77,28-04-23-09-34-19-630
41.03,19.16,666.00,9.79,28-04-23-09-34-19-665
39.51,18.99,666.00,10.96,28-04-23-09-34-19-700
38.27,18.71,666.00,11.96,28-04-23-09-34-19-730
36.67,19.20,666.00,12.27,28-04-23-09-34-19-764
32.63,20.34,666.00,9.65,28-04-23-09-34-19-800
28.99,22.05,666.00,7.63,28-04-23-09-34-19-831
26.85,23.47,666.00,7.34,28-04-23-09-34-19-868
24.62,25.20,666.00,6.69,28-04-23-09-34-19-898
22.67,27.04,666.00,6.42,28-04-23-09-34-19-932
20.72,29.89,666.00,6.53,28-04-23-09-34-19-965
18.16,31.76,666.00,7.32,28-04-23-09-34-19-998
15.45,32.26,666.00,7.95,28-04-23-09-34-20-030
13.73,32.35,666.00,8.47,28-04-23-09-34-20-064
12.63,32.88,666.00,8.82,28-04-23-09-34-20-096
11.64,33.59,666.00,8.86,28-04-23-09-34-20-129
11.49,33.07,666.00,8.89,28-04-23-09-34-20-164
11.40,32.84,666.00,8.83,28-04-23-09-34-20-194
11.09,33.49,666.00,8.43,28-04-23-09-34-20-230
11.14,33.99,666.00,8.10,28-04-23-09-34-20-260
10.79,35.07,666.00,7.75,28-04-23-09-34-20-298
10.51,35.91,666.00,7.59,28-04-23-09-34-20-330
10.28,36.56,666.00,7.57,28-04-23-09-34-20-363
10.29,36.63,666.00,7.61,28-04-23-09-34-20-393
10.18,38.41,666.00,7.56,28-04-23-09-34-20-429
10.33,39.73,666.00,7.55,28-04-23-09-34-20-463
10.76,40.57,666.00,7.73,28-04-23-09-34-20-495
10.98,42.45,666.00,7.85,28-04-23-09-34-20-529
11.29,44.70,666.00,8.22,28-04-23-09-34-20-563
12.07,44.32,666.00,9.13,28-04-23-09-34-20-596
12.67,44.45,666.00,9.86,28-04-23-09-34-20-629
13.11,43.86,666.00,10.55,28-04-23-09-34-20-662
13.74,52.27,666.00,8.98,28-04-23-09-34-20-692
14.27,55.40,666.00,8.79,28-04-23-09-34-20-730
14.66,55.80,666.00,8.76,28-04-23-09-34-20-762
14.93,55.00,666.00,8.93,28-04-23-09-34-20-796
15.15,50.41,666.00,10.27,28-04-23-09-34-20-828
15.30,46.96,666.00,10.72,28-04-23-09-34-20-862
15.18,46.62,666.00,10.52,28-04-23-09-34-20-894
15.04,40.93,666.00,12.78,28-04-23-09-34-20-930
14.95,37.40,666.00,14.31,28-04-23-09-34-20-962
14.70,34.20,666.00,15.11,28-04-23-09-34-20-994
14.32,30.40,666.00,16.08,28-04-23-09-34-21-028
13.99,25.95,666.00,17.57,28-04-23-09-34-21-063
13.70,23.25,666.00,18.23,28-04-23-09-34-21-095
13.96,13.88,666.00,21.91,28-04-23-09-34-21-130
13.79,11.89,666.00,22.22,28-04-23-09-34-21-163
13.64,7.92,666.00,22.65,28-04-23-09-34-21-194
13.30,4.04,666.00,22.91,28-04-23-09-34-21-227
12.92,-3.96,666.00,24.17,28-04-23-09-34-21-262
