16.94,35.22,666.00,8.38,04-05-23-10-46-06-221
16.93,35.20,666.00,8.36,04-05-23-10-46-06-239
16.96,35.30,666.00,8.29,04-05-23-10-46-06-273
16.98,35.40,666.00,8.23,04-05-23-10-46-06-301
17.01,35.59,666.00,8.15,04-05-23-10-46-06-344
17.05,35.77,666.00,8.08,04-05-23-10-46-06-375
17.06,35.86,666.00,8.02,04-05-23-10-46-06-407
17.07,35.96,666.00,7.94,04-05-23-10-46-06-443
17.07,35.98,666.00,7.90,04-05-23-10-46-06-470
17.07,35.99,666.00,7.86,04-05-23-10-46-06-506
17.07,36.00,666.00,7.84,04-05-23-10-46-06-535
17.07,35.96,666.00,7.83,04-05-23-10-46-06-572
17.06,35.87,666.00,7.84,04-05-23-10-46-06-603
17.05,35.76,666.00,7.87,04-05-23-10-46-06-635
17.05,35.73,666.00,7.90,04-05-23-10-46-06-672
17.04,35.63,666.00,7.95,04-05-23-10-46-06-706
17.02,35.51,666.00,8.01,04-05-23-10-46-06-734
17.00,35.37,666.00,8.09,04-05-23-10-46-06-771
16.96,35.17,666.00,8.19,04-05-23-10-46-06-806
16.93,34.96,666.00,8.29,04-05-23-10-46-06-837
16.89,34.75,666.00,8.39,04-05-23-10-46-06-872
16.85,34.52,666.00,8.49,04-05-23-10-46-06-900
16.81,34.30,666.00,8.60,04-05-23-10-46-06-940
16.81,34.27,666.00,8.64,04-05-23-10-46-06-972
16.79,34.26,666.00,8.68,04-05-23-10-46-07-001
16.78,34.27,666.00,8.71,04-05-23-10-46-07-037
16.77,34.26,666.00,8.75,04-05-23-10-46-07-071
16.76,34.26,666.00,8.78,04-05-23-10-46-07-100
16.75,34.24,666.00,8.81,04-05-23-10-46-07-138
16.74,34.24,666.00,8.84,04-05-23-10-46-07-169
16.73,34.22,666.00,8.90,04-05-23-10-46-07-202
16.72,34.21,666.00,9.07,04-05-23-10-46-07-235
16.73,34.24,666.00,12.23,04-05-23-10-46-07-269
16.73,34.27,666.00,16.55,04-05-23-10-46-07-302
17.00,34.86,666.00,22.46,04-05-23-10-46-07-338
17.38,35.78,0.72,31.00,04-05-23-10-46-07-367
17.98,37.35,2.45,36.88,04-05-23-10-46-07-404
18.82,39.11,3.55,40.40,04-05-23-10-46-07-439
20.25,41.41,3.30,43.08,04-05-23-10-46-07-471
22.02,43.24,1.77,43.23,04-05-23-10-46-07-503
32.36,53.15,666.00,28.50,04-05-23-10-46-07-538
35.87,54.85,-7.91,30.71,04-05-23-10-46-07-569
38.04,55.55,-7.47,31.02,04-05-23-10-46-07-603
40.64,53.90,-17.41,30.58,04-05-23-10-46-07-636
41.92,52.58,-21.28,37.25,04-05-23-10-46-07-667
42.58,51.73,-22.63,39.69,04-05-23-10-46-07-704
43.06,51.29,-23.34,41.17,04-05-23-10-46-07-741
40.71,52.98,-16.39,42.46,04-05-23-10-46-07-767
39.29,54.43,-11.32,52.76,04-05-23-10-46-07-804
38.00,55.99,-8.03,58.36,04-05-23-10-46-07-838
41.56,50.12,-16.07,72.17,04-05-23-10-46-07-868
42.40,48.52,-17.20,77.96,04-05-23-10-46-07-901
42.93,47.58,-16.71,55.78,04-05-23-10-46-07-935
43.25,46.89,-17.04,44.39,04-05-23-10-46-07-969
43.45,46.29,-15.99,62.89,04-05-23-10-46-08-001
43.75,49.25,-16.46,54.32,04-05-23-10-46-08-037
43.88,50.49,-16.23,65.68,04-05-23-10-46-08-068
39.67,57.98,-8.97,52.77,04-05-23-10-46-08-103
38.30,61.06,-5.57,57.39,04-05-23-10-46-08-139
37.35,63.24,-3.38,60.61,04-05-23-10-46-08-170
39.63,51.92,-14.05,72.12,04-05-23-10-46-08-199
40.36,48.88,-16.10,77.09,04-05-23-10-46-08-237
40.87,46.92,-17.10,80.73,04-05-23-10-46-08-266
38.75,53.01,-11.09,72.84,04-05-23-10-46-08-300
38.08,55.01,-8.14,68.87,04-05-23-10-46-08-335
37.62,56.64,-5.88,66.40,04-05-23-10-46-08-369
37.00,58.39,0.51,58.81,04-05-23-10-46-08-401
36.63,59.28,4.09,55.51,04-05-23-10-46-08-436
36.36,59.97,6.74,53.37,04-05-23-10-46-08-469
36.24,60.50,8.47,52.12,04-05-23-10-46-08-505
36.33,60.58,9.43,51.23,04-05-23-10-46-08-539
37.22,59.89,8.79,50.34,04-05-23-10-46-08-566
37.98,58.93,7.66,49.46,04-05-23-10-46-08-600
37.97,58.19,8.22,49.24,04-05-23-10-46-08-638
37.85,57.70,9.75,49.85,04-05-23-10-46-08-670
37.77,57.20,11.70,50.65,04-05-23-10-46-08-701
37.71,56.67,14.82,50.97,04-05-23-10-46-08-739
37.63,56.31,19.04,50.74,04-05-23-10-46-08-772
39.35,52.92,18.39,49.00,04-05-23-10-46-08-801
40.11,50.81,19.69,47.83,04-05-23-10-46-08-837
40.58,49.30,22.46,46.47,04-05-23-10-46-08-871
40.87,47.98,27.27,44.64,04-05-23-10-46-08-901
41.01,46.86,30.86,43.70,04-05-23-10-46-08-938
41.01,45.75,35.88,43.18,04-05-23-10-46-08-968
40.87,44.05,41.01,43.07,04-05-23-10-46-08-999
40.57,42.06,44.56,43.06,04-05-23-10-46-09-039
40.51,38.91,45.24,43.08,04-05-23-10-46-09-068
40.58,36.14,47.83,43.21,04-05-23-10-46-09-100
41.20,32.31,48.14,42.94,04-05-23-10-46-09-137
41.71,29.52,57.61,45.12,04-05-23-10-46-09-168
42.09,27.45,66.62,45.17,04-05-23-10-46-09-201
42.34,25.76,70.72,45.01,04-05-23-10-46-09-236
41.83,23.09,78.23,43.85,04-05-23-10-46-09-268
41.41,21.30,81.10,43.06,04-05-23-10-46-09-305
41.13,19.93,83.39,43.10,04-05-23-10-46-09-338
40.88,18.68,84.45,43.18,04-05-23-10-46-09-372
40.64,17.57,84.90,43.29,04-05-23-10-46-09-401
40.42,16.39,84.97,43.47,04-05-23-10-46-09-435
40.14,14.76,84.66,43.69,04-05-23-10-46-09-471
39.96,13.18,84.42,43.84,04-05-23-10-46-09-505
39.87,11.88,85.83,44.00,04-05-23-10-46-09-538
39.80,10.25,86.58,44.08,04-05-23-10-46-09-573
39.81,8.34,87.32,43.92,04-05-23-10-46-09-604
39.87,6.80,87.90,43.75,04-05-23-10-46-09-635
39.94,5.75,88.57,43.63,04-05-23-10-46-09-673
40.05,4.78,88.62,43.39,04-05-23-10-46-09-705
40.13,4.06,88.58,43.23,04-05-23-10-46-09-738
40.19,3.68,88.63,43.14,04-05-23-10-46-09-770
40.25,3.36,88.53,43.03,04-05-23-10-46-09-804
40.28,3.19,88.46,42.96,04-05-23-10-46-09-839
40.31,3.08,88.36,42.91,04-05-23-10-46-09-875
40.32,3.06,88.28,42.88,04-05-23-10-46-09-901
40.33,3.09,88.21,42.86,04-05-23-10-46-09-936
40.33,3.15,88.13,42.85,04-05-23-10-46-09-973
40.33,3.23,88.04,42.84,04-05-23-10-46-10-000
40.33,3.33,87.92,42.84,04-05-23-10-46-10-036
40.32,3.45,87.79,42.83,04-05-23-10-46-10-069
40.31,3.60,87.52,42.82,04-05-23-10-46-10-101
40.29,3.80,86.98,42.80,04-05-23-10-46-10-135
40.26,4.02,85.90,42.78,04-05-23-10-46-10-168
40.22,4.32,84.19,42.77,04-05-23-10-46-10-203
40.15,4.73,82.09,42.73,04-05-23-10-46-10-237
40.05,5.39,79.49,42.73,04-05-23-10-46-10-270
39.93,6.33,75.42,42.71,04-05-23-10-46-10-305
39.80,7.75,68.97,43.06,04-05-23-10-46-10-336
39.67,9.16,63.48,43.54,04-05-23-10-46-10-370
39.60,10.95,57.10,44.21,04-05-23-10-46-10-406
39.04,13.78,53.36,43.29,04-05-23-10-46-10-437
38.61,16.16,50.06,42.45,04-05-23-10-46-10-467
38.12,18.68,47.63,42.10,04-05-23-10-46-10-504
38.06,22.31,43.73,42.18,04-05-23-10-46-10-538
37.95,25.79,36.67,43.23,04-05-23-10-46-10-568
37.84,28.28,30.28,44.30,04-05-23-10-46-10-602
37.65,30.51,22.45,45.99,04-05-23-10-46-10-635
37.23,33.12,15.58,48.24,04-05-23-10-46-10-670
36.80,35.70,8.04,51.13,04-05-23-10-46-10-700
35.91,38.96,3.11,49.97,04-05-23-10-46-10-741
35.31,41.84,-0.71,47.63,04-05-23-10-46-10-768
35.12,47.07,0.68,44.19,04-05-23-10-46-10-802
35.57,51.31,-23.45,46.68,04-05-23-10-46-10-833
35.90,53.68,-30.58,47.53,04-05-23-10-46-10-872
36.08,55.21,-33.86,47.62,04-05-23-10-46-10-899
36.43,56.49,-36.28,47.18,04-05-23-10-46-10-935
36.90,58.32,-37.80,47.48,04-05-23-10-46-10-972
37.78,65.61,-39.97,48.02,04-05-23-10-46-11-004
38.43,68.95,-42.14,52.46,04-05-23-10-46-11-034
38.95,70.82,-47.62,54.52,04-05-23-10-46-11-072
43.39,80.27,-56.88,48.39,04-05-23-10-46-11-099
45.00,83.08,-61.45,47.47,04-05-23-10-46-11-135
45.82,84.44,-63.99,47.50,04-05-23-10-46-11-170
46.37,85.29,-70.34,50.33,04-05-23-10-46-11-204
46.70,85.86,-76.09,52.91,04-05-23-10-46-11-238
46.77,86.16,-79.31,54.63,04-05-23-10-46-11-270
46.58,86.30,-81.21,55.89,04-05-23-10-46-11-306
46.25,86.35,-82.22,56.66,04-05-23-10-46-11-337
45.37,85.99,-81.63,56.97,04-05-23-10-46-11-367
44.43,85.40,-80.70,57.06,04-05-23-10-46-11-403
43.77,84.98,-80.43,57.25,04-05-23-10-46-11-434
43.31,84.74,-80.34,57.38,04-05-23-10-46-11-468
42.99,84.60,-80.34,57.43,04-05-23-10-46-11-504
42.78,84.53,-80.40,57.43,04-05-23-10-46-11-539
42.63,84.51,-84.32,60.57,04-05-23-10-46-11-572
42.52,84.50,-85.41,61.56,04-05-23-10-46-11-603
42.41,84.41,-84.62,60.92,04-05-23-10-46-11-637
42.31,84.42,-83.56,60.02,04-05-23-10-46-11-670
41.55,84.36,-82.07,59.20,04-05-23-10-46-11-705
41.03,84.36,-80.91,58.50,04-05-23-10-46-11-739
40.71,84.33,-80.10,57.98,04-05-23-10-46-11-768
40.52,84.38,-79.54,57.55,04-05-23-10-46-11-801
40.38,84.38,-79.11,57.23,04-05-23-10-46-11-835
40.28,84.39,-78.82,57.00,04-05-23-10-46-11-868
40.22,84.38,-78.63,56.80,04-05-23-10-46-11-907
40.17,84.30,-78.46,56.63,04-05-23-10-46-11-938
40.13,84.29,-78.36,56.49,04-05-23-10-46-11-970
40.11,84.35,-78.27,56.33,04-05-23-10-46-12-006
40.10,84.45,-78.20,56.18,04-05-23-10-46-12-041
40.10,84.59,-78.14,56.04,04-05-23-10-46-12-073
40.12,84.74,-78.08,55.92,04-05-23-10-46-12-102
40.12,84.81,-78.01,55.84,04-05-23-10-46-12-139
40.11,84.80,-77.61,55.76,04-05-23-10-46-12-172
40.10,84.77,-77.20,55.66,04-05-23-10-46-12-203
40.11,84.70,-76.85,55.61,04-05-23-10-46-12-240
40.13,84.69,-76.64,55.55,04-05-23-10-46-12-268
40.19,84.68,-76.48,55.47,04-05-23-10-46-12-305
40.28,84.70,-76.22,55.32,04-05-23-10-46-12-335
40.37,84.72,-75.91,55.12,04-05-23-10-46-12-369
40.48,84.75,-75.28,54.70,04-05-23-10-46-12-401
40.56,84.63,-74.75,54.39,04-05-23-10-46-12-437
40.63,84.53,-74.25,54.10,04-05-23-10-46-12-470
40.69,84.43,-73.68,54.19,04-05-23-10-46-12-501
40.75,84.35,-71.97,49.33,04-05-23-10-46-12-533
40.78,84.00,-64.74,45.80,04-05-23-10-46-12-569
40.68,82.65,-60.82,45.21,04-05-23-10-46-12-600
40.47,80.91,-59.45,45.76,04-05-23-10-46-12-634
40.69,80.47,-56.77,46.66,04-05-23-10-46-12-673
40.23,77.13,-51.77,46.72,04-05-23-10-46-12-704
40.14,74.60,-51.19,47.05,04-05-23-10-46-12-738
39.89,72.68,-41.28,44.23,04-05-23-10-46-12-773
40.03,70.81,-38.35,44.60,04-05-23-10-46-12-799
40.02,69.04,-35.14,44.46,04-05-23-10-46-12-838
40.14,67.61,-32.52,43.97,04-05-23-10-46-12-868
40.28,66.55,-30.23,43.80,04-05-23-10-46-12-900
41.16,57.37,-36.88,45.37,04-05-23-10-46-12-938
41.68,52.68,-31.86,48.83,04-05-23-10-46-12-969
42.14,49.81,-31.26,50.34,04-05-23-10-46-13-000
42.37,47.64,-30.43,52.17,04-05-23-10-46-13-039
42.54,46.15,-29.93,53.61,04-05-23-10-46-13-073
42.57,44.97,-23.46,48.76,04-05-23-10-46-13-104
42.43,44.04,-10.92,39.07,04-05-23-10-46-13-138
41.34,43.47,-0.71,37.61,04-05-23-10-46-13-172
40.48,43.23,8.97,37.52,04-05-23-10-46-13-202
40.76,42.59,15.19,38.97,04-05-23-10-46-13-240
40.95,42.13,22.91,40.08,04-05-23-10-46-13-273
41.09,41.33,26.44,41.14,04-05-23-10-46-13-302
41.17,40.60,29.97,41.98,04-05-23-10-46-13-337
41.23,39.77,35.97,42.27,04-05-23-10-46-13-370
41.18,38.31,41.64,42.38,04-05-23-10-46-13-403
41.19,36.37,47.18,42.42,04-05-23-10-46-13-437
42.03,32.67,50.74,41.41,04-05-23-10-46-13-471
42.81,29.51,59.72,43.72,04-05-23-10-46-13-502
43.36,27.33,65.84,43.04,04-05-23-10-46-13-539
43.69,25.71,69.40,42.25,04-05-23-10-46-13-572
43.91,24.18,74.38,42.20,04-05-23-10-46-13-600
44.02,22.75,77.17,42.02,04-05-23-10-46-13-635
44.03,21.26,79.98,41.95,04-05-23-10-46-13-671
43.92,19.83,81.63,41.61,04-05-23-10-46-13-704
43.71,18.52,88.57,40.44,04-05-23-10-46-13-739
43.35,17.07,91.60,39.88,04-05-23-10-46-13-768
42.80,14.94,91.23,39.34,04-05-23-10-46-13-799
42.27,12.98,90.23,39.12,04-05-23-10-46-13-837
41.88,11.43,89.41,39.00,04-05-23-10-46-13-872
41.60,10.32,88.70,38.96,04-05-23-10-46-13-900
41.40,9.52,88.71,39.00,04-05-23-10-46-13-941
41.24,8.95,89.19,39.12,04-05-23-10-46-13-968
41.12,8.59,89.46,39.26,04-05-23-10-46-14-005
40.99,8.26,89.36,39.41,04-05-23-10-46-14-038
40.88,8.04,89.38,39.54,04-05-23-10-46-14-066
40.80,7.77,89.22,39.61,04-05-23-10-46-14-103
40.74,7.57,89.00,39.67,04-05-23-10-46-14-135
40.69,7.47,88.78,39.73,04-05-23-10-46-14-169
40.65,7.41,88.58,39.78,04-05-23-10-46-14-204
40.61,7.41,88.38,39.83,04-05-23-10-46-14-235
40.59,7.42,88.18,39.87,04-05-23-10-46-14-271
40.56,7.45,87.97,39.90,04-05-23-10-46-14-306
40.55,7.47,87.73,39.92,04-05-23-10-46-14-337
40.54,7.51,87.48,39.94,04-05-23-10-46-14-372
40.53,7.54,86.35,41.06,04-05-23-10-46-14-403
40.52,7.58,84.36,40.82,04-05-23-10-46-14-435
40.51,7.61,82.63,40.55,04-05-23-10-46-14-470
40.51,7.63,81.05,40.31,04-05-23-10-46-14-500
40.50,7.68,79.72,40.09,04-05-23-10-46-14-537
40.50,7.75,78.57,39.93,04-05-23-10-46-14-570
40.48,7.85,77.02,39.80,04-05-23-10-46-14-604
40.43,8.19,75.04,39.76,04-05-23-10-46-14-636
40.39,8.74,69.77,39.68,04-05-23-10-46-14-668
40.30,9.94,64.53,39.90,04-05-23-10-46-14-706
40.34,12.10,55.60,40.47,04-05-23-10-46-14-736
40.46,14.46,44.32,40.77,04-05-23-10-46-14-770
39.05,19.68,46.76,41.95,04-05-23-10-46-14-809
38.38,22.59,45.29,43.04,04-05-23-10-46-14-837
38.02,24.48,41.90,43.75,04-05-23-10-46-14-868
37.85,26.35,38.77,43.75,04-05-23-10-46-14-904
37.79,28.00,31.78,44.43,04-05-23-10-46-14-937
37.72,30.08,21.45,43.85,04-05-23-10-46-14-971
37.74,32.26,18.68,43.00,04-05-23-10-46-15-002
37.71,34.88,10.54,45.86,04-05-23-10-46-15-038
35.10,44.30,18.13,42.70,04-05-23-10-46-15-068
34.26,49.37,21.43,41.22,04-05-23-10-46-15-102
34.09,52.63,22.92,40.45,04-05-23-10-46-15-136
34.02,54.69,6.87,46.46,04-05-23-10-46-15-168
33.96,56.04,2.44,46.27,04-05-23-10-46-15-205
33.97,56.94,0.14,46.61,04-05-23-10-46-15-236
34.46,57.14,-4.73,45.18,04-05-23-10-46-15-267
34.40,57.60,-5.96,45.04,04-05-23-10-46-15-300
34.35,57.94,-19.66,50.47,04-05-23-10-46-15-337
34.26,58.39,-23.35,52.20,04-05-23-10-46-15-371
35.20,61.39,-26.53,51.81,04-05-23-10-46-15-402
35.88,64.54,-35.23,54.69,04-05-23-10-46-15-435
36.39,66.58,-43.53,56.79,04-05-23-10-46-15-469
36.78,67.83,-46.23,57.26,04-05-23-10-46-15-499
37.05,68.65,-47.94,57.55,04-05-23-10-46-15-538
37.42,69.68,-51.08,57.08,04-05-23-10-46-15-568
38.20,71.82,-54.05,55.84,04-05-23-10-46-15-606
38.73,73.16,-56.04,55.24,04-05-23-10-46-15-633
39.09,74.01,-58.63,58.82,04-05-23-10-46-15-669
39.35,74.59,-59.94,59.59,04-05-23-10-46-15-701
39.54,74.98,-61.87,60.10,04-05-23-10-46-15-738
39.67,75.24,-63.65,60.16,04-05-23-10-46-15-767
39.77,75.40,-66.48,60.82,04-05-23-10-46-15-798
39.84,75.49,-68.68,61.43,04-05-23-10-46-15-838
39.89,75.57,-70.22,61.83,04-05-23-10-46-15-870
39.88,75.64,-71.25,62.05,04-05-23-10-46-15-903
39.81,75.77,-71.95,62.14,04-05-23-10-46-15-941
39.72,75.96,-72.36,62.08,04-05-23-10-46-15-968
39.57,77.63,-72.42,60.74,04-05-23-10-46-16-003
39.42,78.51,-72.40,60.04,04-05-23-10-46-16-037
38.22,75.47,-70.88,62.67,04-05-23-10-46-16-071
38.41,80.60,-70.61,58.62,04-05-23-10-46-16-102
38.40,81.49,-70.56,57.71,04-05-23-10-46-16-135
38.51,82.45,-70.65,56.84,04-05-23-10-46-16-168
38.53,82.82,-70.74,56.44,04-05-23-10-46-16-204
38.58,83.17,-70.84,56.11,04-05-23-10-46-16-238
38.62,83.39,-70.91,55.88,04-05-23-10-46-16-268
38.66,83.39,-71.04,55.76,04-05-23-10-46-16-302
38.72,83.19,-71.24,55.72,04-05-23-10-46-16-338
38.77,82.91,-71.45,55.74,04-05-23-10-46-16-371
38.83,82.58,-71.69,55.79,04-05-23-10-46-16-403
38.88,82.24,-71.91,55.86,04-05-23-10-46-16-438
38.92,81.96,-72.08,55.91,04-05-23-10-46-16-472
38.95,81.70,-72.20,55.97,04-05-23-10-46-16-502
39.06,81.73,-72.40,55.92,04-05-23-10-46-16-535
39.27,82.10,-72.72,55.77,04-05-23-10-46-16-575
39.34,82.12,-72.85,55.75,04-05-23-10-46-16-601
39.39,82.06,-72.94,55.78,04-05-23-10-46-16-638
39.33,81.72,-72.86,55.93,04-05-23-10-46-16-672
39.34,81.66,-72.84,55.93,04-05-23-10-46-16-707
39.33,81.59,-72.78,55.95,04-05-23-10-46-16-736
39.29,81.47,-72.65,56.02,04-05-23-10-46-16-770
39.22,81.28,-72.49,56.13,04-05-23-10-46-16-803
39.14,80.99,-72.23,56.29,04-05-23-10-46-16-837
39.05,80.67,-71.92,56.48,04-05-23-10-46-16-872
38.95,80.32,-71.59,56.70,04-05-23-10-46-16-902
38.87,79.92,-71.29,56.90,04-05-23-10-46-16-934
38.85,79.85,-71.01,57.03,04-05-23-10-46-16-968
38.80,79.76,-70.65,57.18,04-05-23-10-46-17-000
38.81,79.86,-69.19,55.67,04-05-23-10-46-17-037
38.80,79.77,-68.30,53.84,04-05-23-10-46-17-068
38.78,79.57,-67.22,52.04,04-05-23-10-46-17-100
38.75,79.34,-65.49,51.02,04-05-23-10-46-17-138
38.73,79.10,-64.10,50.49,04-05-23-10-46-17-168
38.33,78.06,-57.20,47.70,04-05-23-10-46-17-202
37.85,76.24,-53.11,47.00,04-05-23-10-46-17-240
37.32,74.30,-49.75,46.50,04-05-23-10-46-17-268
36.97,72.94,-32.46,45.60,04-05-23-10-46-17-306
36.48,71.71,-21.05,44.61,04-05-23-10-46-17-337
35.99,70.31,-17.66,45.60,04-05-23-10-46-17-370
36.06,66.74,-17.78,47.04,04-05-23-10-46-17-405
35.79,60.78,-15.71,51.76,04-05-23-10-46-17-439
36.04,55.49,-17.14,54.37,04-05-23-10-46-17-467
36.35,52.26,-17.78,56.33,04-05-23-10-46-17-501
36.58,50.29,-8.37,51.32,04-05-23-10-46-17-536
36.73,49.05,-17.55,44.41,04-05-23-10-46-17-569
36.79,48.15,0.12,34.16,04-05-23-10-46-17-601
36.77,47.45,9.78,33.80,04-05-23-10-46-17-636
36.44,47.14,15.85,36.27,04-05-23-10-46-17-669
35.74,47.07,21.20,38.58,04-05-23-10-46-17-702
35.39,46.78,24.31,40.09,04-05-23-10-46-17-737
35.27,45.92,28.33,45.81,04-05-23-10-46-17-769
35.35,44.84,32.38,46.34,04-05-23-10-46-17-801
35.51,43.77,35.53,46.16,04-05-23-10-46-17-837
36.27,41.49,37.75,45.15,04-05-23-10-46-17-868
37.19,39.54,40.81,44.74,04-05-23-10-46-17-900
37.80,38.00,42.45,44.30,04-05-23-10-46-17-938
38.24,36.80,44.91,43.48,04-05-23-10-46-17-970
38.85,34.60,45.23,42.71,04-05-23-10-46-18-012
39.15,33.01,49.35,41.69,04-05-23-10-46-18-035
39.34,31.60,53.82,41.96,04-05-23-10-46-18-067
39.48,30.47,56.95,42.21,04-05-23-10-46-18-104
40.08,28.12,58.50,42.01,04-05-23-10-46-18-137
40.18,26.19,61.99,42.03,04-05-23-10-46-18-169
40.38,24.66,63.34,41.85,04-05-23-10-46-18-204
40.65,23.02,66.09,41.67,04-05-23-10-46-18-238
40.99,21.44,67.30,41.38,04-05-23-10-46-18-270
41.25,20.30,68.07,41.12,04-05-23-10-46-18-301
41.29,19.23,69.37,40.91,04-05-23-10-46-18-338
41.29,18.22,70.94,40.63,04-05-23-10-46-18-368
41.38,17.35,72.37,40.33,04-05-23-10-46-18-401
41.45,16.68,74.08,40.05,04-05-23-10-46-18-436
41.49,16.16,75.58,39.87,04-05-23-10-46-18-469
41.51,15.75,76.73,39.79,04-05-23-10-46-18-503
41.51,15.40,78.15,39.74,04-05-23-10-46-18-539
41.50,15.03,79.12,39.74,04-05-23-10-46-18-567
41.48,14.74,79.97,39.77,04-05-23-10-46-18-600
41.44,14.45,80.55,39.82,04-05-23-10-46-18-639
41.40,14.21,80.91,39.86,04-05-23-10-46-18-673
41.36,14.01,81.11,39.89,04-05-23-10-46-18-700
41.31,13.83,81.20,39.93,04-05-23-10-46-18-738
41.27,13.65,81.20,39.97,04-05-23-10-46-18-772
41.22,13.49,81.15,40.02,04-05-23-10-46-18-800
41.17,13.37,81.08,40.07,04-05-23-10-46-18-838
41.13,13.29,81.02,40.10,04-05-23-10-46-18-873
41.08,13.23,80.96,40.13,04-05-23-10-46-18-900
41.04,13.20,80.91,40.15,04-05-23-10-46-18-934
40.99,13.21,80.84,40.19,04-05-23-10-46-18-967
40.93,13.23,80.74,40.23,04-05-23-10-46-19-001
40.87,13.25,80.64,40.26,04-05-23-10-46-19-038
40.79,13.30,80.55,40.31,04-05-23-10-46-19-071
40.71,13.35,80.47,40.36,04-05-23-10-46-19-102
40.64,13.42,80.37,40.38,04-05-23-10-46-19-138
40.58,13.50,80.27,40.40,04-05-23-10-46-19-167
40.51,13.60,80.18,40.41,04-05-23-10-46-19-203
40.44,13.70,79.99,40.40,04-05-23-10-46-19-235
40.37,13.79,79.71,40.38,04-05-23-10-46-19-271
40.31,13.88,79.36,40.35,04-05-23-10-46-19-300
40.24,13.96,78.98,40.33,04-05-23-10-46-19-335
40.14,14.09,78.44,40.33,04-05-23-10-46-19-371
40.05,14.20,77.82,40.35,04-05-23-10-46-19-400
39.98,14.35,76.95,40.37,04-05-23-10-46-19-434
39.93,14.51,75.86,40.40,04-05-23-10-46-19-467
39.91,14.72,74.53,40.41,04-05-23-10-46-19-501
39.89,14.94,72.15,40.38,04-05-23-10-46-19-533
39.89,15.17,69.29,40.41,04-05-23-10-46-19-566
39.91,15.46,66.56,40.53,04-05-23-10-46-19-602
39.95,15.82,62.16,40.76,04-05-23-10-46-19-638
39.58,16.97,58.86,41.30,04-05-23-10-46-19-667
39.10,18.21,54.69,42.06,04-05-23-10-46-19-702
38.13,20.95,51.61,42.98,04-05-23-10-46-19-733
37.53,22.84,49.65,43.53,04-05-23-10-46-19-772
37.18,24.14,43.09,43.86,04-05-23-10-46-19-802
36.95,25.07,37.27,44.59,04-05-23-10-46-19-835
36.79,26.02,29.61,46.82,04-05-23-10-46-19-873
36.69,26.85,22.32,47.63,04-05-23-10-46-19-905
36.65,27.98,17.21,47.70,04-05-23-10-46-19-938
36.65,29.30,8.70,51.22,04-05-23-10-46-19-972
36.58,30.90,-2.71,50.46,04-05-23-10-46-20-002
36.44,35.53,-4.27,45.32,04-05-23-10-46-20-036
36.52,38.88,-8.26,42.73,04-05-23-10-46-20-072
36.83,42.32,-12.31,38.88,04-05-23-10-46-20-102
37.06,44.75,-15.31,37.16,04-05-23-10-46-20-137
37.22,46.40,-20.41,39.51,04-05-23-10-46-20-169
37.30,47.68,-30.25,47.05,04-05-23-10-46-20-206
37.45,49.78,-34.03,57.94,04-05-23-10-46-20-233
37.36,52.10,-36.55,57.66,04-05-23-10-46-20-268
36.59,57.20,-35.34,56.70,04-05-23-10-46-20-303
39.43,66.62,-38.41,49.10,04-05-23-10-46-20-334
40.48,69.63,-42.87,47.77,04-05-23-10-46-20-367
40.98,71.15,-49.47,49.37,04-05-23-10-46-20-403
41.28,72.14,-55.38,50.96,04-05-23-10-46-20-434
41.41,72.88,-58.64,51.94,04-05-23-10-46-20-471
41.34,73.45,-60.47,52.58,04-05-23-10-46-20-501
41.20,73.86,-61.49,53.08,04-05-23-10-46-20-533
41.03,74.14,-62.30,53.71,04-05-23-10-46-20-567
40.85,74.35,-64.37,55.57,04-05-23-10-46-20-603
40.74,74.49,-71.12,65.04,04-05-23-10-46-20-634
40.63,74.61,-73.23,61.79,04-05-23-10-46-20-669
40.12,74.02,-73.03,60.66,04-05-23-10-46-20-701
39.89,73.99,-72.69,59.32,04-05-23-10-46-20-737
39.16,73.05,-71.43,59.15,04-05-23-10-46-20-767
38.42,71.95,-69.93,59.30,04-05-23-10-46-20-804
38.13,71.64,-69.11,58.86,04-05-23-10-46-20-839
37.93,71.48,-68.44,58.43,04-05-23-10-46-20-868
37.80,71.48,-67.90,57.98,04-05-23-10-46-20-902
38.53,76.08,-68.37,54.28,04-05-23-10-46-20-940
38.84,77.46,-68.41,52.75,04-05-23-10-46-20-968
39.21,79.00,-68.57,51.19,04-05-23-10-46-20-999
39.38,79.66,-68.54,50.38,04-05-23-10-46-21-034
39.52,80.04,-68.58,49.83,04-05-23-10-46-21-069
39.63,80.21,-68.65,49.42,04-05-23-10-46-21-103
39.70,80.19,-68.62,49.20,04-05-23-10-46-21-137
39.71,79.87,-68.54,49.14,04-05-23-10-46-21-169
39.55,77.97,-68.55,50.83,04-05-23-10-46-21-201
39.43,76.71,-68.41,51.88,04-05-23-10-46-21-238
39.55,78.18,-68.11,50.92,04-05-23-10-46-21-268
39.54,78.25,-67.89,50.92,04-05-23-10-46-21-300
38.09,74.19,-65.49,55.24,04-05-23-10-46-21-337
37.64,72.52,-64.10,56.56,04-05-23-10-46-21-367
37.44,71.79,-63.42,57.26,04-05-23-10-46-21-403
37.29,71.31,-62.66,57.70,04-05-23-10-46-21-438
36.94,70.42,-61.60,58.52,04-05-23-10-46-21-471
36.81,70.02,-60.90,58.77,04-05-23-10-46-21-503
36.72,69.79,-60.49,58.91,04-05-23-10-46-21-539
36.86,68.77,-59.50,60.48,04-05-23-10-46-21-568
36.88,68.49,-58.56,61.15,04-05-23-10-46-21-601
36.91,68.36,-57.93,61.60,04-05-23-10-46-21-639
36.93,68.34,-56.12,59.90,04-05-23-10-46-21-669
36.98,68.43,-52.05,55.31,04-05-23-10-46-21-701
37.02,68.55,-48.14,53.31,04-05-23-10-46-21-740
37.03,68.68,-46.35,51.77,04-05-23-10-46-21-770
37.04,68.80,-43.04,50.80,04-05-23-10-46-21-800
36.88,68.76,-41.60,50.47,04-05-23-10-46-21-838
36.80,68.69,-35.43,49.50,04-05-23-10-46-21-869
38.55,63.75,-40.47,53.02,04-05-23-10-46-21-898
40.57,60.40,-45.41,55.69,04-05-23-10-46-21-935
42.02,58.65,-38.37,58.13,04-05-23-10-46-21-967
42.98,57.61,-36.76,58.91,04-05-23-10-46-22-004
43.22,55.49,-33.47,59.90,04-05-23-10-46-22-038
43.49,54.21,-31.83,60.29,04-05-23-10-46-22-067
43.60,53.35,-30.82,59.76,04-05-23-10-46-22-103
42.19,51.91,-25.98,58.14,04-05-23-10-46-22-139
40.70,51.07,-21.31,56.77,04-05-23-10-46-22-166
38.11,51.03,-14.41,56.16,04-05-23-10-46-22-201
35.99,51.32,-1.44,50.36,04-05-23-10-46-22-235
34.76,51.32,6.03,48.14,04-05-23-10-46-22-268
33.98,51.26,10.90,47.19,04-05-23-10-46-22-301
33.29,51.52,15.53,47.48,04-05-23-10-46-22-337
32.96,52.03,19.79,48.57,04-05-23-10-46-22-366
32.42,52.20,23.08,50.23,04-05-23-10-46-22-405
32.56,51.68,25.95,50.63,04-05-23-10-46-22-436
33.16,50.69,28.15,50.36,04-05-23-10-46-22-470
34.19,49.16,31.21,49.92,04-05-23-10-46-22-507
35.23,47.52,33.04,49.59,04-05-23-10-46-22-533
35.50,46.78,35.80,50.25,04-05-23-10-46-22-569
36.18,45.13,38.38,50.37,04-05-23-10-46-22-601
37.45,42.64,39.66,49.97,04-05-23-10-46-22-636
38.27,41.09,41.10,49.49,04-05-23-10-46-22-667
38.91,39.89,43.06,48.94,04-05-23-10-46-22-704
39.63,38.52,45.19,48.05,04-05-23-10-46-22-737
40.14,37.50,47.61,47.23,04-05-23-10-46-22-768
41.12,35.34,49.58,45.87,04-05-23-10-46-22-805
41.92,33.65,55.69,45.27,04-05-23-10-46-22-839
42.55,32.41,58.74,44.72,04-05-23-10-46-22-866
43.02,31.41,61.56,44.38,04-05-23-10-46-22-904
43.38,30.56,63.55,44.09,04-05-23-10-46-22-939
43.66,29.95,65.45,43.84,04-05-23-10-46-22-970
43.87,29.43,66.45,43.61,04-05-23-10-46-23-000
44.03,28.99,67.14,43.38,04-05-23-10-46-23-037
44.15,28.54,67.60,43.17,04-05-23-10-46-23-069
44.24,28.09,67.97,42.93,04-05-23-10-46-23-102
44.31,27.73,68.02,41.87,04-05-23-10-46-23-136
44.33,27.33,69.96,41.32,04-05-23-10-46-23-171
44.30,26.93,71.13,40.97,04-05-23-10-46-23-199
44.25,26.55,71.74,40.75,04-05-23-10-46-23-235
44.23,26.27,72.14,40.58,04-05-23-10-46-23-268
44.19,26.05,72.33,40.47,04-05-23-10-46-23-307
44.16,25.88,72.41,40.39,04-05-23-10-46-23-338
44.13,25.74,72.40,40.34,04-05-23-10-46-23-371
44.10,25.63,72.35,40.31,04-05-23-10-46-23-401
44.07,25.54,72.28,40.29,04-05-23-10-46-23-436
44.04,25.47,72.20,40.29,04-05-23-10-46-23-472
44.02,25.40,72.12,40.29,04-05-23-10-46-23-499
43.99,25.35,77.47,41.95,04-05-23-10-46-23-538
43.97,25.31,77.12,41.80,04-05-23-10-46-23-574
43.95,25.28,78.17,42.25,04-05-23-10-46-23-600
43.93,25.25,77.12,41.76,04-05-23-10-46-23-636
43.89,25.16,76.22,41.37,04-05-23-10-46-23-672
43.86,25.09,78.63,42.03,04-05-23-10-46-23-701
43.79,24.99,77.53,41.51,04-05-23-10-46-23-736
43.73,24.89,76.48,41.13,04-05-23-10-46-23-773
43.66,24.80,75.59,40.90,04-05-23-10-46-23-803
43.60,24.69,74.90,40.77,04-05-23-10-46-23-838
43.54,24.58,74.30,40.69,04-05-23-10-46-23-871
43.48,24.49,73.78,40.63,04-05-23-10-46-23-900
43.42,24.40,73.35,40.60,04-05-23-10-46-23-940
43.37,24.32,73.00,40.59,04-05-23-10-46-23-972
43.33,24.24,72.69,40.58,04-05-23-10-46-24-001
43.28,24.19,72.43,40.60,04-05-23-10-46-24-037
43.24,24.13,72.18,40.62,04-05-23-10-46-24-071
43.20,24.07,71.96,40.64,04-05-23-10-46-24-102
43.17,24.00,71.75,40.66,04-05-23-10-46-24-138
43.14,23.93,71.60,40.66,04-05-23-10-46-24-169
43.12,23.89,71.46,40.65,04-05-23-10-46-24-198
43.09,23.87,71.33,40.63,04-05-23-10-46-24-236
43.07,23.86,71.23,40.63,04-05-23-10-46-24-269
43.03,23.87,71.14,40.65,04-05-23-10-46-24-302
43.02,23.88,71.10,40.64,04-05-23-10-46-24-334
43.00,23.89,71.08,40.63,04-05-23-10-46-24-367
42.98,23.89,71.05,40.64,04-05-23-10-46-24-405
42.25,24.39,71.65,41.10,04-05-23-10-46-24-439
42.09,24.47,71.72,41.22,04-05-23-10-46-24-468
41.97,24.53,71.79,41.37,04-05-23-10-46-24-504
41.86,24.57,71.84,41.54,04-05-23-10-46-24-540
41.79,24.59,71.87,41.65,04-05-23-10-46-24-570
41.79,24.66,71.97,41.74,04-05-23-10-46-24-602
41.80,24.71,72.02,41.82,04-05-23-10-46-24-639
41.83,24.74,72.01,41.85,04-05-23-10-46-24-667
41.79,24.77,71.90,41.84,04-05-23-10-46-24-701
41.75,24.79,71.56,41.79,04-05-23-10-46-24-738
41.68,24.84,70.43,41.67,04-05-23-10-46-24-771
41.67,24.91,68.78,41.47,04-05-23-10-46-24-803
41.54,25.35,63.60,39.58,04-05-23-10-46-24-837
41.70,25.93,58.19,39.58,04-05-23-10-46-24-871
42.03,26.59,55.39,39.52,04-05-23-10-46-24-902
42.06,27.29,52.83,39.57,04-05-23-10-46-24-935
42.00,28.07,50.31,39.80,04-05-23-10-46-24-968
41.89,28.93,47.68,40.23,04-05-23-10-46-25-002
41.80,30.14,37.98,40.89,04-05-23-10-46-25-034
41.67,31.36,31.84,41.55,04-05-23-10-46-25-068
41.46,32.77,27.37,42.14,04-05-23-10-46-25-104
41.21,34.77,23.38,43.37,04-05-23-10-46-25-134
41.05,36.58,20.24,44.08,04-05-23-10-46-25-170
40.82,38.36,17.55,44.74,04-05-23-10-46-25-202
40.51,40.28,12.04,44.71,04-05-23-10-46-25-235
38.95,45.22,10.84,41.24,04-05-23-10-46-25-268
38.14,48.39,9.14,42.80,04-05-23-10-46-25-301
37.68,50.38,-8.11,36.60,04-05-23-10-46-25-340
37.35,51.74,-9.70,43.38,04-05-23-10-46-25-369
37.20,53.00,-10.77,44.37,04-05-23-10-46-25-401
37.06,53.96,-11.39,48.08,04-05-23-10-46-25-438
37.51,54.85,-16.91,49.67,04-05-23-10-46-25-473
37.88,55.32,-21.03,50.51,04-05-23-10-46-25-502
38.19,55.53,-24.71,55.38,04-05-23-10-46-25-541
38.45,55.62,-26.45,57.19,04-05-23-10-46-25-569
38.54,56.02,-27.23,58.05,04-05-23-10-46-25-602
38.59,56.57,-27.66,58.51,04-05-23-10-46-25-638
38.73,57.29,-28.70,58.07,04-05-23-10-46-25-670
38.94,58.23,-29.80,57.48,04-05-23-10-46-25-700
39.20,59.14,-33.11,56.65,04-05-23-10-46-25-736
39.97,61.52,-38.13,55.60,04-05-23-10-46-25-771
40.50,63.13,-41.92,54.76,04-05-23-10-46-25-801
40.99,64.65,-46.49,56.08,04-05-23-10-46-25-836
40.89,65.81,-50.30,56.61,04-05-23-10-46-25-870
40.75,66.69,-52.40,56.61,04-05-23-10-46-25-906
40.62,67.39,-56.66,56.26,04-05-23-10-46-25-935
40.52,67.90,-57.54,55.48,04-05-23-10-46-25-974
40.44,68.27,-58.59,55.28,04-05-23-10-46-26-004
40.41,68.56,-59.72,57.24,04-05-23-10-46-26-039
40.37,68.88,-60.30,58.32,04-05-23-10-46-26-071
40.31,69.28,-60.81,59.54,04-05-23-10-46-26-100
40.22,69.62,-61.10,59.89,04-05-23-10-46-26-138
40.15,69.95,-61.33,60.14,04-05-23-10-46-26-171
40.02,70.34,-62.65,60.05,04-05-23-10-46-26-201
39.91,70.74,-63.32,59.80,04-05-23-10-46-26-236
39.71,71.16,-63.51,59.25,04-05-23-10-46-26-273
39.55,71.52,-63.56,58.73,04-05-23-10-46-26-303
39.40,71.82,-63.56,58.10,04-05-23-10-46-26-333
39.25,72.05,-63.43,57.58,04-05-23-10-46-26-367
39.13,72.23,-63.28,57.12,04-05-23-10-46-26-405
39.04,72.38,-64.96,57.83,04-05-23-10-46-26-434
38.93,72.48,-63.95,56.32,04-05-23-10-46-26-467
38.67,69.37,-63.95,58.91,04-05-23-10-46-26-506
38.47,66.50,-62.96,60.66,04-05-23-10-46-26-536
38.31,63.91,-62.21,62.49,04-05-23-10-46-26-570
38.23,63.25,-61.78,62.89,04-05-23-10-46-26-602
38.13,63.13,-61.42,62.88,04-05-23-10-46-26-639
38.02,63.44,-61.13,62.67,04-05-23-10-46-26-670
37.87,64.56,-61.29,62.39,04-05-23-10-46-26-702
37.79,65.73,-61.16,61.65,04-05-23-10-46-26-738
37.74,66.85,-61.00,60.84,04-05-23-10-46-26-770
37.71,67.89,-60.61,58.21,04-05-23-10-46-26-804
37.71,68.77,-59.70,55.90,04-05-23-10-46-26-840
37.71,69.51,-59.08,54.50,04-05-23-10-46-26-868
37.67,70.20,-58.64,53.45,04-05-23-10-46-26-906
37.66,70.72,-58.20,53.16,04-05-23-10-46-26-939
37.64,71.10,-57.34,52.73,04-05-23-10-46-26-966
37.64,71.38,-56.65,53.23,04-05-23-10-46-27-006
37.66,71.56,-56.05,53.19,04-05-23-10-46-27-038
37.68,71.69,-55.51,53.09,04-05-23-10-46-27-067
37.71,71.76,-55.02,52.96,04-05-23-10-46-27-107
37.73,71.82,-54.60,52.77,04-05-23-10-46-27-138
37.75,71.84,-52.07,51.69,04-05-23-10-46-27-170
37.77,71.81,-46.52,48.45,04-05-23-10-46-27-205
37.78,71.81,-43.00,47.98,04-05-23-10-46-27-239
37.79,71.80,-39.69,48.84,04-05-23-10-46-27-270
37.78,71.73,-37.86,48.84,04-05-23-10-46-27-306
37.73,71.53,-30.99,46.49,04-05-23-10-46-27-338
37.67,71.27,-29.28,46.48,04-05-23-10-46-27-371
37.44,70.51,-25.87,45.77,04-05-23-10-46-27-402
39.60,66.05,-31.57,47.87,04-05-23-10-46-27-438
41.13,63.15,-33.49,48.02,04-05-23-10-46-27-468
42.16,61.34,-34.55,48.00,04-05-23-10-46-27-502
40.74,58.54,-23.76,48.94,04-05-23-10-46-27-537
39.40,56.38,-20.36,50.26,04-05-23-10-46-27-570
37.37,55.10,-16.36,51.85,04-05-23-10-46-27-603
35.99,54.30,-13.76,53.00,04-05-23-10-46-27-638
35.05,53.79,-12.05,53.78,04-05-23-10-46-27-670
34.47,53.41,1.84,50.59,04-05-23-10-46-27-703
34.12,53.18,16.12,46.82,04-05-23-10-46-27-738
33.95,53.45,24.69,47.86,04-05-23-10-46-27-766
33.80,54.27,30.20,49.41,04-05-23-10-46-27-800
33.62,54.99,34.38,51.05,04-05-23-10-46-27-836
34.10,54.33,36.17,51.93,04-05-23-10-46-27-871
34.80,53.24,37.22,52.14,04-05-23-10-46-27-903
35.51,52.17,38.24,52.10,04-05-23-10-46-27-936
36.21,50.78,40.47,51.64,04-05-23-10-46-27-970
36.84,49.35,43.50,50.70,04-05-23-10-46-28-002
37.38,47.90,46.61,49.85,04-05-23-10-46-28-037
38.25,45.15,48.12,48.41,04-05-23-10-46-28-070
39.34,42.16,48.74,46.94,04-05-23-10-46-28-100
40.04,40.21,50.52,46.05,04-05-23-10-46-28-134
40.66,38.47,52.06,45.21,04-05-23-10-46-28-166
41.44,36.49,55.07,45.46,04-05-23-10-46-28-202
41.88,35.28,60.56,45.46,04-05-23-10-46-28-238
42.28,34.14,62.34,45.17,04-05-23-10-46-28-266
42.67,33.21,63.14,44.67,04-05-23-10-46-28-301
43.06,32.38,63.62,44.04,04-05-23-10-46-28-340
43.35,31.78,63.90,43.52,04-05-23-10-46-28-371
43.58,31.27,63.98,43.10,04-05-23-10-46-28-400
43.77,30.76,64.00,42.69,04-05-23-10-46-28-434
43.94,30.33,63.94,42.31,04-05-23-10-46-28-468
44.08,29.97,64.08,41.96,04-05-23-10-46-28-502
44.19,29.67,71.27,43.15,04-05-23-10-46-28-536
44.27,29.39,72.49,42.97,04-05-23-10-46-28-570
44.33,29.16,73.23,42.67,04-05-23-10-46-28-600
44.38,28.96,73.54,42.32,04-05-23-10-46-28-637
44.42,28.78,74.47,42.48,04-05-23-10-46-28-669
44.44,28.61,74.97,42.57,04-05-23-10-46-28-703
44.45,28.42,73.96,41.36,04-05-23-10-46-28-739
44.46,28.25,75.07,41.65,04-05-23-10-46-28-773
44.46,28.10,75.63,41.75,04-05-23-10-46-28-799
44.46,27.93,74.31,40.96,04-05-23-10-46-28-838
44.46,27.79,73.85,41.22,04-05-23-10-46-28-875
44.45,27.65,72.29,40.41,04-05-23-10-46-28-900
44.44,27.54,71.11,39.86,04-05-23-10-46-28-935
44.43,27.44,70.27,39.50,04-05-23-10-46-28-966
44.41,27.33,69.65,39.28,04-05-23-10-46-29-004
44.39,27.21,69.19,39.15,04-05-23-10-46-29-038
44.36,27.11,68.85,39.08,04-05-23-10-46-29-066
44.33,27.02,68.59,39.05,04-05-23-10-46-29-101
44.30,26.93,68.39,39.05,04-05-23-10-46-29-137
44.27,26.84,68.23,39.09,04-05-23-10-46-29-171
44.23,26.76,68.11,39.14,04-05-23-10-46-29-204
44.19,26.68,68.02,39.23,04-05-23-10-46-29-234
44.15,26.61,67.96,39.31,04-05-23-10-46-29-267
44.12,26.54,67.92,39.38,04-05-23-10-46-29-304
44.08,26.48,67.90,39.46,04-05-23-10-46-29-340
44.05,26.44,67.90,39.54,04-05-23-10-46-29-371
44.02,26.39,67.91,39.62,04-05-23-10-46-29-400
43.99,26.36,68.20,39.07,04-05-23-10-46-29-434
43.96,26.33,68.51,38.53,04-05-23-10-46-29-469
43.94,26.31,68.77,38.07,04-05-23-10-46-29-504
43.91,26.29,68.96,37.71,04-05-23-10-46-29-537
43.89,26.28,69.09,37.42,04-05-23-10-46-29-572
43.87,26.27,69.19,37.19,04-05-23-10-46-29-602
43.85,26.27,69.27,37.02,04-05-23-10-46-29-634
43.84,26.27,68.85,37.03,04-05-23-10-46-29-672
42.91,26.75,68.08,37.84,04-05-23-10-46-29-705
42.80,27.09,67.97,38.25,04-05-23-10-46-29-736
42.74,27.36,67.75,38.69,04-05-23-10-46-29-771
42.71,27.58,67.49,39.08,04-05-23-10-46-29-802
42.72,27.78,67.18,39.45,04-05-23-10-46-29-833
42.48,28.14,67.16,39.99,04-05-23-10-46-29-872
42.44,28.35,66.96,40.36,04-05-23-10-46-29-901
42.26,28.67,65.94,40.23,04-05-23-10-46-29-934
42.06,28.96,65.25,40.15,04-05-23-10-46-29-972
41.71,29.36,64.79,40.08,04-05-23-10-46-30-004
41.40,29.67,64.11,40.29,04-05-23-10-46-30-036
41.11,29.92,63.81,40.58,04-05-23-10-46-30-070
40.88,30.12,63.54,40.89,04-05-23-10-46-30-106
41.45,30.27,63.27,40.65,04-05-23-10-46-30-137
41.14,30.54,63.29,40.75,04-05-23-10-46-30-172
41.51,30.54,63.00,40.29,04-05-23-10-46-30-203
41.55,30.61,62.85,40.28,04-05-23-10-46-30-235
41.81,30.66,62.77,40.14,04-05-23-10-46-30-270
41.85,30.73,62.63,40.12,04-05-23-10-46-30-302
41.93,30.73,62.46,40.22,04-05-23-10-46-30-338
41.64,30.81,62.32,40.55,04-05-23-10-46-30-370
41.34,30.87,62.19,40.91,04-05-23-10-46-30-402
41.31,30.80,61.68,40.87,04-05-23-10-46-30-438
41.36,30.71,61.16,40.85,04-05-23-10-46-30-467
41.45,30.60,60.78,40.84,04-05-23-10-46-30-503
41.45,30.58,60.59,40.87,04-05-23-10-46-30-540
41.47,30.56,60.46,40.91,04-05-23-10-46-30-568
41.45,30.55,60.09,40.74,04-05-23-10-46-30-604
41.23,30.59,59.46,40.57,04-05-23-10-46-30-635
41.17,30.57,58.98,40.42,04-05-23-10-46-30-671
40.91,30.62,58.53,40.51,04-05-23-10-46-30-705
40.46,30.74,58.08,40.71,04-05-23-10-46-30-740
40.48,30.80,57.80,41.16,04-05-23-10-46-30-771
40.19,31.13,58.10,41.46,04-05-23-10-46-30-802
39.91,31.46,57.78,41.32,04-05-23-10-46-30-841
39.66,31.76,58.10,41.65,04-05-23-10-46-30-870
39.45,31.99,57.95,41.76,04-05-23-10-46-30-904
39.25,32.18,57.86,42.09,04-05-23-10-46-30-938
39.08,32.33,57.80,42.30,04-05-23-10-46-30-970
38.98,32.44,57.61,42.43,04-05-23-10-46-31-004
38.89,32.53,57.49,42.56,04-05-23-10-46-31-040
38.81,32.62,57.28,42.69,04-05-23-10-46-31-066
38.74,32.69,57.11,42.81,04-05-23-10-46-31-102
38.65,32.76,56.96,42.97,04-05-23-10-46-31-137
38.57,32.84,56.62,43.08,04-05-23-10-46-31-168
38.49,32.91,55.95,43.17,04-05-23-10-46-31-206
38.41,32.95,55.26,43.24,04-05-23-10-46-31-238
38.36,32.98,54.74,43.32,04-05-23-10-46-31-272
38.30,33.02,54.11,43.48,04-05-23-10-46-31-301
38.25,33.06,53.55,43.60,04-05-23-10-46-31-341
38.19,33.09,53.10,43.73,04-05-23-10-46-31-369
38.13,33.14,52.67,43.82,04-05-23-10-46-31-409
38.08,33.17,52.00,43.74,04-05-23-10-46-31-439
38.02,33.21,51.44,43.66,04-05-23-10-46-31-474
37.97,33.25,51.08,43.62,04-05-23-10-46-31-506
37.92,33.28,50.81,43.62,04-05-23-10-46-31-534
37.88,33.33,50.78,43.88,04-05-23-10-46-31-568
37.84,33.38,50.78,44.22,04-05-23-10-46-31-600
37.81,33.42,50.59,44.35,04-05-23-10-46-31-644
37.78,33.45,50.39,44.45,04-05-23-10-46-31-666
37.79,33.56,50.24,44.50,04-05-23-10-46-31-702
37.79,33.67,50.10,44.54,04-05-23-10-46-31-740
37.79,33.76,49.99,44.57,04-05-23-10-46-31-766
37.80,33.86,49.90,44.57,04-05-23-10-46-31-804
37.84,34.04,49.86,44.54,04-05-23-10-46-31-840
38.00,34.27,49.78,44.46,04-05-23-10-46-31-871
38.12,34.60,49.77,44.41,04-05-23-10-46-31-904
38.27,34.81,49.75,44.34,04-05-23-10-46-31-937
38.34,35.08,49.84,44.30,04-05-23-10-46-31-971
38.37,35.22,49.93,44.27,04-05-23-10-46-32-000
38.37,35.29,50.07,44.26,04-05-23-10-46-32-034
38.34,35.30,50.45,44.19,04-05-23-10-46-32-070
38.31,35.30,51.88,44.14,04-05-23-10-46-32-101
38.27,35.26,52.50,44.14,04-05-23-10-46-32-137
38.33,35.15,52.96,44.15,04-05-23-10-46-32-172
38.34,34.99,53.20,44.16,04-05-23-10-46-32-205
38.37,34.79,53.32,44.18,04-05-23-10-46-32-238
38.36,34.65,53.41,44.21,04-05-23-10-46-32-269
38.34,34.55,53.65,44.29,04-05-23-10-46-32-300
38.29,34.44,53.82,44.37,04-05-23-10-46-32-337
38.24,34.34,54.65,43.34,04-05-23-10-46-32-372
38.19,34.24,55.23,42.53,04-05-23-10-46-32-400
38.13,34.16,55.48,41.99,04-05-23-10-46-32-437
38.07,34.09,55.58,41.68,04-05-23-10-46-32-470
38.06,34.08,55.53,41.46,04-05-23-10-46-32-499
38.04,34.07,55.49,41.32,04-05-23-10-46-32-537
38.02,34.08,55.42,41.24,04-05-23-10-46-32-571
37.99,34.08,55.27,41.19,04-05-23-10-46-32-604
37.99,34.05,55.07,41.16,04-05-23-10-46-32-638
37.98,34.05,54.97,41.18,04-05-23-10-46-32-669
37.97,34.07,54.84,41.22,04-05-23-10-46-32-702
38.02,34.03,54.03,41.14,04-05-23-10-46-32-739
38.12,33.90,52.57,40.92,04-05-23-10-46-32-767
38.17,32.70,48.36,39.78,04-05-23-10-46-32-799
38.19,31.57,36.92,36.02,04-05-23-10-46-32-837
38.25,30.74,26.27,33.33,04-05-23-10-46-32-866
38.33,29.97,666.00,28.24,04-05-23-10-46-32-905
38.41,29.25,666.00,26.50,04-05-23-10-46-32-932
38.43,29.01,666.00,24.53,04-05-23-10-46-32-969
38.14,28.78,666.00,26.48,04-05-23-10-46-33-002
35.83,28.72,666.00,26.83,04-05-23-10-46-33-037
26.26,29.77,666.00,21.71,04-05-23-10-46-33-071
21.44,31.70,666.00,20.85,04-05-23-10-46-33-102
18.65,33.28,666.00,19.92,04-05-23-10-46-33-136
17.04,33.97,666.00,19.37,04-05-23-10-46-33-174
15.95,34.15,666.00,18.72,04-05-23-10-46-33-202
15.21,33.98,666.00,17.20,04-05-23-10-46-33-236
14.91,33.20,666.00,12.85,04-05-23-10-46-33-272
14.97,31.60,666.00,11.34,04-05-23-10-46-33-302
15.42,28.81,666.00,13.51,04-05-23-10-46-33-340
16.28,24.70,666.00,16.12,04-05-23-10-46-33-372
17.06,18.44,666.00,19.30,04-05-23-10-46-33-403
17.59,14.36,666.00,21.47,04-05-23-10-46-33-437
17.85,11.64,666.00,22.93,04-05-23-10-46-33-472
17.89,9.74,666.00,23.55,04-05-23-10-46-33-504
17.82,8.55,666.00,22.44,04-05-23-10-46-33-535
17.65,7.80,666.00,18.59,04-05-23-10-46-33-572
17.44,7.49,666.00,15.53,04-05-23-10-46-33-604
17.08,7.68,666.00,15.04,04-05-23-10-46-33-638
16.69,8.15,666.00,17.50,04-05-23-10-46-33-671
16.23,8.80,666.00,18.54,04-05-23-10-46-33-702
15.75,9.68,666.00,18.97,04-05-23-10-46-33-737
15.29,10.58,666.00,17.60,04-05-23-10-46-33-785
14.86,11.48,666.00,15.84,04-05-23-10-46-33-802
14.53,12.33,666.00,13.42,04-05-23-10-46-33-841
14.20,13.25,666.00,11.30,04-05-23-10-46-33-870
13.90,14.17,666.00,9.63,04-05-23-10-46-33-904
13.62,15.40,666.00,8.56,04-05-23-10-46-33-937
13.54,15.92,666.00,8.40,04-05-23-10-46-33-968
13.72,15.76,666.00,8.79,04-05-23-10-46-34-001
14.03,15.40,666.00,9.32,04-05-23-10-46-34-038
14.30,15.11,666.00,9.76,04-05-23-10-46-34-073
14.29,16.76,666.00,9.26,04-05-23-10-46-34-104
14.31,17.81,666.00,8.72,04-05-23-10-46-34-138
14.41,18.27,666.00,8.34,04-05-23-10-46-34-167
14.37,19.30,666.00,8.00,04-05-23-10-46-34-202
14.54,19.72,666.00,7.78,04-05-23-10-46-34-238
14.75,19.53,666.00,7.95,04-05-23-10-46-34-268
14.88,19.46,666.00,8.10,04-05-23-10-46-34-303
14.90,19.77,666.00,8.22,04-05-23-10-46-34-339
14.89,19.93,666.00,8.46,04-05-23-10-46-34-373
14.54,20.95,666.00,9.17,04-05-23-10-46-34-405
14.46,21.06,666.00,9.62,04-05-23-10-46-34-435
14.80,19.86,666.00,10.14,04-05-23-10-46-34-467
15.17,18.71,666.00,10.44,04-05-23-10-46-34-502
15.47,17.68,666.00,10.54,04-05-23-10-46-34-535
15.87,16.59,666.00,10.24,04-05-23-10-46-34-567
15.99,16.02,666.00,9.53,04-05-23-10-46-34-603
15.94,15.15,666.00,8.94,04-05-23-10-46-34-634
