11.87,-36.38,666.00,23.40,22-05-23-08-16-24-020
11.88,-36.68,666.00,23.04,22-05-23-08-16-24-034
11.89,-37.02,666.00,22.73,22-05-23-08-16-24-063
11.90,-37.46,666.00,22.47,22-05-23-08-16-24-098
11.92,-38.10,666.00,22.29,22-05-23-08-16-24-129
11.96,-38.93,666.00,22.28,22-05-23-08-16-24-163
11.99,-39.65,666.00,22.26,22-05-23-08-16-24-198
12.02,-40.30,666.00,22.31,22-05-23-08-16-24-232
12.04,-40.83,666.00,22.37,22-05-23-08-16-24-268
12.04,-41.13,666.00,22.43,22-05-23-08-16-24-297
12.05,-41.38,666.00,22.44,22-05-23-08-16-24-334
12.07,-41.62,666.00,22.43,22-05-23-08-16-24-364
12.06,-41.79,666.00,22.51,22-05-23-08-16-24-395
12.04,-41.85,666.00,22.69,22-05-23-08-16-24-429
11.94,-41.58,666.00,23.24,22-05-23-08-16-24-464
11.83,-40.75,666.00,25.01,22-05-23-08-16-24-496
11.62,-38.84,666.00,25.68,22-05-23-08-16-24-529
10.96,-33.45,666.00,26.93,22-05-23-08-16-24-564
10.11,-23.91,666.00,28.49,22-05-23-08-16-24-597
9.62,-8.92,666.00,29.86,22-05-23-08-16-24-631
9.92,5.73,0.99,32.18,22-05-23-08-16-24-662
11.06,19.94,666.00,29.54,22-05-23-08-16-24-696
12.82,31.17,0.90,32.61,22-05-23-08-16-24-729
16.37,43.26,2.85,32.67,22-05-23-08-16-24-761
21.21,50.69,0.10,33.00,22-05-23-08-16-24-797
26.76,54.11,-0.43,30.66,22-05-23-08-16-24-827
31.64,55.16,-2.72,31.84,22-05-23-08-16-24-866
34.86,54.98,-2.77,36.28,22-05-23-08-16-24-900
43.61,53.27,-17.21,33.65,22-05-23-08-16-24-931
47.03,52.06,-22.08,43.43,22-05-23-08-16-24-966
50.71,51.31,-22.23,46.92,22-05-23-08-16-24-996
58.53,51.12,-36.71,40.98,22-05-23-08-16-25-030
62.02,51.25,-41.33,39.33,22-05-23-08-16-25-065
64.43,51.54,-21.67,48.36,22-05-23-08-16-25-098
67.54,52.54,-18.86,46.22,22-05-23-08-16-25-128
70.24,52.92,-17.43,44.38,22-05-23-08-16-25-162
76.97,53.22,-22.82,38.29,22-05-23-08-16-25-197
85.69,53.59,-36.26,30.49,22-05-23-08-16-25-231
93.46,55.11,666.00,21.68,22-05-23-08-16-25-263
96.32,53.93,666.00,22.63,22-05-23-08-16-25-296
98.30,52.88,666.00,25.84,22-05-23-08-16-25-333
100.98,52.20,666.00,26.73,22-05-23-08-16-25-365
102.85,51.32,666.00,28.26,22-05-23-08-16-25-401
104.27,50.40,-41.95,30.56,22-05-23-08-16-25-428
110.44,50.01,666.00,24.69,22-05-23-08-16-25-463
117.67,45.74,666.00,24.18,22-05-23-08-16-25-497
120.11,44.05,666.00,24.85,22-05-23-08-16-25-532
121.56,43.20,666.00,25.71,22-05-23-08-16-25-564
125.47,45.92,666.00,21.78,22-05-23-08-16-25-597
126.96,46.66,666.00,21.76,22-05-23-08-16-25-632
127.83,46.68,666.00,22.36,22-05-23-08-16-25-662
128.49,46.43,666.00,23.61,22-05-23-08-16-25-700
128.91,45.56,666.00,25.32,22-05-23-08-16-25-732
129.22,44.55,666.00,26.19,22-05-23-08-16-25-762
129.71,43.31,666.00,26.38,22-05-23-08-16-25-799
130.16,42.06,666.00,26.32,22-05-23-08-16-25-829
130.50,41.02,666.00,26.22,22-05-23-08-16-25-865
130.56,40.51,666.00,26.13,22-05-23-08-16-25-897
130.48,40.17,666.00,26.11,22-05-23-08-16-25-928
130.32,40.00,666.00,26.05,22-05-23-08-16-25-962
129.64,39.56,666.00,26.47,22-05-23-08-16-25-996
128.40,39.05,666.00,27.06,22-05-23-08-16-26-029
127.55,38.98,666.00,26.01,22-05-23-08-16-26-063
126.13,39.26,666.00,23.54,22-05-23-08-16-26-096
122.16,39.65,666.00,24.68,22-05-23-08-16-26-132
118.88,40.13,666.00,23.24,22-05-23-08-16-26-165
115.53,40.57,666.00,24.11,22-05-23-08-16-26-200
113.12,41.31,666.00,21.19,22-05-23-08-16-26-231
108.44,40.98,666.00,24.54,22-05-23-08-16-26-264
102.62,40.89,666.00,28.00,22-05-23-08-16-26-299
99.15,41.11,666.00,26.68,22-05-23-08-16-26-333
97.02,41.29,666.00,23.39,22-05-23-08-16-26-360
86.62,40.50,666.00,29.17,22-05-23-08-16-26-396
79.76,39.74,-35.58,33.06,22-05-23-08-16-26-430
73.63,38.14,-33.13,33.31,22-05-23-08-16-26-464
67.83,36.51,-27.95,36.17,22-05-23-08-16-26-498
61.31,34.80,-21.50,36.16,22-05-23-08-16-26-529
55.92,33.44,-10.62,40.22,22-05-23-08-16-26-562
51.99,32.22,-4.94,41.95,22-05-23-08-16-26-600
48.54,30.77,666.00,29.43,22-05-23-08-16-26-628
43.70,28.11,666.00,26.35,22-05-23-08-16-26-667
38.98,25.08,666.00,22.14,22-05-23-08-16-26-698
35.33,22.07,666.00,23.24,22-05-23-08-16-26-730
32.04,18.25,666.00,20.67,22-05-23-08-16-26-764
28.85,12.74,666.00,22.43,22-05-23-08-16-26-798
26.01,5.62,666.00,24.42,22-05-23-08-16-26-829
24.02,-1.15,666.00,26.28,22-05-23-08-16-26-863
20.63,-14.80,666.00,28.75,22-05-23-08-16-26-896
19.48,-23.48,666.00,29.38,22-05-23-08-16-26-931
18.45,-38.33,4.15,31.45,22-05-23-08-16-26-963
18.29,-44.55,4.72,30.06,22-05-23-08-16-26-999
17.76,-46.68,666.00,27.17,22-05-23-08-16-27-029
17.49,-49.38,666.00,24.37,22-05-23-08-16-27-064
17.39,-51.44,666.00,21.27,22-05-23-08-16-27-097
17.35,-53.50,666.00,19.29,22-05-23-08-16-27-128
16.95,-54.51,666.00,8.65,22-05-23-08-16-27-163
16.87,-55.86,666.00,2.97,22-05-23-08-16-27-197
17.06,-57.31,666.00,8.94,22-05-23-08-16-27-228
17.35,-58.53,666.00,9.30,22-05-23-08-16-27-264
17.53,-59.30,666.00,12.13,22-05-23-08-16-27-296
17.83,-60.03,666.00,14.83,22-05-23-08-16-27-331
18.07,-60.48,666.00,17.08,22-05-23-08-16-27-364
18.25,-60.74,666.00,18.86,22-05-23-08-16-27-397
18.35,-60.86,666.00,20.29,22-05-23-08-16-27-429
18.39,-60.86,666.00,21.46,22-05-23-08-16-27-465
17.98,-60.28,666.00,20.74,22-05-23-08-16-27-496
16.90,-58.86,666.00,18.20,22-05-23-08-16-27-532
14.80,-55.24,666.00,20.36,22-05-23-08-16-27-566
12.36,-47.58,666.00,20.54,22-05-23-08-16-27-597
10.20,-35.08,666.00,25.07,22-05-23-08-16-27-634
8.59,-13.52,666.00,23.73,22-05-23-08-16-27-662
8.97,-0.43,666.00,28.30,22-05-23-08-16-27-696
10.86,18.06,7.35,30.03,22-05-23-08-16-27-730
14.91,33.29,666.00,28.82,22-05-23-08-16-27-763
20.10,42.46,666.00,28.14,22-05-23-08-16-27-798
25.80,46.39,-5.20,30.76,22-05-23-08-16-27-831
31.70,47.92,-9.08,31.23,22-05-23-08-16-27-864
36.06,48.60,-8.84,36.63,22-05-23-08-16-27-898
42.25,49.79,-14.13,40.65,22-05-23-08-16-27-929
47.97,50.86,-17.65,46.11,22-05-23-08-16-27-963
56.49,52.67,-34.61,37.68,22-05-23-08-16-27-998
60.74,53.17,-22.66,47.23,22-05-23-08-16-28-029
62.98,53.07,-18.38,50.15,22-05-23-08-16-28-064
67.00,52.93,-22.38,46.96,22-05-23-08-16-28-098
69.81,52.46,-22.65,47.89,22-05-23-08-16-28-129
77.94,52.88,-34.53,38.02,22-05-23-08-16-28-164
83.70,52.73,-36.79,34.25,22-05-23-08-16-28-195
92.30,52.82,666.00,24.57,22-05-23-08-16-28-228
95.19,52.48,666.00,24.53,22-05-23-08-16-28-264
96.84,51.99,666.00,25.64,22-05-23-08-16-28-296
100.22,51.82,666.00,23.85,22-05-23-08-16-28-330
103.47,50.86,666.00,26.99,22-05-23-08-16-28-364
109.12,46.98,666.00,27.25,22-05-23-08-16-28-395
111.71,45.19,666.00,28.53,22-05-23-08-16-28-428
113.01,44.14,-68.40,30.71,22-05-23-08-16-28-462
114.08,43.86,-68.09,30.79,22-05-23-08-16-28-496
115.17,44.08,-66.61,30.26,22-05-23-08-16-28-529
115.89,44.33,-64.29,30.04,22-05-23-08-16-28-565
116.39,44.54,-61.11,30.24,22-05-23-08-16-28-597
117.40,44.90,666.00,29.36,22-05-23-08-16-28-630
118.05,45.04,666.00,29.16,22-05-23-08-16-28-664
123.09,46.41,666.00,23.46,22-05-23-08-16-28-696
124.77,46.81,666.00,21.87,22-05-23-08-16-28-732
125.61,47.00,666.00,21.33,22-05-23-08-16-28-761
126.15,47.11,666.00,20.97,22-05-23-08-16-28-799
126.46,47.14,666.00,20.80,22-05-23-08-16-28-830
126.57,47.13,666.00,20.85,22-05-23-08-16-28-863
125.74,46.77,666.00,22.07,22-05-23-08-16-28-896
124.78,46.45,666.00,22.51,22-05-23-08-16-28-927
123.88,46.25,666.00,21.62,22-05-23-08-16-28-966
122.83,46.25,666.00,20.34,22-05-23-08-16-28-996
120.91,46.82,666.00,20.00,22-05-23-08-16-29-029
118.22,47.78,666.00,19.41,22-05-23-08-16-29-066
113.51,49.09,666.00,20.76,22-05-23-08-16-29-104
108.49,49.74,666.00,22.10,22-05-23-08-16-29-132
99.73,48.22,666.00,27.65,22-05-23-08-16-29-164
90.27,45.74,-38.42,34.18,22-05-23-08-16-29-196
84.28,45.02,-32.82,36.61,22-05-23-08-16-29-234
75.85,43.46,-23.17,40.47,22-05-23-08-16-29-265
72.23,42.78,-21.33,40.44,22-05-23-08-16-29-299
68.95,41.89,-21.39,40.26,22-05-23-08-16-29-334
64.67,40.31,-22.32,40.06,22-05-23-08-16-29-367
60.97,39.08,-24.14,38.57,22-05-23-08-16-29-396
55.87,36.61,-22.83,39.55,22-05-23-08-16-29-432
51.37,34.11,-15.64,43.79,22-05-23-08-16-29-464
46.32,31.16,-16.41,43.80,22-05-23-08-16-29-498
42.23,29.39,-19.95,36.67,22-05-23-08-16-29-527
39.90,28.08,666.00,27.18,22-05-23-08-16-29-565
36.42,25.54,666.00,25.73,22-05-23-08-16-29-596
32.82,21.64,666.00,26.54,22-05-23-08-16-29-631
30.27,17.80,666.00,26.12,22-05-23-08-16-29-664
26.24,5.82,-15.30,32.00,22-05-23-08-16-29-696
24.61,-1.14,-12.74,33.79,22-05-23-08-16-29-733
23.70,-6.44,-14.16,32.96,22-05-23-08-16-29-766
21.86,-14.31,-10.50,33.41,22-05-23-08-16-29-797
21.05,-18.61,666.00,29.22,22-05-23-08-16-29-830
19.91,-40.23,-1.16,35.75,22-05-23-08-16-29-865
19.77,-47.63,1.41,36.28,22-05-23-08-16-29-895
19.72,-52.14,1.22,34.38,22-05-23-08-16-29-932
19.53,-54.66,0.57,32.64,22-05-23-08-16-29-963
19.35,-56.42,-0.61,31.14,22-05-23-08-16-29-999
19.07,-57.41,666.00,28.25,22-05-23-08-16-30-027
18.55,-57.98,666.00,23.35,22-05-23-08-16-30-062
18.21,-58.42,666.00,21.74,22-05-23-08-16-30-099
17.95,-58.75,666.00,20.71,22-05-23-08-16-30-131
17.85,-59.37,666.00,20.26,22-05-23-08-16-30-166
17.73,-59.81,666.00,20.00,22-05-23-08-16-30-195
17.88,-61.07,666.00,20.44,22-05-23-08-16-30-227
18.01,-62.06,666.00,20.94,22-05-23-08-16-30-264
18.08,-62.70,666.00,21.34,22-05-23-08-16-30-298
18.06,-63.12,666.00,21.66,22-05-23-08-16-30-332
18.04,-63.40,666.00,21.99,22-05-23-08-16-30-364
18.02,-63.55,666.00,22.37,22-05-23-08-16-30-396
17.59,-63.57,666.00,22.39,22-05-23-08-16-30-430
16.92,-62.79,666.00,22.97,22-05-23-08-16-30-467
15.92,-60.92,666.00,21.97,22-05-23-08-16-30-500
14.80,-58.18,666.00,20.81,22-05-23-08-16-30-529
13.44,-53.46,666.00,24.66,22-05-23-08-16-30-563
12.20,-47.06,666.00,25.33,22-05-23-08-16-30-596
11.16,-38.33,666.00,26.19,22-05-23-08-16-30-634
10.71,-31.51,11.19,30.25,22-05-23-08-16-30-663
10.71,-23.40,12.87,35.57,22-05-23-08-16-30-698
13.20,13.01,666.00,29.60,22-05-23-08-16-30-734
16.79,27.47,8.48,31.19,22-05-23-08-16-30-764
21.27,35.06,4.92,34.13,22-05-23-08-16-30-798
26.28,40.40,4.54,37.48,22-05-23-08-16-30-829
35.14,45.32,-4.73,34.22,22-05-23-08-16-30-862
40.74,47.01,-8.22,39.59,22-05-23-08-16-30-897
46.70,48.43,-13.04,42.38,22-05-23-08-16-30-929
51.25,49.12,-14.78,46.43,22-05-23-08-16-30-964
58.44,49.42,-17.89,52.07,22-05-23-08-16-30-997
65.51,50.57,-20.76,50.19,22-05-23-08-16-31-031
70.31,50.50,-22.48,54.71,22-05-23-08-16-31-063
78.39,50.41,-40.89,48.06,22-05-23-08-16-31-096
81.15,49.39,-37.53,46.42,22-05-23-08-16-31-134
90.16,49.72,-59.44,33.24,22-05-23-08-16-31-162
93.84,49.52,-56.45,30.89,22-05-23-08-16-31-195
97.71,49.11,666.00,28.09,22-05-23-08-16-31-227
100.14,48.69,666.00,28.84,22-05-23-08-16-31-263
102.02,48.24,666.00,29.89,22-05-23-08-16-31-298
103.32,47.74,-45.88,33.36,22-05-23-08-16-31-329
111.41,50.84,666.00,26.34,22-05-23-08-16-31-363
114.62,50.68,666.00,21.63,22-05-23-08-16-31-397
115.94,49.86,666.00,21.38,22-05-23-08-16-31-429
116.35,49.08,666.00,22.16,22-05-23-08-16-31-467
117.36,47.14,666.00,23.43,22-05-23-08-16-31-499
120.11,41.28,666.00,27.91,22-05-23-08-16-31-527
121.04,39.32,666.00,29.64,22-05-23-08-16-31-565
121.55,38.07,-100.01,30.67,22-05-23-08-16-31-600
121.95,37.03,-101.87,31.52,22-05-23-08-16-31-627
122.22,36.26,-103.22,32.11,22-05-23-08-16-31-664
122.40,35.71,-104.11,32.53,22-05-23-08-16-31-698
122.27,35.47,-103.65,32.70,22-05-23-08-16-31-729
121.87,35.47,-102.02,32.73,22-05-23-08-16-31-761
120.47,36.46,-95.45,32.27,22-05-23-08-16-31-795
117.61,41.26,666.00,28.59,22-05-23-08-16-31-831
115.94,43.37,666.00,26.64,22-05-23-08-16-31-864
114.61,44.47,666.00,23.60,22-05-23-08-16-31-898
113.01,45.21,666.00,20.86,22-05-23-08-16-31-934
103.71,43.26,666.00,28.89,22-05-23-08-16-31-964
98.50,42.18,-51.09,32.18,22-05-23-08-16-31-997
95.59,41.68,666.00,28.52,22-05-23-08-16-32-033
92.29,41.74,666.00,28.42,22-05-23-08-16-32-064
82.60,41.41,-32.25,35.32,22-05-23-08-16-32-097
77.50,41.01,-30.44,35.00,22-05-23-08-16-32-130
71.76,40.08,-27.56,34.68,22-05-23-08-16-32-166
64.17,38.11,-22.52,37.61,22-05-23-08-16-32-197
59.29,36.54,-17.45,40.65,22-05-23-08-16-32-231
52.78,34.39,-11.38,43.25,22-05-23-08-16-32-263
48.67,32.70,-5.87,47.03,22-05-23-08-16-32-299
43.77,30.89,-6.33,40.15,22-05-23-08-16-32-335
38.98,28.56,-8.28,35.30,22-05-23-08-16-32-364
33.63,26.74,666.00,29.48,22-05-23-08-16-32-397
28.52,22.35,666.00,28.22,22-05-23-08-16-32-437
26.07,19.22,666.00,26.26,22-05-23-08-16-32-460
23.04,13.76,666.00,24.56,22-05-23-08-16-32-495
18.95,2.33,666.00,26.76,22-05-23-08-16-32-532
16.62,-8.81,666.00,28.82,22-05-23-08-16-32-563
15.60,-16.85,666.00,27.89,22-05-23-08-16-32-599
15.06,-25.99,666.00,27.47,22-05-23-08-16-32-631
15.01,-34.48,666.00,25.78,22-05-23-08-16-32-666
15.21,-41.11,666.00,25.03,22-05-23-08-16-32-699
15.56,-45.51,666.00,23.48,22-05-23-08-16-32-729
15.74,-48.17,666.00,21.30,22-05-23-08-16-32-764
16.23,-51.25,666.00,19.69,22-05-23-08-16-32-799
16.85,-56.31,666.00,19.31,22-05-23-08-16-32-832
17.05,-58.86,666.00,14.44,22-05-23-08-16-32-862
17.12,-59.97,666.00,12.90,22-05-23-08-16-32-899
17.10,-60.47,666.00,12.07,22-05-23-08-16-32-928
17.07,-60.85,666.00,11.56,22-05-23-08-16-32-966
17.10,-61.41,666.00,11.51,22-05-23-08-16-32-998
17.05,-61.74,666.00,11.64,22-05-23-08-16-33-036
16.98,-61.98,666.00,11.98,22-05-23-08-16-33-064
16.92,-62.13,666.00,12.46,22-05-23-08-16-33-095
16.86,-62.28,666.00,13.02,22-05-23-08-16-33-132
16.80,-62.40,666.00,14.02,22-05-23-08-16-33-164
16.75,-62.45,666.00,16.42,22-05-23-08-16-33-196
16.67,-62.45,666.00,17.89,22-05-23-08-16-33-229
16.58,-62.30,666.00,20.37,22-05-23-08-16-33-265
16.37,-61.81,666.00,21.31,22-05-23-08-16-33-297
15.78,-60.47,666.00,21.33,22-05-23-08-16-33-329
14.55,-58.40,666.00,24.42,22-05-23-08-16-33-367
12.52,-52.26,666.00,22.61,22-05-23-08-16-33-398
10.75,-42.46,666.00,21.21,22-05-23-08-16-33-429
9.72,-32.33,666.00,21.01,22-05-23-08-16-33-464
9.21,-19.20,666.00,21.68,22-05-23-08-16-33-496
9.12,-7.44,666.00,22.83,22-05-23-08-16-33-528
9.43,3.86,666.00,27.10,22-05-23-08-16-33-562
10.28,14.67,4.96,34.43,22-05-23-08-16-33-598
12.69,30.22,6.75,38.28,22-05-23-08-16-33-630
16.20,40.73,5.32,39.88,22-05-23-08-16-33-663
25.97,50.34,1.95,31.93,22-05-23-08-16-33-696
35.22,53.51,-7.22,30.64,22-05-23-08-16-33-729
43.38,52.91,-18.02,33.08,22-05-23-08-16-33-763
46.76,52.61,-14.44,47.01,22-05-23-08-16-33-796
51.20,52.45,-17.00,51.11,22-05-23-08-16-33-828
55.33,52.10,-13.43,58.60,22-05-23-08-16-33-865
58.38,52.05,-14.55,58.65,22-05-23-08-16-33-897
63.26,52.58,-18.18,58.71,22-05-23-08-16-33-930
72.36,53.23,-28.80,52.15,22-05-23-08-16-33-962
77.66,53.53,-33.85,47.65,22-05-23-08-16-33-999
82.86,54.04,-39.57,41.57,22-05-23-08-16-34-030
91.71,56.72,666.00,28.94,22-05-23-08-16-34-064
94.09,57.11,666.00,26.35,22-05-23-08-16-34-097
96.24,54.83,-45.63,30.70,22-05-23-08-16-34-128
98.38,54.15,-42.02,32.70,22-05-23-08-16-34-164
99.92,53.51,-42.29,32.84,22-05-23-08-16-34-197
101.12,52.82,-42.63,33.24,22-05-23-08-16-34-228
102.11,52.05,-42.61,34.00,22-05-23-08-16-34-264
110.13,53.78,666.00,26.26,22-05-23-08-16-34-297
112.48,53.35,666.00,23.65,22-05-23-08-16-34-333
113.80,52.75,666.00,22.58,22-05-23-08-16-34-364
114.65,50.01,666.00,24.48,22-05-23-08-16-34-397
115.19,48.74,666.00,25.24,22-05-23-08-16-34-432
115.59,48.08,666.00,25.46,22-05-23-08-16-34-464
115.62,47.64,666.00,25.77,22-05-23-08-16-34-496
115.61,47.38,666.00,25.90,22-05-23-08-16-34-529
115.47,47.23,666.00,26.05,22-05-23-08-16-34-563
115.15,47.23,666.00,26.30,22-05-23-08-16-34-596
114.84,47.26,666.00,26.46,22-05-23-08-16-34-629
114.55,47.35,666.00,26.49,22-05-23-08-16-34-664
114.16,47.43,666.00,26.23,22-05-23-08-16-34-696
113.58,47.58,666.00,24.96,22-05-23-08-16-34-733
111.80,47.00,666.00,24.20,22-05-23-08-16-34-764
105.21,46.12,666.00,29.59,22-05-23-08-16-34-797
102.05,45.71,-55.70,30.16,22-05-23-08-16-34-833
96.53,44.89,-51.31,32.53,22-05-23-08-16-34-864
89.13,43.35,-42.46,37.23,22-05-23-08-16-34-897
84.32,42.46,-35.67,40.68,22-05-23-08-16-34-929
77.86,40.64,-24.20,49.03,22-05-23-08-16-34-964
74.71,39.69,-27.47,44.90,22-05-23-08-16-34-998
70.23,37.32,-28.68,44.23,22-05-23-08-16-35-030
62.01,33.13,-25.83,58.36,22-05-23-08-16-35-062
56.57,30.38,-19.91,66.88,22-05-23-08-16-35-095
52.48,27.94,-16.10,71.44,22-05-23-08-16-35-129
50.08,26.35,-19.70,57.62,22-05-23-08-16-35-164
44.52,24.37,-18.51,40.99,22-05-23-08-16-35-197
40.67,23.43,-13.73,31.25,22-05-23-08-16-35-229
38.07,22.58,666.00,21.57,22-05-23-08-16-35-262
34.54,20.57,666.00,22.44,22-05-23-08-16-35-299
32.24,18.68,666.00,19.93,22-05-23-08-16-35-328
30.29,16.45,666.00,19.71,22-05-23-08-16-35-363
26.19,8.72,666.00,24.74,22-05-23-08-16-35-397
23.73,2.49,666.00,26.77,22-05-23-08-16-35-429
21.03,-5.32,666.00,27.68,22-05-23-08-16-35-465
17.64,-20.71,4.38,31.61,22-05-23-08-16-35-499
16.52,-29.39,6.17,32.16,22-05-23-08-16-35-530
15.86,-35.21,4.95,30.52,22-05-23-08-16-35-562
15.41,-39.23,666.00,28.62,22-05-23-08-16-35-597
15.18,-41.93,666.00,26.25,22-05-23-08-16-35-627
15.08,-44.02,666.00,25.20,22-05-23-08-16-35-662
15.07,-46.03,666.00,24.83,22-05-23-08-16-35-696
15.10,-47.53,666.00,21.38,22-05-23-08-16-35-729
15.26,-49.29,666.00,20.03,22-05-23-08-16-35-762
15.58,-51.09,666.00,19.79,22-05-23-08-16-35-795
15.80,-52.57,666.00,19.62,22-05-23-08-16-35-831
16.02,-54.01,666.00,19.83,22-05-23-08-16-35-863
16.19,-55.34,666.00,20.15,22-05-23-08-16-35-898
16.33,-56.54,666.00,20.55,22-05-23-08-16-35-930
16.43,-57.47,666.00,20.90,22-05-23-08-16-35-962
16.51,-58.15,666.00,21.21,22-05-23-08-16-35-999
16.57,-58.70,666.00,21.55,22-05-23-08-16-36-029
16.60,-59.10,666.00,21.92,22-05-23-08-16-36-065
16.62,-59.36,666.00,22.26,22-05-23-08-16-36-098
16.62,-59.55,666.00,22.36,22-05-23-08-16-36-128
16.60,-59.65,666.00,21.42,22-05-23-08-16-36-165
16.57,-59.70,666.00,21.77,22-05-23-08-16-36-196
16.45,-59.27,666.00,22.46,22-05-23-08-16-36-231
15.94,-57.16,666.00,22.60,22-05-23-08-16-36-264
15.06,-52.62,666.00,25.71,22-05-23-08-16-36-295
13.96,-45.62,666.00,26.44,22-05-23-08-16-36-331
13.01,-36.07,10.44,30.27,22-05-23-08-16-36-366
12.62,-22.12,10.03,31.22,22-05-23-08-16-36-396
14.03,1.54,6.85,30.29,22-05-23-08-16-36-430
16.15,14.76,7.31,32.56,22-05-23-08-16-36-463
19.99,26.92,5.53,32.04,22-05-23-08-16-36-496
23.31,33.01,5.56,34.59,22-05-23-08-16-36-528
28.29,38.38,3.03,34.64,22-05-23-08-16-36-562
33.45,42.25,-0.28,36.57,22-05-23-08-16-36-597
38.02,44.37,-3.89,40.52,22-05-23-08-16-36-632
42.86,46.03,-7.84,42.85,22-05-23-08-16-36-663
47.58,47.76,-8.78,45.01,22-05-23-08-16-36-697
52.02,48.62,-10.85,48.29,22-05-23-08-16-36-733
57.25,49.76,-8.99,55.18,22-05-23-08-16-36-764
62.86,51.24,-14.01,50.56,22-05-23-08-16-36-796
69.10,52.11,-20.10,43.94,22-05-23-08-16-36-831
75.63,52.83,-28.47,36.46,22-05-23-08-16-36-864
81.81,53.72,-34.35,30.87,22-05-23-08-16-36-897
84.85,53.79,-33.29,31.76,22-05-23-08-16-36-932
86.85,53.74,-31.68,33.81,22-05-23-08-16-36-963
89.51,53.47,-32.54,35.62,22-05-23-08-16-36-995
95.99,54.74,-36.45,30.95,22-05-23-08-16-37-032
98.61,54.87,666.00,29.90,22-05-23-08-16-37-064
100.31,54.68,666.00,29.45,22-05-23-08-16-37-096
101.94,54.31,-38.32,30.87,22-05-23-08-16-37-129
103.01,53.85,-39.15,31.77,22-05-23-08-16-37-168
110.95,56.53,666.00,23.84,22-05-23-08-16-37-197
113.43,56.37,666.00,21.11,22-05-23-08-16-37-229
114.83,56.13,666.00,19.70,22-05-23-08-16-37-264
115.35,55.72,666.00,19.50,22-05-23-08-16-37-295
115.41,55.29,666.00,19.90,22-05-23-08-16-37-328
115.32,54.95,666.00,20.36,22-05-23-08-16-37-362
115.05,54.55,666.00,21.03,22-05-23-08-16-37-399
114.50,53.79,666.00,22.24,22-05-23-08-16-37-432
114.13,53.54,666.00,22.73,22-05-23-08-16-37-464
112.88,53.58,666.00,24.44,22-05-23-08-16-37-498
111.91,53.67,666.00,25.13,22-05-23-08-16-37-529
111.06,53.82,666.00,24.82,22-05-23-08-16-37-561
110.05,53.98,666.00,22.26,22-05-23-08-16-37-595
107.81,54.33,666.00,22.81,22-05-23-08-16-37-630
104.71,54.71,666.00,22.13,22-05-23-08-16-37-662
97.64,53.99,666.00,25.49,22-05-23-08-16-37-699
87.96,52.40,-33.20,33.00,22-05-23-08-16-37-729
79.04,50.02,-23.27,41.24,22-05-23-08-16-37-764
75.93,49.40,-25.76,36.42,22-05-23-08-16-37-796
69.34,46.45,-23.99,39.36,22-05-23-08-16-37-827
66.40,45.05,-26.90,36.87,22-05-23-08-16-37-862
58.23,42.18,-11.92,46.25,22-05-23-08-16-37-895
54.42,39.98,-14.63,46.62,22-05-23-08-16-37-928
51.18,37.28,-18.44,44.24,22-05-23-08-16-37-964
45.87,32.97,-21.87,39.19,22-05-23-08-16-37-998
42.30,29.91,-21.11,41.95,22-05-23-08-16-38-028
37.56,25.66,-29.23,34.60,22-05-23-08-16-38-063
33.79,21.48,-24.02,33.56,22-05-23-08-16-38-098
29.59,15.14,-16.65,33.62,22-05-23-08-16-38-129
26.58,9.54,-12.89,33.13,22-05-23-08-16-38-163
24.11,3.33,-10.81,32.18,22-05-23-08-16-38-198
21.96,-5.14,-8.87,30.23,22-05-23-08-16-38-227
20.31,-12.36,666.00,28.18,22-05-23-08-16-38-263
18.62,-21.94,666.00,26.57,22-05-23-08-16-38-298
17.41,-30.89,666.00,22.30,22-05-23-08-16-38-330
16.77,-38.07,666.00,21.26,22-05-23-08-16-38-365
16.47,-43.78,666.00,20.69,22-05-23-08-16-38-397
16.29,-47.68,666.00,20.01,22-05-23-08-16-38-429
16.23,-50.72,666.00,19.01,22-05-23-08-16-38-466
16.33,-53.47,666.00,18.80,22-05-23-08-16-38-496
16.48,-55.54,666.00,19.04,22-05-23-08-16-38-529
16.76,-57.30,666.00,17.90,22-05-23-08-16-38-564
17.05,-58.92,666.00,17.83,22-05-23-08-16-38-599
17.23,-59.90,666.00,9.74,22-05-23-08-16-38-628
17.38,-60.58,666.00,5.48,22-05-23-08-16-38-668
17.53,-61.03,666.00,12.95,22-05-23-08-16-38-696
17.64,-61.29,666.00,15.65,22-05-23-08-16-38-730
17.71,-61.40,666.00,12.04,22-05-23-08-16-38-763
17.76,-61.43,666.00,10.39,22-05-23-08-16-38-800
17.79,-61.39,666.00,12.83,22-05-23-08-16-38-831
17.80,-61.29,666.00,21.83,22-05-23-08-16-38-863
17.81,-61.15,666.00,24.94,22-05-23-08-16-38-896
17.81,-61.00,666.00,26.61,22-05-23-08-16-38-929
17.78,-60.81,666.00,22.76,22-05-23-08-16-38-963
17.74,-60.58,666.00,22.20,22-05-23-08-16-38-996
17.67,-60.27,666.00,23.19,22-05-23-08-16-39-028
17.54,-59.75,666.00,23.82,22-05-23-08-16-39-061
17.30,-58.83,666.00,24.21,22-05-23-08-16-39-097
16.76,-56.83,666.00,25.97,22-05-23-08-16-39-130
15.85,-53.57,666.00,27.43,22-05-23-08-16-39-162
14.73,-48.88,666.00,28.68,22-05-23-08-16-39-196
13.21,-39.57,7.58,31.43,22-05-23-08-16-39-229
12.15,-27.53,8.03,32.31,22-05-23-08-16-39-260
11.69,-15.38,9.78,36.58,22-05-23-08-16-39-296
14.67,17.80,6.35,31.77,22-05-23-08-16-39-331
17.62,28.83,7.00,34.03,22-05-23-08-16-39-363
22.57,36.59,4.39,36.41,22-05-23-08-16-39-397
26.54,40.15,4.36,41.22,22-05-23-08-16-39-429
32.63,43.65,-0.32,42.75,22-05-23-08-16-39-464
38.27,46.08,-5.66,45.66,22-05-23-08-16-39-495
42.72,46.51,-10.13,43.98,22-05-23-08-16-39-530
47.00,46.98,-7.86,53.67,22-05-23-08-16-39-563
53.73,48.17,-16.30,51.42,22-05-23-08-16-39-596
57.45,48.79,-19.48,55.55,22-05-23-08-16-39-629
62.72,49.80,-26.80,55.73,22-05-23-08-16-39-665
68.26,50.92,-36.14,51.01,22-05-23-08-16-39-698
75.42,51.76,-58.32,43.03,22-05-23-08-16-39-730
79.76,51.86,-48.50,41.43,22-05-23-08-16-39-763
85.21,52.85,-45.59,34.93,22-05-23-08-16-39-797
91.49,54.46,666.00,27.75,22-05-23-08-16-39-828
94.31,54.68,-35.64,30.38,22-05-23-08-16-39-863
96.42,54.73,-34.44,30.53,22-05-23-08-16-39-896
98.35,54.56,-35.22,30.09,22-05-23-08-16-39-932
99.90,54.01,-35.85,31.43,22-05-23-08-16-39-963
101.20,53.30,-36.37,34.60,22-05-23-08-16-39-995
103.15,52.39,-40.73,33.93,22-05-23-08-16-40-030
104.46,51.61,-43.41,34.15,22-05-23-08-16-40-064
109.86,47.36,-66.90,32.28,22-05-23-08-16-40-097
111.75,45.86,-74.51,32.59,22-05-23-08-16-40-126
112.86,45.04,-78.55,32.85,22-05-23-08-16-40-162
113.61,44.65,-80.83,32.83,22-05-23-08-16-40-197
113.62,45.96,-77.57,31.52,22-05-23-08-16-40-229
113.60,46.65,-75.39,30.81,22-05-23-08-16-40-265
113.46,47.40,666.00,29.94,22-05-23-08-16-40-299
113.21,48.03,666.00,29.27,22-05-23-08-16-40-331
112.56,48.02,666.00,29.66,22-05-23-08-16-40-363
111.62,48.99,666.00,28.27,22-05-23-08-16-40-395
104.93,48.79,-48.30,34.82,22-05-23-08-16-40-429
101.74,48.68,-47.03,34.08,22-05-23-08-16-40-463
99.54,48.63,-50.83,30.44,22-05-23-08-16-40-496
91.80,47.95,-39.23,34.15,22-05-23-08-16-40-532
88.10,47.96,-35.08,34.67,22-05-23-08-16-40-563
86.15,47.93,666.00,29.77,22-05-23-08-16-40-597
84.61,47.89,666.00,24.55,22-05-23-08-16-40-628
71.77,42.89,-28.07,40.98,22-05-23-08-16-40-662
61.96,38.54,-12.24,54.69,22-05-23-08-16-40-698
53.11,34.14,0.00,66.35,22-05-23-08-16-40-733
50.27,32.40,3.17,69.62,22-05-23-08-16-40-762
46.43,29.87,-4.02,60.07,22-05-23-08-16-40-798
42.11,26.97,-14.95,47.95,22-05-23-08-16-40-830
38.23,24.76,-23.21,38.87,22-05-23-08-16-40-863
36.05,23.46,-22.36,36.62,22-05-23-08-16-40-898
31.47,20.32,-15.61,34.23,22-05-23-08-16-40-928
28.06,16.81,-11.00,33.02,22-05-23-08-16-40-963
25.78,13.64,-10.37,31.38,22-05-23-08-16-40-996
21.51,3.16,-2.35,32.49,22-05-23-08-16-41-028
19.83,-2.70,0.17,32.36,22-05-23-08-16-41-062
17.29,-19.85,8.72,37.30,22-05-23-08-16-41-100
16.60,-31.55,10.26,35.53,22-05-23-08-16-41-129
16.42,-37.61,10.32,30.86,22-05-23-08-16-41-161
15.39,-39.61,666.00,28.16,22-05-23-08-16-41-198
15.15,-42.83,666.00,27.13,22-05-23-08-16-41-230
15.00,-44.90,666.00,26.18,22-05-23-08-16-41-262
15.00,-46.60,666.00,24.73,22-05-23-08-16-41-297
13.35,-44.17,666.00,22.95,22-05-23-08-16-41-330
12.47,-42.67,666.00,21.63,22-05-23-08-16-41-363
12.39,-43.14,666.00,20.42,22-05-23-08-16-41-398
12.41,-43.73,666.00,12.26,22-05-23-08-16-41-432
12.53,-44.57,666.00,6.47,22-05-23-08-16-41-461
12.70,-45.47,666.00,5.12,22-05-23-08-16-41-497
13.08,-47.09,666.00,6.27,22-05-23-08-16-41-528
13.41,-48.35,666.00,10.12,22-05-23-08-16-41-564
13.76,-49.40,666.00,11.60,22-05-23-08-16-41-595
14.06,-50.20,666.00,5.34,22-05-23-08-16-41-628
14.35,-51.12,666.00,10.95,22-05-23-08-16-41-661
14.54,-51.77,666.00,8.55,22-05-23-08-16-41-694
14.70,-52.26,666.00,17.48,22-05-23-08-16-41-732
14.80,-52.56,666.00,21.08,22-05-23-08-16-41-764
14.87,-52.77,666.00,22.84,22-05-23-08-16-41-794
14.93,-52.91,666.00,23.43,22-05-23-08-16-41-831
14.93,-52.93,666.00,23.14,22-05-23-08-16-41-865
14.69,-52.30,666.00,22.54,22-05-23-08-16-41-897
14.35,-51.38,666.00,22.97,22-05-23-08-16-41-929
13.91,-50.07,666.00,23.52,22-05-23-08-16-41-961
13.18,-47.53,666.00,25.01,22-05-23-08-16-41-997
11.77,-41.22,666.00,25.35,22-05-23-08-16-42-028
10.30,-29.93,666.00,25.52,22-05-23-08-16-42-063
9.19,-11.95,666.00,27.19,22-05-23-08-16-42-097
9.27,7.51,3.66,30.85,22-05-23-08-16-42-128
10.61,23.47,5.12,33.72,22-05-23-08-16-42-163
16.40,44.83,3.70,31.10,22-05-23-08-16-42-195
19.94,49.39,5.22,36.50,22-05-23-08-16-42-230
29.37,52.73,-4.48,30.51,22-05-23-08-16-42-262
33.97,53.02,-4.62,35.22,22-05-23-08-16-42-295
37.92,53.21,-5.35,43.60,22-05-23-08-16-42-328
42.95,54.06,-9.73,47.69,22-05-23-08-16-42-365
47.49,54.46,-8.37,52.96,22-05-23-08-16-42-398
55.91,55.58,-17.76,44.86,22-05-23-08-16-42-427
61.14,55.75,-16.90,48.48,22-05-23-08-16-42-464
68.11,56.33,-25.47,41.01,22-05-23-08-16-42-504
73.23,55.67,-29.37,44.20,22-05-23-08-16-42-529
76.16,54.67,-31.87,44.14,22-05-23-08-16-42-564
79.74,54.13,-31.89,42.37,22-05-23-08-16-42-597
89.14,56.29,666.00,26.07,22-05-23-08-16-42-632
94.05,57.22,666.00,21.40,22-05-23-08-16-42-666
96.07,57.01,666.00,21.32,22-05-23-08-16-42-700
97.29,56.59,666.00,26.46,22-05-23-08-16-42-732
98.29,55.64,666.00,27.86,22-05-23-08-16-42-763
99.49,54.64,666.00,28.30,22-05-23-08-16-42-799
100.74,53.64,-35.65,30.12,22-05-23-08-16-42-829
101.64,52.68,-36.31,31.86,22-05-23-08-16-42-864
106.14,52.31,666.00,26.40,22-05-23-08-16-42-897
108.34,50.66,666.00,25.88,22-05-23-08-16-42-930
109.82,49.64,666.00,25.71,22-05-23-08-16-42-963
110.78,49.06,666.00,25.56,22-05-23-08-16-42-998
111.44,48.67,666.00,25.44,22-05-23-08-16-43-030
111.90,48.39,666.00,25.37,22-05-23-08-16-43-064
112.23,48.13,666.00,25.35,22-05-23-08-16-43-100
112.46,47.91,666.00,25.35,22-05-23-08-16-43-129
112.62,47.80,666.00,25.28,22-05-23-08-16-43-161
112.71,47.74,666.00,25.25,22-05-23-08-16-43-197
112.70,47.73,666.00,25.24,22-05-23-08-16-43-234
112.52,47.67,666.00,25.41,22-05-23-08-16-43-264
112.04,47.56,666.00,25.42,22-05-23-08-16-43-297
110.49,48.14,666.00,25.41,22-05-23-08-16-43-332
108.71,48.97,666.00,25.12,22-05-23-08-16-43-363
102.13,49.52,666.00,29.44,22-05-23-08-16-43-400
99.08,49.78,666.00,27.57,22-05-23-08-16-43-429
94.71,49.33,666.00,27.76,22-05-23-08-16-43-464
91.79,48.91,666.00,28.64,22-05-23-08-16-43-496
83.31,46.69,-37.73,35.21,22-05-23-08-16-43-526
76.49,44.16,-26.76,45.29,22-05-23-08-16-43-563
67.92,42.04,-17.75,50.87,22-05-23-08-16-43-596
64.72,41.08,-14.29,53.43,22-05-23-08-16-43-627
60.82,39.93,-15.45,50.82,22-05-23-08-16-43-666
58.01,38.94,-16.30,49.44,22-05-23-08-16-43-696
51.11,36.38,-12.40,48.62,22-05-23-08-16-43-728
47.38,35.06,-20.95,35.85,22-05-23-08-16-43-765
42.08,33.16,-19.32,32.17,22-05-23-08-16-43-796
38.38,31.91,666.00,24.64,22-05-23-08-16-43-827
34.61,30.34,666.00,23.71,22-05-23-08-16-43-866
31.37,27.56,666.00,21.67,22-05-23-08-16-43-896
28.04,22.53,666.00,24.26,22-05-23-08-16-43-928
25.97,18.68,666.00,25.88,22-05-23-08-16-43-964
22.68,11.05,666.00,25.52,22-05-23-08-16-43-995
20.63,4.24,666.00,25.50,22-05-23-08-16-44-028
16.02,-23.18,8.44,33.37,22-05-23-08-16-44-064
15.24,-35.00,11.37,34.32,22-05-23-08-16-44-094
15.00,-41.14,666.00,29.67,22-05-23-08-16-44-128
14.84,-44.97,666.00,27.29,22-05-23-08-16-44-161
14.77,-47.37,666.00,26.16,22-05-23-08-16-44-199
14.77,-49.20,666.00,25.61,22-05-23-08-16-44-228
14.62,-50.27,666.00,22.17,22-05-23-08-16-44-264
14.56,-51.18,666.00,18.38,22-05-23-08-16-44-296
14.69,-52.38,666.00,17.40,22-05-23-08-16-44-329
15.08,-54.09,666.00,17.98,22-05-23-08-16-44-362
14.75,-54.67,666.00,18.37,22-05-23-08-16-44-401
15.21,-57.03,666.00,20.28,22-05-23-08-16-44-428
15.72,-58.66,666.00,21.99,22-05-23-08-16-44-462
16.09,-59.69,666.00,23.43,22-05-23-08-16-44-496
16.33,-60.31,666.00,24.61,22-05-23-08-16-44-530
16.47,-60.68,666.00,25.60,22-05-23-08-16-44-566
16.57,-60.91,666.00,26.48,22-05-23-08-16-44-598
16.65,-61.10,666.00,27.23,22-05-23-08-16-44-628
16.72,-61.26,666.00,27.87,22-05-23-08-16-44-666
16.74,-61.35,666.00,28.89,22-05-23-08-16-44-695
16.55,-61.11,666.00,28.82,22-05-23-08-16-44-729
16.36,-60.67,666.00,28.39,22-05-23-08-16-44-761
15.97,-59.66,666.00,26.35,22-05-23-08-16-44-795
14.97,-57.08,666.00,23.69,22-05-23-08-16-44-829
14.02,-53.94,666.00,22.82,22-05-23-08-16-44-863
13.05,-49.28,666.00,22.25,22-05-23-08-16-44-895
11.94,-41.62,666.00,24.39,22-05-23-08-16-44-928
10.91,-30.35,666.00,28.59,22-05-23-08-16-44-962
10.30,-17.23,7.73,30.73,22-05-23-08-16-45-000
10.33,-3.84,8.43,35.20,22-05-23-08-16-45-030
11.48,12.04,9.39,38.06,22-05-23-08-16-45-063
15.66,30.98,6.24,34.82,22-05-23-08-16-45-098
20.23,39.24,4.05,35.00,22-05-23-08-16-45-131
24.74,42.62,2.69,37.23,22-05-23-08-16-45-164
34.51,47.59,-9.40,31.20,22-05-23-08-16-45-199
39.67,49.22,666.00,28.97,22-05-23-08-16-45-230
43.08,48.91,-18.83,36.08,22-05-23-08-16-45-262
45.28,48.49,-15.94,48.16,22-05-23-08-16-45-297
49.43,48.45,-19.31,49.16,22-05-23-08-16-45-331
53.52,49.06,-24.58,46.62,22-05-23-08-16-45-365
58.24,49.17,-15.54,64.06,22-05-23-08-16-45-397
62.98,49.83,-17.47,66.42,22-05-23-08-16-45-430
68.75,50.57,-25.59,61.87,22-05-23-08-16-45-463
77.36,51.48,-36.69,49.48,22-05-23-08-16-45-496
83.18,51.70,-44.81,42.06,22-05-23-08-16-45-530
85.42,51.52,-43.64,39.44,22-05-23-08-16-45-565
91.55,53.27,-50.12,30.50,22-05-23-08-16-45-596
93.46,53.51,666.00,28.04,22-05-23-08-16-45-632
94.36,53.42,666.00,28.66,22-05-23-08-16-45-663
95.23,53.34,-42.41,30.77,22-05-23-08-16-45-696
95.97,53.28,-36.64,33.81,22-05-23-08-16-45-728
97.20,53.35,-35.89,33.29,22-05-23-08-16-45-763
98.38,53.48,-35.72,32.35,22-05-23-08-16-45-798
99.41,53.41,-35.79,34.43,22-05-23-08-16-45-830
100.54,53.21,-37.56,34.22,22-05-23-08-16-45-863
101.36,52.88,-39.27,34.03,22-05-23-08-16-45-894
101.91,52.38,-40.75,33.97,22-05-23-08-16-45-927
103.72,50.26,-50.06,33.52,22-05-23-08-16-45-963
105.05,48.41,-57.60,33.80,22-05-23-08-16-45-996
105.57,47.67,-60.33,33.95,22-05-23-08-16-46-029
106.08,46.88,-63.27,34.13,22-05-23-08-16-46-062
106.34,46.47,-64.82,34.11,22-05-23-08-16-46-098
106.25,46.29,-65.01,34.10,22-05-23-08-16-46-128
105.79,46.43,-63.62,33.97,22-05-23-08-16-46-163
104.95,46.92,-61.16,33.45,22-05-23-08-16-46-195
103.72,47.65,-58.04,32.57,22-05-23-08-16-46-229
102.02,48.56,-56.57,30.38,22-05-23-08-16-46-261
98.14,49.55,-47.93,30.86,22-05-23-08-16-46-295
93.01,50.38,-38.84,32.56,22-05-23-08-16-46-328
88.45,50.55,-32.87,34.90,22-05-23-08-16-46-363
82.49,49.46,-31.40,36.91,22-05-23-08-16-46-396
79.50,49.08,-30.47,36.21,22-05-23-08-16-46-430
72.76,47.55,-21.71,42.68,22-05-23-08-16-46-464
68.92,46.36,-22.48,42.98,22-05-23-08-16-46-498
63.77,44.53,-21.02,45.45,22-05-23-08-16-46-529
58.09,42.22,-18.19,48.20,22-05-23-08-16-46-563
52.88,39.98,-18.24,51.12,22-05-23-08-16-46-596
48.09,37.94,-13.33,55.29,22-05-23-08-16-46-629
43.07,35.83,-7.85,59.05,22-05-23-08-16-46-666
38.94,33.49,-12.36,45.90,22-05-23-08-16-46-695
35.12,32.44,-15.62,31.02,22-05-23-08-16-46-729
30.33,28.33,666.00,29.89,22-05-23-08-16-46-763
27.46,25.44,666.00,26.26,22-05-23-08-16-46-794
25.44,22.72,666.00,21.19,22-05-23-08-16-46-829
22.36,16.63,666.00,23.58,22-05-23-08-16-46-867
19.86,10.18,666.00,22.89,22-05-23-08-16-46-896
16.62,-3.27,666.00,27.95,22-05-23-08-16-46-930
15.25,-13.77,666.00,23.98,22-05-23-08-16-46-965
14.57,-24.71,666.00,24.00,22-05-23-08-16-46-999
14.26,-31.74,666.00,24.27,22-05-23-08-16-47-030
14.23,-37.46,666.00,22.71,22-05-23-08-16-47-064
14.50,-42.53,666.00,18.99,22-05-23-08-16-47-102
14.92,-46.90,666.00,17.79,22-05-23-08-16-47-130
15.67,-51.16,666.00,18.67,22-05-23-08-16-47-165
16.23,-53.80,666.00,17.32,22-05-23-08-16-47-200
16.64,-55.57,666.00,17.25,22-05-23-08-16-47-228
16.96,-56.80,666.00,17.10,22-05-23-08-16-47-265
17.12,-57.52,666.00,13.99,22-05-23-08-16-47-298
17.06,-57.83,666.00,10.75,22-05-23-08-16-47-330
16.95,-57.96,666.00,9.57,22-05-23-08-16-47-365
16.87,-58.04,666.00,8.73,22-05-23-08-16-47-399
16.79,-58.10,666.00,8.63,22-05-23-08-16-47-430
16.74,-58.27,666.00,9.61,22-05-23-08-16-47-462
16.73,-58.57,666.00,12.41,22-05-23-08-16-47-495
16.70,-58.82,666.00,14.80,22-05-23-08-16-47-526
16.65,-58.98,666.00,17.27,22-05-23-08-16-47-562
16.56,-59.05,666.00,18.88,22-05-23-08-16-47-594
16.41,-58.93,666.00,22.46,22-05-23-08-16-47-628
15.93,-57.89,666.00,25.29,22-05-23-08-16-47-662
15.05,-55.21,666.00,27.13,22-05-23-08-16-47-695
13.87,-50.40,666.00,27.37,22-05-23-08-16-47-731
12.08,-39.62,666.00,28.38,22-05-23-08-16-47-763
10.92,-27.17,666.00,26.46,22-05-23-08-16-47-793
10.45,-15.30,666.00,29.88,22-05-23-08-16-47-832
10.62,-0.02,6.23,32.30,22-05-23-08-16-47-863
11.42,11.72,6.06,33.92,22-05-23-08-16-47-895
16.87,36.52,666.00,28.32,22-05-23-08-16-47-928
19.88,42.00,2.42,30.90,22-05-23-08-16-47-962
23.91,45.16,-0.54,34.91,22-05-23-08-16-47-996
28.37,47.13,-1.70,37.95,22-05-23-08-16-48-028
33.01,48.63,-5.17,37.59,22-05-23-08-16-48-060
42.00,50.55,-22.27,32.01,22-05-23-08-16-48-095
45.02,50.26,-24.92,34.44,22-05-23-08-16-48-129
47.58,50.41,-17.47,47.18,22-05-23-08-16-48-162
50.19,50.69,-17.34,51.74,22-05-23-08-16-48-195
53.65,51.05,-21.24,47.39,22-05-23-08-16-48-230
57.22,51.86,-18.12,51.02,22-05-23-08-16-48-265
61.17,52.87,-16.21,49.83,22-05-23-08-16-48-295
69.75,53.90,-25.10,41.35,22-05-23-08-16-48-331
75.12,54.50,-26.83,37.83,22-05-23-08-16-48-364
83.11,55.69,666.00,26.81,22-05-23-08-16-48-394
86.22,55.98,666.00,27.24,22-05-23-08-16-48-429
91.65,57.86,666.00,18.20,22-05-23-08-16-48-461
93.61,58.24,666.00,18.19,22-05-23-08-16-48-496
94.81,58.25,666.00,25.23,22-05-23-08-16-48-530
95.71,57.72,666.00,28.01,22-05-23-08-16-48-564
96.72,57.39,-34.26,31.30,22-05-23-08-16-48-597
98.73,56.80,-39.34,30.50,22-05-23-08-16-48-627
101.62,54.99,666.00,29.54,22-05-23-08-16-48-661
102.92,54.28,666.00,29.99,22-05-23-08-16-48-694
104.33,53.36,666.00,29.96,22-05-23-08-16-48-727
105.14,53.13,666.00,29.95,22-05-23-08-16-48-763
106.29,55.91,666.00,27.24,22-05-23-08-16-48-800
107.09,57.19,666.00,25.50,22-05-23-08-16-48-827
107.63,58.08,666.00,24.15,22-05-23-08-16-48-864
107.99,58.70,666.00,23.18,22-05-23-08-16-48-899
108.22,59.11,666.00,22.49,22-05-23-08-16-48-933
108.35,59.41,666.00,22.00,22-05-23-08-16-48-962
108.37,59.56,666.00,19.16,22-05-23-08-16-49-000
108.37,59.63,666.00,19.50,22-05-23-08-16-49-030
108.23,59.71,666.00,19.68,22-05-23-08-16-49-062
106.60,59.43,666.00,21.49,22-05-23-08-16-49-100
105.25,59.24,666.00,22.90,22-05-23-08-16-49-132
104.17,59.03,666.00,23.92,22-05-23-08-16-49-162
103.21,58.82,666.00,23.90,22-05-23-08-16-49-196
101.07,58.47,666.00,24.18,22-05-23-08-16-49-230
97.80,57.94,666.00,25.73,22-05-23-08-16-49-264
93.64,56.99,666.00,24.89,22-05-23-08-16-49-295
92.05,56.59,666.00,19.52,22-05-23-08-16-49-332
83.38,53.91,666.00,26.33,22-05-23-08-16-49-363
76.42,51.68,-33.41,35.56,22-05-23-08-16-49-395
71.38,49.93,-25.72,42.32,22-05-23-08-16-49-430
63.57,47.42,-14.00,53.13,22-05-23-08-16-49-464
58.30,45.60,-7.29,60.00,22-05-23-08-16-49-496
53.91,43.81,-13.97,49.17,22-05-23-08-16-49-532
48.14,40.34,-25.74,42.93,22-05-23-08-16-49-566
41.15,35.79,-23.78,38.98,22-05-23-08-16-49-598
37.08,34.08,-20.25,33.37,22-05-23-08-16-49-629
29.49,26.91,-7.42,36.20,22-05-23-08-16-49-661
26.58,22.48,666.00,29.65,22-05-23-08-16-49-694
24.38,18.50,666.00,28.73,22-05-23-08-16-49-728
21.69,12.08,666.00,26.21,22-05-23-08-16-49-762
19.61,4.55,666.00,25.96,22-05-23-08-16-49-798
18.06,-3.79,666.00,24.48,22-05-23-08-16-49-829
16.56,-22.83,666.00,25.90,22-05-23-08-16-49-862
16.10,-37.41,666.00,26.28,22-05-23-08-16-49-897
16.07,-45.05,666.00,23.52,22-05-23-08-16-49-929
16.21,-49.66,666.00,22.39,22-05-23-08-16-49-965
16.58,-54.10,666.00,16.36,22-05-23-08-16-49-998
17.14,-57.49,666.00,16.00,22-05-23-08-16-50-030
17.24,-59.34,666.00,15.65,22-05-23-08-16-50-063
18.04,-62.50,666.00,17.44,22-05-23-08-16-50-096
26.71,-72.49,-4.06,33.66,22-05-23-08-16-50-129
31.30,-74.81,-2.91,41.45,22-05-23-08-16-50-166
33.11,-75.12,-2.96,44.22,22-05-23-08-16-50-198
26.98,-75.77,-1.04,35.09,22-05-23-08-16-50-231
27.26,-74.18,-3.23,36.65,22-05-23-08-16-50-264
26.06,-72.25,-5.12,35.34,22-05-23-08-16-50-299
19.95,-70.40,666.00,26.01,22-05-23-08-16-50-332
17.06,-69.10,666.00,22.91,22-05-23-08-16-50-366
15.38,-68.15,666.00,21.51,22-05-23-08-16-50-397
14.25,-67.43,666.00,20.66,22-05-23-08-16-50-432
14.33,-60.26,666.00,22.15,22-05-23-08-16-50-465
14.27,-57.40,666.00,22.67,22-05-23-08-16-50-500
14.28,-55.66,666.00,21.78,22-05-23-08-16-50-528
14.36,-54.55,666.00,14.08,22-05-23-08-16-50-563
14.51,-53.62,666.00,12.97,22-05-23-08-16-50-597
14.53,-52.63,666.00,18.47,22-05-23-08-16-50-631
14.44,-51.40,666.00,22.31,22-05-23-08-16-50-663
14.28,-50.03,666.00,25.65,22-05-23-08-16-50-697
13.69,-47.06,666.00,26.36,22-05-23-08-16-50-728
12.85,-42.21,666.00,26.68,22-05-23-08-16-50-763
11.71,-33.73,666.00,27.77,22-05-23-08-16-50-798
10.70,-21.43,666.00,28.97,22-05-23-08-16-50-829
10.34,-10.19,2.14,31.98,22-05-23-08-16-50-861
10.61,3.78,3.16,36.78,22-05-23-08-16-50-895
13.62,28.69,0.53,30.75,22-05-23-08-16-50-931
16.47,37.99,0.70,34.24,22-05-23-08-16-50-964
20.00,44.89,1.15,37.31,22-05-23-08-16-50-996
25.95,49.86,-0.97,37.01,22-05-23-08-16-51-029
35.04,55.61,666.00,29.86,22-05-23-08-16-51-062
39.77,57.47,-12.25,33.68,22-05-23-08-16-51-098
44.61,57.70,-19.99,34.28,22-05-23-08-16-51-135
47.62,57.29,-21.22,41.77,22-05-23-08-16-51-161
49.68,56.90,-20.70,50.17,22-05-23-08-16-51-197
51.91,56.42,-23.26,50.98,22-05-23-08-16-51-232
55.05,56.70,-27.54,49.49,22-05-23-08-16-51-263
57.83,56.47,-30.55,54.74,22-05-23-08-16-51-293
62.06,57.28,-37.21,52.72,22-05-23-08-16-51-328
69.18,57.70,-51.79,45.05,22-05-23-08-16-51-363
74.56,57.71,-72.93,35.26,22-05-23-08-16-51-396
78.68,57.70,-48.36,33.91,22-05-23-08-16-51-430
83.22,58.25,-39.42,31.36,22-05-23-08-16-51-464
86.74,58.52,-29.25,32.91,22-05-23-08-16-51-495
89.24,58.53,-23.50,37.69,22-05-23-08-16-51-528
90.68,58.34,-23.25,38.69,22-05-23-08-16-51-562
94.34,58.70,-26.17,35.39,22-05-23-08-16-51-596
96.54,58.43,-29.74,35.60,22-05-23-08-16-51-629
98.36,58.06,-32.62,34.85,22-05-23-08-16-51-666
99.66,57.74,-35.17,34.21,22-05-23-08-16-51-696
100.61,57.35,-37.25,33.68,22-05-23-08-16-51-728
101.34,56.92,-38.77,33.46,22-05-23-08-16-51-765
101.94,56.47,-39.96,33.71,22-05-23-08-16-51-796
104.71,56.43,666.00,29.63,22-05-23-08-16-51-831
106.35,56.30,666.00,27.37,22-05-23-08-16-51-866
107.41,56.18,666.00,25.95,22-05-23-08-16-51-897
108.14,56.15,666.00,24.87,22-05-23-08-16-51-931
108.63,56.11,666.00,24.11,22-05-23-08-16-51-967
108.96,56.06,666.00,23.58,22-05-23-08-16-51-995
109.12,56.15,666.00,23.09,22-05-23-08-16-52-029
108.95,56.45,666.00,22.81,22-05-23-08-16-52-062
108.70,56.70,666.00,22.33,22-05-23-08-16-52-095
107.77,57.13,666.00,21.22,22-05-23-08-16-52-130
101.86,55.06,666.00,28.51,22-05-23-08-16-52-162
97.63,53.91,-47.15,31.70,22-05-23-08-16-52-199
91.54,51.69,-46.50,35.67,22-05-23-08-16-52-232
87.97,51.04,-46.03,35.45,22-05-23-08-16-52-261
83.68,49.68,-48.12,34.83,22-05-23-08-16-52-296
79.38,48.34,-46.32,36.18,22-05-23-08-16-52-330
72.08,45.49,-32.16,45.65,22-05-23-08-16-52-363
67.27,43.56,-24.19,51.67,22-05-23-08-16-52-399
61.71,41.33,-15.17,58.92,22-05-23-08-16-52-427
57.63,39.59,-19.68,55.06,22-05-23-08-16-52-461
50.20,36.63,-16.46,54.89,22-05-23-08-16-52-496
46.30,34.65,-24.42,48.85,22-05-23-08-16-52-529
39.05,31.84,-18.46,43.03,22-05-23-08-16-52-562
35.58,30.12,-21.93,34.58,22-05-23-08-16-52-597
32.87,28.06,-26.92,30.38,22-05-23-08-16-52-627
29.04,23.67,666.00,25.53,22-05-23-08-16-52-662
25.05,16.17,-16.60,32.92,22-05-23-08-16-52-695
21.90,7.59,666.00,29.84,22-05-23-08-16-52-732
18.77,-6.64,-9.42,30.57,22-05-23-08-16-52-762
17.39,-16.48,666.00,28.56,22-05-23-08-16-52-796
16.43,-25.90,666.00,26.18,22-05-23-08-16-52-830
15.91,-34.36,666.00,23.75,22-05-23-08-16-52-861
15.67,-39.63,666.00,21.34,22-05-23-08-16-52-895
15.47,-43.28,666.00,20.31,22-05-23-08-16-52-929
15.55,-47.94,666.00,20.73,22-05-23-08-16-52-962
16.01,-52.41,666.00,21.59,22-05-23-08-16-52-998
16.73,-56.00,666.00,21.35,22-05-23-08-16-53-030
17.30,-58.44,666.00,20.17,22-05-23-08-16-53-061
17.77,-60.14,666.00,14.93,22-05-23-08-16-53-096
17.34,-60.75,666.00,12.26,22-05-23-08-16-53-129
17.38,-61.31,666.00,9.01,22-05-23-08-16-53-165
17.52,-61.77,666.00,1.15,22-05-23-08-16-53-196
17.78,-62.23,666.00,3.72,22-05-23-08-16-53-227
18.06,-62.51,666.00,5.41,22-05-23-08-16-53-264
18.41,-62.71,666.00,10.84,22-05-23-08-16-53-295
18.64,-62.71,666.00,15.45,22-05-23-08-16-53-328
19.11,-63.81,666.00,19.44,22-05-23-08-16-53-363
19.34,-64.20,666.00,21.72,22-05-23-08-16-53-395
19.48,-64.14,666.00,23.08,22-05-23-08-16-53-429
19.57,-64.05,666.00,24.03,22-05-23-08-16-53-466
19.63,-63.89,666.00,24.66,22-05-23-08-16-53-495
19.39,-63.23,666.00,19.17,22-05-23-08-16-53-532
19.08,-62.44,666.00,16.69,22-05-23-08-16-53-563
18.28,-60.50,666.00,15.17,22-05-23-08-16-53-595
17.31,-57.95,666.00,15.09,22-05-23-08-16-53-630
16.30,-55.19,666.00,22.81,22-05-23-08-16-53-666
14.98,-51.31,666.00,26.11,22-05-23-08-16-53-697
13.52,-45.43,666.00,27.37,22-05-23-08-16-53-731
11.99,-36.88,666.00,26.77,22-05-23-08-16-53-765
10.77,-22.40,666.00,26.53,22-05-23-08-16-53-796
10.41,-9.26,666.00,27.98,22-05-23-08-16-53-829
10.63,2.40,4.17,30.95,22-05-23-08-16-53-862
12.09,19.17,3.40,33.15,22-05-23-08-16-53-897
14.53,31.67,2.53,34.37,22-05-23-08-16-53-929
16.96,39.08,3.27,38.27,22-05-23-08-16-53-963
21.80,47.42,2.06,38.60,22-05-23-08-16-53-996
27.65,51.31,-0.53,38.77,22-05-23-08-16-54-029
37.39,55.66,-9.76,32.97,22-05-23-08-16-54-063
42.55,56.23,-13.94,36.62,22-05-23-08-16-54-096
45.02,56.54,-5.48,51.24,22-05-23-08-16-54-127
52.97,56.76,-24.69,44.87,22-05-23-08-16-54-164
56.76,56.67,-26.81,45.56,22-05-23-08-16-54-201
60.52,56.72,-32.63,42.63,22-05-23-08-16-54-228
64.23,56.69,-40.14,39.12,22-05-23-08-16-54-265
69.62,56.45,-55.51,34.40,22-05-23-08-16-54-299
75.15,55.92,-79.35,32.67,22-05-23-08-16-54-328
82.96,56.88,666.00,29.89,22-05-23-08-16-54-366
85.72,56.79,-40.78,34.21,22-05-23-08-16-54-396
92.57,58.16,-38.51,31.08,22-05-23-08-16-54-427
94.96,58.16,-35.19,32.09,22-05-23-08-16-54-464
96.72,57.55,-38.45,31.22,22-05-23-08-16-54-499
97.88,56.88,-35.80,34.10,22-05-23-08-16-54-528
98.86,56.51,-36.38,34.48,22-05-23-08-16-54-566
100.10,56.37,-37.68,33.78,22-05-23-08-16-54-598
101.19,56.14,-39.20,33.08,22-05-23-08-16-54-631
106.60,52.86,666.00,29.59,22-05-23-08-16-54-666
108.16,52.00,666.00,29.39,22-05-23-08-16-54-700
109.60,51.56,666.00,29.15,22-05-23-08-16-54-729
110.62,51.52,666.00,28.41,22-05-23-08-16-54-767
111.33,51.87,666.00,27.27,22-05-23-08-16-54-795
112.01,51.95,666.00,26.38,22-05-23-08-16-54-831
112.41,51.98,666.00,25.80,22-05-23-08-16-54-863
112.66,51.87,666.00,25.53,22-05-23-08-16-54-897
112.72,51.97,666.00,25.12,22-05-23-08-16-54-928
112.70,52.08,666.00,24.80,22-05-23-08-16-54-963
112.38,52.55,666.00,24.16,22-05-23-08-16-54-996
111.61,53.36,666.00,23.34,22-05-23-08-16-55-028
109.21,55.12,666.00,22.13,22-05-23-08-16-55-061
104.03,54.84,666.00,25.75,22-05-23-08-16-55-098
99.21,53.79,666.00,27.66,22-05-23-08-16-55-133
91.69,51.45,-44.16,32.63,22-05-23-08-16-55-163
84.13,48.77,-39.61,37.55,22-05-23-08-16-55-198
80.02,47.78,-42.63,34.11,22-05-23-08-16-55-232
76.80,46.74,-38.93,36.35,22-05-23-08-16-55-262
72.82,45.62,-31.37,39.98,22-05-23-08-16-55-297
67.66,43.76,-40.68,38.24,22-05-23-08-16-55-329
59.25,41.98,-20.70,45.03,22-05-23-08-16-55-365
54.78,40.60,-19.24,43.25,22-05-23-08-16-55-395
47.53,36.94,-7.54,51.55,22-05-23-08-16-55-431
43.90,34.71,-12.32,41.58,22-05-23-08-16-55-465
38.68,30.52,-19.08,34.76,22-05-23-08-16-55-494
33.03,25.94,-7.67,37.20,22-05-23-08-16-55-531
29.46,22.13,666.00,29.00,22-05-23-08-16-55-561
25.90,16.68,666.00,27.96,22-05-23-08-16-55-595
23.86,12.88,666.00,25.69,22-05-23-08-16-55-629
21.40,7.08,666.00,25.13,22-05-23-08-16-55-661
17.25,-10.99,666.00,28.92,22-05-23-08-16-55-697
16.02,-22.43,10.98,31.21,22-05-23-08-16-55-733
15.42,-32.21,12.14,31.08,22-05-23-08-16-55-763
15.11,-38.19,12.98,30.45,22-05-23-08-16-55-794
14.75,-41.61,666.00,26.16,22-05-23-08-16-55-829
14.71,-44.76,666.00,25.45,22-05-23-08-16-55-864
15.08,-48.29,666.00,24.07,22-05-23-08-16-55-895
15.54,-51.71,666.00,19.85,22-05-23-08-16-55-934
15.81,-53.98,666.00,19.13,22-05-23-08-16-55-961
16.25,-56.16,666.00,19.19,22-05-23-08-16-55-995
16.52,-57.58,666.00,15.79,22-05-23-08-16-56-028
16.88,-58.78,666.00,14.86,22-05-23-08-16-56-069
17.29,-59.90,666.00,12.57,22-05-23-08-16-56-094
17.81,-60.91,666.00,10.43,22-05-23-08-16-56-130
18.64,-62.31,666.00,5.95,22-05-23-08-16-56-166
19.44,-63.48,666.00,5.95,22-05-23-08-16-56-197
20.70,-64.89,666.00,7.31,22-05-23-08-16-56-228
21.89,-66.10,666.00,8.95,22-05-23-08-16-56-263
22.54,-66.96,666.00,9.97,22-05-23-08-16-56-296
23.09,-67.59,666.00,10.89,22-05-23-08-16-56-331
23.46,-67.95,666.00,11.55,22-05-23-08-16-56-368
23.81,-68.26,666.00,12.21,22-05-23-08-16-56-396
24.03,-68.41,666.00,12.66,22-05-23-08-16-56-429
24.09,-68.37,666.00,13.04,22-05-23-08-16-56-463
23.35,-67.83,666.00,14.04,22-05-23-08-16-56-495
22.44,-67.02,666.00,16.78,22-05-23-08-16-56-527
21.36,-65.73,666.00,17.20,22-05-23-08-16-56-560
18.92,-61.39,666.00,22.42,22-05-23-08-16-56-595
16.94,-57.04,666.00,27.85,22-05-23-08-16-56-629
15.37,-52.71,666.00,27.72,22-05-23-08-16-56-663
13.49,-45.53,666.00,25.17,22-05-23-08-16-56-696
12.12,-37.87,666.00,27.97,22-05-23-08-16-56-727
10.71,-26.11,666.00,27.72,22-05-23-08-16-56-762
9.90,-12.77,666.00,29.36,22-05-23-08-16-56-794
9.74,-0.71,3.18,31.78,22-05-23-08-16-56-828
11.09,21.13,2.99,32.53,22-05-23-08-16-56-866
14.08,36.24,1.20,32.73,22-05-23-08-16-56-894
16.67,43.39,3.11,37.40,22-05-23-08-16-56-928
21.19,50.45,5.39,40.01,22-05-23-08-16-56-966
29.67,54.63,-0.60,35.51,22-05-23-08-16-56-997
34.20,54.97,-3.46,40.27,22-05-23-08-16-57-028
38.99,54.93,-6.41,54.31,22-05-23-08-16-57-063
44.57,54.70,-11.13,55.00,22-05-23-08-16-57-094
48.69,54.41,-15.21,53.52,22-05-23-08-16-57-129
55.30,54.73,-30.53,44.04,22-05-23-08-16-57-167
59.68,55.17,-47.66,37.52,22-05-23-08-16-57-197
62.44,55.20,-32.12,44.06,22-05-23-08-16-57-229
72.62,56.65,-41.43,37.70,22-05-23-08-16-57-265
78.76,56.93,-50.71,33.23,22-05-23-08-16-57-296
82.61,56.98,-41.83,31.43,22-05-23-08-16-57-327
85.17,56.34,-37.75,31.01,22-05-23-08-16-57-366
88.92,56.09,666.00,28.42,22-05-23-08-16-57-394
92.92,55.23,666.00,29.60,22-05-23-08-16-57-430
96.42,55.46,666.00,27.03,22-05-23-08-16-57-461
98.42,55.38,666.00,27.05,22-05-23-08-16-57-494
99.59,55.09,666.00,27.38,22-05-23-08-16-57-528
100.53,54.85,666.00,28.25,22-05-23-08-16-57-564
103.83,52.32,666.00,27.93,22-05-23-08-16-57-596
105.83,50.83,666.00,28.72,22-05-23-08-16-57-628
107.86,51.58,666.00,26.52,22-05-23-08-16-57-662
109.27,52.43,666.00,25.79,22-05-23-08-16-57-699
110.23,52.77,666.00,25.26,22-05-23-08-16-57-730
111.05,53.23,666.00,24.34,22-05-23-08-16-57-764
111.66,53.49,666.00,23.76,22-05-23-08-16-57-798
112.12,53.64,666.00,23.40,22-05-23-08-16-57-833
112.49,53.74,666.00,23.11,22-05-23-08-16-57-863
112.79,53.84,666.00,22.80,22-05-23-08-16-57-898
113.02,53.90,666.00,22.56,22-05-23-08-16-57-931
113.13,54.04,666.00,22.12,22-05-23-08-16-57-962
112.56,54.62,666.00,21.57,22-05-23-08-16-57-995
111.42,55.44,666.00,20.40,22-05-23-08-16-58-030
105.40,55.10,666.00,25.15,22-05-23-08-16-58-063
102.05,54.98,666.00,24.96,22-05-23-08-16-58-096
98.83,54.87,666.00,22.20,22-05-23-08-16-58-127
97.16,54.79,666.00,20.46,22-05-23-08-16-58-162
96.16,54.73,666.00,17.12,22-05-23-08-16-58-195
84.86,52.93,666.00,25.72,22-05-23-08-16-58-227
77.62,51.84,-31.29,34.45,22-05-23-08-16-58-264
72.43,50.62,-22.61,41.61,22-05-23-08-16-58-295
66.24,49.66,-12.81,50.06,22-05-23-08-16-58-331
57.73,47.55,-2.54,61.72,22-05-23-08-16-58-366
51.92,45.51,3.09,69.01,22-05-23-08-16-58-401
47.48,43.64,-6.33,50.06,22-05-23-08-16-58-429
43.05,41.57,-14.61,36.37,22-05-23-08-16-58-465
37.81,39.01,666.00,24.47,22-05-23-08-16-58-495
33.87,36.82,666.00,23.64,22-05-23-08-16-58-529
30.68,34.26,666.00,14.29,22-05-23-08-16-58-563
28.01,31.22,666.00,14.04,22-05-23-08-16-58-594
22.46,16.93,666.00,21.18,22-05-23-08-16-58-631
19.07,2.47,666.00,23.81,22-05-23-08-16-58-664
17.74,-8.81,666.00,25.16,22-05-23-08-16-58-696
17.06,-20.80,666.00,22.39,22-05-23-08-16-58-730
17.07,-36.16,666.00,27.13,22-05-23-08-16-58-763
17.53,-43.87,666.00,23.43,22-05-23-08-16-58-794
17.92,-50.01,666.00,23.18,22-05-23-08-16-58-828
18.81,-58.93,666.00,25.42,22-05-23-08-16-58-865
19.15,-62.24,666.00,25.08,22-05-23-08-16-58-896
19.43,-63.86,666.00,25.08,22-05-23-08-16-58-928
19.60,-64.65,666.00,23.28,22-05-23-08-16-58-967
19.63,-64.90,666.00,13.37,22-05-23-08-16-58-994
19.66,-64.95,666.00,9.82,22-05-23-08-16-59-028
19.69,-64.92,666.00,5.94,22-05-23-08-16-59-064
19.63,-64.73,666.00,4.41,22-05-23-08-16-59-094
19.64,-64.62,666.00,3.87,22-05-23-08-16-59-130
19.75,-64.58,666.00,4.33,22-05-23-08-16-59-163
19.84,-64.49,666.00,5.99,22-05-23-08-16-59-197
19.91,-64.33,666.00,7.63,22-05-23-08-16-59-233
19.91,-64.07,666.00,9.03,22-05-23-08-16-59-262
19.93,-63.85,666.00,10.05,22-05-23-08-16-59-295
19.90,-63.51,666.00,10.80,22-05-23-08-16-59-328
19.85,-63.19,666.00,12.14,22-05-23-08-16-59-361
19.79,-62.83,666.00,12.78,22-05-23-08-16-59-398
19.71,-62.45,666.00,13.10,22-05-23-08-16-59-432
19.52,-61.90,666.00,13.06,22-05-23-08-16-59-463
19.06,-60.90,666.00,12.09,22-05-23-08-16-59-500
18.23,-59.20,666.00,20.21,22-05-23-08-16-59-529
17.10,-56.73,666.00,23.24,22-05-23-08-16-59-564
15.48,-52.38,666.00,27.62,22-05-23-08-16-59-596
13.42,-44.62,0.21,30.18,22-05-23-08-16-59-631
11.64,-32.38,666.00,29.57,22-05-23-08-16-59-662
10.71,-14.42,666.00,27.18,22-05-23-08-16-59-696
10.84,-0.11,666.00,27.07,22-05-23-08-16-59-727
11.76,13.78,666.00,28.20,22-05-23-08-16-59-760
13.38,26.55,666.00,30.00,22-05-23-08-16-59-794
15.58,36.47,0.63,32.95,22-05-23-08-16-59-827
19.00,45.26,1.35,32.71,22-05-23-08-16-59-864
21.67,49.46,2.13,33.21,22-05-23-08-16-59-895
24.54,52.00,4.78,37.04,22-05-23-08-16-59-931
34.59,56.98,666.00,28.03,22-05-23-08-16-59-965
40.31,58.47,666.00,22.55,22-05-23-08-16-59-996
42.94,58.19,-10.82,31.03,22-05-23-08-17-00-035
44.41,57.20,-3.21,47.99,22-05-23-08-17-00-066
53.24,55.50,-32.31,39.52,22-05-23-08-17-00-094
56.73,54.23,-24.13,48.93,22-05-23-08-17-00-127
59.94,53.62,-17.58,54.32,22-05-23-08-17-00-163
66.70,54.76,-23.54,45.61,22-05-23-08-17-00-196
73.35,55.16,-33.09,36.83,22-05-23-08-17-00-230
82.99,55.51,666.00,23.29,22-05-23-08-17-00-264
87.42,52.55,-64.72,30.37,22-05-23-08-17-00-297
95.21,55.70,666.00,21.78,22-05-23-08-17-00-327
97.70,56.10,666.00,22.88,22-05-23-08-17-00-363
99.05,55.47,666.00,25.71,22-05-23-08-17-00-398
99.95,54.73,666.00,29.37,22-05-23-08-17-00-430
101.30,54.23,666.00,29.37,22-05-23-08-17-00-462
106.12,54.08,666.00,27.11,22-05-23-08-17-00-495
108.08,53.79,666.00,26.11,22-05-23-08-17-00-529
109.61,53.54,666.00,25.35,22-05-23-08-17-00-564
111.04,53.26,666.00,24.25,22-05-23-08-17-00-594
112.25,52.97,666.00,23.48,22-05-23-08-17-00-631
113.51,52.48,666.00,22.74,22-05-23-08-17-00-666
114.43,52.23,666.00,22.12,22-05-23-08-17-00-698
115.02,51.98,666.00,21.94,22-05-23-08-17-00-732
115.70,51.67,666.00,21.67,22-05-23-08-17-00-762
116.09,51.47,666.00,21.65,22-05-23-08-17-00-796
116.83,52.14,666.00,20.81,22-05-23-08-17-00-832
117.27,52.87,666.00,20.24,22-05-23-08-17-00-860
117.52,53.11,666.00,20.05,22-05-23-08-17-00-898
117.57,53.62,666.00,19.77,22-05-23-08-17-00-930
117.44,54.12,666.00,19.21,22-05-23-08-17-00-963
117.22,54.33,666.00,18.27,22-05-23-08-17-00-997
116.19,54.67,666.00,17.32,22-05-23-08-17-01-032
114.90,54.88,666.00,15.40,22-05-23-08-17-01-062
111.07,55.39,666.00,17.02,22-05-23-08-17-01-096
103.01,52.91,666.00,23.73,22-05-23-08-17-01-129
96.03,50.70,666.00,29.29,22-05-23-08-17-01-161
91.07,49.37,-38.69,30.41,22-05-23-08-17-01-197
88.16,48.49,-38.40,30.79,22-05-23-08-17-01-231
83.67,46.02,-43.71,32.02,22-05-23-08-17-01-262
80.75,44.60,-49.12,31.27,22-05-23-08-17-01-294
73.74,40.59,-35.51,42.06,22-05-23-08-17-01-327
70.14,38.65,-29.57,47.04,22-05-23-08-17-01-364
64.54,36.71,-18.44,54.32,22-05-23-08-17-01-395
57.59,33.18,-6.48,64.34,22-05-23-08-17-01-429
51.29,29.88,2.70,72.26,22-05-23-08-17-01-462
47.69,28.08,-9.86,59.18,22-05-23-08-17-01-495
42.54,25.89,-14.97,51.55,22-05-23-08-17-01-532
39.49,24.43,-25.49,41.25,22-05-23-08-17-01-564
34.59,22.50,-14.71,38.95,22-05-23-08-17-01-598
30.79,19.75,666.00,28.43,22-05-23-08-17-01-629
26.27,12.04,-10.88,31.10,22-05-23-08-17-01-664
23.89,6.00,666.00,29.69,22-05-23-08-17-01-696
22.23,-0.33,666.00,26.57,22-05-23-08-17-01-729
20.98,-8.17,666.00,26.52,22-05-23-08-17-01-764
19.96,-17.36,666.00,26.58,22-05-23-08-17-01-795
19.08,-34.13,4.72,30.71,22-05-23-08-17-01-832
18.83,-43.85,7.94,31.47,22-05-23-08-17-01-860
18.58,-49.68,8.81,30.14,22-05-23-08-17-01-898
18.43,-53.28,666.00,25.14,22-05-23-08-17-01-931
18.24,-55.95,666.00,23.81,22-05-23-08-17-01-963
18.11,-58.08,666.00,21.88,22-05-23-08-17-01-996
18.03,-59.93,666.00,16.14,22-05-23-08-17-02-028
17.92,-60.84,666.00,14.83,22-05-23-08-17-02-064
18.11,-61.95,666.00,14.59,22-05-23-08-17-02-096
18.26,-62.73,666.00,16.38,22-05-23-08-17-02-128
18.41,-63.37,666.00,17.98,22-05-23-08-17-02-162
18.55,-63.87,666.00,19.83,22-05-23-08-17-02-196
18.81,-64.54,666.00,21.87,22-05-23-08-17-02-232
18.99,-64.97,666.00,23.53,22-05-23-08-17-02-268
19.35,-66.59,666.00,25.85,22-05-23-08-17-02-295
20.37,-67.95,666.00,28.62,22-05-23-08-17-02-330
20.40,-68.60,666.00,29.58,22-05-23-08-17-02-364
19.92,-69.03,666.00,29.88,22-05-23-08-17-02-396
19.78,-68.99,-4.86,30.69,22-05-23-08-17-02-432
19.63,-68.86,-4.93,31.00,22-05-23-08-17-02-465
19.35,-68.53,-5.04,30.69,22-05-23-08-17-02-495
18.81,-67.89,666.00,29.66,22-05-23-08-17-02-533
18.27,-66.95,666.00,23.52,22-05-23-08-17-02-566
17.09,-64.07,666.00,23.11,22-05-23-08-17-02-597
15.91,-60.75,666.00,24.01,22-05-23-08-17-02-629
14.46,-55.56,666.00,24.59,22-05-23-08-17-02-665
12.86,-47.73,666.00,24.61,22-05-23-08-17-02-698
11.27,-36.09,666.00,26.83,22-05-23-08-17-02-728
10.36,-23.71,7.65,30.82,22-05-23-08-17-02-762
10.05,-7.21,7.03,34.26,22-05-23-08-17-02-795
10.71,11.03,6.38,32.71,22-05-23-08-17-02-828
12.93,29.45,5.78,34.08,22-05-23-08-17-02-863
17.17,45.21,6.28,31.82,22-05-23-08-17-02-894
19.80,49.76,6.21,37.74,22-05-23-08-17-02-932
26.54,55.29,4.53,38.06,22-05-23-08-17-02-967
36.53,57.90,-6.65,31.06,22-05-23-08-17-02-999
41.09,57.86,-10.17,36.90,22-05-23-08-17-03-026
44.81,57.20,-11.11,48.73,22-05-23-08-17-03-062
51.38,56.57,-23.19,44.77,22-05-23-08-17-03-095
54.98,55.89,-23.98,59.00,22-05-23-08-17-03-130
60.11,56.60,-30.11,55.53,22-05-23-08-17-03-162
69.33,58.04,-53.91,43.48,22-05-23-08-17-03-194
75.72,59.17,-91.65,39.63,22-05-23-08-17-03-231
81.68,60.41,-51.82,31.42,22-05-23-08-17-03-261
88.84,62.48,666.00,18.17,22-05-23-08-17-03-297
92.10,62.67,666.00,18.67,22-05-23-08-17-03-332
94.00,61.90,666.00,22.24,22-05-23-08-17-03-363
95.55,59.54,666.00,28.41,22-05-23-08-17-03-396
96.80,58.31,666.00,29.60,22-05-23-08-17-03-428
97.75,57.36,-30.04,33.18,22-05-23-08-17-03-462
99.04,56.41,-33.08,33.43,22-05-23-08-17-03-498
104.41,56.67,666.00,25.72,22-05-23-08-17-03-527
107.01,56.46,666.00,22.93,22-05-23-08-17-03-565
108.82,55.73,666.00,22.36,22-05-23-08-17-03-595
110.18,54.86,666.00,22.34,22-05-23-08-17-03-629
111.21,54.29,666.00,22.28,22-05-23-08-17-03-661
111.96,53.91,666.00,22.45,22-05-23-08-17-03-698
112.46,53.61,666.00,22.70,22-05-23-08-17-03-728
112.76,53.37,666.00,22.97,22-05-23-08-17-03-761
113.02,53.27,666.00,22.87,22-05-23-08-17-03-797
113.77,51.85,666.00,23.36,22-05-23-08-17-03-832
113.97,51.18,666.00,23.71,22-05-23-08-17-03-862
113.97,50.66,666.00,23.95,22-05-23-08-17-03-896
113.78,50.26,666.00,24.19,22-05-23-08-17-03-930
113.32,49.85,666.00,24.34,22-05-23-08-17-03-966
111.81,50.61,666.00,23.42,22-05-23-08-17-03-997
107.30,51.62,666.00,24.83,22-05-23-08-17-04-030
104.63,52.09,666.00,23.49,22-05-23-08-17-04-062
100.78,51.94,666.00,24.23,22-05-23-08-17-04-096
92.37,50.49,666.00,29.47,22-05-23-08-17-04-131
88.83,49.98,666.00,25.84,22-05-23-08-17-04-165
81.13,49.09,-37.38,30.69,22-05-23-08-17-04-195
76.69,48.58,-28.86,34.59,22-05-23-08-17-04-228
70.66,47.60,-27.21,32.01,22-05-23-08-17-04-266
64.34,46.40,-15.85,37.72,22-05-23-08-17-04-297
57.31,44.18,-8.84,38.81,22-05-23-08-17-04-329
51.07,42.14,-7.42,32.73,22-05-23-08-17-04-363
47.69,40.13,666.00,26.14,22-05-23-08-17-04-396
42.62,36.97,666.00,24.83,22-05-23-08-17-04-429
37.27,34.81,666.00,26.61,22-05-23-08-17-04-462
33.91,32.89,666.00,23.01,22-05-23-08-17-04-498
30.45,29.84,666.00,22.43,22-05-23-08-17-04-530
27.21,25.30,666.00,20.30,22-05-23-08-17-04-562
22.31,12.92,666.00,24.43,22-05-23-08-17-04-597
18.91,0.90,666.00,25.76,22-05-23-08-17-04-629
16.60,-11.47,666.00,24.28,22-05-23-08-17-04-663
15.01,-22.03,666.00,25.45,22-05-23-08-17-04-694
14.02,-29.02,666.00,23.79,22-05-23-08-17-04-731
13.42,-36.07,666.00,19.85,22-05-23-08-17-04-764
13.26,-41.57,666.00,19.35,22-05-23-08-17-04-796
13.24,-45.35,666.00,18.91,22-05-23-08-17-04-832
13.51,-49.47,666.00,19.57,22-05-23-08-17-04-861
14.10,-53.27,666.00,16.73,22-05-23-08-17-04-896
14.94,-56.88,666.00,15.72,22-05-23-08-17-04-930
15.80,-59.84,666.00,16.34,22-05-23-08-17-04-962
17.03,-63.24,666.00,18.30,22-05-23-08-17-04-995
21.63,-70.17,666.00,26.59,22-05-23-08-17-05-029
23.17,-71.75,666.00,29.00,22-05-23-08-17-05-063
24.39,-72.62,-0.44,31.22,22-05-23-08-17-05-096
24.82,-72.88,-0.55,31.99,22-05-23-08-17-05-129
25.19,-72.96,-0.72,32.55,22-05-23-08-17-05-164
24.88,-73.16,-0.30,32.11,22-05-23-08-17-05-195
24.10,-73.46,0.58,30.88,22-05-23-08-17-05-227
24.01,-73.36,0.60,30.77,22-05-23-08-17-05-261
23.58,-73.26,0.80,30.14,22-05-23-08-17-05-296
23.95,-72.07,-0.70,30.87,22-05-23-08-17-05-331
22.88,-72.04,666.00,29.17,22-05-23-08-17-05-364
22.48,-71.64,666.00,28.58,22-05-23-08-17-05-395
22.36,-70.91,666.00,28.41,22-05-23-08-17-05-430
22.29,-70.23,666.00,27.29,22-05-23-08-17-05-463
22.23,-69.55,666.00,26.86,22-05-23-08-17-05-497
22.09,-68.83,666.00,19.61,22-05-23-08-17-05-527
21.96,-68.14,666.00,13.50,22-05-23-08-17-05-564
21.82,-67.39,666.00,11.48,22-05-23-08-17-05-595
21.30,-65.86,666.00,8.91,22-05-23-08-17-05-627
20.21,-63.47,666.00,14.94,22-05-23-08-17-05-664
18.70,-60.39,666.00,19.36,22-05-23-08-17-05-695
17.13,-56.72,666.00,20.71,22-05-23-08-17-05-732
15.23,-50.81,666.00,26.43,22-05-23-08-17-05-765
13.37,-42.60,-8.85,30.35,22-05-23-08-17-05-794
11.54,-28.72,666.00,29.14,22-05-23-08-17-05-834
10.60,-9.94,666.00,27.03,22-05-23-08-17-05-867
10.74,6.16,666.00,25.32,22-05-23-08-17-05-898
11.48,20.65,666.00,22.94,22-05-23-08-17-05-930
12.96,33.68,-9.08,30.50,22-05-23-08-17-05-969
15.85,44.67,-6.88,34.50,22-05-23-08-17-05-995
21.00,53.15,-7.91,34.50,22-05-23-08-17-06-030
27.46,58.56,-9.99,33.29,22-05-23-08-17-06-062
34.16,61.15,666.00,29.76,22-05-23-08-17-06-095
41.24,64.17,666.00,26.06,22-05-23-08-17-06-129
44.10,63.65,-9.97,32.42,22-05-23-08-17-06-161
46.03,62.70,-9.72,47.08,22-05-23-08-17-06-196
50.95,60.85,-15.62,47.57,22-05-23-08-17-06-227
53.46,59.26,-18.28,48.62,22-05-23-08-17-06-263
55.77,58.65,-20.43,47.53,22-05-23-08-17-06-299
63.11,61.48,-29.41,35.11,22-05-23-08-17-06-331
68.46,62.61,666.00,26.80,22-05-23-08-17-06-361
71.77,62.65,666.00,22.93,22-05-23-08-17-06-399
76.21,62.95,666.00,18.77,22-05-23-08-17-06-431
81.47,63.09,666.00,21.27,22-05-23-08-17-06-463
83.27,63.02,-20.39,32.35,22-05-23-08-17-06-495
88.62,62.80,-22.40,32.58,22-05-23-08-17-06-528
92.62,61.54,-27.16,31.62,22-05-23-08-17-06-561
94.64,60.65,-29.61,32.32,22-05-23-08-17-06-597
96.89,60.08,-33.48,30.63,22-05-23-08-17-06-629
98.59,59.72,666.00,29.50,22-05-23-08-17-06-662
100.27,59.37,666.00,27.41,22-05-23-08-17-06-694
104.17,60.58,666.00,19.77,22-05-23-08-17-06-728
106.12,61.01,666.00,17.89,22-05-23-08-17-06-763
107.23,61.13,666.00,16.90,22-05-23-08-17-06-795
107.91,61.00,666.00,16.66,22-05-23-08-17-06-829
108.33,60.82,666.00,16.55,22-05-23-08-17-06-866
108.52,59.91,666.00,17.39,22-05-23-08-17-06-898
108.55,59.24,666.00,18.13,22-05-23-08-17-06-931
108.48,58.50,666.00,18.96,22-05-23-08-17-06-963
108.10,57.95,666.00,20.12,22-05-23-08-17-06-997
107.60,57.50,666.00,21.29,22-05-23-08-17-07-030
107.15,57.33,666.00,21.94,22-05-23-08-17-07-063
105.78,57.35,666.00,22.77,22-05-23-08-17-07-096
104.53,57.39,666.00,21.79,22-05-23-08-17-07-132
103.15,57.35,666.00,20.58,22-05-23-08-17-07-163
101.60,57.26,666.00,19.64,22-05-23-08-17-07-196
98.98,57.28,666.00,16.91,22-05-23-08-17-07-234
96.76,57.26,666.00,15.56,22-05-23-08-17-07-262
92.27,56.95,666.00,14.88,22-05-23-08-17-07-295
83.66,55.13,666.00,23.63,22-05-23-08-17-07-332
74.41,52.17,-19.56,37.30,22-05-23-08-17-07-363
70.32,50.28,-19.27,35.49,22-05-23-08-17-07-397
66.17,48.36,-19.95,32.80,22-05-23-08-17-07-430
61.66,45.96,-21.57,31.66,22-05-23-08-17-07-464
56.10,42.67,-20.65,33.44,22-05-23-08-17-07-496
51.23,39.34,-22.69,30.78,22-05-23-08-17-07-531
45.64,35.11,-19.69,30.06,22-05-23-08-17-07-565
38.70,28.84,-8.47,36.28,22-05-23-08-17-07-593
34.04,23.92,-8.12,32.05,22-05-23-08-17-07-627
29.94,18.02,666.00,29.72,22-05-23-08-17-07-666
27.53,13.64,666.00,24.15,22-05-23-08-17-07-697
23.34,3.23,666.00,22.19,22-05-23-08-17-07-731
20.76,-7.83,666.00,22.44,22-05-23-08-17-07-763
19.18,-19.30,666.00,22.53,22-05-23-08-17-07-795
18.34,-31.90,666.00,23.48,22-05-23-08-17-07-830
18.15,-45.38,666.00,25.73,22-05-23-08-17-07-865
18.16,-52.81,666.00,22.63,22-05-23-08-17-07-894
18.10,-57.10,666.00,20.92,22-05-23-08-17-07-930
17.96,-60.23,666.00,19.71,22-05-23-08-17-07-961
17.98,-62.66,666.00,17.54,22-05-23-08-17-07-996
18.37,-65.33,666.00,17.64,22-05-23-08-17-08-028
18.76,-67.00,666.00,16.71,22-05-23-08-17-08-065
19.17,-68.22,666.00,16.86,22-05-23-08-17-08-095
19.67,-69.19,666.00,7.08,22-05-23-08-17-08-129
20.36,-70.09,666.00,2.15,22-05-23-08-17-08-164
20.87,-70.55,666.00,1.83,22-05-23-08-17-08-197
21.36,-70.90,666.00,1.99,22-05-23-08-17-08-228
21.93,-71.15,666.00,2.07,22-05-23-08-17-08-262
22.42,-71.25,666.00,3.16,22-05-23-08-17-08-302
22.82,-71.23,666.00,5.09,22-05-23-08-17-08-330
23.33,-71.36,666.00,7.02,22-05-23-08-17-08-364
23.79,-71.49,666.00,8.37,22-05-23-08-17-08-395
24.14,-71.58,666.00,9.34,22-05-23-08-17-08-432
24.42,-71.60,666.00,10.13,22-05-23-08-17-08-463
24.61,-71.52,666.00,10.71,22-05-23-08-17-08-498
24.74,-71.41,666.00,11.18,22-05-23-08-17-08-533
24.80,-71.29,666.00,11.54,22-05-23-08-17-08-561
24.82,-71.23,666.00,11.78,22-05-23-08-17-08-597
24.78,-71.14,666.00,11.87,22-05-23-08-17-08-631
24.65,-71.05,666.00,12.06,22-05-23-08-17-08-661
24.38,-70.87,666.00,11.89,22-05-23-08-17-08-697
23.95,-70.55,666.00,11.11,22-05-23-08-17-08-728
23.37,-70.05,666.00,17.86,22-05-23-08-17-08-764
22.44,-69.20,666.00,19.70,22-05-23-08-17-08-795
21.27,-68.04,666.00,18.89,22-05-23-08-17-08-831
19.97,-66.33,666.00,24.40,22-05-23-08-17-08-866
17.73,-62.35,666.00,25.39,22-05-23-08-17-08-896
15.92,-57.96,666.00,25.25,22-05-23-08-17-08-929
13.83,-50.80,666.00,23.57,22-05-23-08-17-08-963
12.28,-42.50,666.00,26.02,22-05-23-08-17-08-996
10.95,-28.16,666.00,27.94,22-05-23-08-17-09-028
10.51,-8.53,666.00,27.69,22-05-23-08-17-09-062
11.33,8.59,15.07,31.14,22-05-23-08-17-09-096
14.58,28.22,13.41,31.31,22-05-23-08-17-09-127
19.36,39.76,12.80,32.80,22-05-23-08-17-09-165
25.97,46.84,10.59,30.89,22-05-23-08-17-09-199
37.25,53.43,666.00,23.01,22-05-23-08-17-09-228
42.13,54.14,-3.00,30.87,22-05-23-08-17-09-262
48.69,54.71,-12.26,33.04,22-05-23-08-17-09-297
52.42,54.43,-10.60,43.36,22-05-23-08-17-09-328
57.45,54.47,-13.49,44.68,22-05-23-08-17-09-365
60.88,54.49,-10.72,52.06,22-05-23-08-17-09-400
69.85,56.02,-21.10,39.87,22-05-23-08-17-09-431
74.85,56.03,-29.43,34.33,22-05-23-08-17-09-461
84.01,57.50,666.00,22.32,22-05-23-08-17-09-495
87.21,57.44,666.00,20.54,22-05-23-08-17-09-529
89.50,57.28,666.00,21.61,22-05-23-08-17-09-566
93.46,57.81,666.00,21.66,22-05-23-08-17-09-597
95.81,56.91,666.00,23.65,22-05-23-08-17-09-628
98.25,56.63,666.00,22.45,22-05-23-08-17-09-665
99.44,56.27,666.00,23.46,22-05-23-08-17-09-697
100.33,55.84,666.00,25.02,22-05-23-08-17-09-730
102.71,55.09,666.00,24.96,22-05-23-08-17-09-763
104.47,54.67,666.00,26.96,22-05-23-08-17-09-795
105.99,54.35,666.00,26.88,22-05-23-08-17-09-829
106.86,54.00,666.00,27.07,22-05-23-08-17-09-864
107.55,53.72,666.00,27.01,22-05-23-08-17-09-893
108.76,53.38,666.00,26.18,22-05-23-08-17-09-929
109.64,53.18,666.00,25.37,22-05-23-08-17-09-963
110.27,53.05,666.00,24.72,22-05-23-08-17-09-994
110.84,53.02,666.00,23.85,22-05-23-08-17-10-030
111.27,53.05,666.00,22.98,22-05-23-08-17-10-065
111.55,53.08,666.00,22.10,22-05-23-08-17-10-094
111.70,53.10,666.00,20.41,22-05-23-08-17-10-134
111.64,53.14,666.00,18.09,22-05-23-08-17-10-164
109.82,53.54,666.00,16.71,22-05-23-08-17-10-195
104.26,52.41,666.00,20.14,22-05-23-08-17-10-231
100.84,51.96,666.00,17.70,22-05-23-08-17-10-264
96.40,51.40,666.00,19.17,22-05-23-08-17-10-294
91.02,50.79,666.00,18.76,22-05-23-08-17-10-327
84.16,50.91,666.00,22.93,22-05-23-08-17-10-364
81.17,50.84,666.00,20.67,22-05-23-08-17-10-396
74.41,48.85,666.00,24.18,22-05-23-08-17-10-427
71.00,49.12,666.00,22.14,22-05-23-08-17-10-464
68.89,49.10,666.00,17.40,22-05-23-08-17-10-494
59.95,45.94,666.00,29.10,22-05-23-08-17-10-531
53.76,42.61,666.00,27.92,22-05-23-08-17-10-562
48.96,39.54,666.00,25.50,22-05-23-08-17-10-593
44.53,38.19,666.00,24.76,22-05-23-08-17-10-628
40.25,36.91,666.00,18.67,22-05-23-08-17-10-662
33.18,32.11,666.00,22.49,22-05-23-08-17-10-699
29.72,28.86,666.00,19.09,22-05-23-08-17-10-729
25.90,23.72,666.00,21.73,22-05-23-08-17-10-764
22.62,17.07,666.00,21.62,22-05-23-08-17-10-802
19.93,8.88,666.00,21.94,22-05-23-08-17-10-828
18.18,0.04,666.00,22.94,22-05-23-08-17-10-865
17.08,-9.19,666.00,20.18,22-05-23-08-17-10-896
16.38,-25.36,666.00,23.49,22-05-23-08-17-10-929
16.95,-41.23,666.00,26.56,22-05-23-08-17-10-964
17.75,-49.67,666.00,27.69,22-05-23-08-17-11-002
18.24,-54.01,666.00,27.82,22-05-23-08-17-11-029
18.44,-56.21,666.00,26.82,22-05-23-08-17-11-061
18.51,-57.54,666.00,23.74,22-05-23-08-17-11-094
18.93,-59.05,666.00,22.22,22-05-23-08-17-11-128
19.04,-59.68,666.00,21.90,22-05-23-08-17-11-164
19.00,-59.96,666.00,21.50,22-05-23-08-17-11-198
19.35,-61.64,666.00,21.87,22-05-23-08-17-11-229
19.57,-62.72,666.00,21.19,22-05-23-08-17-11-260
19.71,-63.25,666.00,20.48,22-05-23-08-17-11-295
19.75,-63.44,666.00,19.51,22-05-23-08-17-11-328
19.76,-63.45,666.00,17.55,22-05-23-08-17-11-364
19.75,-63.34,666.00,16.79,22-05-23-08-17-11-395
19.75,-63.18,666.00,16.38,22-05-23-08-17-11-431
19.74,-63.05,666.00,16.04,22-05-23-08-17-11-464
19.74,-62.95,666.00,15.54,22-05-23-08-17-11-498
19.74,-62.84,666.00,15.24,22-05-23-08-17-11-533
19.73,-62.72,666.00,15.12,22-05-23-08-17-11-561
19.79,-62.64,666.00,15.77,22-05-23-08-17-11-597
19.83,-62.54,666.00,17.21,22-05-23-08-17-11-631
19.75,-62.32,666.00,19.45,22-05-23-08-17-11-663
19.43,-61.72,666.00,25.37,22-05-23-08-17-11-695
19.02,-60.91,666.00,26.84,22-05-23-08-17-11-731
17.91,-58.81,666.00,27.14,22-05-23-08-17-11-763
16.07,-54.53,666.00,24.83,22-05-23-08-17-11-796
13.91,-46.94,666.00,22.83,22-05-23-08-17-11-828
12.43,-38.05,666.00,22.49,22-05-23-08-17-11-865
11.47,-24.71,666.00,27.43,22-05-23-08-17-11-897
11.12,-6.93,666.00,27.35,22-05-23-08-17-11-931
11.60,6.92,666.00,28.46,22-05-23-08-17-11-964
12.64,21.15,0.76,31.15,22-05-23-08-17-11-998
14.59,32.71,0.86,32.66,22-05-23-08-17-12-036
16.91,40.96,1.61,32.07,22-05-23-08-17-12-070
19.93,47.06,2.36,34.92,22-05-23-08-17-12-094
25.42,51.89,2.16,32.43,22-05-23-08-17-12-130
33.11,55.62,666.00,28.13,22-05-23-08-17-12-164
41.70,59.35,666.00,22.67,22-05-23-08-17-12-195
44.09,58.97,-8.61,41.67,22-05-23-08-17-12-229
50.69,59.82,666.00,29.73,22-05-23-08-17-12-263
53.28,59.15,-21.34,35.48,22-05-23-08-17-12-298
56.89,58.23,-39.95,32.24,22-05-23-08-17-12-329
59.05,57.16,-45.68,42.69,22-05-23-08-17-12-367
60.85,56.02,-40.64,57.86,22-05-23-08-17-12-394
67.22,55.78,-32.03,42.15,22-05-23-08-17-12-429
72.08,55.39,-29.07,40.68,22-05-23-08-17-12-464
76.53,55.19,-34.14,34.45,22-05-23-08-17-12-496
80.65,54.88,-33.03,31.21,22-05-23-08-17-12-528
83.00,54.38,-29.94,32.86,22-05-23-08-17-12-562
89.51,55.74,666.00,24.52,22-05-23-08-17-12-595
93.23,56.30,666.00,20.91,22-05-23-08-17-12-628
94.81,56.20,666.00,23.95,22-05-23-08-17-12-662
95.87,55.97,666.00,26.35,22-05-23-08-17-12-698
97.12,55.82,666.00,27.04,22-05-23-08-17-12-728
98.28,55.62,666.00,27.48,22-05-23-08-17-12-763
102.81,56.19,666.00,25.38,22-05-23-08-17-12-796
105.29,56.44,666.00,23.25,22-05-23-08-17-12-828
106.95,56.54,666.00,22.30,22-05-23-08-17-12-864
108.01,56.42,666.00,22.00,22-05-23-08-17-12-898
108.76,56.21,666.00,21.87,22-05-23-08-17-12-928
110.27,55.41,666.00,20.73,22-05-23-08-17-12-963
114.05,52.21,666.00,19.33,22-05-23-08-17-12-997
115.72,54.93,666.00,15.50,22-05-23-08-17-13-028
115.01,53.42,666.00,18.04,22-05-23-08-17-13-061
115.15,54.96,666.00,16.88,22-05-23-08-17-13-095
113.76,55.24,666.00,17.66,22-05-23-08-17-13-129
113.25,53.19,666.00,19.82,22-05-23-08-17-13-162
112.86,51.70,666.00,21.13,22-05-23-08-17-13-195
112.00,49.70,666.00,22.89,22-05-23-08-17-13-231
108.70,49.52,666.00,24.28,22-05-23-08-17-13-261
104.08,50.48,666.00,22.26,22-05-23-08-17-13-294
99.69,51.23,666.00,23.31,22-05-23-08-17-13-330
95.39,51.36,666.00,23.12,22-05-23-08-17-13-363
92.83,51.27,666.00,22.96,22-05-23-08-17-13-394
90.37,51.08,666.00,20.50,22-05-23-08-17-13-431
81.09,49.49,-27.12,32.82,22-05-23-08-17-13-463
76.34,48.62,-20.00,43.57,22-05-23-08-17-13-498
70.20,46.60,-20.51,42.74,22-05-23-08-17-13-529
64.75,44.92,-20.47,42.04,22-05-23-08-17-13-562
58.93,43.47,-18.90,41.28,22-05-23-08-17-13-595
55.31,42.31,-22.88,37.53,22-05-23-08-17-13-627
50.97,40.40,-39.92,32.97,22-05-23-08-17-13-661
43.64,37.33,-21.45,35.56,22-05-23-08-17-13-695
38.45,34.48,-18.06,34.73,22-05-23-08-17-13-731
34.86,33.35,-11.23,34.10,22-05-23-08-17-13-764
31.54,32.34,666.00,29.34,22-05-23-08-17-13-795
27.22,29.89,666.00,28.11,22-05-23-08-17-13-829
24.72,27.99,666.00,23.52,22-05-23-08-17-13-864
17.24,14.03,666.00,29.86,22-05-23-08-17-13-894
14.01,0.44,14.36,32.04,22-05-23-08-17-13-928
12.57,-12.16,666.00,28.54,22-05-23-08-17-13-962
12.05,-23.69,666.00,27.33,22-05-23-08-17-13-993
12.04,-31.07,666.00,23.59,22-05-23-08-17-14-030
12.45,-38.22,666.00,22.08,22-05-23-08-17-14-061
13.26,-44.62,666.00,19.01,22-05-23-08-17-14-094
14.44,-50.93,666.00,19.09,22-05-23-08-17-14-130
16.47,-57.96,666.00,19.26,22-05-23-08-17-14-165
17.21,-60.64,666.00,14.00,22-05-23-08-17-14-195
17.90,-62.72,666.00,6.30,22-05-23-08-17-14-228
18.88,-65.13,666.00,5.25,22-05-23-08-17-14-266
19.86,-67.06,666.00,6.67,22-05-23-08-17-14-297
21.23,-69.40,666.00,4.99,22-05-23-08-17-14-329
22.72,-71.22,666.00,2.75,22-05-23-08-17-14-362
24.62,-72.75,666.00,12.54,22-05-23-08-17-14-394
27.05,-73.69,666.00,25.14,22-05-23-08-17-14-427
29.36,-74.18,-5.23,32.47,22-05-23-08-17-14-468
30.41,-74.14,-5.32,36.73,22-05-23-08-17-14-496
31.06,-73.91,-5.54,39.47,22-05-23-08-17-14-528
31.47,-73.66,-5.76,41.33,22-05-23-08-17-14-562
31.90,-73.24,-6.04,42.89,22-05-23-08-17-14-596
32.14,-72.84,-4.86,34.99,22-05-23-08-17-14-632
30.62,-71.76,666.00,28.55,22-05-23-08-17-14-660
28.17,-70.33,666.00,19.55,22-05-23-08-17-14-700
25.82,-68.65,666.00,12.96,22-05-23-08-17-14-727
22.96,-66.24,666.00,5.84,22-05-23-08-17-14-764
19.76,-62.92,666.00,16.91,22-05-23-08-17-14-794
17.21,-59.36,666.00,19.13,22-05-23-08-17-14-831
14.89,-54.59,666.00,23.41,22-05-23-08-17-14-863
12.80,-47.97,666.00,25.71,22-05-23-08-17-14-896
11.26,-39.58,666.00,25.78,22-05-23-08-17-14-930
10.38,-29.69,666.00,28.11,22-05-23-08-17-14-965
10.05,-16.10,666.00,27.61,22-05-23-08-17-14-994
10.26,-1.63,666.00,27.01,22-05-23-08-17-15-030
11.29,14.41,666.00,29.23,22-05-23-08-17-15-066
12.76,24.72,7.66,31.42,22-05-23-08-17-15-097
15.30,34.87,7.23,34.77,22-05-23-08-17-15-130
20.53,44.24,5.21,33.01,22-05-23-08-17-15-166
23.40,47.00,4.79,35.42,22-05-23-08-17-15-195
28.18,49.53,3.45,36.52,22-05-23-08-17-15-228
37.09,53.92,666.00,26.21,22-05-23-08-17-15-267
40.86,53.55,-7.43,33.79,22-05-23-08-17-15-294
43.18,53.14,-7.15,45.32,22-05-23-08-17-15-328
46.81,53.08,-12.50,43.91,22-05-23-08-17-15-363
51.92,53.05,-22.79,41.62,22-05-23-08-17-15-395
55.29,52.59,-18.91,46.39,22-05-23-08-17-15-429
57.09,52.02,-15.60,50.15,22-05-23-08-17-15-463
65.43,52.59,-28.50,40.87,22-05-23-08-17-15-496
72.36,53.09,-43.14,33.55,22-05-23-08-17-15-528
78.00,53.12,-40.00,30.16,22-05-23-08-17-15-563
84.92,52.91,666.00,27.03,22-05-23-08-17-15-597
89.94,53.51,666.00,22.99,22-05-23-08-17-15-628
92.69,52.79,666.00,23.40,22-05-23-08-17-15-660
94.31,52.06,666.00,29.02,22-05-23-08-17-15-694
95.73,51.44,-36.09,33.48,22-05-23-08-17-15-731
97.88,50.64,-39.88,32.84,22-05-23-08-17-15-761
99.58,49.99,-42.02,33.14,22-05-23-08-17-15-796
104.93,50.57,666.00,25.78,22-05-23-08-17-15-828
107.31,50.68,666.00,23.44,22-05-23-08-17-15-862
109.04,50.29,666.00,22.83,22-05-23-08-17-15-898
110.28,49.73,666.00,22.75,22-05-23-08-17-15-928
111.12,49.24,666.00,22.85,22-05-23-08-17-15-963
111.96,49.07,666.00,22.39,22-05-23-08-17-15-998
112.47,48.92,666.00,22.21,22-05-23-08-17-16-029
112.79,48.47,666.00,22.47,22-05-23-08-17-16-062
112.95,48.24,666.00,22.57,22-05-23-08-17-16-098
112.95,48.08,666.00,22.63,22-05-23-08-17-16-131
112.76,47.98,666.00,22.37,22-05-23-08-17-16-163
112.32,47.95,666.00,22.07,22-05-23-08-17-16-197
110.99,48.08,666.00,22.21,22-05-23-08-17-16-229
108.22,48.77,666.00,23.73,22-05-23-08-17-16-263
100.58,47.32,-49.73,31.14,22-05-23-08-17-16-300
95.98,46.92,-46.97,32.77,22-05-23-08-17-16-328
93.08,46.52,-46.93,33.16,22-05-23-08-17-16-363
90.39,46.21,-53.12,30.05,22-05-23-08-17-16-394
82.33,44.58,-37.07,37.95,22-05-23-08-17-16-428
76.89,43.25,-27.77,44.06,22-05-23-08-17-16-463
72.95,42.54,-29.32,40.71,22-05-23-08-17-16-494
64.12,41.40,-19.03,43.36,22-05-23-08-17-16-531
56.21,40.17,-11.69,44.61,22-05-23-08-17-16-566
52.67,39.11,-14.45,40.30,22-05-23-08-17-16-597
50.20,38.15,-13.54,40.60,22-05-23-08-17-16-629
43.18,33.28,-12.36,40.20,22-05-23-08-17-16-663
40.39,30.97,-27.37,31.65,22-05-23-08-17-16-695
36.87,28.42,666.00,28.59,22-05-23-08-17-16-729
32.44,24.92,666.00,25.06,22-05-23-08-17-16-763
29.42,22.21,666.00,22.24,22-05-23-08-17-16-799
26.20,17.20,666.00,22.29,22-05-23-08-17-16-827
22.93,9.77,666.00,22.71,22-05-23-08-17-16-862
20.67,2.37,666.00,21.60,22-05-23-08-17-16-897
18.95,-5.15,666.00,21.85,22-05-23-08-17-16-929
17.38,-18.80,666.00,24.18,22-05-23-08-17-16-967
16.79,-30.68,666.00,25.20,22-05-23-08-17-16-995
16.65,-37.26,666.00,22.90,22-05-23-08-17-17-028
16.74,-42.56,666.00,21.65,22-05-23-08-17-17-064
16.89,-46.33,666.00,22.15,22-05-23-08-17-17-093
17.10,-49.53,666.00,19.33,22-05-23-08-17-17-127
17.44,-52.91,666.00,19.36,22-05-23-08-17-17-163
17.92,-55.61,666.00,19.42,22-05-23-08-17-17-195
18.32,-57.66,666.00,13.52,22-05-23-08-17-17-228
18.51,-59.08,666.00,12.17,22-05-23-08-17-17-265
18.56,-60.05,666.00,11.54,22-05-23-08-17-17-297
18.60,-60.82,666.00,11.50,22-05-23-08-17-17-330
18.63,-61.41,666.00,14.21,22-05-23-08-17-17-365
18.64,-61.92,666.00,12.18,22-05-23-08-17-17-399
18.65,-62.31,666.00,12.38,22-05-23-08-17-17-428
18.64,-62.56,666.00,12.98,22-05-23-08-17-17-463
18.61,-62.75,666.00,13.59,22-05-23-08-17-17-499
18.57,-62.89,666.00,14.63,22-05-23-08-17-17-528
18.54,-62.97,666.00,15.39,22-05-23-08-17-17-565
18.56,-62.95,666.00,16.09,22-05-23-08-17-17-597
18.56,-62.88,666.00,16.48,22-05-23-08-17-17-627
18.56,-62.74,666.00,19.44,22-05-23-08-17-17-660
18.58,-62.54,666.00,21.84,22-05-23-08-17-17-695
18.58,-62.33,666.00,24.37,22-05-23-08-17-17-726
18.43,-61.89,666.00,26.20,22-05-23-08-17-17-762
18.08,-61.09,666.00,27.22,22-05-23-08-17-17-795
17.25,-59.36,666.00,27.24,22-05-23-08-17-17-829
15.95,-56.54,666.00,28.28,22-05-23-08-17-17-860
14.34,-52.32,666.00,28.44,22-05-23-08-17-17-896
12.77,-45.70,5.08,31.75,22-05-23-08-17-17-929
11.48,-36.80,4.83,32.42,22-05-23-08-17-17-962
10.56,-25.75,4.36,34.43,22-05-23-08-17-17-998
10.19,-4.64,3.19,35.71,22-05-23-08-17-18-029
11.42,16.89,1.40,32.99,22-05-23-08-17-18-061
13.16,28.76,0.69,34.34,22-05-23-08-17-18-096
16.49,40.98,1.18,36.15,22-05-23-08-17-18-130
20.56,49.14,1.47,37.34,22-05-23-08-17-18-164
26.31,54.68,2.36,37.57,22-05-23-08-17-18-198
30.89,56.47,0.33,39.29,22-05-23-08-17-18-227
35.52,57.17,-2.33,44.80,22-05-23-08-17-18-264
38.95,56.98,-3.33,55.55,22-05-23-08-17-18-298
48.21,57.65,-14.14,45.61,22-05-23-08-17-18-330
56.11,56.29,-33.03,37.75,22-05-23-08-17-18-364
59.38,54.95,-46.76,34.50,22-05-23-08-17-18-395
61.42,53.58,-58.34,33.40,22-05-23-08-17-18-429
64.86,53.85,-37.25,41.39,22-05-23-08-17-18-461
70.59,54.04,-39.95,39.73,22-05-23-08-17-18-496
77.06,53.34,-50.96,36.03,22-05-23-08-17-18-529
80.51,53.06,-39.76,37.06,22-05-23-08-17-18-566
88.42,56.42,666.00,27.54,22-05-23-08-17-18-596
91.34,56.59,666.00,28.17,22-05-23-08-17-18-630
93.26,56.50,666.00,29.05,22-05-23-08-17-18-663
98.13,54.50,666.00,27.72,22-05-23-08-17-18-694
101.92,54.60,666.00,24.48,22-05-23-08-17-18-729
103.96,54.65,666.00,24.29,22-05-23-08-17-18-761
105.21,54.60,666.00,24.76,22-05-23-08-17-18-797
106.11,54.42,666.00,24.78,22-05-23-08-17-18-827
106.76,54.03,666.00,24.82,22-05-23-08-17-18-864
108.38,54.08,666.00,22.46,22-05-23-08-17-18-897
109.23,53.57,666.00,21.96,22-05-23-08-17-18-931
109.80,53.07,666.00,21.83,22-05-23-08-17-18-963
110.36,52.71,666.00,21.65,22-05-23-08-17-18-995
110.76,52.45,666.00,21.57,22-05-23-08-17-19-028
111.14,52.04,666.00,21.57,22-05-23-08-17-19-064
111.40,51.81,666.00,21.51,22-05-23-08-17-19-095
111.42,51.63,666.00,21.70,22-05-23-08-17-19-126
111.32,51.54,666.00,21.08,22-05-23-08-17-19-163
110.93,51.63,666.00,20.06,22-05-23-08-17-19-195
105.77,51.05,666.00,22.89,22-05-23-08-17-19-228
101.22,51.18,666.00,24.94,22-05-23-08-17-19-264
96.69,51.24,666.00,25.91,22-05-23-08-17-19-297
95.10,51.25,666.00,22.93,22-05-23-08-17-19-331
91.48,51.04,666.00,20.25,22-05-23-08-17-19-362
82.11,49.59,-41.07,30.20,22-05-23-08-17-19-396
71.48,45.73,-22.85,46.06,22-05-23-08-17-19-434
66.82,44.02,-16.63,52.77,22-05-23-08-17-19-463
61.79,42.92,-9.44,59.04,22-05-23-08-17-19-494
58.43,41.99,-37.78,171.12,22-05-23-08-17-19-530
53.49,39.82,-21.57,166.23,22-05-23-08-17-19-565
50.23,39.47,-20.73,46.66,22-05-23-08-17-19-601
42.28,36.17,-17.35,41.69,22-05-23-08-17-19-628
39.35,35.68,-18.20,32.11,22-05-23-08-17-19-663
34.96,33.79,-8.87,32.92,22-05-23-08-17-19-694
30.95,33.07,-4.27,30.20,22-05-23-08-17-19-727
28.75,32.50,666.00,21.74,22-05-23-08-17-19-763
26.72,31.64,666.00,18.56,22-05-23-08-17-19-796
21.27,23.82,666.00,23.84,22-05-23-08-17-19-829
18.20,16.40,666.00,24.30,22-05-23-08-17-19-864
16.16,8.02,666.00,25.15,22-05-23-08-17-19-896
14.88,-1.18,666.00,22.31,22-05-23-08-17-19-927
13.76,-16.89,666.00,26.80,22-05-23-08-17-19-961
13.50,-26.62,666.00,27.78,22-05-23-08-17-19-996
13.53,-32.77,666.00,24.12,22-05-23-08-17-20-031
13.66,-37.39,666.00,23.13,22-05-23-08-17-20-062
13.83,-40.91,666.00,22.59,22-05-23-08-17-20-095
14.31,-45.05,666.00,22.16,22-05-23-08-17-20-128
17.08,-55.54,666.00,23.37,22-05-23-08-17-20-161
18.25,-58.37,666.00,23.87,22-05-23-08-17-20-198
18.89,-59.48,666.00,24.21,22-05-23-08-17-20-227
19.29,-60.07,666.00,23.54,22-05-23-08-17-20-263
19.48,-60.26,666.00,22.63,22-05-23-08-17-20-297
19.68,-60.57,666.00,17.00,22-05-23-08-17-20-327
19.82,-60.73,666.00,15.37,22-05-23-08-17-20-366
19.95,-60.89,666.00,14.54,22-05-23-08-17-20-399
20.08,-61.06,666.00,13.54,22-05-23-08-17-20-430
20.21,-61.21,666.00,12.79,22-05-23-08-17-20-464
20.21,-61.29,666.00,12.05,22-05-23-08-17-20-495
20.22,-61.39,666.00,11.69,22-05-23-08-17-20-527
20.20,-61.43,666.00,11.47,22-05-23-08-17-20-563
20.19,-61.44,666.00,11.38,22-05-23-08-17-20-594
20.18,-61.44,666.00,11.45,22-05-23-08-17-20-629
20.17,-61.43,666.00,11.57,22-05-23-08-17-20-662
19.86,-61.30,666.00,11.28,22-05-23-08-17-20-694
19.58,-61.18,666.00,11.08,22-05-23-08-17-20-731
19.36,-61.09,666.00,11.45,22-05-23-08-17-20-761
19.17,-61.01,666.00,14.21,22-05-23-08-17-20-799
18.88,-60.74,666.00,15.96,22-05-23-08-17-20-828
18.30,-59.94,666.00,7.76,22-05-23-08-17-20-863
17.39,-58.52,666.00,19.65,22-05-23-08-17-20-898
16.32,-56.48,666.00,24.80,22-05-23-08-17-20-928
14.98,-53.29,666.00,25.14,22-05-23-08-17-20-963
13.47,-48.33,666.00,24.41,22-05-23-08-17-20-996
12.03,-41.29,666.00,23.59,22-05-23-08-17-21-029
10.98,-33.49,666.00,24.65,22-05-23-08-17-21-065
10.27,-24.95,666.00,25.46,22-05-23-08-17-21-095
9.92,-9.00,666.00,27.77,22-05-23-08-17-21-130
10.49,6.99,666.00,28.03,22-05-23-08-17-21-163
12.16,22.08,9.75,30.25,22-05-23-08-17-21-196
15.78,36.79,666.00,29.94,22-05-23-08-17-21-231
20.21,46.24,7.62,30.60,22-05-23-08-17-21-266
25.02,52.00,5.29,31.71,22-05-23-08-17-21-294
29.63,54.42,3.42,33.51,22-05-23-08-17-21-328
39.21,58.08,666.00,21.23,22-05-23-08-17-21-367
45.44,58.40,-19.48,32.85,22-05-23-08-17-21-395
49.88,58.08,-21.14,41.82,22-05-23-08-17-21-426
56.12,57.99,-34.27,37.17,22-05-23-08-17-21-462
58.56,57.19,-22.47,47.21,22-05-23-08-17-21-495
60.98,56.66,-20.19,48.80,22-05-23-08-17-21-526
63.33,56.26,-21.25,47.43,22-05-23-08-17-21-565
72.03,56.91,-38.66,36.43,22-05-23-08-17-21-596
76.98,56.89,-38.80,36.15,22-05-23-08-17-21-629
82.18,57.11,-50.54,30.49,22-05-23-08-17-21-663
91.74,59.37,666.00,19.02,22-05-23-08-17-21-698
94.97,59.60,666.00,16.94,22-05-23-08-17-21-728
97.70,59.40,666.00,19.42,22-05-23-08-17-21-759
99.37,59.02,666.00,22.08,22-05-23-08-17-21-796
100.92,57.93,666.00,23.45,22-05-23-08-17-21-830
101.76,56.82,666.00,24.24,22-05-23-08-17-21-861
103.01,55.34,666.00,25.92,22-05-23-08-17-21-896
107.00,54.53,666.00,23.05,22-05-23-08-17-21-927
112.05,50.21,666.00,22.87,22-05-23-08-17-21-964
113.43,49.05,666.00,23.55,22-05-23-08-17-21-998
114.42,48.12,666.00,24.00,22-05-23-08-17-22-029
115.04,47.46,666.00,24.31,22-05-23-08-17-22-062
117.16,51.06,666.00,18.83,22-05-23-08-17-22-097
117.83,52.21,666.00,16.92,22-05-23-08-17-22-131
118.16,52.70,666.00,16.06,22-05-23-08-17-22-160
118.29,52.76,666.00,15.74,22-05-23-08-17-22-196
118.28,52.68,666.00,15.66,22-05-23-08-17-22-229
118.21,52.63,666.00,15.72,22-05-23-08-17-22-262
117.19,51.91,666.00,17.70,22-05-23-08-17-22-295
115.82,51.02,666.00,20.14,22-05-23-08-17-22-326
113.44,49.32,666.00,22.88,22-05-23-08-17-22-361
112.24,48.46,666.00,23.74,22-05-23-08-17-22-398
111.38,47.97,666.00,23.52,22-05-23-08-17-22-429
110.60,47.61,666.00,22.91,22-05-23-08-17-22-461
106.45,46.38,666.00,27.25,22-05-23-08-17-22-495
104.16,45.75,666.00,27.41,22-05-23-08-17-22-526
102.33,45.60,666.00,25.77,22-05-23-08-17-22-563
99.52,45.51,666.00,24.67,22-05-23-08-17-22-595
91.56,45.81,-44.50,31.36,22-05-23-08-17-22-627
88.42,45.89,-43.20,31.45,22-05-23-08-17-22-664
84.85,46.09,666.00,29.95,22-05-23-08-17-22-698
82.57,46.20,666.00,27.71,22-05-23-08-17-22-726
77.53,45.66,666.00,27.77,22-05-23-08-17-22-764
73.39,44.94,-43.59,30.34,22-05-23-08-17-22-797
68.12,44.08,-30.50,35.68,22-05-23-08-17-22-830
62.43,42.87,-18.58,42.82,22-05-23-08-17-22-860
58.00,42.23,-10.86,48.70,22-05-23-08-17-22-894
53.27,41.00,-6.64,49.85,22-05-23-08-17-22-931
49.36,39.67,-31.26,40.43,22-05-23-08-17-22-964
44.96,37.57,-30.81,44.24,22-05-23-08-17-22-996
39.50,34.68,-26.11,41.08,22-05-23-08-17-23-031
36.71,33.33,-27.44,33.04,22-05-23-08-17-23-063
33.77,32.21,666.00,28.18,22-05-23-08-17-23-096
30.86,31.07,666.00,28.71,22-05-23-08-17-23-132
28.11,29.29,666.00,22.76,22-05-23-08-17-23-169
25.74,27.38,666.00,22.01,22-05-23-08-17-23-196
20.61,20.39,666.00,27.41,22-05-23-08-17-23-228
17.88,14.91,666.00,28.17,22-05-23-08-17-23-261
15.44,5.99,6.85,31.12,22-05-23-08-17-23-293
14.09,-3.36,666.00,28.73,22-05-23-08-17-23-326
13.53,-9.97,666.00,27.97,22-05-23-08-17-23-364
13.33,-16.34,666.00,24.95,22-05-23-08-17-23-395
13.42,-24.11,666.00,22.44,22-05-23-08-17-23-429
13.60,-28.72,666.00,21.64,22-05-23-08-17-23-464
13.81,-32.78,666.00,22.25,22-05-23-08-17-23-495
13.92,-35.62,666.00,22.47,22-05-23-08-17-23-530
14.01,-38.52,666.00,21.78,22-05-23-08-17-23-562
14.05,-40.83,666.00,20.62,22-05-23-08-17-23-597
14.37,-46.12,666.00,20.86,22-05-23-08-17-23-628
15.09,-51.27,666.00,21.16,22-05-23-08-17-23-665
15.47,-53.85,666.00,20.46,22-05-23-08-17-23-694
15.72,-55.69,666.00,16.10,22-05-23-08-17-23-730
15.94,-57.05,666.00,14.70,22-05-23-08-17-23-762
16.27,-58.46,666.00,14.25,22-05-23-08-17-23-797
16.70,-59.74,666.00,8.80,22-05-23-08-17-23-831
16.75,-60.24,666.00,7.02,22-05-23-08-17-23-864
16.71,-60.49,666.00,5.92,22-05-23-08-17-23-897
16.66,-60.59,666.00,5.38,22-05-23-08-17-23-928
16.61,-60.56,666.00,6.52,22-05-23-08-17-23-962
16.60,-60.54,666.00,7.68,22-05-23-08-17-23-998
16.56,-60.45,666.00,15.22,22-05-23-08-17-24-028
16.37,-60.04,666.00,21.70,22-05-23-08-17-24-061
15.59,-58.17,666.00,23.59,22-05-23-08-17-24-098
14.58,-54.97,666.00,26.24,22-05-23-08-17-24-130
13.04,-49.01,666.00,27.09,22-05-23-08-17-24-163
11.33,-38.56,666.00,25.38,22-05-23-08-17-24-196
10.35,-26.69,666.00,24.89,22-05-23-08-17-24-231
10.03,-14.92,666.00,26.81,22-05-23-08-17-24-262
10.29,-3.11,666.00,29.02,22-05-23-08-17-24-294
11.34,10.27,13.17,32.35,22-05-23-08-17-24-328
13.59,23.87,11.86,31.96,22-05-23-08-17-24-362
17.63,35.64,8.60,32.34,22-05-23-08-17-24-397
21.35,42.36,7.30,34.36,22-05-23-08-17-24-429
24.30,46.14,7.89,37.14,22-05-23-08-17-24-461
33.94,52.43,666.00,25.50,22-05-23-08-17-24-498
39.12,54.38,666.00,27.60,22-05-23-08-17-24-532
42.16,55.05,-9.35,34.35,22-05-23-08-17-24-563
43.83,54.87,-8.00,47.10,22-05-23-08-17-24-593
45.79,54.80,-8.15,50.60,22-05-23-08-17-24-629
52.87,55.20,-21.09,42.09,22-05-23-08-17-24-661
56.52,54.75,-31.18,42.68,22-05-23-08-17-24-697
58.86,54.55,-24.55,48.06,22-05-23-08-17-24-729
63.29,56.02,-23.92,42.99,22-05-23-08-17-24-764
66.15,56.52,-15.72,43.63,22-05-23-08-17-24-798
69.30,56.92,-15.74,39.73,22-05-23-08-17-24-828
80.75,57.83,666.00,22.08,22-05-23-08-17-24-862
86.65,57.75,666.00,24.61,22-05-23-08-17-24-897
88.74,57.52,-32.05,34.08,22-05-23-08-17-24-928
91.97,57.36,-33.50,32.38,22-05-23-08-17-24-962
98.64,58.60,666.00,23.40,22-05-23-08-17-24-997
101.52,57.26,666.00,23.95,22-05-23-08-17-25-029
103.32,55.92,666.00,24.80,22-05-23-08-17-25-063
104.83,55.26,666.00,25.73,22-05-23-08-17-25-095
105.85,54.66,666.00,25.81,22-05-23-08-17-25-130
106.65,54.16,666.00,25.97,22-05-23-08-17-25-165
107.42,53.70,666.00,27.75,22-05-23-08-17-25-200
108.20,53.21,666.00,28.13,22-05-23-08-17-25-228
109.47,52.54,666.00,27.95,22-05-23-08-17-25-265
110.59,51.98,666.00,27.93,22-05-23-08-17-25-296
118.22,47.97,666.00,25.67,22-05-23-08-17-25-328
120.58,49.48,666.00,22.11,22-05-23-08-17-25-361
121.69,50.54,666.00,19.92,22-05-23-08-17-25-396
121.94,51.17,666.00,18.74,22-05-23-08-17-25-428
121.70,51.68,666.00,17.95,22-05-23-08-17-25-461
121.13,51.99,666.00,18.22,22-05-23-08-17-25-494
120.25,52.10,666.00,18.78,22-05-23-08-17-25-529
119.19,52.18,666.00,19.51,22-05-23-08-17-25-564
117.78,52.29,666.00,20.30,22-05-23-08-17-25-597
115.82,52.28,666.00,21.51,22-05-23-08-17-25-632
113.88,52.50,666.00,20.58,22-05-23-08-17-25-664
112.05,52.85,666.00,18.96,22-05-23-08-17-25-697
104.69,51.61,666.00,26.45,22-05-23-08-17-25-727
100.77,51.35,666.00,26.83,22-05-23-08-17-25-762
92.36,49.63,-36.54,36.75,22-05-23-08-17-25-794
89.43,49.18,-39.31,33.93,22-05-23-08-17-25-827
87.39,48.87,666.00,28.14,22-05-23-08-17-25-866
79.66,46.04,-43.41,34.79,22-05-23-08-17-25-898
75.18,44.72,-36.53,39.26,22-05-23-08-17-25-927
65.08,42.74,-16.86,51.62,22-05-23-08-17-25-964
58.93,41.80,-7.59,58.82,22-05-23-08-17-25-995
54.51,41.05,-1.90,64.42,22-05-23-08-17-26-028
49.01,39.41,4.26,70.67,22-05-23-08-17-26-064
45.74,38.50,5.99,67.76,22-05-23-08-17-26-096
40.10,37.32,1.60,51.34,22-05-23-08-17-26-127
35.44,35.86,2.70,47.08,22-05-23-08-17-26-164
32.08,35.26,-1.63,34.40,22-05-23-08-17-26-194
27.47,31.37,-1.49,30.05,22-05-23-08-17-26-230
23.37,27.41,666.00,25.72,22-05-23-08-17-26-268
21.45,25.48,666.00,23.44,22-05-23-08-17-26-294
16.93,14.73,666.00,28.05,22-05-23-08-17-26-328
14.87,7.87,666.00,26.05,22-05-23-08-17-26-364
12.92,-4.19,666.00,27.99,22-05-23-08-17-26-395
12.03,-12.79,666.00,24.76,22-05-23-08-17-26-426
11.73,-21.41,666.00,24.34,22-05-23-08-17-26-464
11.95,-31.19,666.00,23.51,22-05-23-08-17-26-498
12.62,-38.99,666.00,19.14,22-05-23-08-17-26-529
13.96,-46.33,666.00,20.46,22-05-23-08-17-26-565
16.18,-54.48,666.00,21.47,22-05-23-08-17-26-596
18.62,-60.57,666.00,22.99,22-05-23-08-17-26-629
19.80,-62.74,666.00,19.05,22-05-23-08-17-26-664
20.56,-64.06,666.00,15.25,22-05-23-08-17-26-697
21.14,-64.83,666.00,13.88,22-05-23-08-17-26-728
22.98,-66.98,666.00,16.41,22-05-23-08-17-26-766
24.41,-68.45,666.00,27.55,22-05-23-08-17-26-796
29.52,-72.86,-4.10,39.20,22-05-23-08-17-26-827
30.16,-73.47,-4.05,42.56,22-05-23-08-17-26-869
30.41,-73.53,-4.41,44.60,22-05-23-08-17-26-898
30.40,-73.39,-4.79,45.88,22-05-23-08-17-26-928
23.53,-73.35,-3.08,36.83,22-05-23-08-17-26-963
23.21,-73.29,-3.45,38.32,22-05-23-08-17-26-998
23.74,-73.00,-4.04,39.90,22-05-23-08-17-27-028
23.82,-72.68,-4.41,40.32,22-05-23-08-17-27-069
18.36,-72.07,-2.55,32.19,22-05-23-08-17-27-094
15.89,-71.72,666.00,29.06,22-05-23-08-17-27-130
14.95,-71.33,666.00,28.05,22-05-23-08-17-27-160
15.19,-69.82,666.00,28.40,22-05-23-08-17-27-194
15.47,-68.66,666.00,28.55,22-05-23-08-17-27-230
15.43,-67.22,666.00,28.03,22-05-23-08-17-27-261
15.49,-65.98,666.00,27.67,22-05-23-08-17-27-294
15.62,-64.86,666.00,19.79,22-05-23-08-17-27-327
14.68,-60.53,666.00,20.97,22-05-23-08-17-27-364
13.89,-56.24,666.00,20.75,22-05-23-08-17-27-396
12.61,-50.27,666.00,22.07,22-05-23-08-17-27-429
11.07,-40.23,666.00,22.95,22-05-23-08-17-27-462
9.64,-21.64,666.00,24.95,22-05-23-08-17-27-498
9.36,-4.63,666.00,26.70,22-05-23-08-17-27-527
9.90,10.18,3.62,30.02,22-05-23-08-17-27-563
11.16,21.77,666.00,29.17,22-05-23-08-17-27-597
13.00,31.99,1.37,31.85,22-05-23-08-17-27-632
16.54,43.50,1.40,32.59,22-05-23-08-17-27-661
20.33,50.24,1.58,32.87,22-05-23-08-17-27-693
24.64,54.24,4.18,35.77,22-05-23-08-17-27-731
27.99,54.99,4.20,38.00,22-05-23-08-17-27-763
38.79,60.00,666.00,27.22,22-05-23-08-17-27-795
43.57,59.19,-10.83,31.95,22-05-23-08-17-27-828
45.56,58.35,-7.48,42.32,22-05-23-08-17-27-863
53.88,57.56,-21.70,34.94,22-05-23-08-17-27-894
56.61,56.45,-26.90,67.98,22-05-23-08-17-27-930
59.34,56.27,-36.34,76.13,22-05-23-08-17-27-963
63.69,57.81,-88.89,80.40,22-05-23-08-17-27-994
66.37,58.81,-45.33,130.74,22-05-23-08-17-28-027
80.10,60.05,-147.06,56.21,22-05-23-08-17-28-065
84.00,60.43,-163.81,85.02,22-05-23-08-17-28-096
85.83,60.67,-179.74,82.76,22-05-23-08-17-28-128
94.10,63.26,666.00,11.63,22-05-23-08-17-28-164
96.58,62.88,666.00,1.30,22-05-23-08-17-28-194
101.75,63.65,666.00,8.57,22-05-23-08-17-28-230
103.30,63.51,666.00,13.26,22-05-23-08-17-28-262
105.93,61.95,666.00,12.03,22-05-23-08-17-28-297
107.04,60.56,666.00,15.83,22-05-23-08-17-28-330
107.97,59.48,666.00,17.33,22-05-23-08-17-28-361
109.12,58.00,666.00,18.45,22-05-23-08-17-28-395
109.83,57.03,666.00,18.82,22-05-23-08-17-28-428
110.62,56.36,666.00,18.84,22-05-23-08-17-28-463
111.22,55.84,666.00,18.83,22-05-23-08-17-28-498
111.63,55.32,666.00,18.92,22-05-23-08-17-28-531
111.94,54.88,666.00,19.02,22-05-23-08-17-28-564
112.19,54.51,666.00,19.02,22-05-23-08-17-28-595
112.38,54.22,666.00,18.95,22-05-23-08-17-28-628
112.48,53.90,666.00,18.94,22-05-23-08-17-28-661
112.48,53.47,666.00,18.33,22-05-23-08-17-28-694
112.36,51.57,666.00,20.20,22-05-23-08-17-28-729
110.86,51.29,666.00,20.84,22-05-23-08-17-28-763
109.51,51.21,666.00,20.98,22-05-23-08-17-28-797
107.97,51.31,666.00,19.48,22-05-23-08-17-28-827
106.13,51.00,666.00,18.57,22-05-23-08-17-28-865
101.14,48.49,666.00,24.52,22-05-23-08-17-28-894
96.68,48.41,666.00,26.62,22-05-23-08-17-28-931
94.90,48.25,666.00,24.94,22-05-23-08-17-28-962
86.50,45.78,-43.64,34.99,22-05-23-08-17-28-997
86.00,44.01,-46.59,36.84,22-05-23-08-17-29-028
84.61,43.02,-44.97,38.98,22-05-23-08-17-29-063
75.17,41.69,-25.31,51.35,22-05-23-08-17-29-098
68.02,41.62,-13.10,59.81,22-05-23-08-17-29-131
62.55,42.18,2.79,155.82,22-05-23-08-17-29-166
58.39,42.27,13.96,161.13,22-05-23-08-17-29-196
53.88,41.58,0.21,144.87,22-05-23-08-17-29-230
50.27,41.13,666.00,27.56,22-05-23-08-17-29-262
47.35,40.56,666.00,28.47,22-05-23-08-17-29-296
41.31,37.42,-11.89,34.89,22-05-23-08-17-29-331
37.00,34.86,-8.67,30.80,22-05-23-08-17-29-364
33.01,32.34,-4.90,31.75,22-05-23-08-17-29-398
28.72,28.45,666.00,27.73,22-05-23-08-17-29-434
25.48,24.47,666.00,23.38,22-05-23-08-17-29-460
22.25,19.01,666.00,23.39,22-05-23-08-17-29-495
19.85,12.99,666.00,23.69,22-05-23-08-17-29-531
16.79,0.50,666.00,26.50,22-05-23-08-17-29-562
15.47,-7.74,666.00,24.29,22-05-23-08-17-29-596
14.58,-16.67,666.00,25.21,22-05-23-08-17-29-628
14.13,-23.72,666.00,25.31,22-05-23-08-17-29-662
13.88,-30.65,666.00,25.74,22-05-23-08-17-29-698
13.90,-37.15,666.00,24.86,22-05-23-08-17-29-731
13.98,-40.62,666.00,23.93,22-05-23-08-17-29-763
14.00,-43.30,666.00,22.79,22-05-23-08-17-29-799
13.95,-44.84,666.00,22.46,22-05-23-08-17-29-829
14.15,-46.82,666.00,21.99,22-05-23-08-17-29-862
14.23,-48.21,666.00,14.36,22-05-23-08-17-29-894
14.45,-50.06,666.00,11.44,22-05-23-08-17-29-926
14.61,-51.29,666.00,10.81,22-05-23-08-17-29-967
14.73,-52.08,666.00,11.65,22-05-23-08-17-29-995
15.05,-53.49,666.00,13.48,22-05-23-08-17-30-031
15.40,-54.78,666.00,18.20,22-05-23-08-17-30-062
15.66,-55.20,666.00,20.66,22-05-23-08-17-30-095
15.83,-55.39,666.00,23.42,22-05-23-08-17-30-128
15.94,-55.48,666.00,24.86,22-05-23-08-17-30-164
15.99,-55.58,666.00,25.90,22-05-23-08-17-30-193
16.00,-55.57,666.00,27.57,22-05-23-08-17-30-227
16.00,-55.54,666.00,28.92,22-05-23-08-17-30-263
15.97,-55.52,666.00,29.42,22-05-23-08-17-30-299
15.93,-55.50,666.00,29.76,22-05-23-08-17-30-328
15.88,-55.45,666.00,29.93,22-05-23-08-17-30-365
15.73,-55.35,666.00,29.87,22-05-23-08-17-30-399
15.57,-55.22,666.00,29.72,22-05-23-08-17-30-428
15.41,-55.09,666.00,29.56,22-05-23-08-17-30-464
15.24,-54.93,666.00,29.35,22-05-23-08-17-30-500
15.09,-54.79,666.00,29.09,22-05-23-08-17-30-528
14.95,-54.60,666.00,28.77,22-05-23-08-17-30-565
14.81,-54.39,666.00,28.44,22-05-23-08-17-30-594
14.70,-54.19,666.00,28.20,22-05-23-08-17-30-629
14.59,-53.95,666.00,27.93,22-05-23-08-17-30-663
14.50,-53.75,666.00,27.76,22-05-23-08-17-30-694
14.43,-53.56,666.00,27.64,22-05-23-08-17-30-729
14.37,-53.39,666.00,27.57,22-05-23-08-17-30-762
14.33,-53.22,666.00,27.49,22-05-23-08-17-30-796
14.29,-53.08,666.00,27.44,22-05-23-08-17-30-828
14.25,-52.95,666.00,27.49,22-05-23-08-17-30-864
14.22,-52.84,666.00,27.44,22-05-23-08-17-30-896
14.19,-52.75,666.00,27.39,22-05-23-08-17-30-929
14.16,-52.68,666.00,27.32,22-05-23-08-17-30-963
14.13,-52.61,666.00,27.25,22-05-23-08-17-30-998
14.10,-52.55,666.00,27.17,22-05-23-08-17-31-028
14.08,-52.48,666.00,27.10,22-05-23-08-17-31-062
14.02,-52.44,666.00,27.04,22-05-23-08-17-31-098
13.97,-52.42,666.00,27.03,22-05-23-08-17-31-132
13.94,-52.40,666.00,26.98,22-05-23-08-17-31-164
13.91,-52.40,666.00,26.91,22-05-23-08-17-31-195
13.89,-52.42,666.00,26.87,22-05-23-08-17-31-228
13.89,-52.45,666.00,26.83,22-05-23-08-17-31-263
