Timestamp,Kinect_LeftShoulder_Ext.-Flex.,Kinect_LeftShoulder_Abd.-Add.,Kinect_LeftShoulder_Int.-Ext.,Kinect_LeftElbow_Ext.-Flex.,Kinect_RightShoulder_Ext.-Flex.,Kinect_RightShoulder_Abd.-Add.,Kinect_RightShoulder_Int.-Ext.,Kinect_RightElbow_Ext.-Flex.,17.05,-3.50,14:42:27:192,666.00,17.13
17.86,-4.05,14:42:27:936,666.00,16.35
17.65,-4.44,14:42:28:180,666.00,16.51
18.04,-5.80,14:42:28:519,666.00,16.21
17.39,-4.39,14:42:28:732,666.00,16.82
13.88,-8.57,14:42:30:114,666.00,14.14
15.60,-10.50,14:42:30:488,666.00,16.12
16.47,-4.42,14:42:30:730,666.00,15.70
16.35,-3.34,14:42:30:855,666.00,15.18
16.28,-2.29,14:42:30:985,666.00,14.81
15.89,-2.72,14:42:31:115,666.00,15.12
15.55,-3.12,14:42:31:257,666.00,15.46
15.19,-3.51,14:42:31:394,666.00,15.87
14.88,-3.22,14:42:31:522,666.00,16.10
14.66,-3.12,14:42:31:645,666.00,16.37
14.59,-3.22,14:42:31:778,666.00,16.60
14.80,-2.43,14:42:31:901,666.00,16.55
15.35,-2.01,14:42:32:029,666.00,16.56
15.22,-3.17,14:42:32:153,666.00,16.78
15.10,-2.62,14:42:32:280,666.00,16.74
15.26,-1.97,14:42:32:415,666.00,16.63
15.13,-1.04,14:42:32:549,666.00,16.64
15.11,0.16,14:42:32:682,666.00,16.46
15.10,0.63,14:42:32:813,666.00,16.23
14.94,1.08,14:42:32:935,666.00,16.26
14.71,-0.25,14:42:33:058,666.00,16.30
14.90,-5.47,14:42:33:179,666.00,16.62
15.09,-9.13,14:42:33:317,666.00,16.42
15.04,-9.99,14:42:33:459,666.00,16.56
15.00,-9.60,14:42:33:589,666.00,16.97
14.76,-8.43,14:42:33:715,666.00,17.38
14.95,-7.46,14:42:33:846,666.00,17.03
14.77,-5.41,14:42:33:975,666.00,17.41
14.78,-4.74,14:42:34:101,666.00,17.44
14.81,-4.20,14:42:34:227,666.00,17.39
14.88,-4.55,14:42:34:350,666.00,17.31
14.86,-4.63,14:42:34:493,666.00,17.21
15.21,-5.63,14:42:34:630,666.00,16.75
15.47,-6.30,14:42:34:750,666.00,16.68
15.81,-6.89,14:42:34:874,666.00,16.58
16.07,-7.33,14:42:34:995,666.00,16.39
16.28,-7.64,14:42:35:119,666.00,16.33
16.34,-7.50,14:42:35:265,666.00,16.14
16.35,-8.20,14:42:35:393,666.00,16.03
16.32,-7.62,14:42:35:515,666.00,16.01
16.20,-6.82,14:42:35:641,666.00,16.12
16.30,-6.66,14:42:35:764,666.00,16.70
20.38,-4.05,14:42:35:894,666.00,19.06
36.71,1.54,14:42:36:031,666.00,20.93
57.93,1.56,14:42:36:165,666.00,19.68
79.52,5.59,14:42:36:295,666.00,14.18
93.64,8.30,14:42:36:420,666.00,13.78
99.62,10.35,14:42:36:541,666.00,15.56
105.01,11.69,14:42:36:664,666.00,14.13
111.60,13.36,14:42:36:811,666.00,14.19
118.52,14.53,14:42:36:964,666.00,11.44
125.97,17.64,14:42:37:097,666.00,8.17
130.28,18.83,14:42:37:234,666.00,10.57
136.85,19.83,14:42:37:381,666.00,9.07
140.33,20.81,14:42:37:520,666.00,12.48
144.54,22.90,14:42:37:664,666.00,14.04
148.21,26.84,14:42:37:802,666.00,13.12
151.61,31.44,14:42:37:935,666.00,12.76
154.72,35.99,14:42:38:062,666.00,12.71
154.60,36.56,14:42:38:188,666.00,12.07
152.99,34.71,14:42:38:322,666.00,12.94
154.12,35.64,14:42:38:447,666.00,12.05
152.20,31.24,14:42:38:586,666.00,13.01
152.62,28.46,14:42:38:711,666.00,8.67
145.84,19.12,14:42:38:842,666.00,9.97
140.82,13.97,14:42:38:963,666.00,5.96
131.33,10.91,14:42:39:088,666.00,8.95
122.74,8.68,14:42:39:216,666.00,5.82
113.71,6.84,14:42:39:351,666.00,11.75
105.76,6.94,14:42:39:476,666.00,16.06
100.99,6.39,14:42:39:603,666.00,16.08
94.59,4.54,14:42:39:735,666.00,11.16
87.47,5.63,14:42:39:873,666.00,13.44
77.13,5.56,14:42:39:999,666.00,16.37
65.73,2.77,14:42:40:137,666.00,13.41
57.13,2.51,14:42:40:270,666.00,15.23
47.79,4.33,14:42:40:403,666.00,16.96
42.86,3.41,14:42:40:530,666.00,12.88
35.77,3.83,14:42:40:663,666.00,14.13
28.80,2.15,14:42:40:798,666.00,12.20
23.69,1.38,14:42:40:931,666.00,13.62
20.24,-0.43,14:42:41:061,666.00,13.42
18.49,-0.29,14:42:41:193,666.00,13.75
17.69,-0.05,14:42:41:334,666.00,14.16
17.01,0.80,14:42:41:465,666.00,14.31
16.50,1.36,14:42:41:592,666.00,14.91
16.36,1.19,14:42:41:727,666.00,15.15
16.97,1.12,14:42:41:859,666.00,15.93
21.20,4.66,14:42:41:982,666.00,18.43
30.87,8.56,14:42:42:114,666.00,18.95
42.12,10.42,14:42:42:243,666.00,19.50
51.91,8.91,14:42:42:375,666.00,21.63
65.05,9.36,14:42:42:508,666.00,19.82
83.20,13.37,14:42:42:630,666.00,14.13
94.53,15.63,14:42:42:757,666.00,12.31
102.24,17.29,14:42:42:919,666.00,15.83
115.05,18.31,14:42:43:048,666.00,13.55
125.84,19.58,14:42:43:180,666.00,8.92
132.47,20.46,14:42:43:308,666.00,11.78
138.45,20.88,14:42:43:449,666.00,10.23
141.45,21.86,14:42:43:587,666.00,13.48
144.20,23.04,14:42:43:721,666.00,13.34
146.25,24.46,14:42:43:852,666.00,15.54
148.02,27.03,14:42:43:983,666.00,13.38
148.47,28.85,14:42:44:129,666.00,16.25
148.48,28.82,14:42:44:270,666.00,16.00
148.28,28.89,14:42:44:418,666.00,16.07
148.20,28.30,14:42:44:539,666.00,16.01
148.12,27.55,14:42:44:665,666.00,15.53
146.44,24.13,14:42:44:793,666.00,13.73
142.51,18.63,14:42:44:916,666.00,13.93
137.85,13.78,14:42:45:040,666.00,11.57
133.31,10.51,14:42:45:168,666.00,10.82
124.01,8.81,14:42:45:298,666.00,9.58
113.75,7.47,14:42:45:429,666.00,10.25
104.64,6.59,14:42:45:555,666.00,14.32
93.73,4.78,14:42:45:683,666.00,19.04
82.98,0.97,14:42:45:807,666.00,20.08
73.71,-1.07,14:42:45:929,666.00,15.32
64.61,-1.30,14:42:46:064,666.00,12.72
51.80,-1.30,14:42:46:194,666.00,16.75
43.90,-1.55,14:42:46:320,666.00,12.94
33.46,-2.58,14:42:46:453,666.00,11.81
25.70,-6.19,14:42:46:578,666.00,13.99
22.18,-10.10,14:42:46:713,666.00,13.79
20.02,-9.39,14:42:46:847,666.00,14.58
19.46,-10.06,14:42:46:971,666.00,14.02
18.79,-9.83,14:42:47:097,666.00,14.71
18.38,-10.03,14:42:47:237,666.00,14.87
18.11,-9.68,14:42:47:372,666.00,15.16
18.04,-9.69,14:42:47:506,666.00,15.24
18.01,-9.35,14:42:47:635,666.00,16.00
19.78,-8.21,14:42:47:760,666.00,17.62
28.25,-2.09,14:42:47:886,666.00,19.59
40.14,1.89,14:42:48:012,666.00,19.04
49.74,2.14,14:42:48:133,666.00,21.00
62.41,1.70,14:42:48:257,666.00,18.40
75.68,4.12,14:42:48:386,666.00,16.21
85.79,6.05,14:42:48:519,666.00,16.56
94.75,8.56,14:42:48:645,666.00,15.92
104.41,9.07,14:42:48:778,666.00,13.29
110.58,9.72,14:42:48:907,666.00,14.88
115.72,9.48,14:42:49:043,666.00,11.56
122.84,10.80,14:42:49:170,666.00,11.16
130.69,16.45,14:42:49:307,666.00,8.85
137.18,17.79,14:42:49:452,666.00,9.18
141.10,19.47,14:42:49:580,666.00,10.71
143.62,20.70,14:42:49:705,666.00,12.63
149.69,25.46,14:42:49:842,666.00,11.84
151.55,28.84,14:42:49:975,666.00,13.53
156.95,30.03,14:42:50:101,666.00,11.28
159.10,33.60,14:42:50:232,666.00,12.66
160.42,35.61,14:42:50:367,666.00,11.91
160.10,33.79,14:42:50:504,666.00,13.20
160.49,34.97,14:42:50:636,666.00,12.83
159.90,32.53,14:42:50:771,666.00,13.34
158.79,31.92,14:42:50:891,666.00,11.05
153.81,21.17,14:42:51:015,666.00,7.49
143.14,13.60,14:42:51:145,666.00,9.12
134.49,10.12,14:42:51:279,666.00,7.98
124.20,7.63,14:42:51:417,666.00,9.29
113.50,6.06,14:42:51:547,666.00,11.71
102.77,4.61,14:42:51:676,666.00,11.87
82.77,0.89,14:42:51:807,666.00,26.59
72.75,0.11,14:42:51:926,666.00,20.88
65.55,0.30,14:42:52:052,666.00,13.48
54.59,2.99,14:42:52:174,666.00,14.96
47.58,2.63,14:42:52:300,666.00,14.25
38.51,4.25,14:42:52:428,666.00,11.37
28.71,3.62,14:42:52:560,666.00,11.21
22.19,3.34,14:42:52:698,666.00,11.69
19.41,4.59,14:42:52:831,666.00,12.34
19.35,4.42,14:42:52:961,666.00,13.66
19.21,4.74,14:42:53:092,666.00,14.04
18.85,4.35,14:42:53:217,666.00,14.00
18.68,4.57,14:42:53:348,666.00,14.43
19.11,4.26,14:42:53:477,666.00,15.40
21.95,4.55,14:42:53:619,666.00,16.99
32.49,5.75,14:42:53:751,666.00,16.22
44.36,5.43,14:42:53:889,666.00,18.84
56.76,4.59,14:42:54:014,666.00,22.45
68.46,5.02,14:42:54:142,666.00,18.06
77.79,6.66,14:42:54:286,666.00,22.04
90.52,8.70,14:42:54:418,666.00,16.64
101.58,11.32,14:42:54:547,666.00,13.62
111.23,12.24,14:42:54:675,666.00,16.30
124.11,13.49,14:42:54:811,666.00,7.67
131.31,17.79,14:42:54:941,666.00,9.72
138.36,18.94,14:42:55:069,666.00,7.44
142.49,21.23,14:42:55:199,666.00,11.19
145.62,24.33,14:42:55:327,666.00,12.02
151.27,28.83,14:42:55:456,666.00,12.47
153.13,32.71,14:42:55:580,666.00,14.53
161.80,37.58,14:42:55:713,666.00,8.44
163.62,38.82,14:42:55:848,666.00,9.42
164.24,40.37,14:42:55:973,666.00,9.47
164.23,39.38,14:42:56:095,666.00,9.67
163.98,37.18,14:42:56:220,666.00,10.25
163.49,33.73,14:42:56:352,666.00,10.41
161.00,30.60,14:42:56:482,666.00,10.42
157.53,24.17,14:42:56:612,666.00,8.34
151.48,16.55,14:42:56:750,666.00,6.54
141.18,10.62,14:42:56:884,666.00,9.35
133.77,11.40,14:42:57:009,666.00,6.54
123.10,10.46,14:42:57:134,666.00,7.27
108.01,9.08,14:42:57:259,666.00,12.76
95.04,4.69,14:42:57:392,666.00,18.03
85.42,3.48,14:42:57:530,666.00,12.70
71.54,3.93,14:42:57:654,666.00,11.77
57.60,3.46,14:42:57:778,666.00,12.13
45.79,3.72,14:42:57:906,666.00,13.04
38.19,5.01,14:42:58:042,666.00,12.68
31.34,4.31,14:42:58:163,666.00,13.49
26.17,2.10,14:42:58:291,666.00,11.57
21.17,3.35,14:42:58:422,666.00,12.52
16.68,6.40,14:42:58:549,666.00,12.72
14.71,8.33,14:42:58:678,666.00,12.36
14.06,9.51,14:42:58:813,666.00,13.34
13.88,9.59,14:42:58:935,666.00,13.86
13.58,8.53,14:42:59:061,666.00,14.23
13.66,7.97,14:42:59:187,666.00,14.78
14.12,7.70,14:42:59:318,666.00,15.50
17.28,6.20,14:42:59:458,666.00,15.13
24.61,8.32,14:42:59:583,666.00,16.88
37.08,11.53,14:42:59:721,666.00,16.48
54.17,12.64,14:42:59:845,666.00,15.47
71.45,13.22,14:42:59:976,666.00,9.94
80.60,15.70,14:43:00:107,666.00,13.33
90.53,15.32,14:43:00:231,666.00,11.40
99.58,15.72,14:43:00:372,666.00,15.33
109.58,15.03,14:43:00:499,666.00,11.56
120.92,15.71,14:43:00:622,666.00,8.06
128.81,15.85,14:43:00:760,666.00,7.51
136.27,15.75,14:43:00:895,666.00,7.63
139.77,15.30,14:43:01:035,666.00,8.46
142.96,15.01,14:43:01:164,666.00,11.82
146.02,15.70,14:43:01:291,666.00,15.70
150.99,17.84,14:43:01:420,666.00,12.13
156.66,15.88,14:43:01:548,666.00,5.36
156.84,17.09,14:43:01:679,666.00,7.72
156.42,17.95,14:43:01:812,666.00,10.98
156.90,18.61,14:43:01:942,666.00,9.88
156.59,19.12,14:43:02:073,666.00,10.52
155.50,17.28,14:43:02:211,666.00,6.40
148.91,10.18,14:43:02:357,666.00,6.05
138.07,8.95,14:43:02:509,666.00,6.17
116.43,6.83,14:43:02:655,666.00,11.03
100.30,6.30,14:43:02:789,666.00,15.99
83.94,0.55,14:43:02:920,666.00,18.53
73.04,1.33,14:43:03:052,666.00,15.67
62.78,1.56,14:43:03:190,666.00,11.33
47.96,2.78,14:43:03:332,666.00,13.78
34.90,4.58,14:43:03:477,666.00,11.34
25.96,3.28,14:43:03:620,666.00,11.11
21.35,4.32,14:43:03:755,666.00,11.29
19.20,5.34,14:43:03:878,666.00,10.91
17.37,8.94,14:43:03:999,666.00,11.15
15.83,10.93,14:43:04:124,666.00,12.63
15.40,10.02,14:43:04:254,666.00,12.95
15.08,8.24,14:43:04:379,666.00,13.22
15.04,6.63,14:43:04:508,666.00,13.33
14.97,6.10,14:43:04:644,666.00,13.42
15.11,4.76,14:43:04:799,666.00,13.75
15.66,4.13,14:43:04:927,666.00,13.88
16.70,4.31,14:43:05:053,666.00,14.97
20.70,4.99,14:43:05:197,666.00,17.92
31.07,6.84,14:43:05:321,666.00,16.97
41.58,7.14,14:43:05:446,666.00,17.72
51.32,6.46,14:43:05:579,666.00,19.16
67.28,9.51,14:43:05:713,666.00,11.74
76.65,11.05,14:43:05:857,666.00,13.11
86.23,10.90,14:43:05:985,666.00,15.20
94.96,12.21,14:43:06:119,666.00,14.43
109.11,11.73,14:43:06:250,666.00,7.21
114.13,11.03,14:43:06:392,666.00,13.58
124.31,13.53,14:43:06:524,666.00,8.34
132.84,15.20,14:43:06:652,666.00,6.41
137.87,15.37,14:43:06:789,666.00,6.95
141.39,18.20,14:43:06:933,666.00,11.13
145.92,21.05,14:43:07:064,666.00,9.09
149.76,24.09,14:43:07:196,666.00,10.21
150.52,24.18,14:43:07:320,666.00,12.03
152.15,26.74,14:43:07:441,666.00,10.73
153.01,27.35,14:43:07:568,666.00,11.11
153.51,27.66,14:43:07:697,666.00,10.38
153.76,27.66,14:43:07:831,666.00,8.60
151.12,24.89,14:43:07:971,666.00,10.82
150.17,23.71,14:43:08:103,666.00,9.17
142.70,15.01,14:43:08:242,666.00,6.66
133.47,11.27,14:43:08:371,666.00,7.64
118.91,7.98,14:43:08:513,666.00,6.23
101.58,4.79,14:43:08:639,666.00,10.91
88.88,3.27,14:43:08:780,666.00,11.67
69.55,3.24,14:43:08:914,666.00,16.15
57.50,4.38,14:43:09:043,666.00,12.29
47.80,4.54,14:43:09:167,666.00,12.83
39.24,4.00,14:43:09:294,666.00,10.37
32.66,3.12,14:43:09:424,666.00,10.66
28.01,2.35,14:43:09:556,666.00,11.24
25.40,1.39,14:43:09:681,666.00,11.74
22.96,-0.83,14:43:09:809,666.00,12.18
20.13,-2.84,14:43:09:946,666.00,11.63
18.70,-3.59,14:43:10:077,666.00,12.01
18.57,-4.22,14:43:10:204,666.00,12.18
18.68,-5.26,14:43:10:331,666.00,12.27
18.53,-5.54,14:43:10:454,666.00,12.43
18.41,-5.75,14:43:10:576,666.00,12.79
18.35,-5.22,14:43:10:697,666.00,13.23
18.88,-4.32,14:43:10:821,666.00,14.50
21.67,-3.19,14:43:10:945,666.00,16.24
29.91,-0.30,14:43:11:086,666.00,17.72
41.92,3.09,14:43:11:215,666.00,18.51
56.35,3.94,14:43:11:345,666.00,18.65
70.42,5.82,14:43:11:478,666.00,22.79
82.83,8.23,14:43:11:603,666.00,17.06
97.30,11.31,14:43:11:736,666.00,15.76
110.44,12.24,14:43:11:861,666.00,8.07
118.70,15.04,14:43:11:992,666.00,11.62
129.53,18.00,14:43:12:129,666.00,8.65
137.82,20.43,14:43:12:253,666.00,6.76
140.60,22.09,14:43:12:384,666.00,10.22
144.55,25.24,14:43:12:519,666.00,11.24
147.66,29.65,14:43:12:654,666.00,11.43
149.56,32.56,14:43:12:784,666.00,12.13
149.25,33.70,14:43:12:913,666.00,12.54
149.59,34.85,14:43:13:044,666.00,12.27
149.53,35.87,14:43:13:179,666.00,13.18
150.23,36.28,14:43:13:317,666.00,13.63
151.09,36.61,14:43:13:462,666.00,13.27
151.06,36.78,14:43:13:598,666.00,13.63
150.99,36.04,14:43:13:727,666.00,13.48
152.04,36.29,14:43:13:850,666.00,12.98
152.23,36.01,14:43:13:979,666.00,12.46
152.35,33.92,14:43:14:111,666.00,10.56
151.53,31.49,14:43:14:252,666.00,8.44
149.76,26.68,14:43:14:385,666.00,7.32
145.93,20.78,14:43:14:517,666.00,8.91
140.99,18.50,14:43:14:642,666.00,7.26
132.53,15.29,14:43:14:783,666.00,9.72
123.97,11.81,14:43:14:921,666.00,9.95
114.16,8.96,14:43:15:051,666.00,10.67
108.67,8.30,14:43:15:178,666.00,11.40
98.37,4.59,14:43:15:308,666.00,11.94
86.20,1.87,14:43:15:444,666.00,18.67
77.10,0.04,14:43:15:578,666.00,17.81
69.68,-0.53,14:43:15:699,666.00,16.68
62.14,0.25,14:43:15:829,666.00,10.00
52.03,0.37,14:43:15:964,666.00,14.21
45.15,0.19,14:43:16:103,666.00,12.50
38.89,0.07,14:43:16:234,666.00,12.67
33.56,-0.03,14:43:16:360,666.00,11.71
29.95,-0.82,14:43:16:493,666.00,11.45
27.24,-2.00,14:43:16:619,666.00,11.60
24.63,-2.76,14:43:16:752,666.00,11.97
21.92,-3.95,14:43:16:878,666.00,12.31
20.78,-4.88,14:43:17:009,666.00,12.87
20.42,-5.86,14:43:17:148,666.00,12.80
19.96,-6.41,14:43:17:283,666.00,13.26
19.77,-6.79,14:43:17:411,666.00,13.28
19.80,-6.76,14:43:17:542,666.00,13.31
19.99,-6.71,14:43:17:665,666.00,13.68
20.49,-6.26,14:43:17:797,666.00,14.62
24.12,-2.95,14:43:17:929,666.00,13.59
29.19,1.17,14:43:18:057,666.00,16.80
36.89,5.74,14:43:18:177,666.00,17.11
44.95,6.24,14:43:18:322,666.00,19.56
55.44,7.28,14:43:18:447,666.00,18.42
63.92,7.22,14:43:18:576,666.00,18.10
77.79,10.82,14:43:18:706,666.00,12.61
84.06,12.16,14:43:18:834,666.00,14.56
91.88,13.84,14:43:18:973,666.00,17.20
104.30,15.23,14:43:19:122,666.00,11.77
112.70,14.19,14:43:19:247,666.00,6.31
119.99,17.88,14:43:19:368,666.00,9.00
125.42,18.96,14:43:19:498,666.00,9.59
131.02,20.31,14:43:19:621,666.00,8.05
136.74,21.44,14:43:19:741,666.00,7.28
138.03,21.42,14:43:19:868,666.00,7.73
140.65,23.03,14:43:20:010,666.00,11.26
143.01,24.75,14:43:20:143,666.00,10.71
145.45,26.93,14:43:20:276,666.00,12.72
147.88,28.91,14:43:20:414,666.00,11.85
149.13,30.88,14:43:20:550,666.00,12.46
151.08,35.29,14:43:20:677,666.00,11.61
151.06,35.82,14:43:20:815,666.00,13.11
150.88,35.89,14:43:20:942,666.00,13.24
150.41,35.19,14:43:21:086,666.00,13.35
150.15,34.69,14:43:21:214,666.00,12.74
149.40,33.38,14:43:21:340,666.00,11.82
148.69,31.66,14:43:21:470,666.00,9.77
146.41,28.42,14:43:21:609,666.00,9.96
142.44,23.58,14:43:21:731,666.00,10.15
138.88,20.39,14:43:21:860,666.00,7.40
131.41,19.62,14:43:21:987,666.00,9.03
125.06,17.06,14:43:22:115,666.00,10.70
116.48,15.23,14:43:22:247,666.00,10.69
109.74,13.74,14:43:22:382,666.00,9.66
99.89,12.58,14:43:22:510,666.00,13.10
87.98,10.78,14:43:22:646,666.00,15.78
77.17,9.47,14:43:22:780,666.00,17.98
65.63,6.12,14:43:22:915,666.00,17.54
57.59,8.87,14:43:23:051,666.00,14.29
49.82,8.12,14:43:23:189,666.00,16.41
46.26,8.34,14:43:23:313,666.00,13.04
41.32,8.52,14:43:23:439,666.00,12.26
36.20,8.17,14:43:23:564,666.00,12.38
29.59,7.10,14:43:23:687,666.00,10.11
26.20,5.96,14:43:23:810,666.00,12.69
24.18,5.65,14:43:23:935,666.00,13.44
22.33,5.11,14:43:24:062,666.00,14.26
20.77,4.58,14:43:24:182,666.00,14.00
19.00,4.03,14:43:24:313,666.00,13.65
17.80,3.74,14:43:24:445,666.00,13.56
17.50,3.06,14:43:24:579,666.00,13.76
17.38,3.02,14:43:24:700,666.00,13.99
17.23,2.41,14:43:24:825,666.00,14.00
17.30,1.54,14:43:24:953,666.00,14.18
17.73,0.77,14:43:25:096,666.00,14.60
19.08,1.37,14:43:25:219,666.00,17.34
24.46,4.03,14:43:25:343,666.00,19.21
33.98,6.36,14:43:25:479,666.00,19.48
43.34,7.01,14:43:25:618,666.00,17.36
53.07,7.16,14:43:25:741,666.00,17.15
61.36,8.51,14:43:25:866,666.00,16.25
75.08,12.60,14:43:25:995,666.00,10.73
78.95,11.70,14:43:26:129,666.00,19.63
91.84,10.81,14:43:26:252,666.00,14.30
98.86,12.15,14:43:26:384,666.00,12.01
105.46,13.82,14:43:26:507,666.00,9.88
113.33,14.79,14:43:26:630,666.00,8.53
118.33,15.31,14:43:26:749,666.00,10.90
127.35,16.09,14:43:26:878,666.00,8.57
131.35,17.70,14:43:27:006,666.00,9.70
137.80,19.26,14:43:27:132,666.00,8.13
140.88,21.82,14:43:27:260,666.00,10.78
143.69,25.54,14:43:27:391,666.00,12.48
147.62,30.32,14:43:27:530,666.00,10.74
149.40,32.93,14:43:27:650,666.00,12.00
152.19,40.92,14:43:27:774,666.00,12.73
153.69,45.41,14:43:27:899,666.00,12.34
154.85,46.67,14:43:28:026,666.00,11.29
153.46,42.62,14:43:28:152,666.00,12.72
153.06,42.96,14:43:28:275,666.00,12.89
153.91,45.17,14:43:28:412,666.00,11.79
153.99,44.88,14:43:28:534,666.00,11.85
153.50,44.04,14:43:28:672,666.00,12.43
151.72,35.84,14:43:28:809,666.00,10.18
148.65,27.43,14:43:28:964,666.00,8.82
141.55,18.94,14:43:29:098,666.00,6.88
131.94,14.79,14:43:29:226,666.00,7.92
120.18,13.72,14:43:29:366,666.00,9.37
109.98,12.63,14:43:29:501,666.00,11.68
97.52,9.84,14:43:29:634,666.00,15.42
87.96,8.12,14:43:29:764,666.00,11.65
72.71,4.71,14:43:29:894,666.00,19.36
65.22,2.76,14:43:30:017,666.00,14.86
52.64,5.14,14:43:30:150,666.00,17.88
44.38,5.72,14:43:30:277,666.00,11.73
35.57,7.32,14:43:30:411,666.00,8.89
29.18,7.35,14:43:30:535,666.00,11.38
24.32,5.80,14:43:30:660,666.00,10.02
21.22,5.86,14:43:30:795,666.00,11.59
20.17,4.89,14:43:30:939,666.00,11.02
18.88,6.46,14:43:31:075,666.00,11.13
17.82,6.30,14:43:31:208,666.00,11.88
17.44,5.90,14:43:31:344,666.00,12.06
16.96,5.18,14:43:31:475,666.00,12.67
16.77,5.03,14:43:31:608,666.00,12.82
16.57,4.17,14:43:31:739,666.00,12.90
16.49,4.90,14:43:31:872,666.00,12.91
16.58,4.90,14:43:32:002,666.00,13.02
16.83,4.39,14:43:32:133,666.00,13.86
19.51,4.07,14:43:32:286,666.00,15.94
24.56,4.69,14:43:32:419,666.00,15.67
31.54,5.53,14:43:32:549,666.00,18.08
39.91,6.80,14:43:32:678,666.00,17.12
47.61,7.23,14:43:32:816,666.00,18.90
56.40,7.65,14:43:32:952,666.00,19.28
68.18,8.92,14:43:33:079,666.00,14.91
77.76,11.82,14:43:33:207,666.00,10.41
82.41,11.96,14:43:33:333,666.00,12.05
89.36,11.78,14:43:33:476,666.00,11.24
95.63,12.44,14:43:33:611,666.00,16.81
103.30,13.02,14:43:33:742,666.00,13.60
111.09,11.60,14:43:33:878,666.00,7.56
117.38,10.75,14:43:34:009,666.00,14.49
124.10,13.43,14:43:34:136,666.00,7.24
131.73,16.14,14:43:34:264,666.00,7.73
135.65,17.29,14:43:34:399,666.00,7.25
139.82,18.61,14:43:34:533,666.00,7.17
141.46,19.93,14:43:34:661,666.00,9.54
143.17,21.23,14:43:34:789,666.00,12.59
146.47,23.85,14:43:34:925,666.00,12.25
148.75,25.73,14:43:35:083,666.00,12.26
149.48,26.78,14:43:35:236,666.00,13.13
150.09,28.63,14:43:35:395,666.00,12.89
149.86,28.91,14:43:35:530,666.00,13.23
150.28,29.65,14:43:35:675,666.00,13.43
150.50,30.27,14:43:35:816,666.00,13.11
150.57,30.46,14:43:35:957,666.00,13.11
150.31,29.80,14:43:36:103,666.00,12.28
147.51,22.35,14:43:36:252,666.00,8.40
143.57,19.43,14:43:36:400,666.00,12.10
140.72,17.26,14:43:36:559,666.00,7.54
135.31,15.39,14:43:36:710,666.00,8.40
128.97,13.19,14:43:36:850,666.00,7.54
119.70,11.29,14:43:36:993,666.00,8.35
110.21,10.93,14:43:37:147,666.00,11.36
98.75,9.97,14:43:37:301,666.00,15.07
93.01,7.22,14:43:37:452,666.00,12.17
87.87,5.27,14:43:37:594,666.00,10.23
80.98,3.86,14:43:37:750,666.00,13.94
74.93,4.07,14:43:37:888,666.00,14.11
64.80,3.76,14:43:38:029,666.00,16.81
60.06,4.79,14:43:38:180,666.00,13.51
50.09,6.40,14:43:38:360,666.00,13.42
44.22,8.69,14:43:38:500,666.00,11.57
35.24,9.39,14:43:38:659,666.00,8.84
28.72,10.15,14:43:38:811,666.00,9.89
24.23,9.17,14:43:38:956,666.00,12.27
21.00,7.99,14:43:39:092,666.00,11.75
19.32,5.96,14:43:39:233,666.00,11.95
18.94,5.04,14:43:39:367,666.00,12.63
18.70,4.99,14:43:39:498,666.00,12.49
18.40,4.91,14:43:39:634,666.00,12.56
18.29,3.65,14:43:39:764,666.00,12.78
18.17,3.27,14:43:39:899,666.00,12.95
18.18,3.90,14:43:40:031,666.00,12.83
18.14,3.96,14:43:40:169,666.00,13.56
18.63,5.16,14:43:40:312,666.00,15.34
22.21,7.81,14:43:40:446,666.00,16.36
28.55,10.85,14:43:40:587,666.00,16.43
37.46,11.12,14:43:40:730,666.00,15.81
46.14,10.24,14:43:40:866,666.00,18.26
56.77,9.87,14:43:40:997,666.00,17.31
70.36,11.52,14:43:41:123,666.00,12.22
82.21,13.87,14:43:41:262,666.00,12.05
92.75,15.51,14:43:41:416,666.00,10.71
102.12,17.47,14:43:41:569,666.00,12.84
111.66,19.31,14:43:41:710,666.00,10.86
121.45,19.84,14:43:41:840,666.00,7.91
127.13,20.36,14:43:41:982,666.00,10.28
135.24,20.28,14:43:42:112,666.00,7.30
139.31,21.50,14:43:42:242,666.00,8.56
141.14,22.94,14:43:42:374,666.00,10.27
143.66,24.69,14:43:42:515,666.00,12.59
146.84,27.49,14:43:42:643,666.00,13.38
149.77,31.35,14:43:42:776,666.00,14.65
152.56,35.36,14:43:42:908,666.00,16.20
153.76,37.22,14:43:43:031,666.00,16.31
154.79,38.51,14:43:43:155,666.00,16.02
155.16,38.48,14:43:43:278,666.00,15.49
155.37,38.55,14:43:43:397,666.00,15.28
154.56,37.92,14:43:43:522,666.00,15.49
154.16,37.20,14:43:43:644,666.00,12.81
150.35,31.04,14:43:43:774,666.00,8.41
142.34,22.07,14:43:43:907,666.00,8.06
137.45,18.34,14:43:44:041,666.00,8.27
127.75,14.33,14:43:44:166,666.00,7.33
113.39,11.54,14:43:44:292,666.00,10.70
102.37,10.32,14:43:44:416,666.00,13.50
93.76,6.98,14:43:44:552,666.00,13.53
83.05,4.27,14:43:44:679,666.00,11.71
65.50,2.75,14:43:44:810,666.00,17.51
58.06,3.98,14:43:44:945,666.00,11.61
47.57,3.88,14:43:45:073,666.00,12.45
43.28,4.29,14:43:45:201,666.00,11.21
38.85,4.70,14:43:45:332,666.00,11.38
34.70,4.36,14:43:45:462,666.00,8.97
29.51,4.62,14:43:45:589,666.00,9.69
24.14,1.97,14:43:45:735,666.00,11.30
20.83,1.34,14:43:45:867,666.00,10.78
19.58,1.36,14:43:46:005,666.00,11.06
18.76,2.77,14:43:46:142,666.00,11.49
18.30,3.79,14:43:46:273,666.00,11.05
18.17,4.51,14:43:46:396,666.00,11.23
17.98,4.36,14:43:46:538,666.00,11.57
17.75,4.55,14:43:46:670,666.00,12.13
17.96,4.55,14:43:46:798,666.00,12.40
17.98,4.53,14:43:46:939,666.00,12.87
20.65,5.33,14:43:47:095,666.00,15.41
29.10,9.54,14:43:47:230,666.00,17.90
43.44,12.34,14:43:47:360,666.00,18.00
59.08,13.36,14:43:47:495,666.00,14.94
76.76,17.11,14:43:47:631,666.00,10.65
88.07,17.48,14:43:47:760,666.00,13.58
99.78,19.39,14:43:47:895,666.00,11.83
111.61,21.28,14:43:48:029,666.00,7.86
119.32,23.54,14:43:48:166,666.00,9.04
131.25,23.81,14:43:48:319,666.00,8.27
137.24,22.88,14:43:48:465,666.00,7.30
140.67,24.03,14:43:48:590,666.00,9.84
144.92,27.11,14:43:48:718,666.00,11.26
150.60,31.05,14:43:48:849,666.00,10.04
152.37,30.94,14:43:48:980,666.00,14.28
155.54,34.71,14:43:49:106,666.00,13.20
157.25,34.85,14:43:49:235,666.00,12.04
157.91,34.22,14:43:49:358,666.00,13.02
159.86,34.48,14:43:49:493,666.00,10.51
159.53,27.53,14:43:49:630,666.00,10.92
159.58,28.17,14:43:49:758,666.00,10.46
159.12,28.41,14:43:49:887,666.00,9.94
159.23,26.22,14:43:50:013,666.00,8.53
154.91,20.79,14:43:50:142,666.00,7.06
148.61,21.34,14:43:50:265,666.00,9.63
143.34,16.64,14:43:50:400,666.00,7.29
134.15,15.68,14:43:50:530,666.00,7.48
124.06,14.35,14:43:50:661,666.00,8.46
112.98,12.94,14:43:50:797,666.00,9.72
100.21,13.45,14:43:50:929,666.00,12.89
89.50,11.77,14:43:51:079,666.00,13.39
78.40,10.27,14:43:51:208,666.00,10.48
65.59,7.99,14:43:51:340,666.00,10.93
58.20,8.43,14:43:51:468,666.00,12.84
46.98,9.07,14:43:51:608,666.00,12.69
42.31,10.08,14:43:51:735,666.00,11.43
34.29,9.42,14:43:51:863,666.00,8.73
26.60,6.44,14:43:51:991,666.00,9.57
21.59,2.89,14:43:52:115,666.00,9.25
19.76,1.94,14:43:52:248,666.00,9.66
19.06,2.63,14:43:52:380,666.00,10.61
18.32,3.11,14:43:52:513,666.00,11.36
18.08,2.82,14:43:52:647,666.00,11.83
18.01,3.18,14:43:52:788,666.00,12.02
18.08,2.33,14:43:52:911,666.00,12.14
18.16,2.21,14:43:53:034,666.00,12.52
18.37,1.86,14:43:53:165,666.00,12.55
18.95,1.95,14:43:53:292,666.00,13.33
21.20,2.70,14:43:53:435,666.00,15.20
27.86,5.11,14:43:53:563,666.00,17.59
37.87,8.77,14:43:53:692,666.00,16.91
52.35,9.34,14:43:53:825,666.00,17.18
71.10,9.29,14:43:53:959,666.00,8.15
83.14,8.47,14:43:54:084,666.00,11.97
93.58,9.29,14:43:54:221,666.00,12.46
102.24,10.15,14:43:54:361,666.00,12.40
112.94,8.90,14:43:54:492,666.00,11.26
122.33,11.59,14:43:54:618,666.00,10.63
132.56,12.61,14:43:54:749,666.00,8.99
140.06,13.89,14:43:54:881,666.00,7.90
145.37,13.99,14:43:55:009,666.00,10.77
148.74,14.83,14:43:55:140,666.00,12.57
150.53,16.49,14:43:55:280,666.00,17.32
161.23,13.21,14:43:55:414,666.00,9.12
163.64,11.28,14:43:55:543,666.00,10.85
163.40,12.59,14:43:55:686,666.00,11.54
163.25,13.24,14:43:55:817,666.00,11.49
162.23,12.63,14:43:55:945,666.00,11.70
162.01,12.21,14:43:56:066,666.00,10.57
161.57,11.93,14:43:56:190,666.00,9.54
159.85,12.68,14:43:56:314,666.00,11.30
154.94,12.20,14:43:56:443,666.00,10.32
146.46,16.10,14:43:56:583,666.00,9.74
141.25,15.45,14:43:56:709,666.00,5.62
128.91,14.60,14:43:56:843,666.00,7.65
115.29,13.99,14:43:56:970,666.00,9.00
106.23,11.80,14:43:57:098,666.00,10.83
95.16,10.32,14:43:57:232,666.00,10.46
82.52,8.05,14:43:57:369,666.00,8.83
63.93,8.72,14:43:57:504,666.00,14.08
54.69,7.14,14:43:57:631,666.00,11.01
46.15,6.61,14:43:57:761,666.00,10.82
39.81,7.59,14:43:57:889,666.00,10.36
31.38,7.50,14:43:58:017,666.00,7.42
24.38,9.12,14:43:58:145,666.00,7.78
20.74,12.55,14:43:58:274,666.00,8.67
19.72,13.28,14:43:58:398,666.00,9.50
18.88,13.54,14:43:58:526,666.00,10.61
18.52,13.18,14:43:58:653,666.00,10.99
18.72,13.27,14:43:58:781,666.00,11.47
19.06,12.39,14:43:58:917,666.00,11.48
19.18,12.20,14:43:59:043,666.00,11.55
19.45,12.49,14:43:59:171,666.00,11.29
19.90,11.41,14:43:59:307,666.00,10.83
20.07,11.67,14:43:59:442,666.00,10.78
20.37,11.70,14:43:59:578,666.00,11.62
24.55,12.51,14:43:59:709,666.00,12.64
34.08,17.62,14:43:59:845,666.00,17.69
49.96,21.06,14:43:59:981,666.00,15.10
63.61,23.66,14:44:00:122,666.00,12.48
78.39,25.57,14:44:00:259,666.00,9.94
89.41,25.39,14:44:00:390,666.00,7.36
100.20,25.53,14:44:00:532,666.00,6.68
111.90,26.35,14:44:00:665,666.00,6.49
119.10,27.66,14:44:00:794,666.00,8.64
129.20,28.18,14:44:00:930,666.00,7.57
137.94,27.09,14:44:01:057,666.00,6.31
141.58,27.81,14:44:01:194,666.00,8.41
148.47,29.69,14:44:01:328,666.00,8.01
151.07,29.10,14:44:01:460,666.00,11.78
154.66,31.04,14:44:01:590,666.00,11.92
161.85,36.53,14:44:01:716,666.00,5.89
161.29,43.80,14:44:01:846,666.00,8.71
159.79,40.60,14:44:01:978,666.00,9.07
160.92,40.30,14:44:02:109,666.00,7.43
160.15,40.15,14:44:02:233,666.00,9.19
159.70,39.45,14:44:02:363,666.00,8.26
156.97,31.19,14:44:02:497,666.00,5.45
147.27,25.13,14:44:02:620,666.00,8.41
137.11,17.49,14:44:02:749,666.00,8.58
123.20,13.68,14:44:02:880,666.00,11.00
113.53,13.19,14:44:03:007,666.00,8.52
102.66,12.21,14:44:03:132,666.00,13.23
91.14,10.54,14:44:03:253,666.00,10.66
76.05,9.51,14:44:03:376,666.00,10.45
61.95,11.31,14:44:03:512,666.00,10.62
49.92,13.07,14:44:03:643,666.00,11.53
43.56,14.25,14:44:03:778,666.00,8.86
33.99,14.69,14:44:03:920,666.00,8.13
26.83,11.01,14:44:04:045,666.00,8.60
21.14,12.81,14:44:04:175,666.00,8.28
19.01,14.49,14:44:04:307,666.00,9.31
18.44,15.69,14:44:04:434,666.00,9.95
17.93,15.66,14:44:04:553,666.00,10.67
17.62,16.04,14:44:04:684,666.00,11.23
17.45,15.04,14:44:04:814,666.00,11.39
17.06,15.48,14:44:04:950,666.00,12.01
17.17,14.44,14:44:05:087,666.00,11.85
17.31,13.15,14:44:05:211,666.00,11.69
17.66,13.47,14:44:05:340,666.00,12.09
18.46,14.06,14:44:05:477,666.00,13.17
21.77,13.68,14:44:05:606,666.00,13.60
26.67,17.63,14:44:05:730,666.00,14.40
37.88,21.12,14:44:05:864,666.00,15.10
53.51,22.57,14:44:06:001,666.00,12.79
75.56,22.03,14:44:06:130,666.00,3.66
88.86,23.32,14:44:06:260,666.00,9.04
100.48,21.87,14:44:06:389,666.00,10.93
115.67,22.43,14:44:06:513,666.00,9.21
121.32,21.05,14:44:06:648,666.00,10.35
131.74,18.99,14:44:06:781,666.00,7.74
138.15,18.78,14:44:06:916,666.00,8.50
142.91,21.91,14:44:07:061,666.00,12.57
148.43,26.35,14:44:07:195,666.00,12.57
152.39,28.18,14:44:07:328,666.00,13.88
156.13,33.38,14:44:07:462,666.00,12.34
159.38,30.34,14:44:07:595,666.00,12.17
159.81,30.32,14:44:07:744,666.00,11.50
160.86,31.21,14:44:07:885,666.00,10.66
162.26,36.30,14:44:08:014,666.00,9.58
163.20,38.21,14:44:08:145,666.00,8.34
163.27,37.44,14:44:08:278,666.00,9.02
163.83,37.24,14:44:08:414,666.00,8.73
163.84,35.91,14:44:08:541,666.00,8.87
162.92,33.58,14:44:08:669,666.00,8.97
159.81,29.82,14:44:08:797,666.00,8.34
153.99,21.74,14:44:08:930,666.00,4.27
143.04,18.34,14:44:09:060,666.00,9.26
136.23,16.82,14:44:09:183,666.00,5.84
124.02,15.08,14:44:09:322,666.00,6.45
111.47,13.45,14:44:09:446,666.00,9.49
98.81,12.64,14:44:09:584,666.00,11.92
85.69,9.81,14:44:09:717,666.00,15.47
70.36,11.00,14:44:09:846,666.00,16.08
62.49,9.93,14:44:09:978,666.00,11.99
54.09,10.20,14:44:10:127,666.00,8.77
44.46,11.52,14:44:10:263,666.00,9.23
37.52,13.02,14:44:10:389,666.00,7.60
30.42,11.93,14:44:10:530,666.00,8.50
25.01,11.50,14:44:10:664,666.00,9.50
21.77,10.60,14:44:10:801,666.00,9.39
20.18,10.26,14:44:10:933,666.00,9.74
19.31,9.64,14:44:11:066,666.00,10.54
18.37,10.24,14:44:11:204,666.00,11.62
17.93,8.96,14:44:11:330,666.00,12.04
17.83,8.86,14:44:11:462,666.00,12.15
17.78,9.16,14:44:11:595,666.00,12.28
17.65,9.56,14:44:11:729,666.00,12.43
17.77,9.32,14:44:11:877,666.00,13.26
20.64,10.33,14:44:12:006,666.00,15.85
26.97,13.14,14:44:12:140,666.00,15.19
40.62,16.96,14:44:12:261,666.00,13.33
54.89,17.61,14:44:12:388,666.00,13.91
68.55,18.67,14:44:12:507,666.00,15.74
83.94,17.96,14:44:12:633,666.00,6.60
95.74,19.56,14:44:12:763,666.00,9.66
109.13,20.00,14:44:12:899,666.00,6.24
120.16,23.16,14:44:13:028,666.00,8.34
130.66,23.82,14:44:13:156,666.00,9.40
138.42,23.87,14:44:13:280,666.00,8.94
144.66,25.65,14:44:13:428,666.00,9.65
147.58,24.89,14:44:13:567,666.00,11.81
152.86,29.64,14:44:13:692,666.00,12.36
160.25,29.20,14:44:13:819,666.00,8.74
164.15,32.40,14:44:13:952,666.00,9.05
164.55,44.34,14:44:14:082,666.00,10.43
164.57,43.54,14:44:14:215,666.00,10.14
164.71,43.95,14:44:14:342,666.00,9.65
164.54,43.81,14:44:14:475,666.00,9.91
163.37,38.41,14:44:14:607,666.00,10.54
161.42,33.42,14:44:14:750,666.00,9.85
156.68,23.70,14:44:14:875,666.00,9.33
150.93,18.14,14:44:15:003,666.00,9.38
136.27,13.88,14:44:15:136,666.00,17.01
134.62,11.02,14:44:15:262,666.00,8.46
127.71,8.92,14:44:15:394,666.00,4.63
113.03,6.22,14:44:15:531,666.00,10.46
99.08,4.38,14:44:15:664,666.00,12.26
82.82,2.41,14:44:15:796,666.00,21.84
71.77,1.30,14:44:15:935,666.00,17.35
63.01,3.58,14:44:16:074,666.00,9.27
48.93,6.27,14:44:16:209,666.00,17.26
42.62,9.08,14:44:16:341,666.00,12.55
34.51,10.24,14:44:16:473,666.00,11.75
27.45,11.60,14:44:16:616,666.00,12.80
22.30,11.89,14:44:16:745,666.00,11.67
18.99,12.38,14:44:16:877,666.00,11.64
18.18,12.18,14:44:17:008,666.00,12.00
17.99,11.48,14:44:17:141,666.00,12.56
17.88,9.41,14:44:17:268,666.00,12.86
17.64,8.45,14:44:17:406,666.00,13.04
17.44,7.73,14:44:17:555,666.00,13.56
17.44,7.20,14:44:17:678,666.00,13.55
17.50,6.99,14:44:17:805,666.00,13.51
17.67,6.49,14:44:17:935,666.00,13.38
19.86,7.63,14:44:18:064,666.00,15.23
30.99,15.26,14:44:18:187,666.00,17.54
51.38,18.33,14:44:18:312,666.00,14.31
72.12,19.63,14:44:18:442,666.00,12.25
89.89,19.06,14:44:18:573,666.00,10.42
104.05,19.78,14:44:18:708,666.00,9.12
113.85,21.88,14:44:18:833,666.00,11.78
123.26,22.56,14:44:18:959,666.00,9.90
133.10,22.17,14:44:19:078,666.00,9.39
142.05,23.49,14:44:19:215,666.00,11.92
147.89,26.51,14:44:19:341,666.00,11.99
152.95,30.19,14:44:19:461,666.00,13.53
161.15,36.55,14:44:19:601,666.00,6.68
164.03,47.09,14:44:19:740,666.00,7.65
164.60,56.87,14:44:19:865,666.00,9.05
164.35,60.25,14:44:19:997,666.00,9.76
164.51,53.82,14:44:20:129,666.00,8.35
164.27,52.29,14:44:20:268,666.00,8.21
162.82,46.12,14:44:20:402,666.00,9.46
156.89,35.46,14:44:20:527,666.00,10.02
145.90,26.27,14:44:20:664,666.00,9.38
138.73,18.67,14:44:20:792,666.00,7.94
124.50,11.63,14:44:20:928,666.00,7.84
112.11,6.87,14:44:21:057,666.00,7.57
95.14,4.09,14:44:21:177,666.00,11.72
78.62,3.56,14:44:21:307,666.00,19.62
70.75,2.69,14:44:21:441,666.00,11.78
54.19,2.10,14:44:21:581,666.00,12.29
44.70,2.62,14:44:21:710,666.00,10.77
39.98,2.38,14:44:21:852,666.00,9.43
33.57,2.72,14:44:21:980,666.00,10.73
29.16,1.30,14:44:22:104,666.00,9.86
20.80,-3.05,14:44:22:237,666.00,11.19
18.45,-4.92,14:44:22:363,666.00,11.51
17.83,-5.61,14:44:22:496,666.00,11.95
17.29,-4.23,14:44:22:630,666.00,13.13
17.10,-4.63,14:44:22:754,666.00,13.33
17.08,-4.58,14:44:22:879,666.00,13.19
17.02,-4.73,14:44:23:017,666.00,13.19
17.10,-4.75,14:44:23:149,666.00,13.14
17.32,-5.09,14:44:23:278,666.00,12.93
17.26,-4.57,14:44:23:402,666.00,13.02
17.37,-4.36,14:44:23:528,666.00,13.27
19.33,-2.61,14:44:23:669,666.00,15.02
26.55,1.81,14:44:23:801,666.00,19.43
38.29,8.54,14:44:23:929,666.00,16.32
52.01,11.34,14:44:24:059,666.00,15.10
62.47,13.29,14:44:24:180,666.00,16.68
77.26,16.39,14:44:24:306,666.00,15.36
87.01,16.44,14:44:24:425,666.00,14.27
98.66,19.32,14:44:24:547,666.00,9.69
105.07,19.98,14:44:24:682,666.00,11.34
115.97,21.50,14:44:24:819,666.00,8.15
122.80,22.62,14:44:24:955,666.00,8.14
132.53,22.82,14:44:25:086,666.00,7.36
138.54,22.72,14:44:25:207,666.00,7.35
142.41,23.47,14:44:25:328,666.00,8.54
148.19,25.51,14:44:25:458,666.00,10.97
150.88,26.66,14:44:25:581,666.00,11.20
157.38,26.37,14:44:25:717,666.00,11.17
160.25,28.18,14:44:25:846,666.00,12.75
162.06,33.22,14:44:25:976,666.00,11.41
162.01,34.65,14:44:26:116,666.00,10.70
161.38,34.22,14:44:26:247,666.00,9.10
159.19,30.46,14:44:26:378,666.00,7.73
148.36,24.87,14:44:26:514,666.00,12.10
141.38,20.61,14:44:26:644,666.00,6.04
132.59,17.17,14:44:26:765,666.00,7.69
123.05,14.64,14:44:26:888,666.00,6.70
112.28,12.72,14:44:27:014,666.00,10.31
106.12,12.27,14:44:27:143,666.00,11.41
95.77,9.60,14:44:27:276,666.00,13.29
86.04,6.82,14:44:27:411,666.00,16.52
76.19,5.45,14:44:27:538,666.00,18.91
70.72,5.05,14:44:27:663,666.00,15.43
61.66,5.01,14:44:27:794,666.00,14.60
50.62,7.61,14:44:27:919,666.00,17.04
43.13,8.32,14:44:28:047,666.00,11.88
35.55,9.19,14:44:28:174,666.00,6.13
29.61,9.21,14:44:28:309,666.00,9.74
23.93,6.50,14:44:28:444,666.00,12.54
20.85,6.93,14:44:28:576,666.00,11.39
19.07,5.65,14:44:28:706,666.00,11.66
18.46,5.79,14:44:28:844,666.00,12.37
18.02,4.67,14:44:28:978,666.00,12.73
17.76,4.74,14:44:29:106,666.00,12.95
17.45,5.34,14:44:29:231,666.00,13.41
17.57,5.43,14:44:29:367,666.00,13.45
17.58,4.74,14:44:29:495,666.00,13.54
17.77,4.27,14:44:29:622,666.00,13.35
17.89,4.23,14:44:29:750,666.00,13.23
17.87,3.79,14:44:29:883,666.00,13.21
17.86,3.78,14:44:30:013,666.00,13.45
19.52,5.00,14:44:30:145,666.00,15.43
23.92,11.53,14:44:30:275,666.00,17.43
32.38,17.75,14:44:30:410,666.00,15.80
44.88,19.73,14:44:30:542,666.00,15.82
56.78,19.19,14:44:30:671,666.00,11.43
66.13,18.98,14:44:30:799,666.00,19.58
83.19,19.74,14:44:30:930,666.00,12.89
94.95,19.83,14:44:31:056,666.00,14.20
106.71,20.72,14:44:31:179,666.00,6.54
114.33,21.34,14:44:31:310,666.00,12.35
123.89,21.86,14:44:31:438,666.00,6.12
130.79,22.11,14:44:31:571,666.00,7.66
137.08,21.79,14:44:31:698,666.00,8.39
142.05,21.65,14:44:31:831,666.00,11.93
149.75,23.96,14:44:31:960,666.00,9.91
155.38,26.14,14:44:32:091,666.00,9.15
158.58,21.68,14:44:32:219,666.00,10.05
162.97,22.49,14:44:32:342,666.00,8.10
165.42,23.99,14:44:32:481,666.00,8.78
167.42,26.66,14:44:32:620,666.00,7.77
167.18,26.93,14:44:32:763,666.00,8.03
166.41,24.86,14:44:32:887,666.00,8.62
162.80,21.09,14:44:33:010,666.00,8.91
157.30,18.70,14:44:33:149,666.00,10.97
150.03,15.36,14:44:33:278,666.00,7.30
140.79,17.85,14:44:33:409,666.00,5.97
133.66,16.42,14:44:33:534,666.00,6.77
121.08,15.75,14:44:33:668,666.00,7.76
106.41,14.06,14:44:33:801,666.00,12.98
93.61,12.36,14:44:33:928,666.00,10.48
81.99,11.17,14:44:34:051,666.00,13.56
73.67,9.59,14:44:34:174,666.00,11.64
63.75,9.92,14:44:34:298,666.00,18.35
57.52,8.81,14:44:34:433,666.00,14.52
48.91,9.31,14:44:34:560,666.00,16.07
41.61,10.83,14:44:34:696,666.00,13.62
34.80,11.04,14:44:34:831,666.00,10.52
27.92,10.66,14:44:34:958,666.00,13.81
21.19,12.09,14:44:35:083,666.00,13.25
16.02,17.99,14:44:35:212,666.00,10.85
13.43,24.24,14:44:35:337,666.00,11.85
12.42,25.99,14:44:35:470,666.00,13.54
12.21,23.77,14:44:35:606,666.00,14.36
12.13,15.63,14:44:35:734,666.00,13.35
12.05,12.15,14:44:35:862,666.00,13.33
11.84,12.70,14:44:35:998,666.00,13.89
11.58,12.60,14:44:36:130,666.00,14.33
11.79,11.20,14:44:36:262,666.00,14.79
11.83,11.19,14:44:36:390,666.00,15.86
13.35,11.32,14:44:36:519,666.00,16.79
17.96,13.82,14:44:36:650,666.00,19.57
30.33,18.09,14:44:36:780,666.00,19.90
44.61,18.53,14:44:36:919,666.00,21.77
60.49,16.99,14:44:37:042,666.00,18.87
72.34,19.59,14:44:37:163,666.00,18.43
91.60,19.79,14:44:37:300,666.00,10.28
106.14,25.23,14:44:37:432,666.00,12.66
113.05,22.84,14:44:37:562,666.00,11.91
124.80,22.92,14:44:37:689,666.00,7.60
129.84,22.51,14:44:37:825,666.00,10.44
136.74,23.65,14:44:37:959,666.00,8.83
141.93,24.95,14:44:38:091,666.00,10.67
145.47,25.40,14:44:38:217,666.00,13.45
149.44,26.87,14:44:38:340,666.00,13.28
156.17,25.92,14:44:38:467,666.00,8.56
158.70,30.80,14:44:38:596,666.00,9.49
162.25,29.89,14:44:38:728,666.00,7.85
162.63,28.97,14:44:38:860,666.00,8.09
161.57,28.33,14:44:39:003,666.00,9.30
160.51,28.36,14:44:39:135,666.00,8.32
156.89,27.07,14:44:39:260,666.00,10.88
155.11,25.19,14:44:39:386,666.00,8.20
153.53,22.88,14:44:39:512,666.00,7.88
145.88,20.24,14:44:39:640,666.00,12.75
141.45,16.54,14:44:39:775,666.00,9.13
134.86,14.98,14:44:39:931,666.00,8.83
128.09,14.36,14:44:40:075,666.00,7.71
115.86,12.90,14:44:40:218,666.00,10.38
106.21,12.71,14:44:40:348,666.00,11.47
92.80,9.58,14:44:40:478,666.00,16.80
87.29,10.19,14:44:40:605,666.00,12.35
68.67,11.27,14:44:40:747,666.00,20.42
59.32,8.76,14:44:40:885,666.00,16.07
48.93,9.72,14:44:41:006,666.00,17.67
44.00,10.94,14:44:41:145,666.00,14.30
34.81,13.06,14:44:41:285,666.00,11.63
26.68,13.30,14:44:41:432,666.00,14.78
18.91,10.18,14:44:41:585,666.00,11.50
15.05,4.37,14:44:41:728,666.00,12.34
13.53,4.09,14:44:41:891,666.00,13.08
12.65,4.09,14:44:42:063,666.00,13.98
12.20,4.91,14:44:42:223,666.00,14.52
12.05,4.87,14:44:42:380,666.00,15.15
12.17,3.85,14:44:42:529,666.00,15.74
12.81,5.38,14:44:42:672,666.00,15.48
14.82,8.25,14:44:42:816,666.00,16.07
18.46,10.32,14:44:42:962,666.00,17.63
24.43,11.65,14:44:43:106,666.00,19.90
36.59,15.03,14:44:43:250,666.00,20.85
50.45,14.86,14:44:43:386,666.00,17.36
65.62,16.68,14:44:43:532,666.00,12.56
82.06,20.25,14:44:43:680,666.00,11.41
92.50,22.29,14:44:43:821,666.00,12.67
105.16,25.49,14:44:43:956,666.00,11.22
115.32,29.07,14:44:44:101,666.00,9.87
124.67,30.20,14:44:44:256,666.00,9.90
132.85,31.15,14:44:44:400,666.00,9.54
140.85,31.33,14:44:44:556,666.00,10.67
145.32,33.80,14:44:44:693,666.00,11.51
149.72,36.17,14:44:44:838,666.00,10.78
152.07,34.46,14:44:44:998,666.00,14.74
154.37,33.24,14:44:45:137,666.00,16.69
157.79,37.52,14:44:45:280,666.00,14.67
155.99,35.90,14:44:45:443,666.00,16.49
156.49,34.31,14:44:45:584,666.00,15.69
155.83,33.76,14:44:45:720,666.00,15.96
154.68,31.39,14:44:45:856,666.00,15.29
151.96,26.12,14:44:46:006,666.00,10.06
145.75,20.41,14:44:46:161,666.00,6.01
138.56,17.45,14:44:46:307,666.00,6.07
125.74,14.49,14:44:46:452,666.00,10.01
115.65,12.49,14:44:46:613,666.00,9.26
103.02,12.29,14:44:46:757,666.00,10.44
85.74,11.04,14:44:46:903,666.00,25.90
80.09,9.30,14:44:47:053,666.00,14.15
68.39,7.52,14:44:47:193,666.00,10.24
57.88,8.45,14:44:47:336,666.00,13.19
46.50,9.65,14:44:47:493,666.00,12.30
39.32,11.10,14:44:47:634,666.00,12.46
30.74,12.84,14:44:47:781,666.00,10.63
23.55,10.69,14:44:47:931,666.00,11.20
19.61,11.86,14:44:48:074,666.00,11.45
18.18,13.07,14:44:48:225,666.00,12.63
17.94,12.66,14:44:48:391,666.00,13.16
17.52,11.65,14:44:48:544,666.00,13.56
17.40,9.40,14:44:48:695,666.00,13.42
17.39,9.23,14:44:48:839,666.00,13.49
17.53,9.84,14:44:48:995,666.00,14.23
20.26,11.51,14:44:49:140,666.00,16.31
30.75,15.95,14:44:49:281,666.00,19.90
44.50,15.82,14:44:49:428,666.00,16.42
59.73,14.58,14:44:49:583,666.00,17.88
76.80,17.36,14:44:49:721,666.00,12.83
90.52,18.26,14:44:49:872,666.00,10.55
103.53,20.64,14:44:50:011,666.00,11.96
112.15,21.10,14:44:50:146,666.00,13.08
121.62,23.73,14:44:50:287,666.00,8.27
130.41,24.78,14:44:50:434,666.00,8.22
137.71,26.43,14:44:50:604,666.00,8.79
142.58,26.61,14:44:50:757,666.00,11.00
145.35,28.52,14:44:50:894,666.00,13.17
149.68,30.64,14:44:51:019,666.00,13.00
153.87,33.21,14:44:51:148,666.00,14.10
155.09,32.67,14:44:51:285,666.00,16.32
162.57,37.56,14:44:51:411,666.00,9.40
163.23,39.82,14:44:51:540,666.00,9.47
162.70,38.88,14:44:51:691,666.00,9.84
162.96,40.28,14:44:51:827,666.00,9.58
161.38,37.80,14:44:51:959,666.00,11.02
160.89,41.86,14:44:52:089,666.00,10.64
160.71,41.37,14:44:52:213,666.00,10.77
158.96,37.59,14:44:52:348,666.00,11.00
155.42,32.47,14:44:52:475,666.00,7.77
150.10,26.09,14:44:52:603,666.00,7.25
145.59,21.87,14:44:52:743,666.00,8.38
138.14,20.88,14:44:52:873,666.00,7.40
128.37,18.14,14:44:52:995,666.00,9.95
116.44,17.06,14:44:53:124,666.00,13.98
110.16,17.12,14:44:53:265,666.00,9.64
94.76,16.61,14:44:53:400,666.00,22.31
89.37,14.03,14:44:53:524,666.00,12.89
78.40,13.40,14:44:53:659,666.00,11.30
62.11,12.28,14:44:53:791,666.00,17.89
50.10,13.59,14:44:53:932,666.00,17.54
44.30,15.54,14:44:54:052,666.00,13.48
37.26,15.51,14:44:54:176,666.00,14.03
29.53,15.24,14:44:54:315,666.00,10.14
24.10,12.93,14:44:54:443,666.00,12.86
20.88,12.06,14:44:54:565,666.00,11.37
17.89,11.15,14:44:54:695,666.00,11.39
17.34,9.92,14:44:54:833,666.00,12.14
17.26,9.02,14:44:54:966,666.00,13.36
17.37,7.53,14:44:55:098,666.00,12.31
17.19,6.01,14:44:55:233,666.00,12.58
17.14,5.45,14:44:55:362,666.00,13.01
17.25,5.80,14:44:55:497,666.00,14.03
20.12,6.37,14:44:55:635,666.00,17.49
30.67,9.14,14:44:55:763,666.00,15.97
42.47,11.32,14:44:55:884,666.00,16.90
58.84,11.74,14:44:56:011,666.00,14.48
76.32,13.33,14:44:56:140,666.00,8.00
85.62,13.47,14:44:56:263,666.00,13.16
98.32,13.09,14:44:56:390,666.00,12.68
109.60,13.76,14:44:56:519,666.00,6.51
119.00,15.29,14:44:56:643,666.00,7.49
127.95,18.77,14:44:56:773,666.00,7.88
131.50,19.91,14:44:56:896,666.00,8.05
137.42,21.32,14:44:57:026,666.00,8.68
142.06,22.97,14:44:57:163,666.00,11.35
148.79,27.27,14:44:57:301,666.00,12.07
151.78,29.49,14:44:57:426,666.00,10.62
158.19,30.80,14:44:57:558,666.00,8.85
157.71,28.99,14:44:57:693,666.00,12.65
160.38,32.38,14:44:57:813,666.00,10.93
157.20,32.22,14:44:57:945,666.00,13.71
157.13,32.47,14:44:58:077,666.00,12.70
156.89,32.44,14:44:58:214,666.00,11.77
156.32,33.09,14:44:58:345,666.00,12.35
156.23,33.74,14:44:58:486,666.00,12.39
156.34,33.17,14:44:58:612,666.00,11.39
153.61,30.26,14:44:58:740,666.00,9.78
151.38,26.08,14:44:58:872,666.00,9.87
137.62,22.08,14:44:59:012,666.00,16.08
140.14,22.25,14:44:59:139,666.00,6.03
132.22,19.22,14:44:59:267,666.00,6.20
126.11,18.73,14:44:59:402,666.00,8.73
119.16,16.75,14:44:59:527,666.00,10.41
109.43,15.37,14:44:59:663,666.00,15.22
98.13,11.74,14:44:59:796,666.00,17.51
85.17,6.26,14:44:59:923,666.00,22.03
75.47,4.30,14:45:00:048,666.00,16.57
64.39,3.88,14:45:00:174,666.00,9.96
54.35,5.39,14:45:00:298,666.00,14.23
45.83,7.92,14:45:00:432,666.00,14.11
39.63,10.02,14:45:00:569,666.00,13.53
32.79,12.34,14:45:00:699,666.00,12.13
26.85,13.05,14:45:00:820,666.00,12.23
23.49,14.53,14:45:00:952,666.00,13.11
21.06,15.96,14:45:01:079,666.00,14.08
20.35,15.47,14:45:01:211,666.00,12.97
19.58,13.66,14:45:01:349,666.00,13.51
19.24,13.59,14:45:01:473,666.00,13.85
19.09,11.61,14:45:01:609,666.00,13.73
19.05,11.29,14:45:01:731,666.00,13.86
19.14,11.20,14:45:01:868,666.00,14.14
22.11,13.08,14:45:01:995,666.00,15.96
31.05,16.88,14:45:02:126,666.00,16.05
43.97,19.06,14:45:02:257,666.00,17.97
59.63,18.29,14:45:02:394,666.00,18.01
78.90,21.27,14:45:02:524,666.00,11.90
94.75,20.80,14:45:02:661,666.00,8.65
106.87,20.63,14:45:02:790,666.00,8.47
117.16,22.73,14:45:02:912,666.00,9.29
126.41,23.69,14:45:03:049,666.00,8.23
135.18,23.36,14:45:03:178,666.00,8.72
139.39,22.68,14:45:03:310,666.00,9.26
145.11,26.29,14:45:03:439,666.00,10.86
150.45,30.82,14:45:03:577,666.00,10.77
153.74,37.53,14:45:03:711,666.00,12.30
161.20,40.43,14:45:03:842,666.00,7.70
163.02,42.98,14:45:03:976,666.00,6.60
163.47,46.38,14:45:04:108,666.00,6.37
162.82,45.08,14:45:04:244,666.00,7.42
161.57,43.67,14:45:04:375,666.00,9.57
161.21,42.26,14:45:04:510,666.00,9.96
161.17,42.28,14:45:04:643,666.00,9.67
160.87,40.67,14:45:04:769,666.00,9.96
159.35,37.03,14:45:04:894,666.00,10.11
155.50,29.41,14:45:05:020,666.00,9.17
150.10,19.90,14:45:05:147,666.00,8.38
143.98,14.91,14:45:05:276,666.00,6.33
138.72,15.00,14:45:05:407,666.00,10.77
135.49,15.50,14:45:05:530,666.00,8.63
130.03,13.80,14:45:05:650,666.00,8.67
121.13,11.89,14:45:05:789,666.00,7.77
113.36,10.82,14:45:05:914,666.00,10.73
107.98,10.54,14:45:06:044,666.00,10.90
104.55,9.59,14:45:06:178,666.00,8.49
94.78,7.31,14:45:06:306,666.00,18.00
91.61,6.05,14:45:06:426,666.00,12.71
88.27,6.72,14:45:06:551,666.00,11.13
82.78,6.82,14:45:06:677,666.00,12.54
77.16,6.56,14:45:06:807,666.00,11.48
66.01,6.04,14:45:06:932,666.00,18.46
58.82,8.20,14:45:07:059,666.00,13.05
48.36,8.38,14:45:07:195,666.00,13.34
41.67,8.01,14:45:07:320,666.00,11.18
35.29,8.15,14:45:07:445,666.00,10.57
29.72,8.37,14:45:07:578,666.00,10.39
24.68,6.22,14:45:07:712,666.00,11.92
21.07,5.20,14:45:07:849,666.00,11.61
17.93,10.34,14:45:07:981,666.00,13.33
16.89,12.86,14:45:08:106,666.00,13.53
15.86,14.54,14:45:08:239,666.00,14.26
15.34,15.10,14:45:08:378,666.00,14.47
15.23,14.44,14:45:08:508,666.00,14.80
15.16,12.69,14:45:08:637,666.00,15.14
15.30,11.44,14:45:08:777,666.00,15.08
16.58,10.21,14:45:08:911,666.00,15.28
26.13,12.00,14:45:09:041,666.00,16.56
36.52,14.76,14:45:09:167,666.00,16.68
54.59,14.82,14:45:09:297,666.00,16.55
76.34,17.49,14:45:09:426,666.00,6.31
88.26,17.50,14:45:09:553,666.00,12.57
103.13,18.73,14:45:09:690,666.00,11.90
112.83,20.18,14:45:09:810,666.00,14.91
124.37,17.94,14:45:09:945,666.00,9.00
133.51,15.98,14:45:10:073,666.00,8.44
140.92,14.21,14:45:10:214,666.00,7.36
144.98,13.46,14:45:10:348,666.00,10.17
148.53,15.10,14:45:10:474,666.00,15.32
153.03,20.09,14:45:10:598,666.00,13.72
162.87,28.76,14:45:10:724,666.00,10.17
167.77,49.80,14:45:10:872,666.00,6.84
166.57,40.94,14:45:11:015,666.00,10.66
166.55,38.52,14:45:11:140,666.00,11.38
166.93,38.69,14:45:11:265,666.00,11.02
166.62,36.99,14:45:11:396,666.00,10.87
164.72,32.78,14:45:11:531,666.00,9.97
158.97,27.54,14:45:11:663,666.00,8.78
153.51,22.84,14:45:11:792,666.00,6.32
142.67,19.81,14:45:11:919,666.00,13.39
139.48,18.38,14:45:12:041,666.00,6.34
132.98,17.11,14:45:12:168,666.00,8.08
122.41,15.65,14:45:12:298,666.00,8.58
108.91,12.90,14:45:12:426,666.00,11.09
96.17,10.80,14:45:12:553,666.00,15.79
85.66,8.77,14:45:12:681,666.00,14.34
74.90,8.17,14:45:12:811,666.00,15.42
65.83,7.36,14:45:12:948,666.00,9.55
56.78,8.11,14:45:13:075,666.00,13.25
49.69,9.62,14:45:13:197,666.00,15.35
44.55,10.55,14:45:13:329,666.00,12.43
38.25,10.96,14:45:13:459,666.00,12.33
30.06,11.53,14:45:13:598,666.00,11.93
24.87,11.35,14:45:13:733,666.00,10.65
21.52,10.02,14:45:13:864,666.00,10.12
20.11,5.59,14:45:14:010,666.00,10.46
19.59,2.11,14:45:14:165,666.00,10.68
18.67,1.08,14:45:14:296,666.00,11.60
18.40,0.19,14:45:14:426,666.00,11.63
18.11,0.96,14:45:14:552,666.00,11.93
17.88,1.89,14:45:14:695,666.00,12.28
17.93,2.63,14:45:14:829,666.00,12.25
18.64,3.31,14:45:14:961,666.00,13.37
24.31,6.79,14:45:15:117,666.00,18.62
37.54,11.33,14:45:15:257,666.00,19.39
55.03,11.75,14:45:15:383,666.00,17.42
73.18,14.70,14:45:15:521,666.00,16.01
90.94,16.10,14:45:15:647,666.00,9.64
101.52,19.69,14:45:15:783,666.00,13.53
113.97,21.69,14:45:15:913,666.00,13.78
127.65,24.28,14:45:16:041,666.00,5.90
135.91,26.25,14:45:16:176,666.00,7.50
139.97,27.39,14:45:16:312,666.00,11.51
143.55,30.29,14:45:16:442,666.00,11.94
147.75,33.08,14:45:16:576,666.00,11.69
152.19,37.19,14:45:16:712,666.00,14.30
152.69,34.72,14:45:16:841,666.00,15.70
153.90,37.23,14:45:16:968,666.00,15.46
154.53,38.08,14:45:17:096,666.00,15.37
155.07,39.99,14:45:17:235,666.00,14.65
155.47,41.51,14:45:17:367,666.00,13.55
153.45,35.40,14:45:17:495,666.00,15.28
153.72,36.66,14:45:17:630,666.00,13.87
153.17,34.89,14:45:17:769,666.00,11.45
148.14,30.27,14:45:17:900,666.00,9.21
140.04,24.47,14:45:18:029,666.00,6.44
130.38,19.41,14:45:18:164,666.00,7.55
117.79,15.67,14:45:18:292,666.00,9.40
106.51,14.04,14:45:18:418,666.00,12.97
91.38,8.92,14:45:18:543,666.00,16.14
79.59,7.84,14:45:18:680,666.00,14.20
65.02,6.46,14:45:18:810,666.00,11.29
54.97,7.31,14:45:18:940,666.00,13.31
45.49,9.47,14:45:19:076,666.00,11.60
37.37,9.96,14:45:19:211,666.00,9.84
28.05,8.50,14:45:19:345,666.00,9.99
20.85,5.72,14:45:19:477,666.00,11.74
18.06,6.67,14:45:19:607,666.00,10.60
16.26,6.94,14:45:19:738,666.00,11.90
15.58,8.28,14:45:19:864,666.00,12.55
15.30,9.15,14:45:19:993,666.00,13.39
15.10,9.09,14:45:20:127,666.00,14.04
14.95,8.88,14:45:20:262,666.00,14.29
14.96,9.61,14:45:20:403,666.00,14.58
14.90,9.20,14:45:20:539,666.00,14.67
14.71,10.41,14:45:20:664,666.00,14.88
14.57,10.47,14:45:20:803,666.00,15.08
14.62,10.37,14:45:20:929,666.00,15.22
14.67,9.70,14:45:21:063,666.00,15.24
14.77,7.78,14:45:21:190,666.00,15.19
14.74,7.28,14:45:21:310,666.00,15.03
14.77,8.17,14:45:21:438,666.00,15.16
14.81,7.54,14:45:21:563,666.00,15.15
14.87,7.38,14:45:21:694,666.00,14.99
14.81,7.10,14:45:21:820,666.00,15.06
14.95,6.60,14:45:21:958,666.00,15.10
14.74,7.13,14:45:22:081,666.00,15.42
14.94,7.94,14:45:22:206,666.00,15.59
14.88,7.95,14:45:22:322,666.00,15.66
14.87,8.34,14:45:22:439,666.00,15.20
14.90,8.97,14:45:22:552,666.00,14.97
14.57,7.75,14:45:22:951,666.00,15.28
14.66,8.11,14:45:23:118,666.00,15.19
14.72,7.77,14:45:23:273,666.00,15.36
14.69,8.31,14:45:23:394,666.00,15.50
14.68,7.30,14:45:23:546,666.00,15.52
