13.54,22.54,666.00,21.06,11-05-23-10-18-38-753
13.53,22.42,666.00,21.04,11-05-23-10-18-38-785
13.51,22.31,666.00,21.00,11-05-23-10-18-38-817
13.49,22.21,666.00,20.97,11-05-23-10-18-38-851
13.48,22.11,666.00,20.93,11-05-23-10-18-38-887
13.45,21.98,666.00,20.91,11-05-23-10-18-38-922
13.43,21.86,666.00,20.89,11-05-23-10-18-38-950
13.39,21.72,666.00,20.86,11-05-23-10-18-38-985
13.36,21.57,666.00,20.85,11-05-23-10-18-39-030
13.32,21.42,666.00,20.82,11-05-23-10-18-39-057
13.28,21.26,666.00,20.78,11-05-23-10-18-39-086
13.24,21.08,666.00,20.74,11-05-23-10-18-39-123
13.20,20.91,666.00,20.70,11-05-23-10-18-39-149
13.14,20.68,666.00,20.69,11-05-23-10-18-39-182
13.08,20.42,666.00,20.69,11-05-23-10-18-39-218
13.02,20.18,666.00,20.66,11-05-23-10-18-39-250
12.95,19.92,666.00,20.64,11-05-23-10-18-39-288
12.88,19.62,666.00,20.64,11-05-23-10-18-39-324
12.80,19.23,666.00,20.68,11-05-23-10-18-39-352
12.72,18.83,666.00,20.73,11-05-23-10-18-39-387
12.64,18.40,666.00,20.81,11-05-23-10-18-39-417
12.57,17.97,666.00,20.82,11-05-23-10-18-39-452
12.50,17.56,666.00,20.77,11-05-23-10-18-39-486
12.45,16.97,666.00,20.04,11-05-23-10-18-39-524
12.46,16.17,666.00,19.35,11-05-23-10-18-39-550
12.66,14.70,666.00,18.54,11-05-23-10-18-39-584
14.00,8.36,666.00,19.40,11-05-23-10-18-39-628
15.19,4.71,666.00,19.11,11-05-23-10-18-39-656
16.96,1.49,666.00,19.31,11-05-23-10-18-39-684
18.81,-0.12,666.00,19.47,11-05-23-10-18-39-721
21.18,-0.77,666.00,20.40,11-05-23-10-18-39-754
24.01,-0.63,666.00,22.30,11-05-23-10-18-39-785
27.36,0.47,666.00,22.45,11-05-23-10-18-39-819
31.50,1.59,666.00,21.93,11-05-23-10-18-39-850
35.48,2.32,666.00,18.28,11-05-23-10-18-39-886
39.63,3.17,666.00,16.77,11-05-23-10-18-39-927
43.67,3.24,666.00,18.58,11-05-23-10-18-39-950
47.14,3.63,666.00,16.56,11-05-23-10-18-39-986
50.23,3.86,666.00,16.85,11-05-23-10-18-40-018
53.83,4.36,666.00,15.13,11-05-23-10-18-40-053
57.88,4.71,666.00,13.50,11-05-23-10-18-40-085
61.18,4.95,666.00,14.98,11-05-23-10-18-40-119
64.27,5.34,666.00,14.34,11-05-23-10-18-40-151
71.91,7.19,666.00,6.40,11-05-23-10-18-40-187
74.88,7.84,666.00,7.18,11-05-23-10-18-40-219
77.95,8.33,666.00,5.50,11-05-23-10-18-40-252
79.79,8.59,666.00,8.82,11-05-23-10-18-40-288
81.30,8.92,666.00,11.39,11-05-23-10-18-40-319
82.50,9.25,666.00,12.19,11-05-23-10-18-40-352
84.00,9.47,666.00,10.85,11-05-23-10-18-40-388
85.27,9.59,666.00,10.06,11-05-23-10-18-40-418
86.38,9.70,666.00,9.01,11-05-23-10-18-40-455
87.33,9.77,666.00,8.14,11-05-23-10-18-40-484
88.09,9.91,666.00,7.28,11-05-23-10-18-40-517
88.63,9.96,666.00,6.64,11-05-23-10-18-40-554
88.90,10.03,666.00,6.60,11-05-23-10-18-40-586
89.10,10.01,666.00,6.72,11-05-23-10-18-40-618
89.24,10.01,666.00,6.44,11-05-23-10-18-40-651
89.33,10.03,666.00,6.10,11-05-23-10-18-40-691
89.38,10.02,666.00,5.95,11-05-23-10-18-40-718
89.41,10.04,666.00,5.39,11-05-23-10-18-40-748
89.42,10.11,666.00,5.26,11-05-23-10-18-40-785
89.39,10.26,666.00,5.89,11-05-23-10-18-40-820
89.33,10.41,666.00,9.50,11-05-23-10-18-40-853
89.20,10.71,666.00,10.37,11-05-23-10-18-40-889
89.05,11.02,666.00,10.32,11-05-23-10-18-40-917
88.89,11.33,666.00,10.92,11-05-23-10-18-40-951
88.72,11.72,666.00,12.36,11-05-23-10-18-40-995
88.26,12.95,666.00,11.58,11-05-23-10-18-41-022
87.92,14.20,666.00,10.46,11-05-23-10-18-41-052
87.56,15.72,666.00,9.55,11-05-23-10-18-41-085
87.13,17.29,666.00,8.68,11-05-23-10-18-41-122
86.87,23.72,666.00,4.45,11-05-23-10-18-41-150
86.94,25.94,666.00,8.55,11-05-23-10-18-41-188
86.74,27.18,666.00,10.80,11-05-23-10-18-41-220
86.31,30.27,666.00,9.05,11-05-23-10-18-41-251
86.73,34.29,666.00,4.27,11-05-23-10-18-41-286
86.93,36.14,666.00,7.43,11-05-23-10-18-41-318
87.17,37.39,666.00,12.92,11-05-23-10-18-41-350
87.57,38.74,666.00,16.11,11-05-23-10-18-41-384
88.28,42.20,666.00,14.77,11-05-23-10-18-41-420
89.11,50.65,666.00,3.81,11-05-23-10-18-41-458
90.39,53.21,666.00,5.96,11-05-23-10-18-41-484
91.28,56.11,666.00,8.91,11-05-23-10-18-41-515
91.75,59.27,666.00,7.11,11-05-23-10-18-41-552
93.21,59.20,666.00,15.51,11-05-23-10-18-41-586
93.77,59.00,666.00,26.02,11-05-23-10-18-41-620
93.92,58.28,-98.84,33.40,11-05-23-10-18-41-650
94.39,57.25,-98.34,37.94,11-05-23-10-18-41-685
66.68,52.28,-34.84,56.90,11-05-23-10-18-41-721
50.07,48.98,-12.51,77.03,11-05-23-10-18-41-766
78.94,78.32,666.00,12.94,11-05-23-10-18-41-786
84.86,86.74,666.00,17.90,11-05-23-10-18-41-816
91.93,91.53,110.26,30.14,11-05-23-10-18-41-852
73.92,57.02,-41.97,41.08,11-05-23-10-18-41-886
71.96,45.95,-41.89,55.76,11-05-23-10-18-41-919
75.27,36.50,-47.20,66.44,11-05-23-10-18-41-949
77.58,31.00,-49.50,72.16,11-05-23-10-18-41-986
78.72,27.34,-49.90,75.92,11-05-23-10-18-42-019
80.33,26.02,-53.00,76.50,11-05-23-10-18-42-065
81.41,25.49,-55.31,76.10,11-05-23-10-18-42-085
84.04,26.64,-63.18,72.59,11-05-23-10-18-42-130
85.51,27.47,-67.69,70.15,11-05-23-10-18-42-153
86.57,28.36,-71.10,67.90,11-05-23-10-18-42-191
87.34,29.03,-73.64,66.18,11-05-23-10-18-42-218
87.36,29.72,-74.18,64.70,11-05-23-10-18-42-251
89.61,33.91,-80.85,58.12,11-05-23-10-18-42-287
90.27,35.67,-83.05,55.53,11-05-23-10-18-42-317
90.43,36.79,-83.79,54.05,11-05-23-10-18-42-353
89.50,37.99,-81.80,53.08,11-05-23-10-18-42-387
83.49,39.54,-68.38,53.21,11-05-23-10-18-42-419
78.18,41.01,-56.14,54.00,11-05-23-10-18-42-456
74.64,42.17,-47.83,55.03,11-05-23-10-18-42-487
91.48,45.29,-91.76,42.47,11-05-23-10-18-42-524
79.16,46.28,-40.88,46.70,11-05-23-10-18-42-552
73.30,46.55,-21.83,48.47,11-05-23-10-18-42-585
85.26,47.99,666.00,23.80,11-05-23-10-18-42-618
93.01,47.60,666.00,13.33,11-05-23-10-18-42-652
96.12,45.09,666.00,16.47,11-05-23-10-18-42-686
97.36,42.15,666.00,19.51,11-05-23-10-18-42-720
96.87,39.31,666.00,17.56,11-05-23-10-18-42-751
94.76,36.38,666.00,12.33,11-05-23-10-18-42-783
91.35,34.11,666.00,7.05,11-05-23-10-18-42-825
90.00,32.87,666.00,3.81,11-05-23-10-18-42-852
89.07,30.50,666.00,2.45,11-05-23-10-18-42-885
88.58,26.87,666.00,3.22,11-05-23-10-18-42-918
88.26,23.89,666.00,2.27,11-05-23-10-18-42-948
87.94,19.44,666.00,2.42,11-05-23-10-18-42-986
88.07,16.50,666.00,3.67,11-05-23-10-18-43-019
88.01,14.65,666.00,6.28,11-05-23-10-18-43-055
87.88,13.15,666.00,7.83,11-05-23-10-18-43-086
87.63,7.10,666.00,4.58,11-05-23-10-18-43-128
87.44,4.33,666.00,4.80,11-05-23-10-18-43-151
87.27,2.55,666.00,5.78,11-05-23-10-18-43-187
87.06,1.42,666.00,7.46,11-05-23-10-18-43-223
86.77,0.27,666.00,10.45,11-05-23-10-18-43-250
86.34,-0.79,666.00,10.55,11-05-23-10-18-43-284
85.66,-2.24,666.00,8.81,11-05-23-10-18-43-319
84.92,-3.07,666.00,7.31,11-05-23-10-18-43-352
83.92,-3.44,666.00,5.27,11-05-23-10-18-43-386
83.13,-3.59,666.00,4.40,11-05-23-10-18-43-430
82.49,-3.59,666.00,3.65,11-05-23-10-18-43-449
81.87,-3.25,666.00,3.24,11-05-23-10-18-43-485
81.43,-2.90,666.00,2.34,11-05-23-10-18-43-522
81.11,-2.57,666.00,1.81,11-05-23-10-18-43-552
80.88,-2.24,666.00,2.51,11-05-23-10-18-43-586
80.66,-1.69,666.00,10.07,11-05-23-10-18-43-619
80.32,-0.15,666.00,13.40,11-05-23-10-18-43-652
80.15,2.53,666.00,18.32,11-05-23-10-18-43-685
80.13,5.49,666.00,17.03,11-05-23-10-18-43-717
80.11,8.27,666.00,15.90,11-05-23-10-18-43-751
80.17,11.78,666.00,14.49,11-05-23-10-18-43-783
80.44,16.77,666.00,13.25,11-05-23-10-18-43-819
80.56,20.24,666.00,13.06,11-05-23-10-18-43-851
80.78,22.83,666.00,11.94,11-05-23-10-18-43-886
81.06,24.83,666.00,16.14,11-05-23-10-18-43-919
81.98,33.71,666.00,9.73,11-05-23-10-18-43-951
82.89,38.65,666.00,6.56,11-05-23-10-18-43-985
83.48,41.79,666.00,4.71,11-05-23-10-18-44-020
83.97,44.53,666.00,6.87,11-05-23-10-18-44-049
84.59,47.19,666.00,6.78,11-05-23-10-18-44-085
85.30,49.85,666.00,7.02,11-05-23-10-18-44-118
85.94,55.05,666.00,4.99,11-05-23-10-18-44-152
86.58,57.85,666.00,6.43,11-05-23-10-18-44-192
87.36,60.95,666.00,6.63,11-05-23-10-18-44-217
87.78,62.46,666.00,16.74,11-05-23-10-18-44-251
88.10,63.48,666.00,16.25,11-05-23-10-18-44-286
88.35,64.18,666.00,19.16,11-05-23-10-18-44-318
88.49,64.75,666.00,17.19,11-05-23-10-18-44-349
88.61,65.18,666.00,14.54,11-05-23-10-18-44-388
88.66,65.64,666.00,12.18,11-05-23-10-18-44-418
68.02,68.40,666.00,19.76,11-05-23-10-18-44-450
56.79,69.36,12.73,30.69,11-05-23-10-18-44-496
51.24,67.14,14.99,36.31,11-05-23-10-18-44-517
51.66,64.07,13.34,36.54,11-05-23-10-18-44-552
53.22,61.40,11.84,35.50,11-05-23-10-18-44-584
54.28,59.19,10.48,34.86,11-05-23-10-18-44-618
55.64,57.25,8.60,33.98,11-05-23-10-18-44-648
57.71,54.94,4.33,32.81,11-05-23-10-18-44-684
59.21,53.63,1.55,31.92,11-05-23-10-18-44-717
60.94,52.85,-1.43,30.83,11-05-23-10-18-44-751
63.29,53.00,666.00,28.92,11-05-23-10-18-44-787
64.81,52.63,666.00,27.83,11-05-23-10-18-44-817
70.89,52.73,666.00,22.39,11-05-23-10-18-44-851
71.52,52.83,666.00,21.90,11-05-23-10-18-44-887
65.85,63.94,666.00,24.11,11-05-23-10-18-44-918
70.53,53.15,666.00,22.50,11-05-23-10-18-44-958
62.18,55.94,666.00,28.39,11-05-23-10-18-44-984
58.51,57.69,5.80,31.16,11-05-23-10-18-45-018
56.81,59.11,8.61,32.37,11-05-23-10-18-45-051
55.68,60.32,10.49,33.14,11-05-23-10-18-45-083
54.92,61.24,11.72,33.66,11-05-23-10-18-45-118
54.51,62.00,10.49,53.60,11-05-23-10-18-45-150
74.86,59.98,666.00,23.82,11-05-23-10-18-45-186
87.52,58.34,666.00,7.56,11-05-23-10-18-45-220
92.36,55.13,666.00,9.30,11-05-23-10-18-45-259
93.53,52.84,666.00,11.01,11-05-23-10-18-45-286
93.08,48.72,666.00,12.24,11-05-23-10-18-45-318
90.53,44.91,666.00,9.43,11-05-23-10-18-45-350
88.30,41.14,666.00,6.41,11-05-23-10-18-45-385
86.54,38.21,666.00,3.94,11-05-23-10-18-45-415
85.22,34.02,666.00,2.58,11-05-23-10-18-45-453
84.34,30.58,666.00,2.15,11-05-23-10-18-45-485
83.69,27.08,666.00,3.29,11-05-23-10-18-45-521
83.25,23.74,666.00,2.39,11-05-23-10-18-45-553
82.92,21.36,666.00,2.51,11-05-23-10-18-45-584
82.87,18.57,666.00,2.85,11-05-23-10-18-45-620
82.80,16.65,666.00,1.61,11-05-23-10-18-45-652
82.70,15.03,666.00,3.92,11-05-23-10-18-45-685
82.49,8.25,666.00,2.67,11-05-23-10-18-45-725
82.31,5.45,666.00,3.54,11-05-23-10-18-45-752
82.16,3.76,666.00,3.44,11-05-23-10-18-45-786
82.10,2.06,666.00,2.88,11-05-23-10-18-45-819
82.06,0.50,666.00,2.43,11-05-23-10-18-45-852
81.98,-0.96,666.00,1.74,11-05-23-10-18-45-883
81.89,-2.18,666.00,4.51,11-05-23-10-18-45-919
81.75,-3.45,666.00,4.30,11-05-23-10-18-45-952
81.40,-4.15,666.00,4.11,11-05-23-10-18-45-986
81.10,-4.54,666.00,0.54,11-05-23-10-18-46-026
80.88,-4.67,666.00,1.34,11-05-23-10-18-46-050
80.71,-4.70,666.00,1.87,11-05-23-10-18-46-088
80.61,-4.63,666.00,2.27,11-05-23-10-18-46-118
80.53,-4.53,666.00,1.40,11-05-23-10-18-46-154
80.41,-4.30,666.00,1.99,11-05-23-10-18-46-187
80.29,-3.94,666.00,3.17,11-05-23-10-18-46-215
80.12,-3.22,666.00,12.48,11-05-23-10-18-46-251
79.92,-1.71,666.00,14.84,11-05-23-10-18-46-283
79.74,0.91,666.00,18.18,11-05-23-10-18-46-326
79.60,4.71,666.00,16.84,11-05-23-10-18-46-348
79.48,9.37,666.00,14.59,11-05-23-10-18-46-386
79.64,13.57,666.00,11.14,11-05-23-10-18-46-418
79.81,16.68,666.00,11.28,11-05-23-10-18-46-451
80.28,22.31,666.00,9.70,11-05-23-10-18-46-486
80.79,25.54,666.00,8.73,11-05-23-10-18-46-519
81.32,28.53,666.00,10.78,11-05-23-10-18-46-551
82.07,32.97,666.00,10.22,11-05-23-10-18-46-584
82.63,36.02,666.00,8.60,11-05-23-10-18-46-627
83.50,42.64,666.00,3.98,11-05-23-10-18-46-651
84.02,45.44,666.00,2.59,11-05-23-10-18-46-689
84.29,47.66,666.00,6.34,11-05-23-10-18-46-721
85.50,50.73,666.00,6.04,11-05-23-10-18-46-750
86.19,53.23,666.00,10.10,11-05-23-10-18-46-785
87.50,56.80,666.00,9.57,11-05-23-10-18-46-820
88.57,59.63,666.00,9.62,11-05-23-10-18-46-850
89.29,63.19,666.00,15.62,11-05-23-10-18-46-887
89.69,64.59,666.00,15.06,11-05-23-10-18-46-929
89.94,65.66,666.00,14.57,11-05-23-10-18-46-950
90.38,66.35,666.00,12.45,11-05-23-10-18-46-985
90.76,66.88,666.00,9.35,11-05-23-10-18-47-020
91.11,67.35,666.00,6.82,11-05-23-10-18-47-052
91.38,67.63,666.00,4.76,11-05-23-10-18-47-081
68.89,66.92,666.00,21.96,11-05-23-10-18-47-119
55.43,66.06,16.82,35.83,11-05-23-10-18-47-153
51.12,65.46,19.55,40.31,11-05-23-10-18-47-187
51.18,64.15,21.02,40.38,11-05-23-10-18-47-219
51.47,62.90,21.70,40.07,11-05-23-10-18-47-250
53.26,61.59,20.84,38.28,11-05-23-10-18-47-285
56.75,60.89,-23.22,77.04,11-05-23-10-18-47-324
59.32,60.06,-29.09,78.93,11-05-23-10-18-47-351
61.40,59.42,-32.93,81.88,11-05-23-10-18-47-387
62.95,58.90,-35.22,83.23,11-05-23-10-18-47-420
64.46,58.67,-36.65,82.74,11-05-23-10-18-47-451
65.43,58.44,-37.13,80.89,11-05-23-10-18-47-485
66.14,58.21,-37.32,78.73,11-05-23-10-18-47-518
66.75,58.08,-37.46,76.92,11-05-23-10-18-47-549
67.05,57.99,-37.30,75.40,11-05-23-10-18-47-585
67.27,57.86,-37.21,74.27,11-05-23-10-18-47-618
67.44,57.72,-37.18,73.44,11-05-23-10-18-47-652
67.55,57.63,-37.18,72.85,11-05-23-10-18-47-692
67.70,57.59,-37.43,72.43,11-05-23-10-18-47-719
66.94,57.54,-37.06,72.75,11-05-23-10-18-47-751
66.00,57.57,-36.54,73.20,11-05-23-10-18-47-785
64.68,57.78,-35.73,73.77,11-05-23-10-18-47-818
63.15,58.13,-34.71,74.33,11-05-23-10-18-47-852
61.58,58.93,-33.70,74.74,11-05-23-10-18-47-887
60.32,60.02,-32.94,74.90,11-05-23-10-18-47-919
93.80,48.60,-98.38,36.83,11-05-23-10-18-47-950
98.47,50.53,666.00,25.04,11-05-23-10-18-47-996
101.18,50.39,666.00,24.66,11-05-23-10-18-48-019
98.79,40.71,666.00,24.68,11-05-23-10-18-48-049
97.56,39.60,666.00,19.86,11-05-23-10-18-48-087
94.33,37.81,666.00,13.78,11-05-23-10-18-48-120
91.09,35.91,666.00,7.89,11-05-23-10-18-48-151
88.99,34.47,666.00,5.78,11-05-23-10-18-48-185
87.14,32.42,666.00,3.90,11-05-23-10-18-48-219
85.56,29.32,666.00,0.45,11-05-23-10-18-48-252
84.55,26.40,666.00,1.05,11-05-23-10-18-48-294
83.95,20.18,666.00,0.82,11-05-23-10-18-48-319
83.69,14.71,666.00,1.19,11-05-23-10-18-48-351
83.51,11.78,666.00,1.70,11-05-23-10-18-48-385
83.42,9.34,666.00,0.38,11-05-23-10-18-48-420
83.32,7.02,666.00,1.37,11-05-23-10-18-48-452
83.20,4.18,666.00,1.70,11-05-23-10-18-48-487
82.97,1.05,666.00,1.47,11-05-23-10-18-48-519
82.75,-1.39,666.00,1.50,11-05-23-10-18-48-553
81.98,-4.62,666.00,3.37,11-05-23-10-18-48-586
80.86,-6.09,666.00,4.74,11-05-23-10-18-48-624
79.74,-7.48,666.00,4.10,11-05-23-10-18-48-652
78.65,-9.40,666.00,2.58,11-05-23-10-18-48-692
77.73,-10.73,666.00,2.60,11-05-23-10-18-48-718
76.99,-11.76,666.00,2.88,11-05-23-10-18-48-757
76.44,-12.32,666.00,3.31,11-05-23-10-18-48-786
75.92,-12.64,666.00,3.96,11-05-23-10-18-48-818
75.52,-12.71,666.00,4.40,11-05-23-10-18-48-851
75.20,-12.67,666.00,4.75,11-05-23-10-18-48-888
74.95,-12.51,666.00,5.03,11-05-23-10-18-48-918
74.74,-12.26,666.00,5.28,11-05-23-10-18-48-953
74.55,-11.85,666.00,6.66,11-05-23-10-18-48-987
74.49,-10.44,666.00,9.05,11-05-23-10-18-49-017
74.54,-8.50,666.00,11.41,11-05-23-10-18-49-059
74.79,-5.02,666.00,14.22,11-05-23-10-18-49-085
75.31,-0.76,666.00,15.29,11-05-23-10-18-49-118
75.81,2.71,666.00,15.29,11-05-23-10-18-49-152
76.51,7.26,666.00,13.75,11-05-23-10-18-49-188
77.13,10.60,666.00,11.15,11-05-23-10-18-49-217
77.88,14.25,666.00,14.60,11-05-23-10-18-49-252
79.10,20.63,666.00,12.30,11-05-23-10-18-49-285
80.48,28.19,666.00,3.20,11-05-23-10-18-49-319
81.37,31.64,666.00,6.66,11-05-23-10-18-49-359
82.52,34.68,666.00,9.45,11-05-23-10-18-49-390
83.78,38.52,666.00,9.89,11-05-23-10-18-49-418
84.98,42.19,666.00,7.71,11-05-23-10-18-49-457
86.20,46.51,666.00,6.26,11-05-23-10-18-49-486
87.19,49.22,666.00,7.41,11-05-23-10-18-49-518
88.47,55.41,666.00,3.56,11-05-23-10-18-49-548
87.42,60.49,666.00,3.20,11-05-23-10-18-49-583
88.29,63.63,666.00,11.64,11-05-23-10-18-49-619
89.05,65.75,666.00,10.78,11-05-23-10-18-49-657
90.06,67.91,666.00,6.11,11-05-23-10-18-49-685
15.31,47.61,18.51,82.94,11-05-23-10-18-49-720
5.83,31.45,21.48,89.81,11-05-23-10-18-49-750
5.58,-34.94,22.54,92.74,11-05-23-10-18-49-786
8.04,-74.39,25.07,100.47,11-05-23-10-18-49-817
7.88,-73.41,26.34,99.09,11-05-23-10-18-49-851
7.22,-64.44,27.13,99.30,11-05-23-10-18-49-892
7.71,-36.70,27.15,99.73,11-05-23-10-18-49-923
9.38,-17.21,27.20,99.35,11-05-23-10-18-49-962
12.93,-8.79,27.80,99.93,11-05-23-10-18-49-991
15.10,-2.52,28.19,100.21,11-05-23-10-18-50-033
17.10,-0.13,28.36,101.03,11-05-23-10-18-50-053
18.38,1.69,28.66,101.22,11-05-23-10-18-50-086
19.11,2.63,28.87,100.98,11-05-23-10-18-50-117
19.31,3.39,28.91,100.76,11-05-23-10-18-50-150
19.22,4.00,28.93,100.86,11-05-23-10-18-50-183
18.96,4.49,28.91,100.91,11-05-23-10-18-50-217
18.81,4.81,28.88,101.03,11-05-23-10-18-50-257
18.53,5.02,28.76,100.96,11-05-23-10-18-50-284
18.21,5.44,28.57,100.57,11-05-23-10-18-50-319
18.63,5.27,28.41,102.53,11-05-23-10-18-50-354
18.24,5.76,28.10,102.00,11-05-23-10-18-50-384
23.43,15.00,25.55,98.86,11-05-23-10-18-50-426
22.06,15.80,25.70,98.17,11-05-23-10-18-50-453
20.43,16.22,25.93,97.62,11-05-23-10-18-50-485
17.80,17.20,26.30,96.88,11-05-23-10-18-50-521
16.11,17.62,28.49,109.34,11-05-23-10-18-50-550
80.62,55.98,666.00,22.29,11-05-23-10-18-50-587
96.72,54.75,666.00,3.05,11-05-23-10-18-50-624
100.55,50.86,666.00,13.06,11-05-23-10-18-50-651
98.73,47.11,666.00,10.69,11-05-23-10-18-50-684
97.41,45.37,666.00,11.38,11-05-23-10-18-50-726
95.76,41.18,666.00,10.28,11-05-23-10-18-50-752
93.38,37.20,666.00,8.00,11-05-23-10-18-50-787
90.72,32.05,666.00,5.47,11-05-23-10-18-50-816
89.06,28.85,666.00,4.09,11-05-23-10-18-50-852
87.96,24.40,666.00,4.23,11-05-23-10-18-50-886
87.40,21.12,666.00,6.41,11-05-23-10-18-50-918
87.00,18.34,666.00,3.69,11-05-23-10-18-50-952
86.64,16.47,666.00,3.33,11-05-23-10-18-50-986
86.32,15.06,666.00,6.16,11-05-23-10-18-51-029
85.87,11.59,666.00,5.99,11-05-23-10-18-51-050
85.37,8.51,666.00,4.79,11-05-23-10-18-51-087
84.98,6.43,666.00,5.18,11-05-23-10-18-51-119
84.57,4.38,666.00,4.34,11-05-23-10-18-51-153
84.02,2.59,666.00,3.69,11-05-23-10-18-51-184
83.59,1.31,666.00,3.49,11-05-23-10-18-51-220
83.18,-0.03,666.00,3.56,11-05-23-10-18-51-252
82.54,-0.89,666.00,3.56,11-05-23-10-18-51-286
81.92,-1.26,666.00,2.36,11-05-23-10-18-51-319
81.37,-1.58,666.00,1.80,11-05-23-10-18-51-351
80.83,-1.50,666.00,1.26,11-05-23-10-18-51-391
80.37,-1.39,666.00,0.87,11-05-23-10-18-51-418
80.04,-1.27,666.00,0.64,11-05-23-10-18-51-451
79.76,-1.08,666.00,0.49,11-05-23-10-18-51-490
79.55,-0.82,666.00,0.07,11-05-23-10-18-51-518
79.37,-0.36,666.00,4.13,11-05-23-10-18-51-550
79.14,0.69,666.00,11.31,11-05-23-10-18-51-585
78.78,3.08,666.00,13.91,11-05-23-10-18-51-621
78.57,5.13,666.00,16.11,11-05-23-10-18-51-652
78.48,7.43,666.00,16.61,11-05-23-10-18-51-684
78.67,10.64,666.00,13.87,11-05-23-10-18-51-720
78.95,13.44,666.00,12.66,11-05-23-10-18-51-752
79.63,18.64,666.00,11.06,11-05-23-10-18-51-792
80.20,22.55,666.00,8.61,11-05-23-10-18-51-817
80.67,26.62,666.00,11.13,11-05-23-10-18-51-851
81.34,30.42,666.00,12.99,11-05-23-10-18-51-887
82.03,36.95,666.00,8.16,11-05-23-10-18-51-923
82.58,40.85,666.00,7.10,11-05-23-10-18-51-950
82.97,44.66,666.00,4.48,11-05-23-10-18-51-986
83.45,48.39,666.00,2.78,11-05-23-10-18-52-018
83.89,51.06,666.00,5.81,11-05-23-10-18-52-049
84.31,54.00,666.00,8.67,11-05-23-10-18-52-084
85.16,57.55,666.00,8.84,11-05-23-10-18-52-118
86.13,60.40,666.00,8.28,11-05-23-10-18-52-152
86.66,61.77,666.00,8.23,11-05-23-10-18-52-184
87.78,67.79,666.00,4.61,11-05-23-10-18-52-218
87.52,70.96,666.00,4.03,11-05-23-10-18-52-258
87.62,72.09,666.00,10.16,11-05-23-10-18-52-284
78.33,75.16,666.00,15.51,11-05-23-10-18-52-316
63.05,76.78,-2.30,31.36,11-05-23-10-18-52-352
57.28,77.01,1.49,37.82,11-05-23-10-18-52-386
54.75,76.85,3.26,40.43,11-05-23-10-18-52-416
53.42,76.29,4.59,41.95,11-05-23-10-18-52-451
53.22,75.20,5.10,42.25,11-05-23-10-18-52-486
54.36,73.44,4.85,41.04,11-05-23-10-18-52-519
60.73,71.17,1.65,34.51,11-05-23-10-18-52-557
64.06,69.15,-0.89,31.00,11-05-23-10-18-52-586
66.33,67.37,666.00,28.66,11-05-23-10-18-52-617
67.83,66.11,666.00,27.17,11-05-23-10-18-52-652
68.72,65.27,666.00,26.34,11-05-23-10-18-52-686
69.79,64.24,666.00,25.62,11-05-23-10-18-52-717
70.58,63.41,666.00,25.16,11-05-23-10-18-52-751
70.84,63.04,666.00,24.94,11-05-23-10-18-52-785
70.50,62.96,666.00,25.10,11-05-23-10-18-52-817
70.15,62.97,666.00,25.30,11-05-23-10-18-52-862
69.86,63.11,666.00,25.37,11-05-23-10-18-52-889
69.33,63.16,666.00,25.78,11-05-23-10-18-52-918
68.59,63.28,666.00,26.42,11-05-23-10-18-52-953
67.64,63.48,666.00,27.30,11-05-23-10-18-52-985
66.67,63.84,666.00,28.19,11-05-23-10-18-53-019
65.10,64.35,666.00,29.65,11-05-23-10-18-53-058
63.94,64.92,-4.18,30.72,11-05-23-10-18-53-087
63.23,65.48,-3.45,31.37,11-05-23-10-18-53-119
62.89,65.94,-3.12,31.68,11-05-23-10-18-53-150
81.65,64.45,666.00,19.50,11-05-23-10-18-53-184
98.30,58.80,666.00,13.72,11-05-23-10-18-53-216
108.63,50.98,666.00,28.40,11-05-23-10-18-53-252
101.92,49.56,666.00,14.21,11-05-23-10-18-53-287
101.60,46.28,666.00,15.14,11-05-23-10-18-53-321
100.06,43.05,666.00,11.24,11-05-23-10-18-53-349
96.96,40.71,666.00,8.14,11-05-23-10-18-53-382
93.01,38.16,666.00,5.56,11-05-23-10-18-53-416
90.87,36.39,666.00,3.09,11-05-23-10-18-53-453
89.91,33.11,666.00,3.93,11-05-23-10-18-53-485
89.50,29.97,666.00,5.15,11-05-23-10-18-53-520
89.11,25.71,666.00,6.88,11-05-23-10-18-53-553
88.77,22.22,666.00,4.62,11-05-23-10-18-53-586
88.50,20.02,666.00,1.25,11-05-23-10-18-53-626
88.22,17.48,666.00,1.73,11-05-23-10-18-53-650
87.87,15.51,666.00,2.73,11-05-23-10-18-53-687
87.93,9.88,666.00,2.05,11-05-23-10-18-53-721
87.66,7.41,666.00,4.24,11-05-23-10-18-53-750
87.31,5.93,666.00,5.06,11-05-23-10-18-53-785
86.70,5.32,666.00,9.40,11-05-23-10-18-53-821
85.92,4.48,666.00,10.17,11-05-23-10-18-53-849
84.91,3.32,666.00,8.73,11-05-23-10-18-53-885
83.96,2.38,666.00,5.02,11-05-23-10-18-53-924
83.12,1.70,666.00,2.39,11-05-23-10-18-53-951
82.47,1.40,666.00,2.44,11-05-23-10-18-53-985
81.94,1.40,666.00,2.44,11-05-23-10-18-54-017
81.55,1.62,666.00,2.66,11-05-23-10-18-54-050
81.20,1.86,666.00,2.99,11-05-23-10-18-54-085
80.96,2.14,666.00,3.59,11-05-23-10-18-54-118
80.75,2.57,666.00,4.52,11-05-23-10-18-54-148
80.44,3.51,666.00,7.20,11-05-23-10-18-54-185
80.17,5.17,666.00,12.90,11-05-23-10-18-54-227
79.85,7.53,666.00,16.50,11-05-23-10-18-54-251
79.66,9.93,666.00,19.92,11-05-23-10-18-54-287
79.60,13.45,666.00,17.04,11-05-23-10-18-54-317
79.72,16.57,666.00,14.27,11-05-23-10-18-54-351
79.92,19.30,666.00,12.21,11-05-23-10-18-54-385
80.36,22.94,666.00,14.20,11-05-23-10-18-54-417
81.19,27.54,666.00,12.28,11-05-23-10-18-54-453
83.47,34.62,666.00,6.36,11-05-23-10-18-54-485
84.47,36.46,666.00,8.28,11-05-23-10-18-54-517
85.15,37.75,666.00,11.23,11-05-23-10-18-54-552
85.79,42.35,666.00,8.68,11-05-23-10-18-54-584
86.28,45.89,666.00,4.99,11-05-23-10-18-54-618
86.74,49.98,666.00,3.65,11-05-23-10-18-54-650
87.03,51.79,666.00,3.38,11-05-23-10-18-54-688
87.76,54.22,666.00,5.56,11-05-23-10-18-54-722
87.98,57.71,666.00,4.47,11-05-23-10-18-54-755
88.46,60.43,666.00,7.95,11-05-23-10-18-54-787
90.44,64.47,666.00,5.52,11-05-23-10-18-54-817
91.36,67.48,666.00,2.36,11-05-23-10-18-54-849
91.84,68.88,666.00,2.47,11-05-23-10-18-54-885
92.28,70.68,666.00,5.23,11-05-23-10-18-54-920
92.33,71.59,666.00,5.78,11-05-23-10-18-54-950
92.30,72.38,666.00,5.53,11-05-23-10-18-54-990
92.37,72.84,666.00,5.41,11-05-23-10-18-55-017
91.98,73.27,666.00,4.92,11-05-23-10-18-55-051
91.20,73.81,666.00,4.16,11-05-23-10-18-55-084
67.99,75.07,666.00,24.27,11-05-23-10-18-55-118
56.40,74.39,10.26,36.34,11-05-23-10-18-55-152
52.88,73.30,11.34,40.11,11-05-23-10-18-55-185
51.08,72.38,12.07,42.05,11-05-23-10-18-55-220
50.17,71.20,12.47,43.17,11-05-23-10-18-55-251
50.33,70.01,12.33,43.34,11-05-23-10-18-55-297
51.20,68.89,11.72,42.68,11-05-23-10-18-55-318
52.55,67.91,10.78,41.52,11-05-23-10-18-55-357
54.41,67.26,9.67,39.90,11-05-23-10-18-55-385
55.91,66.83,8.76,38.54,11-05-23-10-18-55-419
56.98,66.48,8.06,37.50,11-05-23-10-18-55-459
64.57,71.49,2.21,41.29,11-05-23-10-18-55-487
89.43,78.52,666.00,22.00,11-05-23-10-18-55-517
74.31,73.16,666.00,21.70,11-05-23-10-18-55-553
77.30,73.19,666.00,17.93,11-05-23-10-18-55-593
90.63,72.38,167.32,31.83,11-05-23-10-18-55-619
28.91,47.23,13.90,65.03,11-05-23-10-18-55-650
13.87,14.89,20.68,88.02,11-05-23-10-18-55-686
12.22,-34.56,29.28,117.14,11-05-23-10-18-55-718
86.34,43.39,-73.48,31.25,11-05-23-10-18-55-751
87.11,44.93,666.00,19.09,11-05-23-10-18-55-786
96.25,46.18,666.00,10.40,11-05-23-10-18-55-821
95.73,44.23,666.00,11.79,11-05-23-10-18-55-851
94.53,43.46,666.00,8.17,11-05-23-10-18-55-895
92.96,41.84,666.00,12.38,11-05-23-10-18-55-923
90.71,38.62,666.00,11.86,11-05-23-10-18-55-952
87.33,33.17,666.00,6.04,11-05-23-10-18-55-988
85.01,27.07,666.00,0.72,11-05-23-10-18-56-018
83.81,23.49,666.00,2.77,11-05-23-10-18-56-052
83.40,19.78,666.00,5.81,11-05-23-10-18-56-085
83.27,17.45,666.00,5.41,11-05-23-10-18-56-119
83.43,15.83,666.00,5.07,11-05-23-10-18-56-155
83.53,14.74,666.00,1.36,11-05-23-10-18-56-189
83.88,11.48,666.00,1.33,11-05-23-10-18-56-218
84.03,9.55,666.00,2.37,11-05-23-10-18-56-252
84.05,8.20,666.00,3.18,11-05-23-10-18-56-283
83.77,6.77,666.00,3.25,11-05-23-10-18-56-320
83.22,5.64,666.00,3.00,11-05-23-10-18-56-359
82.71,4.76,666.00,2.63,11-05-23-10-18-56-386
82.26,3.97,666.00,2.37,11-05-23-10-18-56-416
81.82,3.30,666.00,2.17,11-05-23-10-18-56-449
81.45,2.83,666.00,2.45,11-05-23-10-18-56-487
81.13,2.39,666.00,2.68,11-05-23-10-18-56-521
80.86,2.15,666.00,3.11,11-05-23-10-18-56-551
80.66,2.05,666.00,2.59,11-05-23-10-18-56-586
80.50,2.07,666.00,4.67,11-05-23-10-18-56-616
80.37,2.20,666.00,6.48,11-05-23-10-18-56-660
80.26,2.39,666.00,8.49,11-05-23-10-18-56-688
80.16,2.79,666.00,10.79,11-05-23-10-18-56-719
79.91,4.52,666.00,11.11,11-05-23-10-18-56-751
79.68,6.78,666.00,12.78,11-05-23-10-18-56-784
79.49,9.35,666.00,14.59,11-05-23-10-18-56-817
79.61,13.86,666.00,14.59,11-05-23-10-18-56-850
79.84,21.23,666.00,6.92,11-05-23-10-18-56-886
79.89,24.43,666.00,4.88,11-05-23-10-18-56-918
79.98,26.88,666.00,3.97,11-05-23-10-18-56-959
80.30,29.56,666.00,9.07,11-05-23-10-18-56-984
80.60,31.47,666.00,14.16,11-05-23-10-18-57-018
80.89,33.43,666.00,16.28,11-05-23-10-18-57-050
81.00,41.98,666.00,5.33,11-05-23-10-18-57-085
81.42,46.17,666.00,3.34,11-05-23-10-18-57-123
81.88,48.77,666.00,2.54,11-05-23-10-18-57-151
82.98,53.65,666.00,1.11,11-05-23-10-18-57-184
84.01,56.71,666.00,0.19,11-05-23-10-18-57-219
84.81,58.66,666.00,2.13,11-05-23-10-18-57-250
85.62,60.44,666.00,3.75,11-05-23-10-18-57-287
86.37,61.62,666.00,8.51,11-05-23-10-18-57-321
87.26,62.49,666.00,8.97,11-05-23-10-18-57-351
88.02,63.11,666.00,9.72,11-05-23-10-18-57-387
88.75,63.63,666.00,11.30,11-05-23-10-18-57-418
89.35,64.00,666.00,20.82,11-05-23-10-18-57-453
90.59,64.89,666.00,22.84,11-05-23-10-18-57-485
90.99,65.34,666.00,24.61,11-05-23-10-18-57-516
74.17,65.36,-44.58,32.84,11-05-23-10-18-57-551
55.28,65.07,-18.91,43.56,11-05-23-10-18-57-584
48.72,64.57,-12.47,47.70,11-05-23-10-18-57-619
46.48,63.01,-10.75,49.81,11-05-23-10-18-57-654
45.54,61.43,-9.85,50.99,11-05-23-10-18-57-687
45.50,60.07,-9.20,51.45,11-05-23-10-18-57-722
46.78,58.64,-9.60,50.96,11-05-23-10-18-57-751
57.48,54.58,-22.00,45.21,11-05-23-10-18-57-786
63.64,52.62,-30.77,42.72,11-05-23-10-18-57-818
67.24,51.59,-36.33,41.53,11-05-23-10-18-57-850
69.13,50.97,-39.28,40.99,11-05-23-10-18-57-884
69.97,50.57,-40.57,40.81,11-05-23-10-18-57-919
68.92,50.55,-38.67,41.35,11-05-23-10-18-57-952
67.21,50.73,-35.76,42.06,11-05-23-10-18-57-986
65.81,50.94,-33.41,42.58,11-05-23-10-18-58-026
64.77,51.11,-31.71,42.89,11-05-23-10-18-58-050
63.95,51.34,-30.32,43.05,11-05-23-10-18-58-086
63.40,51.51,-29.31,43.06,11-05-23-10-18-58-120
62.49,52.12,-27.53,42.96,11-05-23-10-18-58-150
64.66,53.66,-30.15,39.16,11-05-23-10-18-58-186
91.49,54.89,666.00,26.88,11-05-23-10-18-58-218
103.10,54.98,666.00,24.50,11-05-23-10-18-58-249
108.08,52.69,666.00,28.41,11-05-23-10-18-58-286
106.80,48.81,666.00,28.06,11-05-23-10-18-58-329
105.95,46.07,666.00,25.21,11-05-23-10-18-58-349
100.94,43.04,666.00,18.75,11-05-23-10-18-58-383
97.74,41.60,666.00,13.38,11-05-23-10-18-58-421
94.95,39.00,666.00,9.53,11-05-23-10-18-58-453
93.05,36.47,666.00,7.26,11-05-23-10-18-58-484
91.07,31.46,666.00,8.05,11-05-23-10-18-58-520
90.03,29.41,666.00,4.76,11-05-23-10-18-58-550
89.23,27.49,666.00,3.63,11-05-23-10-18-58-585
88.41,23.82,666.00,2.46,11-05-23-10-18-58-626
89.21,19.53,666.00,4.73,11-05-23-10-18-58-654
88.81,16.74,666.00,4.41,11-05-23-10-18-58-687
88.33,15.07,666.00,3.55,11-05-23-10-18-58-718
87.86,13.64,666.00,3.06,11-05-23-10-18-58-753
86.95,7.57,666.00,5.91,11-05-23-10-18-58-787
86.32,5.12,666.00,7.92,11-05-23-10-18-58-819
85.78,3.67,666.00,5.10,11-05-23-10-18-58-851
85.35,2.63,666.00,3.47,11-05-23-10-18-58-887
84.99,1.94,666.00,4.47,11-05-23-10-18-58-926
84.67,1.44,666.00,6.18,11-05-23-10-18-58-953
84.45,0.92,666.00,6.80,11-05-23-10-18-59-008
84.31,0.38,666.00,6.17,11-05-23-10-18-59-025
84.18,-0.07,666.00,4.74,11-05-23-10-18-59-060
83.95,-0.30,666.00,2.99,11-05-23-10-18-59-094
83.76,-0.43,666.00,1.55,11-05-23-10-18-59-121
83.58,-0.37,666.00,0.55,11-05-23-10-18-59-149
83.36,-0.16,666.00,1.48,11-05-23-10-18-59-188
83.20,0.06,666.00,2.73,11-05-23-10-18-59-215
83.08,0.32,666.00,4.27,11-05-23-10-18-59-251
82.96,0.71,666.00,6.47,11-05-23-10-18-59-285
82.87,1.28,666.00,8.50,11-05-23-10-18-59-317
82.85,2.25,666.00,8.70,11-05-23-10-18-59-350
82.89,3.99,666.00,7.82,11-05-23-10-18-59-388
82.95,6.18,666.00,7.65,11-05-23-10-18-59-416
83.02,8.35,666.00,12.83,11-05-23-10-18-59-451
83.00,10.60,666.00,13.60,11-05-23-10-18-59-486
82.87,12.84,666.00,16.24,11-05-23-10-18-59-516
82.59,15.19,666.00,15.94,11-05-23-10-18-59-556
82.00,18.76,666.00,15.01,11-05-23-10-18-59-586
81.73,21.65,666.00,15.94,11-05-23-10-18-59-618
81.43,26.50,666.00,12.72,11-05-23-10-18-59-651
81.30,30.65,666.00,11.71,11-05-23-10-18-59-693
81.31,34.45,666.00,10.13,11-05-23-10-18-59-717
81.55,38.38,666.00,7.99,11-05-23-10-18-59-753
81.92,42.03,666.00,8.49,11-05-23-10-18-59-784
82.41,45.42,666.00,10.03,11-05-23-10-18-59-820
82.97,48.68,666.00,10.58,11-05-23-10-18-59-853
83.23,53.89,666.00,6.56,11-05-23-10-18-59-887
83.75,57.00,666.00,8.95,11-05-23-10-18-59-915
84.43,59.48,666.00,8.93,11-05-23-10-18-59-953
84.84,60.96,666.00,19.21,11-05-23-10-18-59-996
85.20,62.10,666.00,22.58,11-05-23-10-19-00-019
85.52,62.93,666.00,26.46,11-05-23-10-19-00-049
85.79,63.56,666.00,27.56,11-05-23-10-19-00-084
86.37,64.31,666.00,26.53,11-05-23-10-19-00-120
86.81,64.87,666.00,25.11,11-05-23-10-19-00-150
79.77,67.30,666.00,22.37,11-05-23-10-19-00-185
58.56,67.67,-13.08,35.25,11-05-23-10-19-00-217
48.60,67.63,-2.62,42.99,11-05-23-10-19-00-249
43.39,68.40,2.43,47.28,11-05-23-10-19-00-295
56.25,75.69,4.98,33.49,11-05-23-10-19-00-319
53.60,73.65,4.86,36.07,11-05-23-10-19-00-350
52.45,71.84,4.79,37.19,11-05-23-10-19-00-389
52.15,70.55,4.74,37.52,11-05-23-10-19-00-417
53.13,68.60,3.61,36.66,11-05-23-10-19-00-456
53.51,66.88,2.73,36.46,11-05-23-10-19-00-486
54.66,66.45,2.37,35.33,11-05-23-10-19-00-520
55.00,64.77,1.00,35.26,11-05-23-10-19-00-549
57.15,65.94,1.27,32.94,11-05-23-10-19-00-588
57.99,67.01,2.37,31.98,11-05-23-10-19-00-617
59.36,66.91,1.56,30.88,11-05-23-10-19-00-652
45.62,61.66,5.60,45.50,11-05-23-10-19-00-683
48.09,60.31,3.31,43.52,11-05-23-10-19-00-718
49.59,59.55,1.81,42.34,11-05-23-10-19-00-759
50.58,59.13,0.74,41.57,11-05-23-10-19-00-782
52.06,58.38,-1.19,40.47,11-05-23-10-19-00-816
53.55,57.74,-3.25,39.38,11-05-23-10-19-00-851
54.49,57.49,12.01,73.16,11-05-23-10-19-00-889
55.07,57.42,16.11,73.17,11-05-23-10-19-00-918
78.13,52.71,-15.82,32.74,11-05-23-10-19-00-956
88.44,45.66,666.00,21.68,11-05-23-10-19-00-988
94.02,45.24,666.00,14.60,11-05-23-10-19-01-023
96.48,44.92,666.00,16.71,11-05-23-10-19-01-057
96.21,42.49,666.00,17.38,11-05-23-10-19-01-087
94.39,40.14,666.00,14.56,11-05-23-10-19-01-119
91.96,36.89,666.00,10.77,11-05-23-10-19-01-157
89.66,33.64,666.00,6.61,11-05-23-10-19-01-189
88.04,30.87,666.00,4.20,11-05-23-10-19-01-218
86.97,29.09,666.00,1.30,11-05-23-10-19-01-252
86.11,24.94,666.00,1.37,11-05-23-10-19-01-285
85.56,21.93,666.00,4.57,11-05-23-10-19-01-317
85.35,19.21,666.00,3.78,11-05-23-10-19-01-360
85.29,17.06,666.00,1.51,11-05-23-10-19-01-387
85.22,15.48,666.00,0.99,11-05-23-10-19-01-418
85.27,14.22,666.00,0.91,11-05-23-10-19-01-452
85.24,13.42,666.00,3.39,11-05-23-10-19-01-484
85.03,11.21,666.00,4.45,11-05-23-10-19-01-518
84.75,9.78,666.00,6.79,11-05-23-10-19-01-553
84.42,8.68,666.00,6.97,11-05-23-10-19-01-584
84.08,7.85,666.00,6.67,11-05-23-10-19-01-620
83.60,6.65,666.00,5.33,11-05-23-10-19-01-652
83.16,5.74,666.00,4.21,11-05-23-10-19-01-684
82.80,5.18,666.00,3.55,11-05-23-10-19-01-716
82.51,4.87,666.00,4.00,11-05-23-10-19-01-752
82.26,4.73,666.00,4.20,11-05-23-10-19-01-785
82.06,4.71,666.00,4.18,11-05-23-10-19-01-824
81.90,4.78,666.00,4.17,11-05-23-10-19-01-852
81.77,4.90,666.00,4.27,11-05-23-10-19-01-886
81.66,5.03,666.00,4.50,11-05-23-10-19-01-916
81.53,5.21,666.00,4.91,11-05-23-10-19-01-951
81.40,5.60,666.00,5.51,11-05-23-10-19-01-984
81.28,6.29,666.00,6.65,11-05-23-10-19-02-022
81.22,7.29,666.00,9.65,11-05-23-10-19-02-051
81.24,8.48,666.00,11.29,11-05-23-10-19-02-089
81.37,10.36,666.00,12.25,11-05-23-10-19-02-123
81.70,12.91,666.00,15.94,11-05-23-10-19-02-154
82.12,15.35,666.00,16.02,11-05-23-10-19-02-184
83.41,19.71,666.00,13.03,11-05-23-10-19-02-218
84.41,22.77,666.00,14.92,11-05-23-10-19-02-251
86.05,28.41,666.00,10.53,11-05-23-10-19-02-285
86.79,31.83,666.00,8.11,11-05-23-10-19-02-320
87.26,33.70,666.00,12.29,11-05-23-10-19-02-352
87.76,35.75,666.00,14.37,11-05-23-10-19-02-385
88.46,38.97,666.00,14.28,11-05-23-10-19-02-427
89.60,46.93,666.00,6.41,11-05-23-10-19-02-448
90.15,50.11,666.00,3.98,11-05-23-10-19-02-487
90.58,52.59,666.00,2.52,11-05-23-10-19-02-522
91.66,57.64,666.00,2.90,11-05-23-10-19-02-549
92.58,60.36,666.00,3.41,11-05-23-10-19-02-592
93.29,61.35,666.00,7.88,11-05-23-10-19-02-618
93.64,62.28,666.00,13.01,11-05-23-10-19-02-649
93.72,62.89,666.00,15.54,11-05-23-10-19-02-684
93.57,63.34,666.00,16.88,11-05-23-10-19-02-726
93.29,63.55,666.00,17.80,11-05-23-10-19-02-752
91.26,63.44,666.00,18.98,11-05-23-10-19-02-786
78.24,64.52,666.00,28.84,11-05-23-10-19-02-820
72.44,64.63,-16.01,35.18,11-05-23-10-19-02-851
83.52,75.29,666.00,6.36,11-05-23-10-19-02-885
88.97,80.51,666.00,19.62,11-05-23-10-19-02-918
91.32,82.46,666.00,27.48,11-05-23-10-19-02-954
93.10,83.25,138.45,32.14,11-05-23-10-19-02-986
64.71,69.93,666.00,29.06,11-05-23-10-19-03-030
52.37,60.20,3.18,53.15,11-05-23-10-19-03-052
46.63,54.17,4.68,64.52,11-05-23-10-19-03-084
43.69,50.53,6.27,70.56,11-05-23-10-19-03-119
42.64,48.21,6.93,72.76,11-05-23-10-19-03-149
43.44,47.72,6.65,71.05,11-05-23-10-19-03-185
45.25,48.48,5.86,67.25,11-05-23-10-19-03-215
47.37,49.76,4.95,63.12,11-05-23-10-19-03-250
53.84,52.07,0.89,56.99,11-05-23-10-19-03-289
55.41,52.79,0.06,55.07,11-05-23-10-19-03-316
55.98,53.40,0.01,54.12,11-05-23-10-19-03-351
56.22,53.98,5.38,74.45,11-05-23-10-19-03-383
55.34,55.05,7.94,82.81,11-05-23-10-19-03-417
89.33,51.97,666.00,25.02,11-05-23-10-19-03-451
98.34,52.65,666.00,18.26,11-05-23-10-19-03-487
102.14,53.87,666.00,17.76,11-05-23-10-19-03-517
101.07,53.62,666.00,16.73,11-05-23-10-19-03-553
100.02,51.85,666.00,16.35,11-05-23-10-19-03-584
98.17,46.62,666.00,14.43,11-05-23-10-19-03-617
94.03,41.92,666.00,8.06,11-05-23-10-19-03-651
92.05,40.16,666.00,5.30,11-05-23-10-19-03-687
90.68,38.44,666.00,4.35,11-05-23-10-19-03-718
89.48,36.58,666.00,5.07,11-05-23-10-19-03-754
88.58,32.74,666.00,2.87,11-05-23-10-19-03-786
87.74,28.14,666.00,2.28,11-05-23-10-19-03-818
87.07,24.17,666.00,1.13,11-05-23-10-19-03-853
86.60,19.39,666.00,2.67,11-05-23-10-19-03-886
86.27,15.81,666.00,3.09,11-05-23-10-19-03-917
86.03,13.36,666.00,4.11,11-05-23-10-19-03-954
85.83,12.02,666.00,1.45,11-05-23-10-19-03-987
85.70,10.72,666.00,1.48,11-05-23-10-19-04-020
85.67,9.44,666.00,1.79,11-05-23-10-19-04-050
85.74,8.06,666.00,3.14,11-05-23-10-19-04-084
85.96,6.65,666.00,7.26,11-05-23-10-19-04-123
86.13,5.62,666.00,8.61,11-05-23-10-19-04-150
86.32,4.74,666.00,9.22,11-05-23-10-19-04-185
86.33,4.20,666.00,9.50,11-05-23-10-19-04-220
86.34,3.37,666.00,8.71,11-05-23-10-19-04-253
86.20,2.88,666.00,8.02,11-05-23-10-19-04-286
86.02,2.62,666.00,7.45,11-05-23-10-19-04-319
85.45,2.65,666.00,6.68,11-05-23-10-19-04-350
84.96,2.71,666.00,5.77,11-05-23-10-19-04-385
84.57,2.78,666.00,4.55,11-05-23-10-19-04-418
84.27,2.86,666.00,4.78,11-05-23-10-19-04-452
83.97,3.07,666.00,6.47,11-05-23-10-19-04-487
83.64,3.52,666.00,10.09,11-05-23-10-19-04-517
83.32,4.35,666.00,12.41,11-05-23-10-19-04-556
83.06,5.86,666.00,12.18,11-05-23-10-19-04-586
82.96,7.86,666.00,10.65,11-05-23-10-19-04-624
83.30,10.59,666.00,12.57,11-05-23-10-19-04-650
83.95,13.63,666.00,12.16,11-05-23-10-19-04-686
84.66,16.23,666.00,11.80,11-05-23-10-19-04-716
85.83,22.64,666.00,6.93,11-05-23-10-19-04-751
86.26,25.63,666.00,4.08,11-05-23-10-19-04-787
86.58,27.62,666.00,6.29,11-05-23-10-19-04-818
87.02,29.51,666.00,10.14,11-05-23-10-19-04-859
87.25,34.07,666.00,7.34,11-05-23-10-19-04-894
87.50,36.77,666.00,9.78,11-05-23-10-19-04-918
87.81,38.80,666.00,11.10,11-05-23-10-19-04-952
88.30,40.84,666.00,10.48,11-05-23-10-19-04-987
89.52,48.17,666.00,2.17,11-05-23-10-19-05-017
90.02,50.81,666.00,2.47,11-05-23-10-19-05-052
89.59,53.68,666.00,1.73,11-05-23-10-19-05-085
89.72,55.36,666.00,0.69,11-05-23-10-19-05-118
91.01,58.26,666.00,2.04,11-05-23-10-19-05-160
91.74,60.05,666.00,4.15,11-05-23-10-19-05-186
92.37,61.87,666.00,3.72,11-05-23-10-19-05-218
92.62,64.08,666.00,2.98,11-05-23-10-19-05-251
92.61,65.17,666.00,9.61,11-05-23-10-19-05-286
92.49,65.91,666.00,10.26,11-05-23-10-19-05-316
91.68,66.50,666.00,14.46,11-05-23-10-19-05-351
90.83,66.91,666.00,15.56,11-05-23-10-19-05-388
88.56,67.68,666.00,16.13,11-05-23-10-19-05-419
82.06,68.93,666.00,19.39,11-05-23-10-19-05-452
61.40,69.13,-4.77,38.10,11-05-23-10-19-05-485
52.71,68.88,1.80,46.42,11-05-23-10-19-05-519
55.59,67.69,0.55,43.69,11-05-23-10-19-05-554
56.53,66.82,0.18,42.89,11-05-23-10-19-05-584
56.57,66.14,0.33,42.89,11-05-23-10-19-05-623
57.34,65.49,-0.20,42.10,11-05-23-10-19-05-649
60.62,64.58,-2.96,38.78,11-05-23-10-19-05-684
62.85,63.74,-5.34,36.66,11-05-23-10-19-05-718
63.71,63.25,-6.47,35.87,11-05-23-10-19-05-751
64.17,62.91,-7.18,35.48,11-05-23-10-19-05-784
64.40,62.69,-7.59,35.31,11-05-23-10-19-05-819
64.72,62.58,-7.99,35.02,11-05-23-10-19-05-849
65.71,62.57,-8.95,34.20,11-05-23-10-19-05-886
66.43,62.57,-9.68,33.62,11-05-23-10-19-05-928
66.13,62.57,-9.40,33.90,11-05-23-10-19-05-951
65.74,62.59,-9.00,34.25,11-05-23-10-19-05-988
65.42,62.67,-8.63,34.52,11-05-23-10-19-06-019
63.72,62.87,11.20,59.15,11-05-23-10-19-06-049
62.38,63.16,17.88,69.97,11-05-23-10-19-06-084
89.48,52.33,666.00,15.61,11-05-23-10-19-06-118
98.77,48.00,666.00,13.64,11-05-23-10-19-06-152
103.11,45.37,666.00,19.01,11-05-23-10-19-06-183
103.69,41.62,666.00,23.01,11-05-23-10-19-06-226
100.48,39.57,666.00,19.21,11-05-23-10-19-06-251
97.52,36.48,666.00,15.84,11-05-23-10-19-06-284
94.84,33.59,666.00,12.07,11-05-23-10-19-06-317
92.62,31.19,666.00,6.87,11-05-23-10-19-06-351
91.03,27.96,666.00,5.57,11-05-23-10-19-06-383
90.05,25.62,666.00,2.41,11-05-23-10-19-06-417
89.02,19.41,666.00,8.13,11-05-23-10-19-06-457
88.48,16.07,666.00,6.77,11-05-23-10-19-06-486
88.21,12.56,666.00,7.17,11-05-23-10-19-06-518
88.02,9.76,666.00,6.46,11-05-23-10-19-06-552
87.93,7.87,666.00,7.26,11-05-23-10-19-06-590
88.10,5.73,666.00,6.66,11-05-23-10-19-06-625
88.28,4.02,666.00,4.16,11-05-23-10-19-06-666
88.02,3.30,666.00,3.32,11-05-23-10-19-06-690
87.58,2.93,666.00,4.85,11-05-23-10-19-06-730
87.13,2.53,666.00,5.93,11-05-23-10-19-06-749
86.03,1.08,666.00,5.81,11-05-23-10-19-06-784
85.28,0.36,666.00,4.07,11-05-23-10-19-06-816
84.67,-0.12,666.00,2.37,11-05-23-10-19-06-849
84.13,-0.18,666.00,1.23,11-05-23-10-19-06-885
83.75,-0.13,666.00,3.42,11-05-23-10-19-06-916
83.50,-0.03,666.00,6.01,11-05-23-10-19-06-950
83.25,0.17,666.00,6.79,11-05-23-10-19-06-991
83.02,0.48,666.00,9.32,11-05-23-10-19-07-017
82.79,1.11,666.00,10.59,11-05-23-10-19-07-052
82.61,2.09,666.00,13.83,11-05-23-10-19-07-085
82.49,3.71,666.00,13.81,11-05-23-10-19-07-115
82.48,5.90,666.00,11.75,11-05-23-10-19-07-151
82.56,8.76,666.00,13.07,11-05-23-10-19-07-188
82.68,11.68,666.00,15.91,11-05-23-10-19-07-216
82.79,14.28,666.00,15.89,11-05-23-10-19-07-250
83.05,18.34,666.00,13.05,11-05-23-10-19-07-289
83.14,21.93,666.00,10.54,11-05-23-10-19-07-317
83.45,25.50,666.00,11.54,11-05-23-10-19-07-351
83.78,28.53,666.00,15.29,11-05-23-10-19-07-384
84.17,31.89,666.00,16.05,11-05-23-10-19-07-417
84.28,39.71,666.00,9.47,11-05-23-10-19-07-450
84.78,43.54,666.00,7.38,11-05-23-10-19-07-485
85.33,47.43,666.00,6.05,11-05-23-10-19-07-518
85.79,49.63,666.00,8.72,11-05-23-10-19-07-549
85.72,54.69,666.00,5.27,11-05-23-10-19-07-585
86.19,57.34,666.00,7.71,11-05-23-10-19-07-618
86.58,58.52,666.00,10.92,11-05-23-10-19-07-649
86.93,59.24,666.00,11.46,11-05-23-10-19-07-688
87.26,61.26,666.00,8.56,11-05-23-10-19-07-721
87.12,62.36,666.00,14.01,11-05-23-10-19-07-755
87.16,62.83,666.00,16.02,11-05-23-10-19-07-787
87.42,62.81,666.00,17.33,11-05-23-10-19-07-822
87.58,62.67,666.00,18.07,11-05-23-10-19-07-848
62.24,65.31,-3.97,37.94,11-05-23-10-19-07-889
47.25,66.73,10.03,53.12,11-05-23-10-19-07-918
42.31,66.26,13.30,59.70,11-05-23-10-19-07-951
43.14,63.80,13.34,60.90,11-05-23-10-19-07-982
54.76,59.13,4.46,53.93,11-05-23-10-19-08-019
60.18,56.98,-0.17,51.06,11-05-23-10-19-08-060
63.19,55.54,-3.29,49.69,11-05-23-10-19-08-089
64.40,54.43,-4.60,49.31,11-05-23-10-19-08-116
66.00,53.60,-6.68,48.25,11-05-23-10-19-08-151
66.85,53.05,-8.03,47.60,11-05-23-10-19-08-184
67.11,52.71,-8.65,47.32,11-05-23-10-19-08-217
65.46,52.30,-7.49,48.48,11-05-23-10-19-08-249
63.35,51.89,-5.57,49.92,11-05-23-10-19-08-285
61.79,51.59,-4.16,50.89,11-05-23-10-19-08-317
60.33,51.51,-2.72,51.61,11-05-23-10-19-08-350
59.23,51.56,-1.50,52.02,11-05-23-10-19-08-384
58.27,51.77,-0.38,52.31,11-05-23-10-19-08-420
57.40,52.13,0.67,52.54,11-05-23-10-19-08-449
70.87,55.24,-13.51,32.26,11-05-23-10-19-08-484
67.20,57.50,-4.33,35.07,11-05-23-10-19-08-523
63.29,59.36,10.12,55.06,11-05-23-10-19-08-551
92.54,49.98,666.00,18.89,11-05-23-10-19-08-585
98.64,49.72,666.00,19.88,11-05-23-10-19-08-619
101.36,49.27,666.00,18.03,11-05-23-10-19-08-649
101.99,47.74,666.00,17.64,11-05-23-10-19-08-684
99.26,44.30,666.00,15.62,11-05-23-10-19-08-721
97.27,40.51,666.00,13.44,11-05-23-10-19-08-752
94.64,37.34,666.00,8.74,11-05-23-10-19-08-782
92.01,34.21,666.00,5.13,11-05-23-10-19-08-822
90.59,32.90,666.00,2.75,11-05-23-10-19-08-850
89.77,29.09,666.00,3.64,11-05-23-10-19-08-883
89.22,27.05,666.00,0.89,11-05-23-10-19-08-926
89.00,24.43,666.00,1.07,11-05-23-10-19-08-950
88.74,18.05,666.00,7.10,11-05-23-10-19-08-985
88.42,15.78,666.00,4.86,11-05-23-10-19-09-018
88.42,13.41,666.00,4.49,11-05-23-10-19-09-053
88.27,11.39,666.00,3.98,11-05-23-10-19-09-084
88.78,6.31,666.00,4.68,11-05-23-10-19-09-127
88.91,4.18,666.00,1.24,11-05-23-10-19-09-149
88.90,2.64,666.00,2.01,11-05-23-10-19-09-185
88.86,1.49,666.00,2.22,11-05-23-10-19-09-218
88.82,0.71,666.00,2.47,11-05-23-10-19-09-253
88.74,-0.46,666.00,2.58,11-05-23-10-19-09-286
88.58,-1.18,666.00,2.39,11-05-23-10-19-09-319
88.27,-1.43,666.00,2.05,11-05-23-10-19-09-352
87.94,-1.66,666.00,1.65,11-05-23-10-19-09-385
87.47,-1.46,666.00,3.41,11-05-23-10-19-09-426
86.96,-1.37,666.00,4.37,11-05-23-10-19-09-450
86.37,-1.22,666.00,4.60,11-05-23-10-19-09-486
85.96,-1.13,666.00,5.23,11-05-23-10-19-09-517
85.55,-1.04,666.00,7.44,11-05-23-10-19-09-551
85.05,-0.74,666.00,10.63,11-05-23-10-19-09-585
84.30,0.20,666.00,11.92,11-05-23-10-19-09-619
83.52,1.63,666.00,14.04,11-05-23-10-19-09-651
82.91,3.22,666.00,15.02,11-05-23-10-19-09-684
82.45,6.21,666.00,17.04,11-05-23-10-19-09-720
82.26,9.77,666.00,15.46,11-05-23-10-19-09-754
83.04,18.16,666.00,8.40,11-05-23-10-19-09-786
83.59,22.02,666.00,6.93,11-05-23-10-19-09-819
83.90,25.62,666.00,7.48,11-05-23-10-19-09-851
84.22,27.27,666.00,10.01,11-05-23-10-19-09-890
84.53,28.74,666.00,12.01,11-05-23-10-19-09-922
85.01,31.35,666.00,14.95,11-05-23-10-19-09-951
85.54,34.97,666.00,13.71,11-05-23-10-19-09-984
85.70,40.62,666.00,9.73,11-05-23-10-19-10-017
85.98,43.46,666.00,12.42,11-05-23-10-19-10-052
86.61,50.82,666.00,5.39,11-05-23-10-19-10-085
87.11,54.37,666.00,3.40,11-05-23-10-19-10-117
87.66,55.74,666.00,7.22,11-05-23-10-19-10-150
88.59,58.94,666.00,5.10,11-05-23-10-19-10-190
89.81,59.41,666.00,11.05,11-05-23-10-19-10-223
90.58,59.96,666.00,11.33,11-05-23-10-19-10-254
88.94,61.87,666.00,16.59,11-05-23-10-19-10-284
88.47,62.92,666.00,17.24,11-05-23-10-19-10-322
88.12,63.46,666.00,17.65,11-05-23-10-19-10-352
88.40,64.08,666.00,17.25,11-05-23-10-19-10-386
88.16,64.45,666.00,16.84,11-05-23-10-19-10-417
72.59,64.67,666.00,27.21,11-05-23-10-19-10-450
52.33,65.00,4.95,46.13,11-05-23-10-19-10-491
44.81,65.29,10.18,53.27,11-05-23-10-19-10-518
41.21,65.15,12.67,56.81,11-05-23-10-19-10-550
55.83,70.60,12.20,41.99,11-05-23-10-19-10-585
42.60,62.62,12.88,55.32,11-05-23-10-19-10-620
51.69,56.41,5.73,47.26,11-05-23-10-19-10-648
59.36,52.67,-2.68,41.04,11-05-23-10-19-10-684
63.46,51.17,-8.15,37.96,11-05-23-10-19-10-719
66.57,50.24,-12.83,35.76,11-05-23-10-19-10-752
67.66,50.03,-14.42,35.03,11-05-23-10-19-10-795
67.12,50.28,-13.32,35.45,11-05-23-10-19-10-817
66.17,50.67,-11.64,36.16,11-05-23-10-19-10-849
65.26,51.09,-10.11,36.85,11-05-23-10-19-10-886
75.16,52.47,666.00,27.78,11-05-23-10-19-10-917
71.94,53.98,666.00,29.64,11-05-23-10-19-10-951
69.86,54.81,-12.89,31.01,11-05-23-10-19-10-984
67.81,55.40,0.06,48.16,11-05-23-10-19-11-018
90.94,48.22,666.00,24.90,11-05-23-10-19-11-050
97.49,49.59,666.00,13.97,11-05-23-10-19-11-097
100.51,47.93,666.00,12.34,11-05-23-10-19-11-116
101.91,45.80,666.00,14.88,11-05-23-10-19-11-154
101.49,38.67,666.00,18.86,11-05-23-10-19-11-186
98.45,36.21,666.00,13.59,11-05-23-10-19-11-219
96.35,33.59,666.00,11.11,11-05-23-10-19-11-251
94.79,31.33,666.00,8.05,11-05-23-10-19-11-286
93.19,29.36,666.00,4.42,11-05-23-10-19-11-318
92.35,27.48,666.00,3.44,11-05-23-10-19-11-352
91.68,25.67,666.00,2.66,11-05-23-10-19-11-387
91.17,23.67,666.00,2.62,11-05-23-10-19-11-418
90.82,22.01,666.00,0.60,11-05-23-10-19-11-450
90.85,19.27,666.00,1.25,11-05-23-10-19-11-486
90.69,16.53,666.00,1.70,11-05-23-10-19-11-519
90.58,14.43,666.00,3.51,11-05-23-10-19-11-559
90.65,8.53,666.00,3.28,11-05-23-10-19-11-584
90.53,6.28,666.00,3.58,11-05-23-10-19-11-622
90.50,3.65,666.00,5.01,11-05-23-10-19-11-650
90.31,2.24,666.00,3.64,11-05-23-10-19-11-683
89.98,1.14,666.00,3.80,11-05-23-10-19-11-718
89.55,0.15,666.00,3.37,11-05-23-10-19-11-752
89.05,-0.73,666.00,2.81,11-05-23-10-19-11-787
88.38,-1.70,666.00,2.48,11-05-23-10-19-11-819
87.62,-2.63,666.00,3.06,11-05-23-10-19-11-861
86.92,-3.30,666.00,2.96,11-05-23-10-19-11-884
86.43,-3.71,666.00,2.60,11-05-23-10-19-11-922
86.00,-4.08,666.00,2.02,11-05-23-10-19-11-950
85.66,-4.21,666.00,1.32,11-05-23-10-19-11-985
85.43,-4.14,666.00,1.97,11-05-23-10-19-12-021
84.95,-3.72,666.00,2.48,11-05-23-10-19-12-052
84.60,-3.30,666.00,3.12,11-05-23-10-19-12-090
84.29,-2.80,666.00,4.38,11-05-23-10-19-12-117
84.12,-2.08,666.00,9.90,11-05-23-10-19-12-159
84.02,-0.40,666.00,10.87,11-05-23-10-19-12-183
84.05,1.96,666.00,10.67,11-05-23-10-19-12-219
84.10,5.04,666.00,11.85,11-05-23-10-19-12-252
84.20,8.65,666.00,12.61,11-05-23-10-19-12-285
84.22,11.69,666.00,13.36,11-05-23-10-19-12-320
84.16,15.71,666.00,16.59,11-05-23-10-19-12-354
84.25,19.39,666.00,16.13,11-05-23-10-19-12-387
84.53,26.33,666.00,10.53,11-05-23-10-19-12-423
84.70,29.81,666.00,11.18,11-05-23-10-19-12-456
84.81,33.56,666.00,11.61,11-05-23-10-19-12-489
84.93,40.62,666.00,3.19,11-05-23-10-19-12-518
85.10,43.41,666.00,4.14,11-05-23-10-19-12-552
85.45,45.46,666.00,6.48,11-05-23-10-19-12-586
86.36,51.32,666.00,3.18,11-05-23-10-19-12-625
87.07,56.33,666.00,2.49,11-05-23-10-19-12-650
87.84,60.14,666.00,2.15,11-05-23-10-19-12-686
88.31,62.21,666.00,6.31,11-05-23-10-19-12-717
88.61,63.44,666.00,6.66,11-05-23-10-19-12-749
88.85,64.30,666.00,15.07,11-05-23-10-19-12-785
88.97,65.07,666.00,16.59,11-05-23-10-19-12-821
88.89,65.78,666.00,16.93,11-05-23-10-19-12-850
77.91,67.94,666.00,19.30,11-05-23-10-19-12-888
59.54,68.43,-6.72,33.99,11-05-23-10-19-12-926
51.65,68.59,0.93,40.84,11-05-23-10-19-12-952
45.50,67.94,5.60,46.20,11-05-23-10-19-12-986
42.74,67.21,7.88,48.78,11-05-23-10-19-13-021
55.25,72.09,8.71,35.92,11-05-23-10-19-13-051
40.80,65.92,10.64,50.67,11-05-23-10-19-13-087
57.25,69.93,9.03,33.99,11-05-23-10-19-13-121
58.99,68.87,8.89,32.29,11-05-23-10-19-13-151
48.42,60.63,8.51,43.51,11-05-23-10-19-13-186
61.79,55.18,-5.53,31.92,11-05-23-10-19-13-219
72.19,51.82,666.00,24.27,11-05-23-10-19-13-248
76.84,50.45,666.00,21.62,11-05-23-10-19-13-285
79.42,49.79,666.00,20.50,11-05-23-10-19-13-317
79.75,49.79,666.00,20.57,11-05-23-10-19-13-349
77.77,50.10,666.00,21.88,11-05-23-10-19-13-390
75.75,50.34,666.00,23.29,11-05-23-10-19-13-416
72.10,50.94,666.00,25.93,11-05-23-10-19-13-451
68.53,51.49,666.00,28.73,11-05-23-10-19-13-483
65.83,53.06,-13.32,30.49,11-05-23-10-19-13-518
64.54,54.42,-6.73,44.44,11-05-23-10-19-13-550
60.44,57.22,7.49,64.21,11-05-23-10-19-13-585
58.94,59.52,15.35,75.42,11-05-23-10-19-13-619
75.90,58.01,8.19,34.00,11-05-23-10-19-13-649
83.93,57.48,666.00,15.22,11-05-23-10-19-13-691
92.68,51.11,666.00,4.63,11-05-23-10-19-13-722
96.02,47.96,666.00,13.30,11-05-23-10-19-13-750
96.21,44.10,666.00,15.96,11-05-23-10-19-13-784
94.84,41.01,666.00,15.82,11-05-23-10-19-13-822
92.25,38.22,666.00,11.48,11-05-23-10-19-13-852
89.94,35.91,666.00,8.80,11-05-23-10-19-13-885
87.76,33.33,666.00,4.74,11-05-23-10-19-13-919
86.04,30.03,666.00,1.57,11-05-23-10-19-13-952
84.70,25.86,666.00,0.95,11-05-23-10-19-13-992
83.91,22.73,666.00,2.60,11-05-23-10-19-14-018
83.77,18.48,666.00,4.83,11-05-23-10-19-14-052
83.95,14.74,666.00,5.12,11-05-23-10-19-14-085
84.09,12.45,666.00,3.70,11-05-23-10-19-14-119
84.18,10.85,666.00,3.31,11-05-23-10-19-14-150
84.33,9.30,666.00,2.67,11-05-23-10-19-14-184
84.56,4.92,666.00,4.33,11-05-23-10-19-14-218
84.58,2.95,666.00,3.32,11-05-23-10-19-14-255
84.54,1.72,666.00,3.49,11-05-23-10-19-14-286
84.46,0.92,666.00,3.97,11-05-23-10-19-14-318
84.23,0.30,666.00,1.83,11-05-23-10-19-14-353
83.92,-0.17,666.00,1.56,11-05-23-10-19-14-384
83.60,-0.49,666.00,1.54,11-05-23-10-19-14-418
83.34,-0.66,666.00,1.68,11-05-23-10-19-14-459
83.11,-0.72,666.00,2.15,11-05-23-10-19-14-487
82.89,-0.66,666.00,3.08,11-05-23-10-19-14-519
82.71,-0.51,666.00,5.01,11-05-23-10-19-14-551
82.56,-0.31,666.00,6.79,11-05-23-10-19-14-589
82.38,0.04,666.00,10.18,11-05-23-10-19-14-615
82.21,0.52,666.00,11.91,11-05-23-10-19-14-651
82.06,1.19,666.00,13.31,11-05-23-10-19-14-687
81.98,2.89,666.00,13.48,11-05-23-10-19-14-719
82.01,5.14,666.00,14.06,11-05-23-10-19-14-761
82.19,8.16,666.00,13.01,11-05-23-10-19-14-786
82.54,17.19,666.00,0.70,11-05-23-10-19-14-818
82.84,21.65,666.00,5.70,11-05-23-10-19-14-851
83.00,23.58,666.00,8.59,11-05-23-10-19-14-890
83.25,26.69,666.00,10.27,11-05-23-10-19-14-917
83.61,29.60,666.00,10.82,11-05-23-10-19-14-953
84.61,34.87,666.00,8.76,11-05-23-10-19-14-986
85.08,37.42,666.00,9.34,11-05-23-10-19-15-017
85.63,39.65,666.00,10.76,11-05-23-10-19-15-063
86.18,41.81,666.00,14.06,11-05-23-10-19-15-086
86.01,49.27,666.00,8.06,11-05-23-10-19-15-117
85.96,52.95,666.00,9.01,11-05-23-10-19-15-151
86.51,55.63,666.00,7.42,11-05-23-10-19-15-182
87.15,57.63,666.00,7.70,11-05-23-10-19-15-218
88.99,59.83,666.00,8.36,11-05-23-10-19-15-250
89.75,60.50,666.00,8.68,11-05-23-10-19-15-286
90.27,60.74,666.00,16.35,11-05-23-10-19-15-321
90.83,60.82,666.00,19.28,11-05-23-10-19-15-359
91.22,60.87,666.00,20.89,11-05-23-10-19-15-385
91.55,61.02,666.00,21.46,11-05-23-10-19-15-417
64.03,58.21,-23.26,39.86,11-05-23-10-19-15-452
46.37,55.89,-2.92,60.35,11-05-23-10-19-15-483
41.34,54.54,0.96,66.10,11-05-23-10-19-15-517
40.48,52.14,1.80,68.29,11-05-23-10-19-15-556
48.12,46.65,-4.90,64.78,11-05-23-10-19-15-583
51.57,44.97,-7.54,62.81,11-05-23-10-19-15-617
53.98,44.30,-9.56,60.99,11-05-23-10-19-15-653
57.44,43.86,-13.60,58.18,11-05-23-10-19-15-684
60.26,43.58,-17.29,55.84,11-05-23-10-19-15-722
66.88,42.48,-29.60,51.93,11-05-23-10-19-15-754
70.47,41.92,-36.89,50.41,11-05-23-10-19-15-784
71.23,41.88,-38.54,50.00,11-05-23-10-19-15-825
71.57,42.00,-39.42,49.71,11-05-23-10-19-15-851
71.56,42.20,-39.57,49.52,11-05-23-10-19-15-885
70.90,42.59,-38.43,49.47,11-05-23-10-19-15-920
69.28,43.19,-35.36,49.64,11-05-23-10-19-15-954
66.25,43.93,-29.86,50.51,11-05-23-10-19-15-984
63.36,44.60,-24.54,51.41,11-05-23-10-19-16-018
61.18,45.21,-20.66,52.23,11-05-23-10-19-16-051
58.68,46.24,-16.62,53.02,11-05-23-10-19-16-084
51.51,50.55,-7.07,54.90,11-05-23-10-19-16-127
52.03,54.38,11.31,69.24,11-05-23-10-19-16-150
82.59,50.92,666.00,24.94,11-05-23-10-19-16-187
93.15,50.50,666.00,18.74,11-05-23-10-19-16-218
98.25,50.08,666.00,15.59,11-05-23-10-19-16-256
97.59,48.92,666.00,14.20,11-05-23-10-19-16-285
96.55,46.72,666.00,15.35,11-05-23-10-19-16-318
91.93,41.03,666.00,9.03,11-05-23-10-19-16-356
87.57,37.20,666.00,4.04,11-05-23-10-19-16-386
85.13,34.39,666.00,2.69,11-05-23-10-19-16-417
83.74,32.46,666.00,1.34,11-05-23-10-19-16-452
82.79,30.62,666.00,3.30,11-05-23-10-19-16-485
82.16,26.50,666.00,2.20,11-05-23-10-19-16-520
81.84,23.82,666.00,2.60,11-05-23-10-19-16-551
81.63,21.07,666.00,2.06,11-05-23-10-19-16-587
81.78,16.71,666.00,4.59,11-05-23-10-19-16-618
81.69,14.58,666.00,4.16,11-05-23-10-19-16-649
81.56,13.23,666.00,1.06,11-05-23-10-19-16-688
81.39,12.20,666.00,3.05,11-05-23-10-19-16-717
80.99,7.64,666.00,3.71,11-05-23-10-19-16-749
80.68,5.29,666.00,2.34,11-05-23-10-19-16-786
80.41,3.82,666.00,2.80,11-05-23-10-19-16-817
80.09,2.78,666.00,3.51,11-05-23-10-19-16-850
79.84,1.95,666.00,1.14,11-05-23-10-19-16-892
79.46,1.45,666.00,1.43,11-05-23-10-19-16-920
79.13,1.10,666.00,1.87,11-05-23-10-19-16-951
78.86,0.87,666.00,2.24,11-05-23-10-19-16-990
78.65,0.82,666.00,2.55,11-05-23-10-19-17-018
78.49,0.87,666.00,2.81,11-05-23-10-19-17-050
78.37,0.99,666.00,3.10,11-05-23-10-19-17-087
78.27,1.18,666.00,3.45,11-05-23-10-19-17-118
78.16,1.43,666.00,7.54,11-05-23-10-19-17-150
78.07,1.76,666.00,11.65,11-05-23-10-19-17-191
78.07,2.45,666.00,14.79,11-05-23-10-19-17-217
78.25,4.31,666.00,16.56,11-05-23-10-19-17-256
78.57,6.67,666.00,15.37,11-05-23-10-19-17-286
78.93,9.01,666.00,14.28,11-05-23-10-19-17-318
79.45,12.07,666.00,14.97,11-05-23-10-19-17-350
80.81,20.79,666.00,7.81,11-05-23-10-19-17-385
81.38,24.09,666.00,8.79,11-05-23-10-19-17-418
81.74,25.93,666.00,11.46,11-05-23-10-19-17-450
82.56,30.27,666.00,10.72,11-05-23-10-19-17-493
83.12,33.32,666.00,9.85,11-05-23-10-19-17-515
83.78,35.79,666.00,10.43,11-05-23-10-19-17-551
84.43,37.86,666.00,11.22,11-05-23-10-19-17-583
85.11,40.03,666.00,12.61,11-05-23-10-19-17-618
85.94,43.43,666.00,11.12,11-05-23-10-19-17-650
86.71,47.03,666.00,10.67,11-05-23-10-19-17-685
86.81,55.46,666.00,1.85,11-05-23-10-19-17-716
86.95,58.73,666.00,2.27,11-05-23-10-19-17-752
87.18,59.98,666.00,6.70,11-05-23-10-19-17-787
87.62,62.37,666.00,7.90,11-05-23-10-19-17-819
87.46,64.14,666.00,10.85,11-05-23-10-19-17-852
83.60,65.41,666.00,15.22,11-05-23-10-19-17-887
85.08,70.27,666.00,8.73,11-05-23-10-19-17-917
85.52,71.56,666.00,10.54,11-05-23-10-19-17-956
85.68,72.17,666.00,11.25,11-05-23-10-19-17-983
86.02,72.47,666.00,12.17,11-05-23-10-19-18-018
86.45,72.58,666.00,14.01,11-05-23-10-19-18-053
81.06,72.49,666.00,8.84,11-05-23-10-19-18-086
66.16,71.10,666.00,22.75,11-05-23-10-19-18-116
59.78,70.11,666.00,29.32,11-05-23-10-19-18-154
55.96,69.73,21.64,33.09,11-05-23-10-19-18-184
65.18,75.46,666.00,26.07,11-05-23-10-19-18-218
64.90,74.61,666.00,26.20,11-05-23-10-19-18-261
51.50,68.40,24.47,37.41,11-05-23-10-19-18-283
65.46,73.21,666.00,25.65,11-05-23-10-19-18-320
50.65,68.67,24.90,38.65,11-05-23-10-19-18-350
66.18,72.59,666.00,24.97,11-05-23-10-19-18-384
66.38,72.26,666.00,24.66,11-05-23-10-19-18-419
66.86,72.10,666.00,24.15,11-05-23-10-19-18-449
67.35,71.91,666.00,23.62,11-05-23-10-19-18-486
51.04,68.46,25.01,37.91,11-05-23-10-19-18-518
51.22,68.46,25.26,37.08,11-05-23-10-19-18-559
51.48,68.35,25.46,36.09,11-05-23-10-19-18-584
51.87,68.07,25.32,35.40,11-05-23-10-19-18-618
54.29,66.13,23.10,32.76,11-05-23-10-19-18-650
56.35,64.78,21.12,30.79,11-05-23-10-19-18-686
63.09,64.31,-2.97,35.40,11-05-23-10-19-18-718
63.93,64.44,-5.59,45.37,11-05-23-10-19-18-750
79.19,59.23,-29.59,51.51,11-05-23-10-19-18-784
87.42,54.49,666.00,22.78,11-05-23-10-19-18-816
89.50,51.23,666.00,19.15,11-05-23-10-19-18-850
90.45,47.10,666.00,22.10,11-05-23-10-19-18-891
91.18,45.33,666.00,18.21,11-05-23-10-19-18-920
90.56,43.91,666.00,17.17,11-05-23-10-19-18-951
89.20,42.30,666.00,14.64,11-05-23-10-19-18-986
87.31,40.34,666.00,10.40,11-05-23-10-19-19-019
84.81,38.37,666.00,6.37,11-05-23-10-19-19-051
83.83,37.46,666.00,5.40,11-05-23-10-19-19-084
82.35,30.49,666.00,13.08,11-05-23-10-19-19-116
81.88,28.80,666.00,11.07,11-05-23-10-19-19-153
81.71,27.09,666.00,7.77,11-05-23-10-19-19-186
81.73,24.64,666.00,6.37,11-05-23-10-19-19-216
81.81,22.91,666.00,5.32,11-05-23-10-19-19-251
82.02,20.85,666.00,4.81,11-05-23-10-19-19-286
82.31,18.58,666.00,4.02,11-05-23-10-19-19-321
82.47,16.79,666.00,3.28,11-05-23-10-19-19-350
82.50,15.14,666.00,2.90,11-05-23-10-19-19-383
82.52,13.77,666.00,3.05,11-05-23-10-19-19-419
82.01,9.18,666.00,5.40,11-05-23-10-19-19-450
81.79,7.46,666.00,6.39,11-05-23-10-19-19-485
81.53,6.34,666.00,6.11,11-05-23-10-19-19-517
81.23,5.53,666.00,5.66,11-05-23-10-19-19-549
80.86,4.93,666.00,3.26,11-05-23-10-19-19-584
80.43,4.59,666.00,2.33,11-05-23-10-19-19-626
80.05,4.30,666.00,2.03,11-05-23-10-19-19-652
79.72,4.05,666.00,1.74,11-05-23-10-19-19-684
79.45,3.90,666.00,1.83,11-05-23-10-19-19-718
79.30,3.81,666.00,3.94,11-05-23-10-19-19-749
79.18,3.77,666.00,5.39,11-05-23-10-19-19-784
79.09,3.78,666.00,6.07,11-05-23-10-19-19-819
79.02,3.84,666.00,7.39,11-05-23-10-19-19-850
78.93,4.41,666.00,8.01,11-05-23-10-19-19-883
78.92,5.32,666.00,9.45,11-05-23-10-19-19-925
78.88,6.97,666.00,10.68,11-05-23-10-19-19-950
78.85,8.99,666.00,15.47,11-05-23-10-19-19-984
79.40,17.54,666.00,8.70,11-05-23-10-19-20-015
79.72,21.12,666.00,7.26,11-05-23-10-19-20-051
80.06,22.84,666.00,10.56,11-05-23-10-19-20-084
80.39,24.15,666.00,12.88,11-05-23-10-19-20-120
81.02,30.15,666.00,8.18,11-05-23-10-19-20-152
81.51,33.18,666.00,10.57,11-05-23-10-19-20-187
82.18,38.39,666.00,5.51,11-05-23-10-19-20-227
82.55,40.82,666.00,7.62,11-05-23-10-19-20-272
82.95,43.02,666.00,11.82,11-05-23-10-19-20-288
83.64,49.13,666.00,6.67,11-05-23-10-19-20-319
84.22,51.47,666.00,10.03,11-05-23-10-19-20-352
86.35,57.15,666.00,4.92,11-05-23-10-19-20-384
87.52,59.93,666.00,6.49,11-05-23-10-19-20-419
88.35,61.76,666.00,5.71,11-05-23-10-19-20-449
89.02,62.65,666.00,7.17,11-05-23-10-19-20-485
89.59,63.16,666.00,15.80,11-05-23-10-19-20-522
90.05,63.21,666.00,18.71,11-05-23-10-19-20-551
90.43,63.02,666.00,20.44,11-05-23-10-19-20-587
79.14,62.93,666.00,22.82,11-05-23-10-19-20-618
59.37,61.15,-25.48,33.46,11-05-23-10-19-20-649
52.74,59.84,-16.56,38.37,11-05-23-10-19-20-693
47.30,59.25,-9.73,42.11,11-05-23-10-19-20-721
43.47,59.17,-4.91,44.72,11-05-23-10-19-20-749
59.16,65.13,666.00,27.80,11-05-23-10-19-20-787
41.30,57.74,-0.30,45.49,11-05-23-10-19-20-819
60.34,64.02,666.00,25.20,11-05-23-10-19-20-849
42.29,56.84,3.18,43.15,11-05-23-10-19-20-885
43.32,56.48,4.18,41.77,11-05-23-10-19-20-921
74.32,69.60,666.00,8.73,11-05-23-10-19-20-951
51.71,61.83,6.24,31.83,11-05-23-10-19-20-993
51.74,60.93,6.56,31.91,11-05-23-10-19-21-018
50.58,59.21,6.46,33.46,11-05-23-10-19-21-050
49.88,57.77,6.19,34.48,11-05-23-10-19-21-082
72.85,63.65,666.00,11.03,11-05-23-10-19-21-118
48.67,54.93,5.02,36.38,11-05-23-10-19-21-152
48.24,53.94,4.62,37.08,11-05-23-10-19-21-185
47.89,53.33,4.22,37.63,11-05-23-10-19-21-219
47.75,52.98,3.71,37.94,11-05-23-10-19-21-250
50.05,52.02,0.24,36.25,11-05-23-10-19-21-285
58.88,50.91,-13.41,30.45,11-05-23-10-19-21-317
59.64,49.68,-16.12,31.10,11-05-23-10-19-21-351
59.92,48.80,-17.43,32.16,11-05-23-10-19-21-386
59.67,48.36,-17.53,33.28,11-05-23-10-19-21-417
78.23,46.95,666.00,23.76,11-05-23-10-19-21-457
88.41,45.78,666.00,18.17,11-05-23-10-19-21-484
94.20,41.36,666.00,23.98,11-05-23-10-19-21-517
96.72,40.64,666.00,18.96,11-05-23-10-19-21-554
97.56,39.78,666.00,15.69,11-05-23-10-19-21-585
96.58,37.98,666.00,14.34,11-05-23-10-19-21-618
91.38,33.99,666.00,9.60,11-05-23-10-19-21-656
88.97,32.22,666.00,7.27,11-05-23-10-19-21-686
87.14,30.85,666.00,4.51,11-05-23-10-19-21-721
85.87,29.80,666.00,3.13,11-05-23-10-19-21-761
84.89,28.35,666.00,1.21,11-05-23-10-19-21-784
84.58,23.72,666.00,5.73,11-05-23-10-19-21-818
84.35,20.36,666.00,6.86,11-05-23-10-19-21-855
84.04,17.66,666.00,5.61,11-05-23-10-19-21-884
83.72,11.51,666.00,11.21,11-05-23-10-19-21-920
83.46,9.66,666.00,10.00,11-05-23-10-19-21-951
83.24,8.55,666.00,9.63,11-05-23-10-19-21-984
82.99,7.85,666.00,7.12,11-05-23-10-19-22-018
82.93,6.37,666.00,2.65,11-05-23-10-19-22-059
82.86,5.27,666.00,3.24,11-05-23-10-19-22-086
82.77,4.44,666.00,4.74,11-05-23-10-19-22-117
82.66,3.51,666.00,5.15,11-05-23-10-19-22-150
82.65,2.19,666.00,4.25,11-05-23-10-19-22-185
82.62,0.58,666.00,2.31,11-05-23-10-19-22-215
82.59,-0.84,666.00,0.12,11-05-23-10-19-22-251
82.56,-1.99,666.00,1.64,11-05-23-10-19-22-284
82.56,-2.77,666.00,2.69,11-05-23-10-19-22-316
82.65,-3.51,666.00,3.90,11-05-23-10-19-22-361
82.74,-4.07,666.00,4.86,11-05-23-10-19-22-385
82.80,-4.32,666.00,5.40,11-05-23-10-19-22-416
82.82,-4.40,666.00,5.69,11-05-23-10-19-22-449
82.80,-4.32,666.00,6.06,11-05-23-10-19-22-482
82.77,-4.17,666.00,7.99,11-05-23-10-19-22-517
82.71,-3.82,666.00,9.50,11-05-23-10-19-22-551
82.58,-2.93,666.00,11.70,11-05-23-10-19-22-586
82.32,-1.16,666.00,18.25,11-05-23-10-19-22-619
82.07,1.58,666.00,21.58,11-05-23-10-19-22-650
82.05,6.16,666.00,17.59,11-05-23-10-19-22-684
82.04,9.76,666.00,14.07,11-05-23-10-19-22-719
81.97,14.22,666.00,16.04,11-05-23-10-19-22-747
82.03,17.39,666.00,17.93,11-05-23-10-19-22-786
82.48,24.53,666.00,9.78,11-05-23-10-19-22-821
82.73,27.78,666.00,9.13,11-05-23-10-19-22-851
82.87,32.42,666.00,8.29,11-05-23-10-19-22-885
82.92,35.00,666.00,8.64,11-05-23-10-19-22-915
82.72,38.04,666.00,10.18,11-05-23-10-19-22-950
82.64,41.04,666.00,9.22,11-05-23-10-19-22-986
82.97,48.42,666.00,4.30,11-05-23-10-19-23-019
83.41,52.90,666.00,4.11,11-05-23-10-19-23-050
83.98,55.36,666.00,6.10,11-05-23-10-19-23-084
84.56,57.98,666.00,6.43,11-05-23-10-19-23-121
85.37,58.91,666.00,11.76,11-05-23-10-19-23-150
85.82,59.33,666.00,18.25,11-05-23-10-19-23-184
87.11,59.19,666.00,26.14,11-05-23-10-19-23-217
88.42,58.87,666.00,29.52,11-05-23-10-19-23-253
90.59,58.65,-105.22,31.96,11-05-23-10-19-23-285
78.28,57.96,-68.30,33.44,11-05-23-10-19-23-319
82.56,73.70,666.00,8.44,11-05-23-10-19-23-359
85.23,80.58,666.00,18.71,11-05-23-10-19-23-384
85.35,84.32,666.00,27.77,11-05-23-10-19-23-428
95.99,90.22,145.23,43.73,11-05-23-10-19-23-451
85.34,87.82,140.51,36.21,11-05-23-10-19-23-484
83.37,89.33,138.70,37.25,11-05-23-10-19-23-519
83.04,89.73,138.74,38.19,11-05-23-10-19-23-552
83.05,89.73,139.13,38.65,11-05-23-10-19-23-583
83.12,89.28,139.54,38.76,11-05-23-10-19-23-620
101.93,90.42,148.95,54.98,11-05-23-10-19-23-649
83.24,88.47,140.19,38.69,11-05-23-10-19-23-687
83.49,87.98,140.64,38.73,11-05-23-10-19-23-726
93.23,86.21,144.00,43.17,11-05-23-10-19-23-749
65.19,58.74,666.00,22.47,11-05-23-10-19-23-788
39.86,42.41,1.44,55.01,11-05-23-10-19-23-816
33.82,32.90,6.18,65.79,11-05-23-10-19-23-850
30.44,28.02,8.79,70.89,11-05-23-10-19-23-885
30.51,28.48,9.16,67.97,11-05-23-10-19-23-919
31.75,31.86,8.74,63.22,11-05-23-10-19-23-948
34.51,34.88,7.00,59.05,11-05-23-10-19-23-984
36.81,37.87,5.31,55.58,11-05-23-10-19-24-018
46.74,46.98,-3.29,49.84,11-05-23-10-19-24-050
74.21,51.57,666.00,24.83,11-05-23-10-19-24-085
89.83,53.29,666.00,21.37,11-05-23-10-19-24-117
99.54,47.77,-127.52,30.71,11-05-23-10-19-24-152
98.41,48.87,666.00,25.99,11-05-23-10-19-24-189
99.10,43.22,666.00,24.94,11-05-23-10-19-24-220
98.29,41.31,666.00,20.89,11-05-23-10-19-24-252
96.67,40.06,666.00,15.65,11-05-23-10-19-24-284
95.05,38.30,666.00,10.68,11-05-23-10-19-24-323
93.04,36.68,666.00,6.66,11-05-23-10-19-24-350
91.65,34.59,666.00,5.83,11-05-23-10-19-24-383
90.38,32.48,666.00,4.72,11-05-23-10-19-24-418
89.39,30.72,666.00,2.58,11-05-23-10-19-24-451
88.61,28.03,666.00,2.35,11-05-23-10-19-24-492
88.32,24.30,666.00,4.11,11-05-23-10-19-24-517
88.33,21.08,666.00,6.64,11-05-23-10-19-24-551
88.11,18.51,666.00,4.06,11-05-23-10-19-24-586
87.76,16.62,666.00,2.03,11-05-23-10-19-24-615
87.68,14.72,666.00,1.60,11-05-23-10-19-24-649
87.65,13.22,666.00,1.44,11-05-23-10-19-24-686
87.55,10.79,666.00,0.77,11-05-23-10-19-24-718
87.49,7.78,666.00,3.57,11-05-23-10-19-24-749
87.49,5.44,666.00,5.99,11-05-23-10-19-24-797
87.44,3.23,666.00,6.70,11-05-23-10-19-24-818
87.40,1.32,666.00,7.09,11-05-23-10-19-24-851
87.35,-0.11,666.00,4.60,11-05-23-10-19-24-885
87.30,-1.10,666.00,2.64,11-05-23-10-19-24-919
87.25,-1.71,666.00,1.94,11-05-23-10-19-24-947
87.17,-2.10,666.00,2.29,11-05-23-10-19-24-986
87.03,-2.24,666.00,2.87,11-05-23-10-19-25-017
86.90,-2.30,666.00,3.04,11-05-23-10-19-25-051
86.73,-2.22,666.00,3.37,11-05-23-10-19-25-083
86.52,-2.08,666.00,4.38,11-05-23-10-19-25-119
86.27,-1.88,666.00,5.75,11-05-23-10-19-25-154
85.94,-1.45,666.00,11.39,11-05-23-10-19-25-185
85.49,-0.72,666.00,15.32,11-05-23-10-19-25-220
84.89,1.08,666.00,18.86,11-05-23-10-19-25-253
84.48,4.23,666.00,17.71,11-05-23-10-19-25-285
84.38,7.09,666.00,15.38,11-05-23-10-19-25-319
84.45,9.77,666.00,18.02,11-05-23-10-19-25-353
84.66,12.68,666.00,19.64,11-05-23-10-19-25-382
85.06,15.87,666.00,19.30,11-05-23-10-19-25-418
86.10,20.45,666.00,17.90,11-05-23-10-19-25-450
87.02,24.65,666.00,15.72,11-05-23-10-19-25-486
87.71,28.08,666.00,14.38,11-05-23-10-19-25-519
88.21,35.27,666.00,9.86,11-05-23-10-19-25-560
88.44,39.65,666.00,10.02,11-05-23-10-19-25-584
88.41,43.22,666.00,8.00,11-05-23-10-19-25-616
88.44,46.01,666.00,10.64,11-05-23-10-19-25-650
88.57,49.53,666.00,10.35,11-05-23-10-19-25-685
88.36,52.12,666.00,7.69,11-05-23-10-19-25-715
87.72,54.92,666.00,11.73,11-05-23-10-19-25-756
88.39,58.91,666.00,11.26,11-05-23-10-19-25-784
89.12,62.50,666.00,9.63,11-05-23-10-19-25-818
89.45,63.96,666.00,9.03,11-05-23-10-19-25-853
89.73,64.88,666.00,11.15,11-05-23-10-19-25-884
89.28,70.62,666.00,2.46,11-05-23-10-19-25-918
89.02,72.69,666.00,0.87,11-05-23-10-19-25-957
88.91,73.46,666.00,1.36,11-05-23-10-19-25-985
88.76,73.74,666.00,1.92,11-05-23-10-19-26-022
88.11,73.55,666.00,2.35,11-05-23-10-19-26-055
71.07,72.48,666.00,18.37,11-05-23-10-19-26-084
63.16,70.87,666.00,26.00,11-05-23-10-19-26-116
64.43,68.84,-33.36,52.05,11-05-23-10-19-26-149
68.22,66.75,-42.23,55.14,11-05-23-10-19-26-184
68.71,64.70,-43.69,59.88,11-05-23-10-19-26-219
68.97,62.93,-44.32,62.70,11-05-23-10-19-26-248
69.67,61.41,-43.53,63.99,11-05-23-10-19-26-286
70.45,60.35,-43.88,64.79,11-05-23-10-19-26-326
71.10,59.58,-43.33,64.34,11-05-23-10-19-26-352
71.52,59.05,-43.54,64.12,11-05-23-10-19-26-386
71.78,58.71,-43.68,63.74,11-05-23-10-19-26-418
71.24,58.54,-43.05,63.58,11-05-23-10-19-26-450
70.05,58.42,-42.12,63.21,11-05-23-10-19-26-485
68.85,58.53,-41.03,63.45,11-05-23-10-19-26-518
67.97,58.71,-40.29,63.62,11-05-23-10-19-26-550
67.25,59.01,-39.78,63.74,11-05-23-10-19-26-585
66.70,59.42,-39.47,63.79,11-05-23-10-19-26-624
65.67,60.09,-38.75,64.05,11-05-23-10-19-26-648
64.91,60.77,-38.30,64.19,11-05-23-10-19-26-683
61.08,62.67,-35.32,65.62,11-05-23-10-19-26-716
85.43,54.02,666.00,24.13,11-05-23-10-19-26-753
95.94,48.67,666.00,22.92,11-05-23-10-19-26-783
101.96,45.55,666.00,21.74,11-05-23-10-19-26-818
101.45,45.17,666.00,19.34,11-05-23-10-19-26-850
100.46,42.07,666.00,19.05,11-05-23-10-19-26-884
97.61,39.21,666.00,14.36,11-05-23-10-19-26-926
94.11,37.72,666.00,10.13,11-05-23-10-19-26-949
90.94,36.65,666.00,6.46,11-05-23-10-19-26-985
88.79,35.54,666.00,3.73,11-05-23-10-19-27-016
87.05,30.72,666.00,5.21,11-05-23-10-19-27-053
86.04,28.55,666.00,3.28,11-05-23-10-19-27-085
85.05,27.19,666.00,1.46,11-05-23-10-19-27-117
84.15,23.34,666.00,3.98,11-05-23-10-19-27-150
83.62,17.48,666.00,5.87,11-05-23-10-19-27-184
83.27,14.46,666.00,6.45,11-05-23-10-19-27-217
83.26,11.71,666.00,6.00,11-05-23-10-19-27-248
83.20,9.72,666.00,6.85,11-05-23-10-19-27-285
83.15,7.97,666.00,6.43,11-05-23-10-19-27-319
83.26,5.25,666.00,5.71,11-05-23-10-19-27-354
83.28,3.42,666.00,2.97,11-05-23-10-19-27-386
83.30,1.44,666.00,2.62,11-05-23-10-19-27-419
83.33,-0.08,666.00,2.66,11-05-23-10-19-27-451
83.26,-1.12,666.00,2.32,11-05-23-10-19-27-484
83.09,-2.06,666.00,1.62,11-05-23-10-19-27-516
82.85,-2.64,666.00,1.47,11-05-23-10-19-27-551
82.54,-2.69,666.00,2.58,11-05-23-10-19-27-586
82.24,-2.47,666.00,4.00,11-05-23-10-19-27-618
82.01,-2.10,666.00,5.00,11-05-23-10-19-27-651
81.93,-1.80,666.00,5.85,11-05-23-10-19-27-691
81.89,-1.41,666.00,7.05,11-05-23-10-19-27-725
81.85,-0.96,666.00,8.73,11-05-23-10-19-27-750
81.78,-0.42,666.00,9.92,11-05-23-10-19-27-783
81.79,0.36,666.00,11.52,11-05-23-10-19-27-817
81.77,1.45,666.00,12.85,11-05-23-10-19-27-850
81.70,3.23,666.00,18.57,11-05-23-10-19-27-885
81.74,5.95,666.00,18.25,11-05-23-10-19-27-919
81.87,8.93,666.00,15.94,11-05-23-10-19-27-949
82.06,11.70,666.00,16.16,11-05-23-10-19-27-992
82.20,14.54,666.00,18.27,11-05-23-10-19-28-018
81.92,21.43,666.00,9.81,11-05-23-10-19-28-051
81.99,24.59,666.00,9.09,11-05-23-10-19-28-083
82.03,26.19,666.00,14.00,11-05-23-10-19-28-117
82.04,28.57,666.00,15.48,11-05-23-10-19-28-149
81.73,31.78,666.00,14.96,11-05-23-10-19-28-186
81.34,36.88,666.00,13.36,11-05-23-10-19-28-219
81.27,38.73,666.00,15.66,11-05-23-10-19-28-251
80.25,43.15,666.00,15.29,11-05-23-10-19-28-296
79.96,49.97,666.00,10.21,11-05-23-10-19-28-318
79.95,52.56,666.00,11.63,11-05-23-10-19-28-348
80.08,55.00,666.00,11.72,11-05-23-10-19-28-386
81.06,59.24,666.00,8.68,11-05-23-10-19-28-424
81.64,62.73,666.00,7.17,11-05-23-10-19-28-450
82.78,66.17,666.00,7.48,11-05-23-10-19-28-488
83.61,67.25,666.00,8.91,11-05-23-10-19-28-519
84.22,67.69,666.00,9.37,11-05-23-10-19-28-552
84.85,67.71,666.00,16.66,11-05-23-10-19-28-587
85.46,67.45,666.00,19.55,11-05-23-10-19-28-617
85.98,67.24,666.00,21.25,11-05-23-10-19-28-650
86.96,66.68,666.00,22.60,11-05-23-10-19-28-689
88.28,66.20,666.00,23.49,11-05-23-10-19-28-720
89.36,65.90,666.00,23.91,11-05-23-10-19-28-756
71.11,68.86,-24.22,31.25,11-05-23-10-19-28-786
79.87,80.92,666.00,5.36,11-05-23-10-19-28-817
84.40,85.94,666.00,20.90,11-05-23-10-19-28-851
86.73,88.16,666.00,29.81,11-05-23-10-19-28-910
88.14,89.37,141.30,35.12,11-05-23-10-19-28-927
89.10,89.99,142.95,38.48,11-05-23-10-19-28-951
89.82,90.22,144.45,40.52,11-05-23-10-19-28-996
90.38,90.11,145.91,41.55,11-05-23-10-19-29-028
90.79,89.71,147.45,41.75,11-05-23-10-19-29-062
91.04,89.09,149.02,41.29,11-05-23-10-19-29-083
91.12,87.97,151.32,40.00,11-05-23-10-19-29-119
91.08,86.34,154.32,38.13,11-05-23-10-19-29-151
90.95,84.20,157.98,35.87,11-05-23-10-19-29-183
90.70,81.65,162.57,33.51,11-05-23-10-19-29-220
68.73,73.13,666.00,14.66,11-05-23-10-19-29-248
74.05,69.55,666.00,6.09,11-05-23-10-19-29-284
26.07,50.04,8.21,63.33,11-05-23-10-19-29-318
78.87,48.16,-61.59,30.38,11-05-23-10-19-29-350
80.26,43.67,666.00,29.34,11-05-23-10-19-29-384
85.91,40.07,-75.37,31.41,11-05-23-10-19-29-419
89.31,40.28,666.00,28.58,11-05-23-10-19-29-452
90.92,39.91,666.00,25.68,11-05-23-10-19-29-490
91.24,39.95,666.00,18.08,11-05-23-10-19-29-521
89.56,38.74,666.00,13.64,11-05-23-10-19-29-551
87.92,37.82,666.00,8.50,11-05-23-10-19-29-586
86.51,36.76,666.00,3.76,11-05-23-10-19-29-618
85.09,31.87,666.00,8.17,11-05-23-10-19-29-653
84.26,29.03,666.00,7.58,11-05-23-10-19-29-684
83.73,26.55,666.00,9.10,11-05-23-10-19-29-723
83.35,24.53,666.00,8.77,11-05-23-10-19-29-753
83.16,22.39,666.00,4.71,11-05-23-10-19-29-785
83.23,19.25,666.00,5.28,11-05-23-10-19-29-824
83.44,16.81,666.00,5.57,11-05-23-10-19-29-850
83.40,15.16,666.00,6.26,11-05-23-10-19-29-886
83.06,14.29,666.00,5.16,11-05-23-10-19-29-920
82.61,13.62,666.00,2.85,11-05-23-10-19-29-951
82.20,12.38,666.00,3.04,11-05-23-10-19-29-983
81.64,8.67,666.00,1.82,11-05-23-10-19-30-017
81.23,4.67,666.00,5.90,11-05-23-10-19-30-050
80.88,2.76,666.00,7.43,11-05-23-10-19-30-085
80.62,1.15,666.00,8.35,11-05-23-10-19-30-128
80.51,0.17,666.00,7.49,11-05-23-10-19-30-150
80.53,-0.50,666.00,6.90,11-05-23-10-19-30-186
80.61,-0.96,666.00,6.39,11-05-23-10-19-30-222
80.90,-1.81,666.00,5.63,11-05-23-10-19-30-249
80.98,-2.30,666.00,5.18,11-05-23-10-19-30-285
81.00,-2.50,666.00,4.93,11-05-23-10-19-30-317
80.93,-2.57,666.00,4.82,11-05-23-10-19-30-350
80.83,-2.56,666.00,4.70,11-05-23-10-19-30-391
80.71,-2.47,666.00,4.95,11-05-23-10-19-30-428
80.57,-2.20,666.00,6.36,11-05-23-10-19-30-451
80.22,-1.24,666.00,8.30,11-05-23-10-19-30-484
79.91,-0.01,666.00,9.93,11-05-23-10-19-30-516
79.61,2.30,666.00,10.41,11-05-23-10-19-30-552
79.51,4.69,666.00,10.01,11-05-23-10-19-30-584
79.61,6.83,666.00,10.57,11-05-23-10-19-30-617
80.00,9.41,666.00,11.70,11-05-23-10-19-30-651
80.68,11.54,666.00,11.59,11-05-23-10-19-30-682
81.37,13.41,666.00,16.89,11-05-23-10-19-30-731
82.18,15.88,666.00,18.37,11-05-23-10-19-30-751
82.74,18.83,666.00,16.24,11-05-23-10-19-30-782
83.50,22.46,666.00,11.84,11-05-23-10-19-30-816
84.38,26.48,666.00,12.61,11-05-23-10-19-30-851
85.29,30.18,666.00,12.97,11-05-23-10-19-30-884
85.90,33.81,666.00,14.24,11-05-23-10-19-30-918
86.26,42.59,666.00,6.00,11-05-23-10-19-30-952
86.43,45.90,666.00,8.44,11-05-23-10-19-30-986
86.85,50.72,666.00,6.67,11-05-23-10-19-31-016
86.75,54.32,666.00,2.34,11-05-23-10-19-31-051
86.36,56.63,666.00,7.19,11-05-23-10-19-31-087
86.52,59.10,666.00,10.91,11-05-23-10-19-31-117
86.66,60.22,666.00,11.19,11-05-23-10-19-31-150
86.78,64.04,666.00,5.84,11-05-23-10-19-31-188
86.91,65.24,666.00,8.89,11-05-23-10-19-31-219
87.09,65.89,666.00,9.79,11-05-23-10-19-31-249
86.99,66.40,666.00,9.75,11-05-23-10-19-31-288
87.41,66.71,666.00,9.58,11-05-23-10-19-31-319
87.69,66.75,666.00,9.36,11-05-23-10-19-31-348
88.76,77.22,666.00,8.39,11-05-23-10-19-31-386
58.11,73.54,11.66,31.99,11-05-23-10-19-31-419
40.61,69.11,13.15,54.74,11-05-23-10-19-31-449
47.51,78.37,17.40,49.82,11-05-23-10-19-31-489
43.90,78.11,17.94,54.31,11-05-23-10-19-31-516
29.24,64.33,16.53,66.68,11-05-23-10-19-31-550
44.81,76.40,18.82,49.26,11-05-23-10-19-31-585
30.52,62.34,16.85,61.82,11-05-23-10-19-31-618
49.11,75.52,20.26,42.61,11-05-23-10-19-31-651
32.66,61.54,17.16,58.29,11-05-23-10-19-31-684
33.43,62.77,17.79,57.21,11-05-23-10-19-31-724
54.41,75.93,23.33,37.00,11-05-23-10-19-31-756
34.11,64.99,19.17,56.38,11-05-23-10-19-31-792
56.59,75.28,24.00,34.95,11-05-23-10-19-31-822
34.27,66.76,20.41,56.41,11-05-23-10-19-31-850
34.22,67.56,20.95,56.62,11-05-23-10-19-31-886
34.70,66.95,20.78,56.17,11-05-23-10-19-31-922
69.97,74.84,666.00,12.50,11-05-23-10-19-31-948
87.73,75.14,666.00,23.86,11-05-23-10-19-31-985
55.53,68.33,11.04,47.70,11-05-23-10-19-32-018
50.99,66.26,17.78,69.85,11-05-23-10-19-32-053
79.12,51.54,-35.20,32.85,11-05-23-10-19-32-084
84.96,45.57,666.00,29.84,11-05-23-10-19-32-118
92.77,42.84,666.00,24.44,11-05-23-10-19-32-152
95.66,41.26,666.00,19.81,11-05-23-10-19-32-183
97.27,39.84,666.00,17.14,11-05-23-10-19-32-216
96.04,39.42,666.00,14.24,11-05-23-10-19-32-253
94.38,33.76,666.00,15.41,11-05-23-10-19-32-285
93.44,32.64,666.00,11.28,11-05-23-10-19-32-318
92.65,31.95,666.00,7.84,11-05-23-10-19-32-353
91.62,30.52,666.00,5.23,11-05-23-10-19-32-387
90.79,28.82,666.00,2.44,11-05-23-10-19-32-418
90.19,26.55,666.00,1.18,11-05-23-10-19-32-452
89.84,19.01,666.00,8.57,11-05-23-10-19-32-491
89.58,14.99,666.00,10.95,11-05-23-10-19-32-519
89.51,11.85,666.00,11.22,11-05-23-10-19-32-557
89.37,9.89,666.00,11.75,11-05-23-10-19-32-591
89.06,8.35,666.00,8.80,11-05-23-10-19-32-618
88.84,7.25,666.00,6.53,11-05-23-10-19-32-653
88.69,6.52,666.00,1.87,11-05-23-10-19-32-684
88.66,5.57,666.00,3.10,11-05-23-10-19-32-718
88.60,4.32,666.00,2.91,11-05-23-10-19-32-752
88.46,3.47,666.00,1.83,11-05-23-10-19-32-784
88.23,2.70,666.00,1.85,11-05-23-10-19-32-820
88.04,2.32,666.00,2.44,11-05-23-10-19-32-850
87.76,2.36,666.00,2.88,11-05-23-10-19-32-886
87.55,2.54,666.00,4.16,11-05-23-10-19-32-917
87.39,2.77,666.00,3.52,11-05-23-10-19-32-951
87.23,3.05,666.00,4.02,11-05-23-10-19-32-985
87.09,3.36,666.00,4.80,11-05-23-10-19-33-020
86.89,3.66,666.00,5.72,11-05-23-10-19-33-049
86.53,3.98,666.00,7.41,11-05-23-10-19-33-084
86.05,4.39,666.00,8.03,11-05-23-10-19-33-117
85.23,5.02,666.00,10.15,11-05-23-10-19-33-152
83.87,5.74,666.00,10.00,11-05-23-10-19-33-183
82.03,6.65,666.00,9.19,11-05-23-10-19-33-221
79.99,7.67,666.00,8.96,11-05-23-10-19-33-250
78.13,8.60,666.00,10.47,11-05-23-10-19-33-285
75.30,9.67,666.00,9.74,11-05-23-10-19-33-325
73.53,10.33,666.00,10.19,11-05-23-10-19-33-353
70.81,11.11,666.00,9.79,11-05-23-10-19-33-390
67.42,12.05,666.00,9.38,11-05-23-10-19-33-419
65.01,12.52,666.00,10.13,11-05-23-10-19-33-452
62.25,12.70,666.00,10.35,11-05-23-10-19-33-483
54.95,12.58,666.00,9.66,11-05-23-10-19-33-517
50.76,11.84,666.00,9.78,11-05-23-10-19-33-552
48.36,11.01,666.00,10.05,11-05-23-10-19-33-584
46.24,9.66,666.00,11.17,11-05-23-10-19-33-625
43.18,8.01,666.00,12.78,11-05-23-10-19-33-652
40.54,6.51,666.00,14.53,11-05-23-10-19-33-686
37.73,5.24,666.00,15.45,11-05-23-10-19-33-717
34.63,4.14,666.00,17.20,11-05-23-10-19-33-751
30.36,3.25,666.00,16.87,11-05-23-10-19-33-785
27.26,2.46,666.00,17.27,11-05-23-10-19-33-818
24.48,0.95,666.00,19.91,11-05-23-10-19-33-848
20.78,-0.80,666.00,19.84,11-05-23-10-19-33-885
17.77,-3.43,666.00,20.32,11-05-23-10-19-33-926
15.53,-5.54,666.00,22.40,11-05-23-10-19-33-952
13.92,-6.74,666.00,23.37,11-05-23-10-19-33-983
12.34,-6.51,666.00,27.39,11-05-23-10-19-34-017
11.16,-5.40,666.00,28.22,11-05-23-10-19-34-051
10.38,-4.05,666.00,28.38,11-05-23-10-19-34-086
9.85,-2.86,666.00,28.25,11-05-23-10-19-34-118
9.53,-1.17,666.00,27.76,11-05-23-10-19-34-151
9.62,1.45,666.00,26.90,11-05-23-10-19-34-186
10.15,4.23,666.00,25.81,11-05-23-10-19-34-229
11.28,6.73,666.00,25.05,11-05-23-10-19-34-250
13.10,8.45,666.00,24.58,11-05-23-10-19-34-288
15.17,9.38,666.00,24.42,11-05-23-10-19-34-320
16.65,9.53,666.00,24.40,11-05-23-10-19-34-351
17.60,9.53,666.00,24.40,11-05-23-10-19-34-384
18.25,9.40,666.00,24.43,11-05-23-10-19-34-418
18.71,9.25,666.00,24.44,11-05-23-10-19-34-453
19.09,8.16,666.00,24.75,11-05-23-10-19-34-485
19.34,7.44,666.00,24.88,11-05-23-10-19-34-519
19.51,7.07,666.00,24.68,11-05-23-10-19-34-551
19.59,6.69,666.00,24.28,11-05-23-10-19-34-585
19.61,6.33,666.00,23.66,11-05-23-10-19-34-618
19.50,5.91,666.00,23.20,11-05-23-10-19-34-652
19.26,5.44,666.00,22.91,11-05-23-10-19-34-690
18.99,5.00,666.00,22.71,11-05-23-10-19-34-720
18.67,4.71,666.00,22.50,11-05-23-10-19-34-750
18.34,4.48,666.00,22.37,11-05-23-10-19-34-784
18.06,4.28,666.00,22.31,11-05-23-10-19-34-818
17.85,4.12,666.00,22.32,11-05-23-10-19-34-852
17.68,4.05,666.00,22.46,11-05-23-10-19-34-884
17.56,4.17,666.00,22.65,11-05-23-10-19-34-921
17.49,4.54,666.00,22.92,11-05-23-10-19-34-957
17.47,5.08,666.00,23.21,11-05-23-10-19-34-995
17.54,6.36,666.00,23.47,11-05-23-10-19-35-018
17.66,7.56,666.00,23.97,11-05-23-10-19-35-050
17.82,8.89,666.00,24.24,11-05-23-10-19-35-084
18.03,10.43,666.00,24.19,11-05-23-10-19-35-119
18.25,11.85,666.00,24.05,11-05-23-10-19-35-151
18.46,13.14,666.00,24.00,11-05-23-10-19-35-185
18.76,14.89,666.00,23.25,11-05-23-10-19-35-220
18.95,16.17,666.00,22.74,11-05-23-10-19-35-253
19.05,16.89,666.00,22.41,11-05-23-10-19-35-285
19.11,17.67,666.00,22.08,11-05-23-10-19-35-316
19.09,18.30,666.00,21.83,11-05-23-10-19-35-352
19.02,19.05,666.00,21.51,11-05-23-10-19-35-384
18.87,19.50,666.00,21.51,11-05-23-10-19-35-417
18.60,19.95,666.00,21.49,11-05-23-10-19-35-460
18.28,20.62,666.00,21.53,11-05-23-10-19-35-487
17.92,21.62,666.00,21.47,11-05-23-10-19-35-519
17.49,23.06,666.00,21.21,11-05-23-10-19-35-551
17.05,24.65,666.00,20.90,11-05-23-10-19-35-589
16.64,26.52,666.00,20.53,11-05-23-10-19-35-619
16.29,28.00,666.00,20.30,11-05-23-10-19-35-658
16.00,29.03,666.00,20.19,11-05-23-10-19-35-687
15.70,29.69,666.00,20.18,11-05-23-10-19-35-719
15.38,29.84,666.00,20.25,11-05-23-10-19-35-769
15.09,29.70,666.00,20.36,11-05-23-10-19-35-790
15.14,31.95,666.00,19.52,11-05-23-10-19-35-820
15.24,33.96,666.00,18.72,11-05-23-10-19-35-867
15.19,34.58,666.00,18.44,11-05-23-10-19-35-899
15.14,34.53,666.00,18.36,11-05-23-10-19-35-920
15.02,33.58,666.00,18.50,11-05-23-10-19-35-952
14.99,32.93,666.00,18.56,11-05-23-10-19-35-988
15.05,32.37,666.00,18.58,11-05-23-10-19-36-017
15.23,32.02,666.00,18.65,11-05-23-10-19-36-052
15.42,31.76,666.00,18.74,11-05-23-10-19-36-084
15.65,31.57,666.00,18.88,11-05-23-10-19-36-119
15.84,31.14,666.00,19.16,11-05-23-10-19-36-150
16.00,30.56,666.00,19.55,11-05-23-10-19-36-184
16.15,29.98,666.00,19.94,11-05-23-10-19-36-221
16.28,29.54,666.00,20.30,11-05-23-10-19-36-249
16.39,29.00,666.00,20.65,11-05-23-10-19-36-284
16.46,28.36,666.00,21.04,11-05-23-10-19-36-318
16.51,27.53,666.00,21.39,11-05-23-10-19-36-352
16.49,27.00,666.00,21.67,11-05-23-10-19-36-384
