13.55,8.94,666.00,18.23,08-05-23-11-28-06-632
13.53,8.85,666.00,18.22,08-05-23-11-28-06-664
13.52,8.77,666.00,18.21,08-05-23-11-28-06-700
13.50,8.67,666.00,18.21,08-05-23-11-28-06-732
13.47,8.58,666.00,18.22,08-05-23-11-28-06-770
13.46,8.51,666.00,18.23,08-05-23-11-28-06-799
13.45,8.39,666.00,18.24,08-05-23-11-28-06-832
13.39,8.07,666.00,18.34,08-05-23-11-28-06-866
13.33,7.75,666.00,18.43,08-05-23-11-28-06-901
13.29,7.48,666.00,18.51,08-05-23-11-28-06-935
13.27,7.23,666.00,18.53,08-05-23-11-28-06-967
13.27,7.03,666.00,18.53,08-05-23-11-28-06-998
13.27,6.85,666.00,18.52,08-05-23-11-28-07-031
13.27,6.69,666.00,18.49,08-05-23-11-28-07-065
13.28,6.63,666.00,18.44,08-05-23-11-28-07-099
13.29,6.57,666.00,18.37,08-05-23-11-28-07-132
13.31,6.50,666.00,18.31,08-05-23-11-28-07-166
13.32,6.43,666.00,18.25,08-05-23-11-28-07-199
13.32,6.41,666.00,18.19,08-05-23-11-28-07-231
13.32,6.40,666.00,18.13,08-05-23-11-28-07-267
13.31,6.40,666.00,18.01,08-05-23-11-28-07-301
13.30,6.36,666.00,17.46,08-05-23-11-28-07-331
13.29,6.08,666.00,16.93,08-05-23-11-28-07-366
13.33,5.74,666.00,16.72,08-05-23-11-28-07-398
13.43,5.25,666.00,16.67,08-05-23-11-28-07-433
13.72,4.37,666.00,16.76,08-05-23-11-28-07-467
14.66,3.27,666.00,16.83,08-05-23-11-28-07-497
16.23,2.34,666.00,16.55,08-05-23-11-28-07-533
18.74,1.40,666.00,16.05,08-05-23-11-28-07-564
21.66,0.42,666.00,14.43,08-05-23-11-28-07-599
23.92,-0.15,666.00,14.60,08-05-23-11-28-07-631
26.54,-0.44,666.00,14.34,08-05-23-11-28-07-663
29.22,-0.62,666.00,12.86,08-05-23-11-28-07-699
31.37,-0.99,666.00,14.31,08-05-23-11-28-07-733
33.95,-1.45,666.00,14.32,08-05-23-11-28-07-764
36.08,-1.91,666.00,15.64,08-05-23-11-28-07-800
37.96,-2.34,666.00,16.51,08-05-23-11-28-07-831
39.99,-2.62,666.00,20.22,08-05-23-11-28-07-864
41.93,-2.84,666.00,21.10,08-05-23-11-28-07-897
43.39,-2.96,666.00,23.74,08-05-23-11-28-07-933
44.52,-3.08,666.00,24.50,08-05-23-11-28-07-965
45.52,-3.21,666.00,25.44,08-05-23-11-28-07-999
46.37,-3.26,666.00,26.28,08-05-23-11-28-08-032
47.07,-3.31,666.00,28.10,08-05-23-11-28-08-065
47.59,-3.33,85.70,31.84,08-05-23-11-28-08-098
48.00,-3.35,85.85,34.63,08-05-23-11-28-08-131
48.29,-3.35,86.04,36.89,08-05-23-11-28-08-164
48.49,-3.32,86.82,42.81,08-05-23-11-28-08-198
48.62,-3.29,88.30,49.70,08-05-23-11-28-08-232
48.69,-3.28,88.04,57.70,08-05-23-11-28-08-263
48.72,-3.26,88.93,62.80,08-05-23-11-28-08-298
48.73,-3.20,89.01,71.28,08-05-23-11-28-08-329
48.70,-3.12,89.01,77.17,08-05-23-11-28-08-365
48.66,-2.99,89.03,80.86,08-05-23-11-28-08-397
48.63,-2.83,89.33,87.09,08-05-23-11-28-08-431
48.61,-2.63,89.22,90.99,08-05-23-11-28-08-464
48.65,-2.31,89.20,95.55,08-05-23-11-28-08-499
48.71,-1.92,89.50,101.60,08-05-23-11-28-08-529
48.81,-1.28,90.98,110.60,08-05-23-11-28-08-565
48.90,-0.61,91.13,114.34,08-05-23-11-28-08-596
48.92,0.17,91.24,118.66,08-05-23-11-28-08-633
48.97,1.06,91.26,122.69,08-05-23-11-28-08-664
49.00,1.77,91.24,125.42,08-05-23-11-28-08-698
49.05,2.50,94.62,132.24,08-05-23-11-28-08-734
49.12,3.26,95.45,134.36,08-05-23-11-28-08-765
49.23,3.77,96.39,137.28,08-05-23-11-28-08-799
49.32,4.18,97.14,139.22,08-05-23-11-28-08-834
49.26,4.31,98.12,140.73,08-05-23-11-28-08-864
49.16,4.45,98.90,141.90,08-05-23-11-28-08-900
49.04,4.63,99.46,142.80,08-05-23-11-28-08-936
48.89,4.82,99.85,143.49,08-05-23-11-28-08-967
48.76,4.97,100.14,143.96,08-05-23-11-28-09-000
48.68,5.10,100.31,144.23,08-05-23-11-28-09-033
48.61,5.25,100.41,144.34,08-05-23-11-28-09-065
48.57,5.37,100.51,144.25,08-05-23-11-28-09-096
48.52,5.46,95.52,134.99,08-05-23-11-28-09-130
48.45,5.51,93.76,127.84,08-05-23-11-28-09-166
48.39,5.53,92.90,123.39,08-05-23-11-28-09-195
48.31,5.49,92.39,118.82,08-05-23-11-28-09-229
48.13,5.31,92.25,114.32,08-05-23-11-28-09-266
47.85,4.90,96.72,111.66,08-05-23-11-28-09-297
47.47,4.37,94.73,101.51,08-05-23-11-28-09-333
47.16,3.85,92.91,93.84,08-05-23-11-28-09-365
46.88,3.35,91.62,82.22,08-05-23-11-28-09-397
46.51,2.70,89.84,74.88,08-05-23-11-28-09-431
46.19,2.09,87.90,61.65,08-05-23-11-28-09-463
45.94,1.57,87.20,56.88,08-05-23-11-28-09-497
45.78,1.10,86.33,54.01,08-05-23-11-28-09-532
45.68,0.75,84.82,48.29,08-05-23-11-28-09-571
45.59,0.50,83.66,44.73,08-05-23-11-28-09-596
45.53,0.34,82.57,41.04,08-05-23-11-28-09-632
45.45,0.25,81.15,37.73,08-05-23-11-28-09-665
45.36,0.22,80.19,35.41,08-05-23-11-28-09-697
45.27,0.23,80.10,31.57,08-05-23-11-28-09-734
45.17,0.29,666.00,28.65,08-05-23-11-28-09-765
45.05,0.41,666.00,24.81,08-05-23-11-28-09-798
44.93,0.55,666.00,19.61,08-05-23-11-28-09-835
44.77,0.76,666.00,17.05,08-05-23-11-28-09-870
44.61,0.95,666.00,15.24,08-05-23-11-28-09-898
44.47,1.13,666.00,13.53,08-05-23-11-28-09-935
44.32,1.30,666.00,11.83,08-05-23-11-28-09-967
44.14,1.46,666.00,9.61,08-05-23-11-28-10-000
43.95,1.62,666.00,6.94,08-05-23-11-28-10-034
43.76,1.76,666.00,6.33,08-05-23-11-28-10-064
43.57,1.87,666.00,6.27,08-05-23-11-28-10-098
43.38,1.96,666.00,6.39,08-05-23-11-28-10-137
43.19,2.01,666.00,6.57,08-05-23-11-28-10-167
43.02,2.04,666.00,6.81,08-05-23-11-28-10-201
42.87,2.07,666.00,7.10,08-05-23-11-28-10-235
42.74,2.10,666.00,7.43,08-05-23-11-28-10-268
42.62,2.13,666.00,7.79,08-05-23-11-28-10-298
42.52,2.15,666.00,8.41,08-05-23-11-28-10-334
42.44,2.17,666.00,9.03,08-05-23-11-28-10-366
42.37,2.18,666.00,11.65,08-05-23-11-28-10-398
42.31,2.19,666.00,13.35,08-05-23-11-28-10-437
42.25,2.20,666.00,14.89,08-05-23-11-28-10-463
42.19,2.23,666.00,16.02,08-05-23-11-28-10-496
42.13,2.24,666.00,17.16,08-05-23-11-28-10-529
42.07,2.26,666.00,18.76,08-05-23-11-28-10-564
41.99,2.28,666.00,28.55,08-05-23-11-28-10-598
41.92,2.29,78.40,33.48,08-05-23-11-28-10-631
41.85,2.30,77.80,36.60,08-05-23-11-28-10-662
41.74,2.28,77.46,39.21,08-05-23-11-28-10-698
41.66,2.26,77.07,45.77,08-05-23-11-28-10-732
41.59,2.26,78.93,57.70,08-05-23-11-28-10-764
41.57,2.30,80.16,65.98,08-05-23-11-28-10-797
41.57,2.36,80.13,68.96,08-05-23-11-28-10-831
41.61,2.43,79.92,76.84,08-05-23-11-28-10-863
41.55,2.83,82.41,87.41,08-05-23-11-28-10-897
41.64,3.28,82.59,90.99,08-05-23-11-28-10-931
41.54,3.93,82.83,96.17,08-05-23-11-28-10-965
42.05,4.75,82.90,98.67,08-05-23-11-28-10-999
42.77,5.40,83.16,101.34,08-05-23-11-28-11-029
43.47,5.90,83.53,104.21,08-05-23-11-28-11-064
44.04,6.22,83.62,107.90,08-05-23-11-28-11-097
44.57,6.42,84.42,117.50,08-05-23-11-28-11-129
45.10,6.69,84.44,120.11,08-05-23-11-28-11-164
45.66,6.99,84.79,121.62,08-05-23-11-28-11-197
46.12,7.14,85.22,122.83,08-05-23-11-28-11-231
46.47,7.17,86.17,124.97,08-05-23-11-28-11-265
46.74,7.10,87.38,126.74,08-05-23-11-28-11-299
46.94,7.03,89.09,128.71,08-05-23-11-28-11-331
47.11,6.94,90.13,129.71,08-05-23-11-28-11-365
47.24,6.84,91.04,130.43,08-05-23-11-28-11-399
47.31,6.76,91.84,131.08,08-05-23-11-28-11-430
47.36,6.69,92.54,131.59,08-05-23-11-28-11-465
47.37,6.64,93.13,132.02,08-05-23-11-28-11-499
47.34,6.64,93.59,132.39,08-05-23-11-28-11-530
47.13,6.77,93.87,132.87,08-05-23-11-28-11-565
46.84,7.01,94.00,133.42,08-05-23-11-28-11-599
46.48,7.32,94.01,134.02,08-05-23-11-28-11-633
46.09,7.64,93.98,134.58,08-05-23-11-28-11-664
45.73,7.99,93.89,135.09,08-05-23-11-28-11-696
45.57,8.11,93.99,135.39,08-05-23-11-28-11-731
45.46,8.18,94.10,135.59,08-05-23-11-28-11-766
45.40,8.22,94.28,135.68,08-05-23-11-28-11-797
45.36,8.20,94.85,135.17,08-05-23-11-28-11-831
45.33,8.12,95.21,133.62,08-05-23-11-28-11-865
45.34,8.05,94.83,127.90,08-05-23-11-28-11-897
45.39,7.92,94.36,121.87,08-05-23-11-28-11-933
45.48,7.72,93.97,118.90,08-05-23-11-28-11-965
45.56,7.49,93.56,117.04,08-05-23-11-28-12-002
45.63,7.20,92.58,112.56,08-05-23-11-28-12-032
45.74,6.84,90.84,103.18,08-05-23-11-28-12-065
45.82,6.47,90.08,98.12,08-05-23-11-28-12-095
45.91,6.00,90.17,93.31,08-05-23-11-28-12-131
45.97,5.57,89.83,84.55,08-05-23-11-28-12-169
45.97,5.16,89.50,79.67,08-05-23-11-28-12-197
45.99,4.72,87.48,69.57,08-05-23-11-28-12-233
45.99,4.35,86.41,61.46,08-05-23-11-28-12-267
45.98,3.99,87.34,57.04,08-05-23-11-28-12-295
45.98,3.74,87.79,54.80,08-05-23-11-28-12-335
45.98,3.52,87.82,53.10,08-05-23-11-28-12-367
45.94,3.34,86.25,47.66,08-05-23-11-28-12-399
45.87,3.20,85.47,43.59,08-05-23-11-28-12-431
45.75,3.05,84.87,37.50,08-05-23-11-28-12-467
45.55,2.85,84.58,33.48,08-05-23-11-28-12-499
45.33,2.68,84.40,31.11,08-05-23-11-28-12-533
45.08,2.53,666.00,28.85,08-05-23-11-28-12-565
44.82,2.40,666.00,25.45,08-05-23-11-28-12-596
44.58,2.30,666.00,22.08,08-05-23-11-28-12-631
44.32,2.22,666.00,18.68,08-05-23-11-28-12-665
44.02,2.22,666.00,15.16,08-05-23-11-28-12-701
43.63,2.14,666.00,10.45,08-05-23-11-28-12-731
43.20,2.14,666.00,9.73,08-05-23-11-28-12-766
42.83,2.15,666.00,8.23,08-05-23-11-28-12-798
42.42,2.21,666.00,7.70,08-05-23-11-28-12-830
42.05,2.29,666.00,7.42,08-05-23-11-28-12-864
41.69,2.41,666.00,7.31,08-05-23-11-28-12-898
41.37,2.55,666.00,7.38,08-05-23-11-28-12-934
41.09,2.68,666.00,7.51,08-05-23-11-28-12-966
40.85,2.82,666.00,7.73,08-05-23-11-28-12-999
40.69,2.89,666.00,7.94,08-05-23-11-28-13-031
40.56,2.97,666.00,8.17,08-05-23-11-28-13-066
40.45,3.04,666.00,8.41,08-05-23-11-28-13-098
40.38,3.11,666.00,9.33,08-05-23-11-28-13-129
40.33,3.17,666.00,9.99,08-05-23-11-28-13-162
40.29,3.23,666.00,13.40,08-05-23-11-28-13-199
40.26,3.30,666.00,14.68,08-05-23-11-28-13-233
40.24,3.38,666.00,15.61,08-05-23-11-28-13-262
40.22,3.45,666.00,17.37,08-05-23-11-28-13-296
40.22,3.52,666.00,20.06,08-05-23-11-28-13-330
40.22,3.58,666.00,21.73,08-05-23-11-28-13-362
40.22,3.64,666.00,23.05,08-05-23-11-28-13-399
40.22,3.68,666.00,24.20,08-05-23-11-28-13-435
40.23,3.73,666.00,26.01,08-05-23-11-28-13-465
40.23,3.79,666.00,28.87,08-05-23-11-28-13-498
40.24,3.84,80.83,39.98,08-05-23-11-28-13-529
40.25,3.92,79.50,44.75,08-05-23-11-28-13-564
40.26,3.96,78.71,47.39,08-05-23-11-28-13-596
40.27,4.00,80.12,55.08,08-05-23-11-28-13-631
40.26,4.06,80.67,59.16,08-05-23-11-28-13-664
40.26,4.13,80.73,63.15,08-05-23-11-28-13-695
40.28,4.13,80.55,65.39,08-05-23-11-28-13-732
40.30,4.12,80.03,67.43,08-05-23-11-28-13-766
40.09,4.42,80.53,78.81,08-05-23-11-28-13-796
40.09,4.54,81.08,87.71,08-05-23-11-28-13-834
40.17,4.69,84.16,99.38,08-05-23-11-28-13-863
40.40,4.73,85.51,103.76,08-05-23-11-28-13-896
40.75,4.78,85.94,106.15,08-05-23-11-28-13-932
41.14,4.86,86.07,108.38,08-05-23-11-28-13-964
41.58,4.99,86.33,111.36,08-05-23-11-28-13-998
42.07,5.22,86.62,113.46,08-05-23-11-28-14-029
42.61,5.50,86.60,114.94,08-05-23-11-28-14-062
43.09,5.76,87.05,118.31,08-05-23-11-28-14-097
43.52,6.08,87.19,128.29,08-05-23-11-28-14-134
43.87,6.34,87.29,131.53,08-05-23-11-28-14-163
44.18,6.55,87.31,133.12,08-05-23-11-28-14-195
44.55,6.63,88.50,133.97,08-05-23-11-28-14-232
44.68,6.71,89.24,134.63,08-05-23-11-28-14-265
44.50,6.90,89.93,135.13,08-05-23-11-28-14-298
44.15,7.12,90.56,135.53,08-05-23-11-28-14-331
43.46,7.64,90.86,136.23,08-05-23-11-28-14-363
42.88,8.18,91.03,136.75,08-05-23-11-28-14-398
42.46,8.61,91.20,137.09,08-05-23-11-28-14-431
42.19,8.92,91.35,137.25,08-05-23-11-28-14-464
42.05,9.10,93.48,135.88,08-05-23-11-28-14-500
41.97,9.21,93.35,136.93,08-05-23-11-28-14-531
41.97,9.27,93.00,137.87,08-05-23-11-28-14-564
42.20,9.20,92.46,137.77,08-05-23-11-28-14-598
42.48,9.06,91.50,128.01,08-05-23-11-28-14-630
42.85,8.81,90.97,121.74,08-05-23-11-28-14-668
43.31,8.49,90.38,117.77,08-05-23-11-28-14-697
43.70,8.18,89.95,114.88,08-05-23-11-28-14-733
44.00,7.84,89.19,111.91,08-05-23-11-28-14-765
44.24,7.50,88.18,108.41,08-05-23-11-28-14-798
44.43,7.14,87.40,103.69,08-05-23-11-28-14-834
44.63,6.81,86.88,99.69,08-05-23-11-28-14-864
44.84,6.46,86.35,95.74,08-05-23-11-28-14-897
44.98,6.18,84.76,86.43,08-05-23-11-28-14-934
45.05,5.91,83.90,81.95,08-05-23-11-28-14-963
44.96,5.52,82.83,77.24,08-05-23-11-28-14-999
44.82,5.06,82.46,73.94,08-05-23-11-28-15-031
44.66,4.65,83.32,65.78,08-05-23-11-28-15-065
44.49,4.32,81.93,53.57,08-05-23-11-28-15-097
44.27,4.04,80.79,48.13,08-05-23-11-28-15-131
44.04,3.87,80.00,45.41,08-05-23-11-28-15-163
43.70,3.60,78.94,43.33,08-05-23-11-28-15-201
43.33,3.36,77.48,41.03,08-05-23-11-28-15-233
43.00,3.21,76.28,39.27,08-05-23-11-28-15-267
42.67,3.11,75.40,38.13,08-05-23-11-28-15-299
42.35,3.04,74.78,37.21,08-05-23-11-28-15-333
42.05,3.01,74.50,36.15,08-05-23-11-28-15-365
41.63,3.07,73.86,34.14,08-05-23-11-28-15-399
41.30,3.14,73.41,32.60,08-05-23-11-28-15-432
41.02,3.22,73.23,30.89,08-05-23-11-28-15-462
40.81,3.29,666.00,29.29,08-05-23-11-28-15-496
40.64,3.35,666.00,27.70,08-05-23-11-28-15-532
40.48,3.41,666.00,25.51,08-05-23-11-28-15-565
40.36,3.47,666.00,23.92,08-05-23-11-28-15-599
40.26,3.51,666.00,22.74,08-05-23-11-28-15-633
40.20,3.54,666.00,21.86,08-05-23-11-28-15-668
40.16,3.55,666.00,21.27,08-05-23-11-28-15-700
40.13,3.55,666.00,20.87,08-05-23-11-28-15-733
40.12,3.53,666.00,20.22,08-05-23-11-28-15-765
40.12,3.51,666.00,19.79,08-05-23-11-28-15-799
40.12,3.46,666.00,19.52,08-05-23-11-28-15-832
39.78,3.39,666.00,20.23,08-05-23-11-28-15-868
39.71,3.29,666.00,20.32,08-05-23-11-28-15-897
39.67,3.16,666.00,20.40,08-05-23-11-28-15-934
39.66,3.05,666.00,20.45,08-05-23-11-28-15-967
39.66,2.95,666.00,20.55,08-05-23-11-28-15-998
39.66,2.85,666.00,20.71,08-05-23-11-28-16-034
39.68,2.76,666.00,21.12,08-05-23-11-28-16-066
39.72,2.66,666.00,21.65,08-05-23-11-28-16-099
39.77,2.56,666.00,22.17,08-05-23-11-28-16-132
39.82,2.47,666.00,22.62,08-05-23-11-28-16-165
39.87,2.36,666.00,23.03,08-05-23-11-28-16-198
39.90,2.26,666.00,23.46,08-05-23-11-28-16-231
39.66,1.63,666.00,24.67,08-05-23-11-28-16-266
39.40,1.02,666.00,26.27,08-05-23-11-28-16-305
39.24,0.55,666.00,28.30,08-05-23-11-28-16-330
39.13,0.09,81.70,31.42,08-05-23-11-28-16-365
39.08,-0.21,82.12,35.52,08-05-23-11-28-16-398
39.07,-0.34,82.49,39.86,08-05-23-11-28-16-434
39.07,-0.39,82.87,45.64,08-05-23-11-28-16-465
39.07,-0.40,85.56,56.66,08-05-23-11-28-16-500
39.08,-0.38,86.25,61.21,08-05-23-11-28-16-532
39.11,-0.28,86.59,65.68,08-05-23-11-28-16-566
39.19,-0.41,87.73,73.25,08-05-23-11-28-16-600
39.27,-0.40,85.72,75.27,08-05-23-11-28-16-632
39.05,0.09,86.85,82.87,08-05-23-11-28-16-663
39.04,0.27,87.74,91.15,08-05-23-11-28-16-702
39.08,0.48,87.14,95.08,08-05-23-11-28-16-734
39.33,0.74,87.14,97.94,08-05-23-11-28-16-765
39.50,0.89,87.49,100.77,08-05-23-11-28-16-799
39.68,0.94,88.48,104.98,08-05-23-11-28-16-832
39.88,0.91,89.25,109.46,08-05-23-11-28-16-864
40.05,0.95,90.31,113.40,08-05-23-11-28-16-896
40.21,0.96,90.95,116.11,08-05-23-11-28-16-935
40.40,0.95,93.39,123.22,08-05-23-11-28-16-966
40.70,0.93,96.13,128.52,08-05-23-11-28-16-995
41.10,0.99,97.01,130.09,08-05-23-11-28-17-029
41.51,1.01,97.68,130.95,08-05-23-11-28-17-064
41.83,1.12,98.56,131.70,08-05-23-11-28-17-099
42.10,1.21,99.12,132.17,08-05-23-11-28-17-132
42.31,1.35,99.59,132.43,08-05-23-11-28-17-164
42.46,1.59,99.86,132.51,08-05-23-11-28-17-198
42.58,1.88,99.99,132.50,08-05-23-11-28-17-231
42.66,2.19,99.99,132.45,08-05-23-11-28-17-265
42.70,2.47,99.98,132.37,08-05-23-11-28-17-299
42.73,2.72,99.93,132.27,08-05-23-11-28-17-331
42.79,2.96,99.83,132.12,08-05-23-11-28-17-366
42.86,3.16,100.94,134.37,08-05-23-11-28-17-397
42.92,3.30,101.17,135.07,08-05-23-11-28-17-431
42.98,3.41,100.73,134.94,08-05-23-11-28-17-468
43.03,3.44,102.55,132.23,08-05-23-11-28-17-497
43.02,3.34,102.19,130.70,08-05-23-11-28-17-531
43.00,3.19,98.09,119.12,08-05-23-11-28-17-565
42.91,2.96,94.40,108.48,08-05-23-11-28-17-598
42.80,2.66,93.44,97.34,08-05-23-11-28-17-631
42.78,2.30,92.40,89.94,08-05-23-11-28-17-665
42.66,1.82,91.94,85.38,08-05-23-11-28-17-700
42.61,1.12,93.70,79.88,08-05-23-11-28-17-733
42.64,0.30,94.01,73.63,08-05-23-11-28-17-766
42.73,-0.72,94.06,68.73,08-05-23-11-28-17-803
42.84,-1.68,94.26,62.22,08-05-23-11-28-17-831
42.98,-2.55,94.24,59.10,08-05-23-11-28-17-866
43.12,-3.34,94.37,54.98,08-05-23-11-28-17-898
43.20,-4.07,93.89,51.00,08-05-23-11-28-17-932
43.25,-4.75,93.31,47.43,08-05-23-11-28-17-965
43.20,-5.38,92.41,43.58,08-05-23-11-28-17-997
43.15,-5.86,91.64,40.35,08-05-23-11-28-18-031
43.02,-6.22,90.97,37.72,08-05-23-11-28-18-065
42.72,-6.54,90.24,35.31,08-05-23-11-28-18-099
42.37,-6.78,88.72,32.65,08-05-23-11-28-18-131
42.15,-6.99,666.00,29.75,08-05-23-11-28-18-165
41.93,-7.16,666.00,27.45,08-05-23-11-28-18-195
41.72,-7.25,666.00,25.68,08-05-23-11-28-18-231
41.50,-7.20,666.00,23.31,08-05-23-11-28-18-265
41.31,-7.13,666.00,21.67,08-05-23-11-28-18-298
41.14,-7.03,666.00,20.39,08-05-23-11-28-18-332
40.99,-6.96,666.00,19.38,08-05-23-11-28-18-366
41.14,-6.54,666.00,18.16,08-05-23-11-28-18-398
41.10,-6.52,666.00,17.55,08-05-23-11-28-18-431
41.04,-6.52,666.00,17.09,08-05-23-11-28-18-463
40.97,-6.60,666.00,16.81,08-05-23-11-28-18-496
40.87,-6.67,666.00,16.63,08-05-23-11-28-18-531
40.72,-6.78,666.00,16.55,08-05-23-11-28-18-565
40.69,-6.80,666.00,16.33,08-05-23-11-28-18-595
40.68,-6.86,666.00,16.32,08-05-23-11-28-18-634
40.49,-6.89,666.00,16.52,08-05-23-11-28-18-663
40.44,-6.95,666.00,16.61,08-05-23-11-28-18-697
40.41,-6.98,666.00,16.73,08-05-23-11-28-18-734
40.32,-7.01,666.00,16.94,08-05-23-11-28-18-765
40.20,-7.01,666.00,17.29,08-05-23-11-28-18-798
40.04,-6.93,666.00,18.23,08-05-23-11-28-18-832
39.89,-6.84,666.00,23.51,08-05-23-11-28-18-871
39.73,-6.58,666.00,26.07,08-05-23-11-28-18-899
39.64,-6.42,666.00,27.78,08-05-23-11-28-18-934
39.55,-6.34,666.00,29.86,08-05-23-11-28-18-968
39.48,-6.23,85.22,32.30,08-05-23-11-28-18-998
39.44,-6.13,85.39,36.24,08-05-23-11-28-19-036
39.37,-6.05,85.67,39.94,08-05-23-11-28-19-063
39.30,-5.92,86.89,47.15,08-05-23-11-28-19-101
39.24,-5.82,88.36,57.99,08-05-23-11-28-19-130
39.19,-5.72,88.90,63.18,08-05-23-11-28-19-163
39.15,-5.65,88.83,67.32,08-05-23-11-28-19-199
39.12,-5.61,88.68,70.41,08-05-23-11-28-19-231
39.03,-5.30,90.13,80.47,08-05-23-11-28-19-264
38.95,-5.06,90.49,85.06,08-05-23-11-28-19-296
38.75,-4.30,90.16,89.18,08-05-23-11-28-19-331
39.06,-3.57,88.10,93.00,08-05-23-11-28-19-365
39.32,-3.00,89.57,101.08,08-05-23-11-28-19-399
39.84,-2.39,89.86,103.98,08-05-23-11-28-19-432
40.35,-1.75,90.55,107.50,08-05-23-11-28-19-463
40.76,-1.26,90.84,110.55,08-05-23-11-28-19-496
41.12,-0.78,91.31,114.69,08-05-23-11-28-19-529
41.48,-0.28,92.67,121.89,08-05-23-11-28-19-564
41.85,0.25,93.27,125.87,08-05-23-11-28-19-600
42.19,0.70,94.26,129.79,08-05-23-11-28-19-633
42.49,1.11,94.58,132.07,08-05-23-11-28-19-666
42.79,1.34,95.02,133.42,08-05-23-11-28-19-698
43.04,1.53,95.35,134.39,08-05-23-11-28-19-731
43.23,1.59,95.67,135.08,08-05-23-11-28-19-765
43.22,1.62,95.87,135.73,08-05-23-11-28-19-797
43.19,1.67,95.91,136.17,08-05-23-11-28-19-834
43.16,1.73,95.80,136.41,08-05-23-11-28-19-863
43.15,1.81,95.64,136.44,08-05-23-11-28-19-897
43.14,1.88,95.51,136.21,08-05-23-11-28-19-934
43.15,1.89,94.16,128.67,08-05-23-11-28-19-965
43.14,2.00,93.84,127.49,08-05-23-11-28-20-000
43.13,2.13,92.60,115.91,08-05-23-11-28-20-031
43.09,2.10,92.47,110.83,08-05-23-11-28-20-066
43.02,2.02,93.10,107.25,08-05-23-11-28-20-099
42.95,1.85,93.30,99.90,08-05-23-11-28-20-133
42.90,1.57,93.30,95.92,08-05-23-11-28-20-165
42.85,1.23,92.82,91.70,08-05-23-11-28-20-198
42.74,0.86,91.63,82.75,08-05-23-11-28-20-230
42.29,0.21,91.41,79.12,08-05-23-11-28-20-266
41.90,-0.36,91.57,76.23,08-05-23-11-28-20-299
41.59,-0.94,91.16,67.06,08-05-23-11-28-20-333
41.32,-1.39,90.66,63.12,08-05-23-11-28-20-365
41.14,-1.77,90.20,59.75,08-05-23-11-28-20-398
41.01,-2.05,89.36,56.27,08-05-23-11-28-20-432
40.90,-2.27,86.84,48.08,08-05-23-11-28-20-464
40.82,-2.46,85.42,44.57,08-05-23-11-28-20-504
40.77,-2.60,84.41,42.17,08-05-23-11-28-20-533
40.72,-2.70,83.24,39.75,08-05-23-11-28-20-564
40.69,-2.76,84.14,36.13,08-05-23-11-28-20-599
40.65,-2.82,82.17,32.19,08-05-23-11-28-20-633
40.62,-2.84,80.93,30.04,08-05-23-11-28-20-665
40.59,-2.85,666.00,28.29,08-05-23-11-28-20-697
40.56,-2.82,666.00,26.35,08-05-23-11-28-20-732
40.52,-2.75,666.00,25.29,08-05-23-11-28-20-762
40.44,-2.64,666.00,23.73,08-05-23-11-28-20-798
40.35,-2.56,666.00,22.86,08-05-23-11-28-20-832
40.28,-2.51,666.00,22.08,08-05-23-11-28-20-867
40.20,-2.46,666.00,21.78,08-05-23-11-28-20-898
40.13,-2.42,666.00,21.73,08-05-23-11-28-20-933
40.07,-2.40,666.00,25.51,08-05-23-11-28-20-967
40.03,-2.37,666.00,26.97,08-05-23-11-28-20-999
39.99,-2.33,666.00,28.06,08-05-23-11-28-21-035
39.95,-2.31,84.51,30.61,08-05-23-11-28-21-066
39.92,-2.31,84.45,32.12,08-05-23-11-28-21-100
39.89,-2.31,84.30,35.18,08-05-23-11-28-21-132
39.86,-2.31,84.05,37.31,08-05-23-11-28-21-167
39.83,-2.34,84.39,41.57,08-05-23-11-28-21-200
39.81,-2.37,83.93,44.06,08-05-23-11-28-21-233
39.75,-2.39,83.60,45.67,08-05-23-11-28-21-265
39.68,-2.42,83.43,47.08,08-05-23-11-28-21-298
39.59,-2.49,83.82,49.51,08-05-23-11-28-21-330
39.51,-2.57,84.35,53.50,08-05-23-11-28-21-364
39.45,-2.64,84.82,57.21,08-05-23-11-28-21-401
39.40,-2.69,84.80,62.38,08-05-23-11-28-21-438
39.36,-2.72,84.92,73.89,08-05-23-11-28-21-466
39.33,-2.74,85.33,80.37,08-05-23-11-28-21-497
39.22,-2.47,87.79,91.57,08-05-23-11-28-21-531
39.38,-2.21,88.35,95.40,08-05-23-11-28-21-563
39.81,-1.93,89.68,102.00,08-05-23-11-28-21-595
40.39,-1.70,90.43,104.66,08-05-23-11-28-21-632
41.02,-1.43,91.73,109.20,08-05-23-11-28-21-665
41.67,-1.10,92.44,113.25,08-05-23-11-28-21-696
42.24,-0.80,92.90,116.44,08-05-23-11-28-21-730
42.81,-0.40,93.57,119.43,08-05-23-11-28-21-764
43.34,-0.01,97.06,129.21,08-05-23-11-28-21-797
43.81,0.36,98.17,132.06,08-05-23-11-28-21-832
44.19,0.69,98.81,133.59,08-05-23-11-28-21-864
44.48,0.96,99.18,134.53,08-05-23-11-28-21-899
44.72,1.20,99.33,134.92,08-05-23-11-28-21-932
44.90,1.47,99.19,134.90,08-05-23-11-28-21-966
44.94,1.81,98.81,134.69,08-05-23-11-28-21-999
44.77,2.26,98.19,134.53,08-05-23-11-28-22-030
44.46,2.78,97.43,134.47,08-05-23-11-28-22-065
44.15,3.27,96.70,134.39,08-05-23-11-28-22-100
43.31,4.57,95.09,134.96,08-05-23-11-28-22-135
42.70,5.59,93.86,135.32,08-05-23-11-28-22-166
42.44,6.09,96.19,133.74,08-05-23-11-28-22-197
42.26,6.43,96.44,133.35,08-05-23-11-28-22-233
42.13,6.63,97.08,133.28,08-05-23-11-28-22-265
42.08,6.71,97.60,135.42,08-05-23-11-28-22-299
42.04,6.68,100.25,129.55,08-05-23-11-28-22-333
41.94,6.40,99.42,118.75,08-05-23-11-28-22-364
42.13,5.58,98.91,111.04,08-05-23-11-28-22-396
42.36,4.70,97.35,100.55,08-05-23-11-28-22-431
42.89,3.33,97.68,94.76,08-05-23-11-28-22-466
43.18,2.16,97.59,88.99,08-05-23-11-28-22-500
43.09,0.99,96.46,83.73,08-05-23-11-28-22-532
42.91,0.04,96.73,74.86,08-05-23-11-28-22-567
42.67,-0.81,97.30,68.13,08-05-23-11-28-22-599
42.41,-1.61,97.25,64.56,08-05-23-11-28-22-630
42.24,-2.28,92.99,54.47,08-05-23-11-28-22-670
42.07,-2.83,91.66,50.87,08-05-23-11-28-22-699
41.87,-3.22,90.21,44.87,08-05-23-11-28-22-730
41.75,-3.60,88.81,41.34,08-05-23-11-28-22-765
41.67,-3.98,87.46,38.69,08-05-23-11-28-22-800
41.59,-4.29,85.77,35.99,08-05-23-11-28-22-831
41.52,-4.57,84.70,32.42,08-05-23-11-28-22-868
41.45,-4.82,666.00,29.20,08-05-23-11-28-22-899
41.35,-5.03,666.00,24.10,08-05-23-11-28-22-934
41.15,-5.14,666.00,22.69,08-05-23-11-28-22-967
40.89,-5.16,666.00,22.21,08-05-23-11-28-23-000
40.58,-5.11,666.00,22.21,08-05-23-11-28-23-034
40.24,-5.03,666.00,20.05,08-05-23-11-28-23-070
39.96,-4.99,666.00,19.96,08-05-23-11-28-23-099
39.74,-4.96,666.00,20.33,08-05-23-11-28-23-135
39.60,-5.02,666.00,21.02,08-05-23-11-28-23-167
39.51,-5.11,666.00,20.66,08-05-23-11-28-23-202
39.43,-5.22,666.00,21.95,08-05-23-11-28-23-230
39.19,-5.23,666.00,27.02,08-05-23-11-28-23-268
39.05,-5.31,666.00,29.27,08-05-23-11-28-23-298
38.93,-5.37,87.73,30.73,08-05-23-11-28-23-332
38.85,-5.43,87.81,31.72,08-05-23-11-28-23-367
38.81,-5.50,87.73,33.52,08-05-23-11-28-23-397
38.80,-5.55,87.63,35.25,08-05-23-11-28-23-431
38.80,-5.58,87.54,36.40,08-05-23-11-28-23-464
38.81,-5.59,86.35,37.80,08-05-23-11-28-23-496
38.82,-5.60,86.22,39.27,08-05-23-11-28-23-532
38.84,-5.60,85.87,40.87,08-05-23-11-28-23-567
38.87,-5.62,85.64,41.93,08-05-23-11-28-23-598
38.89,-5.63,86.50,45.67,08-05-23-11-28-23-633
38.92,-5.66,85.68,47.91,08-05-23-11-28-23-666
38.95,-5.68,85.02,49.58,08-05-23-11-28-23-696
38.99,-5.72,86.31,56.86,08-05-23-11-28-23-733
39.02,-5.71,86.87,60.73,08-05-23-11-28-23-765
39.08,-5.72,86.98,64.01,08-05-23-11-28-23-799
39.14,-5.74,87.29,68.16,08-05-23-11-28-23-833
39.19,-5.73,86.07,71.51,08-05-23-11-28-23-864
39.24,-5.69,86.31,76.74,08-05-23-11-28-23-899
39.05,-5.41,89.78,87.17,08-05-23-11-28-23-935
39.24,-5.04,91.87,94.12,08-05-23-11-28-23-966
39.68,-4.58,93.20,100.48,08-05-23-11-28-23-996
40.22,-4.13,95.29,109.01,08-05-23-11-28-24-030
40.68,-3.77,96.73,113.86,08-05-23-11-28-24-075
41.03,-3.42,98.15,118.09,08-05-23-11-28-24-098
41.35,-3.03,103.77,127.63,08-05-23-11-28-24-132
41.86,-2.61,106.43,133.34,08-05-23-11-28-24-167
42.53,-2.07,108.16,136.23,08-05-23-11-28-24-198
42.97,-1.49,109.30,138.02,08-05-23-11-28-24-232
42.81,-0.60,109.55,139.66,08-05-23-11-28-24-266
42.44,0.27,109.33,140.80,08-05-23-11-28-24-299
42.14,1.03,108.83,141.45,08-05-23-11-28-24-330
41.95,1.68,108.18,141.68,08-05-23-11-28-24-365
41.82,2.22,107.46,141.60,08-05-23-11-28-24-404
41.77,2.63,106.90,141.25,08-05-23-11-28-24-433
41.75,2.98,105.00,140.35,08-05-23-11-28-24-469
41.75,3.25,101.63,135.48,08-05-23-11-28-24-500
41.80,3.40,100.47,130.89,08-05-23-11-28-24-529
41.90,3.51,99.65,126.29,08-05-23-11-28-24-562
42.01,3.62,99.25,125.31,08-05-23-11-28-24-599
42.08,3.66,98.35,116.94,08-05-23-11-28-24-634
42.13,3.64,100.30,115.33,08-05-23-11-28-24-665
42.17,3.47,98.35,108.92,08-05-23-11-28-24-696
42.17,3.18,97.43,105.59,08-05-23-11-28-24-732
42.18,2.65,97.26,101.95,08-05-23-11-28-24-770
42.23,1.97,97.30,97.60,08-05-23-11-28-24-798
42.32,1.42,96.60,87.53,08-05-23-11-28-24-828
42.40,0.91,95.79,82.84,08-05-23-11-28-24-864
42.46,0.48,94.37,78.33,08-05-23-11-28-24-895
42.50,0.12,91.52,72.54,08-05-23-11-28-24-933
42.51,-0.21,90.53,68.01,08-05-23-11-28-24-967
42.52,-0.41,87.34,58.21,08-05-23-11-28-24-998
42.50,-0.55,86.16,55.43,08-05-23-11-28-25-031
42.48,-0.73,84.94,52.29,08-05-23-11-28-25-064
42.43,-0.90,84.15,50.69,08-05-23-11-28-25-095
42.37,-1.02,83.70,48.98,08-05-23-11-28-25-131
42.31,-1.06,82.89,44.66,08-05-23-11-28-25-168
42.23,-1.08,81.83,41.06,08-05-23-11-28-25-197
42.13,-1.07,81.28,37.23,08-05-23-11-28-25-230
41.96,-1.02,80.09,32.36,08-05-23-11-28-25-267
41.75,-0.95,666.00,29.66,08-05-23-11-28-25-297
41.48,-0.78,666.00,28.61,08-05-23-11-28-25-336
41.18,-0.55,666.00,28.13,08-05-23-11-28-25-370
40.79,-0.25,666.00,28.16,08-05-23-11-28-25-402
40.35,0.01,666.00,26.76,08-05-23-11-28-25-434
39.91,0.25,666.00,26.32,08-05-23-11-28-25-463
39.54,0.48,666.00,26.30,08-05-23-11-28-25-499
39.20,0.69,666.00,27.67,08-05-23-11-28-25-531
38.93,0.91,666.00,28.36,08-05-23-11-28-25-565
38.71,1.10,666.00,29.04,08-05-23-11-28-25-602
38.52,1.30,666.00,29.70,08-05-23-11-28-25-632
38.37,1.47,83.76,33.13,08-05-23-11-28-25-670
38.25,1.62,84.21,34.05,08-05-23-11-28-25-703
38.15,1.73,84.48,34.74,08-05-23-11-28-25-730
38.05,1.80,84.51,35.31,08-05-23-11-28-25-766
37.96,1.85,84.46,35.77,08-05-23-11-28-25-797
37.88,1.87,84.36,36.13,08-05-23-11-28-25-831
37.62,1.58,83.69,36.68,08-05-23-11-28-25-866
37.21,1.15,82.76,37.38,08-05-23-11-28-25-897
36.94,0.88,82.14,37.95,08-05-23-11-28-25-935
36.77,0.71,85.18,43.56,08-05-23-11-28-25-965
36.67,0.62,85.22,45.08,08-05-23-11-28-26-001
36.63,0.57,85.08,46.17,08-05-23-11-28-26-034
36.60,0.52,84.94,47.14,08-05-23-11-28-26-067
36.59,0.55,84.79,48.39,08-05-23-11-28-26-099
36.53,0.54,86.54,57.57,08-05-23-11-28-26-130
36.46,0.50,86.63,61.91,08-05-23-11-28-26-166
36.41,0.48,86.19,65.68,08-05-23-11-28-26-199
36.39,0.49,85.36,68.05,08-05-23-11-28-26-234
36.41,0.45,85.21,72.66,08-05-23-11-28-26-268
36.44,0.43,85.10,75.02,08-05-23-11-28-26-297
36.49,0.46,84.92,76.49,08-05-23-11-28-26-333
35.26,0.57,84.98,79.49,08-05-23-11-28-26-366
34.50,0.98,87.00,87.97,08-05-23-11-28-26-400
34.23,1.20,87.30,94.90,08-05-23-11-28-26-432
34.08,1.40,87.36,97.47,08-05-23-11-28-26-467
34.04,1.62,87.38,99.00,08-05-23-11-28-26-497
34.13,1.98,87.47,101.60,08-05-23-11-28-26-539
34.28,2.31,87.57,104.01,08-05-23-11-28-26-565
34.58,2.65,88.60,108.95,08-05-23-11-28-26-606
34.90,2.93,90.87,117.24,08-05-23-11-28-26-636
35.33,3.32,91.90,120.50,08-05-23-11-28-26-664
35.78,3.64,91.50,124.80,08-05-23-11-28-26-699
36.24,3.88,94.19,133.05,08-05-23-11-28-26-731
36.75,4.19,94.58,135.96,08-05-23-11-28-26-763
37.24,4.56,94.87,137.87,08-05-23-11-28-26-800
37.68,4.86,94.59,140.50,08-05-23-11-28-26-837
38.04,5.09,94.29,142.14,08-05-23-11-28-26-867
38.32,5.35,93.93,143.15,08-05-23-11-28-26-900
38.39,5.84,93.38,143.90,08-05-23-11-28-26-934
38.31,6.48,92.74,144.49,08-05-23-11-28-26-965
38.25,7.12,92.09,144.81,08-05-23-11-28-26-997
38.31,7.61,91.58,144.83,08-05-23-11-28-27-029
38.39,7.94,91.23,144.70,08-05-23-11-28-27-065
38.50,8.14,91.03,144.45,08-05-23-11-28-27-099
38.64,8.16,91.03,144.12,08-05-23-11-28-27-133
39.15,7.36,92.55,142.38,08-05-23-11-28-27-168
39.76,6.42,94.05,140.24,08-05-23-11-28-27-199
40.29,5.69,95.89,136.03,08-05-23-11-28-27-233
40.71,5.17,97.08,132.56,08-05-23-11-28-27-262
40.99,4.82,98.12,128.27,08-05-23-11-28-27-299
41.17,4.55,98.80,122.16,08-05-23-11-28-27-332
41.39,4.26,100.80,115.60,08-05-23-11-28-27-362
41.42,3.97,101.20,113.29,08-05-23-11-28-27-397
41.34,3.63,101.14,103.20,08-05-23-11-28-27-433
41.09,3.24,100.85,98.09,08-05-23-11-28-27-472
40.69,2.95,99.65,87.49,08-05-23-11-28-27-500
40.27,2.62,98.42,80.93,08-05-23-11-28-27-535
39.92,2.33,95.35,67.23,08-05-23-11-28-27-564
39.66,2.08,94.20,62.35,08-05-23-11-28-27-600
39.44,1.90,93.32,59.48,08-05-23-11-28-27-631
39.29,1.79,92.70,57.54,08-05-23-11-28-27-662
39.24,1.68,91.78,53.19,08-05-23-11-28-27-697
39.21,1.58,91.01,50.72,08-05-23-11-28-27-732
39.17,1.50,89.71,47.15,08-05-23-11-28-27-763
39.15,1.43,88.73,44.55,08-05-23-11-28-27-797
39.16,1.35,88.23,42.18,08-05-23-11-28-27-831
39.17,1.28,90.04,38.78,08-05-23-11-28-27-866
39.21,1.21,90.43,37.41,08-05-23-11-28-27-900
39.26,1.16,89.75,32.27,08-05-23-11-28-27-936
39.26,1.12,88.90,30.43,08-05-23-11-28-27-966
39.20,1.06,666.00,27.08,08-05-23-11-28-28-004
39.12,1.04,666.00,27.20,08-05-23-11-28-28-032
38.96,1.03,666.00,26.50,08-05-23-11-28-28-069
38.77,1.02,666.00,26.32,08-05-23-11-28-28-097
38.56,0.98,666.00,28.44,08-05-23-11-28-28-129
38.23,0.93,666.00,29.95,08-05-23-11-28-28-165
37.98,0.91,93.21,30.89,08-05-23-11-28-28-200
37.75,0.93,89.46,30.02,08-05-23-11-28-28-231
37.52,1.02,90.20,31.42,08-05-23-11-28-28-266
37.34,1.11,90.64,32.48,08-05-23-11-28-28-300
37.19,1.18,87.55,32.71,08-05-23-11-28-28-330
37.04,1.26,85.91,33.02,08-05-23-11-28-28-365
36.88,1.37,84.80,35.61,08-05-23-11-28-28-402
36.65,1.52,83.39,36.33,08-05-23-11-28-28-433
36.46,1.63,82.69,36.93,08-05-23-11-28-28-464
36.30,1.74,82.37,37.55,08-05-23-11-28-28-498
36.17,1.82,84.98,42.44,08-05-23-11-28-28-532
36.07,1.87,85.81,44.51,08-05-23-11-28-28-562
36.01,1.91,86.29,45.98,08-05-23-11-28-28-597
35.97,1.94,85.32,46.48,08-05-23-11-28-28-634
35.92,1.98,84.56,50.21,08-05-23-11-28-28-663
35.90,2.02,86.70,57.38,08-05-23-11-28-28-698
35.86,2.09,87.01,60.83,08-05-23-11-28-28-732
35.82,2.18,85.83,68.16,08-05-23-11-28-28-765
35.77,2.29,85.98,71.35,08-05-23-11-28-28-798
35.70,2.41,85.85,73.27,08-05-23-11-28-28-831
34.97,2.58,85.96,78.05,08-05-23-11-28-28-863
34.75,2.66,86.05,83.90,08-05-23-11-28-28-897
34.59,2.78,86.26,88.03,08-05-23-11-28-28-930
34.47,2.91,88.86,101.06,08-05-23-11-28-28-965
34.53,3.15,90.73,107.72,08-05-23-11-28-28-998
34.64,3.38,93.32,116.17,08-05-23-11-28-29-035
34.84,3.64,95.23,119.86,08-05-23-11-28-29-068
35.35,4.22,96.98,125.70,08-05-23-11-28-29-104
35.98,4.77,97.34,127.14,08-05-23-11-28-29-131
36.73,5.28,97.78,132.16,08-05-23-11-28-29-164
37.40,5.61,99.93,135.26,08-05-23-11-28-29-199
37.96,5.86,104.60,139.01,08-05-23-11-28-29-232
38.43,6.03,106.83,140.79,08-05-23-11-28-29-267
38.80,6.12,108.60,142.02,08-05-23-11-28-29-298
39.14,6.18,110.00,142.80,08-05-23-11-28-29-336
39.48,6.23,111.05,143.19,08-05-23-11-28-29-369
39.73,6.26,111.79,143.30,08-05-23-11-28-29-398
39.93,6.28,112.25,143.21,08-05-23-11-28-29-433
40.11,6.21,112.57,142.95,08-05-23-11-28-29-464
40.25,6.14,109.10,142.01,08-05-23-11-28-29-496
40.37,6.06,103.69,137.07,08-05-23-11-28-29-533
40.46,6.02,101.27,133.80,08-05-23-11-28-29-568
40.53,5.97,99.31,133.22,08-05-23-11-28-29-596
40.58,5.94,98.82,132.33,08-05-23-11-28-29-633
40.63,5.91,97.44,123.48,08-05-23-11-28-29-667
40.65,5.87,96.78,118.57,08-05-23-11-28-29-701
40.65,5.81,96.52,116.08,08-05-23-11-28-29-733
40.64,5.69,95.94,113.07,08-05-23-11-28-29-765
40.62,5.52,95.52,107.37,08-05-23-11-28-29-802
40.56,5.26,95.51,103.39,08-05-23-11-28-29-830
40.42,4.90,95.01,98.68,08-05-23-11-28-29-865
40.20,4.50,94.15,88.51,08-05-23-11-28-29-901
39.97,4.11,92.84,81.12,08-05-23-11-28-29-932
39.79,3.65,92.18,77.18,08-05-23-11-28-29-966
39.63,3.26,90.67,66.57,08-05-23-11-28-29-998
39.53,2.97,89.92,63.12,08-05-23-11-28-30-031
39.43,2.71,89.56,60.22,08-05-23-11-28-30-066
39.31,2.47,89.18,58.19,08-05-23-11-28-30-101
39.14,2.24,88.96,56.81,08-05-23-11-28-30-129
38.95,2.00,88.81,54.44,08-05-23-11-28-30-165
38.77,1.76,87.08,47.37,08-05-23-11-28-30-198
38.56,1.55,86.13,43.91,08-05-23-11-28-30-230
38.30,1.33,88.19,41.52,08-05-23-11-28-30-264
38.03,1.11,88.26,38.32,08-05-23-11-28-30-298
37.80,0.94,87.94,36.48,08-05-23-11-28-30-334
37.59,0.82,87.47,35.03,08-05-23-11-28-30-364
37.38,0.74,86.97,33.53,08-05-23-11-28-30-396
37.18,0.71,84.28,31.03,08-05-23-11-28-30-433
36.97,0.71,666.00,29.84,08-05-23-11-28-30-465
36.70,0.72,666.00,29.37,08-05-23-11-28-30-498
36.43,0.75,666.00,29.31,08-05-23-11-28-30-534
36.16,0.82,666.00,29.50,08-05-23-11-28-30-563
35.91,0.92,666.00,29.85,08-05-23-11-28-30-597
35.69,1.03,81.07,30.34,08-05-23-11-28-30-629
35.48,1.13,81.11,31.01,08-05-23-11-28-30-662
35.31,1.21,81.15,31.80,08-05-23-11-28-30-697
35.15,1.30,80.32,38.24,08-05-23-11-28-30-731
35.02,1.39,80.95,40.50,08-05-23-11-28-30-764
34.94,1.45,81.35,42.12,08-05-23-11-28-30-796
34.88,1.51,84.58,46.71,08-05-23-11-28-30-835
34.84,1.56,83.65,48.58,08-05-23-11-28-30-867
34.81,1.62,82.84,49.57,08-05-23-11-28-30-901
34.80,1.68,82.40,50.29,08-05-23-11-28-30-937
34.79,1.71,81.98,51.03,08-05-23-11-28-30-971
34.79,1.74,81.75,52.07,08-05-23-11-28-31-001
34.79,1.78,81.57,58.58,08-05-23-11-28-31-038
34.80,1.82,81.72,62.17,08-05-23-11-28-31-063
34.82,1.86,84.84,71.01,08-05-23-11-28-31-099
34.86,1.90,84.79,77.77,08-05-23-11-28-31-129
34.95,1.96,84.34,80.17,08-05-23-11-28-31-170
35.09,2.04,84.11,81.48,08-05-23-11-28-31-198
35.28,2.39,83.90,83.94,08-05-23-11-28-31-233
35.48,2.61,83.83,85.81,08-05-23-11-28-31-266
35.68,2.82,84.10,88.52,08-05-23-11-28-31-299
35.92,3.01,85.34,96.95,08-05-23-11-28-31-332
36.17,3.13,86.13,100.54,08-05-23-11-28-31-362
36.50,3.31,86.60,102.56,08-05-23-11-28-31-399
37.09,3.67,87.64,105.09,08-05-23-11-28-31-432
37.56,3.94,90.58,113.76,08-05-23-11-28-31-465
37.94,4.14,91.24,118.13,08-05-23-11-28-31-501
38.26,4.32,91.71,122.77,08-05-23-11-28-31-530
38.73,4.55,91.54,124.98,08-05-23-11-28-31-565
39.15,4.80,91.36,126.47,08-05-23-11-28-31-600
39.57,5.07,91.76,130.59,08-05-23-11-28-31-632
39.94,5.35,92.18,132.64,08-05-23-11-28-31-665
40.28,5.65,94.92,140.14,08-05-23-11-28-31-696
40.59,5.90,95.75,142.18,08-05-23-11-28-31-732
40.81,6.12,96.30,143.48,08-05-23-11-28-31-770
40.81,6.27,96.88,144.55,08-05-23-11-28-31-798
40.87,6.31,97.42,145.16,08-05-23-11-28-31-832
40.90,6.33,97.83,145.45,08-05-23-11-28-31-864
40.87,6.38,98.05,145.54,08-05-23-11-28-31-900
40.83,6.42,98.17,145.47,08-05-23-11-28-31-936
40.80,6.49,97.50,145.63,08-05-23-11-28-31-967
40.85,6.45,95.01,142.41,08-05-23-11-28-31-998
40.90,6.41,93.72,139.66,08-05-23-11-28-32-031
40.96,6.30,93.11,135.65,08-05-23-11-28-32-067
41.02,6.20,91.14,129.85,08-05-23-11-28-32-100
41.07,6.11,90.45,126.10,08-05-23-11-28-32-135
41.09,6.01,90.19,121.95,08-05-23-11-28-32-165
41.11,5.91,89.83,117.32,08-05-23-11-28-32-205
41.11,5.80,90.19,112.57,08-05-23-11-28-32-231
41.10,5.72,90.75,110.57,08-05-23-11-28-32-264
41.08,5.63,90.74,104.56,08-05-23-11-28-32-299
41.03,5.52,91.40,100.30,08-05-23-11-28-32-335
40.98,5.38,90.77,94.43,08-05-23-11-28-32-363
40.76,5.11,89.76,83.28,08-05-23-11-28-32-395
40.51,4.81,89.63,75.94,08-05-23-11-28-32-433
40.27,4.52,88.29,66.35,08-05-23-11-28-32-467
40.07,4.27,87.59,62.02,08-05-23-11-28-32-496
39.87,4.05,86.93,59.26,08-05-23-11-28-32-532
39.69,3.87,86.69,55.92,08-05-23-11-28-32-566
39.53,3.68,86.55,51.52,08-05-23-11-28-32-597
39.37,3.45,86.37,45.64,08-05-23-11-28-32-632
39.20,3.07,85.83,41.48,08-05-23-11-28-32-664
39.03,2.73,85.54,38.76,08-05-23-11-28-32-697
38.90,2.47,85.66,34.09,08-05-23-11-28-32-732
38.78,2.17,86.21,30.10,08-05-23-11-28-32-766
38.67,1.93,666.00,24.49,08-05-23-11-28-32-800
38.50,1.80,666.00,18.56,08-05-23-11-28-32-832
38.33,1.74,666.00,15.23,08-05-23-11-28-32-866
37.80,1.89,666.00,14.16,08-05-23-11-28-32-901
37.20,1.94,666.00,14.08,08-05-23-11-28-32-930
36.64,1.99,666.00,13.70,08-05-23-11-28-32-967
36.13,2.05,666.00,14.07,08-05-23-11-28-32-997
35.65,2.10,666.00,15.00,08-05-23-11-28-33-032
35.22,2.07,666.00,20.00,08-05-23-11-28-33-065
34.90,2.02,666.00,22.17,08-05-23-11-28-33-099
34.68,1.98,666.00,24.68,08-05-23-11-28-33-133
34.55,1.91,666.00,25.69,08-05-23-11-28-33-164
34.46,1.93,666.00,27.89,08-05-23-11-28-33-198
34.45,1.98,666.00,29.12,08-05-23-11-28-33-234
34.54,2.00,666.00,29.80,08-05-23-11-28-33-264
34.67,2.11,89.32,34.35,08-05-23-11-28-33-301
34.74,2.25,87.62,35.45,08-05-23-11-28-33-340
34.80,2.40,88.44,37.66,08-05-23-11-28-33-369
34.87,2.56,88.55,38.64,08-05-23-11-28-33-406
34.92,2.72,86.85,39.99,08-05-23-11-28-33-438
34.95,2.90,84.22,42.06,08-05-23-11-28-33-466
34.98,3.04,83.20,43.73,08-05-23-11-28-33-498
35.06,3.12,84.12,45.99,08-05-23-11-28-33-538
35.13,3.23,84.14,47.76,08-05-23-11-28-33-566
35.19,3.32,83.93,49.36,08-05-23-11-28-33-602
35.25,3.40,83.72,51.97,08-05-23-11-28-33-635
35.30,3.49,83.33,56.26,08-05-23-11-28-33-667
35.34,3.47,83.33,62.79,08-05-23-11-28-33-699
35.41,3.48,83.89,71.54,08-05-23-11-28-33-732
35.48,3.39,83.90,74.33,08-05-23-11-28-33-765
35.64,3.28,83.82,76.34,08-05-23-11-28-33-798
35.67,3.27,85.94,87.20,08-05-23-11-28-33-833
35.71,3.26,86.38,91.38,08-05-23-11-28-33-863
35.77,3.23,85.59,100.22,08-05-23-11-28-33-904
35.87,3.15,85.65,104.02,08-05-23-11-28-33-935
35.99,3.22,85.94,107.13,08-05-23-11-28-33-967
36.15,3.42,87.27,115.62,08-05-23-11-28-33-997
36.38,3.82,88.98,120.39,08-05-23-11-28-34-031
36.68,4.15,89.91,122.87,08-05-23-11-28-34-067
37.14,4.40,91.10,128.40,08-05-23-11-28-34-097
37.71,4.70,92.98,133.80,08-05-23-11-28-34-133
38.25,4.98,95.40,135.40,08-05-23-11-28-34-167
38.72,5.24,97.38,141.59,08-05-23-11-28-34-198
39.07,5.42,99.21,144.80,08-05-23-11-28-34-230
39.27,5.57,100.58,147.03,08-05-23-11-28-34-266
39.29,5.74,101.63,148.75,08-05-23-11-28-34-294
39.31,5.90,102.29,149.98,08-05-23-11-28-34-330
39.32,5.97,98.80,146.48,08-05-23-11-28-34-367
39.37,6.02,97.20,144.55,08-05-23-11-28-34-397
39.41,6.04,96.35,143.10,08-05-23-11-28-34-437
39.45,6.04,93.79,132.58,08-05-23-11-28-34-464
39.49,6.03,93.21,130.64,08-05-23-11-28-34-499
39.52,6.02,91.37,125.60,08-05-23-11-28-34-534
39.53,5.98,90.52,122.64,08-05-23-11-28-34-567
39.54,5.94,90.60,119.90,08-05-23-11-28-34-596
39.52,5.88,90.95,111.35,08-05-23-11-28-34-634
39.46,5.77,90.49,105.16,08-05-23-11-28-34-665
39.43,5.54,89.72,99.44,08-05-23-11-28-34-696
39.26,5.06,89.51,93.63,08-05-23-11-28-34-730
39.02,4.51,88.30,85.92,08-05-23-11-28-34-768
38.77,3.91,87.08,76.64,08-05-23-11-28-34-796
38.54,3.38,86.14,64.98,08-05-23-11-28-34-832
38.40,2.89,84.64,57.77,08-05-23-11-28-34-866
38.29,2.49,84.13,48.19,08-05-23-11-28-34-898
38.27,1.96,83.07,43.99,08-05-23-11-28-34-934
38.33,1.44,81.74,40.51,08-05-23-11-28-34-966
38.41,1.07,80.35,37.45,08-05-23-11-28-35-000
38.43,0.84,78.89,33.82,08-05-23-11-28-35-032
38.42,0.68,77.29,30.91,08-05-23-11-28-35-067
38.31,0.53,666.00,29.02,08-05-23-11-28-35-096
38.06,0.42,666.00,27.03,08-05-23-11-28-35-133
37.74,0.36,666.00,26.83,08-05-23-11-28-35-163
37.45,0.33,666.00,26.18,08-05-23-11-28-35-200
37.18,0.31,666.00,23.09,08-05-23-11-28-35-233
36.96,0.31,666.00,22.88,08-05-23-11-28-35-265
36.78,0.31,666.00,23.09,08-05-23-11-28-35-300
36.63,0.31,666.00,23.59,08-05-23-11-28-35-337
36.51,0.30,666.00,24.41,08-05-23-11-28-35-362
36.40,0.27,666.00,26.71,08-05-23-11-28-35-397
36.30,0.23,666.00,27.47,08-05-23-11-28-35-433
36.21,0.25,666.00,28.49,08-05-23-11-28-35-465
36.14,0.29,666.00,28.53,08-05-23-11-28-35-501
36.05,0.29,666.00,28.41,08-05-23-11-28-35-531
36.00,0.27,666.00,28.16,08-05-23-11-28-35-566
35.82,0.25,666.00,27.81,08-05-23-11-28-35-599
35.48,0.21,666.00,27.75,08-05-23-11-28-35-635
35.05,0.11,666.00,28.02,08-05-23-11-28-35-665
34.59,-0.02,666.00,28.46,08-05-23-11-28-35-701
34.11,-0.14,666.00,29.01,08-05-23-11-28-35-733
33.67,-0.22,666.00,29.54,08-05-23-11-28-35-776
33.25,-0.29,86.30,30.09,08-05-23-11-28-35-796
32.90,-0.32,85.11,30.81,08-05-23-11-28-35-839
32.64,-0.26,83.13,32.30,08-05-23-11-28-35-864
32.45,-0.19,80.39,35.36,08-05-23-11-28-35-901
32.29,-0.12,81.43,44.81,08-05-23-11-28-35-930
32.16,-0.04,81.63,49.38,08-05-23-11-28-35-966
32.07,0.04,80.91,54.08,08-05-23-11-28-36-001
32.00,0.14,80.77,59.52,08-05-23-11-28-36-033
31.95,0.22,81.41,70.69,08-05-23-11-28-36-064
31.91,0.30,81.24,73.88,08-05-23-11-28-36-097
31.90,0.38,81.16,76.84,08-05-23-11-28-36-132
31.94,0.52,81.11,82.75,08-05-23-11-28-36-164
31.97,0.95,82.83,93.60,08-05-23-11-28-36-199
31.97,1.44,83.71,98.88,08-05-23-11-28-36-232
32.08,1.91,84.48,106.87,08-05-23-11-28-36-264
32.35,2.56,84.64,109.86,08-05-23-11-28-36-298
32.63,3.16,86.32,118.29,08-05-23-11-28-36-330
32.99,3.81,87.13,121.87,08-05-23-11-28-36-362
33.38,4.41,87.03,125.75,08-05-23-11-28-36-398
33.85,4.99,87.62,129.81,08-05-23-11-28-36-433
34.35,5.56,87.92,132.66,08-05-23-11-28-36-463
34.90,6.03,88.45,137.49,08-05-23-11-28-36-498
35.40,6.44,88.71,139.34,08-05-23-11-28-36-533
35.86,6.76,88.94,140.54,08-05-23-11-28-36-562
36.24,7.00,89.18,141.34,08-05-23-11-28-36-600
36.55,7.20,89.40,141.73,08-05-23-11-28-36-633
36.80,7.29,89.67,141.80,08-05-23-11-28-36-664
37.00,7.35,89.93,141.62,08-05-23-11-28-36-696
37.17,7.36,90.17,141.25,08-05-23-11-28-36-734
37.33,7.36,90.35,140.76,08-05-23-11-28-36-768
37.48,7.26,90.44,138.80,08-05-23-11-28-36-800
37.62,7.15,90.38,136.10,08-05-23-11-28-36-832
37.78,6.95,89.90,129.06,08-05-23-11-28-36-863
37.93,6.73,89.90,124.40,08-05-23-11-28-36-898
38.07,6.47,88.87,118.09,08-05-23-11-28-36-933
38.17,6.19,89.87,115.13,08-05-23-11-28-36-966
38.25,5.88,89.26,106.55,08-05-23-11-28-36-998
38.29,5.47,89.74,100.03,08-05-23-11-28-37-033
38.32,5.05,90.37,95.93,08-05-23-11-28-37-066
38.31,4.51,90.01,90.67,08-05-23-11-28-37-098
38.31,3.95,88.77,82.86,08-05-23-11-28-37-133
38.30,3.45,88.59,76.94,08-05-23-11-28-37-165
38.39,2.75,87.44,66.36,08-05-23-11-28-37-197
38.45,2.17,86.51,58.45,08-05-23-11-28-37-231
38.49,1.73,85.51,52.68,08-05-23-11-28-37-266
38.50,1.40,84.29,48.28,08-05-23-11-28-37-297
38.69,0.77,83.19,43.54,08-05-23-11-28-37-332
38.89,0.18,82.17,39.90,08-05-23-11-28-37-363
39.01,-0.19,81.03,34.61,08-05-23-11-28-37-396
39.06,-0.41,666.00,29.25,08-05-23-11-28-37-432
39.02,-0.54,666.00,27.11,08-05-23-11-28-37-465
38.90,-0.58,666.00,25.25,08-05-23-11-28-37-498
38.70,-0.53,666.00,24.09,08-05-23-11-28-37-532
38.24,-0.42,666.00,20.15,08-05-23-11-28-37-564
37.75,-0.22,666.00,18.77,08-05-23-11-28-37-598
37.17,0.06,666.00,18.56,08-05-23-11-28-37-632
36.53,0.18,666.00,19.20,08-05-23-11-28-37-664
35.97,0.24,666.00,20.04,08-05-23-11-28-37-698
35.57,0.32,666.00,23.97,08-05-23-11-28-37-730
35.25,0.40,666.00,25.31,08-05-23-11-28-37-764
35.03,0.45,666.00,26.39,08-05-23-11-28-37-799
34.86,0.52,666.00,27.30,08-05-23-11-28-37-831
34.73,0.59,666.00,28.13,08-05-23-11-28-37-866
34.62,0.65,666.00,29.08,08-05-23-11-28-37-897
34.54,0.73,82.07,33.23,08-05-23-11-28-37-932
34.48,0.83,81.40,35.30,08-05-23-11-28-37-964
34.44,0.93,83.19,38.86,08-05-23-11-28-38-000
34.40,1.05,82.29,40.74,08-05-23-11-28-38-031
34.36,1.16,81.51,41.84,08-05-23-11-28-38-064
34.31,1.22,81.08,42.52,08-05-23-11-28-38-097
34.31,1.26,80.60,46.89,08-05-23-11-28-38-130
34.31,1.30,80.71,48.44,08-05-23-11-28-38-165
34.33,1.29,81.19,51.57,08-05-23-11-28-38-198
34.36,1.28,80.72,53.61,08-05-23-11-28-38-232
34.40,1.28,80.47,54.81,08-05-23-11-28-38-266
34.43,1.28,80.71,56.66,08-05-23-11-28-38-296
34.50,1.25,81.05,58.14,08-05-23-11-28-38-336
34.57,1.21,82.32,64.75,08-05-23-11-28-38-364
34.66,1.14,82.71,67.92,08-05-23-11-28-38-398
34.77,1.06,82.82,70.70,08-05-23-11-28-38-431
34.89,0.99,84.03,78.67,08-05-23-11-28-38-467
34.60,1.02,85.23,84.33,08-05-23-11-28-38-496
34.51,0.94,85.74,87.84,08-05-23-11-28-38-532
34.46,0.83,86.16,90.48,08-05-23-11-28-38-565
34.45,0.74,86.34,93.55,08-05-23-11-28-38-595
34.54,0.71,86.52,102.41,08-05-23-11-28-38-634
34.69,0.70,86.98,107.41,08-05-23-11-28-38-668
34.92,0.79,87.80,113.74,08-05-23-11-28-38-698
35.19,0.94,91.09,122.86,08-05-23-11-28-38-731
35.74,1.38,92.79,127.45,08-05-23-11-28-38-766
36.38,1.91,94.06,131.58,08-05-23-11-28-38-800
37.02,2.48,94.71,134.54,08-05-23-11-28-38-831
37.67,3.03,95.15,136.12,08-05-23-11-28-38-863
38.22,3.35,95.52,139.58,08-05-23-11-28-38-899
38.66,3.56,95.90,140.97,08-05-23-11-28-38-932
38.91,3.71,95.15,142.94,08-05-23-11-28-38-971
39.03,3.78,95.06,144.06,08-05-23-11-28-39-000
39.10,3.87,94.67,144.66,08-05-23-11-28-39-029
39.10,3.95,94.62,145.18,08-05-23-11-28-39-064
39.07,4.03,94.23,144.85,08-05-23-11-28-39-098
39.06,4.11,93.96,144.18,08-05-23-11-28-39-132
39.07,4.21,94.29,143.41,08-05-23-11-28-39-167
39.08,4.29,93.18,139.08,08-05-23-11-28-39-200
39.08,4.36,92.89,137.04,08-05-23-11-28-39-232
39.09,4.40,91.60,130.59,08-05-23-11-28-39-268
39.10,4.41,92.72,129.94,08-05-23-11-28-39-298
39.12,4.40,92.78,127.94,08-05-23-11-28-39-331
39.13,4.38,92.83,126.05,08-05-23-11-28-39-367
39.15,4.36,92.47,123.13,08-05-23-11-28-39-396
39.16,4.25,92.05,119.74,08-05-23-11-28-39-431
39.17,4.14,92.80,114.86,08-05-23-11-28-39-466
39.17,4.05,89.88,104.60,08-05-23-11-28-39-497
39.26,3.89,88.30,98.22,08-05-23-11-28-39-535
39.29,3.75,87.13,89.50,08-05-23-11-28-39-569
39.30,3.60,86.69,85.01,08-05-23-11-28-39-598
39.28,3.42,85.68,79.77,08-05-23-11-28-39-633
39.26,3.27,85.05,76.60,08-05-23-11-28-39-662
39.20,3.08,84.23,71.07,08-05-23-11-28-39-698
39.17,2.86,83.65,67.45,08-05-23-11-28-39-730
39.16,2.60,83.22,62.20,08-05-23-11-28-39-767
39.16,2.30,82.36,56.92,08-05-23-11-28-39-797
39.17,2.00,81.83,52.95,08-05-23-11-28-39-830
39.15,1.74,83.30,46.20,08-05-23-11-28-39-864
39.12,1.53,83.49,43.18,08-05-23-11-28-39-897
39.05,1.36,81.32,35.39,08-05-23-11-28-39-933
38.93,1.26,79.75,31.67,08-05-23-11-28-39-966
38.75,1.18,666.00,28.28,08-05-23-11-28-39-999
38.47,1.14,666.00,24.17,08-05-23-11-28-40-032
38.16,1.18,666.00,22.36,08-05-23-11-28-40-064
37.74,1.19,666.00,21.70,08-05-23-11-28-40-096
37.20,1.33,666.00,21.48,08-05-23-11-28-40-132
36.68,1.47,666.00,21.55,08-05-23-11-28-40-166
36.07,1.52,666.00,21.69,08-05-23-11-28-40-200
35.53,1.57,666.00,22.02,08-05-23-11-28-40-231
35.07,1.64,666.00,22.59,08-05-23-11-28-40-266
34.66,1.70,666.00,22.83,08-05-23-11-28-40-300
34.34,1.80,666.00,23.19,08-05-23-11-28-40-330
34.07,1.97,666.00,25.81,08-05-23-11-28-40-366
33.87,2.18,666.00,28.19,08-05-23-11-28-40-401
33.78,2.42,78.18,37.14,08-05-23-11-28-40-430
33.73,2.64,78.03,40.59,08-05-23-11-28-40-466
33.70,2.80,77.79,42.64,08-05-23-11-28-40-502
33.74,2.96,79.59,48.41,08-05-23-11-28-40-531
33.80,3.07,79.59,51.32,08-05-23-11-28-40-566
33.90,3.17,79.26,53.35,08-05-23-11-28-40-600
34.13,3.21,79.10,55.35,08-05-23-11-28-40-632
34.36,3.23,78.83,57.86,08-05-23-11-28-40-667
34.59,3.27,78.65,62.73,08-05-23-11-28-40-702
34.81,3.29,79.21,70.40,08-05-23-11-28-40-732
35.04,3.28,78.81,76.72,08-05-23-11-28-40-767
35.22,3.26,79.07,81.12,08-05-23-11-28-40-800
35.32,3.37,81.80,90.85,08-05-23-11-28-40-833
35.31,3.49,82.18,100.67,08-05-23-11-28-40-865
35.32,3.63,83.44,108.89,08-05-23-11-28-40-896
35.38,3.78,84.12,112.33,08-05-23-11-28-40-933
35.58,3.97,85.53,119.71,08-05-23-11-28-40-966
35.87,4.19,87.66,123.65,08-05-23-11-28-40-996
36.46,4.63,91.30,130.03,08-05-23-11-28-41-030
37.08,5.08,92.64,134.08,08-05-23-11-28-41-064
37.87,5.59,93.05,136.56,08-05-23-11-28-41-101
38.68,6.02,94.44,139.74,08-05-23-11-28-41-129
39.18,6.26,95.26,141.27,08-05-23-11-28-41-166
39.43,6.36,96.00,142.49,08-05-23-11-28-41-198
38.64,6.73,96.63,144.40,08-05-23-11-28-41-232
37.98,7.03,97.12,145.81,08-05-23-11-28-41-269
37.49,7.26,97.43,146.75,08-05-23-11-28-41-298
37.13,7.43,97.60,147.32,08-05-23-11-28-41-333
36.89,7.51,97.69,147.58,08-05-23-11-28-41-366
36.72,7.56,96.41,147.17,08-05-23-11-28-41-398
36.66,7.48,95.99,147.04,08-05-23-11-28-41-431
36.83,7.24,95.79,146.39,08-05-23-11-28-41-464
37.17,6.94,93.74,140.30,08-05-23-11-28-41-497
37.60,6.64,93.05,136.87,08-05-23-11-28-41-531
38.02,6.33,92.76,133.99,08-05-23-11-28-41-563
38.37,5.99,92.44,128.12,08-05-23-11-28-41-598
38.65,5.54,92.47,117.55,08-05-23-11-28-41-632
38.85,5.07,92.51,112.21,08-05-23-11-28-41-665
39.00,4.63,91.99,106.75,08-05-23-11-28-41-697
39.21,4.11,91.80,102.23,08-05-23-11-28-41-732
39.42,3.57,92.05,97.76,08-05-23-11-28-41-765
39.49,3.10,91.63,89.76,08-05-23-11-28-41-798
39.53,2.69,90.93,84.23,08-05-23-11-28-41-833
39.55,2.35,90.17,78.88,08-05-23-11-28-41-862
39.57,2.03,88.01,68.13,08-05-23-11-28-41-898
39.59,1.67,86.46,62.72,08-05-23-11-28-41-931
39.59,1.29,84.45,55.00,08-05-23-11-28-41-963
39.58,0.97,83.67,51.08,08-05-23-11-28-41-997
39.55,0.57,81.31,42.80,08-05-23-11-28-42-033
39.50,0.22,79.91,39.79,08-05-23-11-28-42-063
39.37,-0.04,78.94,38.00,08-05-23-11-28-42-096
39.17,-0.27,78.13,36.81,08-05-23-11-28-42-131
38.82,-0.42,77.80,36.33,08-05-23-11-28-42-161
38.45,-0.52,77.59,35.55,08-05-23-11-28-42-195
38.01,-0.52,77.70,35.25,08-05-23-11-28-42-231
37.60,-0.49,78.74,34.74,08-05-23-11-28-42-263
37.24,-0.43,78.90,33.83,08-05-23-11-28-42-299
36.94,-0.37,79.09,33.38,08-05-23-11-28-42-331
36.69,-0.29,79.25,33.20,08-05-23-11-28-42-366
36.49,-0.21,81.07,33.51,08-05-23-11-28-42-398
36.32,-0.12,80.93,33.50,08-05-23-11-28-42-432
36.19,-0.04,80.69,33.57,08-05-23-11-28-42-465
36.08,0.05,80.45,33.71,08-05-23-11-28-42-498
35.99,0.11,80.07,33.93,08-05-23-11-28-42-532
35.93,0.15,80.73,36.54,08-05-23-11-28-42-565
35.88,0.21,81.01,38.00,08-05-23-11-28-42-599
35.77,0.29,81.10,39.16,08-05-23-11-28-42-632
35.69,0.36,79.31,41.38,08-05-23-11-28-42-666
35.62,0.41,78.41,42.82,08-05-23-11-28-42-698
35.60,0.38,77.92,43.89,08-05-23-11-28-42-731
35.57,0.37,77.66,45.63,08-05-23-11-28-42-763
35.61,0.19,77.59,48.07,08-05-23-11-28-42-797
35.67,0.04,82.06,58.66,08-05-23-11-28-42-831
35.71,-0.08,83.50,63.91,08-05-23-11-28-42-864
35.76,-0.16,83.42,68.85,08-05-23-11-28-42-898
35.77,-0.22,83.00,76.54,08-05-23-11-28-42-930
35.80,-0.29,82.11,81.69,08-05-23-11-28-42-964
35.85,-0.31,81.87,84.52,08-05-23-11-28-43-000
35.85,0.03,82.38,91.02,08-05-23-11-28-43-033
35.90,0.39,82.64,94.29,08-05-23-11-28-43-065
35.98,0.83,82.95,99.63,08-05-23-11-28-43-099
35.83,1.33,83.74,105.27,08-05-23-11-28-43-133
35.90,1.81,84.19,108.21,08-05-23-11-28-43-164
36.16,2.44,85.99,116.16,08-05-23-11-28-43-198
36.68,3.12,86.60,119.11,08-05-23-11-28-43-235
37.30,3.68,88.26,125.69,08-05-23-11-28-43-265
37.92,4.13,88.49,129.20,08-05-23-11-28-43-300
38.49,4.48,88.86,131.46,08-05-23-11-28-43-330
39.02,4.79,88.99,132.87,08-05-23-11-28-43-364
39.53,5.03,89.29,134.26,08-05-23-11-28-43-397
40.02,5.28,89.96,137.42,08-05-23-11-28-43-442
40.46,5.46,91.40,140.51,08-05-23-11-28-43-463
40.79,5.60,92.05,141.89,08-05-23-11-28-43-499
40.95,5.71,92.55,142.92,08-05-23-11-28-43-532
41.06,5.84,92.90,143.66,08-05-23-11-28-43-563
40.99,6.02,93.08,144.31,08-05-23-11-28-43-599
40.88,6.22,93.15,144.82,08-05-23-11-28-43-631
40.76,6.41,93.15,145.17,08-05-23-11-28-43-666
40.66,6.55,93.13,145.37,08-05-23-11-28-43-699
40.56,6.66,93.10,145.49,08-05-23-11-28-43-731
40.50,6.74,93.12,145.56,08-05-23-11-28-43-766
40.46,6.79,93.14,145.56,08-05-23-11-28-43-797
40.45,6.85,91.61,142.02,08-05-23-11-28-43-833
40.49,6.87,90.93,140.41,08-05-23-11-28-43-865
40.54,6.84,91.70,131.87,08-05-23-11-28-43-900
40.61,6.78,91.95,127.97,08-05-23-11-28-43-936
40.69,6.67,91.85,121.81,08-05-23-11-28-43-967
40.75,6.41,92.36,116.17,08-05-23-11-28-43-998
40.76,5.99,92.03,111.19,08-05-23-11-28-44-032
40.71,5.51,91.57,105.14,08-05-23-11-28-44-065
40.76,4.90,91.48,100.26,08-05-23-11-28-44-098
40.84,4.15,91.26,94.78,08-05-23-11-28-44-135
40.95,3.39,90.72,85.24,08-05-23-11-28-44-167
41.02,2.73,88.98,76.31,08-05-23-11-28-44-197
41.03,2.08,88.17,71.99,08-05-23-11-28-44-233
41.03,1.55,87.97,67.04,08-05-23-11-28-44-263
40.99,1.05,87.45,63.65,08-05-23-11-28-44-299
40.94,0.65,85.23,53.57,08-05-23-11-28-44-333
40.89,0.31,83.76,49.01,08-05-23-11-28-44-364
40.83,0.06,82.50,45.33,08-05-23-11-28-44-395
40.71,-0.17,81.06,41.63,08-05-23-11-28-44-430
40.49,-0.39,79.72,39.15,08-05-23-11-28-44-465
40.15,-0.61,77.88,36.61,08-05-23-11-28-44-499
39.80,-0.71,75.79,33.46,08-05-23-11-28-44-533
39.24,-0.77,73.90,30.62,08-05-23-11-28-44-562
38.63,-0.73,666.00,26.49,08-05-23-11-28-44-598
37.99,-0.50,666.00,25.80,08-05-23-11-28-44-630
37.25,-0.15,666.00,23.25,08-05-23-11-28-44-669
36.44,0.22,666.00,22.51,08-05-23-11-28-44-698
35.71,0.51,666.00,22.67,08-05-23-11-28-44-730
35.08,0.77,666.00,23.24,08-05-23-11-28-44-765
34.56,1.01,666.00,23.97,08-05-23-11-28-44-799
34.12,1.21,666.00,24.82,08-05-23-11-28-44-829
33.77,1.40,666.00,25.23,08-05-23-11-28-44-866
33.50,1.59,666.00,27.04,08-05-23-11-28-44-899
33.34,1.75,666.00,28.82,08-05-23-11-28-44-931
33.20,1.90,71.60,31.29,08-05-23-11-28-44-967
33.08,2.04,72.56,34.85,08-05-23-11-28-45-001
32.96,2.19,79.22,45.31,08-05-23-11-28-45-032
32.86,2.31,80.36,51.05,08-05-23-11-28-45-064
32.78,2.40,80.19,54.87,08-05-23-11-28-45-098
32.72,2.50,80.57,61.27,08-05-23-11-28-45-131
32.68,2.60,80.23,67.63,08-05-23-11-28-45-165
32.68,2.67,79.21,74.44,08-05-23-11-28-45-198
32.72,2.73,79.34,83.98,08-05-23-11-28-45-233
32.80,2.92,80.84,92.74,08-05-23-11-28-45-265
32.92,3.09,80.70,96.24,08-05-23-11-28-45-300
33.19,3.26,80.20,100.12,08-05-23-11-28-45-332
33.60,3.44,82.55,107.88,08-05-23-11-28-45-364
34.27,3.83,83.35,110.51,08-05-23-11-28-45-397
34.99,4.20,84.02,113.25,08-05-23-11-28-45-431
35.80,4.51,84.46,116.82,08-05-23-11-28-45-464
36.65,4.92,89.26,123.27,08-05-23-11-28-45-498
37.42,5.28,88.68,127.15,08-05-23-11-28-45-533
38.12,5.65,86.22,127.40,08-05-23-11-28-45-564
38.74,5.93,86.07,129.05,08-05-23-11-28-45-603
39.27,6.16,85.47,129.95,08-05-23-11-28-45-635
39.67,6.33,85.65,131.33,08-05-23-11-28-45-663
39.97,6.44,85.60,132.48,08-05-23-11-28-45-698
40.21,6.55,85.73,133.16,08-05-23-11-28-45-731
40.39,6.64,85.91,133.64,08-05-23-11-28-45-763
40.54,6.73,86.24,134.79,08-05-23-11-28-45-799
40.64,6.80,87.07,135.31,08-05-23-11-28-45-836
40.72,6.85,87.85,137.47,08-05-23-11-28-45-864
40.78,6.89,88.79,138.95,08-05-23-11-28-45-899
40.82,6.94,89.08,139.72,08-05-23-11-28-45-934
40.86,6.95,89.27,140.27,08-05-23-11-28-45-963
40.88,6.94,89.37,140.69,08-05-23-11-28-46-002
40.89,6.94,89.39,140.84,08-05-23-11-28-46-034
40.90,6.93,89.45,141.01,08-05-23-11-28-46-064
40.91,6.91,89.35,140.93,08-05-23-11-28-46-097
41.22,6.55,89.73,139.73,08-05-23-11-28-46-130
41.42,6.31,89.96,138.25,08-05-23-11-28-46-164
41.54,6.14,92.22,130.86,08-05-23-11-28-46-198
41.68,5.95,92.93,127.02,08-05-23-11-28-46-235
41.81,5.66,92.77,123.14,08-05-23-11-28-46-265
41.91,5.32,92.43,119.20,08-05-23-11-28-46-299
41.95,4.89,91.85,114.82,08-05-23-11-28-46-331
41.95,4.41,91.75,110.24,08-05-23-11-28-46-363
41.90,3.83,91.37,103.68,08-05-23-11-28-46-399
41.78,3.06,91.20,99.91,08-05-23-11-28-46-433
41.63,2.37,90.61,96.11,08-05-23-11-28-46-465
41.47,1.74,88.83,87.03,08-05-23-11-28-46-500
41.31,1.14,87.90,82.50,08-05-23-11-28-46-534
41.13,0.63,87.27,79.62,08-05-23-11-28-46-564
38.72,0.47,87.01,82.05,08-05-23-11-28-46-601
38.10,0.24,85.15,72.77,08-05-23-11-28-46-636
37.72,0.07,84.42,69.07,08-05-23-11-28-46-664
37.46,-0.04,83.89,66.22,08-05-23-11-28-46-698
37.31,-0.11,83.50,63.13,08-05-23-11-28-46-730
37.20,-0.16,83.02,60.56,08-05-23-11-28-46-766
37.13,-0.19,82.77,58.03,08-05-23-11-28-46-796
37.07,-0.21,82.48,54.53,08-05-23-11-28-46-833
37.02,-0.23,81.92,50.50,08-05-23-11-28-46-864
36.99,-0.27,82.50,44.77,08-05-23-11-28-46-897
36.98,-0.31,79.91,38.92,08-05-23-11-28-46-930
36.97,-0.35,78.31,35.90,08-05-23-11-28-46-964
36.94,-0.40,77.31,33.81,08-05-23-11-28-46-996
36.91,-0.43,80.13,30.95,08-05-23-11-28-47-031
36.88,-0.47,666.00,28.11,08-05-23-11-28-47-064
36.72,-0.47,666.00,26.89,08-05-23-11-28-47-097
36.54,-0.43,666.00,26.22,08-05-23-11-28-47-132
36.34,-0.36,666.00,25.91,08-05-23-11-28-47-166
36.12,-0.27,666.00,25.87,08-05-23-11-28-47-194
35.90,-0.16,666.00,26.03,08-05-23-11-28-47-230
35.68,-0.02,666.00,26.32,08-05-23-11-28-47-263
35.47,0.12,666.00,26.69,08-05-23-11-28-47-299
35.28,0.27,666.00,27.17,08-05-23-11-28-47-331
35.06,0.45,666.00,28.07,08-05-23-11-28-47-365
34.85,0.63,78.81,30.16,08-05-23-11-28-47-396
34.70,0.77,78.58,32.38,08-05-23-11-28-47-433
34.57,0.89,78.63,41.58,08-05-23-11-28-47-466
34.45,1.06,79.21,46.73,08-05-23-11-28-47-497
34.31,1.32,79.84,51.36,08-05-23-11-28-47-532
34.16,1.58,79.85,58.75,08-05-23-11-28-47-564
34.06,1.81,80.12,65.39,08-05-23-11-28-47-598
33.96,2.08,79.38,70.14,08-05-23-11-28-47-631
33.79,2.26,79.84,76.99,08-05-23-11-28-47-663
33.67,2.50,80.78,88.51,08-05-23-11-28-47-697
33.57,2.64,81.23,93.52,08-05-23-11-28-47-731
33.51,2.90,81.40,97.28,08-05-23-11-28-47-764
33.06,1.74,81.57,100.95,08-05-23-11-28-47-797
32.74,1.16,81.99,104.85,08-05-23-11-28-47-830
33.79,2.64,82.97,113.46,08-05-23-11-28-47-862
35.19,3.70,83.22,115.86,08-05-23-11-28-47-895
36.53,4.47,85.17,122.37,08-05-23-11-28-47-932
37.84,4.98,85.67,125.82,08-05-23-11-28-47-966
38.93,5.39,86.27,127.55,08-05-23-11-28-47-997
39.79,5.66,87.07,129.93,08-05-23-11-28-48-031
40.39,5.84,87.88,131.38,08-05-23-11-28-48-071
40.80,5.94,91.49,138.25,08-05-23-11-28-48-096
41.08,5.99,92.87,140.42,08-05-23-11-28-48-130
41.26,6.02,91.78,141.42,08-05-23-11-28-48-166
41.34,6.08,90.28,141.67,08-05-23-11-28-48-198
41.31,6.12,89.59,141.99,08-05-23-11-28-48-231
41.20,6.16,88.90,142.09,08-05-23-11-28-48-265
41.00,6.17,88.34,142.10,08-05-23-11-28-48-296
40.77,6.18,87.88,142.06,08-05-23-11-28-48-332
40.53,6.18,87.53,142.01,08-05-23-11-28-48-365
40.32,6.17,86.99,141.55,08-05-23-11-28-48-397
40.19,6.21,86.84,141.30,08-05-23-11-28-48-430
40.10,6.26,87.35,138.11,08-05-23-11-28-48-465
40.03,6.29,88.84,128.81,08-05-23-11-28-48-499
39.99,6.29,89.10,124.72,08-05-23-11-28-48-531
39.94,6.26,88.89,121.63,08-05-23-11-28-48-566
39.86,6.10,88.16,118.14,08-05-23-11-28-48-598
39.78,5.83,91.05,114.21,08-05-23-11-28-48-635
39.71,5.50,89.15,106.23,08-05-23-11-28-48-665
39.62,5.10,88.38,102.45,08-05-23-11-28-48-697
39.64,4.62,88.21,99.22,08-05-23-11-28-48-732
39.63,4.14,87.89,90.95,08-05-23-11-28-48-765
39.65,3.66,87.59,86.95,08-05-23-11-28-48-797
39.70,3.19,87.08,83.64,08-05-23-11-28-48-834
39.70,2.72,86.37,80.02,08-05-23-11-28-48-863
39.65,2.25,84.72,68.69,08-05-23-11-28-48-899
39.57,1.83,84.59,66.11,08-05-23-11-28-48-934
39.47,1.50,83.68,64.17,08-05-23-11-28-48-965
39.32,1.16,83.80,63.14,08-05-23-11-28-48-998
39.18,0.88,82.74,57.99,08-05-23-11-28-49-032
39.00,0.63,81.62,54.43,08-05-23-11-28-49-065
38.80,0.45,77.86,45.28,08-05-23-11-28-49-099
38.59,0.33,76.23,41.82,08-05-23-11-28-49-130
38.36,0.28,75.25,40.03,08-05-23-11-28-49-163
38.09,0.30,77.08,37.63,08-05-23-11-28-49-197
37.84,0.37,77.36,35.01,08-05-23-11-28-49-234
37.53,0.60,77.20,33.94,08-05-23-11-28-49-262
37.28,0.91,77.81,33.59,08-05-23-11-28-49-297
37.07,1.24,79.27,33.15,08-05-23-11-28-49-333
36.83,1.44,666.00,28.45,08-05-23-11-28-49-365
36.53,1.71,666.00,23.24,08-05-23-11-28-49-400
36.21,1.94,666.00,21.68,08-05-23-11-28-49-433
35.86,2.20,666.00,21.20,08-05-23-11-28-49-466
35.56,2.44,666.00,21.26,08-05-23-11-28-49-500
35.30,2.62,666.00,21.59,08-05-23-11-28-49-534
35.08,2.76,666.00,25.72,08-05-23-11-28-49-563
34.89,2.85,666.00,29.05,08-05-23-11-28-49-601
34.69,2.93,76.64,32.60,08-05-23-11-28-49-636
34.51,2.97,76.61,36.98,08-05-23-11-28-49-665
34.33,3.01,77.10,49.49,08-05-23-11-28-49-701
34.17,3.06,77.85,55.31,08-05-23-11-28-49-731
34.02,3.11,79.78,64.54,08-05-23-11-28-49-764
33.90,3.18,78.63,69.96,08-05-23-11-28-49-798
33.82,3.22,78.34,76.91,08-05-23-11-28-49-831
33.79,3.25,78.18,81.85,08-05-23-11-28-49-861
33.79,3.27,78.11,87.28,08-05-23-11-28-49-897
33.92,3.33,78.46,93.07,08-05-23-11-28-49-935
33.49,2.45,78.54,98.17,08-05-23-11-28-49-964
32.89,1.35,78.97,104.16,08-05-23-11-28-49-996
32.31,0.40,80.63,113.87,08-05-23-11-28-50-029
35.20,3.30,81.42,115.06,08-05-23-11-28-50-065
37.13,4.99,81.55,115.71,08-05-23-11-28-50-095
38.43,6.00,83.30,123.55,08-05-23-11-28-50-132
39.32,6.56,84.00,127.38,08-05-23-11-28-50-164
40.11,7.00,84.42,129.01,08-05-23-11-28-50-197
40.63,7.30,84.88,130.27,08-05-23-11-28-50-233
40.99,7.52,85.05,131.08,08-05-23-11-28-50-266
41.24,7.59,85.15,131.54,08-05-23-11-28-50-298
41.23,7.41,85.61,132.69,08-05-23-11-28-50-335
41.17,7.35,85.93,133.55,08-05-23-11-28-50-364
40.92,7.22,86.37,134.62,08-05-23-11-28-50-398
40.51,7.14,86.72,135.67,08-05-23-11-28-50-433
40.01,7.07,87.04,136.67,08-05-23-11-28-50-465
39.66,7.12,87.26,137.47,08-05-23-11-28-50-497
39.39,7.06,87.51,138.06,08-05-23-11-28-50-533
39.20,6.98,87.83,138.50,08-05-23-11-28-50-564
39.06,6.90,88.91,139.75,08-05-23-11-28-50-596
38.95,6.83,89.17,139.98,08-05-23-11-28-50-631
38.91,6.72,89.80,140.08,08-05-23-11-28-50-663
38.91,6.59,89.27,137.36,08-05-23-11-28-50-699
38.94,6.46,88.62,136.28,08-05-23-11-28-50-733
39.05,6.32,85.70,130.46,08-05-23-11-28-50-768
39.17,6.17,84.78,128.34,08-05-23-11-28-50-796
39.29,6.05,83.69,120.99,08-05-23-11-28-50-831
39.39,5.92,83.53,118.57,08-05-23-11-28-50-865
39.47,5.80,83.51,114.53,08-05-23-11-28-50-898
39.53,5.66,83.24,111.18,08-05-23-11-28-50-932
39.58,5.52,82.48,106.41,08-05-23-11-28-50-966
39.64,5.36,81.84,102.30,08-05-23-11-28-51-001
39.68,5.10,81.74,91.96,08-05-23-11-28-51-031
39.66,4.76,81.88,85.22,08-05-23-11-28-51-066
39.60,4.45,81.57,81.45,08-05-23-11-28-51-099
39.58,4.17,81.33,78.84,08-05-23-11-28-51-131
39.53,3.91,78.69,67.56,08-05-23-11-28-51-166
39.49,3.69,77.61,62.77,08-05-23-11-28-51-198
39.46,3.52,77.02,60.07,08-05-23-11-28-51-233
39.45,3.32,76.93,57.38,08-05-23-11-28-51-270
39.44,3.16,76.08,53.96,08-05-23-11-28-51-300
39.40,3.12,74.51,47.42,08-05-23-11-28-51-330
39.35,3.15,73.83,44.40,08-05-23-11-28-51-367
39.25,3.28,74.62,41.74,08-05-23-11-28-51-398
39.10,3.43,74.05,38.38,08-05-23-11-28-51-431
38.85,3.50,73.78,36.39,08-05-23-11-28-51-464
38.58,3.56,73.36,34.72,08-05-23-11-28-51-499
38.30,3.64,72.96,33.50,08-05-23-11-28-51-530
37.96,3.79,74.83,30.84,08-05-23-11-28-51-565
37.65,3.93,666.00,27.56,08-05-23-11-28-51-597
37.38,4.11,666.00,25.77,08-05-23-11-28-51-632
37.16,4.26,666.00,24.78,08-05-23-11-28-51-667
36.97,4.39,666.00,24.12,08-05-23-11-28-51-699
36.81,4.54,666.00,23.41,08-05-23-11-28-51-728
36.64,4.67,666.00,25.12,08-05-23-11-28-51-765
36.47,4.77,666.00,25.93,08-05-23-11-28-51-797
36.17,4.79,666.00,27.20,08-05-23-11-28-51-834
35.81,4.79,77.79,32.10,08-05-23-11-28-51-865
35.38,4.76,76.13,35.86,08-05-23-11-28-51-904
34.96,4.65,75.08,38.67,08-05-23-11-28-51-933
34.57,4.53,74.30,42.74,08-05-23-11-28-51-962
34.33,4.43,74.59,52.65,08-05-23-11-28-51-998
34.24,4.36,74.39,56.43,08-05-23-11-28-52-034
34.24,4.32,74.85,61.06,08-05-23-11-28-52-065
34.33,4.27,75.36,66.19,08-05-23-11-28-52-100
34.51,4.29,75.27,74.34,08-05-23-11-28-52-134
34.81,4.29,75.76,79.84,08-05-23-11-28-52-164
35.16,4.29,75.95,86.61,08-05-23-11-28-52-198
35.18,4.32,77.99,94.84,08-05-23-11-28-52-234
35.11,4.43,78.43,97.70,08-05-23-11-28-52-263
34.85,4.57,78.66,99.88,08-05-23-11-28-52-298
35.09,4.83,79.08,100.29,08-05-23-11-28-52-332
35.41,5.56,79.13,102.71,08-05-23-11-28-52-367
35.99,6.21,81.86,110.76,08-05-23-11-28-52-396
36.53,6.75,82.88,114.02,08-05-23-11-28-52-432
37.13,7.28,83.02,116.11,08-05-23-11-28-52-465
37.81,7.69,84.03,121.31,08-05-23-11-28-52-498
38.52,8.03,83.91,123.26,08-05-23-11-28-52-531
39.27,8.33,83.61,124.18,08-05-23-11-28-52-563
39.87,8.54,83.96,128.47,08-05-23-11-28-52-596
40.34,8.72,83.60,129.29,08-05-23-11-28-52-632
40.70,8.88,83.23,129.54,08-05-23-11-28-52-664
40.96,8.98,83.22,130.05,08-05-23-11-28-52-696
41.15,9.07,83.49,132.16,08-05-23-11-28-52-732
41.28,9.13,83.71,132.89,08-05-23-11-28-52-765
41.31,9.19,83.95,133.65,08-05-23-11-28-52-797
41.26,9.27,84.08,134.31,08-05-23-11-28-52-830
41.16,9.41,84.15,134.90,08-05-23-11-28-52-869
41.04,9.54,84.20,135.41,08-05-23-11-28-52-897
40.82,9.67,84.24,135.97,08-05-23-11-28-52-937
40.59,9.81,84.25,136.45,08-05-23-11-28-52-963
40.40,9.96,84.26,136.89,08-05-23-11-28-52-996
40.23,10.07,84.96,138.20,08-05-23-11-28-53-029
40.09,10.15,85.37,138.67,08-05-23-11-28-53-064
39.99,10.28,85.54,138.82,08-05-23-11-28-53-098
39.93,10.37,86.13,138.82,08-05-23-11-28-53-131
39.91,10.40,87.34,132.19,08-05-23-11-28-53-161
39.90,10.44,86.06,129.85,08-05-23-11-28-53-194
39.93,10.43,85.27,123.79,08-05-23-11-28-53-228
39.97,10.28,84.90,119.97,08-05-23-11-28-53-265
39.99,10.00,84.80,116.84,08-05-23-11-28-53-302
39.98,9.59,84.29,112.36,08-05-23-11-28-53-330
39.91,9.05,84.55,107.87,08-05-23-11-28-53-365
39.93,8.36,84.23,102.07,08-05-23-11-28-53-399
39.88,7.64,83.02,91.54,08-05-23-11-28-53-429
39.80,7.09,82.42,86.70,08-05-23-11-28-53-462
39.67,6.58,82.11,83.73,08-05-23-11-28-53-498
39.54,6.18,83.11,82.41,08-05-23-11-28-53-531
39.42,5.83,82.75,77.76,08-05-23-11-28-53-565
39.28,5.47,81.83,72.59,08-05-23-11-28-53-600
39.14,5.08,79.99,63.94,08-05-23-11-28-53-634
38.93,4.66,78.18,57.45,08-05-23-11-28-53-665
38.73,4.31,77.20,54.72,08-05-23-11-28-53-700
38.52,4.01,76.05,52.04,08-05-23-11-28-53-730
38.29,3.76,75.30,49.39,08-05-23-11-28-53-765
38.00,3.61,74.72,47.52,08-05-23-11-28-53-797
37.69,3.49,74.35,45.21,08-05-23-11-28-53-828
37.44,3.43,73.78,43.27,08-05-23-11-28-53-866
37.21,3.46,73.45,41.32,08-05-23-11-28-53-904
36.99,3.52,72.91,39.67,08-05-23-11-28-53-933
36.73,3.60,72.26,37.98,08-05-23-11-28-53-964
36.38,3.75,71.77,36.99,08-05-23-11-28-53-996
35.98,3.92,71.54,36.38,08-05-23-11-28-54-031
35.59,4.13,71.62,35.94,08-05-23-11-28-54-066
35.22,4.38,71.86,35.74,08-05-23-11-28-54-098
34.91,4.61,72.10,35.66,08-05-23-11-28-54-131
34.65,4.80,72.36,35.63,08-05-23-11-28-54-165
34.44,4.97,72.58,35.67,08-05-23-11-28-54-198
34.27,5.11,78.10,38.25,08-05-23-11-28-54-239
34.13,5.28,79.65,39.67,08-05-23-11-28-54-264
34.02,5.43,75.69,41.51,08-05-23-11-28-54-297
33.93,5.53,73.79,43.04,08-05-23-11-28-54-330
33.86,5.63,72.99,44.88,08-05-23-11-28-54-365
33.79,5.72,73.15,48.39,08-05-23-11-28-54-395
33.74,5.79,74.56,53.49,08-05-23-11-28-54-433
33.71,5.84,74.26,56.90,08-05-23-11-28-54-464
33.70,5.90,76.37,71.04,08-05-23-11-28-54-497
33.71,5.93,76.96,77.34,08-05-23-11-28-54-531
33.76,5.90,77.16,80.59,08-05-23-11-28-54-564
33.22,5.92,77.68,85.59,08-05-23-11-28-54-596
32.90,6.00,80.02,96.66,08-05-23-11-28-54-632
32.67,6.11,80.87,100.64,08-05-23-11-28-54-663
32.46,6.20,82.42,107.23,08-05-23-11-28-54-695
32.85,6.26,82.86,108.86,08-05-23-11-28-54-733
33.38,6.26,83.64,115.72,08-05-23-11-28-54-765
34.00,6.22,84.13,117.90,08-05-23-11-28-54-798
35.08,6.23,84.90,119.49,08-05-23-11-28-54-834
36.14,6.33,85.44,120.91,08-05-23-11-28-54-868
37.19,6.56,85.59,122.36,08-05-23-11-28-54-898
38.07,6.71,85.62,123.14,08-05-23-11-28-54-938
38.75,6.84,85.80,123.80,08-05-23-11-28-54-965
39.40,6.98,85.96,124.39,08-05-23-11-28-54-998
39.94,7.10,86.76,126.50,08-05-23-11-28-55-032
40.35,7.16,87.52,130.35,08-05-23-11-28-55-067
40.66,7.20,88.17,131.68,08-05-23-11-28-55-095
40.90,7.24,88.83,133.24,08-05-23-11-28-55-134
41.07,7.26,89.28,134.20,08-05-23-11-28-55-167
41.21,7.26,89.70,134.93,08-05-23-11-28-55-199
41.31,7.26,90.06,135.49,08-05-23-11-28-55-235
41.38,7.27,90.39,135.92,08-05-23-11-28-55-267
41.41,7.30,90.66,136.27,08-05-23-11-28-55-295
41.42,7.34,90.87,136.53,08-05-23-11-28-55-333
41.37,7.38,91.03,136.82,08-05-23-11-28-55-369
41.30,7.44,91.14,137.06,08-05-23-11-28-55-396
41.23,7.49,91.23,137.26,08-05-23-11-28-55-433
41.18,7.51,91.55,138.84,08-05-23-11-28-55-466
41.14,7.51,91.79,138.99,08-05-23-11-28-55-499
41.10,7.51,92.01,139.01,08-05-23-11-28-55-531
41.08,7.50,92.16,137.78,08-05-23-11-28-55-567
41.07,7.47,91.73,134.14,08-05-23-11-28-55-599
41.09,7.40,91.41,131.16,08-05-23-11-28-55-631
41.11,7.30,90.96,127.80,08-05-23-11-28-55-665
41.13,7.13,90.80,123.63,08-05-23-11-28-55-696
41.15,6.90,90.43,118.32,08-05-23-11-28-55-730
41.18,6.49,91.18,114.55,08-05-23-11-28-55-768
41.18,5.93,91.72,112.38,08-05-23-11-28-55-798
41.22,5.30,89.59,102.44,08-05-23-11-28-55-830
41.28,4.64,88.64,92.03,08-05-23-11-28-55-864
41.26,3.89,88.08,86.32,08-05-23-11-28-55-898
41.20,3.15,87.98,82.56,08-05-23-11-28-55-932
41.14,2.51,85.86,73.19,08-05-23-11-28-55-967
41.08,1.97,83.30,63.92,08-05-23-11-28-55-999
40.96,1.47,82.07,59.54,08-05-23-11-28-56-028
40.83,1.05,80.82,51.80,08-05-23-11-28-56-067
40.67,0.72,79.94,48.86,08-05-23-11-28-56-101
40.44,0.44,78.96,46.99,08-05-23-11-28-56-135
40.20,0.23,78.10,45.33,08-05-23-11-28-56-164
39.80,0.20,77.14,43.80,08-05-23-11-28-56-199
39.38,0.21,76.52,41.71,08-05-23-11-28-56-232
38.85,0.25,76.00,40.22,08-05-23-11-28-56-264
38.33,0.34,75.24,37.97,08-05-23-11-28-56-298
37.86,0.50,74.73,34.04,08-05-23-11-28-56-331
37.47,0.70,74.06,31.17,08-05-23-11-28-56-362
37.11,0.93,666.00,29.79,08-05-23-11-28-56-395
36.77,1.14,666.00,25.98,08-05-23-11-28-56-433
36.43,1.34,666.00,25.37,08-05-23-11-28-56-463
36.06,1.58,666.00,25.51,08-05-23-11-28-56-497
35.72,1.82,666.00,26.21,08-05-23-11-28-56-531
35.42,2.04,666.00,27.38,08-05-23-11-28-56-564
35.16,2.25,666.00,28.99,08-05-23-11-28-56-598
34.93,2.43,72.23,30.95,08-05-23-11-28-56-634
34.74,2.61,72.51,33.53,08-05-23-11-28-56-663
34.59,2.77,77.09,43.62,08-05-23-11-28-56-697
34.49,2.89,79.10,48.86,08-05-23-11-28-56-732
34.42,3.00,76.79,53.09,08-05-23-11-28-56-763
34.35,3.10,75.40,55.34,08-05-23-11-28-56-797
34.30,3.18,75.00,58.01,08-05-23-11-28-56-833
34.26,3.27,74.71,60.32,08-05-23-11-28-56-862
34.22,3.37,74.28,62.76,08-05-23-11-28-56-897
34.25,3.46,73.99,65.16,08-05-23-11-28-56-933
34.31,3.62,77.78,79.34,08-05-23-11-28-56-964
34.45,3.82,79.27,86.21,08-05-23-11-28-56-998
34.56,4.21,78.34,90.84,08-05-23-11-28-57-029
34.60,4.64,78.59,95.37,08-05-23-11-28-57-064
34.54,5.05,78.77,98.30,08-05-23-11-28-57-100
34.43,5.42,80.74,105.60,08-05-23-11-28-57-132
34.62,5.61,81.67,108.84,08-05-23-11-28-57-163
35.32,5.81,82.03,111.37,08-05-23-11-28-57-198
36.43,6.20,82.24,113.03,08-05-23-11-28-57-233
37.52,6.51,82.49,114.50,08-05-23-11-28-57-265
38.43,6.81,82.78,116.33,08-05-23-11-28-57-297
39.29,7.09,83.54,119.38,08-05-23-11-28-57-331
39.99,7.35,84.60,125.75,08-05-23-11-28-57-364
40.47,7.51,86.15,131.99,08-05-23-11-28-57-399
40.82,7.64,87.35,135.70,08-05-23-11-28-57-432
41.03,7.70,88.10,137.67,08-05-23-11-28-57-464
41.14,7.77,88.67,139.09,08-05-23-11-28-57-499
40.96,7.89,89.10,140.39,08-05-23-11-28-57-534
40.73,8.00,89.47,141.38,08-05-23-11-28-57-565
40.44,8.12,89.79,142.16,08-05-23-11-28-57-597
40.21,8.22,90.04,142.65,08-05-23-11-28-57-631
39.99,8.36,90.17,142.99,08-05-23-11-28-57-666
39.84,8.48,90.23,143.13,08-05-23-11-28-57-700
39.73,8.58,90.31,143.14,08-05-23-11-28-57-732
39.67,8.62,89.79,141.62,08-05-23-11-28-57-766
39.65,8.64,89.53,140.35,08-05-23-11-28-57-796
39.65,8.66,89.26,138.82,08-05-23-11-28-57-833
39.67,8.64,90.56,134.21,08-05-23-11-28-57-864
39.72,8.59,91.19,131.12,08-05-23-11-28-57-897
39.78,8.48,91.47,126.59,08-05-23-11-28-57-931
39.83,8.12,91.44,120.58,08-05-23-11-28-57-963
39.87,7.66,94.44,115.26,08-05-23-11-28-57-996
39.91,7.01,92.95,107.17,08-05-23-11-28-58-039
40.05,6.15,92.48,102.74,08-05-23-11-28-58-063
40.14,5.26,91.43,96.96,08-05-23-11-28-58-099
40.20,4.45,89.60,86.47,08-05-23-11-28-58-135
40.25,3.79,88.29,80.23,08-05-23-11-28-58-166
40.26,3.22,87.29,74.63,08-05-23-11-28-58-198
40.26,2.75,86.41,63.52,08-05-23-11-28-58-233
40.23,2.38,85.61,59.05,08-05-23-11-28-58-265
40.19,2.11,84.76,55.33,08-05-23-11-28-58-296
40.15,1.88,83.68,50.91,08-05-23-11-28-58-331
40.06,1.72,82.99,48.04,08-05-23-11-28-58-365
39.90,1.56,82.48,45.33,08-05-23-11-28-58-399
39.72,1.44,81.64,41.68,08-05-23-11-28-58-430
39.56,1.37,81.31,35.10,08-05-23-11-28-58-464
39.42,1.33,666.00,28.80,08-05-23-11-28-58-497
39.28,1.32,666.00,25.59,08-05-23-11-28-58-528
39.07,1.42,666.00,23.12,08-05-23-11-28-58-564
38.71,1.86,666.00,21.80,08-05-23-11-28-58-597
38.33,2.37,666.00,21.07,08-05-23-11-28-58-631
37.86,2.89,666.00,17.75,08-05-23-11-28-58-662
37.32,3.24,666.00,16.67,08-05-23-11-28-58-698
36.84,3.55,666.00,16.60,08-05-23-11-28-58-732
36.46,3.79,666.00,16.83,08-05-23-11-28-58-767
36.14,3.97,666.00,22.92,08-05-23-11-28-58-796
35.94,4.10,666.00,25.93,08-05-23-11-28-58-834
35.80,4.19,87.87,31.12,08-05-23-11-28-58-863
35.69,4.25,88.07,33.79,08-05-23-11-28-58-898
35.62,4.28,85.30,37.84,08-05-23-11-28-58-931
35.59,4.29,83.15,41.67,08-05-23-11-28-58-964
35.57,4.30,82.06,44.70,08-05-23-11-28-58-997
35.59,4.25,81.41,49.70,08-05-23-11-28-59-029
35.59,4.18,80.82,56.13,08-05-23-11-28-59-065
35.59,4.10,81.10,62.74,08-05-23-11-28-59-096
35.61,4.00,81.45,74.04,08-05-23-11-28-59-130
35.67,3.92,81.44,79.48,08-05-23-11-28-59-169
35.79,3.73,81.50,82.59,08-05-23-11-28-59-195
35.83,3.60,81.95,91.27,08-05-23-11-28-59-231
35.92,3.50,82.67,95.81,08-05-23-11-28-59-267
36.11,3.46,85.56,104.09,08-05-23-11-28-59-297
36.38,3.35,86.86,107.04,08-05-23-11-28-59-332
36.81,3.31,88.04,111.49,08-05-23-11-28-59-365
37.31,3.33,88.85,115.28,08-05-23-11-28-59-399
37.76,3.31,89.17,117.27,08-05-23-11-28-59-432
38.34,3.37,92.07,126.53,08-05-23-11-28-59-464
39.05,3.56,92.56,128.41,08-05-23-11-28-59-497
39.69,3.76,92.73,129.37,08-05-23-11-28-59-534
40.31,3.94,90.92,128.36,08-05-23-11-28-59-568
40.79,4.05,91.13,129.17,08-05-23-11-28-59-596
41.15,4.14,91.28,129.80,08-05-23-11-28-59-631
41.43,4.16,91.62,130.18,08-05-23-11-28-59-665
41.64,4.16,92.74,130.45,08-05-23-11-28-59-697
41.78,4.16,93.91,135.11,08-05-23-11-28-59-731
41.88,4.14,95.48,138.98,08-05-23-11-28-59-763
41.83,4.17,96.64,141.59,08-05-23-11-28-59-797
41.75,4.20,97.50,143.36,08-05-23-11-28-59-833
41.64,4.28,98.29,144.70,08-05-23-11-28-59-864
41.47,4.39,99.13,145.75,08-05-23-11-28-59-897
41.30,4.49,99.82,146.53,08-05-23-11-28-59-934
41.04,4.65,98.84,143.37,08-05-23-11-28-59-964
40.80,4.79,98.47,142.33,08-05-23-11-28-59-996
40.55,4.99,96.79,138.89,08-05-23-11-29-00-034
40.34,5.20,94.07,135.81,08-05-23-11-29-00-065
40.20,5.41,92.62,133.58,08-05-23-11-29-00-099
40.14,5.54,91.71,131.87,08-05-23-11-29-00-135
40.18,5.60,91.56,130.05,08-05-23-11-29-00-162
40.27,5.62,91.40,128.59,08-05-23-11-29-00-197
40.37,5.62,91.38,125.48,08-05-23-11-29-00-231
40.49,5.47,91.25,121.56,08-05-23-11-29-00-265
40.62,5.24,91.98,117.71,08-05-23-11-29-00-298
40.74,4.86,92.86,112.45,08-05-23-11-29-00-329
40.87,4.35,93.46,107.80,08-05-23-11-29-00-365
41.11,3.74,93.49,102.91,08-05-23-11-29-00-394
41.46,3.12,93.86,98.80,08-05-23-11-29-00-432
41.82,2.54,94.45,95.31,08-05-23-11-29-00-465
42.16,1.84,94.90,88.60,08-05-23-11-29-00-496
42.38,1.07,93.68,77.42,08-05-23-11-29-00-532
42.61,0.25,93.19,70.22,08-05-23-11-29-00-564
42.84,-0.51,91.95,63.59,08-05-23-11-29-00-597
43.05,-1.25,91.80,59.81,08-05-23-11-29-00-631
43.20,-1.84,91.36,52.93,08-05-23-11-29-00-664
43.25,-2.38,90.57,46.93,08-05-23-11-29-00-697
43.19,-2.97,89.20,41.73,08-05-23-11-29-00-731
43.01,-3.45,86.46,36.46,08-05-23-11-29-00-763
42.63,-3.90,84.48,32.82,08-05-23-11-29-00-798
42.04,-4.24,82.47,30.73,08-05-23-11-29-00-830
41.31,-4.35,666.00,28.24,08-05-23-11-29-00-863
40.49,-4.37,666.00,25.12,08-05-23-11-29-00-898
39.63,-4.32,666.00,23.17,08-05-23-11-29-00-934
38.96,-4.17,666.00,18.22,08-05-23-11-29-00-965
38.42,-3.95,666.00,16.14,08-05-23-11-29-00-997
37.77,-3.60,666.00,14.08,08-05-23-11-29-01-032
37.00,-3.28,666.00,12.08,08-05-23-11-29-01-065
36.13,-2.72,666.00,9.69,08-05-23-11-29-01-100
35.06,-2.02,666.00,8.14,08-05-23-11-29-01-133
33.60,-1.17,666.00,7.24,08-05-23-11-29-01-163
31.83,-0.18,666.00,6.74,08-05-23-11-29-01-197
30.18,0.67,666.00,6.62,08-05-23-11-29-01-231
28.54,1.50,666.00,6.38,08-05-23-11-29-01-266
27.21,1.99,666.00,6.37,08-05-23-11-29-01-299
25.79,2.41,666.00,6.74,08-05-23-11-29-01-331
24.56,2.70,666.00,7.42,08-05-23-11-29-01-365
23.37,2.85,666.00,8.41,08-05-23-11-29-01-397
22.02,2.82,666.00,9.85,08-05-23-11-29-01-429
20.96,2.75,666.00,11.10,08-05-23-11-29-01-467
19.94,2.59,666.00,12.31,08-05-23-11-29-01-498
19.01,2.27,666.00,13.51,08-05-23-11-29-01-532
18.16,1.76,666.00,14.52,08-05-23-11-29-01-568
17.44,1.21,666.00,16.00,08-05-23-11-29-01-596
16.85,0.65,666.00,18.19,08-05-23-11-29-01-630
16.40,0.18,666.00,20.20,08-05-23-11-29-01-665
16.05,-0.10,666.00,22.09,08-05-23-11-29-01-698
15.73,-0.16,666.00,23.55,08-05-23-11-29-01-731
15.38,0.11,666.00,24.71,08-05-23-11-29-01-765
15.05,0.56,666.00,25.56,08-05-23-11-29-01-801
14.69,1.36,666.00,25.96,08-05-23-11-29-01-832
14.37,2.32,666.00,25.98,08-05-23-11-29-01-864
14.11,3.34,666.00,25.93,08-05-23-11-29-01-898
13.89,4.33,666.00,25.75,08-05-23-11-29-01-930
13.72,5.22,666.00,25.54,08-05-23-11-29-01-967
13.56,6.06,666.00,25.17,08-05-23-11-29-01-999
13.43,6.72,666.00,24.65,08-05-23-11-29-02-030
13.32,7.22,666.00,24.23,08-05-23-11-29-02-068
13.24,7.53,666.00,23.80,08-05-23-11-29-02-099
13.17,7.72,666.00,22.46,08-05-23-11-29-02-129
13.13,7.75,666.00,21.61,08-05-23-11-29-02-167
13.13,7.53,666.00,21.31,08-05-23-11-29-02-198
13.15,7.13,666.00,21.31,08-05-23-11-29-02-229
13.22,6.43,666.00,21.52,08-05-23-11-29-02-264
13.32,5.74,666.00,21.79,08-05-23-11-29-02-299
13.43,5.08,666.00,22.06,08-05-23-11-29-02-329
13.53,4.46,666.00,22.41,08-05-23-11-29-02-365
13.61,3.95,666.00,22.73,08-05-23-11-29-02-399
13.66,3.56,666.00,23.01,08-05-23-11-29-02-431
13.69,3.25,666.00,23.25,08-05-23-11-29-02-466
13.72,2.99,666.00,23.48,08-05-23-11-29-02-499
13.74,2.82,666.00,23.71,08-05-23-11-29-02-530
13.75,2.68,666.00,23.92,08-05-23-11-29-02-566
13.75,2.59,666.00,24.11,08-05-23-11-29-02-598
13.74,2.55,666.00,24.29,08-05-23-11-29-02-631
13.74,2.54,666.00,24.48,08-05-23-11-29-02-663
13.74,2.54,666.00,24.65,08-05-23-11-29-02-698
13.73,2.54,666.00,24.80,08-05-23-11-29-02-732
13.71,2.54,666.00,24.92,08-05-23-11-29-02-768
13.70,2.51,666.00,25.02,08-05-23-11-29-02-799
13.70,2.48,666.00,25.10,08-05-23-11-29-02-830
13.69,2.40,666.00,25.18,08-05-23-11-29-02-866
13.68,2.31,666.00,25.25,08-05-23-11-29-02-900
13.67,2.20,666.00,25.31,08-05-23-11-29-02-931
13.66,2.10,666.00,25.37,08-05-23-11-29-02-967
13.65,1.99,666.00,25.42,08-05-23-11-29-02-997
13.64,1.85,666.00,25.46,08-05-23-11-29-03-030
13.64,1.64,666.00,25.50,08-05-23-11-29-03-064
13.64,1.40,666.00,25.54,08-05-23-11-29-03-096
13.64,1.18,666.00,25.58,08-05-23-11-29-03-131
13.64,0.97,666.00,25.62,08-05-23-11-29-03-168
13.64,0.69,666.00,25.65,08-05-23-11-29-03-199
13.63,0.42,666.00,25.67,08-05-23-11-29-03-242
13.62,0.15,666.00,25.69,08-05-23-11-29-03-265
13.62,-0.09,666.00,25.71,08-05-23-11-29-03-298
13.60,-0.32,666.00,25.72,08-05-23-11-29-03-332
13.59,-0.55,666.00,25.75,08-05-23-11-29-03-371
13.58,-0.70,666.00,25.76,08-05-23-11-29-03-402
13.56,-0.81,666.00,25.77,08-05-23-11-29-03-432
13.55,-0.86,666.00,25.80,08-05-23-11-29-03-466
13.53,-0.86,666.00,25.84,08-05-23-11-29-03-499
13.50,-0.77,666.00,25.93,08-05-23-11-29-03-534
13.45,-0.64,666.00,26.00,08-05-23-11-29-03-571
13.41,-0.34,666.00,26.03,08-05-23-11-29-03-599
13.35,-0.12,666.00,26.04,08-05-23-11-29-03-631
13.30,0.18,666.00,26.00,08-05-23-11-29-03-663
13.26,0.53,666.00,25.90,08-05-23-11-29-03-699
13.23,1.02,666.00,25.76,08-05-23-11-29-03-732
13.20,1.84,666.00,25.50,08-05-23-11-29-03-770
13.20,2.58,666.00,25.26,08-05-23-11-29-03-799
13.19,3.22,666.00,24.97,08-05-23-11-29-03-831
13.17,3.64,666.00,24.77,08-05-23-11-29-03-869
13.14,3.83,666.00,24.61,08-05-23-11-29-03-902
13.11,3.90,666.00,24.48,08-05-23-11-29-03-934
13.06,3.71,666.00,24.39,08-05-23-11-29-03-966
13.02,3.44,666.00,24.36,08-05-23-11-29-03-997
12.97,2.83,666.00,24.43,08-05-23-11-29-04-033
12.92,2.02,666.00,24.53,08-05-23-11-29-04-065
12.89,1.30,666.00,24.63,08-05-23-11-29-04-097
12.88,0.62,666.00,24.73,08-05-23-11-29-04-131
12.89,0.08,666.00,24.84,08-05-23-11-29-04-162
12.89,-0.37,666.00,24.92,08-05-23-11-29-04-196
12.90,-0.57,666.00,24.96,08-05-23-11-29-04-236
