Timestamp,Kinect_LeftShoulder_Ext.-Flex.,Kinect_LeftShoulder_Abd.-Add.,Kinect_LeftShoulder_Int.-Ext.,Kinect_LeftElbow_Ext.-Flex.,Kinect_RightShoulder_Ext.-Flex.,Kinect_RightShoulder_Abd.-Add.,Kinect_RightShoulder_Int.-Ext.,Kinect_RightElbow_Ext.-Flex.,96.98,-14.96,15:03:06:619,666.00,9.75
95.67,-14.66,15:03:07:544,666.00,11.44
95.99,-15.30,15:03:07:762,666.00,12.60
95.01,-15.19,15:03:08:107,666.00,11.71
94.91,-14.65,15:03:08:304,666.00,9.81
94.15,-14.85,15:03:08:455,666.00,10.95
93.59,-14.57,15:03:08:583,666.00,10.35
93.78,-14.69,15:03:08:713,666.00,9.43
94.32,-14.08,15:03:08:858,666.00,10.30
94.75,-13.50,15:03:08:992,666.00,10.39
94.65,-13.45,15:03:09:108,666.00,10.23
94.34,-13.46,15:03:09:229,666.00,10.66
93.98,-13.55,15:03:09:349,666.00,11.51
93.60,-12.94,15:03:09:466,666.00,10.88
93.74,-11.14,15:03:09:789,666.00,10.03
93.58,-10.98,15:03:09:915,666.00,10.25
93.80,-10.42,15:03:10:030,666.00,9.39
94.23,-10.89,15:03:10:154,666.00,10.50
94.67,-11.81,15:03:10:277,666.00,11.00
95.02,-12.98,15:03:10:395,666.00,12.17
94.90,-13.30,15:03:10:521,666.00,13.46
95.43,-13.21,15:03:10:643,666.00,12.28
94.04,-12.40,15:03:10:764,666.00,11.22
94.12,-12.57,15:03:10:884,666.00,10.31
94.11,-12.51,15:03:11:007,666.00,12.23
94.19,-12.92,15:03:11:128,666.00,11.77
94.06,-13.48,15:03:11:248,666.00,8.55
93.88,-13.86,15:03:11:373,666.00,11.86
93.70,-14.29,15:03:11:487,666.00,11.37
93.56,-14.69,15:03:11:604,666.00,11.78
93.42,-14.64,15:03:11:723,666.00,11.79
92.82,-15.67,15:03:11:840,666.00,13.12
92.89,-15.67,15:03:11:963,666.00,12.68
92.98,-15.69,15:03:12:090,666.00,12.61
93.00,-15.72,15:03:12:213,666.00,12.53
92.98,-15.65,15:03:12:331,666.00,12.26
92.94,-15.94,15:03:12:457,666.00,11.83
92.66,-14.83,15:03:12:579,666.00,11.61
93.95,-6.73,15:03:12:702,666.00,16.80
95.05,7.03,15:03:12:821,666.00,16.72
95.62,20.20,15:03:12:953,666.00,11.79
96.22,32.42,15:03:13:082,666.00,14.18
97.17,42.32,15:03:13:207,666.00,13.61
99.38,56.16,15:03:13:331,666.00,8.24
100.73,64.47,15:03:13:462,666.00,15.76
94.44,70.08,15:03:13:585,666.00,20.29
76.66,78.52,15:03:13:708,-10.27,30.76
78.01,73.80,15:03:13:825,18.32,32.75
89.17,68.59,15:03:13:956,666.00,14.83
96.86,65.62,15:03:14:085,666.00,9.65
101.67,59.46,15:03:14:212,666.00,13.85
102.02,49.42,15:03:14:340,666.00,10.08
100.35,36.32,15:03:14:463,666.00,12.33
100.96,25.24,15:03:14:589,666.00,12.76
101.65,16.08,15:03:14:714,666.00,14.28
102.78,0.79,15:03:14:834,666.00,11.44
101.92,-10.72,15:03:14:958,666.00,13.40
101.57,-19.81,15:03:15:091,666.00,13.11
101.12,-24.20,15:03:15:227,666.00,10.16
101.23,-26.79,15:03:15:362,666.00,10.39
101.23,-27.16,15:03:15:491,666.00,11.47
100.88,-26.03,15:03:15:612,666.00,13.92
98.01,-18.98,15:03:15:732,666.00,14.84
95.51,-9.18,15:03:15:858,666.00,14.71
94.18,0.40,15:03:15:983,666.00,16.36
94.57,15.06,15:03:16:108,666.00,13.60
94.50,28.08,15:03:16:238,666.00,11.76
94.13,40.56,15:03:16:373,666.00,10.31
95.83,51.77,15:03:16:491,666.00,7.70
94.26,60.15,15:03:16:621,666.00,5.27
94.26,64.83,15:03:16:750,666.00,8.01
103.64,75.72,15:03:16:872,666.00,23.74
49.46,75.26,15:03:16:998,-8.36,67.05
50.03,75.58,15:03:17:127,-8.96,66.48
51.64,74.55,15:03:17:257,-7.86,67.12
49.95,70.12,15:03:17:382,-8.75,68.19
49.15,64.75,15:03:17:504,-22.69,73.98
95.14,48.31,15:03:17:625,666.00,0.85
97.99,32.26,15:03:17:765,666.00,11.54
98.46,20.81,15:03:17:905,666.00,10.29
99.06,6.61,15:03:18:032,666.00,13.25
97.44,-3.35,15:03:18:161,666.00,12.72
98.11,-12.19,15:03:18:289,666.00,14.84
97.62,-16.10,15:03:18:408,666.00,10.04
96.85,-17.99,15:03:18:535,666.00,10.96
97.75,-17.97,15:03:18:653,666.00,13.03
96.52,-14.26,15:03:18:779,666.00,13.85
94.93,-6.47,15:03:18:901,666.00,17.11
94.36,3.59,15:03:19:022,666.00,14.91
94.18,18.63,15:03:19:154,666.00,12.26
94.21,26.90,15:03:19:276,666.00,11.80
95.07,38.96,15:03:19:396,666.00,13.88
95.83,47.21,15:03:19:510,666.00,10.85
96.86,58.08,15:03:19:629,666.00,8.58
95.79,68.31,15:03:19:758,666.00,7.95
93.63,74.42,15:03:19:878,666.00,6.12
92.79,77.56,15:03:20:002,666.00,16.65
53.16,79.08,15:03:20:122,-4.26,49.07
51.20,77.98,15:03:20:244,-3.98,50.80
51.97,77.84,15:03:20:366,-4.55,50.23
51.72,74.66,15:03:20:501,-13.43,67.32
50.12,68.63,15:03:20:629,-23.13,73.12
94.59,48.22,15:03:20:769,666.00,9.59
92.17,36.42,15:03:20:892,666.00,4.86
92.05,24.13,15:03:21:011,666.00,9.97
91.61,10.13,15:03:21:138,666.00,11.59
89.74,-3.91,15:03:21:263,666.00,14.33
84.90,-12.06,15:03:21:396,666.00,11.68
81.24,-16.56,15:03:21:519,666.00,10.06
82.45,-18.11,15:03:21:644,666.00,13.53
83.59,-16.51,15:03:21:780,666.00,9.78
84.57,-12.72,15:03:21:923,666.00,9.29
83.95,-1.14,15:03:22:049,666.00,12.74
82.34,10.36,15:03:22:166,666.00,14.77
82.75,31.60,15:03:22:296,666.00,5.55
85.49,45.41,15:03:22:427,666.00,10.17
88.64,58.08,15:03:22:543,666.00,7.21
87.85,63.72,15:03:22:664,666.00,9.93
47.73,76.81,15:03:22:783,1.12,63.78
54.17,76.25,15:03:22:914,13.14,52.40
52.97,71.54,15:03:23:045,15.69,47.69
54.70,66.17,15:03:23:181,18.68,57.00
55.18,64.93,15:03:23:299,15.94,52.01
88.88,55.61,15:03:23:422,666.00,19.74
89.17,54.19,15:03:23:542,666.00,7.01
89.34,41.26,15:03:23:667,666.00,13.30
87.85,31.11,15:03:23:792,666.00,6.70
86.88,17.01,15:03:23:920,666.00,10.80
85.83,-0.16,15:03:24:047,666.00,11.81
83.54,-10.31,15:03:24:160,666.00,10.09
82.18,-16.62,15:03:24:285,666.00,10.05
80.83,-16.55,15:03:24:416,666.00,8.67
79.88,-15.70,15:03:24:537,666.00,8.52
79.52,-12.77,15:03:24:668,666.00,9.81
78.59,-5.48,15:03:24:796,666.00,12.09
78.20,4.58,15:03:24:935,666.00,18.34
77.89,17.50,15:03:25:059,666.00,15.00
79.10,26.27,15:03:25:177,666.00,12.51
82.56,42.77,15:03:25:297,666.00,5.88
85.14,54.54,15:03:25:427,666.00,7.12
84.50,65.59,15:03:25:548,666.00,1.47
88.05,75.69,15:03:25:676,666.00,7.85
49.20,70.57,15:03:25:794,17.90,63.31
50.47,68.81,15:03:25:914,8.75,57.94
49.66,63.26,15:03:26:041,14.60,62.97
48.48,61.77,15:03:26:159,20.48,61.56
60.38,61.38,15:03:26:275,27.76,47.08
83.80,59.83,15:03:26:392,666.00,9.69
86.09,50.94,15:03:26:521,666.00,8.82
86.82,44.56,15:03:26:644,666.00,6.97
85.55,31.91,15:03:26:765,666.00,8.05
85.35,15.65,15:03:26:886,666.00,12.72
85.02,4.92,15:03:27:018,666.00,10.84
85.56,-5.54,15:03:27:138,666.00,12.28
84.56,-11.34,15:03:27:264,666.00,11.48
82.05,-14.18,15:03:27:395,666.00,12.24
81.81,-13.52,15:03:27:509,666.00,12.50
80.84,-9.14,15:03:27:626,666.00,13.26
79.26,0.42,15:03:27:743,666.00,9.77
77.52,11.85,15:03:27:861,666.00,13.21
77.74,31.42,15:03:27:991,666.00,6.45
79.95,42.23,15:03:28:121,666.00,12.25
83.14,58.43,15:03:28:253,666.00,6.15
85.78,64.31,15:03:28:372,666.00,11.73
82.72,75.07,15:03:28:484,666.00,13.24
43.64,76.35,15:03:28:608,7.39,55.51
45.73,73.93,15:03:28:738,16.14,58.45
46.17,70.61,15:03:28:858,17.12,58.36
60.71,71.16,15:03:28:994,18.95,41.68
83.36,65.20,15:03:29:123,666.00,10.29
86.95,61.17,15:03:29:253,666.00,3.11
88.34,51.58,15:03:29:376,666.00,5.94
85.34,40.31,15:03:29:507,666.00,7.82
86.26,30.75,15:03:29:633,666.00,7.27
87.12,15.20,15:03:29:762,666.00,13.46
85.01,-0.22,15:03:29:894,666.00,22.13
85.57,-3.60,15:03:30:024,666.00,11.21
86.34,-10.90,15:03:30:151,666.00,14.79
85.33,-9.43,15:03:30:266,666.00,11.48
84.45,-7.09,15:03:30:384,666.00,15.57
83.24,-0.26,15:03:30:504,666.00,18.76
81.38,17.88,15:03:30:620,666.00,13.10
83.73,30.20,15:03:30:735,666.00,7.03
85.30,41.06,15:03:30:858,666.00,11.49
90.41,56.29,15:03:30:993,666.00,6.73
88.72,68.45,15:03:31:120,666.00,3.93
87.77,72.78,15:03:31:241,666.00,7.84
68.75,78.60,15:03:31:369,16.18,35.45
66.81,73.59,15:03:31:488,27.04,46.97
66.51,71.97,15:03:31:607,25.85,47.51
60.73,67.98,15:03:31:735,4.57,47.04
91.97,60.77,15:03:31:862,666.00,13.87
93.27,53.20,15:03:31:987,666.00,11.41
92.99,48.74,15:03:32:118,666.00,10.42
89.09,35.75,15:03:32:231,666.00,11.52
87.87,25.97,15:03:32:364,666.00,12.02
87.76,13.72,15:03:32:491,666.00,12.23
88.49,4.16,15:03:32:622,666.00,12.99
88.60,-3.64,15:03:32:747,666.00,13.41
86.71,-11.21,15:03:32:871,666.00,14.98
84.70,-13.12,15:03:32:990,666.00,8.82
84.22,-13.50,15:03:33:108,666.00,10.32
82.38,-11.10,15:03:33:227,666.00,14.76
78.99,-0.23,15:03:33:343,666.00,9.02
79.81,10.57,15:03:33:461,666.00,13.58
81.55,25.55,15:03:33:594,666.00,9.94
83.68,39.41,15:03:33:719,666.00,7.14
87.09,53.32,15:03:33:843,666.00,12.46
87.05,62.62,15:03:33:966,666.00,13.20
82.97,71.11,15:03:34:081,666.00,12.38
59.59,71.36,15:03:34:216,9.28,43.54
44.17,67.82,15:03:34:338,14.77,69.06
44.64,63.80,15:03:34:470,13.70,72.06
38.07,55.20,15:03:34:600,10.09,76.52
87.00,61.02,15:03:34:721,666.00,9.83
87.47,52.57,15:03:34:838,666.00,13.09
86.95,39.00,15:03:34:965,666.00,14.29
87.08,25.67,15:03:35:087,666.00,9.99
86.72,15.26,15:03:35:207,666.00,10.80
86.10,-0.46,15:03:35:335,666.00,14.95
85.83,-9.35,15:03:35:457,666.00,11.05
84.82,-18.84,15:03:35:573,666.00,14.65
83.88,-17.65,15:03:35:689,666.00,10.74
83.42,-16.00,15:03:35:810,666.00,10.12
82.40,-9.29,15:03:35:933,666.00,17.17
79.13,3.42,15:03:36:053,666.00,21.71
77.49,23.84,15:03:36:176,666.00,6.18
80.81,37.69,15:03:36:311,666.00,13.23
84.22,54.24,15:03:36:444,666.00,7.13
87.37,64.94,15:03:36:565,666.00,5.27
78.27,70.42,15:03:36:685,666.00,17.57
81.97,73.96,15:03:36:802,666.00,10.98
49.49,72.79,15:03:36:929,12.64,65.17
48.84,71.08,15:03:37:042,8.98,62.33
50.98,70.27,15:03:37:169,13.26,65.27
43.12,68.71,15:03:37:288,-5.35,72.06
86.10,62.46,15:03:37:409,666.00,13.78
86.93,54.57,15:03:37:534,666.00,5.69
83.74,39.03,15:03:37:664,666.00,14.97
83.85,31.71,15:03:37:790,666.00,7.10
82.72,22.89,15:03:37:912,666.00,6.84
83.46,3.27,15:03:38:027,666.00,21.95
83.64,0.12,15:03:38:144,666.00,16.30
83.71,-5.76,15:03:38:266,666.00,14.39
83.52,-12.75,15:03:38:392,666.00,16.29
82.58,-12.79,15:03:38:513,666.00,14.44
80.92,-10.23,15:03:38:631,666.00,12.11
79.46,-4.22,15:03:38:756,666.00,16.51
76.54,9.78,15:03:38:891,666.00,16.71
76.15,26.24,15:03:39:028,666.00,8.15
79.13,39.92,15:03:39:162,666.00,6.46
80.19,49.05,15:03:39:302,666.00,12.77
85.12,58.62,15:03:39:438,666.00,15.67
86.61,69.79,15:03:39:573,666.00,10.01
83.18,70.60,15:03:39:699,666.00,23.23
57.22,68.15,15:03:39:824,12.05,57.99
53.86,62.04,15:03:39:953,11.32,64.00
57.94,59.15,15:03:40:074,16.57,56.43
62.50,59.70,15:03:40:193,1.68,64.40
87.77,55.30,15:03:40:308,666.00,16.17
86.68,50.22,15:03:40:441,666.00,8.59
83.13,40.05,15:03:40:557,666.00,7.06
81.13,32.36,15:03:40:680,666.00,4.33
79.82,11.89,15:03:40:813,666.00,17.29
79.18,0.90,15:03:40:954,666.00,9.02
79.62,-8.69,15:03:41:076,666.00,10.75
80.35,-13.40,15:03:41:194,666.00,9.28
80.90,-15.31,15:03:41:325,666.00,9.74
80.45,-14.07,15:03:41:455,666.00,12.44
79.41,-8.82,15:03:41:577,666.00,12.17
77.16,1.21,15:03:41:712,666.00,12.79
76.39,14.92,15:03:41:832,666.00,6.79
76.46,26.12,15:03:41:959,666.00,11.71
78.81,40.84,15:03:42:084,666.00,10.73
80.48,50.84,15:03:42:203,666.00,12.24
86.91,64.77,15:03:42:321,666.00,9.74
85.48,69.46,15:03:42:440,666.00,8.01
65.33,68.43,15:03:42:561,17.72,40.65
56.09,62.81,15:03:42:687,21.41,62.29
56.67,59.33,15:03:42:812,10.65,54.64
85.45,58.60,15:03:42:935,666.00,19.40
87.13,48.05,15:03:43:055,666.00,18.82
83.05,41.16,15:03:43:176,666.00,14.72
83.87,33.02,15:03:43:296,666.00,9.04
84.01,19.31,15:03:43:433,666.00,10.41
86.04,3.73,15:03:43:573,666.00,14.88
86.78,-3.72,15:03:43:696,666.00,14.86
87.12,-6.07,15:03:43:821,666.00,13.95
86.69,-7.12,15:03:43:945,666.00,14.90
85.93,-7.26,15:03:44:063,666.00,15.84
83.93,0.71,15:03:44:188,666.00,9.24
82.24,9.12,15:03:44:324,666.00,13.28
82.34,20.08,15:03:44:454,666.00,18.94
84.04,34.36,15:03:44:575,666.00,9.26
87.43,49.01,15:03:44:695,666.00,9.82
89.89,61.27,15:03:44:818,666.00,10.93
88.12,66.86,15:03:44:947,666.00,9.79
82.11,73.85,15:03:45:067,666.00,15.68
85.43,65.01,15:03:45:187,75.31,30.96
87.33,61.55,15:03:45:312,110.89,34.49
89.19,58.76,15:03:45:434,93.69,36.64
102.63,58.45,15:03:45:558,144.03,38.51
91.85,58.59,15:03:45:681,666.00,16.23
89.51,52.93,15:03:45:809,666.00,9.36
87.02,39.63,15:03:45:930,666.00,14.07
87.70,29.77,15:03:46:053,666.00,9.23
87.06,14.91,15:03:46:176,666.00,19.42
86.32,3.21,15:03:46:301,666.00,13.47
86.20,-7.94,15:03:46:423,666.00,18.38
83.98,-10.67,15:03:46:557,666.00,13.18
83.49,-10.81,15:03:46:680,666.00,11.14
84.01,-10.63,15:03:46:796,666.00,12.57
81.65,-2.61,15:03:46:923,666.00,13.57
79.71,4.52,15:03:47:044,666.00,15.45
79.49,19.19,15:03:47:167,666.00,14.70
82.02,36.84,15:03:47:292,666.00,9.98
84.58,48.00,15:03:47:419,666.00,8.86
87.54,58.20,15:03:47:535,666.00,13.41
85.45,62.13,15:03:47:658,666.00,27.98
57.94,67.55,15:03:47:788,13.40,50.20
52.43,62.44,15:03:47:928,13.58,64.64
50.86,59.33,15:03:48:053,12.23,56.83
60.29,60.48,15:03:48:171,14.22,49.07
84.54,61.11,15:03:48:294,666.00,13.86
86.95,52.14,15:03:48:425,666.00,7.49
83.50,40.81,15:03:48:546,666.00,8.64
84.40,30.77,15:03:48:671,666.00,8.98
83.41,14.77,15:03:48:801,666.00,13.16
85.95,1.10,15:03:48:926,666.00,14.60
86.89,-6.44,15:03:49:063,666.00,15.32
85.81,-9.38,15:03:49:190,666.00,14.38
84.99,-11.25,15:03:49:322,666.00,14.35
82.61,-5.60,15:03:49:459,666.00,13.37
81.25,2.50,15:03:49:595,666.00,11.71
79.01,13.75,15:03:49:735,666.00,18.93
79.62,32.06,15:03:49:859,666.00,9.25
82.87,44.74,15:03:49:987,666.00,10.35
83.66,55.67,15:03:50:101,666.00,6.04
86.71,61.42,15:03:50:219,666.00,10.20
85.47,65.98,15:03:50:351,666.00,17.37
83.96,67.66,15:03:50:480,666.00,19.33
77.16,64.61,15:03:50:600,666.00,26.70
78.64,62.13,15:03:50:730,666.00,27.85
84.82,64.01,15:03:50:862,666.00,13.37
89.35,57.31,15:03:50:991,666.00,9.35
87.93,48.81,15:03:51:121,666.00,8.66
87.24,38.20,15:03:51:239,666.00,10.43
85.78,26.37,15:03:51:365,666.00,6.79
85.76,5.50,15:03:51:488,666.00,13.17
85.40,-7.12,15:03:51:628,666.00,14.63
83.59,-13.79,15:03:51:760,666.00,12.45
82.11,-14.57,15:03:51:890,666.00,10.60
81.36,-13.59,15:03:52:009,666.00,10.69
80.19,-9.37,15:03:52:122,666.00,15.27
77.73,2.37,15:03:52:239,666.00,7.62
77.57,11.24,15:03:52:354,666.00,16.02
77.54,25.83,15:03:52:483,666.00,7.84
80.19,37.46,15:03:52:618,666.00,15.00
83.84,53.44,15:03:52:738,666.00,9.07
86.17,64.62,15:03:52:858,666.00,9.61
65.39,71.95,15:03:52:977,9.11,38.13
62.89,69.81,15:03:53:097,27.13,44.58
58.08,66.71,15:03:53:223,10.06,51.08
63.57,65.35,15:03:53:358,16.57,42.82
87.10,62.27,15:03:53:479,666.00,9.63
82.66,53.39,15:03:53:599,666.00,11.41
85.04,43.18,15:03:53:727,666.00,13.67
83.47,34.54,15:03:53:859,666.00,12.97
83.53,25.56,15:03:53:986,666.00,9.42
83.51,14.86,15:03:54:111,666.00,13.57
85.57,0.92,15:03:54:243,666.00,15.72
85.68,-6.96,15:03:54:368,666.00,14.70
83.42,-8.40,15:03:54:492,666.00,15.07
82.87,-7.33,15:03:54:627,666.00,13.42
81.80,-3.15,15:03:54:747,666.00,12.40
80.09,5.86,15:03:54:882,666.00,17.16
79.04,20.21,15:03:55:014,666.00,13.30
80.23,37.10,15:03:55:139,666.00,8.74
82.25,46.42,15:03:55:259,666.00,11.05
85.77,57.71,15:03:55:391,666.00,12.16
86.35,63.83,15:03:55:507,666.00,10.16
79.42,72.98,15:03:55:624,666.00,14.38
77.08,73.33,15:03:55:742,666.00,21.24
67.23,68.76,15:03:55:863,31.46,35.85
72.99,67.28,15:03:55:989,29.76,30.40
86.79,63.29,15:03:56:110,666.00,18.76
86.66,57.55,15:03:56:225,666.00,6.77
89.10,48.93,15:03:56:346,666.00,10.36
86.14,36.31,15:03:56:467,666.00,13.33
85.09,28.03,15:03:56:588,666.00,7.75
83.54,12.93,15:03:56:720,666.00,12.39
84.23,1.27,15:03:56:844,666.00,13.80
83.93,-6.73,15:03:56:991,666.00,10.55
82.61,-16.89,15:03:57:126,666.00,15.65
81.38,-15.99,15:03:57:240,666.00,13.99
80.38,-13.84,15:03:57:372,666.00,14.12
79.28,-6.47,15:03:57:512,666.00,15.02
77.37,4.69,15:03:57:635,666.00,17.02
77.93,22.45,15:03:57:756,666.00,7.74
81.97,36.12,15:03:57:896,666.00,8.78
84.70,50.37,15:03:58:038,666.00,11.96
88.52,66.35,15:03:58:164,666.00,8.07
83.59,74.44,15:03:58:306,666.00,15.44
75.71,71.54,15:03:58:439,666.00,28.84
75.33,66.87,15:03:58:559,666.00,26.44
83.09,66.78,15:03:58:683,666.00,17.91
85.90,60.45,15:03:58:815,666.00,19.40
90.60,52.75,15:03:58:961,666.00,13.73
85.41,36.28,15:03:59:101,666.00,14.96
84.02,27.20,15:03:59:237,666.00,9.27
82.52,9.32,15:03:59:406,666.00,11.36
82.26,-4.56,15:03:59:545,666.00,14.89
80.53,-11.30,15:03:59:668,666.00,14.11
79.63,-13.50,15:03:59:791,666.00,13.41
78.79,-11.99,15:03:59:948,666.00,16.85
78.38,4.71,15:04:00:092,666.00,12.97
78.40,24.62,15:04:00:217,666.00,7.67
80.78,37.58,15:04:00:346,666.00,10.98
82.68,53.44,15:04:00:473,666.00,11.61
86.97,65.92,15:04:00:598,666.00,10.08
85.16,74.03,15:04:00:729,666.00,6.02
58.33,74.26,15:04:00:857,7.83,45.07
54.98,71.21,15:04:00:996,18.82,52.64
69.50,70.93,15:04:01:121,666.00,23.32
85.21,60.44,15:04:01:240,666.00,15.38
87.46,53.03,15:04:01:358,666.00,5.39
87.59,38.34,15:04:01:483,666.00,9.78
84.92,30.69,15:04:01:598,666.00,6.40
83.61,12.85,15:04:01:731,666.00,11.59
84.68,-1.88,15:04:01:864,666.00,13.78
83.62,-10.59,15:04:02:002,666.00,12.47
83.35,-14.90,15:04:02:124,666.00,14.95
82.44,-12.56,15:04:02:248,666.00,12.30
80.60,-7.29,15:04:02:374,666.00,16.65
78.32,8.40,15:04:02:491,666.00,17.02
78.06,26.33,15:04:02:627,666.00,6.70
80.45,42.88,15:04:02:752,666.00,5.88
82.92,50.88,15:04:02:877,666.00,10.15
83.97,61.50,15:04:02:991,666.00,12.81
85.28,64.90,15:04:03:106,666.00,13.69
87.15,65.28,15:04:03:228,666.00,17.96
57.64,66.65,15:04:03:356,22.05,44.98
66.12,66.08,15:04:03:489,14.43,32.86
84.72,61.27,15:04:03:628,666.00,13.94
86.30,50.13,15:04:03:754,666.00,11.24
83.89,42.27,15:04:03:869,666.00,13.07
83.38,34.14,15:04:03:995,666.00,5.61
81.43,24.38,15:04:04:118,666.00,7.15
81.11,8.38,15:04:04:248,666.00,11.31
82.47,-4.48,15:04:04:374,666.00,10.18
82.33,-12.12,15:04:04:505,666.00,9.93
80.50,-12.95,15:04:04:632,666.00,9.62
79.27,-9.54,15:04:04:756,666.00,15.10
78.14,-1.51,15:04:04:874,666.00,13.92
76.66,11.70,15:04:04:999,666.00,14.05
78.37,30.38,15:04:05:125,666.00,10.42
82.37,42.86,15:04:05:238,666.00,8.75
84.67,53.48,15:04:05:361,666.00,15.07
86.58,64.88,15:04:05:488,666.00,16.82
80.68,72.24,15:04:05:611,666.00,20.54
44.44,80.74,15:04:05:729,-0.07,58.55
44.19,73.05,15:04:05:853,1.65,61.44
39.36,70.15,15:04:05:982,-0.28,66.46
38.66,39.61,15:04:06:104,6.19,81.79
84.32,53.37,15:04:06:232,666.00,15.36
83.44,41.66,15:04:06:355,666.00,13.03
82.96,32.42,15:04:06:488,666.00,7.29
81.19,19.54,15:04:06:617,666.00,14.35
81.97,6.37,15:04:06:749,666.00,13.72
83.72,-2.39,15:04:06:870,666.00,10.74
83.91,-12.38,15:04:06:988,666.00,12.09
83.23,-16.46,15:04:07:109,666.00,14.11
82.29,-15.27,15:04:07:232,666.00,13.38
77.63,-4.75,15:04:07:351,666.00,11.02
76.68,4.82,15:04:07:472,666.00,13.26
76.97,18.23,15:04:07:592,666.00,17.42
79.51,38.03,15:04:07:712,666.00,4.97
81.19,47.49,15:04:07:839,666.00,15.99
85.81,59.19,15:04:07:961,666.00,16.74
71.76,67.94,15:04:08:082,666.00,27.20
48.99,66.42,15:04:08:213,9.09,52.17
50.73,64.40,15:04:08:332,10.33,49.91
66.08,61.65,15:04:08:454,26.82,37.30
98.89,67.50,15:04:08:577,-172.90,33.15
86.11,52.83,15:04:08:704,666.00,12.19
84.83,36.54,15:04:08:836,666.00,13.15
84.07,24.43,15:04:08:969,666.00,6.26
84.53,3.32,15:04:09:093,666.00,14.51
84.12,-10.87,15:04:09:221,666.00,16.03
83.34,-15.04,15:04:09:337,666.00,15.62
82.72,-16.72,15:04:09:458,666.00,11.44
82.40,-16.11,15:04:09:575,666.00,11.28
81.01,-13.09,15:04:09:696,666.00,15.32
77.96,-4.78,15:04:09:828,666.00,21.05
76.29,13.11,15:04:09:973,666.00,14.52
77.30,31.80,15:04:10:104,666.00,6.60
79.02,42.72,15:04:10:221,666.00,11.81
82.17,53.48,15:04:10:344,666.00,10.79
85.92,62.31,15:04:10:480,666.00,13.23
38.86,65.22,15:04:10:625,-6.40,71.54
62.39,67.16,15:04:10:773,23.45,49.18
60.59,64.99,15:04:10:918,12.95,47.19
84.56,65.92,15:04:11:066,666.00,18.78
86.39,58.01,15:04:11:203,666.00,13.72
91.02,49.32,15:04:11:358,666.00,9.11
87.64,31.91,15:04:11:494,666.00,6.03
87.05,17.08,15:04:11:630,666.00,8.04
89.07,-1.16,15:04:11:779,666.00,14.83
89.13,-11.87,15:04:11:918,666.00,16.15
86.58,-16.69,15:04:12:066,666.00,15.61
85.12,-14.06,15:04:12:196,666.00,14.58
84.13,-5.66,15:04:12:329,666.00,15.40
82.13,5.26,15:04:12:466,666.00,19.18
82.68,26.21,15:04:12:597,666.00,7.74
83.87,36.91,15:04:12:722,666.00,14.00
86.85,53.38,15:04:12:888,666.00,8.02
86.15,62.81,15:04:13:049,666.00,11.58
69.34,65.06,15:04:13:177,21.81,32.20
59.28,61.10,15:04:13:323,21.77,54.16
55.43,64.76,15:04:13:470,13.47,56.04
49.02,62.50,15:04:13:618,10.36,65.75
85.04,61.08,15:04:13:746,666.00,20.40
87.60,57.68,15:04:13:876,666.00,12.14
86.15,48.04,15:04:14:020,666.00,15.64
83.01,35.92,15:04:14:141,666.00,11.98
83.26,25.91,15:04:14:264,666.00,10.36
82.56,12.69,15:04:14:391,666.00,12.34
82.40,-0.05,15:04:14:524,666.00,12.93
81.11,-11.85,15:04:14:644,666.00,16.25
79.08,-17.60,15:04:14:775,666.00,13.63
77.80,-17.48,15:04:14:921,666.00,10.82
76.52,-14.07,15:04:15:035,666.00,13.67
73.85,-6.17,15:04:15:154,666.00,18.16
72.62,2.80,15:04:15:276,666.00,18.54
73.07,23.38,15:04:15:397,666.00,7.14
76.05,36.99,15:04:15:521,666.00,7.27
76.96,44.32,15:04:15:653,666.00,15.05
78.27,50.87,15:04:15:772,666.00,16.53
81.95,63.79,15:04:15:902,666.00,8.84
79.55,64.43,15:04:16:038,666.00,23.32
98.67,65.20,15:04:16:167,131.99,39.47
33.68,65.83,15:04:16:284,1.96,71.52
31.32,64.69,15:04:16:400,0.67,76.63
82.51,59.17,15:04:16:527,666.00,19.93
85.90,50.99,15:04:16:654,666.00,8.55
85.75,38.69,15:04:16:777,666.00,17.98
85.50,31.12,15:04:16:894,666.00,9.60
84.19,20.86,15:04:17:005,666.00,10.49
85.63,5.24,15:04:17:127,666.00,15.60
85.89,-3.27,15:04:17:245,666.00,12.53
86.31,-12.17,15:04:17:375,666.00,13.68
85.96,-15.79,15:04:17:497,666.00,13.55
82.44,-10.16,15:04:17:634,666.00,7.53
81.62,-3.64,15:04:17:757,666.00,16.13
81.02,3.78,15:04:17:877,666.00,18.00
79.74,21.39,15:04:18:000,666.00,10.60
81.24,38.69,15:04:18:117,666.00,5.74
82.71,47.24,15:04:18:253,666.00,9.07
84.62,58.42,15:04:18:383,666.00,8.53
85.22,66.27,15:04:18:508,666.00,10.76
52.37,66.24,15:04:18:625,3.54,58.47
59.61,75.38,15:04:18:742,10.91,36.16
71.57,64.73,15:04:18:856,666.00,28.38
71.38,64.42,15:04:18:973,666.00,28.76
84.52,58.11,15:04:19:090,666.00,13.46
85.45,51.81,15:04:19:214,666.00,10.87
86.17,38.91,15:04:19:348,666.00,17.92
83.22,33.91,15:04:19:470,666.00,7.53
82.39,23.08,15:04:19:589,666.00,7.23
83.72,7.88,15:04:19:709,666.00,17.96
85.01,-1.61,15:04:19:826,666.00,11.01
85.60,-8.94,15:04:19:953,666.00,8.54
85.51,-18.35,15:04:20:083,666.00,13.46
83.42,-17.62,15:04:20:206,666.00,12.52
81.18,-13.87,15:04:20:322,666.00,18.25
79.22,-1.81,15:04:20:459,666.00,15.12
78.39,7.92,15:04:20:588,666.00,18.33
77.53,19.48,15:04:20:711,666.00,14.63
78.77,35.68,15:04:20:832,666.00,7.47
80.82,45.60,15:04:20:986,666.00,13.13
83.73,60.99,15:04:21:120,666.00,13.87
81.08,67.27,15:04:21:232,666.00,15.83
72.97,69.93,15:04:21:360,666.00,25.74
84.41,76.39,15:04:21:483,666.00,5.29
45.03,67.45,15:04:21:604,0.08,61.14
83.50,66.65,15:04:21:727,666.00,17.19
83.06,56.10,15:04:21:850,666.00,1.51
82.24,44.22,15:04:21:989,666.00,0.63
82.39,31.24,15:04:22:120,666.00,9.39
80.01,19.95,15:04:22:232,666.00,8.98
80.85,3.83,15:04:22:361,666.00,14.44
82.67,-7.52,15:04:22:491,666.00,15.92
82.45,-15.15,15:04:22:634,666.00,12.55
80.54,-16.46,15:04:22:751,666.00,12.45
78.87,-15.43,15:04:22:885,666.00,13.47
77.96,-10.89,15:04:23:021,666.00,16.48
76.65,2.55,15:04:23:157,666.00,19.76
77.10,24.43,15:04:23:288,666.00,3.85
80.56,34.01,15:04:23:412,666.00,7.63
84.12,46.78,15:04:23:532,666.00,10.06
87.11,58.62,15:04:23:644,666.00,10.92
86.88,68.30,15:04:23:767,666.00,14.66
84.14,71.15,15:04:23:892,666.00,9.09
90.18,72.21,15:04:24:006,666.00,14.92
82.62,72.53,15:04:24:127,666.00,5.55
79.59,66.54,15:04:24:253,666.00,10.99
84.37,63.94,15:04:24:373,666.00,4.41
85.61,52.48,15:04:24:493,666.00,10.81
84.34,38.11,15:04:24:619,666.00,16.08
83.60,27.75,15:04:24:753,666.00,8.48
83.42,14.82,15:04:24:874,666.00,13.87
85.00,2.20,15:04:25:000,666.00,10.28
85.15,-12.66,15:04:25:128,666.00,10.38
81.59,-21.03,15:04:25:253,666.00,11.33
79.20,-22.65,15:04:25:391,666.00,10.83
78.74,-19.75,15:04:25:514,666.00,10.89
79.68,-13.52,15:04:25:637,666.00,14.28
80.55,-1.26,15:04:25:764,666.00,15.89
80.61,13.40,15:04:25:891,666.00,14.97
80.15,26.64,15:04:26:008,666.00,9.36
81.97,39.74,15:04:26:132,666.00,13.38
83.46,54.25,15:04:26:254,666.00,11.09
88.40,62.30,15:04:26:389,666.00,14.22
86.62,68.04,15:04:26:523,666.00,12.08
68.54,67.26,15:04:26:655,38.58,31.21
68.11,65.87,15:04:26:786,43.48,32.28
70.03,65.02,15:04:26:901,666.00,27.55
87.68,55.29,15:04:27:022,666.00,11.65
88.00,42.48,15:04:27:141,666.00,15.19
87.29,30.93,15:04:27:264,666.00,12.13
85.13,11.73,15:04:27:394,666.00,19.47
86.80,-4.78,15:04:27:520,666.00,17.73
85.54,-13.40,15:04:27:645,666.00,15.57
86.01,-19.98,15:04:27:763,666.00,17.70
85.10,-18.59,15:04:27:879,666.00,14.71
83.62,-14.75,15:04:27:996,666.00,17.66
81.67,-8.45,15:04:28:111,666.00,20.85
78.21,6.38,15:04:28:227,666.00,19.69
77.40,25.53,15:04:28:357,666.00,9.04
79.58,36.91,15:04:28:475,666.00,11.94
80.98,49.14,15:04:28:594,666.00,16.16
88.28,63.10,15:04:28:717,666.00,17.21
65.50,64.71,15:04:28:844,36.13,36.30
46.49,64.47,15:04:28:968,12.40,63.36
48.75,62.62,15:04:29:092,7.44,50.81
71.34,65.77,15:04:29:219,666.00,28.48
85.17,54.21,15:04:29:335,666.00,9.51
85.78,39.86,15:04:29:453,666.00,15.95
84.66,29.03,15:04:29:585,666.00,10.30
81.72,15.97,15:04:29:717,666.00,10.18
81.59,-2.42,15:04:29:837,666.00,13.82
81.63,-13.98,15:04:29:972,666.00,14.82
81.09,-17.20,15:04:30:094,666.00,14.77
80.59,-15.24,15:04:30:220,666.00,14.51
79.88,-10.89,15:04:30:338,666.00,19.42
76.98,3.90,15:04:30:457,666.00,11.37
76.91,12.88,15:04:30:587,666.00,13.31
77.29,28.62,15:04:30:708,666.00,9.48
77.30,40.34,15:04:30:827,666.00,13.50
80.54,54.64,15:04:30:973,666.00,16.64
80.78,65.68,15:04:31:092,666.00,14.84
85.45,67.49,15:04:31:204,666.00,13.92
44.24,57.61,15:04:31:323,14.93,60.36
41.96,58.99,15:04:31:442,13.86,62.09
82.89,44.98,15:04:31:563,666.00,18.05
81.66,29.67,15:04:31:684,666.00,19.64
81.98,21.43,15:04:31:811,666.00,7.42
82.26,1.86,15:04:31:951,666.00,14.00
79.08,-4.51,15:04:32:087,666.00,13.93
62.56,-7.21,15:04:32:212,666.00,17.53
40.45,-14.52,15:04:32:327,666.00,20.93
18.00,-26.60,15:04:32:466,666.00,15.34
6.64,-67.56,15:04:32:592,666.00,15.17
11.08,-27.41,15:04:32:703,666.00,18.77
21.20,-13.61,15:04:32:817,666.00,19.27
24.93,0.61,15:04:32:934,666.00,15.43
27.31,5.35,15:04:33:048,666.00,18.22
18.26,7.42,15:04:33:155,666.00,21.07
9.99,29.56,15:04:33:264,666.00,19.91
9.24,51.65,15:04:33:380,666.00,17.28
9.70,14.38,15:04:33:483,666.00,23.35
11.95,20.50,15:04:33:591,666.00,22.87
31.85,-9.10,15:04:33:702,44.01,58.96
45.56,-31.12,15:04:33:813,9.39,76.10
36.02,-41.64,15:04:33:929,-10.39,61.60
26.92,-30.37,15:04:34:045,5.02,47.86
14.34,16.02,15:04:34:158,31.44,33.76
12.73,38.39,15:04:34:266,41.75,38.41
