Timestamp,Kinect_LeftShoulder_Ext.-Flex.,Kinect_LeftShoulder_Abd.-Add.,Kinect_LeftShoulder_Int.-Ext.,Kinect_LeftElbow_Ext.-Flex.,Kinect_RightShoulder_Ext.-Flex.,Kinect_RightShoulder_Abd.-Add.,Kinect_RightShoulder_Int.-Ext.,Kinect_RightElbow_Ext.-Flex.,15.28,-21.13,15:11:09:362,666.00,14.55
11.91,-29.43,15:11:10:832,666.00,26.39
48.81,5.39,15:11:11:142,666.00,29.05
83.17,4.72,15:11:11:461,666.00,21.18
82.73,3.97,15:11:11:643,666.00,20.06
82.65,2.82,15:11:11:799,666.00,18.84
82.73,1.91,15:11:11:938,666.00,16.36
82.62,0.91,15:11:12:077,666.00,16.56
81.69,0.75,15:11:12:208,666.00,16.48
81.54,0.56,15:11:12:331,666.00,17.28
81.65,0.52,15:11:12:448,666.00,17.80
81.64,0.38,15:11:12:603,666.00,16.58
81.34,0.01,15:11:12:752,666.00,16.76
80.81,-0.72,15:11:12:875,666.00,17.34
80.44,-1.35,15:11:12:993,666.00,18.49
80.19,-2.17,15:11:13:128,666.00,18.62
79.94,-3.00,15:11:13:610,666.00,17.29
79.96,-2.96,15:11:13:825,666.00,17.95
80.03,-3.32,15:11:14:036,666.00,16.92
80.15,-3.27,15:11:14:185,666.00,15.92
79.72,-2.92,15:11:14:323,666.00,15.98
79.16,-2.36,15:11:14:454,666.00,16.33
78.79,-1.90,15:11:14:845,666.00,18.35
78.92,-1.97,15:11:15:006,666.00,17.95
79.46,-2.24,15:11:15:178,666.00,17.37
79.56,-2.70,15:11:15:309,666.00,17.69
79.00,-2.47,15:11:15:446,666.00,17.43
79.08,-2.50,15:11:15:571,666.00,18.14
79.35,-2.34,15:11:15:691,666.00,18.21
79.50,-2.20,15:11:15:816,666.00,18.65
79.52,-1.90,15:11:15:940,666.00,18.45
79.48,-2.11,15:11:16:062,666.00,19.23
79.56,-2.35,15:11:16:187,666.00,19.09
79.45,-3.13,15:11:16:320,666.00,19.10
79.38,-4.60,15:11:16:446,666.00,18.86
79.31,-5.24,15:11:16:574,666.00,20.11
79.50,-5.66,15:11:16:704,666.00,21.13
79.56,-6.03,15:11:16:825,666.00,20.47
79.17,-6.31,15:11:16:959,666.00,20.13
78.05,-6.71,15:11:17:088,666.00,21.44
78.03,-6.66,15:11:17:209,666.00,21.59
78.14,-7.10,15:11:17:332,666.00,21.52
78.01,-7.85,15:11:17:466,666.00,21.44
78.22,-8.78,15:11:17:599,666.00,19.86
78.48,-8.71,15:11:17:725,666.00,18.62
78.38,-8.04,15:11:17:847,666.00,20.53
78.25,-7.83,15:11:17:977,666.00,21.49
78.16,-7.47,15:11:18:105,666.00,21.43
77.79,-7.23,15:11:18:245,666.00,21.05
77.62,-6.96,15:11:18:359,666.00,20.20
77.64,-7.21,15:11:18:474,666.00,19.31
77.81,-7.43,15:11:18:593,666.00,18.85
77.91,-7.26,15:11:18:709,666.00,18.49
78.14,-7.36,15:11:18:826,666.00,16.01
78.23,-6.61,15:11:18:943,666.00,15.31
78.10,-6.48,15:11:19:066,666.00,15.55
78.11,-5.95,15:11:19:189,666.00,15.62
78.15,-5.59,15:11:19:310,666.00,15.84
78.29,-4.99,15:11:19:435,666.00,15.75
78.22,-5.14,15:11:19:553,666.00,17.06
78.30,-5.35,15:11:19:673,666.00,17.82
78.31,-5.27,15:11:19:798,666.00,17.95
78.29,-5.19,15:11:19:920,666.00,17.67
78.19,-5.17,15:11:20:041,666.00,17.30
78.23,-5.03,15:11:20:174,666.00,17.23
78.15,-4.86,15:11:20:297,666.00,16.40
78.14,-5.02,15:11:20:420,666.00,16.04
77.96,-5.14,15:11:20:543,666.00,16.19
78.00,-5.16,15:11:20:665,666.00,15.92
77.97,-4.81,15:11:20:779,666.00,16.26
78.01,-4.82,15:11:20:911,666.00,17.23
77.96,-4.65,15:11:21:047,666.00,17.93
78.88,-4.12,15:11:21:169,666.00,19.45
79.67,-4.17,15:11:21:322,666.00,19.15
80.50,-4.28,15:11:21:459,666.00,18.07
80.57,-4.25,15:11:21:579,666.00,18.15
80.72,-4.35,15:11:21:696,666.00,17.65
80.43,-4.49,15:11:21:820,666.00,17.70
79.84,-4.40,15:11:21:942,666.00,18.48
79.22,-4.57,15:11:22:058,666.00,19.33
78.83,-4.26,15:11:22:175,666.00,19.40
78.65,-4.39,15:11:22:295,666.00,19.18
78.56,-4.26,15:11:22:413,666.00,18.71
78.53,-4.38,15:11:22:534,666.00,19.03
78.52,-4.25,15:11:22:654,666.00,18.90
78.43,-4.29,15:11:22:776,666.00,18.85
78.23,-4.18,15:11:22:902,666.00,18.90
77.98,-4.30,15:11:23:036,666.00,19.19
77.65,-4.14,15:11:23:156,666.00,19.64
77.56,-4.14,15:11:23:290,666.00,19.75
77.58,-4.39,15:11:23:409,666.00,19.55
77.61,-4.26,15:11:23:537,666.00,19.49
77.66,-4.32,15:11:23:656,666.00,19.32
77.87,-3.95,15:11:23:770,666.00,18.93
77.91,-3.73,15:11:23:884,666.00,18.74
77.90,-3.21,15:11:24:015,666.00,19.27
78.67,-2.02,15:11:24:139,666.00,19.72
79.17,0.88,15:11:24:261,666.00,21.76
79.16,5.75,15:11:24:379,666.00,22.97
80.36,9.42,15:11:24:521,666.00,21.45
81.27,15.77,15:11:24:641,666.00,25.06
82.29,20.66,15:11:24:763,666.00,23.16
84.10,28.59,15:11:24:886,666.00,20.19
87.56,39.89,15:11:25:004,666.00,14.58
86.57,42.93,15:11:25:126,666.00,18.20
86.15,46.41,15:11:25:243,666.00,24.90
89.47,54.16,15:11:25:362,666.00,10.11
88.36,53.64,15:11:25:484,666.00,18.28
94.71,64.43,15:11:25:605,666.00,1.45
95.19,65.97,15:11:25:743,666.00,4.12
83.68,63.96,15:11:25:874,37.88,34.31
96.15,74.54,15:11:26:010,666.00,6.28
96.01,76.62,15:11:26:137,666.00,9.65
96.76,74.55,15:11:26:252,666.00,20.81
92.58,69.88,15:11:26:367,666.00,25.60
97.87,76.91,15:11:26:490,666.00,6.66
97.25,75.54,15:11:26:614,666.00,10.49
95.36,69.27,15:11:26:737,666.00,22.54
95.80,72.22,15:11:26:855,666.00,14.86
81.90,57.46,15:11:26:976,45.97,43.37
93.37,64.64,15:11:27:093,666.00,16.32
95.96,63.36,15:11:27:211,666.00,18.87
83.37,52.67,15:11:27:325,666.00,26.90
84.14,49.42,15:11:27:454,666.00,19.50
80.86,40.32,15:11:27:575,666.00,28.62
80.65,36.11,15:11:27:710,666.00,26.04
80.52,29.14,15:11:27:828,666.00,23.28
83.27,22.66,15:11:27:955,666.00,15.63
80.77,13.04,15:11:28:080,666.00,22.02
80.54,8.60,15:11:28:200,666.00,23.90
80.50,3.56,15:11:28:314,666.00,23.60
80.24,-0.93,15:11:28:445,666.00,22.61
80.83,-3.63,15:11:28:564,666.00,20.92
80.28,-6.16,15:11:28:689,666.00,17.33
79.10,-8.34,15:11:28:807,666.00,14.86
77.90,-9.60,15:11:28:926,666.00,15.97
77.56,-9.76,15:11:29:058,666.00,16.89
77.57,-9.44,15:11:29:177,666.00,16.83
77.70,-9.23,15:11:29:312,666.00,16.92
77.74,-8.90,15:11:29:441,666.00,16.61
77.78,-8.61,15:11:29:558,666.00,16.40
77.83,-8.07,15:11:29:675,666.00,16.43
77.81,-7.62,15:11:29:796,666.00,16.38
77.66,-5.62,15:11:29:919,666.00,17.61
78.05,-3.06,15:11:30:043,666.00,19.95
78.52,0.17,15:11:30:161,666.00,19.72
78.34,5.51,15:11:30:285,666.00,23.60
79.47,12.36,15:11:30:410,666.00,21.37
79.32,20.38,15:11:30:543,666.00,21.79
80.06,25.88,15:11:30:659,666.00,18.73
82.00,33.17,15:11:30:785,666.00,18.27
81.95,38.40,15:11:30:903,666.00,19.84
81.73,44.83,15:11:31:032,666.00,17.15
84.14,53.14,15:11:31:153,666.00,15.56
80.09,54.88,15:11:31:274,666.00,24.47
89.27,61.37,15:11:31:392,666.00,4.10
87.42,62.08,15:11:31:511,666.00,14.04
85.68,64.00,15:11:31:633,666.00,20.47
86.40,68.69,15:11:31:750,666.00,21.01
91.58,74.53,15:11:31:875,666.00,8.42
91.96,73.70,15:11:31:998,666.00,11.22
92.20,73.32,15:11:32:120,666.00,14.58
91.82,73.19,15:11:32:242,666.00,16.08
91.56,73.11,15:11:32:361,666.00,16.48
91.17,72.94,15:11:32:481,666.00,16.71
91.42,72.38,15:11:32:607,666.00,13.97
91.59,71.76,15:11:32:727,666.00,5.26
85.32,62.76,15:11:32:840,666.00,19.94
87.47,55.94,15:11:32:955,666.00,17.23
79.10,44.97,15:11:33:078,32.19,35.53
78.20,39.80,15:11:33:197,31.91,38.89
84.35,40.26,15:11:33:312,666.00,13.86
82.00,34.22,15:11:33:426,666.00,20.23
82.33,25.80,15:11:33:546,666.00,18.76
81.27,18.57,15:11:33:674,666.00,22.73
80.70,14.28,15:11:33:809,666.00,21.47
80.78,9.57,15:11:33:938,666.00,22.18
80.29,4.64,15:11:34:058,666.00,21.69
79.67,1.49,15:11:34:189,666.00,18.53
76.74,-4.08,15:11:34:307,666.00,21.51
76.48,-6.87,15:11:34:431,666.00,21.29
76.14,-8.92,15:11:34:555,666.00,18.46
74.66,-10.12,15:11:34:671,666.00,18.79
73.65,-10.99,15:11:34:796,666.00,19.68
73.02,-10.80,15:11:34:925,666.00,21.68
72.86,-10.41,15:11:35:048,666.00,21.33
72.77,-10.45,15:11:35:178,666.00,22.47
72.76,-10.12,15:11:35:308,666.00,22.49
72.59,-9.45,15:11:35:439,666.00,22.95
72.89,-7.65,15:11:35:572,666.00,22.14
74.27,-2.76,15:11:35:700,666.00,27.23
74.10,5.07,15:11:35:822,666.00,26.76
77.59,17.97,15:11:35:947,666.00,18.56
78.56,24.58,15:11:36:072,666.00,17.87
80.52,32.39,15:11:36:207,666.00,17.48
81.45,38.29,15:11:36:348,666.00,18.88
82.29,43.77,15:11:36:491,666.00,21.17
85.43,53.08,15:11:36:613,666.00,16.12
86.26,57.86,15:11:36:744,666.00,20.17
87.40,62.60,15:11:36:879,666.00,10.19
85.84,65.84,15:11:37:014,666.00,13.93
76.29,62.43,15:11:37:141,25.53,57.41
92.44,71.67,15:11:37:270,666.00,11.36
75.04,64.51,15:11:37:391,30.34,57.27
74.89,63.49,15:11:37:513,33.19,64.43
75.45,65.24,15:11:37:651,37.67,43.38
74.13,64.66,15:11:37:785,36.61,45.74
83.42,64.55,15:11:37:917,58.06,33.91
81.70,60.98,15:11:38:054,53.49,36.08
77.42,55.25,15:11:38:180,28.27,46.05
88.22,56.01,15:11:38:312,666.00,13.82
84.79,49.82,15:11:38:436,666.00,20.72
80.31,41.97,15:11:38:559,666.00,28.65
81.61,36.71,15:11:38:692,666.00,18.24
81.14,27.87,15:11:38:828,666.00,19.81
80.37,20.61,15:11:38:959,666.00,18.77
80.56,12.68,15:11:39:086,666.00,19.77
80.35,6.12,15:11:39:214,666.00,18.49
80.01,0.76,15:11:39:343,666.00,15.96
79.45,-5.75,15:11:39:478,666.00,14.19
80.26,-8.05,15:11:39:600,666.00,10.95
77.90,-11.65,15:11:39:721,666.00,15.03
77.65,-12.02,15:11:39:837,666.00,15.49
78.51,-11.56,15:11:39:960,666.00,13.63
78.83,-11.01,15:11:40:081,666.00,13.69
79.20,-10.43,15:11:40:213,666.00,13.16
79.97,-9.23,15:11:40:343,666.00,11.25
80.18,-7.94,15:11:40:469,666.00,14.21
79.65,-2.03,15:11:40:591,666.00,15.88
77.56,4.85,15:11:40:711,666.00,23.03
78.00,14.18,15:11:40:830,666.00,18.71
77.95,22.97,15:11:40:960,666.00,18.92
80.21,32.56,15:11:41:077,666.00,16.45
81.05,36.73,15:11:41:191,666.00,15.15
81.31,41.04,15:11:41:310,666.00,18.12
82.04,44.84,15:11:41:427,666.00,18.32
80.12,52.19,15:11:41:544,666.00,22.60
87.13,58.82,15:11:41:660,666.00,6.06
87.63,60.77,15:11:41:788,666.00,10.29
88.98,65.77,15:11:41:905,666.00,9.11
88.07,68.45,15:11:42:028,666.00,12.15
80.43,64.61,15:11:42:146,45.93,30.30
80.41,65.33,15:11:42:271,50.41,30.83
69.61,63.91,15:11:42:391,30.81,46.97
69.09,63.52,15:11:42:511,31.52,47.99
68.84,63.28,15:11:42:631,31.39,48.42
68.89,63.19,15:11:42:743,29.43,48.08
74.44,61.71,15:11:42:861,41.23,41.12
68.20,56.90,15:11:42:978,24.38,50.07
79.46,57.26,15:11:43:104,666.00,22.35
75.56,50.57,15:11:43:237,666.00,27.97
74.24,40.54,15:11:43:379,666.00,25.19
74.62,33.03,15:11:43:510,666.00,24.41
73.32,27.76,15:11:43:630,666.00,27.40
73.28,20.92,15:11:43:775,666.00,28.11
74.45,14.43,15:11:43:899,666.00,26.74
76.79,8.68,15:11:44:027,666.00,23.91
78.87,5.31,15:11:44:158,666.00,22.46
79.32,1.50,15:11:44:279,666.00,16.62
79.33,-1.08,15:11:44:396,666.00,15.05
78.33,-4.33,15:11:44:523,666.00,17.25
78.12,-5.69,15:11:44:652,666.00,17.35
79.06,-5.35,15:11:44:776,666.00,13.83
79.49,-5.35,15:11:44:892,666.00,12.47
78.58,-6.75,15:11:45:010,666.00,14.54
77.30,-7.86,15:11:45:145,666.00,17.90
77.17,-7.94,15:11:45:258,666.00,19.02
77.17,-7.36,15:11:45:377,666.00,20.09
76.61,-5.99,15:11:45:496,666.00,22.92
78.47,0.97,15:11:45:613,666.00,17.38
78.53,7.01,15:11:45:737,666.00,20.46
79.53,10.50,15:11:45:852,666.00,22.68
79.85,18.53,15:11:45:975,666.00,23.71
80.02,23.74,15:11:46:097,666.00,22.46
81.67,31.87,15:11:46:217,666.00,18.14
81.54,38.40,15:11:46:339,666.00,20.61
82.02,44.71,15:11:46:463,666.00,18.18
82.61,47.67,15:11:46:587,666.00,25.41
81.08,49.60,15:11:46:711,29.19,31.54
83.82,55.31,15:11:46:829,666.00,22.79
87.87,60.69,15:11:46:949,666.00,15.41
77.98,61.30,15:11:47:074,27.57,42.87
80.69,64.63,15:11:47:192,41.86,32.33
70.86,63.54,15:11:47:309,24.82,53.49
72.07,63.68,15:11:47:426,38.08,46.60
69.44,63.36,15:11:47:546,32.66,51.62
68.90,62.57,15:11:47:674,33.09,49.71
67.60,61.53,15:11:47:791,30.87,51.33
68.49,61.80,15:11:47:913,30.05,49.22
69.75,61.24,15:11:48:025,21.49,51.64
83.49,64.05,15:11:48:139,666.00,22.96
85.67,64.91,15:11:48:257,666.00,8.37
78.25,52.27,15:11:48:377,666.00,26.62
80.31,50.60,15:11:48:498,666.00,16.68
73.94,36.03,15:11:48:621,20.92,34.12
74.64,29.65,15:11:48:737,666.00,29.95
73.35,23.13,15:11:48:857,666.00,29.10
72.72,15.10,15:11:48:976,666.00,29.17
72.66,9.16,15:11:49:095,666.00,28.73
73.13,3.41,15:11:49:217,666.00,29.72
72.90,-0.88,15:11:49:340,666.00,29.42
73.36,-3.49,15:11:49:461,666.00,25.23
73.47,-4.97,15:11:49:593,666.00,22.71
73.95,-7.10,15:11:49:728,666.00,19.22
72.45,-8.65,15:11:49:845,666.00,20.44
72.03,-8.75,15:11:49:964,666.00,19.92
71.99,-8.56,15:11:50:090,666.00,19.45
72.25,-9.11,15:11:50:214,666.00,21.59
72.16,-8.74,15:11:50:339,666.00,21.80
72.84,-8.22,15:11:50:458,666.00,20.94
72.93,-6.39,15:11:50:578,666.00,24.34
72.50,-1.41,15:11:50:701,666.00,24.24
71.65,7.61,15:11:50:830,666.00,27.04
72.72,17.52,15:11:50:952,666.00,26.69
74.88,27.43,15:11:51:068,666.00,26.33
75.61,33.99,15:11:51:189,666.00,26.19
80.09,45.20,15:11:51:309,666.00,18.46
81.09,49.21,15:11:51:427,666.00,17.31
82.98,58.29,15:11:51:543,666.00,17.75
86.08,61.56,15:11:51:671,666.00,13.47
88.59,69.09,15:11:51:793,666.00,4.57
97.93,69.94,15:11:51:914,666.00,21.91
86.19,70.37,15:11:52:030,666.00,19.28
72.44,66.27,15:11:52:157,30.30,43.87
72.19,65.01,15:11:52:274,33.73,45.37
71.84,63.99,15:11:52:397,35.67,46.87
71.36,63.15,15:11:52:514,35.56,47.88
77.27,60.82,15:11:52:639,49.53,41.18
83.50,66.04,15:11:52:761,666.00,24.59
72.17,54.48,15:11:52:888,22.28,53.31
77.66,51.57,15:11:53:014,666.00,27.75
74.11,41.37,15:11:53:151,34.89,36.69
77.39,39.53,15:11:53:274,666.00,22.58
80.54,33.54,15:11:53:407,666.00,17.30
80.84,27.50,15:11:53:528,666.00,18.15
82.41,25.97,15:11:53:663,666.00,10.99
82.76,18.39,15:11:53:792,666.00,12.64
81.62,9.83,15:11:53:916,666.00,19.56
80.75,6.37,15:11:54:040,666.00,19.94
80.36,3.50,15:11:54:164,666.00,20.28
80.64,0.91,15:11:54:295,666.00,15.67
80.93,-0.89,15:11:54:418,666.00,13.59
81.01,-1.98,15:11:54:535,666.00,12.42
79.84,-5.10,15:11:54:655,666.00,16.09
79.21,-5.46,15:11:54:777,666.00,17.22
79.85,-4.73,15:11:54:902,666.00,15.17
80.21,-3.98,15:11:55:023,666.00,14.38
80.29,-3.14,15:11:55:141,666.00,14.19
80.29,-2.23,15:11:55:263,666.00,15.93
79.90,0.59,15:11:55:391,666.00,19.71
78.84,7.73,15:11:55:511,666.00,21.45
78.64,15.46,15:11:55:640,666.00,23.82
82.54,30.04,15:11:55:779,666.00,9.44
80.80,32.58,15:11:55:894,666.00,19.16
80.70,39.80,15:11:56:027,666.00,21.44
80.61,45.11,15:11:56:147,666.00,22.13
80.42,47.65,15:11:56:262,666.00,28.93
85.18,55.40,15:11:56:380,666.00,17.74
78.63,56.05,15:11:56:495,35.46,32.40
86.32,63.26,15:11:56:612,666.00,14.67
85.34,64.90,15:11:56:726,666.00,15.28
72.59,59.12,15:11:56:842,25.62,66.46
81.27,67.66,15:11:56:962,666.00,26.13
69.41,63.68,15:11:57:078,31.54,46.98
68.53,63.34,15:11:57:190,35.02,52.30
66.83,62.65,15:11:57:323,34.24,55.37
65.39,62.08,15:11:57:445,32.66,55.97
65.44,61.72,15:11:57:563,31.88,54.62
66.20,61.88,15:11:57:679,30.40,51.11
65.95,59.86,15:11:57:796,25.47,59.99
66.95,57.44,15:11:57:914,30.64,47.67
73.09,52.60,15:11:58:037,38.07,32.00
70.92,48.70,15:11:58:163,27.16,34.58
68.88,37.20,15:11:58:291,21.63,39.28
67.94,32.95,15:11:58:412,14.90,35.22
70.56,24.97,15:11:58:542,9.47,34.78
69.87,19.05,15:11:58:692,-7.25,31.11
70.12,11.73,15:11:58:829,-16.13,31.24
71.53,7.72,15:11:58:958,666.00,26.96
72.31,3.27,15:11:59:093,666.00,26.76
73.14,-0.15,15:11:59:219,666.00,25.28
73.52,-2.99,15:11:59:341,666.00,25.38
73.10,-4.52,15:11:59:462,666.00,24.89
73.01,-4.92,15:11:59:580,666.00,24.95
73.08,-5.07,15:11:59:703,666.00,26.74
72.94,-4.58,15:11:59:824,666.00,26.90
76.22,-2.10,15:11:59:944,666.00,18.65
77.03,-2.20,15:12:00:064,666.00,17.36
77.09,-1.96,15:12:00:187,666.00,17.03
76.66,-2.30,15:12:00:308,666.00,18.52
77.75,-0.50,15:12:00:434,666.00,16.41
78.31,1.93,15:12:00:564,666.00,24.35
77.91,6.99,15:12:00:695,666.00,21.71
78.41,12.98,15:12:00:817,666.00,23.28
79.32,19.96,15:12:00:937,666.00,24.05
79.52,27.29,15:12:01:064,666.00,23.09
83.95,38.56,15:12:01:187,666.00,13.73
82.21,41.01,15:12:01:312,666.00,27.38
81.23,45.73,15:12:01:427,32.88,30.70
80.28,48.91,15:12:01:545,38.79,39.68
85.33,56.57,15:12:01:671,54.01,31.33
80.60,55.65,15:12:01:789,37.82,55.37
91.67,68.36,15:12:01:908,666.00,22.32
89.51,66.66,15:12:02:024,666.00,26.48
76.95,61.52,15:12:02:135,45.62,49.69
76.07,62.78,15:12:02:268,45.80,49.88
75.52,63.42,15:12:02:387,46.42,51.65
75.26,65.74,15:12:02:508,37.90,63.70
75.23,65.04,15:12:02:630,43.24,48.15
73.21,61.96,15:12:02:751,40.68,50.67
73.26,59.99,15:12:02:873,26.31,55.97
81.33,60.30,15:12:02:990,666.00,28.66
81.03,53.81,15:12:03:114,666.00,26.35
76.72,42.16,15:12:03:245,27.55,33.94
78.80,39.82,15:12:03:358,666.00,24.91
77.78,31.62,15:12:03:476,666.00,20.57
77.41,23.33,15:12:03:605,666.00,21.78
77.04,18.23,15:12:03:733,666.00,21.94
76.78,11.66,15:12:03:847,666.00,21.75
77.49,7.28,15:12:03:965,666.00,19.73
74.17,-0.83,15:12:04:091,666.00,26.88
73.12,-4.12,15:12:04:205,666.00,21.00
72.92,-7.74,15:12:04:325,666.00,20.99
73.00,-10.99,15:12:04:450,666.00,18.12
73.38,-12.37,15:12:04:569,666.00,16.91
73.66,-12.42,15:12:04:689,666.00,16.69
73.51,-12.48,15:12:04:809,666.00,18.64
73.40,-12.44,15:12:04:929,666.00,19.53
73.52,-12.65,15:12:05:054,666.00,20.30
73.45,-11.86,15:12:05:179,666.00,21.14
73.34,-10.85,15:12:05:301,666.00,23.74
73.14,-9.51,15:12:05:422,666.00,23.97
72.80,-5.99,15:12:05:547,666.00,24.28
72.83,-0.84,15:12:05:680,666.00,27.27
72.46,5.17,15:12:05:796,666.00,29.62
76.39,18.05,15:12:05:918,666.00,20.07
77.63,29.64,15:12:06:037,666.00,18.54
79.62,36.15,15:12:06:157,666.00,16.98
81.24,44.97,15:12:06:272,666.00,17.16
81.91,49.01,15:12:06:390,666.00,20.32
80.90,51.83,15:12:06:508,666.00,28.58
81.96,54.45,15:12:06:625,666.00,29.15
87.21,64.42,15:12:06:746,666.00,15.49
94.19,71.94,15:12:06:865,666.00,2.41
81.52,63.68,15:12:06:986,40.98,45.47
89.81,69.84,15:12:07:106,666.00,22.08
78.39,63.64,15:12:07:225,44.06,45.24
76.74,63.60,15:12:07:340,42.93,48.59
76.57,62.97,15:12:07:461,43.11,49.44
76.52,62.60,15:12:07:582,43.42,49.40
76.29,61.70,15:12:07:713,44.25,50.01
77.05,60.92,15:12:07:831,43.99,46.08
93.18,65.64,15:12:07:947,666.00,20.37
78.64,53.22,15:12:08:065,30.72,51.41
77.30,43.38,15:12:08:182,31.76,39.03
79.31,41.33,15:12:08:307,666.00,26.39
80.78,37.29,15:12:08:423,666.00,20.66
82.17,31.01,15:12:08:541,666.00,20.11
82.50,25.88,15:12:08:668,666.00,20.53
82.00,18.44,15:12:08:799,666.00,18.08
80.50,11.87,15:12:08:925,666.00,22.35
80.70,7.02,15:12:09:051,666.00,22.80
80.95,2.69,15:12:09:173,666.00,18.62
81.56,-1.32,15:12:09:297,666.00,14.78
81.11,-2.60,15:12:09:428,666.00,14.31
80.50,-2.78,15:12:09:552,666.00,14.28
80.25,-2.96,15:12:09:670,666.00,14.13
80.16,-2.83,15:12:09:791,666.00,13.97
79.97,-2.65,15:12:09:907,666.00,13.93
79.78,-2.42,15:12:10:028,666.00,13.72
79.56,-2.43,15:12:10:149,666.00,14.13
79.27,-1.93,15:12:10:272,666.00,13.80
78.89,-0.91,15:12:10:398,666.00,14.05
78.00,2.54,15:12:10:525,666.00,16.75
76.81,9.11,15:12:10:644,666.00,18.19
76.74,14.88,15:12:10:764,666.00,23.40
77.14,24.85,15:12:10:891,666.00,19.92
78.57,33.73,15:12:11:015,666.00,18.57
79.97,41.62,15:12:11:141,666.00,16.18
80.35,47.52,15:12:11:257,666.00,16.00
79.40,53.61,15:12:11:375,666.00,21.58
81.21,59.32,15:12:11:502,666.00,15.54
84.61,64.34,15:12:11:617,666.00,12.27
88.08,68.97,15:12:11:741,666.00,5.88
84.38,72.73,15:12:11:855,666.00,13.44
76.22,66.95,15:12:11:972,32.25,39.97
74.56,67.03,15:12:12:089,35.18,38.24
70.99,66.67,15:12:12:203,33.50,40.50
83.73,74.03,15:12:12:319,666.00,16.96
74.11,65.85,15:12:12:435,34.07,39.46
74.69,65.64,15:12:12:561,20.42,44.12
83.81,65.64,15:12:12:678,666.00,28.59
86.69,67.12,15:12:12:797,666.00,6.62
73.61,56.43,15:12:12:916,14.03,41.83
77.94,53.54,15:12:13:044,666.00,22.80
81.61,50.36,15:12:13:163,666.00,17.52
79.47,42.05,15:12:13:281,666.00,25.03
80.50,36.79,15:12:13:409,666.00,20.04
80.47,30.95,15:12:13:532,666.00,20.10
79.54,24.03,15:12:13:667,666.00,21.48
79.79,15.72,15:12:13:816,666.00,22.85
79.61,10.39,15:12:13:954,666.00,24.36
79.62,6.09,15:12:14:087,666.00,21.79
80.66,0.84,15:12:14:226,666.00,20.25
80.95,-3.27,15:12:14:363,666.00,17.63
79.61,-6.49,15:12:14:504,666.00,12.35
79.08,-9.12,15:12:14:636,666.00,11.52
78.88,-10.76,15:12:14:794,666.00,13.25
78.73,-11.07,15:12:14:942,666.00,14.95
78.11,-10.27,15:12:15:080,666.00,15.40
77.75,-7.16,15:12:15:206,666.00,16.51
77.91,-4.06,15:12:15:340,666.00,19.06
77.21,2.45,15:12:15:472,666.00,22.55
78.12,12.29,15:12:15:612,666.00,24.25
77.75,20.97,15:12:15:746,666.00,22.03
78.80,29.45,15:12:15:896,666.00,20.47
80.17,38.13,15:12:16:038,666.00,19.71
80.81,44.30,15:12:16:175,666.00,22.78
79.59,50.59,15:12:16:308,666.00,28.20
81.58,57.30,15:12:16:440,666.00,24.01
87.42,65.33,15:12:16:575,666.00,12.46
86.81,68.72,15:12:16:703,666.00,19.66
87.89,70.62,15:12:16:822,666.00,17.56
71.74,65.07,15:12:16:955,25.73,58.61
70.74,64.21,15:12:17:072,37.51,48.72
70.07,62.97,15:12:17:193,37.47,51.97
69.90,62.60,15:12:17:324,35.60,51.51
70.59,62.33,15:12:17:451,42.98,54.99
84.34,65.98,15:12:17:574,666.00,27.81
84.67,64.04,15:12:17:694,666.00,26.13
76.92,54.66,15:12:17:810,36.71,45.84
79.61,55.78,15:12:17:934,666.00,27.19
78.11,48.46,15:12:18:077,23.42,31.63
80.41,42.22,15:12:18:189,666.00,26.39
81.14,37.45,15:12:18:311,666.00,22.48
82.13,31.76,15:12:18:452,666.00,21.28
82.69,25.71,15:12:18:581,666.00,18.80
82.80,20.34,15:12:18:716,666.00,17.01
82.30,14.52,15:12:18:838,666.00,18.04
81.57,10.44,15:12:18:960,666.00,19.56
80.28,5.85,15:12:19:093,666.00,17.78
80.39,1.85,15:12:19:217,666.00,16.93
80.84,-0.19,15:12:19:344,666.00,16.16
81.20,-1.33,15:12:19:475,666.00,15.78
81.23,-1.57,15:12:19:607,666.00,15.68
81.11,-1.62,15:12:19:729,666.00,15.44
80.97,-1.61,15:12:19:847,666.00,15.20
80.54,-1.26,15:12:19:978,666.00,15.93
80.09,0.10,15:12:20:105,666.00,16.98
79.14,3.09,15:12:20:224,666.00,19.98
78.30,9.41,15:12:20:343,666.00,20.74
78.82,13.48,15:12:20:467,666.00,21.90
78.90,22.82,15:12:20:589,666.00,21.95
79.90,32.69,15:12:20:707,666.00,20.15
80.60,39.10,15:12:20:826,666.00,20.66
81.14,45.49,15:12:20:951,666.00,20.38
79.04,47.96,15:12:21:091,666.00,29.29
78.93,51.04,15:12:21:221,32.37,32.01
78.53,53.85,15:12:21:344,35.18,32.62
86.74,63.33,15:12:21:466,666.00,12.64
87.25,66.52,15:12:21:583,666.00,10.21
87.22,71.00,15:12:21:707,666.00,5.12
75.09,62.49,15:12:21:827,32.97,46.69
82.19,72.74,15:12:21:943,666.00,10.14
72.53,65.67,15:12:22:055,35.12,39.89
70.00,63.52,15:12:22:182,38.72,42.65
69.80,63.33,15:12:22:308,26.73,49.53
70.41,63.09,15:12:22:425,32.42,43.74
79.77,64.64,15:12:22:544,666.00,28.82
84.87,65.13,15:12:22:663,666.00,7.42
74.91,52.49,15:12:22:787,20.96,42.73
76.28,49.17,15:12:22:906,21.15,32.75
77.61,42.02,15:12:23:026,30.31,36.29
80.72,39.06,15:12:23:143,666.00,24.72
81.27,32.63,15:12:23:261,666.00,22.19
80.20,24.91,15:12:23:381,666.00,21.97
79.46,19.11,15:12:23:499,666.00,24.52
78.62,13.74,15:12:23:621,666.00,24.06
78.23,9.35,15:12:23:736,666.00,26.15
78.99,5.24,15:12:23:863,666.00,25.67
79.23,2.92,15:12:23:984,666.00,20.89
79.49,0.06,15:12:24:106,666.00,18.46
79.54,-1.00,15:12:24:227,666.00,17.72
79.43,-1.28,15:12:24:360,666.00,18.20
79.62,-1.36,15:12:24:482,666.00,18.16
79.80,-0.89,15:12:24:604,666.00,18.32
79.84,-0.36,15:12:24:725,666.00,18.02
80.07,0.82,15:12:24:848,666.00,17.39
79.90,2.00,15:12:24:975,666.00,18.89
79.26,3.92,15:12:25:094,666.00,22.16
78.82,10.05,15:12:25:207,666.00,24.32
78.91,16.20,15:12:25:331,666.00,23.93
78.65,24.73,15:12:25:459,666.00,22.06
79.41,33.01,15:12:25:571,666.00,22.21
79.80,39.86,15:12:25:690,666.00,19.91
80.06,45.13,15:12:25:806,666.00,20.89
78.34,52.31,15:12:25:926,666.00,24.83
82.72,62.43,15:12:26:055,666.00,14.60
79.68,62.31,15:12:26:173,666.00,24.03
85.21,69.72,15:12:26:293,666.00,8.33
73.26,64.80,15:12:26:412,36.07,45.34
78.16,66.35,15:12:26:532,50.67,36.30
70.83,69.43,15:12:26:664,32.26,45.32
70.73,68.13,15:12:26:785,33.95,47.45
70.48,67.04,15:12:26:904,27.11,80.41
71.34,65.81,15:12:27:021,24.69,55.58
72.23,64.02,15:12:27:139,21.11,57.68
78.46,60.49,15:12:27:258,47.41,38.63
84.55,62.43,15:12:27:377,666.00,17.85
77.77,52.13,15:12:27:509,38.07,31.56
81.00,51.28,15:12:27:625,666.00,24.98
79.37,45.92,15:12:27:743,666.00,20.64
78.99,40.01,15:12:27:873,666.00,21.46
78.16,33.58,15:12:27:997,666.00,20.41
77.29,26.93,15:12:28:127,666.00,17.73
77.18,19.75,15:12:28:250,666.00,18.39
77.49,12.58,15:12:28:371,666.00,18.64
77.65,6.86,15:12:28:489,666.00,16.47
77.86,0.85,15:12:28:614,666.00,11.84
76.79,-4.64,15:12:28:734,666.00,11.71
76.44,-7.95,15:12:28:853,666.00,12.21
74.88,-10.10,15:12:28:970,666.00,14.87
75.02,-10.11,15:12:29:085,666.00,14.00
75.01,-10.71,15:12:29:204,666.00,14.07
75.02,-10.76,15:12:29:320,666.00,13.91
75.17,-10.75,15:12:29:444,666.00,13.28
75.28,-10.73,15:12:29:567,666.00,13.12
74.03,-11.67,15:12:29:686,666.00,16.16
74.71,-11.00,15:12:29:807,666.00,15.23
73.50,-11.71,15:12:29:929,666.00,17.69
73.88,-10.03,15:12:30:053,666.00,16.57
75.16,-7.50,15:12:30:174,666.00,16.35
76.59,-4.97,15:12:30:289,666.00,14.37
77.21,-0.55,15:12:30:410,666.00,13.73
76.06,4.46,15:12:30:545,666.00,19.30
75.49,15.15,15:12:30:673,666.00,18.07
74.08,19.15,15:12:30:800,666.00,24.19
76.44,29.73,15:12:30:926,666.00,18.18
78.25,38.78,15:12:31:043,666.00,17.41
79.87,44.83,15:12:31:159,666.00,15.03
79.69,49.24,15:12:31:273,666.00,24.17
78.37,51.79,15:12:31:389,34.58,31.70
86.57,64.04,15:12:31:514,666.00,9.58
88.49,70.38,15:12:31:638,666.00,6.50
84.61,70.97,15:12:31:758,666.00,18.76
78.49,67.23,15:12:31:871,43.89,35.20
85.47,75.88,15:12:31:989,666.00,18.57
71.85,65.35,15:12:32:101,43.10,50.51
72.14,64.96,15:12:32:218,37.22,47.58
73.18,63.47,15:12:32:340,39.58,47.30
84.49,71.55,15:12:32:462,666.00,23.94
78.61,65.08,15:12:32:589,54.04,42.71
89.35,67.50,15:12:32:707,666.00,15.24
87.31,64.12,15:12:32:832,666.00,10.69
78.61,50.92,15:12:32:948,42.69,31.14
79.49,45.96,15:12:33:073,666.00,29.77
78.86,43.02,15:12:33:195,666.00,24.62
77.63,36.81,15:12:33:321,666.00,17.83
77.55,29.07,15:12:33:437,666.00,19.23
77.50,22.83,15:12:33:556,666.00,21.29
77.53,15.94,15:12:33:674,666.00,22.44
77.55,12.28,15:12:33:811,666.00,20.69
77.43,8.93,15:12:33:947,666.00,20.08
77.81,6.78,15:12:34:068,666.00,20.59
78.62,4.18,15:12:34:181,666.00,18.05
79.60,1.77,15:12:34:308,666.00,17.05
80.09,0.46,15:12:34:430,666.00,14.65
80.39,-0.67,15:12:34:552,666.00,14.75
80.67,-1.02,15:12:34:669,666.00,13.91
80.74,-1.53,15:12:34:791,666.00,12.39
80.26,-1.73,15:12:34:920,666.00,12.56
80.03,-1.88,15:12:35:037,666.00,13.19
79.87,-1.87,15:12:35:161,666.00,13.25
79.55,-1.85,15:12:35:276,666.00,13.79
79.45,-1.98,15:12:35:392,666.00,14.11
79.51,-1.53,15:12:35:504,666.00,13.39
79.44,-1.56,15:12:35:627,666.00,13.29
79.34,-0.64,15:12:35:756,666.00,13.47
79.37,1.99,15:12:35:872,666.00,13.90
78.75,6.83,15:12:35:997,666.00,17.54
77.85,17.62,15:12:36:120,666.00,16.50
78.29,28.04,15:12:36:239,666.00,20.88
79.07,36.28,15:12:36:371,666.00,20.38
80.37,43.99,15:12:36:486,666.00,18.65
81.77,56.31,15:12:36:607,666.00,18.70
83.85,56.44,15:12:36:723,666.00,13.41
85.60,63.50,15:12:36:838,666.00,10.35
88.06,67.06,15:12:36:971,666.00,6.68
88.40,68.12,15:12:37:095,666.00,5.11
85.73,72.51,15:12:37:213,666.00,9.60
86.15,71.80,15:12:37:338,666.00,14.33
74.74,65.44,15:12:37:457,32.79,37.75
73.15,62.10,15:12:37:573,34.53,43.34
73.19,61.56,15:12:37:689,35.22,44.63
83.53,67.76,15:12:37:803,666.00,23.49
83.94,67.92,15:12:37:914,666.00,22.17
88.99,66.57,15:12:38:034,666.00,18.72
83.56,62.15,15:12:38:152,666.00,22.32
81.10,55.71,15:12:38:273,666.00,20.68
79.05,51.68,15:12:38:390,666.00,26.91
77.56,46.83,15:12:38:505,666.00,27.79
79.20,43.44,15:12:38:624,666.00,25.02
80.94,37.35,15:12:38:746,666.00,18.70
80.91,30.33,15:12:38:872,666.00,18.52
80.82,23.71,15:12:39:002,666.00,18.26
80.13,16.81,15:12:39:127,666.00,18.74
80.38,10.25,15:12:39:249,666.00,17.77
80.56,4.49,15:12:39:370,666.00,17.86
80.94,0.03,15:12:39:491,666.00,15.39
80.85,-3.40,15:12:39:608,666.00,14.82
80.57,-4.79,15:12:39:734,666.00,14.28
80.41,-6.25,15:12:39:853,666.00,13.71
79.96,-6.02,15:12:39:981,666.00,12.58
79.22,-6.42,15:12:40:106,666.00,13.01
79.05,-6.64,15:12:40:233,666.00,13.19
78.94,-6.61,15:12:40:353,666.00,13.61
78.87,-6.56,15:12:40:477,666.00,14.42
78.92,-6.37,15:12:40:608,666.00,13.94
78.89,-4.38,15:12:40:746,666.00,15.21
78.49,2.47,15:12:40:874,666.00,20.29
78.30,9.86,15:12:40:995,666.00,19.67
78.72,20.30,15:12:41:117,666.00,24.93
79.63,31.54,15:12:41:243,666.00,19.22
80.63,39.00,15:12:41:361,666.00,18.93
79.83,46.30,15:12:41:479,666.00,21.35
78.54,49.38,15:12:41:610,30.72,30.69
80.92,57.60,15:12:41:740,666.00,21.72
85.43,63.65,15:12:41:859,666.00,12.26
88.20,71.00,15:12:41:984,666.00,6.07
85.99,75.72,15:12:42:107,666.00,9.62
87.43,74.36,15:12:42:228,666.00,13.97
70.42,67.16,15:12:42:344,36.29,46.16
70.86,66.68,15:12:42:460,36.53,45.58
70.38,62.23,15:12:42:580,35.06,49.56
70.40,61.31,15:12:42:694,35.09,49.73
70.71,61.36,15:12:42:809,35.05,48.87
71.62,61.84,15:12:42:925,34.36,46.39
80.27,59.18,15:12:43:047,56.40,38.31
73.57,57.25,15:12:43:171,33.87,44.30
86.06,62.57,15:12:43:295,666.00,13.42
78.98,52.03,15:12:43:412,40.34,31.30
78.54,49.05,15:12:43:542,29.08,30.62
79.69,45.33,15:12:43:661,666.00,25.03
80.44,39.70,15:12:43:779,666.00,22.27
80.77,32.99,15:12:43:896,666.00,22.93
82.57,29.97,15:12:44:017,666.00,12.68
85.02,23.73,15:12:44:139,666.00,8.64
82.74,11.53,15:12:44:257,666.00,20.67
82.34,6.51,15:12:44:372,666.00,21.20
82.66,2.61,15:12:44:491,666.00,18.88
81.85,0.50,15:12:44:631,666.00,17.61
81.37,-0.94,15:12:44:752,666.00,16.65
81.30,-2.00,15:12:44:874,666.00,14.89
81.44,-2.55,15:12:44:989,666.00,14.56
81.44,-2.60,15:12:45:102,666.00,14.03
81.34,-2.93,15:12:45:223,666.00,13.88
81.52,-2.54,15:12:45:344,666.00,13.84
81.52,-2.97,15:12:45:463,666.00,13.85
81.30,-2.74,15:12:45:587,666.00,14.13
80.95,-2.16,15:12:45:718,666.00,14.42
81.04,-1.74,15:12:45:847,666.00,14.92
80.38,2.90,15:12:45:972,666.00,16.32
80.09,8.82,15:12:46:096,666.00,21.36
80.10,17.70,15:12:46:226,666.00,20.46
80.31,26.53,15:12:46:348,666.00,20.42
80.98,34.12,15:12:46:467,666.00,18.29
81.95,42.90,15:12:46:590,666.00,18.58
79.81,51.22,15:12:46:708,666.00,21.85
79.36,51.27,15:12:46:833,666.00,29.89
80.36,55.13,15:12:46:949,666.00,29.73
88.50,66.06,15:12:47:079,666.00,10.25
87.01,66.64,15:12:47:194,666.00,13.51
79.01,62.31,15:12:47:313,40.16,43.62
96.66,73.92,15:12:47:436,666.00,13.97
74.40,63.90,15:12:47:552,42.94,48.18
76.10,65.43,15:12:47:673,40.98,44.89
75.26,65.24,15:12:47:790,41.17,46.09
90.28,77.45,15:12:47:907,666.00,17.19
90.36,77.00,15:12:48:027,666.00,16.63
91.10,76.50,15:12:48:153,666.00,14.25
92.42,75.84,15:12:48:277,666.00,8.60
90.61,67.53,15:12:48:403,666.00,15.30
78.17,53.14,15:12:48:520,35.71,50.85
80.68,51.03,15:12:48:642,43.34,33.24
79.75,48.10,15:12:48:769,28.14,30.28
81.25,43.71,15:12:48:892,666.00,27.26
82.54,37.61,15:12:49:012,666.00,20.37
83.21,28.09,15:12:49:141,666.00,17.23
86.79,28.38,15:12:49:260,666.00,9.14
82.03,13.05,15:12:49:383,666.00,24.25
82.20,8.22,15:12:49:510,666.00,20.44
82.55,3.56,15:12:49:644,666.00,17.18
82.68,-0.54,15:12:49:768,666.00,15.72
82.48,-3.03,15:12:49:898,666.00,15.30
82.19,-5.14,15:12:50:027,666.00,14.78
81.45,-6.19,15:12:50:146,666.00,14.36
81.10,-6.77,15:12:50:276,666.00,14.20
80.85,-6.86,15:12:50:407,666.00,13.18
80.53,-6.84,15:12:50:526,666.00,13.53
79.91,-7.35,15:12:50:638,666.00,15.02
79.96,-7.57,15:12:50:759,666.00,14.90
79.81,-7.39,15:12:50:888,666.00,15.08
79.85,-5.58,15:12:51:013,666.00,14.82
78.65,-1.40,15:12:51:142,666.00,18.09
78.62,3.95,15:12:51:266,666.00,19.37
78.07,14.61,15:12:51:386,666.00,21.75
78.82,24.60,15:12:51:503,666.00,19.20
78.91,30.85,15:12:51:621,666.00,21.17
81.09,41.79,15:12:51:747,666.00,18.78
80.35,49.01,15:12:51:882,666.00,22.44
82.17,54.12,15:12:52:006,666.00,21.13
85.07,58.09,15:12:52:122,666.00,18.06
86.43,65.20,15:12:52:236,666.00,13.62
89.43,71.96,15:12:52:355,666.00,3.34
89.21,73.08,15:12:52:477,666.00,14.07
81.60,73.45,15:12:52:605,666.00,27.15
77.71,71.73,15:12:52:724,37.25,30.64
85.05,76.88,15:12:52:846,666.00,13.41
84.56,75.34,15:12:52:970,666.00,15.27
84.36,74.79,15:12:53:094,666.00,16.31
74.76,66.56,15:12:53:211,42.72,44.16
78.28,62.88,15:12:53:337,47.40,35.64
84.50,66.75,15:12:53:453,666.00,15.55
84.19,59.58,15:12:53:576,666.00,13.84
84.60,52.05,15:12:53:692,666.00,20.04
76.64,43.73,15:12:53:810,23.39,30.04
77.84,40.46,15:12:53:935,666.00,18.12
76.68,33.84,15:12:54:057,666.00,18.88
75.63,24.09,15:12:54:188,666.00,17.26
75.57,16.55,15:12:54:309,666.00,20.80
75.97,10.85,15:12:54:429,666.00,19.35
78.33,4.40,15:12:54:548,666.00,15.80
78.95,-0.35,15:12:54:673,666.00,13.51
79.02,-1.87,15:12:54:797,666.00,13.74
79.49,-3.53,15:12:54:921,666.00,11.72
79.20,-3.65,15:12:55:044,666.00,12.10
79.00,-3.85,15:12:55:177,666.00,12.54
79.01,-3.87,15:12:55:294,666.00,12.68
78.89,-3.95,15:12:55:426,666.00,12.96
78.93,-4.09,15:12:55:554,666.00,13.79
79.03,-4.30,15:12:55:681,666.00,13.74
79.21,-4.21,15:12:55:816,666.00,13.48
78.99,-4.20,15:12:55:941,666.00,14.54
78.96,-3.72,15:12:56:069,666.00,14.54
78.71,-0.00,15:12:56:188,666.00,16.60
77.62,9.34,15:12:56:309,666.00,18.84
76.60,22.35,15:12:56:440,666.00,25.04
77.90,30.68,15:12:56:577,666.00,22.06
79.65,39.94,15:12:56:695,666.00,20.82
82.87,53.41,15:12:56:817,666.00,16.44
80.85,55.09,15:12:56:936,666.00,25.74
82.09,58.67,15:12:57:052,666.00,26.84
85.40,65.08,15:12:57:172,666.00,15.41
88.31,71.19,15:12:57:294,666.00,7.32
86.86,70.19,15:12:57:417,666.00,20.41
78.07,66.78,15:12:57:540,38.00,44.37
82.11,66.67,15:12:57:664,56.92,37.21
76.57,64.32,15:12:57:783,39.32,52.92
83.66,68.22,15:12:57:899,666.00,28.50
82.44,66.24,15:12:58:018,54.69,30.18
81.85,65.26,15:12:58:139,54.31,32.01
94.46,66.19,15:12:58:266,140.79,35.88
78.60,58.48,15:12:58:385,30.48,44.45
77.57,53.22,15:12:58:504,38.20,33.25
86.18,53.21,15:12:58:623,666.00,16.22
75.54,44.37,15:12:58:751,22.26,32.66
77.29,39.77,15:12:58:880,666.00,22.61
77.25,32.73,15:12:59:004,666.00,22.55
77.04,26.96,15:12:59:121,666.00,21.45
77.60,20.11,15:12:59:246,666.00,18.82
77.42,14.77,15:12:59:362,666.00,20.94
78.01,7.96,15:12:59:484,666.00,17.10
78.27,2.16,15:12:59:605,666.00,15.27
79.11,-2.13,15:12:59:731,666.00,14.78
78.31,-5.47,15:12:59:857,666.00,13.89
77.28,-8.18,15:12:59:976,666.00,14.53
76.92,-9.53,15:13:00:104,666.00,12.07
76.93,-9.66,15:13:00:229,666.00,12.30
76.86,-9.51,15:13:00:352,666.00,12.19
76.82,-9.38,15:13:00:479,666.00,12.55
76.89,-9.17,15:13:00:611,666.00,13.01
76.84,-8.71,15:13:00:748,666.00,13.18
76.83,-7.64,15:13:00:880,666.00,14.18
76.51,-3.48,15:13:01:012,666.00,20.04
75.45,4.16,15:13:01:138,666.00,19.40
74.53,12.47,15:13:01:260,666.00,20.84
74.97,23.33,15:13:01:392,666.00,20.98
77.66,34.46,15:13:01:528,666.00,19.11
79.63,44.44,15:13:01:645,666.00,18.65
79.73,47.05,15:13:01:762,666.00,24.25
79.58,51.57,15:13:01:880,666.00,28.37
83.27,59.26,15:13:02:011,666.00,21.00
86.44,63.15,15:13:02:132,666.00,17.74
88.17,68.15,15:13:02:259,666.00,19.41
89.49,71.10,15:13:02:370,666.00,15.65
96.17,73.79,15:13:02:494,666.00,10.01
83.90,66.54,15:13:02:613,50.15,31.96
84.00,67.91,15:13:02:735,666.00,29.22
86.42,69.40,15:13:02:852,666.00,23.63
89.65,70.75,15:13:02:971,666.00,16.94
91.10,71.26,15:13:03:087,666.00,14.07
90.75,68.66,15:13:03:203,666.00,14.08
84.18,58.48,15:13:03:318,46.80,33.82
85.35,55.25,15:13:03:436,666.00,21.02
83.32,49.00,15:13:03:552,666.00,29.89
83.76,43.61,15:13:03:671,666.00,26.07
83.64,39.78,15:13:03:791,666.00,23.33
83.45,33.38,15:13:03:903,666.00,18.72
83.91,27.68,15:13:04:023,666.00,19.58
81.61,14.94,15:13:04:140,666.00,25.35
81.49,12.96,15:13:04:266,666.00,20.16
80.65,7.48,15:13:04:387,666.00,17.81
80.00,3.43,15:13:04:508,666.00,18.07
80.59,0.44,15:13:04:631,666.00,14.90
81.25,-3.47,15:13:04:749,666.00,15.09
81.02,-3.76,15:13:04:870,666.00,14.49
81.19,-4.50,15:13:04:995,666.00,13.31
80.55,-4.19,15:13:05:114,666.00,13.54
79.54,-4.36,15:13:05:241,666.00,15.37
79.12,-4.33,15:13:05:367,666.00,16.13
79.01,-3.59,15:13:05:494,666.00,15.59
78.87,-3.17,15:13:05:608,666.00,15.89
79.27,-3.21,15:13:05:725,666.00,15.28
79.91,-2.07,15:13:05:849,666.00,14.21
80.44,0.43,15:13:05:987,666.00,17.98
79.95,5.66,15:13:06:103,666.00,21.29
79.75,11.07,15:13:06:226,666.00,22.44
80.18,19.42,15:13:06:352,666.00,23.89
80.15,28.70,15:13:06:476,666.00,20.74
80.47,35.69,15:13:06:596,666.00,21.60
80.08,42.90,15:13:06:713,666.00,22.49
81.47,50.97,15:13:06:839,666.00,22.14
79.06,52.71,15:13:06:968,666.00,28.90
79.91,57.55,15:13:07:083,666.00,29.35
85.85,66.47,15:13:07:209,666.00,13.04
87.80,72.23,15:13:07:323,666.00,6.85
90.97,76.06,15:13:07:453,666.00,13.88
74.03,66.64,15:13:07:573,43.57,44.15
71.62,66.07,15:13:07:699,41.62,48.14
71.22,64.81,15:13:07:818,41.43,49.40
71.06,62.78,15:13:07:937,42.34,51.45
71.43,62.37,15:13:08:056,43.14,51.72
71.75,61.74,15:13:08:166,49.14,56.06
72.92,61.06,15:13:08:291,30.05,60.41
85.80,63.14,15:13:08:416,666.00,22.97
84.03,58.43,15:13:08:544,666.00,21.76
77.68,45.00,15:13:08:667,34.99,37.93
79.74,43.04,15:13:08:789,666.00,28.25
81.50,35.65,15:13:08:921,666.00,23.19
81.79,28.34,15:13:09:054,666.00,23.49
85.81,26.90,15:13:09:214,666.00,8.70
81.04,12.87,15:13:09:342,666.00,21.82
80.52,9.36,15:13:09:461,666.00,20.03
80.64,4.47,15:13:09:573,666.00,16.18
80.41,1.32,15:13:09:692,666.00,15.42
80.42,-1.11,15:13:09:818,666.00,14.83
80.36,-2.42,15:13:09:935,666.00,14.23
80.12,-2.86,15:13:10:055,666.00,14.82
79.74,-2.76,15:13:10:180,666.00,15.67
79.63,-2.47,15:13:10:306,666.00,16.35
79.72,-1.93,15:13:10:430,666.00,16.13
79.90,1.17,15:13:10:549,666.00,16.04
79.44,4.99,15:13:10:672,666.00,20.61
79.65,9.43,15:13:10:791,666.00,21.38
81.29,17.58,15:13:10:904,666.00,22.15
81.08,24.27,15:13:11:034,666.00,21.79
81.91,34.89,15:13:11:170,666.00,21.50
81.82,40.03,15:13:11:294,666.00,22.33
82.03,48.37,15:13:11:416,666.00,23.12
81.20,54.06,15:13:11:536,666.00,25.05
81.24,56.26,15:13:11:652,666.00,28.65
82.59,59.58,15:13:11:772,666.00,27.43
90.53,67.60,15:13:11:894,666.00,10.41
90.22,73.65,15:13:12:018,666.00,6.90
94.21,75.48,15:13:12:142,666.00,19.92
79.14,66.29,15:13:12:275,45.52,38.58
89.49,73.96,15:13:12:393,666.00,19.49
79.77,66.22,15:13:12:513,47.49,38.03
89.52,73.69,15:13:12:627,666.00,17.67
89.14,72.81,15:13:12:740,666.00,18.95
87.82,69.64,15:13:12:854,666.00,20.74
79.80,58.85,15:13:12:970,44.01,47.51
86.70,62.56,15:13:13:096,666.00,22.09
88.06,54.41,15:13:13:220,666.00,22.57
80.68,48.39,15:13:13:340,31.25,35.05
82.04,44.84,15:13:13:464,666.00,29.52
81.40,38.78,15:13:13:591,666.00,23.97
81.49,32.38,15:13:13:714,666.00,20.00
80.89,25.63,15:13:13:843,666.00,21.09
81.34,17.94,15:13:13:968,666.00,20.51
81.76,12.43,15:13:14:095,666.00,20.42
82.56,8.29,15:13:14:210,666.00,17.05
82.55,4.14,15:13:14:329,666.00,17.13
82.24,1.47,15:13:14:452,666.00,13.94
81.45,-0.27,15:13:14:580,666.00,14.20
80.81,-0.62,15:13:14:716,666.00,14.69
80.66,-0.46,15:13:14:839,666.00,14.07
80.58,-0.06,15:13:14:971,666.00,14.14
80.39,-0.17,15:13:15:106,666.00,14.49
80.17,-0.32,15:13:15:242,666.00,14.87
79.88,0.45,15:13:15:378,666.00,14.96
79.90,2.87,15:13:15:520,666.00,17.70
79.54,9.72,15:13:15:659,666.00,21.03
79.85,18.37,15:13:15:803,666.00,22.35
79.78,29.16,15:13:15:938,666.00,21.91
80.89,40.23,15:13:16:067,666.00,19.35
81.37,47.62,15:13:16:205,666.00,20.81
78.13,52.67,15:13:16:344,666.00,27.45
86.64,62.00,15:13:16:488,666.00,13.34
81.66,64.23,15:13:16:623,666.00,19.78
87.45,69.09,15:13:16:755,666.00,13.27
76.74,61.85,15:13:16:893,36.94,69.62
78.41,65.12,15:13:17:024,44.00,51.39
77.63,65.36,15:13:17:156,44.62,52.24
76.65,65.12,15:13:17:289,48.72,43.43
75.88,64.80,15:13:17:422,40.26,54.19
77.97,64.67,15:13:17:561,42.92,51.80
85.09,66.00,15:13:17:721,666.00,16.84
77.14,55.38,15:13:17:860,42.92,34.66
83.03,51.51,15:13:18:000,666.00,20.19
75.01,42.90,15:13:18:141,26.71,36.26
77.23,39.40,15:13:18:281,666.00,21.05
78.00,28.87,15:13:18:434,666.00,21.86
78.52,20.82,15:13:18:582,666.00,21.33
79.33,14.43,15:13:18:721,666.00,19.78
79.82,9.08,15:13:18:849,666.00,17.74
80.60,4.77,15:13:18:984,666.00,13.54
80.02,2.06,15:13:19:130,666.00,14.57
79.46,1.25,15:13:19:253,666.00,14.52
78.93,1.32,15:13:19:391,666.00,14.68
78.60,1.41,15:13:19:531,666.00,15.68
78.59,1.40,15:13:19:680,666.00,16.58
78.67,0.99,15:13:19:808,666.00,16.58
78.72,1.00,15:13:19:946,666.00,16.21
78.41,1.27,15:13:20:087,666.00,17.18
77.93,4.61,15:13:20:216,666.00,20.63
77.11,13.25,15:13:20:349,666.00,23.39
77.16,23.90,15:13:20:489,666.00,26.53
77.51,33.46,15:13:20:625,666.00,23.50
78.47,43.35,15:13:20:748,666.00,18.94
80.27,52.56,15:13:20:886,666.00,16.88
83.74,60.25,15:13:21:024,666.00,8.75
79.44,57.96,15:13:21:155,39.72,31.24
87.01,67.42,15:13:21:279,666.00,11.53
77.07,65.86,15:13:21:417,29.60,54.03
76.82,67.08,15:13:21:541,40.34,38.14
75.92,67.34,15:13:21:668,36.71,46.90
76.76,69.00,15:13:21:798,41.20,40.15
77.78,65.73,15:13:21:923,57.55,48.46
83.07,66.20,15:13:22:053,57.10,33.54
75.23,64.68,15:13:22:194,39.61,42.08
75.27,64.61,15:13:22:324,31.25,52.15
73.98,60.53,15:13:22:451,29.87,63.75
80.82,59.58,15:13:22:581,666.00,25.81
76.86,49.69,15:13:22:713,33.10,35.42
76.61,44.05,15:13:22:859,23.17,32.60
79.88,37.95,15:13:22:989,666.00,24.41
79.15,29.10,15:13:23:119,666.00,23.78
79.21,25.25,15:13:23:252,666.00,18.98
78.86,16.36,15:13:23:386,666.00,19.61
79.32,10.75,15:13:23:513,666.00,20.49
79.97,7.74,15:13:23:632,666.00,17.60
80.48,4.16,15:13:23:756,666.00,16.44
80.42,1.50,15:13:23:890,666.00,15.64
80.38,0.13,15:13:24:024,666.00,14.74
80.18,-0.23,15:13:24:144,666.00,13.95
80.12,-0.22,15:13:24:261,666.00,13.83
80.06,0.30,15:13:24:377,666.00,13.68
79.96,0.60,15:13:24:493,666.00,13.70
79.73,0.80,15:13:24:618,666.00,14.42
79.36,1.69,15:13:24:743,666.00,15.00
79.54,2.78,15:13:24:871,666.00,16.31
79.78,5.89,15:13:25:000,666.00,19.35
79.57,10.55,15:13:25:123,666.00,23.79
80.43,19.27,15:13:25:237,666.00,23.83
80.22,27.58,15:13:25:361,666.00,21.63
80.86,37.54,15:13:25:482,666.00,21.00
81.09,45.03,15:13:25:603,666.00,23.75
80.37,49.06,15:13:25:721,666.00,25.68
79.15,52.94,15:13:25:848,666.00,29.39
86.23,64.70,15:13:25:970,666.00,11.75
87.52,65.87,15:13:26:085,666.00,13.18
86.98,70.62,15:13:26:207,666.00,12.97
92.87,75.09,15:13:26:324,666.00,19.20
78.14,67.16,15:13:26:442,44.56,38.96
83.11,69.44,15:13:26:562,63.33,37.75
77.38,68.09,15:13:26:679,39.63,48.10
88.92,76.42,15:13:26:798,666.00,16.51
84.01,68.61,15:13:26:914,60.53,30.13
83.51,68.22,15:13:27:047,666.00,30.00
78.09,59.42,15:13:27:173,38.31,68.28
89.01,62.90,15:13:27:292,666.00,18.29
77.19,47.21,15:13:27:410,34.81,39.80
77.63,44.47,15:13:27:535,24.01,35.84
80.04,42.11,15:13:27:652,666.00,26.60
80.27,33.65,15:13:27:768,666.00,24.26
80.60,27.50,15:13:27:886,666.00,24.13
80.93,19.90,15:13:28:004,666.00,25.08
81.38,14.55,15:13:28:144,666.00,24.42
81.43,11.41,15:13:28:269,666.00,22.82
81.31,8.97,15:13:28:389,666.00,21.02
80.88,4.93,15:13:28:508,666.00,20.57
80.75,3.17,15:13:28:623,666.00,19.94
80.97,3.07,15:13:28:753,666.00,18.80
80.88,3.02,15:13:28:871,666.00,18.64
80.71,2.93,15:13:28:997,666.00,18.48
80.41,2.38,15:13:29:117,666.00,19.29
80.40,2.48,15:13:29:239,666.00,19.20
80.51,2.72,15:13:29:361,666.00,18.48
80.28,3.28,15:13:29:478,666.00,18.97
80.11,4.17,15:13:29:594,666.00,20.96
79.48,7.65,15:13:29:719,666.00,23.57
79.40,13.45,15:13:29:839,666.00,22.79
79.42,18.86,15:13:29:964,666.00,23.47
78.96,27.80,15:13:30:082,666.00,22.06
81.93,37.22,15:13:30:210,666.00,15.96
80.44,44.09,15:13:30:340,666.00,20.61
80.39,48.96,15:13:30:460,666.00,23.51
78.78,51.48,15:13:30:578,666.00,29.17
79.81,55.16,15:13:30:699,666.00,28.33
85.84,64.09,15:13:30:811,666.00,15.38
85.73,67.61,15:13:30:925,666.00,14.83
84.65,69.39,15:13:31:045,666.00,24.00
82.59,70.48,15:13:31:161,666.00,27.18
75.03,66.50,15:13:31:284,43.79,44.79
72.62,65.81,15:13:31:404,40.81,47.70
71.85,65.00,15:13:31:528,39.83,49.55
75.24,61.76,15:13:31:647,49.96,49.81
82.73,68.56,15:13:31:775,666.00,28.04
75.49,60.30,15:13:31:898,40.73,43.89
84.45,60.22,15:13:32:012,666.00,22.15
78.99,50.61,15:13:32:138,36.57,32.63
77.64,45.91,15:13:32:265,26.89,32.68
78.60,38.77,15:13:32:380,27.52,30.14
79.75,31.96,15:13:32:509,666.00,23.17
81.99,26.21,15:13:32:639,666.00,22.09
79.97,19.08,15:13:32:755,666.00,24.35
80.41,13.31,15:13:32:870,666.00,21.14
80.20,8.86,15:13:32:984,666.00,18.21
79.83,4.80,15:13:33:104,666.00,18.30
79.70,2.77,15:13:33:234,666.00,16.71
79.58,1.00,15:13:33:355,666.00,15.73
79.48,0.50,15:13:33:489,666.00,15.34
79.41,0.72,15:13:33:603,666.00,17.32
79.46,0.95,15:13:33:735,666.00,18.18
79.47,1.22,15:13:33:854,666.00,18.89
79.59,1.52,15:13:33:970,666.00,19.06
79.82,1.95,15:13:34:095,666.00,18.56
79.72,2.07,15:13:34:213,666.00,18.82
79.65,2.51,15:13:34:338,666.00,18.74
79.79,2.63,15:13:34:455,666.00,18.72
79.92,2.89,15:13:34:576,666.00,18.58
79.97,3.09,15:13:34:697,666.00,18.56
79.97,2.99,15:13:34:814,666.00,19.06
80.02,2.83,15:13:34:936,666.00,19.02
79.95,2.91,15:13:35:057,666.00,19.28
79.96,2.99,15:13:35:184,666.00,20.39
80.10,2.65,15:13:35:310,666.00,20.58
80.19,2.46,15:13:35:439,666.00,20.48
80.18,2.13,15:13:35:553,666.00,20.64
80.19,2.09,15:13:35:671,666.00,20.58
80.01,1.68,15:13:35:783,666.00,20.81
80.01,1.83,15:13:35:907,666.00,20.84
79.89,1.83,15:13:36:031,666.00,21.08
79.97,1.55,15:13:36:154,666.00,20.98
80.99,2.17,15:13:36:271,666.00,18.39
81.04,2.61,15:13:36:398,666.00,18.47
81.95,3.02,15:13:36:524,666.00,16.62
82.02,3.53,15:13:36:660,666.00,16.79
82.16,3.78,15:13:36:779,666.00,16.59
82.32,3.91,15:13:36:895,666.00,15.91
82.28,3.71,15:13:37:019,666.00,15.68
82.15,3.45,15:13:37:143,666.00,15.69
81.84,2.97,15:13:37:262,666.00,17.13
82.11,2.76,15:13:37:384,666.00,15.89
82.22,2.56,15:13:37:503,666.00,16.72
82.26,2.52,15:13:37:633,666.00,15.99
82.46,2.00,15:13:37:761,666.00,15.69
82.40,2.08,15:13:37:878,666.00,15.81
82.30,2.12,15:13:37:989,666.00,15.67
82.03,2.14,15:13:38:103,666.00,15.81
81.77,2.35,15:13:38:210,666.00,16.04
80.51,1.83,15:13:38:315,666.00,17.66
79.75,1.62,15:13:38:420,666.00,17.49
78.83,1.52,15:13:38:532,666.00,19.95
78.67,1.83,15:13:38:639,666.00,19.40
78.62,1.85,15:13:38:747,666.00,19.79
78.56,1.92,15:13:38:856,666.00,19.57
78.27,1.74,15:13:38:973,666.00,18.21
75.84,2.54,15:13:39:088,666.00,12.55
54.06,0.88,15:13:39:200,666.00,21.90
36.73,-0.34,15:13:39:309,666.00,23.37
22.33,-8.71,15:13:39:419,666.00,16.56
7.40,-39.33,15:13:39:531,666.00,20.14
7.52,-40.93,15:13:39:640,666.00,23.78
10.34,-14.31,15:13:39:759,666.00,26.15
11.97,8.60,15:13:39:869,666.00,27.52
