13.02,-1.66,666.00,16.24,10-03-23-11-18-43-468
13.02,-1.70,666.00,16.41,10-03-23-11-18-43-493
13.02,-1.65,666.00,16.54,10-03-23-11-18-43-528
13.01,-1.75,666.00,16.66,10-03-23-11-18-43-549
13.00,-1.83,666.00,16.76,10-03-23-11-18-43-583
13.00,-1.87,666.00,16.83,10-03-23-11-18-43-618
13.00,-1.87,666.00,16.87,10-03-23-11-18-43-650
13.00,-1.88,666.00,16.90,10-03-23-11-18-43-686
13.00,-1.88,666.00,16.91,10-03-23-11-18-43-720
13.01,-1.93,666.00,16.93,10-03-23-11-18-43-751
13.02,-1.95,666.00,16.88,10-03-23-11-18-43-788
13.05,-2.01,666.00,16.83,10-03-23-11-18-43-822
13.08,-2.05,666.00,16.80,10-03-23-11-18-43-850
13.11,-2.07,666.00,16.75,10-03-23-11-18-43-884
13.14,-2.10,666.00,16.70,10-03-23-11-18-43-921
13.18,-2.02,666.00,16.61,10-03-23-11-18-43-952
13.22,-1.99,666.00,16.56,10-03-23-11-18-43-993
13.25,-2.01,666.00,16.53,10-03-23-11-18-44-018
13.29,-2.06,666.00,16.50,10-03-23-11-18-44-053
13.32,-2.05,666.00,16.48,10-03-23-11-18-44-086
13.35,-2.01,666.00,16.36,10-03-23-11-18-44-117
13.37,-2.03,666.00,16.28,10-03-23-11-18-44-150
13.40,-2.04,666.00,16.25,10-03-23-11-18-44-185
13.41,-2.16,666.00,16.27,10-03-23-11-18-44-220
13.42,-2.25,666.00,16.30,10-03-23-11-18-44-253
13.42,-2.35,666.00,16.33,10-03-23-11-18-44-298
13.43,-2.45,666.00,16.37,10-03-23-11-18-44-319
13.43,-2.58,666.00,16.42,10-03-23-11-18-44-353
13.43,-2.72,666.00,16.47,10-03-23-11-18-44-385
13.44,-2.79,666.00,16.47,10-03-23-11-18-44-426
13.44,-2.86,666.00,16.46,10-03-23-11-18-44-451
13.46,-2.93,666.00,16.44,10-03-23-11-18-44-485
13.48,-3.02,666.00,16.48,10-03-23-11-18-44-517
13.49,-3.21,666.00,16.59,10-03-23-11-18-44-549
13.50,-3.29,666.00,16.84,10-03-23-11-18-44-585
13.51,-3.31,666.00,17.72,10-03-23-11-18-44-617
13.52,-3.27,666.00,18.78,10-03-23-11-18-44-651
13.53,-3.02,666.00,19.75,10-03-23-11-18-44-686
13.54,-2.41,666.00,22.93,10-03-23-11-18-44-716
13.57,-1.61,666.00,25.33,10-03-23-11-18-44-756
13.60,-0.29,666.00,27.52,10-03-23-11-18-44-782
13.62,2.73,666.00,29.78,10-03-23-11-18-44-817
13.68,5.56,-7.29,31.13,10-03-23-11-18-44-853
13.78,8.10,-7.44,32.35,10-03-23-11-18-44-887
13.91,10.17,-7.64,33.77,10-03-23-11-18-44-919
14.31,13.61,-8.63,34.34,10-03-23-11-18-44-951
14.91,18.19,-9.82,34.22,10-03-23-11-18-44-983
15.33,20.79,-10.31,34.63,10-03-23-11-18-45-018
15.65,22.59,-10.44,35.57,10-03-23-11-18-45-057
16.06,24.47,-10.58,36.49,10-03-23-11-18-45-084
16.78,27.71,-11.17,37.41,10-03-23-11-18-45-122
17.55,30.66,-11.19,39.46,10-03-23-11-18-45-151
18.39,33.18,-11.99,39.72,10-03-23-11-18-45-183
19.14,35.30,-12.69,39.68,10-03-23-11-18-45-219
19.82,37.03,-13.30,39.59,10-03-23-11-18-45-252
20.45,38.43,-13.90,39.74,10-03-23-11-18-45-286
21.04,39.59,-14.40,40.57,10-03-23-11-18-45-318
21.46,40.86,-14.30,41.30,10-03-23-11-18-45-360
21.76,41.81,-14.27,41.95,10-03-23-11-18-45-382
22.22,42.96,-14.39,42.90,10-03-23-11-18-45-419
22.67,44.09,-14.44,44.03,10-03-23-11-18-45-452
23.60,46.06,-15.33,44.00,10-03-23-11-18-45-484
24.90,48.82,-16.54,42.77,10-03-23-11-18-45-520
25.86,50.59,-17.52,41.57,10-03-23-11-18-45-551
26.83,52.28,-18.55,39.97,10-03-23-11-18-45-585
27.75,53.81,-19.55,38.16,10-03-23-11-18-45-619
28.29,54.53,-20.20,37.50,10-03-23-11-18-45-659
28.94,55.58,-20.52,36.60,10-03-23-11-18-45-681
29.22,55.93,-20.49,37.26,10-03-23-11-18-45-721
29.72,57.17,-19.83,39.54,10-03-23-11-18-45-750
30.08,58.02,-19.79,39.11,10-03-23-11-18-45-783
30.50,59.22,-19.35,37.02,10-03-23-11-18-45-819
30.87,60.20,-19.01,34.76,10-03-23-11-18-45-850
31.12,60.85,-18.74,33.47,10-03-23-11-18-45-883
31.28,61.19,-18.62,32.67,10-03-23-11-18-45-922
31.39,61.41,-18.65,32.32,10-03-23-11-18-45-959
31.53,61.72,-18.64,31.74,10-03-23-11-18-45-986
31.63,61.89,-18.77,31.29,10-03-23-11-18-46-020
31.69,61.93,-18.94,30.97,10-03-23-11-18-46-050
31.67,61.86,-19.11,30.78,10-03-23-11-18-46-087
31.60,61.76,-19.09,30.62,10-03-23-11-18-46-120
31.47,61.58,-18.93,30.60,10-03-23-11-18-46-151
31.35,61.32,-18.76,30.56,10-03-23-11-18-46-185
31.22,61.09,-18.42,30.22,10-03-23-11-18-46-219
31.06,60.76,-18.16,30.18,10-03-23-11-18-46-253
30.85,60.20,-18.17,30.54,10-03-23-11-18-46-283
30.62,59.57,-17.14,30.80,10-03-23-11-18-46-317
30.38,58.88,-15.01,30.96,10-03-23-11-18-46-353
30.05,57.98,-12.53,31.54,10-03-23-11-18-46-384
29.76,57.21,-7.90,32.33,10-03-23-11-18-46-424
29.50,56.52,-4.13,33.21,10-03-23-11-18-46-449
29.30,55.91,-0.37,33.56,10-03-23-11-18-46-482
29.08,55.32,3.87,34.12,10-03-23-11-18-46-518
28.90,54.85,8.32,38.96,10-03-23-11-18-46-550
28.77,54.43,9.82,40.89,10-03-23-11-18-46-584
28.56,53.89,10.66,42.12,10-03-23-11-18-46-620
28.33,53.12,12.48,43.08,10-03-23-11-18-46-654
28.21,52.23,12.75,43.47,10-03-23-11-18-46-685
27.99,50.91,14.11,43.19,10-03-23-11-18-46-728
27.66,49.20,14.57,43.43,10-03-23-11-18-46-750
27.43,47.52,14.59,43.66,10-03-23-11-18-46-783
27.33,45.99,14.36,43.92,10-03-23-11-18-46-819
27.29,44.75,14.52,44.03,10-03-23-11-18-46-853
27.32,43.72,14.96,43.98,10-03-23-11-18-46-883
27.38,42.93,15.92,43.87,10-03-23-11-18-46-920
27.44,42.06,16.74,43.84,10-03-23-11-18-46-949
27.51,41.20,17.39,43.90,10-03-23-11-18-46-983
27.64,40.48,18.10,43.91,10-03-23-11-18-47-024
27.77,39.86,18.61,43.95,10-03-23-11-18-47-051
27.90,39.21,18.81,44.05,10-03-23-11-18-47-086
28.01,38.57,19.04,44.16,10-03-23-11-18-47-120
28.12,38.08,19.15,44.24,10-03-23-11-18-47-151
28.22,37.70,19.18,44.32,10-03-23-11-18-47-184
28.30,37.41,19.19,44.39,10-03-23-11-18-47-219
28.36,37.18,19.16,44.45,10-03-23-11-18-47-255
28.43,37.01,19.04,44.51,10-03-23-11-18-47-282
28.48,36.90,18.85,44.60,10-03-23-11-18-47-320
28.54,36.87,18.28,44.83,10-03-23-11-18-47-352
28.59,36.87,16.99,45.30,10-03-23-11-18-47-386
28.69,37.17,14.73,45.68,10-03-23-11-18-47-419
28.84,37.73,11.70,46.10,10-03-23-11-18-47-450
28.93,38.57,3.57,47.96,10-03-23-11-18-47-489
29.15,40.15,-0.52,48.04,10-03-23-11-18-47-518
29.36,41.62,-2.46,48.05,10-03-23-11-18-47-556
29.56,43.21,-4.05,48.11,10-03-23-11-18-47-584
29.84,45.29,-5.62,46.77,10-03-23-11-18-47-623
31.28,51.37,-4.48,40.10,10-03-23-11-18-47-652
32.15,54.35,-4.17,35.70,10-03-23-11-18-47-685
32.71,56.05,-5.25,32.64,10-03-23-11-18-47-720
33.02,56.98,-11.07,32.10,10-03-23-11-18-47-754
33.32,57.78,-17.79,31.84,10-03-23-11-18-47-790
33.56,58.43,-26.95,40.03,10-03-23-11-18-47-817
33.77,58.99,-33.72,42.41,10-03-23-11-18-47-852
33.89,59.30,-36.89,43.95,10-03-23-11-18-47-882
34.01,59.56,-38.91,44.92,10-03-23-11-18-47-918
28.00,61.40,-25.14,50.37,10-03-23-11-18-47-948
31.94,71.60,-25.87,42.71,10-03-23-11-18-47-985
34.13,75.02,-27.70,39.68,10-03-23-11-18-48-018
35.84,76.97,-32.66,34.77,10-03-23-11-18-48-053
36.82,77.97,-36.14,31.88,10-03-23-11-18-48-084
37.48,78.43,-39.61,30.22,10-03-23-11-18-48-118
37.92,78.77,666.00,29.10,10-03-23-11-18-48-152
38.24,78.83,666.00,28.91,10-03-23-11-18-48-185
38.44,78.67,666.00,29.12,10-03-23-11-18-48-219
38.55,78.48,-49.96,31.87,10-03-23-11-18-48-259
38.58,78.22,-51.41,33.12,10-03-23-11-18-48-284
38.60,78.06,-52.73,33.63,10-03-23-11-18-48-318
38.44,77.27,-53.86,34.48,10-03-23-11-18-48-352
38.43,77.74,-52.24,35.21,10-03-23-11-18-48-383
38.40,77.65,-53.27,34.95,10-03-23-11-18-48-417
38.37,77.57,-53.95,34.55,10-03-23-11-18-48-454
38.31,77.40,-54.07,34.49,10-03-23-11-18-48-484
38.22,77.40,-53.57,34.12,10-03-23-11-18-48-520
36.87,73.03,-52.06,38.53,10-03-23-11-18-48-558
36.56,72.06,-51.33,38.47,10-03-23-11-18-48-583
36.36,71.48,-48.25,39.15,10-03-23-11-18-48-621
36.17,70.79,-45.03,39.90,10-03-23-11-18-48-651
36.03,70.28,-41.83,38.41,10-03-23-11-18-48-684
35.86,69.66,666.00,27.54,10-03-23-11-18-48-719
35.51,68.47,666.00,24.56,10-03-23-11-18-48-751
29.40,57.68,-27.25,43.88,10-03-23-11-18-48-782
27.87,52.88,-23.14,49.26,10-03-23-11-18-48-821
27.50,50.63,-21.49,51.10,10-03-23-11-18-48-857
27.62,49.60,-20.72,51.42,10-03-23-11-18-48-881
28.20,50.02,-20.72,49.98,10-03-23-11-18-48-921
28.91,51.00,-21.13,47.74,10-03-23-11-18-48-950
29.56,52.09,-21.48,45.51,10-03-23-11-18-48-984
30.11,53.13,-18.80,34.64,10-03-23-11-18-49-021
30.46,53.86,-14.90,30.16,10-03-23-11-18-49-050
30.60,54.13,-6.76,30.90,10-03-23-11-18-49-083
30.70,54.42,-3.01,36.41,10-03-23-11-18-49-124
30.74,54.70,-1.49,39.22,10-03-23-11-18-49-158
30.67,54.94,-0.44,40.37,10-03-23-11-18-49-183
30.49,55.17,0.67,41.25,10-03-23-11-18-49-221
30.10,55.23,3.69,42.58,10-03-23-11-18-49-251
29.72,55.29,6.11,43.54,10-03-23-11-18-49-286
29.33,55.25,8.25,44.32,10-03-23-11-18-49-318
28.82,55.03,10.83,45.03,10-03-23-11-18-49-351
28.44,54.78,13.03,45.52,10-03-23-11-18-49-383
28.13,54.52,14.56,45.94,10-03-23-11-18-49-418
27.89,54.30,15.80,46.25,10-03-23-11-18-49-459
27.70,54.00,16.71,46.50,10-03-23-11-18-49-484
27.49,53.35,17.22,46.87,10-03-23-11-18-49-518
27.30,52.64,17.50,47.23,10-03-23-11-18-49-550
27.20,52.05,17.60,47.49,10-03-23-11-18-49-586
27.13,51.46,17.54,47.72,10-03-23-11-18-49-618
27.08,50.96,17.40,47.91,10-03-23-11-18-49-648
27.01,50.46,17.19,48.11,10-03-23-11-18-49-687
26.96,50.05,16.95,48.29,10-03-23-11-18-49-717
26.93,49.79,16.76,48.41,10-03-23-11-18-49-749
26.90,49.64,16.59,48.48,10-03-23-11-18-49-783
26.89,49.57,16.41,48.52,10-03-23-11-18-49-819
26.90,49.64,16.25,48.50,10-03-23-11-18-49-853
26.91,49.68,16.08,48.49,10-03-23-11-18-49-884
26.93,49.73,15.83,48.48,10-03-23-11-18-49-922
26.94,49.83,15.52,48.45,10-03-23-11-18-49-951
26.96,50.03,15.02,48.39,10-03-23-11-18-49-981
26.99,50.18,14.38,48.33,10-03-23-11-18-50-017
27.01,50.36,13.56,48.26,10-03-23-11-18-50-054
27.04,50.55,10.77,48.01,10-03-23-11-18-50-088
27.08,50.73,7.52,47.89,10-03-23-11-18-50-123
27.12,50.89,5.19,47.61,10-03-23-11-18-50-153
24.28,48.09,5.18,52.13,10-03-23-11-18-50-182
25.39,48.74,2.19,50.46,10-03-23-11-18-50-227
25.57,45.43,-1.71,53.72,10-03-23-11-18-50-252
25.86,44.59,-3.60,54.81,10-03-23-11-18-50-282
26.49,44.73,-7.93,52.21,10-03-23-11-18-50-318
27.40,45.87,-11.74,48.06,10-03-23-11-18-50-351
28.35,47.37,-14.96,44.18,10-03-23-11-18-50-383
29.05,48.63,-18.46,41.31,10-03-23-11-18-50-416
29.55,49.65,-22.35,39.53,10-03-23-11-18-50-452
29.92,50.44,-27.32,38.81,10-03-23-11-18-50-485
30.22,51.14,-33.75,40.74,10-03-23-11-18-50-528
29.91,48.66,-37.53,51.20,10-03-23-11-18-50-549
29.73,46.72,-38.91,57.11,10-03-23-11-18-50-583
29.58,47.33,-37.23,60.55,10-03-23-11-18-50-616
29.47,48.08,-37.60,61.45,10-03-23-11-18-50-652
29.90,51.50,-37.96,60.04,10-03-23-11-18-50-684
32.71,69.41,-35.30,48.43,10-03-23-11-18-50-717
27.45,73.19,-21.98,50.36,10-03-23-11-18-50-750
28.12,71.31,-28.24,47.09,10-03-23-11-18-50-787
29.41,69.37,-36.76,44.06,10-03-23-11-18-50-825
30.53,67.72,-43.60,43.29,10-03-23-11-18-50-850
31.37,66.41,-48.50,43.38,10-03-23-11-18-50-884
31.82,64.78,-50.52,45.42,10-03-23-11-18-50-918
32.12,63.60,-52.53,47.07,10-03-23-11-18-50-952
32.31,62.76,-53.68,48.38,10-03-23-11-18-50-985
33.12,67.57,-51.94,47.86,10-03-23-11-18-51-018
31.12,69.64,-45.79,48.15,10-03-23-11-18-51-055
32.34,75.30,-46.10,42.67,10-03-23-11-18-51-084
32.64,75.89,-46.90,42.04,10-03-23-11-18-51-118
32.93,75.00,-47.92,42.50,10-03-23-11-18-51-149
31.77,62.26,-49.55,53.58,10-03-23-11-18-51-186
31.91,60.07,-49.43,55.64,10-03-23-11-18-51-219
32.03,58.57,-49.90,55.99,10-03-23-11-18-51-251
32.21,57.65,-50.58,55.73,10-03-23-11-18-51-289
32.76,58.43,-53.26,53.84,10-03-23-11-18-51-319
33.21,59.06,-54.63,52.44,10-03-23-11-18-51-352
33.56,59.65,-55.65,51.28,10-03-23-11-18-51-387
33.73,59.93,-56.14,50.61,10-03-23-11-18-51-421
35.20,67.21,-50.35,48.24,10-03-23-11-18-51-452
35.75,69.30,-50.79,45.80,10-03-23-11-18-51-485
36.02,70.16,-51.35,44.35,10-03-23-11-18-51-517
36.29,71.08,-52.49,42.34,10-03-23-11-18-51-548
28.53,70.33,-29.67,47.43,10-03-23-11-18-51-591
24.01,68.57,-20.81,52.84,10-03-23-11-18-51-617
21.87,66.95,-17.35,55.85,10-03-23-11-18-51-651
20.62,65.82,-15.03,57.77,10-03-23-11-18-51-682
20.14,62.54,-10.89,65.55,10-03-23-11-18-51-721
20.05,59.92,-9.60,69.01,10-03-23-11-18-51-749
20.21,57.90,-9.01,70.99,10-03-23-11-18-51-785
21.82,54.03,-18.11,63.49,10-03-23-11-18-51-820
24.53,54.06,-22.49,60.64,10-03-23-11-18-51-853
26.14,53.43,-25.07,60.03,10-03-23-11-18-51-892
27.32,53.66,-25.47,58.63,10-03-23-11-18-51-918
28.51,54.95,-24.58,56.26,10-03-23-11-18-51-949
29.52,56.91,-18.19,51.91,10-03-23-11-18-51-983
30.16,58.33,-16.44,50.04,10-03-23-11-18-52-020
30.57,59.73,-6.90,38.72,10-03-23-11-18-52-053
30.71,60.85,-3.04,39.66,10-03-23-11-18-52-089
30.73,61.83,-0.13,41.22,10-03-23-11-18-52-117
30.73,62.72,2.43,42.63,10-03-23-11-18-52-153
30.69,63.56,4.50,43.71,10-03-23-11-18-52-191
30.55,64.17,5.63,45.66,10-03-23-11-18-52-217
30.42,64.65,6.52,46.58,10-03-23-11-18-52-250
30.24,64.95,7.28,47.29,10-03-23-11-18-52-283
29.73,65.01,8.29,48.25,10-03-23-11-18-52-318
29.05,64.87,9.57,49.14,10-03-23-11-18-52-355
28.49,64.72,10.66,49.79,10-03-23-11-18-52-383
28.04,64.53,11.58,50.27,10-03-23-11-18-52-419
27.68,64.33,12.78,50.45,10-03-23-11-18-52-452
27.33,64.09,13.84,50.68,10-03-23-11-18-52-482
27.01,63.79,14.45,51.00,10-03-23-11-18-52-518
26.74,63.50,14.83,51.29,10-03-23-11-18-52-552
26.52,63.26,15.04,51.54,10-03-23-11-18-52-583
26.34,63.07,15.67,51.72,10-03-23-11-18-52-623
26.19,62.90,16.69,51.73,10-03-23-11-18-52-650
26.07,62.75,17.09,51.78,10-03-23-11-18-52-682
25.97,62.60,17.31,51.84,10-03-23-11-18-52-719
25.89,62.44,17.44,51.91,10-03-23-11-18-52-749
25.82,62.30,17.53,51.97,10-03-23-11-18-52-785
25.72,62.11,17.54,52.10,10-03-23-11-18-52-817
25.61,61.96,17.53,52.23,10-03-23-11-18-52-853
25.53,61.81,17.49,52.34,10-03-23-11-18-52-885
25.48,61.67,17.42,52.41,10-03-23-11-18-52-918
25.43,61.55,17.34,52.48,10-03-23-11-18-52-958
25.41,61.49,17.23,52.51,10-03-23-11-18-52-983
25.41,61.43,17.13,52.53,10-03-23-11-18-53-020
25.42,61.37,16.94,52.51,10-03-23-11-18-53-050
25.44,61.32,16.50,52.51,10-03-23-11-18-53-085
25.47,61.28,16.10,52.50,10-03-23-11-18-53-125
25.49,61.24,15.53,52.51,10-03-23-11-18-53-151
25.50,61.20,14.82,52.52,10-03-23-11-18-53-182
25.51,61.16,13.95,52.53,10-03-23-11-18-53-219
25.54,61.11,12.95,52.58,10-03-23-11-18-53-258
25.59,61.10,11.23,52.80,10-03-23-11-18-53-286
25.64,61.06,7.89,52.47,10-03-23-11-18-53-320
25.83,61.16,3.70,52.73,10-03-23-11-18-53-350
26.04,61.20,2.30,52.99,10-03-23-11-18-53-384
26.23,61.14,1.15,53.04,10-03-23-11-18-53-421
25.58,51.89,-11.06,56.78,10-03-23-11-18-53-453
26.02,51.78,-10.87,50.55,10-03-23-11-18-53-486
26.66,52.70,-14.52,52.24,10-03-23-11-18-53-519
26.76,48.76,-17.30,56.03,10-03-23-11-18-53-559
26.81,46.03,-18.75,61.86,10-03-23-11-18-53-582
27.18,45.81,-19.71,63.03,10-03-23-11-18-53-619
27.56,46.08,-20.43,63.48,10-03-23-11-18-53-650
27.87,46.54,-20.91,63.69,10-03-23-11-18-53-684
28.55,49.45,-21.45,62.00,10-03-23-11-18-53-721
32.56,63.41,-29.43,47.08,10-03-23-11-18-53-749
27.68,55.93,-26.39,54.34,10-03-23-11-18-53-784
25.41,50.56,-25.27,58.21,10-03-23-11-18-53-822
25.31,49.72,-28.88,59.23,10-03-23-11-18-53-862
25.72,49.70,-32.36,60.59,10-03-23-11-18-53-885
26.66,50.58,-33.12,60.82,10-03-23-11-18-53-921
29.58,63.08,-33.08,53.60,10-03-23-11-18-53-953
26.92,62.46,-28.51,55.97,10-03-23-11-18-53-987
28.48,69.54,-26.03,52.53,10-03-23-11-18-54-021
24.84,64.82,-20.98,60.88,10-03-23-11-18-54-053
28.18,69.43,-22.03,56.33,10-03-23-11-18-54-086
24.85,62.44,-20.80,62.51,10-03-23-11-18-54-120
26.23,58.81,-23.53,62.95,10-03-23-11-18-54-149
26.50,69.92,-18.68,61.16,10-03-23-11-18-54-186
26.32,60.93,-29.14,56.70,10-03-23-11-18-54-234
30.46,69.31,-31.71,49.00,10-03-23-11-18-54-249
26.73,62.97,-36.35,49.97,10-03-23-11-18-54-284
24.84,58.93,-35.64,51.97,10-03-23-11-18-54-320
26.40,57.67,-33.46,54.69,10-03-23-11-18-54-351
24.59,51.04,-37.67,57.40,10-03-23-11-18-54-384
24.00,47.07,-37.15,59.45,10-03-23-11-18-54-420
23.73,44.25,-37.01,60.73,10-03-23-11-18-54-450
23.69,42.33,-37.00,61.55,10-03-23-11-18-54-486
25.69,46.64,-40.32,58.61,10-03-23-11-18-54-520
29.86,58.23,-37.15,52.50,10-03-23-11-18-54-552
29.00,51.61,-36.43,57.27,10-03-23-11-18-54-582
29.27,50.64,-36.98,57.63,10-03-23-11-18-54-623
29.36,49.53,-37.47,58.15,10-03-23-11-18-54-652
29.39,48.63,-37.86,58.60,10-03-23-11-18-54-685
29.25,47.54,-26.30,63.88,10-03-23-11-18-54-719
29.15,46.82,-19.87,64.28,10-03-23-11-18-54-749
29.08,46.37,-17.36,64.88,10-03-23-11-18-54-783
29.05,46.12,-15.65,65.12,10-03-23-11-18-54-819
29.00,46.61,-13.70,63.92,10-03-23-11-18-54-853
28.80,47.46,-11.53,62.46,10-03-23-11-18-54-884
28.40,48.31,-8.62,60.24,10-03-23-11-18-54-924
28.08,49.29,-5.52,58.23,10-03-23-11-18-54-950
27.84,50.24,-2.56,56.69,10-03-23-11-18-54-986
27.63,51.02,3.83,53.54,10-03-23-11-18-55-018
27.41,51.60,7.41,52.89,10-03-23-11-18-55-050
27.25,52.05,9.60,52.63,10-03-23-11-18-55-082
27.09,52.36,11.22,52.62,10-03-23-11-18-55-119
26.80,52.40,12.49,52.99,10-03-23-11-18-55-152
26.56,52.44,13.52,53.37,10-03-23-11-18-55-183
26.31,52.52,14.61,53.83,10-03-23-11-18-55-223
26.17,52.74,15.85,54.19,10-03-23-11-18-55-249
26.01,52.77,17.14,54.62,10-03-23-11-18-55-283
25.87,52.84,18.58,55.02,10-03-23-11-18-55-316
25.70,52.77,20.07,55.40,10-03-23-11-18-55-353
25.55,52.65,21.38,55.74,10-03-23-11-18-55-382
25.42,52.49,22.45,56.03,10-03-23-11-18-55-418
25.33,52.33,23.51,56.24,10-03-23-11-18-55-453
25.26,52.19,24.37,56.40,10-03-23-11-18-55-482
25.07,51.66,24.95,56.78,10-03-23-11-18-55-525
24.93,51.15,25.49,57.03,10-03-23-11-18-55-551
24.87,50.86,25.92,57.13,10-03-23-11-18-55-583
24.87,50.70,26.30,57.14,10-03-23-11-18-55-619
24.89,50.61,26.61,57.14,10-03-23-11-18-55-651
24.90,50.54,26.84,57.10,10-03-23-11-18-55-681
24.88,50.40,27.01,57.11,10-03-23-11-18-55-721
24.87,50.28,27.12,57.11,10-03-23-11-18-55-750
24.86,50.20,27.17,57.11,10-03-23-11-18-55-784
24.86,50.13,27.16,57.12,10-03-23-11-18-55-828
24.85,50.05,27.12,57.13,10-03-23-11-18-55-849
24.83,49.97,27.08,57.15,10-03-23-11-18-55-885
24.80,49.90,27.02,57.19,10-03-23-11-18-55-917
24.76,49.77,26.93,57.25,10-03-23-11-18-55-951
24.71,49.64,26.83,57.30,10-03-23-11-18-55-983
24.69,49.56,26.65,57.30,10-03-23-11-18-56-021
24.68,49.52,26.38,57.29,10-03-23-11-18-56-053
24.67,49.49,25.84,57.26,10-03-23-11-18-56-084
24.67,49.47,25.04,57.23,10-03-23-11-18-56-119
24.69,49.43,23.46,57.28,10-03-23-11-18-56-150
24.72,49.47,21.87,57.45,10-03-23-11-18-56-184
24.76,49.50,19.92,57.74,10-03-23-11-18-56-217
24.83,49.59,17.56,58.13,10-03-23-11-18-56-251
24.90,49.68,10.49,58.84,10-03-23-11-18-56-290
25.02,49.85,6.18,58.93,10-03-23-11-18-56-319
25.14,50.02,3.34,59.34,10-03-23-11-18-56-354
25.35,50.28,1.45,59.71,10-03-23-11-18-56-383
25.72,50.70,0.15,59.61,10-03-23-11-18-56-417
26.16,51.27,-1.32,59.29,10-03-23-11-18-56-454
26.77,52.15,-2.54,58.44,10-03-23-11-18-56-484
27.17,47.09,-9.01,59.64,10-03-23-11-18-56-520
27.74,46.36,-14.55,60.35,10-03-23-11-18-56-550
28.26,45.99,-17.69,61.33,10-03-23-11-18-56-593
28.79,45.82,-19.81,61.56,10-03-23-11-18-56-617
29.07,45.52,-21.16,61.97,10-03-23-11-18-56-652
29.26,44.93,-22.14,62.57,10-03-23-11-18-56-687
29.21,44.15,-22.65,63.36,10-03-23-11-18-56-719
29.05,43.47,-25.69,65.44,10-03-23-11-18-56-750
28.87,42.91,-26.30,66.85,10-03-23-11-18-56-783
28.89,42.88,-26.87,67.79,10-03-23-11-18-56-818
30.16,57.28,-27.04,58.45,10-03-23-11-18-56-849
30.91,57.81,-28.75,58.00,10-03-23-11-18-56-887
31.04,57.68,-29.47,58.36,10-03-23-11-18-56-918
31.28,58.25,-29.89,58.02,10-03-23-11-18-56-950
31.52,58.63,-30.22,57.75,10-03-23-11-18-56-988
31.74,59.06,-30.37,57.40,10-03-23-11-18-57-018
32.16,60.92,-31.27,55.83,10-03-23-11-18-57-059
32.43,62.12,-32.15,54.80,10-03-23-11-18-57-083
32.75,63.29,-32.83,53.77,10-03-23-11-18-57-120
33.04,63.19,-33.74,53.50,10-03-23-11-18-57-149
33.16,63.41,-34.14,53.18,10-03-23-11-18-57-182
31.51,58.71,-33.68,57.79,10-03-23-11-18-57-223
32.08,58.22,-34.66,57.49,10-03-23-11-18-57-251
30.05,51.24,-32.46,64.12,10-03-23-11-18-57-284
30.57,54.93,-32.50,59.56,10-03-23-11-18-57-321
29.46,51.10,-33.33,62.19,10-03-23-11-18-57-356
33.22,62.11,-43.70,46.86,10-03-23-11-18-57-382
34.80,65.57,-45.36,43.83,10-03-23-11-18-57-419
35.44,66.89,-46.18,41.31,10-03-23-11-18-57-452
35.89,67.81,-43.85,42.05,10-03-23-11-18-57-483
30.66,56.41,-36.51,54.27,10-03-23-11-18-57-520
30.00,52.50,-35.26,57.27,10-03-23-11-18-57-550
31.66,56.47,-33.28,55.33,10-03-23-11-18-57-586
29.55,49.15,-29.79,69.29,10-03-23-11-18-57-619
29.31,47.73,-52.56,69.10,10-03-23-11-18-57-662
28.60,44.85,-46.68,76.41,10-03-23-11-18-57-684
28.11,42.98,-41.76,80.63,10-03-23-11-18-57-720
27.84,41.81,-37.52,82.47,10-03-23-11-18-57-752
27.66,40.98,-34.47,83.39,10-03-23-11-18-57-786
27.55,40.43,-32.26,83.68,10-03-23-11-18-57-817
27.60,48.76,-20.41,68.42,10-03-23-11-18-57-852
27.70,52.32,-14.24,62.60,10-03-23-11-18-57-882
27.82,54.44,-9.80,59.54,10-03-23-11-18-57-919
27.92,56.28,-6.49,57.50,10-03-23-11-18-57-952
27.44,55.86,-2.05,55.48,10-03-23-11-18-57-984
27.65,58.08,1.78,54.14,10-03-23-11-18-58-020
27.92,59.80,4.60,53.31,10-03-23-11-18-58-058
27.95,60.63,6.91,53.13,10-03-23-11-18-58-085
27.97,61.19,8.90,53.16,10-03-23-11-18-58-124
27.79,61.46,11.85,53.59,10-03-23-11-18-58-151
27.62,61.53,14.16,54.16,10-03-23-11-18-58-182
27.45,61.57,16.05,54.71,10-03-23-11-18-58-219
27.26,61.51,17.78,55.39,10-03-23-11-18-58-252
27.05,61.35,19.22,56.02,10-03-23-11-18-58-285
26.90,61.23,20.96,56.55,10-03-23-11-18-58-323
26.80,61.09,23.43,57.04,10-03-23-11-18-58-354
26.69,60.81,25.22,57.47,10-03-23-11-18-58-384
26.63,60.58,26.55,57.77,10-03-23-11-18-58-421
26.54,60.17,27.38,58.01,10-03-23-11-18-58-454
26.47,59.82,28.31,58.14,10-03-23-11-18-58-485
26.44,59.54,29.13,58.20,10-03-23-11-18-58-520
26.44,59.32,29.91,58.20,10-03-23-11-18-58-554
26.44,59.13,30.65,58.17,10-03-23-11-18-58-584
26.42,58.88,31.29,58.14,10-03-23-11-18-58-619
26.27,58.10,31.40,58.23,10-03-23-11-18-58-655
26.14,57.41,31.43,58.28,10-03-23-11-18-58-685
26.05,56.85,31.40,58.30,10-03-23-11-18-58-728
25.99,56.41,31.31,58.33,10-03-23-11-18-58-748
25.94,56.02,31.17,58.39,10-03-23-11-18-58-783
25.91,55.75,31.02,58.41,10-03-23-11-18-58-819
25.89,55.51,30.85,58.43,10-03-23-11-18-58-848
25.87,55.36,30.70,58.46,10-03-23-11-18-58-884
25.86,55.25,30.48,58.48,10-03-23-11-18-58-923
25.87,55.17,30.22,58.49,10-03-23-11-18-58-953
25.87,55.11,29.86,58.51,10-03-23-11-18-58-989
25.88,55.05,28.58,58.55,10-03-23-11-18-59-019
25.88,54.99,26.75,58.61,10-03-23-11-18-59-058
25.84,54.88,23.99,58.61,10-03-23-11-18-59-084
25.83,54.79,20.90,58.61,10-03-23-11-18-59-119
25.84,54.73,17.34,58.82,10-03-23-11-18-59-151
25.87,54.71,12.80,58.69,10-03-23-11-18-59-190
25.92,54.68,10.05,58.63,10-03-23-11-18-59-219
26.01,54.68,7.04,58.96,10-03-23-11-18-59-251
26.35,55.00,2.03,56.95,10-03-23-11-18-59-284
26.67,54.93,-0.40,56.11,10-03-23-11-18-59-319
27.16,55.17,-2.57,55.80,10-03-23-11-18-59-352
27.58,55.39,-4.45,55.81,10-03-23-11-18-59-384
27.91,55.47,-9.53,56.97,10-03-23-11-18-59-418
28.24,51.38,-13.68,58.93,10-03-23-11-18-59-450
28.65,49.80,-17.04,60.02,10-03-23-11-18-59-495
29.06,47.78,-19.32,61.11,10-03-23-11-18-59-520
29.31,46.48,-20.70,61.93,10-03-23-11-18-59-551
29.50,45.51,-22.94,62.51,10-03-23-11-18-59-585
29.62,44.80,-24.18,63.00,10-03-23-11-18-59-625
29.71,44.22,-25.22,63.40,10-03-23-11-18-59-653
29.78,43.76,-25.99,63.73,10-03-23-11-18-59-685
30.45,45.64,-27.16,63.29,10-03-23-11-18-59-719
31.89,50.16,-29.03,63.11,10-03-23-11-18-59-750
32.30,50.81,-29.76,63.51,10-03-23-11-18-59-783
32.54,51.15,-30.23,63.89,10-03-23-11-18-59-818
32.68,51.18,-30.56,64.32,10-03-23-11-18-59-853
32.75,51.03,-30.79,64.85,10-03-23-11-18-59-885
32.73,50.72,-30.89,65.45,10-03-23-11-18-59-919
32.74,50.39,-31.02,65.94,10-03-23-11-18-59-959
32.80,50.18,-31.16,66.24,10-03-23-11-18-59-983
32.87,49.75,-31.81,67.10,10-03-23-11-19-00-022
32.93,49.07,-32.08,67.65,10-03-23-11-19-00-050
33.02,48.62,-32.33,67.96,10-03-23-11-19-00-084
33.11,48.28,-32.46,68.09,10-03-23-11-19-00-120
33.04,47.74,-32.31,68.37,10-03-23-11-19-00-153
32.95,47.07,-32.05,68.65,10-03-23-11-19-00-183
32.89,46.86,-31.72,68.56,10-03-23-11-19-00-218
32.76,46.75,-31.29,68.45,10-03-23-11-19-00-260
32.68,46.69,-30.96,68.31,10-03-23-11-19-00-282
32.55,46.44,-30.64,68.31,10-03-23-11-19-00-319
32.57,46.80,-30.45,67.84,10-03-23-11-19-00-351
32.38,46.95,-29.98,67.62,10-03-23-11-19-00-384
32.05,47.02,-69.55,82.45,10-03-23-11-19-00-421
31.59,47.12,-76.69,89.27,10-03-23-11-19-00-450
31.68,49.93,-37.55,68.29,10-03-23-11-19-00-483
32.51,56.73,-40.70,63.81,10-03-23-11-19-00-517
33.08,60.59,-28.48,57.11,10-03-23-11-19-00-560
27.24,61.73,-14.51,64.45,10-03-23-11-19-00-584
24.50,62.22,-11.12,67.15,10-03-23-11-19-00-618
22.87,62.09,-11.03,68.70,10-03-23-11-19-00-652
23.17,58.92,-13.52,69.51,10-03-23-11-19-00-683
24.10,56.33,-14.39,69.19,10-03-23-11-19-00-718
25.40,55.26,-19.92,57.55,10-03-23-11-19-00-753
26.43,55.68,-20.82,55.51,10-03-23-11-19-00-786
27.33,56.63,-20.29,53.94,10-03-23-11-19-00-817
27.80,58.01,-15.46,50.49,10-03-23-11-19-00-860
28.13,59.49,-10.69,46.28,10-03-23-11-19-00-886
28.32,60.88,6.32,43.64,10-03-23-11-19-00-918
28.30,61.95,10.10,46.51,10-03-23-11-19-00-949
28.09,62.81,14.69,47.56,10-03-23-11-19-00-984
27.89,63.52,14.06,50.78,10-03-23-11-19-01-019
27.70,64.16,14.18,52.81,10-03-23-11-19-01-051
27.48,64.68,14.86,54.15,10-03-23-11-19-01-087
27.32,65.07,15.46,55.12,10-03-23-11-19-01-118
27.09,65.44,16.43,56.12,10-03-23-11-19-01-150
26.89,65.71,17.56,56.92,10-03-23-11-19-01-183
26.72,65.87,18.96,57.58,10-03-23-11-19-01-219
26.58,65.89,20.60,58.10,10-03-23-11-19-01-248
26.40,65.84,22.39,58.60,10-03-23-11-19-01-287
26.24,65.80,24.33,58.99,10-03-23-11-19-01-329
26.11,65.70,26.54,59.32,10-03-23-11-19-01-351
25.94,65.61,28.63,59.71,10-03-23-11-19-01-386
25.77,65.55,30.65,60.09,10-03-23-11-19-01-419
25.52,65.41,32.45,60.51,10-03-23-11-19-01-453
25.25,65.18,33.94,60.94,10-03-23-11-19-01-484
24.99,64.93,35.63,61.34,10-03-23-11-19-01-517
24.74,64.39,36.67,61.69,10-03-23-11-19-01-552
24.65,63.46,37.40,61.80,10-03-23-11-19-01-584
24.63,62.49,37.89,61.78,10-03-23-11-19-01-621
24.66,61.60,38.38,61.68,10-03-23-11-19-01-650
24.72,60.75,38.78,61.53,10-03-23-11-19-01-683
24.80,60.01,39.06,61.40,10-03-23-11-19-01-720
24.88,59.40,39.24,61.26,10-03-23-11-19-01-754
24.94,58.95,39.37,61.12,10-03-23-11-19-01-784
25.00,58.49,39.39,60.96,10-03-23-11-19-01-818
25.04,58.11,39.50,60.80,10-03-23-11-19-01-848
25.06,57.87,39.52,60.65,10-03-23-11-19-01-884
25.06,57.67,39.40,60.52,10-03-23-11-19-01-925
25.05,57.48,39.09,60.39,10-03-23-11-19-01-950
25.04,57.35,38.57,60.27,10-03-23-11-19-01-982
25.04,57.20,37.74,60.14,10-03-23-11-19-02-019
25.04,57.05,36.44,60.00,10-03-23-11-19-02-050
25.05,56.86,35.02,59.84,10-03-23-11-19-02-084
25.06,56.62,33.13,59.73,10-03-23-11-19-02-120
25.09,56.26,29.87,59.58,10-03-23-11-19-02-150
25.12,55.91,26.13,59.59,10-03-23-11-19-02-181
25.15,55.43,23.28,59.76,10-03-23-11-19-02-229
25.19,54.98,19.98,59.69,10-03-23-11-19-02-250
25.25,54.55,16.29,59.52,10-03-23-11-19-02-284
25.35,54.17,12.34,60.14,10-03-23-11-19-02-318
25.49,53.92,8.12,60.95,10-03-23-11-19-02-351
25.71,53.72,5.06,61.48,10-03-23-11-19-02-382
25.93,53.44,2.55,62.34,10-03-23-11-19-02-418
26.21,53.15,0.38,62.86,10-03-23-11-19-02-450
26.37,52.49,-4.74,61.95,10-03-23-11-19-02-484
27.74,44.88,-10.91,63.19,10-03-23-11-19-02-528
28.69,40.70,-14.13,64.40,10-03-23-11-19-02-548
29.32,38.03,-15.98,65.45,10-03-23-11-19-02-583
29.76,36.32,-17.10,66.23,10-03-23-11-19-02-618
30.07,35.22,-22.87,68.21,10-03-23-11-19-02-650
30.30,34.41,-24.69,69.06,10-03-23-11-19-02-682
30.48,33.84,-25.88,69.64,10-03-23-11-19-02-718
30.60,33.51,-26.73,70.00,10-03-23-11-19-02-750
30.70,33.61,-28.63,73.47,10-03-23-11-19-02-783
30.71,34.01,-29.26,74.27,10-03-23-11-19-02-828
30.71,35.02,-32.61,77.88,10-03-23-11-19-02-849
30.71,35.92,-33.92,78.99,10-03-23-11-19-02-886
30.56,37.56,-34.19,75.85,10-03-23-11-19-02-921
31.28,41.87,-35.65,72.36,10-03-23-11-19-02-951
32.10,45.32,-37.82,72.64,10-03-23-11-19-02-984
32.87,47.71,-37.96,68.40,10-03-23-11-19-03-017
33.34,48.95,-38.27,66.51,10-03-23-11-19-03-055
33.59,49.41,-38.25,65.37,10-03-23-11-19-03-084
33.75,49.65,-38.17,64.56,10-03-23-11-19-03-117
33.73,49.40,-37.85,64.26,10-03-23-11-19-03-151
33.56,49.04,-37.31,64.18,10-03-23-11-19-03-184
33.34,48.55,-36.72,64.29,10-03-23-11-19-03-221
33.31,48.44,-35.70,67.94,10-03-23-11-19-03-253
32.67,48.00,-34.44,69.82,10-03-23-11-19-03-287
32.13,47.56,-33.56,70.75,10-03-23-11-19-03-320
31.68,47.15,-32.91,71.53,10-03-23-11-19-03-354
30.44,46.84,-31.29,72.46,10-03-23-11-19-03-382
29.51,46.54,-30.16,73.22,10-03-23-11-19-03-423
28.94,45.93,-30.53,73.78,10-03-23-11-19-03-452
28.55,45.33,-30.97,74.17,10-03-23-11-19-03-483
28.22,44.75,-31.47,74.44,10-03-23-11-19-03-523
27.66,43.07,-31.73,75.32,10-03-23-11-19-03-551
27.24,41.37,-31.89,76.20,10-03-23-11-19-03-591
26.95,40.08,-31.84,76.93,10-03-23-11-19-03-620
26.65,38.93,-31.67,77.59,10-03-23-11-19-03-650
26.29,38.15,-31.36,78.05,10-03-23-11-19-03-686
25.92,37.54,-21.68,74.26,10-03-23-11-19-03-718
25.53,37.19,-17.78,70.03,10-03-23-11-19-03-749
24.07,42.43,-2.54,61.74,10-03-23-11-19-03-786
23.22,47.82,4.98,59.42,10-03-23-11-19-03-820
23.37,53.96,10.74,55.88,10-03-23-11-19-03-853
23.64,57.54,12.89,55.68,10-03-23-11-19-03-895
23.85,59.53,12.42,56.52,10-03-23-11-19-03-918
24.05,60.85,12.39,57.19,10-03-23-11-19-03-951
24.29,61.73,11.61,58.01,10-03-23-11-19-03-984
24.51,62.21,11.75,58.22,10-03-23-11-19-04-019
24.71,62.40,15.60,58.60,10-03-23-11-19-04-051
24.91,62.31,18.05,58.51,10-03-23-11-19-04-085
25.11,62.00,20.31,58.45,10-03-23-11-19-04-120
25.24,61.63,21.06,58.34,10-03-23-11-19-04-151
25.34,61.19,21.64,58.38,10-03-23-11-19-04-197
25.36,60.65,21.87,58.55,10-03-23-11-19-04-216
25.32,59.96,21.86,58.80,10-03-23-11-19-04-250
25.26,59.34,21.75,59.04,10-03-23-11-19-04-286
25.19,58.78,21.56,59.23,10-03-23-11-19-04-319
25.15,58.36,21.40,59.33,10-03-23-11-19-04-351
25.09,57.95,21.27,59.43,10-03-23-11-19-04-385
25.06,57.59,21.22,59.45,10-03-23-11-19-04-418
25.03,57.29,21.17,59.43,10-03-23-11-19-04-451
24.99,56.94,21.25,59.31,10-03-23-11-19-04-495
24.94,56.62,21.43,59.17,10-03-23-11-19-04-518
24.90,56.34,21.64,59.04,10-03-23-11-19-04-552
24.86,56.07,21.81,58.97,10-03-23-11-19-04-585
24.82,55.77,21.94,58.94,10-03-23-11-19-04-618
24.78,55.47,22.03,58.94,10-03-23-11-19-04-649
24.75,55.22,22.10,58.96,10-03-23-11-19-04-686
24.73,55.00,22.16,58.99,10-03-23-11-19-04-722
24.71,54.78,22.18,59.05,10-03-23-11-19-04-752
24.70,54.54,22.15,59.11,10-03-23-11-19-04-784
24.68,54.25,22.06,59.22,10-03-23-11-19-04-818
24.71,54.02,21.96,59.24,10-03-23-11-19-04-854
24.72,54.01,21.83,59.27,10-03-23-11-19-04-884
24.69,53.93,21.56,59.33,10-03-23-11-19-04-920
24.63,54.09,21.13,59.40,10-03-23-11-19-04-957
24.58,54.35,20.58,59.04,10-03-23-11-19-04-984
24.57,54.57,19.19,59.11,10-03-23-11-19-05-019
24.59,54.74,15.27,59.87,10-03-23-11-19-05-048
24.69,54.83,12.77,60.44,10-03-23-11-19-05-084
24.79,54.98,10.69,60.86,10-03-23-11-19-05-116
24.92,55.05,9.99,58.00,10-03-23-11-19-05-150
25.01,55.23,8.86,57.77,10-03-23-11-19-05-182
25.31,55.72,7.78,57.32,10-03-23-11-19-05-218
25.58,56.22,6.74,56.98,10-03-23-11-19-05-260
25.86,56.76,5.49,56.61,10-03-23-11-19-05-281
26.44,57.70,4.18,55.87,10-03-23-11-19-05-321
26.90,58.49,2.87,53.19,10-03-23-11-19-05-352
27.25,59.15,1.19,52.84,10-03-23-11-19-05-384
21.98,57.21,2.71,60.00,10-03-23-11-19-05-418
23.56,55.69,-1.40,58.41,10-03-23-11-19-05-452
25.29,54.93,-5.53,56.91,10-03-23-11-19-05-485
26.57,54.17,-9.07,56.38,10-03-23-11-19-05-523
27.48,53.58,-12.10,56.47,10-03-23-11-19-05-559
28.23,53.24,-14.63,56.85,10-03-23-11-19-05-583
28.82,52.94,-15.70,56.50,10-03-23-11-19-05-622
28.73,51.72,-16.06,57.29,10-03-23-11-19-05-653
28.43,49.87,-16.20,58.58,10-03-23-11-19-05-683
28.15,48.18,-16.18,59.75,10-03-23-11-19-05-724
27.47,46.85,-15.60,60.91,10-03-23-11-19-05-748
26.92,45.87,-15.28,61.59,10-03-23-11-19-05-787
26.58,45.05,-17.24,62.34,10-03-23-11-19-05-819
26.41,44.51,-17.98,62.83,10-03-23-11-19-05-849
28.22,47.22,-21.41,60.40,10-03-23-11-19-05-883
30.57,51.20,-26.12,57.81,10-03-23-11-19-05-919
31.97,53.24,-29.22,56.65,10-03-23-11-19-05-949
32.92,54.51,-31.36,56.00,10-03-23-11-19-05-986
33.58,58.03,-31.92,54.46,10-03-23-11-19-06-019
34.16,60.51,-32.33,53.40,10-03-23-11-19-06-050
31.44,53.08,-31.71,59.90,10-03-23-11-19-06-082
31.15,51.47,-31.56,61.24,10-03-23-11-19-06-120
32.51,59.88,-30.93,56.30,10-03-23-11-19-06-153
30.44,50.96,-31.22,61.68,10-03-23-11-19-06-185
30.18,49.38,-59.43,55.74,10-03-23-11-19-06-218
29.84,47.58,-76.30,56.83,10-03-23-11-19-06-251
29.80,47.41,-34.96,61.76,10-03-23-11-19-06-281
31.92,54.10,-36.41,56.37,10-03-23-11-19-06-326
31.45,52.14,-28.29,63.96,10-03-23-11-19-06-350
31.11,50.05,-25.77,66.33,10-03-23-11-19-06-382
30.29,47.79,-22.24,68.42,10-03-23-11-19-06-419
29.88,46.72,-26.13,60.39,10-03-23-11-19-06-450
29.57,45.96,-15.75,62.39,10-03-23-11-19-06-484
29.69,47.59,-112.06,42.18,10-03-23-11-19-06-518
28.76,42.79,-106.06,53.45,10-03-23-11-19-06-556
28.23,40.77,-112.02,57.75,10-03-23-11-19-06-584
27.71,39.32,-113.20,60.35,10-03-23-11-19-06-629
27.28,38.31,-26.71,57.91,10-03-23-11-19-06-649
26.92,37.61,-23.14,57.93,10-03-23-11-19-06-686
25.47,43.73,4.30,58.27,10-03-23-11-19-06-718
24.72,47.91,-0.32,53.55,10-03-23-11-19-06-753
24.37,50.98,8.47,59.04,10-03-23-11-19-06-784
24.37,53.55,15.98,55.39,10-03-23-11-19-06-819
24.47,55.31,22.18,52.58,10-03-23-11-19-06-849
24.50,56.35,19.16,54.37,10-03-23-11-19-06-881
24.51,57.02,15.64,56.02,10-03-23-11-19-06-927
24.52,57.44,14.59,56.72,10-03-23-11-19-06-951
24.49,57.56,14.17,57.21,10-03-23-11-19-06-983
24.51,57.46,14.31,57.26,10-03-23-11-19-07-021
24.54,57.25,14.64,57.13,10-03-23-11-19-07-050
24.52,56.78,15.49,56.93,10-03-23-11-19-07-087
24.43,56.19,17.07,56.65,10-03-23-11-19-07-119
24.32,55.34,18.40,56.86,10-03-23-11-19-07-148
24.23,54.61,19.36,57.10,10-03-23-11-19-07-183
24.16,53.98,20.13,57.33,10-03-23-11-19-07-219
24.12,53.43,20.73,57.49,10-03-23-11-19-07-251
24.08,52.99,21.20,57.63,10-03-23-11-19-07-283
24.08,52.53,21.63,57.71,10-03-23-11-19-07-318
24.10,52.18,22.07,57.74,10-03-23-11-19-07-352
24.17,51.93,22.51,57.70,10-03-23-11-19-07-391
24.25,51.65,22.91,57.64,10-03-23-11-19-07-420
24.32,51.29,23.18,57.59,10-03-23-11-19-07-448
24.41,50.94,23.31,57.56,10-03-23-11-19-07-484
24.49,50.60,23.41,57.53,10-03-23-11-19-07-517
24.58,50.28,23.42,57.50,10-03-23-11-19-07-553
24.65,49.95,23.36,57.48,10-03-23-11-19-07-582
24.71,49.68,23.28,57.46,10-03-23-11-19-07-618
24.76,49.38,23.13,57.47,10-03-23-11-19-07-650
24.87,49.15,22.95,57.44,10-03-23-11-19-07-701
24.97,48.96,22.69,57.46,10-03-23-11-19-07-717
25.03,48.81,22.22,57.54,10-03-23-11-19-07-751
25.11,48.69,21.26,57.50,10-03-23-11-19-07-783
25.28,48.64,17.69,58.51,10-03-23-11-19-07-818
25.42,48.51,13.95,59.28,10-03-23-11-19-07-853
25.56,48.42,10.99,60.09,10-03-23-11-19-07-885
25.80,48.45,4.22,60.90,10-03-23-11-19-07-920
26.09,48.66,2.38,61.00,10-03-23-11-19-07-955
26.49,49.19,0.42,60.37,10-03-23-11-19-07-991
26.78,49.58,-1.43,59.94,10-03-23-11-19-08-018
27.02,49.89,-3.48,59.72,10-03-23-11-19-08-050
27.46,50.16,-5.92,59.50,10-03-23-11-19-08-082
27.88,50.29,-14.18,62.33,10-03-23-11-19-08-120
28.20,49.27,-17.01,63.40,10-03-23-11-19-08-151
28.46,47.96,-18.96,64.38,10-03-23-11-19-08-183
28.68,45.98,-20.57,64.65,10-03-23-11-19-08-222
28.87,44.53,-21.68,65.20,10-03-23-11-19-08-253
29.10,43.83,-22.54,65.35,10-03-23-11-19-08-282
29.36,43.60,-23.20,65.22,10-03-23-11-19-08-319
29.91,44.33,-25.15,64.89,10-03-23-11-19-08-352
30.48,45.32,-26.58,64.20,10-03-23-11-19-08-385
32.29,58.30,-26.86,56.39,10-03-23-11-19-08-418
32.15,57.20,-38.25,51.78,10-03-23-11-19-08-452
32.47,57.68,-42.56,49.21,10-03-23-11-19-08-483
31.96,53.28,-42.78,55.19,10-03-23-11-19-08-520
32.46,53.67,-45.77,52.89,10-03-23-11-19-08-552
32.64,53.23,-45.99,52.42,10-03-23-11-19-08-583
32.79,52.86,-42.84,52.85,10-03-23-11-19-08-620
32.92,52.70,-42.12,52.90,10-03-23-11-19-08-651
33.04,52.56,-41.88,52.87,10-03-23-11-19-08-690
33.12,52.45,-41.82,52.89,10-03-23-11-19-08-719
33.16,52.28,-41.75,53.02,10-03-23-11-19-08-753
33.34,52.30,-41.95,52.78,10-03-23-11-19-08-785
33.50,52.32,-42.18,52.61,10-03-23-11-19-08-820
33.55,52.21,-42.19,52.63,10-03-23-11-19-08-850
33.58,52.01,-42.17,52.76,10-03-23-11-19-08-885
33.61,51.92,-42.15,52.79,10-03-23-11-19-08-916
33.64,51.82,-42.12,52.85,10-03-23-11-19-08-952
33.77,53.77,-40.34,52.86,10-03-23-11-19-08-983
31.80,49.98,-36.77,56.76,10-03-23-11-19-09-019
31.47,49.43,-35.97,57.24,10-03-23-11-19-09-056
31.25,49.04,-35.44,57.64,10-03-23-11-19-09-082
31.05,48.52,-33.13,59.43,10-03-23-11-19-09-118
30.60,47.36,-32.35,60.52,10-03-23-11-19-09-150
30.29,46.69,-32.19,60.34,10-03-23-11-19-09-180
29.65,45.35,-31.33,61.86,10-03-23-11-19-09-220
29.28,44.69,-30.80,62.59,10-03-23-11-19-09-253
29.01,44.52,-30.39,62.84,10-03-23-11-19-09-283
28.58,44.94,-24.72,62.15,10-03-23-11-19-09-320
28.24,46.45,-19.19,60.87,10-03-23-11-19-09-359
27.98,48.97,-13.98,59.12,10-03-23-11-19-09-383
27.66,50.54,-3.55,54.16,10-03-23-11-19-09-422
27.46,51.70,11.73,48.81,10-03-23-11-19-09-448
27.32,52.66,13.07,51.31,10-03-23-11-19-09-483
27.20,53.37,13.35,53.01,10-03-23-11-19-09-519
27.10,53.90,13.38,54.50,10-03-23-11-19-09-548
27.04,54.61,13.89,55.49,10-03-23-11-19-09-584
26.99,55.10,14.42,56.17,10-03-23-11-19-09-619
26.73,55.27,16.10,56.18,10-03-23-11-19-09-662
26.47,55.28,17.70,56.43,10-03-23-11-19-09-684
26.24,55.23,18.91,56.77,10-03-23-11-19-09-719
26.07,55.05,19.87,57.04,10-03-23-11-19-09-751
25.96,54.83,20.62,57.21,10-03-23-11-19-09-783
25.87,54.60,21.41,57.30,10-03-23-11-19-09-819
25.80,54.37,22.61,57.27,10-03-23-11-19-09-851
25.72,54.07,23.75,57.28,10-03-23-11-19-09-884
25.67,53.82,24.79,57.24,10-03-23-11-19-09-919
25.68,53.57,25.68,57.17,10-03-23-11-19-09-948
25.70,53.36,26.62,57.08,10-03-23-11-19-09-981
25.72,53.06,27.38,57.04,10-03-23-11-19-10-024
25.73,52.82,28.01,57.02,10-03-23-11-19-10-048
25.75,52.62,28.44,56.99,10-03-23-11-19-10-083
25.77,52.46,28.74,56.97,10-03-23-11-19-10-119
25.81,52.29,28.92,56.93,10-03-23-11-19-10-150
25.83,52.16,29.02,56.89,10-03-23-11-19-10-183
25.86,52.08,29.07,56.85,10-03-23-11-19-10-218
25.88,52.05,29.06,56.83,10-03-23-11-19-10-249
25.89,52.06,29.04,56.81,10-03-23-11-19-10-284
25.89,52.08,28.87,56.80,10-03-23-11-19-10-319
25.88,52.11,28.52,56.82,10-03-23-11-19-10-349
25.86,52.15,27.88,56.86,10-03-23-11-19-10-382
25.85,52.18,26.83,56.93,10-03-23-11-19-10-424
25.78,52.32,25.32,57.14,10-03-23-11-19-10-452
25.69,52.85,23.82,57.40,10-03-23-11-19-10-485
25.59,53.48,21.81,57.65,10-03-23-11-19-10-522
25.48,54.05,19.37,58.18,10-03-23-11-19-10-553
25.37,54.62,17.25,58.61,10-03-23-11-19-10-585
25.22,55.16,15.14,59.01,10-03-23-11-19-10-618
25.11,56.05,12.81,59.36,10-03-23-11-19-10-650
25.13,57.48,6.06,60.17,10-03-23-11-19-10-683
25.22,59.10,4.98,59.94,10-03-23-11-19-10-735
25.65,61.47,4.39,58.98,10-03-23-11-19-10-752
25.14,61.36,3.79,59.46,10-03-23-11-19-10-783
27.09,66.71,4.29,56.17,10-03-23-11-19-10-818
27.59,67.84,2.70,55.37,10-03-23-11-19-10-849
27.96,68.53,1.00,54.70,10-03-23-11-19-10-880
28.22,69.08,-0.98,54.42,10-03-23-11-19-10-920
28.52,69.27,-4.00,54.50,10-03-23-11-19-10-949
28.80,69.25,-12.34,57.40,10-03-23-11-19-10-984
31.26,71.30,-15.14,54.33,10-03-23-11-19-11-030
29.07,62.73,-19.46,61.14,10-03-23-11-19-11-049
29.15,60.68,-21.24,62.50,10-03-23-11-19-11-086
27.75,58.46,-20.83,65.11,10-03-23-11-19-11-117
28.21,58.36,-20.88,65.28,10-03-23-11-19-11-148
28.08,57.77,-21.26,66.03,10-03-23-11-19-11-186
28.06,57.57,-21.47,66.45,10-03-23-11-19-11-219
29.83,65.84,-20.13,61.27,10-03-23-11-19-11-255
29.97,64.00,-21.48,61.69,10-03-23-11-19-11-283
30.25,62.77,-22.98,61.04,10-03-23-11-19-11-327
31.07,70.00,-19.85,57.89,10-03-23-11-19-11-350
24.93,63.57,-16.13,65.56,10-03-23-11-19-11-385
27.76,64.01,-16.64,62.26,10-03-23-11-19-11-418
28.34,62.10,-17.66,62.41,10-03-23-11-19-11-453
28.65,60.47,-18.30,62.92,10-03-23-11-19-11-484
28.69,59.01,-18.57,63.68,10-03-23-11-19-11-518
28.86,58.01,-18.87,64.15,10-03-23-11-19-11-554
28.86,56.70,-19.10,64.96,10-03-23-11-19-11-583
28.75,55.48,-19.16,65.91,10-03-23-11-19-11-620
28.62,54.33,-19.24,66.82,10-03-23-11-19-11-648
28.46,53.52,-19.23,67.53,10-03-23-11-19-11-685
28.44,53.15,-19.28,67.85,10-03-23-11-19-11-718
28.43,53.00,-17.87,66.35,10-03-23-11-19-11-750
28.28,53.54,-16.15,64.59,10-03-23-11-19-11-801
28.17,55.10,-13.80,62.48,10-03-23-11-19-11-820
28.11,56.49,-11.44,60.62,10-03-23-11-19-11-849
28.09,57.92,-8.82,58.86,10-03-23-11-19-11-883
28.09,59.00,-6.01,57.36,10-03-23-11-19-11-921
28.09,59.89,-1.88,55.75,10-03-23-11-19-11-948
28.09,60.46,6.49,51.78,10-03-23-11-19-11-985
28.07,60.82,11.85,50.68,10-03-23-11-19-12-018
28.04,60.99,17.05,50.41,10-03-23-11-19-12-051
28.00,61.02,18.80,51.37,10-03-23-11-19-12-093
27.89,60.88,20.05,52.09,10-03-23-11-19-12-124
27.76,60.55,20.93,52.91,10-03-23-11-19-12-154
27.59,59.99,21.87,53.65,10-03-23-11-19-12-183
27.44,59.32,22.63,54.39,10-03-23-11-19-12-221
27.33,58.55,23.18,55.03,10-03-23-11-19-12-251
27.23,57.75,24.02,55.63,10-03-23-11-19-12-284
27.14,56.67,25.08,56.22,10-03-23-11-19-12-322
27.09,55.51,26.02,56.66,10-03-23-11-19-12-350
27.06,54.41,27.08,56.99,10-03-23-11-19-12-382
27.00,53.05,28.07,57.27,10-03-23-11-19-12-420
26.98,51.60,28.95,57.43,10-03-23-11-19-12-451
27.00,50.28,29.70,57.43,10-03-23-11-19-12-483
27.03,49.18,30.38,57.34,10-03-23-11-19-12-523
27.10,48.22,31.18,57.14,10-03-23-11-19-12-556
27.19,47.43,31.92,56.89,10-03-23-11-19-12-584
27.07,45.57,31.61,57.18,10-03-23-11-19-12-620
26.98,44.14,31.30,57.41,10-03-23-11-19-12-649
26.94,43.06,31.04,57.56,10-03-23-11-19-12-683
26.90,42.20,30.79,57.69,10-03-23-11-19-12-716
26.88,41.58,30.59,57.78,10-03-23-11-19-12-751
26.88,41.17,30.43,57.83,10-03-23-11-19-12-787
26.88,40.88,30.29,57.86,10-03-23-11-19-12-819
26.89,40.72,30.08,57.84,10-03-23-11-19-12-857
26.90,40.66,29.65,57.83,10-03-23-11-19-12-884
26.91,40.66,29.01,57.83,10-03-23-11-19-12-918
26.93,40.74,27.99,57.87,10-03-23-11-19-12-950
26.95,40.85,26.67,57.97,10-03-23-11-19-12-984
26.97,40.96,24.87,58.13,10-03-23-11-19-13-020
26.99,41.09,22.69,58.41,10-03-23-11-19-13-048
27.01,41.24,20.46,58.72,10-03-23-11-19-13-085
27.02,41.45,18.06,59.07,10-03-23-11-19-13-120
27.03,41.77,13.59,58.32,10-03-23-11-19-13-158
27.04,42.07,10.77,57.94,10-03-23-11-19-13-184
27.05,42.37,7.59,58.36,10-03-23-11-19-13-221
27.06,42.75,5.81,58.87,10-03-23-11-19-13-252
27.08,43.25,4.04,59.38,10-03-23-11-19-13-283
27.09,43.77,2.61,59.57,10-03-23-11-19-13-317
27.14,44.35,0.97,59.72,10-03-23-11-19-13-354
27.30,45.18,-6.32,56.57,10-03-23-11-19-13-383
27.58,45.96,-8.79,56.24,10-03-23-11-19-13-419
27.96,46.54,-11.26,56.09,10-03-23-11-19-13-458
28.19,46.54,-13.51,56.71,10-03-23-11-19-13-484
28.37,46.38,-15.69,57.72,10-03-23-11-19-13-520
28.53,46.50,-17.77,58.66,10-03-23-11-19-13-553
28.85,47.16,-18.76,58.04,10-03-23-11-19-13-584
28.28,47.10,-17.50,58.91,10-03-23-11-19-13-619
27.68,45.50,-16.70,60.74,10-03-23-11-19-13-651
26.92,44.49,-15.58,62.07,10-03-23-11-19-13-682
26.27,43.54,-14.62,63.07,10-03-23-11-19-13-720
25.80,43.03,-14.28,63.47,10-03-23-11-19-13-749
25.74,42.39,-23.62,64.51,10-03-23-11-19-13-782
29.74,53.10,-32.57,59.59,10-03-23-11-19-13-820
31.51,56.73,-36.97,58.24,10-03-23-11-19-13-851
32.64,58.93,-39.60,57.38,10-03-23-11-19-13-885
34.10,64.02,-40.88,54.54,10-03-23-11-19-13-920
29.80,59.38,-36.39,58.05,10-03-23-11-19-13-948
29.17,59.12,-35.38,58.69,10-03-23-11-19-13-983
28.40,56.28,-35.61,59.11,10-03-23-11-19-14-023
27.71,53.62,-35.95,59.48,10-03-23-11-19-14-052
27.67,53.15,-36.94,58.42,10-03-23-11-19-14-083
29.47,58.78,-35.96,55.58,10-03-23-11-19-14-122
28.28,55.51,-35.19,57.38,10-03-23-11-19-14-152
28.11,54.20,-35.36,57.54,10-03-23-11-19-14-184
27.47,52.50,-36.79,57.53,10-03-23-11-19-14-224
26.33,50.17,-37.14,58.43,10-03-23-11-19-14-249
25.22,48.09,-36.69,59.41,10-03-23-11-19-14-283
23.63,45.60,-35.05,60.82,10-03-23-11-19-14-320
22.67,43.74,-21.18,65.07,10-03-23-11-19-14-350
22.52,44.18,-16.85,66.28,10-03-23-11-19-14-392
22.62,45.23,-14.05,66.56,10-03-23-11-19-14-423
22.54,44.83,-12.70,67.34,10-03-23-11-19-14-450
22.74,45.62,-9.30,64.91,10-03-23-11-19-14-483
22.90,46.44,-4.16,61.40,10-03-23-11-19-14-522
23.03,47.14,-2.42,60.79,10-03-23-11-19-14-552
23.11,47.64,-0.86,60.51,10-03-23-11-19-14-584
23.22,48.14,0.34,60.23,10-03-23-11-19-14-618
23.24,47.78,0.57,59.90,10-03-23-11-19-14-648
23.26,47.69,2.16,60.40,10-03-23-11-19-14-682
23.31,47.84,11.12,53.90,10-03-23-11-19-14-718
23.35,47.95,12.52,54.76,10-03-23-11-19-14-754
23.40,48.09,13.34,55.91,10-03-23-11-19-14-783
23.43,48.24,13.82,56.95,10-03-23-11-19-14-828
23.46,48.37,14.43,57.68,10-03-23-11-19-14-852
23.46,48.48,14.94,58.20,10-03-23-11-19-14-881
23.46,48.54,15.58,58.35,10-03-23-11-19-14-917
23.41,48.46,16.27,58.59,10-03-23-11-19-14-949
23.37,48.39,17.13,58.83,10-03-23-11-19-14-982
23.31,48.23,18.08,59.15,10-03-23-11-19-15-018
23.26,48.09,18.95,59.44,10-03-23-11-19-15-051
23.24,47.89,19.76,59.67,10-03-23-11-19-15-084
23.28,47.54,20.68,59.78,10-03-23-11-19-15-127
23.34,47.12,21.94,59.73,10-03-23-11-19-15-151
23.42,46.73,22.78,59.71,10-03-23-11-19-15-184
23.51,46.39,23.35,59.68,10-03-23-11-19-15-220
23.59,46.10,23.69,59.67,10-03-23-11-19-15-247
23.68,45.88,23.93,59.65,10-03-23-11-19-15-282
23.76,45.72,24.05,59.62,10-03-23-11-19-15-318
23.82,45.62,24.10,59.62,10-03-23-11-19-15-352
23.87,45.54,24.08,59.64,10-03-23-11-19-15-383
23.94,45.49,24.03,59.65,10-03-23-11-19-15-432
24.00,45.49,23.97,59.65,10-03-23-11-19-15-448
24.06,45.49,23.84,59.65,10-03-23-11-19-15-483
24.11,45.48,23.63,59.68,10-03-23-11-19-15-525
24.15,45.50,23.29,59.75,10-03-23-11-19-15-551
24.18,45.53,22.51,59.83,10-03-23-11-19-15-584
24.21,45.53,20.48,60.21,10-03-23-11-19-15-618
24.23,45.55,15.83,60.52,10-03-23-11-19-15-649
24.25,45.59,14.12,60.70,10-03-23-11-19-15-683
24.26,45.67,12.58,60.84,10-03-23-11-19-15-718
24.26,45.78,10.82,60.93,10-03-23-11-19-15-748
24.25,45.90,11.36,57.77,10-03-23-11-19-15-785
24.24,46.13,7.18,57.36,10-03-23-11-19-15-818
24.23,46.46,5.13,57.40,10-03-23-11-19-15-848
24.17,46.65,3.13,57.57,10-03-23-11-19-15-890
24.11,46.91,1.18,57.82,10-03-23-11-19-15-918
24.08,47.23,-1.04,58.04,10-03-23-11-19-15-949
24.53,48.83,-3.46,57.30,10-03-23-11-19-15-983
24.87,49.99,-5.79,56.92,10-03-23-11-19-16-019
25.14,50.64,-8.09,56.89,10-03-23-11-19-16-050
25.39,50.46,-18.27,54.56,10-03-23-11-19-16-083
25.74,49.35,-21.35,55.68,10-03-23-11-19-16-117
26.33,49.32,-23.77,56.38,10-03-23-11-19-16-148
26.51,49.90,-24.80,56.97,10-03-23-11-19-16-188
26.69,50.13,-26.45,55.60,10-03-23-11-19-16-218
26.67,49.54,-27.46,54.83,10-03-23-11-19-16-251
26.35,48.11,-28.04,54.84,10-03-23-11-19-16-290
26.08,46.77,-27.61,61.30,10-03-23-11-19-16-317
26.53,46.54,-81.29,53.71,10-03-23-11-19-16-352
26.72,46.15,-94.36,57.00,10-03-23-11-19-16-384
26.84,45.50,-100.91,59.26,10-03-23-11-19-16-421
26.91,44.90,-104.28,60.73,10-03-23-11-19-16-448
26.94,44.26,-104.72,61.15,10-03-23-11-19-16-492
26.94,43.71,-102.78,60.82,10-03-23-11-19-16-521
26.94,43.27,-99.74,60.13,10-03-23-11-19-16-555
26.91,42.91,-96.44,59.30,10-03-23-11-19-16-590
29.93,56.23,-55.63,54.79,10-03-23-11-19-16-618
31.37,60.62,-35.62,57.00,10-03-23-11-19-16-648
29.22,51.31,-71.19,55.06,10-03-23-11-19-16-684
29.35,51.16,-43.94,56.34,10-03-23-11-19-16-721
29.53,51.04,-41.46,56.06,10-03-23-11-19-16-750
29.72,51.04,-38.84,57.45,10-03-23-11-19-16-794
29.91,51.12,-37.42,58.25,10-03-23-11-19-16-818
30.06,51.23,-36.58,58.76,10-03-23-11-19-16-851
30.20,51.38,-39.66,55.74,10-03-23-11-19-16-880
30.59,55.26,-39.11,53.98,10-03-23-11-19-16-918
28.49,51.94,-36.93,55.69,10-03-23-11-19-16-949
27.10,49.22,-33.24,59.70,10-03-23-11-19-16-985
26.64,47.20,-33.87,60.31,10-03-23-11-19-17-019
26.32,45.22,-34.38,61.05,10-03-23-11-19-17-049
26.24,43.87,-35.30,61.45,10-03-23-11-19-17-090
25.91,42.79,-35.56,61.72,10-03-23-11-19-17-119
25.86,43.25,-31.70,62.75,10-03-23-11-19-17-150
25.87,43.95,-28.39,63.04,10-03-23-11-19-17-183
25.88,44.26,-19.85,62.28,10-03-23-11-19-17-220
26.02,45.34,-15.54,62.09,10-03-23-11-19-17-257
26.14,46.26,-13.63,61.77,10-03-23-11-19-17-287
26.29,47.95,-11.85,60.99,10-03-23-11-19-17-318
26.31,49.05,-10.20,60.55,10-03-23-11-19-17-351
26.33,50.22,-8.60,60.00,10-03-23-11-19-17-384
26.31,51.73,-0.92,53.08,10-03-23-11-19-17-420
26.18,52.68,1.45,52.49,10-03-23-11-19-17-448
26.08,53.60,12.29,46.52,10-03-23-11-19-17-486
26.00,54.39,11.77,49.29,10-03-23-11-19-17-519
25.92,55.01,11.30,51.40,10-03-23-11-19-17-556
25.85,55.50,11.27,52.75,10-03-23-11-19-17-582
25.69,55.90,11.59,53.73,10-03-23-11-19-17-618
25.50,56.19,12.21,54.39,10-03-23-11-19-17-649
25.24,56.38,13.11,55.04,10-03-23-11-19-17-683
25.04,56.61,14.25,55.51,10-03-23-11-19-17-715
24.84,56.82,15.49,55.88,10-03-23-11-19-17-750
24.63,56.89,17.11,56.29,10-03-23-11-19-17-784
24.38,56.88,18.82,56.78,10-03-23-11-19-17-819
24.23,56.95,20.39,57.06,10-03-23-11-19-17-848
24.12,57.02,21.95,57.31,10-03-23-11-19-17-882
24.05,57.11,23.57,57.45,10-03-23-11-19-17-921
24.01,57.20,25.11,57.57,10-03-23-11-19-17-949
24.00,57.27,26.23,57.68,10-03-23-11-19-17-983
23.97,57.26,27.28,57.89,10-03-23-11-19-18-019
23.94,57.22,28.20,58.11,10-03-23-11-19-18-052
23.92,57.16,28.89,58.31,10-03-23-11-19-18-084
23.92,57.12,29.56,58.46,10-03-23-11-19-18-121
23.91,57.07,30.08,58.61,10-03-23-11-19-18-151
23.90,57.01,30.47,58.73,10-03-23-11-19-18-181
23.90,56.94,30.80,58.81,10-03-23-11-19-18-218
23.90,56.90,31.04,58.87,10-03-23-11-19-18-250
23.89,56.84,31.19,58.94,10-03-23-11-19-18-286
23.89,56.80,31.27,59.00,10-03-23-11-19-18-322
23.88,56.75,31.31,59.09,10-03-23-11-19-18-349
23.87,56.72,31.30,59.16,10-03-23-11-19-18-388
23.89,56.73,31.30,59.20,10-03-23-11-19-18-420
23.90,56.74,31.25,59.24,10-03-23-11-19-18-451
23.91,56.76,31.14,59.28,10-03-23-11-19-18-483
23.93,56.82,30.94,59.33,10-03-23-11-19-18-523
23.93,56.82,30.28,59.44,10-03-23-11-19-18-550
23.90,56.79,28.79,59.75,10-03-23-11-19-18-586
23.80,56.57,26.36,59.88,10-03-23-11-19-18-623
23.71,56.36,23.89,59.94,10-03-23-11-19-18-650
23.65,56.17,21.29,60.25,10-03-23-11-19-18-684
23.61,56.05,17.12,60.85,10-03-23-11-19-18-724
23.60,55.99,9.32,61.89,10-03-23-11-19-18-750
23.62,55.94,9.43,59.50,10-03-23-11-19-18-782
23.65,55.96,6.54,59.53,10-03-23-11-19-18-818
23.69,55.96,4.90,59.61,10-03-23-11-19-18-850
23.65,55.21,4.08,54.50,10-03-23-11-19-18-886
24.46,56.06,6.45,44.06,10-03-23-11-19-18-930
25.12,56.74,-10.11,45.16,10-03-23-11-19-18-950
26.64,43.75,-23.51,52.48,10-03-23-11-19-18-985
27.73,43.17,-27.89,53.80,10-03-23-11-19-19-017
28.25,42.18,-29.91,55.73,10-03-23-11-19-19-049
29.08,43.66,-29.01,64.97,10-03-23-11-19-19-087
29.44,43.48,-29.17,68.12,10-03-23-11-19-19-118
30.23,46.69,-29.85,67.34,10-03-23-11-19-19-151
30.46,47.28,-30.00,67.94,10-03-23-11-19-19-184
30.97,50.13,-30.21,66.74,10-03-23-11-19-19-230
30.31,50.25,-29.09,67.43,10-03-23-11-19-19-251
32.99,57.93,-31.64,61.80,10-03-23-11-19-19-288
33.82,60.74,-32.86,58.92,10-03-23-11-19-19-317
34.36,62.85,-33.71,56.64,10-03-23-11-19-19-353
34.70,63.92,-34.61,55.12,10-03-23-11-19-19-385
31.74,53.46,-34.10,62.48,10-03-23-11-19-19-419
31.52,52.16,-33.80,63.06,10-03-23-11-19-19-452
31.43,51.47,-34.54,63.04,10-03-23-11-19-19-487
31.41,51.20,-34.02,63.05,10-03-23-11-19-19-532
31.46,51.16,-33.45,62.94,10-03-23-11-19-19-550
30.61,48.65,-31.81,64.81,10-03-23-11-19-19-585
32.72,58.94,-33.10,58.57,10-03-23-11-19-19-621
31.74,54.42,-32.37,61.66,10-03-23-11-19-19-650
32.04,53.39,-32.29,61.95,10-03-23-11-19-19-689
33.32,57.69,-33.71,58.42,10-03-23-11-19-19-717
33.65,58.48,-34.84,57.49,10-03-23-11-19-19-752
34.29,60.54,-35.68,55.78,10-03-23-11-19-19-783
34.62,62.06,-36.02,54.51,10-03-23-11-19-19-819
31.42,55.35,-32.36,60.41,10-03-23-11-19-19-849
30.99,54.29,-31.27,61.36,10-03-23-11-19-19-885
30.15,52.01,-29.63,63.56,10-03-23-11-19-19-917
29.40,49.29,-28.30,65.87,10-03-23-11-19-19-949
28.98,47.23,-27.52,67.52,10-03-23-11-19-19-993
28.72,45.71,-26.91,68.77,10-03-23-11-19-20-021
28.50,44.44,-26.36,69.87,10-03-23-11-19-20-050
28.30,43.38,-25.89,70.79,10-03-23-11-19-20-083
28.11,42.57,-25.52,71.39,10-03-23-11-19-20-119
27.87,46.38,-20.60,63.34,10-03-23-11-19-20-150
29.51,60.18,-15.77,54.23,10-03-23-11-19-20-183
29.67,63.70,-5.92,46.73,10-03-23-11-19-20-219
29.79,65.94,-1.17,45.39,10-03-23-11-19-20-250
29.79,67.39,2.44,45.42,10-03-23-11-19-20-296
29.67,68.29,5.10,46.12,10-03-23-11-19-20-322
29.50,68.87,10.66,46.47,10-03-23-11-19-20-349
29.28,69.20,11.62,48.79,10-03-23-11-19-20-382
28.95,69.17,12.38,50.21,10-03-23-11-19-20-418
28.59,68.98,12.76,52.09,10-03-23-11-19-20-450
28.33,68.85,13.12,53.51,10-03-23-11-19-20-485
28.13,68.78,13.50,54.57,10-03-23-11-19-20-517
27.96,68.71,13.89,55.38,10-03-23-11-19-20-549
27.80,68.65,14.29,56.04,10-03-23-11-19-20-582
27.61,68.55,14.79,56.62,10-03-23-11-19-20-617
27.25,68.37,15.73,57.29,10-03-23-11-19-20-652
26.87,68.17,17.50,57.60,10-03-23-11-19-20-682
26.51,68.01,19.08,57.92,10-03-23-11-19-20-719
26.25,67.95,20.36,58.13,10-03-23-11-19-20-752
26.05,67.93,21.40,58.31,10-03-23-11-19-20-784
25.86,67.89,22.25,58.51,10-03-23-11-19-20-817
25.69,67.88,22.94,58.68,10-03-23-11-19-20-852
25.50,67.84,23.51,58.92,10-03-23-11-19-20-882
25.33,67.77,23.96,59.12,10-03-23-11-19-20-918
25.24,67.76,24.36,59.23,10-03-23-11-19-20-950
25.18,67.76,24.70,59.29,10-03-23-11-19-20-984
25.12,67.56,24.94,59.36,10-03-23-11-19-21-019
25.08,67.39,25.16,59.41,10-03-23-11-19-21-055
24.98,67.20,25.31,59.56,10-03-23-11-19-21-083
24.90,67.04,25.42,59.67,10-03-23-11-19-21-120
24.99,66.27,25.03,59.48,10-03-23-11-19-21-151
25.04,65.81,24.84,59.41,10-03-23-11-19-21-184
25.07,65.51,24.72,59.39,10-03-23-11-19-21-216
25.10,65.29,24.62,59.37,10-03-23-11-19-21-250
25.13,65.11,24.48,59.27,10-03-23-11-19-21-287
25.16,64.96,24.13,59.27,10-03-23-11-19-21-319
25.19,64.85,23.41,59.50,10-03-23-11-19-21-358
25.25,64.77,22.20,59.84,10-03-23-11-19-21-384
25.43,64.75,20.26,60.15,10-03-23-11-19-21-418
25.64,64.72,18.14,60.41,10-03-23-11-19-21-450
25.88,64.67,15.79,60.59,10-03-23-11-19-21-484
26.20,64.63,14.49,60.36,10-03-23-11-19-21-522
26.73,64.56,12.69,59.69,10-03-23-11-19-21-549
27.17,64.53,10.68,59.33,10-03-23-11-19-21-584
27.31,58.99,5.72,59.13,10-03-23-11-19-21-618
28.41,60.28,3.28,57.60,10-03-23-11-19-21-660
29.17,61.34,-4.76,53.48,10-03-23-11-19-21-682
29.79,62.36,-7.25,52.81,10-03-23-11-19-21-721
28.21,57.66,-10.76,56.51,10-03-23-11-19-21-751
27.83,55.72,-12.60,58.03,10-03-23-11-19-21-786
27.54,54.22,-13.68,59.47,10-03-23-11-19-21-816
27.39,53.27,-19.64,62.30,10-03-23-11-19-21-848
27.27,52.40,-21.20,63.49,10-03-23-11-19-21-883
27.16,51.62,-22.11,64.45,10-03-23-11-19-21-919
27.05,51.03,-22.62,65.21,10-03-23-11-19-21-949
27.00,50.58,-23.29,68.41,10-03-23-11-19-21-985
26.93,50.08,-23.63,69.77,10-03-23-11-19-22-021
26.96,49.76,-24.04,70.59,10-03-23-11-19-22-053
31.99,63.90,-27.00,59.13,10-03-23-11-19-22-083
33.91,65.58,-29.58,56.62,10-03-23-11-19-22-125
34.96,66.32,-31.36,55.32,10-03-23-11-19-22-152
35.61,66.25,-33.01,54.83,10-03-23-11-19-22-183
36.03,66.16,-33.96,54.53,10-03-23-11-19-22-221
36.19,65.62,-35.20,54.64,10-03-23-11-19-22-252
36.36,65.05,-36.41,54.77,10-03-23-11-19-22-285
36.39,64.28,-37.44,55.17,10-03-23-11-19-22-317
31.90,60.21,-31.28,61.04,10-03-23-11-19-22-351
31.56,60.01,-30.66,61.23,10-03-23-11-19-22-384
31.67,60.42,-38.15,56.92,10-03-23-11-19-22-421
31.37,56.62,-38.83,60.07,10-03-23-11-19-22-453
31.97,57.19,-38.42,59.30,10-03-23-11-19-22-482
32.63,58.16,-37.73,58.32,10-03-23-11-19-22-516
35.99,67.34,-39.13,51.89,10-03-23-11-19-22-552
34.79,65.53,-36.45,53.96,10-03-23-11-19-22-582
34.35,68.77,-33.21,52.31,10-03-23-11-19-22-619
33.25,66.46,-32.23,54.59,10-03-23-11-19-22-652
33.28,66.65,-31.84,54.40,10-03-23-11-19-22-684
33.42,65.63,-32.06,54.78,10-03-23-11-19-22-723
33.45,63.99,-32.12,55.90,10-03-23-11-19-22-750
33.39,62.43,-31.94,57.17,10-03-23-11-19-22-786
28.58,57.13,-25.55,64.20,10-03-23-11-19-22-820
25.46,53.38,-21.80,68.80,10-03-23-11-19-22-852
23.51,50.99,-19.52,71.68,10-03-23-11-19-22-885
22.65,49.44,-18.21,73.51,10-03-23-11-19-22-919
24.28,51.79,-18.02,71.30,10-03-23-11-19-22-949
24.66,52.38,-17.96,70.97,10-03-23-11-19-22-984
25.52,54.77,-15.40,68.23,10-03-23-11-19-23-028
26.14,56.46,-12.44,65.71,10-03-23-11-19-23-053
27.45,59.84,-8.99,61.78,10-03-23-11-19-23-083
28.29,61.97,-5.63,59.07,10-03-23-11-19-23-121
28.62,62.60,5.01,50.62,10-03-23-11-19-23-152
29.01,63.50,10.31,48.09,10-03-23-11-19-23-185
29.23,64.12,12.48,48.99,10-03-23-11-19-23-220
29.29,64.61,14.14,50.19,10-03-23-11-19-23-250
29.28,64.95,15.51,51.33,10-03-23-11-19-23-287
29.20,65.21,16.73,52.40,10-03-23-11-19-23-329
28.98,65.42,18.19,53.36,10-03-23-11-19-23-353
28.75,65.54,19.84,54.20,10-03-23-11-19-23-385
28.48,65.60,21.29,54.95,10-03-23-11-19-23-418
28.22,65.63,23.12,55.61,10-03-23-11-19-23-452
27.84,65.53,24.79,56.40,10-03-23-11-19-23-485
27.52,65.41,27.01,57.04,10-03-23-11-19-23-519
27.11,65.05,28.72,57.80,10-03-23-11-19-23-550
26.76,64.67,30.06,58.47,10-03-23-11-19-23-582
26.47,64.30,31.20,58.98,10-03-23-11-19-23-627
26.21,63.93,32.61,59.30,10-03-23-11-19-23-653
26.05,63.59,33.68,59.49,10-03-23-11-19-23-684
25.90,63.21,34.44,59.67,10-03-23-11-19-23-719
25.78,62.88,34.99,59.81,10-03-23-11-19-23-754
25.68,62.57,35.30,59.94,10-03-23-11-19-23-784
25.63,62.32,35.50,60.03,10-03-23-11-19-23-822
25.60,62.06,35.58,60.07,10-03-23-11-19-23-848
25.58,61.89,35.60,60.08,10-03-23-11-19-23-882
25.56,61.76,35.56,60.09,10-03-23-11-19-23-930
25.56,61.68,35.48,60.09,10-03-23-11-19-23-953
25.56,61.61,35.39,60.09,10-03-23-11-19-23-985
25.56,61.58,35.29,60.07,10-03-23-11-19-24-020
25.56,61.52,35.18,60.04,10-03-23-11-19-24-052
25.56,61.45,35.07,60.02,10-03-23-11-19-24-095
25.57,61.40,34.95,59.99,10-03-23-11-19-24-129
25.57,61.36,34.83,59.96,10-03-23-11-19-24-155
25.58,61.33,34.72,59.94,10-03-23-11-19-24-182
25.57,61.29,34.60,59.94,10-03-23-11-19-24-220
25.55,61.25,34.49,59.95,10-03-23-11-19-24-252
25.54,61.25,34.32,59.93,10-03-23-11-19-24-283
25.53,61.26,34.13,59.94,10-03-23-11-19-24-328
25.51,61.25,33.95,59.96,10-03-23-11-19-24-353
25.48,61.23,33.77,59.99,10-03-23-11-19-24-391
25.48,61.28,33.67,60.02,10-03-23-11-19-24-418
25.47,61.34,33.57,60.02,10-03-23-11-19-24-454
25.47,61.39,33.49,60.02,10-03-23-11-19-24-485
25.47,61.43,33.42,60.02,10-03-23-11-19-24-522
25.47,61.48,33.33,60.00,10-03-23-11-19-24-549
25.47,61.52,33.25,59.97,10-03-23-11-19-24-585
25.47,61.54,33.17,59.95,10-03-23-11-19-24-624
25.47,61.56,33.09,59.92,10-03-23-11-19-24-651
25.46,61.58,33.02,59.90,10-03-23-11-19-24-697
25.45,61.61,32.97,59.89,10-03-23-11-19-24-720
25.45,61.63,32.92,59.87,10-03-23-11-19-24-752
25.43,61.65,32.88,59.88,10-03-23-11-19-24-785
25.41,61.68,32.85,59.88,10-03-23-11-19-24-823
25.39,61.70,32.83,59.88,10-03-23-11-19-24-855
25.37,61.73,32.81,59.87,10-03-23-11-19-24-884
25.35,61.76,32.78,59.76,10-03-23-11-19-24-918
25.33,61.77,32.73,59.58,10-03-23-11-19-24-954
25.32,61.80,32.70,59.35,10-03-23-11-19-24-995
25.30,61.83,32.68,59.13,10-03-23-11-19-25-016
25.29,61.86,32.65,58.91,10-03-23-11-19-25-050
25.25,61.84,32.62,58.70,10-03-23-11-19-25-083
25.16,61.76,32.56,58.57,10-03-23-11-19-25-117
25.06,61.66,32.45,58.32,10-03-23-11-19-25-151
24.95,61.53,32.31,58.05,10-03-23-11-19-25-183
24.79,61.27,32.13,57.77,10-03-23-11-19-25-218
24.63,61.01,31.91,57.27,10-03-23-11-19-25-251
24.46,60.70,31.65,55.70,10-03-23-11-19-25-299
24.29,60.32,31.10,52.81,10-03-23-11-19-25-316
24.26,60.08,30.91,48.09,10-03-23-11-19-25-348
24.30,59.34,30.36,43.66,10-03-23-11-19-25-386
24.33,58.49,30.48,36.04,10-03-23-11-19-25-417
24.50,56.82,29.34,30.12,10-03-23-11-19-25-450
25.18,51.42,666.00,19.07,10-03-23-11-19-25-485
25.74,47.60,666.00,14.39,10-03-23-11-19-25-519
26.06,45.17,666.00,11.27,10-03-23-11-19-25-552
25.96,43.13,666.00,9.61,10-03-23-11-19-25-604
24.66,40.67,666.00,7.57,10-03-23-11-19-25-622
23.22,38.65,666.00,5.18,10-03-23-11-19-25-650
21.47,36.03,666.00,4.92,10-03-23-11-19-25-685
20.18,33.53,666.00,5.11,10-03-23-11-19-25-718
19.22,31.05,666.00,5.53,10-03-23-11-19-25-752
18.51,28.40,666.00,6.05,10-03-23-11-19-25-785
18.01,26.17,666.00,6.63,10-03-23-11-19-25-818
17.57,24.03,666.00,7.44,10-03-23-11-19-25-850
17.19,22.12,666.00,8.37,10-03-23-11-19-25-882
16.88,20.36,666.00,9.32,10-03-23-11-19-25-917
16.59,18.38,666.00,10.41,10-03-23-11-19-25-951
16.31,16.39,666.00,11.50,10-03-23-11-19-25-984
16.14,14.75,666.00,12.29,10-03-23-11-19-26-022
15.98,13.23,666.00,13.04,10-03-23-11-19-26-051
15.78,12.04,666.00,13.00,10-03-23-11-19-26-082
15.40,10.77,666.00,13.07,10-03-23-11-19-26-118
15.05,9.61,666.00,13.06,10-03-23-11-19-26-151
14.68,8.57,666.00,12.98,10-03-23-11-19-26-184
14.30,8.34,666.00,12.94,10-03-23-11-19-26-219
13.86,7.91,666.00,12.98,10-03-23-11-19-26-250
13.44,7.49,666.00,12.99,10-03-23-11-19-26-282
13.07,6.87,666.00,13.11,10-03-23-11-19-26-319
12.75,6.06,666.00,13.29,10-03-23-11-19-26-356
12.44,4.75,666.00,13.55,10-03-23-11-19-26-381
12.23,3.18,666.00,13.78,10-03-23-11-19-26-418
12.07,2.31,666.00,13.92,10-03-23-11-19-26-450
12.06,2.10,666.00,13.90,10-03-23-11-19-26-493
12.02,2.33,666.00,14.07,10-03-23-11-19-26-525
11.99,2.42,666.00,14.81,10-03-23-11-19-26-551
11.96,3.36,666.00,15.75,10-03-23-11-19-26-592
11.97,4.02,666.00,16.15,10-03-23-11-19-26-620
11.95,4.56,666.00,16.23,10-03-23-11-19-26-653
11.92,5.30,666.00,16.06,10-03-23-11-19-27-085
11.45,-5.42,666.00,15.50,10-03-23-11-19-27-118
11.72,-20.09,666.00,16.66,10-03-23-11-19-27-128
12.07,-24.12,666.00,16.18,10-03-23-11-19-27-151
12.32,-25.67,666.00,15.56,10-03-23-11-19-27-185
12.31,-26.11,666.00,15.59,10-03-23-11-19-27-219
12.06,-23.53,666.00,14.72,10-03-23-11-19-27-253
11.66,-19.05,666.00,14.22,10-03-23-11-19-27-285
11.93,-14.88,666.00,13.93,10-03-23-11-19-27-317
10.86,-3.97,666.00,11.73,10-03-23-11-19-27-352
10.76,3.02,666.00,11.10,10-03-23-11-19-27-382
10.81,5.13,666.00,14.54,10-03-23-11-19-27-420
11.19,3.40,666.00,16.58,10-03-23-11-19-27-448
11.34,4.08,666.00,18.14,10-03-23-11-19-27-482
