8.43,29.03,666.00,6.12,10-03-23-11-22-24-375
8.42,28.89,666.00,6.10,10-03-23-11-22-24-383
8.40,28.70,666.00,6.08,10-03-23-11-22-24-421
8.39,28.70,666.00,6.04,10-03-23-11-22-24-448
8.39,28.89,666.00,5.98,10-03-23-11-22-24-479
8.38,29.83,666.00,5.90,10-03-23-11-22-24-519
8.38,30.68,666.00,5.84,10-03-23-11-22-24-551
8.39,31.13,666.00,5.81,10-03-23-11-22-24-580
8.39,31.36,666.00,5.78,10-03-23-11-22-24-616
8.38,31.76,666.00,5.77,10-03-23-11-22-24-657
8.37,32.11,666.00,5.78,10-03-23-11-22-24-691
8.37,32.31,666.00,5.77,10-03-23-11-22-24-714
8.37,32.44,666.00,5.76,10-03-23-11-22-24-751
8.37,32.27,666.00,5.74,10-03-23-11-22-24-779
8.36,31.90,666.00,5.73,10-03-23-11-22-24-831
8.35,31.58,666.00,5.75,10-03-23-11-22-24-848
8.35,31.30,666.00,5.82,10-03-23-11-22-24-879
8.38,31.34,666.00,5.89,10-03-23-11-22-24-913
8.43,31.55,666.00,6.14,10-03-23-11-22-24-947
8.51,31.86,666.00,6.53,10-03-23-11-22-24-981
8.62,32.27,666.00,7.30,10-03-23-11-22-25-014
8.79,33.01,666.00,13.75,10-03-23-11-22-25-048
8.99,33.91,666.00,16.83,10-03-23-11-22-25-078
9.28,34.82,666.00,21.01,10-03-23-11-22-25-113
9.83,37.15,666.00,23.68,10-03-23-11-22-25-150
10.55,40.13,666.00,26.28,10-03-23-11-22-25-181
11.22,43.17,10.44,31.03,10-03-23-11-22-25-215
11.87,45.93,10.86,32.94,10-03-23-11-22-25-249
13.30,47.17,8.44,33.70,10-03-23-11-22-25-284
14.40,48.26,6.23,35.96,10-03-23-11-22-25-316
16.44,51.12,5.31,36.36,10-03-23-11-22-25-384
18.91,53.71,3.78,36.30,10-03-23-11-22-25-417
21.82,55.90,1.62,34.28,10-03-23-11-22-25-446
27.29,55.67,666.00,28.21,10-03-23-11-22-25-482
29.44,56.08,666.00,27.69,10-03-23-11-22-25-512
30.96,56.72,-14.78,32.38,10-03-23-11-22-25-547
32.94,57.57,-16.80,32.95,10-03-23-11-22-25-590
35.06,59.69,-18.34,30.67,10-03-23-11-22-25-616
36.41,61.05,666.00,29.20,10-03-23-11-22-25-650
37.43,61.76,666.00,28.31,10-03-23-11-22-25-681
38.50,62.47,666.00,28.56,10-03-23-11-22-25-715
39.43,62.97,666.00,27.90,10-03-23-11-22-25-746
39.98,63.05,666.00,28.00,10-03-23-11-22-25-779
42.66,64.89,666.00,21.93,10-03-23-11-22-25-823
41.55,64.77,-20.23,30.10,10-03-23-11-22-25-849
42.46,65.57,666.00,28.74,10-03-23-11-22-25-888
41.86,64.71,-20.73,35.57,10-03-23-11-22-25-917
41.79,65.57,-15.40,37.77,10-03-23-11-22-25-947
41.91,66.11,-12.83,38.84,10-03-23-11-22-25-981
40.25,63.30,-14.41,45.15,10-03-23-11-22-26-020
40.86,63.70,-15.23,41.53,10-03-23-11-22-26-048
39.70,60.98,-16.35,44.36,10-03-23-11-22-26-084
39.64,60.40,-20.92,42.45,10-03-23-11-22-26-114
40.24,60.53,-27.00,36.08,10-03-23-11-22-26-148
40.83,60.80,-32.10,31.46,10-03-23-11-22-26-191
41.34,61.06,666.00,29.42,10-03-23-11-22-26-221
41.65,61.10,666.00,28.31,10-03-23-11-22-26-248
41.88,61.13,666.00,26.14,10-03-23-11-22-26-280
42.01,61.09,666.00,24.46,10-03-23-11-22-26-320
42.08,61.02,666.00,22.68,10-03-23-11-22-26-347
42.10,60.94,666.00,21.00,10-03-23-11-22-26-381
41.88,60.96,666.00,24.94,10-03-23-11-22-26-418
40.94,60.81,15.69,30.13,10-03-23-11-22-26-448
34.80,58.91,18.87,43.00,10-03-23-11-22-26-481
33.74,57.89,19.18,45.84,10-03-23-11-22-26-515
33.17,56.91,19.16,47.36,10-03-23-11-22-26-548
32.93,56.04,18.97,47.97,10-03-23-11-22-26-580
33.34,55.14,23.17,44.76,10-03-23-11-22-26-619
33.16,54.37,23.74,44.99,10-03-23-11-22-26-651
33.05,53.75,24.03,45.12,10-03-23-11-22-26-682
32.92,53.10,24.14,45.36,10-03-23-11-22-26-714
32.78,52.26,24.02,45.70,10-03-23-11-22-26-749
32.78,51.26,24.05,45.91,10-03-23-11-22-26-780
32.80,50.58,24.88,46.02,10-03-23-11-22-26-818
32.87,49.87,27.75,45.87,10-03-23-11-22-26-850
32.92,49.35,30.26,45.93,10-03-23-11-22-26-879
32.95,48.87,32.27,46.00,10-03-23-11-22-26-915
32.99,48.40,33.91,46.06,10-03-23-11-22-26-954
33.06,47.77,35.32,46.01,10-03-23-11-22-26-980
33.25,46.84,36.59,45.66,10-03-23-11-22-27-018
33.48,45.91,37.56,45.23,10-03-23-11-22-27-046
33.73,45.10,38.50,44.72,10-03-23-11-22-27-081
33.98,44.38,39.51,44.18,10-03-23-11-22-27-116
34.18,43.90,40.32,43.79,10-03-23-11-22-27-148
34.35,43.39,40.87,43.42,10-03-23-11-22-27-182
34.52,42.68,40.83,43.11,10-03-23-11-22-27-217
34.66,42.12,40.73,42.85,10-03-23-11-22-27-258
34.77,41.66,40.51,42.66,10-03-23-11-22-27-280
34.87,41.31,40.25,42.51,10-03-23-11-22-27-314
34.95,41.02,39.97,42.41,10-03-23-11-22-27-348
35.03,40.86,39.74,42.31,10-03-23-11-22-27-381
35.08,40.80,39.58,42.27,10-03-23-11-22-27-414
35.12,40.77,39.39,42.23,10-03-23-11-22-27-448
35.16,40.80,39.12,42.16,10-03-23-11-22-27-479
35.20,40.85,38.69,42.08,10-03-23-11-22-27-514
35.10,40.97,37.47,42.21,10-03-23-11-22-27-557
34.99,41.12,35.51,42.42,10-03-23-11-22-27-580
34.89,41.30,32.87,42.72,10-03-23-11-22-27-615
34.80,41.50,29.35,43.18,10-03-23-11-22-27-649
34.71,41.73,25.63,43.79,10-03-23-11-22-27-682
34.54,42.29,22.08,44.60,10-03-23-11-22-27-719
34.05,44.15,19.97,45.48,10-03-23-11-22-27-747
33.67,45.64,17.22,46.19,10-03-23-11-22-27-784
33.30,47.13,12.83,47.28,10-03-23-11-22-27-825
33.16,48.57,9.64,47.97,10-03-23-11-22-27-857
33.88,51.40,5.75,46.67,10-03-23-11-22-27-884
34.59,53.86,1.24,46.88,10-03-23-11-22-27-918
35.23,56.00,-3.85,46.49,10-03-23-11-22-27-947
35.65,57.60,-6.02,45.48,10-03-23-11-22-27-979
36.27,59.08,-19.89,41.58,10-03-23-11-22-28-016
25.59,72.17,12.62,61.99,10-03-23-11-22-28-051
18.81,89.07,11.32,71.45,10-03-23-11-22-28-082
16.71,97.33,6.98,67.76,10-03-23-11-22-28-118
15.40,102.39,5.90,68.67,10-03-23-11-22-28-146
14.72,105.96,5.44,69.16,10-03-23-11-22-28-179
14.22,107.32,4.86,69.36,10-03-23-11-22-28-214
22.24,91.12,-3.96,60.62,10-03-23-11-22-28-249
39.69,82.14,-26.19,39.25,10-03-23-11-22-28-284
48.42,74.38,-56.24,39.07,10-03-23-11-22-28-316
44.75,64.11,-55.69,52.74,10-03-23-11-22-28-347
48.61,64.03,-66.05,52.87,10-03-23-11-22-28-381
48.66,64.72,-67.65,52.12,10-03-23-11-22-28-415
47.29,66.18,-69.01,52.16,10-03-23-11-22-28-452
45.39,67.57,-65.27,50.75,10-03-23-11-22-28-483
44.04,68.47,-62.63,49.87,10-03-23-11-22-28-518
43.03,69.04,-60.60,49.30,10-03-23-11-22-28-549
42.41,70.07,-60.03,48.44,10-03-23-11-22-28-584
43.47,74.84,-59.10,43.56,10-03-23-11-22-28-623
43.41,75.82,-56.45,42.99,10-03-23-11-22-28-648
42.52,74.21,-53.45,43.48,10-03-23-11-22-28-681
41.90,72.39,-51.40,45.03,10-03-23-11-22-28-715
41.47,71.10,-50.19,45.23,10-03-23-11-22-28-748
41.24,70.28,-49.39,45.28,10-03-23-11-22-28-787
41.09,69.81,-48.81,45.05,10-03-23-11-22-28-818
41.08,69.71,-47.54,45.05,10-03-23-11-22-28-858
41.11,70.25,-42.74,45.27,10-03-23-11-22-28-881
41.08,70.78,-38.88,44.23,10-03-23-11-22-28-923
31.24,70.56,-19.87,54.48,10-03-23-11-22-28-950
30.50,72.14,-16.16,54.77,10-03-23-11-22-28-979
23.96,71.33,4.21,71.47,10-03-23-11-22-29-014
15.06,85.31,8.06,77.83,10-03-23-11-22-29-051
14.98,79.06,6.74,68.43,10-03-23-11-22-29-081
21.25,70.77,0.76,57.28,10-03-23-11-22-29-113
26.10,67.10,-5.15,49.79,10-03-23-11-22-29-146
29.16,64.83,-8.40,46.20,10-03-23-11-22-29-181
31.12,63.45,4.16,41.97,10-03-23-11-22-29-216
32.28,62.38,5.28,41.22,10-03-23-11-22-29-251
33.14,61.49,12.01,41.20,10-03-23-11-22-29-283
33.67,60.38,28.32,43.97,10-03-23-11-22-29-316
34.04,57.88,28.77,44.38,10-03-23-11-22-29-347
34.15,54.61,26.78,44.91,10-03-23-11-22-29-388
34.24,52.38,25.41,45.35,10-03-23-11-22-29-415
34.17,50.34,24.50,45.97,10-03-23-11-22-29-447
34.16,48.86,24.52,46.39,10-03-23-11-22-29-484
34.21,47.53,25.09,46.68,10-03-23-11-22-29-518
34.30,46.46,26.07,46.82,10-03-23-11-22-29-546
34.34,45.24,27.31,46.95,10-03-23-11-22-29-584
34.41,43.90,28.41,47.00,10-03-23-11-22-29-616
34.52,42.69,29.65,46.87,10-03-23-11-22-29-648
34.68,41.46,30.54,46.69,10-03-23-11-22-29-690
34.88,40.16,31.14,46.46,10-03-23-11-22-29-717
35.07,39.00,31.53,46.21,10-03-23-11-22-29-748
35.18,38.14,31.80,46.10,10-03-23-11-22-29-784
35.29,37.57,32.00,45.97,10-03-23-11-22-29-817
35.39,37.20,32.17,45.80,10-03-23-11-22-29-847
35.50,37.05,32.22,45.63,10-03-23-11-22-29-884
35.60,37.00,32.16,45.50,10-03-23-11-22-29-913
35.69,37.16,32.08,45.35,10-03-23-11-22-29-947
35.76,37.27,31.93,45.24,10-03-23-11-22-29-988
35.80,37.48,31.82,45.18,10-03-23-11-22-30-015
35.83,37.69,31.70,45.13,10-03-23-11-22-30-049
35.86,37.90,31.58,45.08,10-03-23-11-22-30-081
35.90,38.12,31.36,45.04,10-03-23-11-22-30-119
35.91,38.25,30.82,45.05,10-03-23-11-22-30-149
35.92,38.37,29.73,45.15,10-03-23-11-22-30-180
35.93,38.48,28.25,45.36,10-03-23-11-22-30-212
35.72,38.66,26.61,45.97,10-03-23-11-22-30-247
35.48,38.86,24.77,46.66,10-03-23-11-22-30-281
35.24,39.07,21.82,47.49,10-03-23-11-22-30-314
35.15,39.38,19.52,47.99,10-03-23-11-22-30-349
35.13,39.93,16.20,48.48,10-03-23-11-22-30-383
35.16,40.56,13.02,48.79,10-03-23-11-22-30-416
35.13,42.26,9.05,48.94,10-03-23-11-22-30-455
34.99,43.96,5.78,48.07,10-03-23-11-22-30-482
35.54,47.92,1.03,46.66,10-03-23-11-22-30-517
35.91,50.80,-0.64,45.37,10-03-23-11-22-30-550
36.17,52.60,-2.04,43.17,10-03-23-11-22-30-585
36.28,54.38,-2.07,42.61,10-03-23-11-22-30-621
36.79,56.14,-16.70,40.66,10-03-23-11-22-30-649
36.93,54.47,-23.16,48.31,10-03-23-11-22-30-682
36.67,58.82,-23.08,45.77,10-03-23-11-22-30-715
36.87,57.88,-29.37,54.03,10-03-23-11-22-30-758
37.52,58.60,-31.95,54.09,10-03-23-11-22-30-783
37.51,64.20,-29.78,50.04,10-03-23-11-22-30-815
38.25,66.24,-30.39,47.82,10-03-23-11-22-30-851
39.07,66.57,-45.73,45.04,10-03-23-11-22-30-882
39.36,66.31,-49.67,45.99,10-03-23-11-22-30-913
39.55,65.76,-51.12,45.84,10-03-23-11-22-30-950
35.98,67.24,-40.98,46.37,10-03-23-11-22-30-980
39.10,69.95,-44.57,43.46,10-03-23-11-22-31-019
40.40,70.26,-47.57,43.38,10-03-23-11-22-31-054
41.32,70.50,-49.97,43.32,10-03-23-11-22-31-086
41.79,70.46,-51.42,43.44,10-03-23-11-22-31-114
42.40,70.90,-53.80,43.11,10-03-23-11-22-31-147
42.79,71.14,-55.36,42.93,10-03-23-11-22-31-182
43.02,71.18,-56.34,42.99,10-03-23-11-22-31-215
43.43,72.01,-57.75,42.55,10-03-23-11-22-31-249
43.55,71.82,-58.46,43.04,10-03-23-11-22-31-282
43.64,71.71,-58.98,43.32,10-03-23-11-22-31-316
43.71,71.65,-59.32,43.45,10-03-23-11-22-31-357
40.71,65.38,-55.02,50.02,10-03-23-11-22-31-380
39.56,62.36,-53.06,53.01,10-03-23-11-22-31-418
39.90,65.04,-51.62,50.53,10-03-23-11-22-31-448
40.91,68.97,-52.74,45.95,10-03-23-11-22-31-483
41.14,69.61,-51.43,44.01,10-03-23-11-22-31-516
32.32,67.49,-31.45,52.35,10-03-23-11-22-31-546
27.43,66.45,-22.63,58.37,10-03-23-11-22-31-583
23.14,67.37,-11.65,63.92,10-03-23-11-22-31-618
20.73,68.13,-6.83,67.25,10-03-23-11-22-31-648
19.33,68.84,-3.69,69.10,10-03-23-11-22-31-684
18.41,69.14,-1.74,70.41,10-03-23-11-22-31-717
17.86,69.55,-0.11,70.95,10-03-23-11-22-31-747
17.68,69.85,3.03,71.62,10-03-23-11-22-31-783
17.82,69.82,2.24,60.77,10-03-23-11-22-31-820
18.10,69.43,17.17,69.82,10-03-23-11-22-31-849
29.05,56.07,-6.67,45.61,10-03-23-11-22-31-878
29.29,53.65,-5.07,47.78,10-03-23-11-22-31-914
30.23,52.65,-5.89,46.36,10-03-23-11-22-31-951
30.54,51.98,-6.15,45.86,10-03-23-11-22-31-981
27.55,48.83,0.82,53.16,10-03-23-11-22-32-015
26.57,47.86,5.41,56.24,10-03-23-11-22-32-047
26.63,47.45,9.06,56.65,10-03-23-11-22-32-082
25.35,45.00,13.72,58.87,10-03-23-11-22-32-121
24.80,43.90,15.58,60.06,10-03-23-11-22-32-150
24.63,43.50,17.01,60.45,10-03-23-11-22-32-179
24.47,43.05,18.15,60.72,10-03-23-11-22-32-213
24.73,43.15,19.44,60.10,10-03-23-11-22-32-247
25.21,43.57,20.97,59.12,10-03-23-11-22-32-280
25.69,44.00,22.83,58.15,10-03-23-11-22-32-317
26.17,44.47,24.43,57.30,10-03-23-11-22-32-346
26.60,44.90,25.90,56.55,10-03-23-11-22-32-381
26.99,45.21,27.33,55.87,10-03-23-11-22-32-423
27.46,45.35,28.67,55.05,10-03-23-11-22-32-451
27.95,45.42,29.85,54.18,10-03-23-11-22-32-480
28.25,45.53,31.09,53.55,10-03-23-11-22-32-516
28.53,45.61,32.03,52.99,10-03-23-11-22-32-548
28.75,45.61,32.74,52.52,10-03-23-11-22-32-579
28.93,45.62,33.33,52.08,10-03-23-11-22-32-621
29.08,45.62,33.74,51.70,10-03-23-11-22-32-647
29.14,45.50,33.96,51.47,10-03-23-11-22-32-683
29.19,45.46,34.12,51.31,10-03-23-11-22-32-723
29.23,45.39,34.19,51.16,10-03-23-11-22-32-749
29.27,45.29,34.17,51.03,10-03-23-11-22-32-782
29.32,45.18,34.06,50.88,10-03-23-11-22-32-816
29.36,45.09,33.85,50.71,10-03-23-11-22-32-848
29.43,44.99,33.46,50.50,10-03-23-11-22-32-880
29.55,44.89,32.84,50.19,10-03-23-11-22-32-916
29.67,44.81,32.00,49.87,10-03-23-11-22-32-948
29.74,44.81,30.84,49.60,10-03-23-11-22-32-980
29.78,44.84,29.38,49.38,10-03-23-11-22-33-028
29.81,44.87,27.24,49.10,10-03-23-11-22-33-047
29.83,44.90,24.90,48.81,10-03-23-11-22-33-082
29.83,44.89,22.30,48.45,10-03-23-11-22-33-117
29.74,44.87,19.88,48.23,10-03-23-11-22-33-151
29.86,45.19,17.67,47.74,10-03-23-11-22-33-181
29.99,45.60,14.25,47.38,10-03-23-11-22-33-218
30.06,46.06,11.82,47.24,10-03-23-11-22-33-251
30.13,46.51,9.43,47.14,10-03-23-11-22-33-282
29.64,47.30,2.73,48.90,10-03-23-11-22-33-326
27.44,49.45,5.07,50.52,10-03-23-11-22-33-349
25.85,51.19,7.54,52.17,10-03-23-11-22-33-383
24.97,52.32,9.41,53.94,10-03-23-11-22-33-416
24.55,53.30,10.84,54.67,10-03-23-11-22-33-450
29.48,58.52,-1.59,47.03,10-03-23-11-22-33-484
31.13,60.19,-7.12,45.13,10-03-23-11-22-33-517
31.90,61.48,-11.16,44.67,10-03-23-11-22-33-547
32.29,63.16,-14.07,44.65,10-03-23-11-22-33-582
23.35,72.03,8.63,67.31,10-03-23-11-22-33-630
27.03,77.43,-6.53,47.76,10-03-23-11-22-33-652
24.72,81.00,-6.03,48.90,10-03-23-11-22-33-680
23.26,82.95,-6.78,48.31,10-03-23-11-22-33-713
22.42,83.81,-9.69,52.44,10-03-23-11-22-33-746
21.88,84.13,-9.28,54.07,10-03-23-11-22-33-784
21.61,84.07,-10.77,54.71,10-03-23-11-22-33-816
21.51,84.02,-11.72,54.89,10-03-23-11-22-33-849
21.50,83.92,-12.51,54.92,10-03-23-11-22-33-879
21.66,83.71,-12.71,54.60,10-03-23-11-22-33-913
21.85,83.46,-12.81,54.15,10-03-23-11-22-33-945
22.09,83.18,-12.96,53.47,10-03-23-11-22-33-983
22.30,82.86,-11.50,52.95,10-03-23-11-22-34-016
22.49,82.52,-11.55,52.64,10-03-23-11-22-34-048
22.67,82.20,-11.67,52.31,10-03-23-11-22-34-086
22.81,81.95,-11.91,51.97,10-03-23-11-22-34-115
22.95,81.77,-12.16,51.63,10-03-23-11-22-34-151
32.64,78.80,-33.73,40.41,10-03-23-11-22-34-182
37.04,77.79,-46.95,37.60,10-03-23-11-22-34-213
38.82,77.39,-52.86,37.08,10-03-23-11-22-34-251
39.87,77.14,-55.93,36.99,10-03-23-11-22-34-282
40.54,76.97,-56.28,37.07,10-03-23-11-22-34-314
31.09,75.94,-30.80,44.96,10-03-23-11-22-34-349
23.95,75.07,-18.82,53.36,10-03-23-11-22-34-389
21.08,74.54,-6.28,57.16,10-03-23-11-22-34-414
19.41,74.05,-1.96,59.80,10-03-23-11-22-34-447
18.19,73.60,0.71,61.83,10-03-23-11-22-34-479
17.49,73.35,3.51,62.99,10-03-23-11-22-34-516
17.20,73.19,5.93,63.68,10-03-23-11-22-34-549
18.19,71.57,6.39,62.70,10-03-23-11-22-34-579
19.39,69.30,5.94,61.49,10-03-23-11-22-34-617
23.41,65.11,1.40,56.34,10-03-23-11-22-34-647
25.98,62.43,-2.23,53.11,10-03-23-11-22-34-689
26.78,60.96,-3.06,52.45,10-03-23-11-22-34-714
26.72,58.62,-3.72,53.36,10-03-23-11-22-34-746
26.37,55.92,14.85,50.14,10-03-23-11-22-34-782
26.27,53.92,24.61,49.34,10-03-23-11-22-34-817
26.16,52.44,25.77,49.43,10-03-23-11-22-34-846
26.05,51.37,26.65,49.60,10-03-23-11-22-34-883
25.93,50.63,26.31,49.98,10-03-23-11-22-34-918
24.70,47.57,23.51,52.49,10-03-23-11-22-34-948
23.93,45.54,22.75,54.13,10-03-23-11-22-34-992
23.68,44.50,22.31,54.87,10-03-23-11-22-35-014
23.72,43.60,21.85,55.21,10-03-23-11-22-35-047
23.99,42.86,21.38,55.25,10-03-23-11-22-35-082
24.43,42.35,21.16,55.08,10-03-23-11-22-35-115
24.93,42.08,21.32,54.80,10-03-23-11-22-35-146
25.42,42.03,21.67,54.46,10-03-23-11-22-35-182
25.78,42.06,22.26,54.25,10-03-23-11-22-35-217
26.01,42.08,22.80,54.15,10-03-23-11-22-35-245
25.86,41.53,23.46,54.73,10-03-23-11-22-35-282
25.84,41.25,23.88,55.01,10-03-23-11-22-35-317
25.79,41.06,24.17,55.26,10-03-23-11-22-35-348
25.78,41.11,24.46,55.40,10-03-23-11-22-35-382
25.76,41.24,24.65,55.52,10-03-23-11-22-35-414
25.76,41.51,24.85,55.59,10-03-23-11-22-35-455
25.77,41.85,25.02,55.62,10-03-23-11-22-35-482
25.79,42.23,25.18,55.63,10-03-23-11-22-35-514
25.81,42.62,25.32,55.62,10-03-23-11-22-35-548
25.82,42.95,25.28,55.66,10-03-23-11-22-35-582
25.91,43.33,25.07,55.58,10-03-23-11-22-35-615
26.03,43.71,24.55,55.47,10-03-23-11-22-35-648
26.13,44.03,23.74,55.49,10-03-23-11-22-35-683
26.22,44.49,22.65,55.64,10-03-23-11-22-35-717
26.26,44.98,21.23,55.81,10-03-23-11-22-35-757
25.84,45.18,19.61,56.73,10-03-23-11-22-35-780
25.62,45.62,18.03,57.46,10-03-23-11-22-35-816
25.38,46.04,14.42,58.46,10-03-23-11-22-35-846
25.26,46.80,11.79,58.91,10-03-23-11-22-35-882
25.15,47.45,8.05,60.58,10-03-23-11-22-35-918
27.60,53.75,6.69,55.84,10-03-23-11-22-35-949
28.80,56.90,4.70,53.88,10-03-23-11-22-35-982
29.49,58.89,3.83,52.73,10-03-23-11-22-36-017
29.90,60.18,3.26,52.08,10-03-23-11-22-36-057
30.18,61.14,1.65,51.82,10-03-23-11-22-36-081
30.51,61.97,-0.41,51.57,10-03-23-11-22-36-125
30.69,62.56,-3.06,51.79,10-03-23-11-22-36-152
28.53,65.40,10.18,66.95,10-03-23-11-22-36-181
26.94,67.27,-0.43,67.04,10-03-23-11-22-36-217
26.44,68.21,-11.69,57.34,10-03-23-11-22-36-250
33.17,72.54,-21.83,47.79,10-03-23-11-22-36-282
34.04,60.23,-36.61,54.28,10-03-23-11-22-36-319
35.78,61.21,-42.54,52.54,10-03-23-11-22-36-360
28.30,65.37,-29.97,55.00,10-03-23-11-22-36-380
34.66,69.57,-32.43,51.38,10-03-23-11-22-36-413
28.87,71.55,-23.90,57.57,10-03-23-11-22-36-450
20.28,93.44,12.21,74.43,10-03-23-11-22-36-482
31.90,76.77,-11.67,54.54,10-03-23-11-22-36-518
37.31,72.36,-24.89,50.73,10-03-23-11-22-36-549
41.08,70.65,-38.77,42.15,10-03-23-11-22-36-583
42.82,69.73,-44.84,41.75,10-03-23-11-22-36-615
43.91,69.17,-48.56,41.94,10-03-23-11-22-36-653
44.65,68.74,-50.92,42.40,10-03-23-11-22-36-683
45.14,68.43,-52.21,43.00,10-03-23-11-22-36-716
45.17,68.38,-51.99,43.35,10-03-23-11-22-36-751
45.07,68.49,-51.75,42.18,10-03-23-11-22-36-783
44.79,68.69,-48.01,43.59,10-03-23-11-22-36-823
24.64,87.45,-6.14,57.42,10-03-23-11-22-36-847
19.75,86.40,-5.63,64.60,10-03-23-11-22-36-880
16.69,87.99,13.22,83.00,10-03-23-11-22-36-915
25.54,77.75,-3.55,53.47,10-03-23-11-22-36-952
22.24,80.93,0.41,55.87,10-03-23-11-22-36-985
16.23,94.18,5.95,66.61,10-03-23-11-22-37-015
15.85,86.13,0.83,62.82,10-03-23-11-22-37-052
16.25,78.64,1.38,69.70,10-03-23-11-22-37-082
19.58,71.11,-1.48,66.89,10-03-23-11-22-37-125
21.82,67.77,-0.37,63.72,10-03-23-11-22-37-146
22.56,66.46,-0.44,63.11,10-03-23-11-22-37-180
23.05,65.56,-0.05,62.97,10-03-23-11-22-37-217
23.43,64.94,2.21,62.46,10-03-23-11-22-37-247
23.75,64.41,3.77,61.50,10-03-23-11-22-37-278
23.97,64.07,5.76,60.42,10-03-23-11-22-37-313
24.11,63.77,12.39,59.41,10-03-23-11-22-37-348
30.23,62.44,14.46,54.11,10-03-23-11-22-37-381
32.73,58.56,12.32,51.63,10-03-23-11-22-37-415
33.83,57.99,20.80,48.73,10-03-23-11-22-37-447
34.58,57.61,22.85,48.85,10-03-23-11-22-37-479
34.81,57.29,24.18,49.13,10-03-23-11-22-37-513
34.77,56.94,25.24,49.51,10-03-23-11-22-37-546
34.55,56.57,26.14,50.00,10-03-23-11-22-37-584
33.99,56.13,26.82,50.93,10-03-23-11-22-37-615
33.39,55.72,27.69,51.83,10-03-23-11-22-37-647
29.40,50.95,26.51,57.43,10-03-23-11-22-37-686
28.69,49.73,27.36,58.27,10-03-23-11-22-37-717
28.20,48.90,28.67,58.74,10-03-23-11-22-37-748
27.85,48.26,30.26,58.95,10-03-23-11-22-37-783
27.62,47.82,31.74,59.01,10-03-23-11-22-37-815
27.80,47.67,33.15,58.62,10-03-23-11-22-37-848
28.28,47.62,34.27,57.91,10-03-23-11-22-37-889
28.78,47.55,35.19,57.17,10-03-23-11-22-37-918
29.15,47.50,35.98,56.64,10-03-23-11-22-37-946
29.48,47.50,36.67,56.16,10-03-23-11-22-37-990
29.81,47.47,37.21,55.67,10-03-23-11-22-38-012
30.15,47.42,37.57,55.18,10-03-23-11-22-38-045
30.43,47.29,37.75,54.75,10-03-23-11-22-38-081
30.67,47.24,37.79,54.38,10-03-23-11-22-38-118
30.86,47.17,37.76,54.09,10-03-23-11-22-38-148
30.99,47.09,37.65,53.89,10-03-23-11-22-38-190
31.07,46.96,37.37,53.72,10-03-23-11-22-38-215
31.13,46.83,36.95,53.55,10-03-23-11-22-38-249
31.17,46.72,36.05,53.31,10-03-23-11-22-38-282
31.26,46.07,28.44,52.76,10-03-23-11-22-38-320
31.24,46.03,27.08,52.97,10-03-23-11-22-38-349
31.22,46.03,26.16,53.09,10-03-23-11-22-38-383
31.21,46.03,24.98,53.25,10-03-23-11-22-38-417
31.19,46.12,22.89,53.47,10-03-23-11-22-38-449
31.18,46.21,18.89,53.67,10-03-23-11-22-38-484
31.10,46.37,16.37,53.98,10-03-23-11-22-38-516
30.93,46.64,14.51,54.33,10-03-23-11-22-38-547
30.60,47.07,12.06,54.62,10-03-23-11-22-38-585
30.13,47.45,8.71,55.73,10-03-23-11-22-38-619
29.82,48.02,3.17,56.84,10-03-23-11-22-38-654
29.57,48.82,2.97,57.20,10-03-23-11-22-38-685
27.10,48.08,1.84,60.67,10-03-23-11-22-38-722
26.21,48.58,1.48,61.71,10-03-23-11-22-38-748
25.95,49.19,1.03,62.10,10-03-23-11-22-38-784
25.89,49.98,-0.93,62.42,10-03-23-11-22-38-818
26.91,48.79,-7.89,64.76,10-03-23-11-22-38-847
27.91,51.55,-16.10,63.59,10-03-23-11-22-38-884
28.84,51.91,-19.57,63.13,10-03-23-11-22-38-916
26.11,57.04,-15.97,62.81,10-03-23-11-22-38-958
26.73,63.02,-12.80,58.86,10-03-23-11-22-38-980
29.32,68.31,-22.70,48.29,10-03-23-11-22-39-016
29.07,69.99,-28.96,45.41,10-03-23-11-22-39-050
33.13,68.08,-43.21,41.89,10-03-23-11-22-39-081
35.58,66.12,-49.14,41.84,10-03-23-11-22-39-120
36.95,65.23,-51.31,41.95,10-03-23-11-22-39-158
38.04,65.15,-51.58,43.55,10-03-23-11-22-39-183
38.91,65.24,-50.42,49.57,10-03-23-11-22-39-216
39.46,65.34,-50.58,50.64,10-03-23-11-22-39-261
39.82,65.46,-50.63,51.71,10-03-23-11-22-39-281
40.01,65.58,-50.48,52.14,10-03-23-11-22-39-316
40.13,65.61,-50.36,52.43,10-03-23-11-22-39-351
40.12,65.72,-50.06,52.49,10-03-23-11-22-39-379
40.01,65.71,-49.76,52.36,10-03-23-11-22-39-416
39.65,65.16,-49.25,52.52,10-03-23-11-22-39-453
39.29,64.58,-48.73,52.82,10-03-23-11-22-39-481
37.94,61.89,-46.95,55.26,10-03-23-11-22-39-517
38.59,68.69,-45.71,50.49,10-03-23-11-22-39-548
38.65,70.80,-44.67,48.94,10-03-23-11-22-39-581
38.66,71.66,-44.13,48.25,10-03-23-11-22-39-621
38.61,72.11,-43.65,47.80,10-03-23-11-22-39-648
38.55,72.09,-43.32,47.52,10-03-23-11-22-39-684
29.44,70.03,-26.66,55.50,10-03-23-11-22-39-718
28.14,69.90,-24.11,56.43,10-03-23-11-22-39-746
26.07,68.35,-22.39,59.32,10-03-23-11-22-39-783
25.08,67.95,-41.34,44.96,10-03-23-11-22-39-816
23.94,67.71,-54.40,38.34,10-03-23-11-22-39-851
16.51,75.86,666.00,15.46,10-03-23-11-22-39-881
15.38,76.18,666.00,22.37,10-03-23-11-22-39-915
15.04,75.67,666.00,28.55,10-03-23-11-22-39-950
15.26,73.59,666.00,24.96,10-03-23-11-22-39-985
15.75,71.62,666.00,26.64,10-03-23-11-22-40-023
16.25,70.15,19.62,58.78,10-03-23-11-22-40-050
16.66,69.35,25.12,69.62,10-03-23-11-22-40-084
17.08,68.86,21.23,73.50,10-03-23-11-22-40-115
19.27,66.96,18.88,68.18,10-03-23-11-22-40-155
20.81,65.89,22.78,66.77,10-03-23-11-22-40-182
23.05,64.00,23.49,63.43,10-03-23-11-22-40-214
23.66,62.04,26.06,62.28,10-03-23-11-22-40-250
24.24,60.48,27.00,60.04,10-03-23-11-22-40-279
24.58,59.66,27.74,58.51,10-03-23-11-22-40-324
24.78,58.99,28.32,57.48,10-03-23-11-22-40-352
24.89,58.43,30.25,56.28,10-03-23-11-22-40-389
25.54,57.59,31.55,55.01,10-03-23-11-22-40-415
26.06,57.00,33.00,54.17,10-03-23-11-22-40-451
26.52,56.40,34.95,53.52,10-03-23-11-22-40-482
26.80,55.95,37.31,53.25,10-03-23-11-22-40-515
27.01,55.56,39.51,53.12,10-03-23-11-22-40-549
27.29,54.76,41.23,52.89,10-03-23-11-22-40-580
27.63,53.67,42.50,52.66,10-03-23-11-22-40-625
27.98,52.42,43.36,52.28,10-03-23-11-22-40-649
28.29,51.32,43.85,51.85,10-03-23-11-22-40-685
28.58,50.38,44.25,51.43,10-03-23-11-22-40-714
28.86,49.49,44.61,51.02,10-03-23-11-22-40-746
29.07,48.76,44.82,50.70,10-03-23-11-22-40-784
29.24,47.99,44.83,50.43,10-03-23-11-22-40-817
29.38,47.35,44.81,50.22,10-03-23-11-22-40-850
29.48,46.83,44.79,50.06,10-03-23-11-22-40-879
29.56,46.42,44.77,49.93,10-03-23-11-22-40-916
29.63,46.10,44.73,49.82,10-03-23-11-22-40-949
29.66,45.85,44.67,49.77,10-03-23-11-22-40-981
29.69,45.59,44.53,49.72,10-03-23-11-22-41-015
29.71,45.40,44.33,49.69,10-03-23-11-22-41-051
29.74,45.26,44.00,49.66,10-03-23-11-22-41-090
29.76,45.17,42.96,49.60,10-03-23-11-22-41-115
29.42,45.07,41.18,50.02,10-03-23-11-22-41-148
28.92,45.03,37.77,50.68,10-03-23-11-22-41-180
28.52,45.33,33.96,51.39,10-03-23-11-22-41-217
28.15,45.70,30.18,52.18,10-03-23-11-22-41-254
27.77,46.10,26.43,53.12,10-03-23-11-22-41-280
27.39,46.62,22.95,54.15,10-03-23-11-22-41-314
26.61,47.27,19.74,55.54,10-03-23-11-22-41-350
26.31,47.95,16.65,56.26,10-03-23-11-22-41-388
25.94,48.99,13.60,57.14,10-03-23-11-22-41-415
27.04,52.86,6.65,57.46,10-03-23-11-22-41-450
27.61,55.38,1.66,57.19,10-03-23-11-22-41-478
26.18,59.86,3.05,57.57,10-03-23-11-22-41-517
22.29,60.78,4.85,61.84,10-03-23-11-22-41-549
21.24,61.80,5.24,63.27,10-03-23-11-22-41-580
22.25,64.20,5.12,61.70,10-03-23-11-22-41-619
22.03,65.79,6.65,62.72,10-03-23-11-22-41-651
21.87,66.72,-4.08,56.83,10-03-23-11-22-41-690
24.96,70.11,-7.83,52.82,10-03-23-11-22-41-716
26.85,71.76,-11.58,49.22,10-03-23-11-22-41-750
27.21,72.50,-12.84,52.58,10-03-23-11-22-41-783
28.92,72.82,-14.14,51.57,10-03-23-11-22-41-816
29.00,73.34,-13.84,52.40,10-03-23-11-22-41-847
35.82,74.48,-23.65,45.80,10-03-23-11-22-41-880
38.40,74.90,-29.45,43.95,10-03-23-11-22-41-915
39.57,75.11,-32.99,43.39,10-03-23-11-22-41-947
40.33,75.25,-35.52,43.04,10-03-23-11-22-41-991
40.87,75.33,-37.40,42.82,10-03-23-11-22-42-015
41.21,75.45,-38.98,42.56,10-03-23-11-22-42-050
41.43,75.53,-40.18,42.34,10-03-23-11-22-42-083
33.01,74.34,-22.96,50.20,10-03-23-11-22-42-123
32.37,73.88,-22.60,50.85,10-03-23-11-22-42-149
32.58,73.46,-23.53,50.54,10-03-23-11-22-42-189
33.34,73.09,-25.32,49.64,10-03-23-11-22-42-216
34.63,73.17,-25.50,47.90,10-03-23-11-22-42-249
28.78,73.78,-15.11,54.28,10-03-23-11-22-42-282
31.63,72.58,-19.75,51.27,10-03-23-11-22-42-316
33.49,72.17,-24.51,50.46,10-03-23-11-22-42-346
26.23,71.03,-13.16,57.41,10-03-23-11-22-42-386
29.40,72.01,-17.38,54.89,10-03-23-11-22-42-416
25.56,71.51,-18.15,60.01,10-03-23-11-22-42-454
25.35,70.83,-13.56,59.46,10-03-23-11-22-42-481
25.65,70.49,-13.57,58.97,10-03-23-11-22-42-519
26.09,70.68,-13.38,58.18,10-03-23-11-22-42-549
25.37,70.04,-12.57,58.32,10-03-23-11-22-42-584
18.29,80.63,1.94,66.14,10-03-23-11-22-42-617
17.18,80.17,3.61,66.79,10-03-23-11-22-42-646
16.67,78.39,4.05,67.15,10-03-23-11-22-42-682
16.71,75.49,3.70,66.81,10-03-23-11-22-42-714
18.49,64.19,0.30,65.07,10-03-23-11-22-42-758
19.78,59.07,-0.92,64.23,10-03-23-11-22-42-785
23.06,51.50,-0.43,60.88,10-03-23-11-22-42-814
24.32,51.23,1.60,58.60,10-03-23-11-22-42-848
25.22,51.83,4.68,56.90,10-03-23-11-22-42-880
25.72,52.47,18.21,57.34,10-03-23-11-22-42-915
26.54,52.64,20.19,56.79,10-03-23-11-22-42-950
27.46,53.28,18.81,55.99,10-03-23-11-22-42-978
28.12,54.03,17.50,55.19,10-03-23-11-22-43-018
28.53,54.81,18.45,54.64,10-03-23-11-22-43-057
28.79,55.76,19.32,54.30,10-03-23-11-22-43-082
28.99,56.70,20.25,54.02,10-03-23-11-22-43-119
28.85,57.45,21.17,54.24,10-03-23-11-22-43-147
28.15,57.77,22.06,55.40,10-03-23-11-22-43-180
27.80,58.10,23.37,55.89,10-03-23-11-22-43-216
27.57,58.37,24.90,56.17,10-03-23-11-22-43-251
27.41,58.58,26.69,56.31,10-03-23-11-22-43-279
27.35,58.70,28.56,56.34,10-03-23-11-22-43-316
27.30,58.80,30.40,56.32,10-03-23-11-22-43-348
27.33,58.82,32.05,56.22,10-03-23-11-22-43-380
27.43,58.75,33.37,56.06,10-03-23-11-22-43-414
27.49,58.62,34.53,55.97,10-03-23-11-22-43-456
27.56,58.48,35.56,55.88,10-03-23-11-22-43-481
27.62,58.33,36.37,55.79,10-03-23-11-22-43-521
27.69,58.17,37.10,55.70,10-03-23-11-22-43-550
27.78,57.98,37.65,55.58,10-03-23-11-22-43-582
27.86,57.83,38.11,55.47,10-03-23-11-22-43-618
27.93,57.69,38.47,55.39,10-03-23-11-22-43-652
27.99,57.59,38.74,55.33,10-03-23-11-22-43-682
27.98,57.42,38.90,55.37,10-03-23-11-22-43-715
28.01,57.26,39.00,55.37,10-03-23-11-22-43-754
28.02,57.12,39.04,55.38,10-03-23-11-22-43-782
26.78,55.69,38.06,57.04,10-03-23-11-22-43-825
26.29,55.15,37.76,57.78,10-03-23-11-22-43-846
26.13,54.84,37.44,58.03,10-03-23-11-22-43-884
26.01,54.60,36.97,58.22,10-03-23-11-22-43-918
25.82,54.29,35.77,58.49,10-03-23-11-22-43-948
25.83,54.08,34.35,58.50,10-03-23-11-22-43-979
25.75,53.88,31.86,58.47,10-03-23-11-22-44-016
25.55,53.56,28.87,58.67,10-03-23-11-22-44-050
25.73,53.42,25.53,58.50,10-03-23-11-22-44-084
24.90,54.63,23.74,59.20,10-03-23-11-22-44-125
24.20,54.78,21.15,59.97,10-03-23-11-22-44-148
24.03,54.91,16.01,60.95,10-03-23-11-22-44-179
24.00,55.15,12.50,59.87,10-03-23-11-22-44-216
23.81,55.79,7.57,60.79,10-03-23-11-22-44-250
23.77,56.32,5.35,59.91,10-03-23-11-22-44-282
23.66,56.83,1.74,59.96,10-03-23-11-22-44-316
22.88,56.56,0.60,61.00,10-03-23-11-22-44-349
19.50,52.74,1.14,65.82,10-03-23-11-22-44-383
18.57,55.64,2.24,66.48,10-03-23-11-22-44-416
18.77,58.67,-5.30,62.00,10-03-23-11-22-44-446
19.09,61.01,-6.88,62.95,10-03-23-11-22-44-483
19.51,62.67,-5.43,65.54,10-03-23-11-22-44-516
19.95,64.04,-4.76,66.58,10-03-23-11-22-44-550
20.28,65.15,-4.43,67.03,10-03-23-11-22-44-588
20.71,65.84,-4.27,67.14,10-03-23-11-22-44-615
21.47,67.29,-3.89,66.51,10-03-23-11-22-44-649
22.13,68.51,-3.48,65.90,10-03-23-11-22-44-683
22.58,69.37,-3.08,65.46,10-03-23-11-22-44-715
32.86,68.93,-22.69,51.66,10-03-23-11-22-44-747
38.07,70.57,-27.23,45.25,10-03-23-11-22-44-781
40.02,70.78,-38.42,44.03,10-03-23-11-22-44-818
41.22,71.05,-45.32,43.75,10-03-23-11-22-44-849
41.83,71.49,-49.21,43.65,10-03-23-11-22-44-901
33.52,72.20,-25.00,48.30,10-03-23-11-22-44-914
33.21,71.12,-26.73,49.03,10-03-23-11-22-44-950
33.29,70.01,-29.04,49.32,10-03-23-11-22-44-980
33.82,69.32,-31.63,49.24,10-03-23-11-22-45-015
34.07,68.99,-33.25,49.12,10-03-23-11-22-45-050
28.23,70.20,-16.31,54.36,10-03-23-11-22-45-081
31.99,73.40,-21.57,50.98,10-03-23-11-22-45-117
25.55,73.71,-23.76,62.52,10-03-23-11-22-45-149
30.53,75.08,-30.95,58.06,10-03-23-11-22-45-193
27.48,76.28,-29.42,61.79,10-03-23-11-22-45-213
25.25,76.99,-28.46,64.49,10-03-23-11-22-45-246
23.72,77.23,-28.27,66.44,10-03-23-11-22-45-280
22.59,77.25,-28.39,67.86,10-03-23-11-22-45-317
21.47,76.39,-28.83,69.25,10-03-23-11-22-45-348
20.42,75.71,-28.82,70.46,10-03-23-11-22-45-383
19.65,74.30,-29.13,71.58,10-03-23-11-22-45-415
19.13,73.21,-29.15,72.50,10-03-23-11-22-45-448
18.78,72.31,-29.18,73.11,10-03-23-11-22-45-483
18.73,71.05,-29.59,73.52,10-03-23-11-22-45-518
19.00,69.41,6.12,62.88,10-03-23-11-22-45-550
19.67,68.07,14.88,63.46,10-03-23-11-22-45-585
22.52,65.53,19.23,60.00,10-03-23-11-22-45-617
24.18,64.39,22.10,59.61,10-03-23-11-22-45-654
25.33,63.68,22.87,58.34,10-03-23-11-22-45-685
26.10,63.22,23.50,57.50,10-03-23-11-22-45-715
25.18,61.08,27.44,59.30,10-03-23-11-22-45-750
25.50,60.16,28.50,59.16,10-03-23-11-22-45-784
25.75,59.48,29.19,58.96,10-03-23-11-22-45-817
26.06,58.84,29.73,58.53,10-03-23-11-22-45-855
26.12,57.91,30.03,58.41,10-03-23-11-22-45-885
26.17,57.17,30.60,58.20,10-03-23-11-22-45-915
26.24,56.60,31.49,57.91,10-03-23-11-22-45-955
26.39,56.09,32.68,57.46,10-03-23-11-22-45-981
26.61,55.52,33.75,56.90,10-03-23-11-22-46-016
26.74,55.08,35.10,56.47,10-03-23-11-22-46-048
26.87,54.75,36.31,56.07,10-03-23-11-22-46-081
26.93,54.51,37.31,55.80,10-03-23-11-22-46-118
27.00,54.34,38.07,55.56,10-03-23-11-22-46-148
27.00,54.19,38.60,55.42,10-03-23-11-22-46-182
26.97,54.03,38.98,55.34,10-03-23-11-22-46-217
26.96,53.88,39.24,55.23,10-03-23-11-22-46-248
26.94,53.64,39.34,55.14,10-03-23-11-22-46-281
26.90,53.44,39.37,55.10,10-03-23-11-22-46-316
26.87,53.29,39.35,55.05,10-03-23-11-22-46-348
26.83,53.09,39.26,55.01,10-03-23-11-22-46-381
26.80,52.90,39.14,54.97,10-03-23-11-22-46-423
26.76,52.74,38.98,54.99,10-03-23-11-22-46-449
26.68,52.58,38.66,55.06,10-03-23-11-22-46-481
26.63,52.45,38.18,55.13,10-03-23-11-22-46-522
27.04,50.65,35.83,54.19,10-03-23-11-22-46-546
27.54,48.78,32.19,52.99,10-03-23-11-22-46-582
27.62,48.26,29.18,52.56,10-03-23-11-22-46-615
25.09,45.57,25.59,56.13,10-03-23-11-22-46-647
23.24,43.60,22.92,58.89,10-03-23-11-22-46-682
20.64,40.20,20.80,62.61,10-03-23-11-22-46-728
19.31,39.22,16.58,63.98,10-03-23-11-22-46-749
17.72,44.16,17.20,64.61,10-03-23-11-22-46-783
17.50,48.41,18.40,63.63,10-03-23-11-22-46-819
17.58,51.57,13.76,64.16,10-03-23-11-22-46-849
17.65,54.01,16.48,61.11,10-03-23-11-22-46-882
17.26,54.01,15.81,60.86,10-03-23-11-22-46-914
16.96,53.61,15.21,61.02,10-03-23-11-22-46-952
16.93,54.00,15.04,60.92,10-03-23-11-22-46-980
19.67,54.26,12.65,57.15,10-03-23-11-22-47-016
20.37,55.27,12.33,56.17,10-03-23-11-22-47-047
23.37,57.84,0.83,55.38,10-03-23-11-22-47-082
24.89,59.03,-6.21,55.99,10-03-23-11-22-47-119
26.11,60.58,-10.43,55.80,10-03-23-11-22-47-149
27.15,61.84,-13.66,55.44,10-03-23-11-22-47-189
27.98,62.77,-13.10,52.38,10-03-23-11-22-47-217
28.91,63.72,-15.59,51.82,10-03-23-11-22-47-251
27.50,63.19,-24.74,43.97,10-03-23-11-22-47-282
26.06,62.73,-13.80,50.42,10-03-23-11-22-47-314
24.31,61.79,-8.61,55.24,10-03-23-11-22-47-350
23.18,61.41,-5.68,58.28,10-03-23-11-22-47-382
22.38,61.12,-3.99,60.48,10-03-23-11-22-47-418
21.82,60.85,-2.85,62.09,10-03-23-11-22-47-452
21.43,60.67,-2.10,63.25,10-03-23-11-22-47-491
21.12,60.44,-1.63,64.17,10-03-23-11-22-47-516
20.91,60.28,-1.33,64.81,10-03-23-11-22-47-550
20.76,60.15,-1.14,65.29,10-03-23-11-22-47-579
20.65,60.06,-1.03,65.63,10-03-23-11-22-47-613
27.90,66.54,-14.71,53.49,10-03-23-11-22-47-649
28.22,67.30,-14.78,52.73,10-03-23-11-22-47-680
29.91,67.83,-20.12,50.52,10-03-23-11-22-47-713
30.92,67.93,-23.41,49.43,10-03-23-11-22-47-748
24.67,67.44,-15.95,49.82,10-03-23-11-22-47-790
28.60,70.03,-21.02,46.78,10-03-23-11-22-47-816
24.39,63.38,-15.13,54.74,10-03-23-11-22-47-849
16.61,73.56,0.64,62.72,10-03-23-11-22-47-884
20.08,71.86,-2.94,58.51,10-03-23-11-22-47-915
18.90,69.38,-20.93,37.03,10-03-23-11-22-47-947
15.96,75.73,-7.01,51.86,10-03-23-11-22-47-982
16.43,72.91,-24.72,33.16,10-03-23-11-22-48-018
14.95,77.30,666.00,28.67,10-03-23-11-22-48-049
13.54,94.72,7.51,55.78,10-03-23-11-22-48-090
15.38,84.35,9.97,63.99,10-03-23-11-22-48-117
16.84,75.24,9.59,65.92,10-03-23-11-22-48-148
17.82,70.73,25.96,70.57,10-03-23-11-22-48-181
19.02,67.23,35.16,70.54,10-03-23-11-22-48-218
19.90,65.10,37.33,70.09,10-03-23-11-22-48-251
20.29,64.06,28.62,65.38,10-03-23-11-22-48-282
20.58,63.31,25.64,63.76,10-03-23-11-22-48-315
21.51,61.62,22.33,61.57,10-03-23-11-22-48-349
22.20,60.47,20.52,60.29,10-03-23-11-22-48-380
22.69,59.61,19.50,59.46,10-03-23-11-22-48-420
23.06,58.96,19.46,58.87,10-03-23-11-22-48-452
23.39,58.33,20.47,58.55,10-03-23-11-22-48-480
23.51,57.41,23.20,58.83,10-03-23-11-22-48-518
23.63,56.62,26.20,59.27,10-03-23-11-22-48-550
23.73,55.99,28.54,59.66,10-03-23-11-22-48-581
24.15,55.25,30.23,59.58,10-03-23-11-22-48-617
24.47,54.74,31.72,59.52,10-03-23-11-22-48-661
24.95,54.39,33.29,59.13,10-03-23-11-22-48-682
25.18,54.04,34.90,58.98,10-03-23-11-22-48-715
25.62,53.49,36.42,58.50,10-03-23-11-22-48-750
25.97,53.03,38.00,58.10,10-03-23-11-22-48-781
26.49,52.30,39.24,57.37,10-03-23-11-22-48-815
27.01,51.65,40.59,56.57,10-03-23-11-22-48-859
27.56,51.06,41.62,55.73,10-03-23-11-22-48-880
27.99,50.39,42.45,55.02,10-03-23-11-22-48-916
28.33,49.81,43.06,54.44,10-03-23-11-22-48-950
28.65,49.19,43.58,53.81,10-03-23-11-22-48-982
28.87,48.72,44.13,53.34,10-03-23-11-22-49-016
28.99,48.29,44.47,53.05,10-03-23-11-22-49-046
29.07,47.91,44.66,52.85,10-03-23-11-22-49-082
29.11,47.51,44.73,52.71,10-03-23-11-22-49-116
29.15,47.16,44.73,52.59,10-03-23-11-22-49-154
29.17,46.82,44.67,52.49,10-03-23-11-22-49-180
29.19,46.53,44.57,52.41,10-03-23-11-22-49-215
29.16,46.24,44.35,52.38,10-03-23-11-22-49-250
29.12,45.99,43.98,52.38,10-03-23-11-22-49-284
29.03,45.66,43.12,52.39,10-03-23-11-22-49-316
28.89,45.49,41.65,52.49,10-03-23-11-22-49-350
28.64,45.17,39.68,52.81,10-03-23-11-22-49-384
28.30,44.86,37.15,53.47,10-03-23-11-22-49-419
28.00,44.59,34.41,54.21,10-03-23-11-22-49-456
27.81,44.35,31.96,54.87,10-03-23-11-22-49-480
27.67,44.15,29.14,55.48,10-03-23-11-22-49-515
27.56,44.01,26.49,56.17,10-03-23-11-22-49-548
27.47,43.89,23.01,56.98,10-03-23-11-22-49-581
27.43,43.84,20.64,57.51,10-03-23-11-22-49-616
27.41,43.81,18.86,57.90,10-03-23-11-22-49-647
27.35,43.90,17.26,58.15,10-03-23-11-22-49-680
26.17,43.02,11.87,60.27,10-03-23-11-22-49-716
26.37,43.87,8.99,59.03,10-03-23-11-22-49-748
26.54,44.80,7.73,58.77,10-03-23-11-22-49-782
27.02,45.93,6.58,57.99,10-03-23-11-22-49-815
27.21,46.52,8.02,56.56,10-03-23-11-22-49-848
27.21,46.92,6.04,57.01,10-03-23-11-22-49-882
27.18,47.40,5.33,57.03,10-03-23-11-22-49-923
27.13,47.93,4.85,57.07,10-03-23-11-22-49-949
27.05,48.27,4.47,57.24,10-03-23-11-22-49-983
27.14,48.71,4.11,57.22,10-03-23-11-22-50-014
27.28,49.16,-0.66,58.29,10-03-23-11-22-50-050
27.51,49.84,-1.24,58.21,10-03-23-11-22-50-084
28.08,50.23,-5.02,58.48,10-03-23-11-22-50-116
28.59,50.59,-7.23,58.09,10-03-23-11-22-50-148
29.15,53.84,-9.58,54.99,10-03-23-11-22-50-183
30.73,46.13,-18.78,57.36,10-03-23-11-22-50-222
33.31,50.17,-32.12,51.02,10-03-23-11-22-50-248
34.84,52.88,-37.71,47.83,10-03-23-11-22-50-282
35.75,54.56,-41.32,45.94,10-03-23-11-22-50-317
36.21,56.46,-43.09,44.16,10-03-23-11-22-50-348
36.46,57.83,-42.17,45.14,10-03-23-11-22-50-384
36.78,61.86,-39.81,41.37,10-03-23-11-22-50-415
37.11,63.37,-38.20,42.31,10-03-23-11-22-50-449
28.74,60.60,-17.38,53.53,10-03-23-11-22-50-486
29.64,61.07,-18.05,52.28,10-03-23-11-22-50-526
30.56,45.59,-26.90,61.61,10-03-23-11-22-50-548
31.41,50.84,-26.95,58.75,10-03-23-11-22-50-584
31.85,46.95,-55.51,51.41,10-03-23-11-22-50-619
32.08,44.19,-45.40,57.02,10-03-23-11-22-50-649
32.13,43.27,-37.19,60.35,10-03-23-11-22-50-682
31.35,45.25,-30.12,60.42,10-03-23-11-22-50-717
30.42,47.24,-25.12,60.41,10-03-23-11-22-50-751
29.91,48.87,-21.15,60.41,10-03-23-11-22-50-786
27.82,51.67,-14.45,60.91,10-03-23-11-22-50-828
26.59,53.33,-10.86,61.47,10-03-23-11-22-50-849
26.07,54.19,-7.88,61.74,10-03-23-11-22-50-887
25.72,54.92,-4.91,61.66,10-03-23-11-22-50-918
25.49,55.50,2.45,59.89,10-03-23-11-22-50-950
26.75,55.84,14.07,54.31,10-03-23-11-22-50-981
22.96,50.35,16.56,60.32,10-03-23-11-22-51-015
26.42,51.36,15.43,56.87,10-03-23-11-22-51-048
24.93,47.75,17.33,60.61,10-03-23-11-22-51-085
24.51,46.30,18.76,62.09,10-03-23-11-22-51-116
24.41,45.52,19.80,62.79,10-03-23-11-22-51-148
24.37,44.94,21.65,62.88,10-03-23-11-22-51-181
24.80,44.62,22.72,62.29,10-03-23-11-22-51-217
25.61,44.51,23.94,61.19,10-03-23-11-22-51-249
26.48,44.61,26.02,60.17,10-03-23-11-22-51-292
27.07,44.61,28.00,59.51,10-03-23-11-22-51-315
27.55,44.58,30.47,58.99,10-03-23-11-22-51-347
28.00,44.68,32.84,58.52,10-03-23-11-22-51-381
28.36,44.75,35.22,58.12,10-03-23-11-22-51-421
28.74,44.73,37.36,57.68,10-03-23-11-22-51-449
29.08,44.60,40.57,57.39,10-03-23-11-22-51-483
29.43,44.36,42.21,56.94,10-03-23-11-22-51-518
29.70,44.15,43.46,56.54,10-03-23-11-22-51-548
29.97,43.90,44.35,56.10,10-03-23-11-22-51-579
30.26,43.50,44.83,55.54,10-03-23-11-22-51-616
30.53,43.17,45.05,55.04,10-03-23-11-22-51-650
30.69,42.87,45.08,54.65,10-03-23-11-22-51-681
30.80,42.58,44.95,54.33,10-03-23-11-22-51-721
30.88,42.35,44.74,54.07,10-03-23-11-22-51-750
30.94,42.19,44.48,53.85,10-03-23-11-22-51-784
30.99,42.06,44.15,53.65,10-03-23-11-22-51-817
31.03,41.98,43.80,53.50,10-03-23-11-22-51-847
30.70,41.54,43.13,53.99,10-03-23-11-22-51-880
30.65,41.45,42.55,54.04,10-03-23-11-22-51-918
30.59,41.49,41.50,54.13,10-03-23-11-22-51-950
30.53,41.54,39.94,54.31,10-03-23-11-22-51-982
30.47,41.62,38.35,54.53,10-03-23-11-22-52-018
30.22,41.86,36.41,55.07,10-03-23-11-22-52-052
28.75,41.12,33.69,57.20,10-03-23-11-22-52-080
27.24,40.04,31.33,59.36,10-03-23-11-22-52-118
26.74,39.82,28.10,60.16,10-03-23-11-22-52-148
26.41,39.84,25.14,60.75,10-03-23-11-22-52-181
26.14,40.24,21.95,61.06,10-03-23-11-22-52-213
25.85,41.24,19.53,61.24,10-03-23-11-22-52-251
24.22,41.05,16.19,62.48,10-03-23-11-22-52-283
23.47,41.83,10.99,62.77,10-03-23-11-22-52-319
23.81,44.30,8.38,61.19,10-03-23-11-22-52-353
24.47,47.24,3.56,59.02,10-03-23-11-22-52-380
24.97,49.59,-0.43,58.52,10-03-23-11-22-52-417
25.24,51.23,-1.83,57.93,10-03-23-11-22-52-449
25.42,52.67,-3.27,57.31,10-03-23-11-22-52-483
25.51,53.78,-7.63,56.27,10-03-23-11-22-52-517
25.39,54.59,-8.44,56.11,10-03-23-11-22-52-551
21.60,66.17,0.58,57.28,10-03-23-11-22-52-589
21.75,68.88,0.28,57.16,10-03-23-11-22-52-615
22.19,70.35,-0.71,57.03,10-03-23-11-22-52-654
22.64,70.64,-5.73,59.31,10-03-23-11-22-52-682
22.87,70.24,-7.35,60.01,10-03-23-11-22-52-715
22.87,69.97,-8.22,60.61,10-03-23-11-22-52-746
26.32,69.75,-14.18,56.30,10-03-23-11-22-52-782
25.64,66.65,-13.84,59.02,10-03-23-11-22-52-814
34.36,68.37,-29.24,54.57,10-03-23-11-22-52-849
32.63,68.27,-24.67,55.01,10-03-23-11-22-52-882
34.11,69.95,-26.46,52.62,10-03-23-11-22-52-913
30.15,67.65,-21.10,57.04,10-03-23-11-22-52-958
35.56,70.84,-29.42,53.11,10-03-23-11-22-52-982
29.60,67.72,-23.88,59.65,10-03-23-11-22-53-016
31.18,68.26,-26.09,58.21,10-03-23-11-22-53-048
25.72,64.90,-15.85,59.94,10-03-23-11-22-53-079
30.44,67.77,-23.09,56.26,10-03-23-11-22-53-118
27.21,66.99,-14.24,56.10,10-03-23-11-22-53-148
31.62,69.88,-21.62,53.16,10-03-23-11-22-53-181
27.40,67.20,-15.44,57.08,10-03-23-11-22-53-215
27.21,66.95,-14.15,56.53,10-03-23-11-22-53-256
26.48,66.65,-12.07,56.89,10-03-23-11-22-53-279
25.79,66.49,-10.74,57.51,10-03-23-11-22-53-318
24.40,65.96,-8.93,59.25,10-03-23-11-22-53-351
23.42,65.64,-7.67,60.49,10-03-23-11-22-53-387
21.55,66.66,-7.07,63.75,10-03-23-11-22-53-419
20.14,67.03,-4.83,67.99,10-03-23-11-22-53-448
19.27,67.38,-2.46,72.77,10-03-23-11-22-53-480
18.58,67.25,-1.60,75.05,10-03-23-11-22-53-515
17.92,66.61,-1.12,76.78,10-03-23-11-22-53-548
17.56,66.52,-0.78,77.77,10-03-23-11-22-53-582
17.32,66.42,0.89,63.39,10-03-23-11-22-53-613
16.19,64.84,3.28,65.95,10-03-23-11-22-53-648
15.39,63.35,4.48,66.10,10-03-23-11-22-53-682
14.84,61.90,10.74,65.69,10-03-23-11-22-53-724
15.51,60.64,12.27,64.17,10-03-23-11-22-53-748
16.19,59.81,13.22,62.77,10-03-23-11-22-53-784
16.82,59.33,15.12,62.57,10-03-23-11-22-53-818
17.44,58.88,16.66,66.26,10-03-23-11-22-53-846
19.36,57.94,17.83,64.98,10-03-23-11-22-53-880
20.66,57.73,20.59,64.39,10-03-23-11-22-53-915
21.46,57.66,22.31,63.95,10-03-23-11-22-53-950
21.86,57.53,23.37,63.82,10-03-23-11-22-53-980
22.11,57.38,24.05,63.77,10-03-23-11-22-54-020
22.15,57.02,24.50,63.96,10-03-23-11-22-54-050
22.22,56.97,25.05,63.94,10-03-23-11-22-54-081
22.19,56.89,25.76,63.94,10-03-23-11-22-54-115
21.81,56.30,26.80,64.33,10-03-23-11-22-54-149
21.66,56.12,28.37,64.27,10-03-23-11-22-54-181
21.64,55.90,29.98,64.05,10-03-23-11-22-54-214
21.81,55.64,31.33,63.68,10-03-23-11-22-54-248
21.86,55.67,32.85,63.43,10-03-23-11-22-54-280
21.86,55.87,34.56,63.35,10-03-23-11-22-54-325
21.98,55.87,35.86,63.15,10-03-23-11-22-54-350
22.28,55.75,36.82,62.79,10-03-23-11-22-54-380
22.31,55.16,37.37,62.79,10-03-23-11-22-54-419
22.28,54.42,37.63,62.88,10-03-23-11-22-54-451
22.27,53.83,37.81,62.93,10-03-23-11-22-54-481
22.25,53.29,37.90,63.00,10-03-23-11-22-54-519
22.33,52.79,37.94,62.92,10-03-23-11-22-54-547
22.39,52.35,37.94,62.87,10-03-23-11-22-54-582
22.49,51.98,37.92,62.77,10-03-23-11-22-54-618
22.60,51.72,37.91,62.66,10-03-23-11-22-54-649
22.73,51.56,37.91,62.53,10-03-23-11-22-54-681
22.80,51.36,37.83,62.47,10-03-23-11-22-54-716
23.22,51.00,37.49,62.03,10-03-23-11-22-54-751
23.57,50.69,36.93,61.71,10-03-23-11-22-54-790
23.88,50.36,36.04,61.48,10-03-23-11-22-54-816
23.16,47.14,33.65,62.61,10-03-23-11-22-54-852
23.17,46.44,32.35,62.91,10-03-23-11-22-54-882
23.11,45.66,30.43,63.31,10-03-23-11-22-54-918
23.08,45.12,28.58,63.81,10-03-23-11-22-54-949
23.86,45.45,26.62,63.15,10-03-23-11-22-54-982
24.59,45.83,24.61,62.42,10-03-23-11-22-55-015
24.85,45.81,22.08,62.49,10-03-23-11-22-55-045
24.80,45.32,18.73,63.29,10-03-23-11-22-55-093
24.55,44.47,16.02,64.24,10-03-23-11-22-55-115
24.43,43.97,10.86,65.54,10-03-23-11-22-55-149
24.26,43.41,8.46,66.43,10-03-23-11-22-55-185
17.75,-0.36,9.24,84.03,10-03-23-11-22-55-214
19.90,33.77,7.26,72.08,10-03-23-11-22-55-251
25.54,45.27,-5.88,58.47,10-03-23-11-22-55-285
30.48,41.27,-17.02,62.78,10-03-23-11-22-55-316
32.85,40.25,-23.91,63.54,10-03-23-11-22-55-349
34.26,39.12,-27.75,64.90,10-03-23-11-22-55-381
35.17,38.51,-30.11,65.81,10-03-23-11-22-55-416
35.72,38.03,-31.58,66.57,10-03-23-11-22-55-450
35.92,37.43,-32.30,67.39,10-03-23-11-22-55-486
27.51,49.03,-21.36,62.56,10-03-23-11-22-55-513
16.42,85.95,1.40,69.61,10-03-23-11-22-55-557
18.19,74.65,-6.17,63.92,10-03-23-11-22-55-582
26.92,79.92,-9.84,52.97,10-03-23-11-22-55-613
30.74,56.20,-31.19,59.21,10-03-23-11-22-55-654
35.36,59.91,-39.50,54.14,10-03-23-11-22-55-682
32.86,57.11,-34.24,57.50,10-03-23-11-22-55-716
34.64,54.92,-38.57,58.29,10-03-23-11-22-55-746
35.73,53.46,-41.12,59.14,10-03-23-11-22-55-782
36.28,52.57,-42.35,59.80,10-03-23-11-22-55-816
37.73,56.62,-44.10,56.45,10-03-23-11-22-55-852
37.82,54.76,-42.95,57.47,10-03-23-11-22-55-880
29.46,53.81,-27.41,62.49,10-03-23-11-22-55-914
29.42,57.69,-24.83,61.15,10-03-23-11-22-55-948
26.48,58.76,-19.17,63.50,10-03-23-11-22-55-983
27.78,63.58,-18.23,60.16,10-03-23-11-22-56-015
24.34,61.59,-18.75,64.06,10-03-23-11-22-56-047
25.21,63.15,-17.41,62.34,10-03-23-11-22-56-083
24.28,63.28,-15.28,62.99,10-03-23-11-22-56-116
23.56,63.17,-13.74,63.60,10-03-23-11-22-56-158
22.91,62.77,-12.59,64.24,10-03-23-11-22-56-181
21.41,65.01,-6.78,65.46,10-03-23-11-22-56-218
20.45,65.45,-5.06,65.74,10-03-23-11-22-56-250
19.73,65.31,-4.11,65.99,10-03-23-11-22-56-283
16.01,75.51,1.68,71.00,10-03-23-11-22-56-317
15.97,73.05,2.39,70.74,10-03-23-11-22-56-347
16.34,69.58,3.56,70.91,10-03-23-11-22-56-382
16.65,65.74,5.92,64.11,10-03-23-11-22-56-422
16.95,62.24,8.47,64.46,10-03-23-11-22-56-461
17.41,59.08,8.76,64.18,10-03-23-11-22-56-487
18.12,57.49,8.87,63.68,10-03-23-11-22-56-519
18.65,56.65,20.95,64.93,10-03-23-11-22-56-559
19.27,56.04,28.14,65.53,10-03-23-11-22-56-582
20.25,55.94,29.48,64.77,10-03-23-11-22-56-616
20.94,55.80,30.24,63.88,10-03-23-11-22-56-648
21.49,55.70,29.63,62.91,10-03-23-11-22-56-682
21.81,55.91,28.87,62.54,10-03-23-11-22-56-716
19.01,46.89,25.33,66.59,10-03-23-11-22-56-747
21.08,47.84,24.29,64.79,10-03-23-11-22-56-781
22.56,48.86,24.00,63.35,10-03-23-11-22-56-818
23.42,49.48,24.42,62.43,10-03-23-11-22-56-848
23.54,50.85,26.12,61.82,10-03-23-11-22-56-882
23.50,51.27,27.55,61.54,10-03-23-11-22-56-917
23.69,51.59,29.11,61.19,10-03-23-11-22-56-946
23.84,51.82,30.69,60.96,10-03-23-11-22-56-981
23.88,51.79,32.13,60.85,10-03-23-11-22-57-025
23.93,51.79,33.54,60.74,10-03-23-11-22-57-047
23.97,51.75,34.75,60.61,10-03-23-11-22-57-080
24.19,51.51,35.78,60.22,10-03-23-11-22-57-116
24.39,51.29,36.80,59.83,10-03-23-11-22-57-149
24.86,51.01,37.73,59.08,10-03-23-11-22-57-181
25.36,50.81,38.67,58.22,10-03-23-11-22-57-227
25.67,50.51,39.44,57.64,10-03-23-11-22-57-251
25.94,50.10,40.03,57.12,10-03-23-11-22-57-281
26.13,49.60,40.41,56.76,10-03-23-11-22-57-317
26.29,49.17,40.69,56.46,10-03-23-11-22-57-351
26.45,48.88,41.02,56.19,10-03-23-11-22-57-380
26.58,48.65,41.30,55.96,10-03-23-11-22-57-418
26.70,48.47,41.52,55.77,10-03-23-11-22-57-447
26.79,48.30,41.69,55.62,10-03-23-11-22-57-481
26.85,48.16,41.82,55.53,10-03-23-11-22-57-516
26.90,48.04,41.91,55.46,10-03-23-11-22-57-548
26.94,47.94,41.98,55.40,10-03-23-11-22-57-583
26.98,47.83,42.01,55.34,10-03-23-11-22-57-616
27.02,47.74,42.01,55.29,10-03-23-11-22-57-651
27.04,47.67,42.00,55.27,10-03-23-11-22-57-688
27.06,47.62,41.93,55.28,10-03-23-11-22-57-715
27.07,47.57,41.72,55.32,10-03-23-11-22-57-749
27.07,47.48,41.22,55.36,10-03-23-11-22-57-783
26.70,47.16,39.80,55.96,10-03-23-11-22-57-817
26.36,46.86,37.39,56.45,10-03-23-11-22-57-847
26.02,46.60,35.07,56.94,10-03-23-11-22-57-881
25.78,46.52,32.28,57.41,10-03-23-11-22-57-916
25.55,46.43,29.77,57.85,10-03-23-11-22-57-957
25.38,46.35,26.95,58.04,10-03-23-11-22-57-991
25.24,46.31,23.42,58.28,10-03-23-11-22-58-013
25.12,46.29,20.60,58.78,10-03-23-11-22-58-050
25.11,46.32,12.86,58.97,10-03-23-11-22-58-081
25.12,46.44,9.96,59.02,10-03-23-11-22-58-118
25.16,46.67,7.91,59.54,10-03-23-11-22-58-150
25.20,46.94,6.79,59.73,10-03-23-11-22-58-185
25.31,47.49,4.10,59.68,10-03-23-11-22-58-216
25.35,48.10,3.16,59.46,10-03-23-11-22-58-252
26.62,45.81,-7.17,56.83,10-03-23-11-22-58-282
27.88,45.48,-11.94,59.77,10-03-23-11-22-58-317
28.03,45.90,-12.89,60.49,10-03-23-11-22-58-352
26.63,49.50,-10.18,60.44,10-03-23-11-22-58-381
25.49,51.75,-8.53,60.89,10-03-23-11-22-58-415
24.41,53.47,-8.20,61.61,10-03-23-11-22-58-453
21.02,65.54,-0.64,62.10,10-03-23-11-22-58-481
15.04,93.17,8.79,73.36,10-03-23-11-22-58-515
13.96,108.61,9.48,77.30,10-03-23-11-22-58-549
13.16,113.52,8.46,81.56,10-03-23-11-22-58-587
12.82,116.20,7.67,83.28,10-03-23-11-22-58-613
17.98,86.05,-1.91,62.93,10-03-23-11-22-58-648
30.84,73.44,-20.11,45.91,10-03-23-11-22-58-680
32.90,64.25,-28.09,48.22,10-03-23-11-22-58-713
37.17,63.45,-37.43,46.03,10-03-23-11-22-58-747
39.67,63.56,-42.82,45.44,10-03-23-11-22-58-782
32.07,60.32,-29.20,54.60,10-03-23-11-22-58-816
33.69,60.03,-32.28,54.43,10-03-23-11-22-58-852
35.09,60.53,-34.86,57.65,10-03-23-11-22-58-880
28.39,65.55,-15.93,57.94,10-03-23-11-22-58-919
30.19,60.08,-22.04,57.52,10-03-23-11-22-58-951
32.13,60.62,-25.14,56.14,10-03-23-11-22-58-983
29.04,59.58,-21.56,58.04,10-03-23-11-22-59-014
32.49,65.50,-24.83,52.06,10-03-23-11-22-59-050
29.17,62.50,-22.27,56.83,10-03-23-11-22-59-082
30.70,63.20,-24.49,54.70,10-03-23-11-22-59-114
32.62,62.24,-26.98,56.09,10-03-23-11-22-59-149
33.51,61.74,-27.98,56.59,10-03-23-11-22-59-181
34.28,61.18,-29.07,56.31,10-03-23-11-22-59-220
23.20,64.37,-34.70,51.67,10-03-23-11-22-59-246
17.07,68.22,-12.59,62.62,10-03-23-11-22-59-282
14.78,69.97,-11.22,62.85,10-03-23-11-22-59-317
13.49,70.58,-7.19,65.85,10-03-23-11-22-59-348
12.67,71.02,-4.34,68.65,10-03-23-11-22-59-378
12.50,70.22,-3.11,69.78,10-03-23-11-22-59-420
17.69,63.19,-4.91,67.20,10-03-23-11-22-59-450
19.44,61.22,0.54,66.59,10-03-23-11-22-59-482
20.79,60.31,0.91,66.00,10-03-23-11-22-59-527
21.54,59.92,1.60,65.81,10-03-23-11-22-59-550
22.07,59.78,19.15,68.06,10-03-23-11-22-59-588
22.57,59.86,22.57,61.26,10-03-23-11-22-59-615
23.01,60.02,36.04,61.77,10-03-23-11-22-59-647
23.35,60.13,38.58,61.20,10-03-23-11-22-59-681
23.58,59.94,37.05,60.75,10-03-23-11-22-59-715
18.33,46.12,22.66,68.71,10-03-23-11-22-59-746
17.62,45.89,20.10,70.06,10-03-23-11-22-59-783
24.14,52.02,13.76,63.45,10-03-23-11-22-59-826
24.52,51.80,12.19,63.44,10-03-23-11-22-59-849
16.69,26.41,11.96,76.37,10-03-23-11-22-59-885
19.90,41.72,12.89,69.37,10-03-23-11-22-59-915
22.26,48.69,15.67,65.27,10-03-23-11-22-59-955
24.06,52.13,19.18,62.62,10-03-23-11-22-59-981
24.79,53.80,22.55,61.35,10-03-23-11-23-00-019
25.43,54.92,25.91,60.48,10-03-23-11-23-00-050
25.67,55.18,28.19,60.34,10-03-23-11-23-00-082
25.13,56.42,30.90,61.43,10-03-23-11-23-00-118
25.50,56.48,32.32,61.32,10-03-23-11-23-00-147
25.84,56.26,33.56,61.20,10-03-23-11-23-00-182
26.09,55.90,34.57,61.07,10-03-23-11-23-00-215
26.17,55.71,35.49,60.96,10-03-23-11-23-00-248
26.16,55.35,36.10,60.97,10-03-23-11-23-00-289
25.31,53.09,35.53,61.97,10-03-23-11-23-00-315
25.25,51.44,35.22,62.04,10-03-23-11-23-00-348
25.34,50.17,35.00,61.90,10-03-23-11-23-00-379
25.44,49.31,34.93,61.75,10-03-23-11-23-00-414
25.66,48.64,34.86,61.44,10-03-23-11-23-00-449
25.85,48.09,34.81,61.17,10-03-23-11-23-00-480
26.00,47.72,34.78,60.95,10-03-23-11-23-00-512
26.13,47.41,34.80,60.73,10-03-23-11-23-00-548
26.09,47.06,34.79,60.74,10-03-23-11-23-00-590
25.57,45.98,34.50,61.42,10-03-23-11-23-00-615
25.33,45.55,34.47,61.69,10-03-23-11-23-00-647
25.19,45.37,34.52,61.83,10-03-23-11-23-00-683
25.06,45.29,34.54,61.94,10-03-23-11-23-00-717
24.94,45.27,34.52,62.02,10-03-23-11-23-00-749
24.88,45.37,34.44,62.04,10-03-23-11-23-00-784
24.79,45.27,33.98,62.11,10-03-23-11-23-00-815
24.74,45.32,33.10,62.17,10-03-23-11-23-00-848
24.56,45.98,31.21,62.31,10-03-23-11-23-00-892
24.62,46.34,29.31,62.22,10-03-23-11-23-00-916
24.56,47.18,27.89,62.14,10-03-23-11-23-00-948
24.58,48.11,26.07,62.01,10-03-23-11-23-00-982
24.74,49.11,24.42,61.72,10-03-23-11-23-01-014
23.33,47.80,22.43,63.47,10-03-23-11-23-01-047
23.33,49.21,20.51,63.44,10-03-23-11-23-01-083
23.83,50.89,19.20,62.78,10-03-23-11-23-01-117
24.28,52.15,17.63,62.21,10-03-23-11-23-01-147
19.70,65.35,29.89,73.21,10-03-23-11-23-01-195
18.41,65.34,18.13,64.98,10-03-23-11-23-01-217
18.08,64.56,13.65,62.22,10-03-23-11-23-01-249
18.04,62.94,10.37,61.02,10-03-23-11-23-01-281
19.60,62.75,2.67,62.66,10-03-23-11-23-01-315
20.21,63.88,0.97,63.13,10-03-23-11-23-01-350
20.51,64.54,0.44,64.12,10-03-23-11-23-01-380
21.95,65.74,-2.30,63.81,10-03-23-11-23-01-416
21.44,64.02,-4.06,65.69,10-03-23-11-23-01-450
20.76,64.29,-4.19,66.86,10-03-23-11-23-01-485
24.93,70.52,-12.39,55.19,10-03-23-11-23-01-516
25.23,71.19,-29.92,41.60,10-03-23-11-23-01-548
25.69,71.71,-20.59,51.97,10-03-23-11-23-01-582
32.00,75.13,-22.17,45.19,10-03-23-11-23-01-617
30.00,73.51,-24.93,43.37,10-03-23-11-23-01-657
28.06,71.87,-5.85,71.03,10-03-23-11-23-01-682
26.62,70.53,1.91,87.89,10-03-23-11-23-01-714
25.60,69.38,4.98,94.19,10-03-23-11-23-01-747
24.83,68.52,6.53,97.54,10-03-23-11-23-01-783
24.30,67.86,7.49,99.36,10-03-23-11-23-01-820
23.85,67.39,-4.94,79.90,10-03-23-11-23-01-850
23.55,67.04,-3.25,82.01,10-03-23-11-23-01-879
30.99,70.78,-19.45,57.12,10-03-23-11-23-01-919
35.21,70.31,-41.73,41.97,10-03-23-11-23-01-960
36.62,63.77,-53.81,44.32,10-03-23-11-23-01-985
30.66,64.31,-39.16,44.36,10-03-23-11-23-02-014
27.52,64.73,-30.57,49.52,10-03-23-11-23-02-048
25.72,65.08,-20.85,55.34,10-03-23-11-23-02-083
24.33,65.92,-16.48,57.95,10-03-23-11-23-02-116
23.44,66.53,-13.69,59.82,10-03-23-11-23-02-149
22.88,66.86,-11.80,61.37,10-03-23-11-23-02-183
22.45,67.13,-11.03,62.93,10-03-23-11-23-02-216
22.17,67.58,-10.11,63.70,10-03-23-11-23-02-258
21.94,67.91,-9.43,64.27,10-03-23-11-23-02-279
21.74,68.38,-8.77,64.66,10-03-23-11-23-02-315
21.59,68.76,-8.73,64.35,10-03-23-11-23-02-351
21.42,69.01,-8.34,64.61,10-03-23-11-23-02-385
20.06,71.07,-3.46,66.28,10-03-23-11-23-02-413
16.45,80.91,3.96,73.59,10-03-23-11-23-02-451
15.66,83.78,6.04,75.29,10-03-23-11-23-02-483
15.04,86.31,7.66,76.82,10-03-23-11-23-02-516
14.24,87.10,11.74,77.66,10-03-23-11-23-02-561
13.79,87.94,13.91,79.44,10-03-23-11-23-02-584
18.80,74.11,13.39,69.21,10-03-23-11-23-02-614
20.26,70.38,13.90,65.73,10-03-23-11-23-02-651
20.97,68.71,16.47,65.90,10-03-23-11-23-02-683
21.41,66.80,18.11,65.30,10-03-23-11-23-02-715
23.61,63.65,17.77,62.48,10-03-23-11-23-02-750
24.07,62.86,21.97,62.12,10-03-23-11-23-02-786
24.71,62.19,23.26,61.36,10-03-23-11-23-02-815
25.12,61.70,24.03,60.80,10-03-23-11-23-02-849
25.54,61.22,24.54,60.38,10-03-23-11-23-02-880
25.36,60.14,24.61,60.83,10-03-23-11-23-02-918
25.34,59.21,24.94,60.95,10-03-23-11-23-02-948
25.28,58.46,25.67,61.05,10-03-23-11-23-02-981
24.43,56.18,25.85,62.35,10-03-23-11-23-03-021
24.11,54.88,27.46,62.63,10-03-23-11-23-03-050
24.02,54.04,29.09,62.64,10-03-23-11-23-03-083
23.89,53.15,30.55,62.73,10-03-23-11-23-03-116
23.85,52.48,31.68,62.66,10-03-23-11-23-03-151
23.82,51.96,32.78,62.56,10-03-23-11-23-03-180
23.82,51.55,33.63,62.46,10-03-23-11-23-03-216
22.85,48.38,33.24,63.81,10-03-23-11-23-03-251
22.42,46.85,33.54,64.34,10-03-23-11-23-03-283
22.24,45.98,33.94,64.49,10-03-23-11-23-03-327
22.11,45.36,34.25,64.58,10-03-23-11-23-03-350
21.98,44.76,34.46,64.68,10-03-23-11-23-03-381
21.91,44.41,34.67,64.72,10-03-23-11-23-03-419
21.85,44.12,34.80,64.76,10-03-23-11-23-03-451
21.92,44.22,34.98,64.61,10-03-23-11-23-03-483
21.91,44.72,35.33,64.43,10-03-23-11-23-03-518
21.95,45.10,35.56,64.26,10-03-23-11-23-03-547
22.19,45.54,35.71,63.80,10-03-23-11-23-03-583
22.26,45.68,35.75,63.65,10-03-23-11-23-03-630
22.32,45.78,35.75,63.54,10-03-23-11-23-03-650
22.39,45.94,35.74,63.43,10-03-23-11-23-03-682
22.81,46.41,35.69,62.98,10-03-23-11-23-03-717
23.11,46.68,35.56,62.66,10-03-23-11-23-03-751
23.43,47.02,35.41,62.32,10-03-23-11-23-03-783
23.20,48.16,35.85,62.65,10-03-23-11-23-03-817
23.24,48.42,35.70,62.64,10-03-23-11-23-03-848
23.26,48.60,35.48,62.64,10-03-23-11-23-03-881
23.28,48.74,35.26,62.65,10-03-23-11-23-03-916
23.31,48.85,35.04,62.65,10-03-23-11-23-03-949
23.34,48.93,34.85,62.65,10-03-23-11-23-03-981
23.40,49.04,34.68,62.62,10-03-23-11-23-04-020
23.46,49.14,34.50,62.60,10-03-23-11-23-04-053
23.61,49.27,34.33,62.48,10-03-23-11-23-04-094
23.76,49.34,34.18,62.38,10-03-23-11-23-04-127
23.88,49.39,34.05,62.30,10-03-23-11-23-04-157
23.98,49.44,33.93,62.23,10-03-23-11-23-04-182
24.11,49.48,33.83,62.13,10-03-23-11-23-04-218
24.26,49.55,33.75,61.98,10-03-23-11-23-04-255
24.21,49.24,33.52,62.04,10-03-23-11-23-04-284
23.85,48.44,33.10,62.39,10-03-23-11-23-04-317
23.46,47.62,32.73,62.62,10-03-23-11-23-04-350
21.13,40.41,30.41,64.71,10-03-23-11-23-04-384
21.04,41.86,31.36,61.01,10-03-23-11-23-04-416
22.52,42.51,31.48,54.27,10-03-23-11-23-04-449
24.50,43.28,31.29,47.26,10-03-23-11-23-04-480
26.34,43.73,30.46,39.80,10-03-23-11-23-04-516
28.05,43.83,666.00,27.56,10-03-23-11-23-04-557
29.94,43.74,666.00,20.14,10-03-23-11-23-04-580
31.01,43.71,666.00,13.76,10-03-23-11-23-04-615
31.70,43.41,666.00,8.42,10-03-23-11-23-04-649
31.95,43.33,666.00,3.63,10-03-23-11-23-04-679
31.65,43.26,666.00,2.63,10-03-23-11-23-04-717
30.85,43.28,666.00,2.37,10-03-23-11-23-04-745
29.38,43.42,666.00,1.90,10-03-23-11-23-04-790
27.27,43.41,666.00,2.51,10-03-23-11-23-04-815
20.23,40.91,666.00,8.08,10-03-23-11-23-05-299
17.22,38.40,666.00,9.13,10-03-23-11-23-05-312
15.61,36.90,666.00,9.88,10-03-23-11-23-05-325
14.55,35.69,666.00,10.25,10-03-23-11-23-05-350
13.76,34.67,666.00,10.37,10-03-23-11-23-05-384
13.28,33.40,666.00,10.27,10-03-23-11-23-05-416
13.02,32.28,666.00,10.03,10-03-23-11-23-05-451
13.67,26.17,666.00,7.89,10-03-23-11-23-05-485
14.29,21.87,666.00,6.70,10-03-23-11-23-05-517
14.76,18.94,666.00,6.28,10-03-23-11-23-05-550
14.91,17.47,666.00,6.33,10-03-23-11-23-05-590
14.88,16.68,666.00,6.50,10-03-23-11-23-05-616
15.19,14.78,666.00,7.00,10-03-23-11-23-05-651
14.96,14.43,666.00,7.35,10-03-23-11-23-05-683
14.71,14.43,666.00,7.68,10-03-23-11-23-05-716
14.56,14.78,666.00,7.94,10-03-23-11-23-05-749
14.33,15.29,666.00,8.18,10-03-23-11-23-05-784
13.84,16.90,666.00,8.42,10-03-23-11-23-05-815
13.49,19.19,666.00,8.54,10-03-23-11-23-05-847
13.30,21.10,666.00,8.98,10-03-23-11-23-05-900
13.27,22.57,666.00,9.41,10-03-23-11-23-05-920
13.17,24.37,666.00,9.69,10-03-23-11-23-05-947
13.02,26.11,666.00,9.89,10-03-23-11-23-06-030
12.95,27.21,666.00,10.01,10-03-23-11-23-06-052
12.94,27.71,666.00,10.10,10-03-23-11-23-06-080
13.00,27.84,666.00,10.12,10-03-23-11-23-06-117
13.39,25.85,666.00,9.83,10-03-23-11-23-06-151
13.66,24.28,666.00,9.67,10-03-23-11-23-06-184
13.74,23.62,666.00,9.60,10-03-23-11-23-06-214
13.73,23.36,666.00,9.50,10-03-23-11-23-06-250
13.65,23.34,666.00,9.43,10-03-23-11-23-06-279
13.58,22.82,666.00,9.42,10-03-23-11-23-06-314
13.53,22.30,666.00,9.44,10-03-23-11-23-06-360
13.45,21.96,666.00,9.50,10-03-23-11-23-06-383
13.34,21.21,666.00,9.57,10-03-23-11-23-06-414
13.28,20.19,666.00,9.64,10-03-23-11-23-06-451
13.24,19.28,666.00,9.71,10-03-23-11-23-06-483
13.41,17.52,666.00,9.77,10-03-23-11-23-06-522
13.54,16.29,666.00,9.85,10-03-23-11-23-06-556
13.69,15.20,666.00,9.87,10-03-23-11-23-06-582
13.81,14.19,666.00,9.84,10-03-23-11-23-06-615
13.89,13.22,666.00,9.80,10-03-23-11-23-06-658
13.94,12.39,666.00,9.74,10-03-23-11-23-06-683
13.96,11.58,666.00,9.70,10-03-23-11-23-06-716
13.98,10.67,666.00,9.70,10-03-23-11-23-06-749
13.97,9.74,666.00,9.70,10-03-23-11-23-06-783
13.95,9.09,666.00,9.66,10-03-23-11-23-06-848
13.92,8.57,666.00,9.63,10-03-23-11-23-06-861
13.89,8.14,666.00,9.61,10-03-23-11-23-06-884
13.86,7.87,666.00,9.60,10-03-23-11-23-06-914
13.81,7.88,666.00,9.56,10-03-23-11-23-06-958
13.76,8.09,666.00,9.48,10-03-23-11-23-06-982
13.69,8.66,666.00,9.37,10-03-23-11-23-07-014
13.61,9.61,666.00,9.23,10-03-23-11-23-07-048
13.55,10.80,666.00,9.08,10-03-23-11-23-07-083
13.51,11.88,666.00,9.02,10-03-23-11-23-07-116
13.51,12.68,666.00,9.09,10-03-23-11-23-07-147
13.68,12.74,666.00,9.29,10-03-23-11-23-07-182
13.80,13.25,666.00,9.40,10-03-23-11-23-07-213
13.90,13.77,666.00,9.49,10-03-23-11-23-07-248
13.98,14.46,666.00,9.53,10-03-23-11-23-07-280
14.06,15.11,666.00,9.57,10-03-23-11-23-07-318
14.11,15.79,666.00,9.58,10-03-23-11-23-07-369
14.15,16.34,666.00,9.57,10-03-23-11-23-07-391
14.20,16.69,666.00,9.57,10-03-23-11-23-07-422
14.25,16.99,666.00,9.55,10-03-23-11-23-07-450
14.28,17.11,666.00,9.56,10-03-23-11-23-07-491
14.30,17.21,666.00,9.57,10-03-23-11-23-07-516
14.30,17.16,666.00,9.61,10-03-23-11-23-07-552
14.31,17.07,666.00,9.66,10-03-23-11-23-07-581
14.30,16.96,666.00,9.72,10-03-23-11-23-07-617
14.27,17.00,666.00,9.74,10-03-23-11-23-07-650
14.22,17.07,666.00,9.76,10-03-23-11-23-07-683
14.18,16.93,666.00,9.82,10-03-23-11-23-07-723
14.14,16.79,666.00,9.88,10-03-23-11-23-07-749
14.11,16.68,666.00,9.96,10-03-23-11-23-07-783
14.08,16.54,666.00,10.04,10-03-23-11-23-07-815
14.06,16.36,666.00,10.13,10-03-23-11-23-07-850
14.03,16.09,666.00,10.24,10-03-23-11-23-07-891
13.99,15.99,666.00,10.28,10-03-23-11-23-07-916
14.04,15.93,666.00,10.18,10-03-23-11-23-07-947
14.09,15.71,666.00,10.16,10-03-23-11-23-07-982
14.12,15.59,666.00,10.13,10-03-23-11-23-08-025
14.15,15.48,666.00,10.14,10-03-23-11-23-08-049
14.18,15.40,666.00,10.19,10-03-23-11-23-08-083
14.20,15.32,666.00,10.25,10-03-23-11-23-08-117
14.21,15.37,666.00,10.23,10-03-23-11-23-08-149
14.22,15.44,666.00,10.22,10-03-23-11-23-08-181
14.26,15.51,666.00,10.17,10-03-23-11-23-08-216
14.27,15.57,666.00,10.14,10-03-23-11-23-08-248
14.27,15.63,666.00,10.11,10-03-23-11-23-08-282
14.28,15.67,666.00,10.08,10-03-23-11-23-08-317
14.27,15.76,666.00,10.05,10-03-23-11-23-08-349
14.25,15.89,666.00,10.00,10-03-23-11-23-08-380
14.25,15.82,666.00,10.02,10-03-23-11-23-08-415
14.24,15.72,666.00,10.02,10-03-23-11-23-08-447
14.23,15.61,666.00,9.99,10-03-23-11-23-08-486
14.23,15.55,666.00,9.90,10-03-23-11-23-08-516
14.23,15.44,666.00,9.83,10-03-23-11-23-08-549
14.23,15.28,666.00,9.81,10-03-23-11-23-08-582
14.22,15.25,666.00,9.77,10-03-23-11-23-08-615
14.27,15.32,666.00,9.64,10-03-23-11-23-08-646
14.32,15.41,666.00,9.56,10-03-23-11-23-08-683
14.34,15.49,666.00,9.47,10-03-23-11-23-08-717
14.37,15.56,666.00,9.41,10-03-23-11-23-08-748
14.39,15.63,666.00,9.36,10-03-23-11-23-08-787
14.41,15.69,666.00,9.32,10-03-23-11-23-08-814
14.42,15.72,666.00,9.30,10-03-23-11-23-08-850
14.40,15.76,666.00,9.30,10-03-23-11-23-08-883
14.37,15.87,666.00,9.29,10-03-23-11-23-08-916
14.32,16.04,666.00,9.23,10-03-23-11-23-08-949
14.28,16.19,666.00,9.19,10-03-23-11-23-08-979
14.23,16.38,666.00,9.18,10-03-23-11-23-09-016
14.21,16.46,666.00,9.20,10-03-23-11-23-09-047
14.23,16.36,666.00,9.24,10-03-23-11-23-09-088
14.25,16.26,666.00,9.32,10-03-23-11-23-09-115
14.28,16.31,666.00,9.31,10-03-23-11-23-09-147
14.27,16.62,666.00,9.22,10-03-23-11-23-09-182
14.26,16.88,666.00,9.16,10-03-23-11-23-09-215
14.24,17.10,666.00,9.10,10-03-23-11-23-09-247
14.26,17.18,666.00,9.05,10-03-23-11-23-09-279
14.26,17.15,666.00,9.05,10-03-23-11-23-09-315
14.26,17.04,666.00,9.05,10-03-23-11-23-09-349
14.25,16.83,666.00,9.08,10-03-23-11-23-09-389
14.23,16.63,666.00,9.12,10-03-23-11-23-09-415
14.21,16.44,666.00,9.17,10-03-23-11-23-09-450
14.19,16.26,666.00,9.21,10-03-23-11-23-09-484
14.18,16.19,666.00,9.19,10-03-23-11-23-09-517
14.16,16.22,666.00,9.14,10-03-23-11-23-09-546
14.14,16.19,666.00,9.10,10-03-23-11-23-09-581
14.09,16.02,666.00,9.12,10-03-23-11-23-09-616
14.05,15.83,666.00,9.16,10-03-23-11-23-09-648
13.99,15.58,666.00,9.24,10-03-23-11-23-09-690
13.99,15.47,666.00,9.26,10-03-23-11-23-09-718
14.02,15.39,666.00,9.26,10-03-23-11-23-09-747
14.05,15.32,666.00,9.27,10-03-23-11-23-09-781
14.08,15.29,666.00,9.26,10-03-23-11-23-09-816
14.10,15.25,666.00,9.26,10-03-23-11-23-09-848
14.11,15.17,666.00,9.28,10-03-23-11-23-09-891
14.12,15.11,666.00,9.29,10-03-23-11-23-09-919
14.13,15.02,666.00,9.31,10-03-23-11-23-09-949
14.10,14.93,666.00,9.35,10-03-23-11-23-09-979
14.04,14.86,666.00,9.40,10-03-23-11-23-10-016
13.99,14.75,666.00,9.45,10-03-23-11-23-10-047
13.95,14.65,666.00,9.47,10-03-23-11-23-10-081
13.94,14.41,666.00,9.52,10-03-23-11-23-10-117
13.93,14.20,666.00,9.55,10-03-23-11-23-10-149
13.90,13.98,666.00,9.60,10-03-23-11-23-10-181
13.86,13.78,666.00,9.64,10-03-23-11-23-10-216
13.82,13.73,666.00,9.65,10-03-23-11-23-10-247
13.81,13.53,666.00,9.72,10-03-23-11-23-10-279
13.79,13.52,666.00,9.68,10-03-23-11-23-10-315
13.81,13.29,666.00,9.68,10-03-23-11-23-10-349
13.81,13.14,666.00,9.66,10-03-23-11-23-10-381
13.82,13.03,666.00,9.64,10-03-23-11-23-10-415
13.81,13.01,666.00,9.58,10-03-23-11-23-10-454
13.89,12.99,666.00,9.49,10-03-23-11-23-10-480
13.97,12.98,666.00,9.40,10-03-23-11-23-10-516
14.02,12.98,666.00,9.31,10-03-23-11-23-10-548
14.05,13.01,666.00,9.24,10-03-23-11-23-10-591
14.08,13.06,666.00,9.18,10-03-23-11-23-10-614
14.11,13.18,666.00,9.11,10-03-23-11-23-10-649
14.13,13.32,666.00,9.06,10-03-23-11-23-10-682
14.15,13.46,666.00,9.01,10-03-23-11-23-10-716
14.16,13.61,666.00,8.98,10-03-23-11-23-10-748
14.16,13.78,666.00,8.95,10-03-23-11-23-10-779
14.16,14.07,666.00,8.91,10-03-23-11-23-10-815
14.16,14.33,666.00,8.88,10-03-23-11-23-10-851
14.16,14.59,666.00,8.85,10-03-23-11-23-10-881
14.15,14.82,666.00,8.83,10-03-23-11-23-10-917
14.14,15.02,666.00,8.81,10-03-23-11-23-10-947
14.22,15.23,666.00,8.75,10-03-23-11-23-10-980
14.28,15.42,666.00,8.70,10-03-23-11-23-11-014
14.31,15.54,666.00,8.65,10-03-23-11-23-11-047
14.34,15.60,666.00,8.64,10-03-23-11-23-11-082
14.34,15.65,666.00,8.63,10-03-23-11-23-11-116
14.35,15.70,666.00,8.63,10-03-23-11-23-11-149
14.33,15.74,666.00,8.65,10-03-23-11-23-11-180
14.42,15.54,666.00,8.65,10-03-23-11-23-11-222
14.47,15.40,666.00,8.67,10-03-23-11-23-11-247
14.50,15.32,666.00,8.71,10-03-23-11-23-11-292
14.51,15.26,666.00,8.76,10-03-23-11-23-11-314
14.59,15.06,666.00,8.81,10-03-23-11-23-11-349
14.67,14.89,666.00,8.87,10-03-23-11-23-11-379
14.67,14.85,666.00,8.94,10-03-23-11-23-11-416
14.66,14.79,666.00,9.04,10-03-23-11-23-11-450
14.61,14.82,666.00,9.12,10-03-23-11-23-11-480
14.54,14.89,666.00,9.18,10-03-23-11-23-11-524
14.48,14.98,666.00,9.23,10-03-23-11-23-11-547
14.41,15.06,666.00,9.28,10-03-23-11-23-11-584
14.38,15.09,666.00,9.32,10-03-23-11-23-11-615
14.35,15.02,666.00,9.37,10-03-23-11-23-11-649
14.35,14.89,666.00,9.42,10-03-23-11-23-11-681
14.37,14.71,666.00,9.47,10-03-23-11-23-11-716
14.36,14.55,666.00,9.52,10-03-23-11-23-11-748
14.34,14.40,666.00,9.56,10-03-23-11-23-11-782
14.33,14.28,666.00,9.59,10-03-23-11-23-11-817
14.34,14.25,666.00,9.57,10-03-23-11-23-11-849
14.33,14.26,666.00,9.54,10-03-23-11-23-11-881
14.31,14.27,666.00,9.51,10-03-23-11-23-11-915
14.30,14.23,666.00,9.49,10-03-23-11-23-11-947
14.24,14.47,666.00,9.41,10-03-23-11-23-11-988
14.17,14.74,666.00,9.33,10-03-23-11-23-12-015
14.13,14.95,666.00,9.26,10-03-23-11-23-12-048
14.09,15.23,666.00,9.19,10-03-23-11-23-12-081
14.08,15.47,666.00,9.17,10-03-23-11-23-12-116
14.04,15.84,666.00,9.15,10-03-23-11-23-12-148
13.99,16.42,666.00,9.06,10-03-23-11-23-12-180
13.94,16.90,666.00,8.97,10-03-23-11-23-12-214
13.88,17.24,666.00,8.88,10-03-23-11-23-12-246
13.85,17.45,666.00,8.84,10-03-23-11-23-12-288
13.81,17.51,666.00,8.86,10-03-23-11-23-12-315
13.77,17.47,666.00,8.95,10-03-23-11-23-12-348
13.74,17.46,666.00,9.08,10-03-23-11-23-12-383
13.69,17.30,666.00,9.33,10-03-23-11-23-12-416
13.66,17.14,666.00,9.65,10-03-23-11-23-12-448
13.69,17.65,666.00,10.01,10-03-23-11-23-12-481
13.76,18.45,666.00,10.37,10-03-23-11-23-12-516
13.88,19.56,666.00,10.83,10-03-23-11-23-12-547
14.04,20.75,666.00,11.81,10-03-23-11-23-12-587
14.23,21.99,666.00,13.71,10-03-23-11-23-12-615
14.52,23.77,666.00,14.96,10-03-23-11-23-12-649
15.23,27.34,666.00,14.04,10-03-23-11-23-12-680
15.75,30.20,666.00,14.10,10-03-23-11-23-12-716
16.13,32.32,666.00,14.34,10-03-23-11-23-12-746
16.44,33.95,666.00,14.59,10-03-23-11-23-12-789
16.70,35.28,666.00,15.44,10-03-23-11-23-12-814
16.92,36.51,666.00,16.11,10-03-23-11-23-12-848
17.12,37.64,666.00,16.47,10-03-23-11-23-12-882
17.36,38.93,666.00,16.64,10-03-23-11-23-12-915
17.60,40.08,666.00,16.69,10-03-23-11-23-12-949
17.81,41.25,666.00,16.69,10-03-23-11-23-12-982
17.91,42.02,666.00,16.84,10-03-23-11-23-13-015
18.01,41.79,666.00,17.05,10-03-23-11-23-13-053
18.10,40.61,666.00,17.32,10-03-23-11-23-13-079
18.55,38.44,666.00,16.78,10-03-23-11-23-13-116
19.37,35.82,666.00,15.38,10-03-23-11-23-13-149
20.42,32.75,666.00,14.48,10-03-23-11-23-13-180
21.89,29.61,666.00,13.46,10-03-23-11-23-13-215
23.20,27.13,666.00,12.67,10-03-23-11-23-13-248
24.61,24.72,666.00,11.18,10-03-23-11-23-13-281
25.65,23.13,666.00,10.50,10-03-23-11-23-13-313
26.66,21.58,666.00,9.24,10-03-23-11-23-13-357
27.49,20.20,666.00,9.08,10-03-23-11-23-13-382
28.25,18.55,666.00,9.40,10-03-23-11-23-13-417
28.83,17.24,666.00,9.77,10-03-23-11-23-13-446
29.28,15.83,666.00,10.28,10-03-23-11-23-13-483
29.60,14.03,666.00,11.68,10-03-23-11-23-13-515
29.78,12.35,666.00,12.87,10-03-23-11-23-13-557
29.83,10.79,666.00,13.90,10-03-23-11-23-13-581
29.65,8.69,666.00,14.93,10-03-23-11-23-13-614
29.38,6.80,666.00,15.49,10-03-23-11-23-13-655
29.07,5.15,666.00,16.04,10-03-23-11-23-13-681
28.59,3.23,666.00,16.78,10-03-23-11-23-13-716
27.85,0.73,666.00,17.61,10-03-23-11-23-13-749
26.97,-2.23,666.00,18.61,10-03-23-11-23-13-781
26.22,-4.80,666.00,19.35,10-03-23-11-23-13-816
25.59,-6.92,666.00,19.87,10-03-23-11-23-13-848
25.17,-8.39,666.00,20.14,10-03-23-11-23-13-881
24.83,-9.56,666.00,20.22,10-03-23-11-23-13-917
24.57,-10.50,666.00,20.25,10-03-23-11-23-13-957
24.32,-11.28,666.00,20.28,10-03-23-11-23-13-983
24.13,-11.83,666.00,20.29,10-03-23-11-23-14-022
23.96,-12.26,666.00,20.28,10-03-23-11-23-14-049
23.81,-12.63,666.00,20.27,10-03-23-11-23-14-100
23.67,-12.93,666.00,20.29,10-03-23-11-23-14-129
23.54,-13.20,666.00,20.44,10-03-23-11-23-14-148
23.29,-13.38,666.00,20.74,10-03-23-11-23-14-183
22.95,-13.51,666.00,21.10,10-03-23-11-23-14-217
22.49,-13.58,666.00,21.38,10-03-23-11-23-14-248
21.69,-13.54,666.00,21.31,10-03-23-11-23-14-282
20.72,-13.38,666.00,21.05,10-03-23-11-23-14-315
19.58,-13.18,666.00,20.72,10-03-23-11-23-14-346
18.57,-12.90,666.00,20.65,10-03-23-11-23-14-398
17.67,-12.47,666.00,20.50,10-03-23-11-23-14-430
16.92,-12.00,666.00,20.26,10-03-23-11-23-14-449
16.36,-11.58,666.00,20.04,10-03-23-11-23-14-483
15.89,-11.16,666.00,19.78,10-03-23-11-23-14-518
15.51,-10.79,666.00,19.55,10-03-23-11-23-14-549
15.15,-10.38,666.00,19.27,10-03-23-11-23-14-583
14.78,-9.95,666.00,18.99,10-03-23-11-23-14-613
14.45,-9.59,666.00,18.71,10-03-23-11-23-14-650
14.19,-9.35,666.00,18.28,10-03-23-11-23-14-683
