Timestamp,Kinect_LeftShoulder_Ext.-Flex.,Kinect_LeftShoulder_Abd.-Add.,Kinect_LeftShoulder_Int.-Ext.,Kinect_LeftElbow_Ext.-Flex.,Kinect_RightShoulder_Ext.-Flex.,Kinect_RightShoulder_Abd.-Add.,Kinect_RightShoulder_Int.-Ext.,Kinect_RightElbow_Ext.-Flex.,20.08,-41.70,20:10:28:381,666.00,22.38
19.06,-40.00,20:10:28:920,666.00,22.16
19.03,-39.88,20:10:29:124,666.00,22.01
19.06,-39.74,20:10:29:466,666.00,22.08
18.45,-38.30,20:10:29:645,666.00,21.93
18.23,-37.88,20:10:29:805,666.00,22.24
18.39,-37.82,20:10:29:935,666.00,22.01
18.43,-37.67,20:10:30:067,666.00,22.03
18.90,-38.19,20:10:30:192,666.00,22.12
18.83,-37.85,20:10:30:313,666.00,22.32
18.75,-37.28,20:10:30:437,666.00,22.15
19.08,-37.40,20:10:30:559,666.00,22.20
18.87,-36.96,20:10:30:673,666.00,22.44
18.73,-37.38,20:10:30:794,666.00,22.07
18.74,-37.79,20:10:30:928,666.00,22.26
18.76,-37.96,20:10:31:054,666.00,22.33
18.81,-38.03,20:10:31:177,666.00,22.71
18.91,-38.27,20:10:31:298,666.00,23.06
18.84,-37.72,20:10:31:422,666.00,23.52
18.90,-37.46,20:10:31:549,666.00,22.54
19.07,-37.73,20:10:31:671,666.00,22.51
18.45,-36.61,20:10:31:797,666.00,21.85
18.59,-36.81,20:10:31:932,666.00,22.39
18.95,-37.28,20:10:32:055,666.00,22.66
18.87,-37.24,20:10:32:183,666.00,21.66
18.80,-37.41,20:10:32:306,666.00,21.66
18.80,-37.56,20:10:32:428,666.00,21.95
18.77,-38.17,20:10:32:557,666.00,22.62
18.68,-38.46,20:10:32:679,666.00,22.57
18.66,-38.74,20:10:32:817,666.00,22.55
18.28,-38.55,20:10:32:967,666.00,22.40
17.76,-35.21,20:10:33:094,666.00,22.10
16.51,-10.24,20:10:33:463,666.00,27.22
47.25,56.51,20:10:33:588,30.28,32.21
65.18,65.24,20:10:33:718,666.00,18.09
75.98,67.46,20:10:33:842,666.00,20.41
78.84,62.07,20:10:33:978,40.34,36.77
85.90,62.36,20:10:34:127,51.92,30.13
82.90,61.20,20:10:34:259,666.00,28.40
67.27,53.28,20:10:34:390,36.42,55.24
46.20,48.13,20:10:34:517,24.35,45.97
41.52,44.07,20:10:34:645,37.40,37.13
24.36,24.77,20:10:34:786,18.92,33.86
19.28,-3.04,20:10:34:917,14.86,34.62
19.52,-29.14,20:10:35:057,666.00,29.08
19.73,-43.57,20:10:35:190,666.00,24.05
20.61,-49.28,20:10:35:313,666.00,25.13
20.66,-51.66,20:10:35:436,666.00,25.35
19.98,-49.35,20:10:35:557,666.00,24.83
16.89,-32.12,20:10:35:692,666.00,28.33
16.26,-8.46,20:10:35:817,6.25,30.52
21.22,25.95,20:10:35:949,9.74,32.26
40.04,47.50,20:10:36:084,666.00,27.78
50.32,54.59,20:10:36:219,36.52,36.62
67.07,66.17,20:10:36:356,666.00,17.19
75.72,61.87,20:10:36:483,65.18,30.47
78.09,58.79,20:10:36:612,45.43,39.98
86.54,64.95,20:10:36:741,666.00,25.03
83.18,61.81,20:10:36:883,55.68,30.23
71.69,54.69,20:10:37:014,47.21,44.58
47.39,49.17,20:10:37:156,11.21,54.15
37.84,41.97,20:10:37:294,23.92,39.78
24.37,20.22,20:10:37:425,19.92,32.64
20.29,-10.28,20:10:37:568,13.93,35.14
20.35,-29.59,20:10:37:694,16.86,30.27
20.72,-41.96,20:10:37:827,666.00,26.61
22.27,-49.66,20:10:37:961,666.00,25.36
22.94,-54.35,20:10:38:092,666.00,25.35
22.90,-54.07,20:10:38:222,666.00,25.21
22.22,-49.60,20:10:38:358,666.00,26.72
20.05,-33.57,20:10:38:487,666.00,28.98
19.29,-16.74,20:10:38:618,8.61,31.94
21.12,12.02,20:10:38:747,10.30,33.44
31.73,38.53,20:10:38:881,17.72,36.48
44.77,51.78,20:10:39:003,24.27,38.91
63.49,63.84,20:10:39:131,666.00,23.86
62.25,59.57,20:10:39:264,28.65,42.62
77.47,58.52,20:10:39:409,47.10,43.17
88.31,62.51,20:10:39:532,666.00,26.64
83.79,62.19,20:10:39:667,58.02,30.48
76.91,62.33,20:10:39:799,44.97,34.25
53.12,50.89,20:10:39:931,26.09,52.58
42.78,39.55,20:10:40:058,48.38,36.43
26.70,21.53,20:10:40:194,18.50,39.59
21.42,-3.95,20:10:40:332,16.38,36.00
21.02,-24.66,20:10:40:473,15.52,34.50
21.92,-36.78,20:10:40:607,19.87,30.04
23.18,-46.39,20:10:40:727,666.00,28.08
23.46,-49.01,20:10:40:848,666.00,27.85
23.20,-49.45,20:10:40:997,666.00,27.14
22.89,-47.92,20:10:41:122,666.00,27.59
21.61,-39.96,20:10:41:256,12.66,30.54
20.03,-31.59,20:10:41:381,9.12,32.85
19.92,-3.52,20:10:41:516,11.89,35.15
25.66,28.37,20:10:41:647,14.88,37.60
42.16,42.03,20:10:41:780,34.22,44.83
57.70,58.23,20:10:41:916,666.00,28.24
62.34,60.57,20:10:42:046,29.44,41.95
74.64,57.43,20:10:42:177,54.99,51.73
80.70,57.43,20:10:42:303,68.75,46.52
75.67,52.93,20:10:42:445,58.71,59.16
70.98,52.80,20:10:42:576,45.84,64.17
52.16,47.44,20:10:42:700,34.28,49.76
39.74,36.33,20:10:42:829,32.62,42.37
26.20,12.32,20:10:42:961,13.39,42.14
22.64,-10.25,20:10:43:093,13.05,36.82
21.96,-28.99,20:10:43:232,14.16,36.89
21.35,-38.40,20:10:43:357,18.99,32.81
21.10,-43.63,20:10:43:503,666.00,27.63
21.82,-47.36,20:10:43:636,666.00,25.62
21.85,-47.53,20:10:43:796,666.00,25.74
21.38,-43.60,20:10:43:946,13.12,30.98
19.73,-27.86,20:10:44:074,10.27,34.91
19.44,-0.93,20:10:44:214,12.38,35.39
26.93,33.62,20:10:44:345,20.46,34.82
39.62,48.44,20:10:44:489,22.52,45.30
55.89,62.12,20:10:44:625,23.28,37.43
76.21,61.92,20:10:44:766,81.46,46.11
82.70,62.76,20:10:44:891,53.35,33.77
82.07,62.05,20:10:45:018,49.30,35.80
81.04,61.47,20:10:45:146,55.07,34.92
56.78,54.20,20:10:45:270,20.44,58.34
47.05,50.99,20:10:45:397,23.36,45.27
32.72,39.12,20:10:45:521,18.10,35.86
22.80,16.96,20:10:45:668,16.33,32.52
20.22,-13.16,20:10:45:808,14.39,31.27
21.25,-33.38,20:10:45:938,666.00,29.35
22.17,-43.42,20:10:46:077,666.00,26.30
22.34,-49.01,20:10:46:207,666.00,25.11
21.92,-50.23,20:10:46:325,666.00,24.98
21.98,-49.93,20:10:46:460,666.00,25.61
21.55,-46.66,20:10:46:592,666.00,25.40
20.40,-33.22,20:10:46:726,666.00,26.96
21.09,-10.38,20:10:46:877,4.48,33.84
25.87,15.24,20:10:47:015,12.43,34.71
38.24,38.71,20:10:47:147,29.67,34.52
43.85,48.12,20:10:47:275,13.22,51.69
61.86,61.33,20:10:47:404,666.00,28.72
74.71,65.01,20:10:47:537,40.06,30.24
77.68,64.07,20:10:47:668,39.04,37.14
85.75,66.07,20:10:47:793,41.62,32.16
78.46,61.42,20:10:47:934,34.99,45.27
73.25,56.55,20:10:48:069,45.04,47.97
47.40,53.50,20:10:48:209,21.88,47.17
36.25,47.39,20:10:48:338,23.13,35.92
21.86,26.19,20:10:48:461,13.62,32.97
17.46,-10.11,20:10:48:596,666.00,27.42
17.77,-30.91,20:10:48:735,666.00,22.85
19.28,-47.27,20:10:48:882,666.00,22.98
20.58,-53.98,20:10:49:022,666.00,23.35
21.07,-56.27,20:10:49:170,666.00,24.36
20.77,-56.08,20:10:49:296,666.00,24.29
18.70,-49.96,20:10:49:422,666.00,26.62
15.92,-22.98,20:10:49:558,666.00,27.34
18.14,14.57,20:10:49:694,12.61,30.70
25.55,38.97,20:10:49:821,15.96,32.12
41.68,55.09,20:10:49:949,21.60,37.00
59.12,63.36,20:10:50:098,23.85,40.25
79.16,64.20,20:10:50:226,666.00,25.42
82.64,63.12,20:10:50:349,51.02,31.60
86.39,62.19,20:10:50:476,49.91,32.62
88.31,58.07,20:10:50:597,64.49,36.54
75.21,58.77,20:10:50:728,48.84,36.72
54.90,52.43,20:10:50:853,20.33,52.76
50.09,53.26,20:10:50:994,35.42,39.17
31.82,34.74,20:10:51:132,27.35,37.09
19.88,5.27,20:10:51:279,11.92,35.06
18.03,-16.10,20:10:51:417,666.00,27.47
19.84,-37.00,20:10:51:557,666.00,24.19
20.08,-44.59,20:10:51:679,666.00,23.69
20.11,-47.51,20:10:51:810,666.00,22.28
19.50,-47.61,20:10:51:932,666.00,22.36
19.48,-46.38,20:10:52:058,666.00,24.50
18.16,-35.32,20:10:52:193,666.00,27.02
17.59,-12.81,20:10:52:328,8.73,31.57
22.29,27.82,20:10:52:460,666.00,29.40
34.19,47.75,20:10:52:591,18.92,38.79
58.50,64.46,20:10:52:721,666.00,21.39
56.73,61.46,20:10:52:848,23.56,37.70
74.60,60.95,20:10:52:975,48.17,36.22
82.71,62.55,20:10:53:113,45.87,35.31
84.47,63.05,20:10:53:236,46.26,33.06
81.53,56.39,20:10:53:387,61.10,39.67
51.30,47.93,20:10:53:521,14.40,66.07
46.01,45.47,20:10:53:662,52.61,36.65
24.37,25.69,20:10:53:795,14.47,39.30
20.39,-0.38,20:10:53:927,15.70,33.09
20.50,-21.79,20:10:54:075,666.00,27.14
22.06,-41.69,20:10:54:207,666.00,26.35
22.80,-47.90,20:10:54:327,666.00,24.53
23.10,-51.11,20:10:54:453,666.00,25.42
22.89,-50.05,20:10:54:582,666.00,27.00
21.00,-43.55,20:10:54:714,666.00,27.91
19.59,-21.87,20:10:54:838,11.59,31.02
21.38,7.46,20:10:54:964,11.51,36.91
30.28,35.77,20:10:55:092,15.76,40.95
44.73,50.24,20:10:55:233,28.03,41.79
57.46,58.41,20:10:55:359,28.93,49.10
75.56,62.22,20:10:55:484,52.15,33.29
82.20,61.30,20:10:55:631,51.76,32.49
85.04,65.93,20:10:55:768,38.22,30.32
85.60,65.76,20:10:55:891,666.00,26.30
72.70,54.45,20:10:56:030,41.21,55.26
49.58,50.70,20:10:56:158,12.86,70.14
37.58,35.76,20:10:56:291,35.85,42.68
22.49,23.39,20:10:56:414,21.47,31.85
17.27,-19.75,20:10:56:557,666.00,29.60
19.62,-37.39,20:10:56:693,666.00,25.89
21.34,-48.46,20:10:56:830,666.00,26.27
21.02,-51.56,20:10:56:956,666.00,25.65
20.51,-52.36,20:10:57:082,666.00,26.16
20.77,-50.78,20:10:57:201,666.00,27.14
19.72,-46.19,20:10:57:331,666.00,26.71
18.57,-35.21,20:10:57:453,10.20,30.26
17.58,-10.75,20:10:57:576,8.19,33.77
24.02,28.74,20:10:57:704,12.87,35.18
39.02,43.99,20:10:57:831,23.87,41.40
52.20,52.73,20:10:57:956,15.58,56.63
69.20,58.46,20:10:58:086,50.25,30.34
72.86,56.85,20:10:58:218,49.38,36.40
79.81,58.23,20:10:58:343,44.82,37.95
80.94,56.60,20:10:58:466,45.00,41.12
78.25,54.43,20:10:58:590,53.53,41.22
66.18,49.79,20:10:58:720,43.58,46.28
48.83,44.18,20:10:58:852,23.52,52.40
37.64,38.36,20:10:58:983,12.46,55.53
28.13,23.34,20:10:59:121,23.43,38.52
21.21,0.03,20:10:59:259,17.92,34.92
21.50,-18.17,20:10:59:381,18.35,35.66
22.33,-31.07,20:10:59:508,21.48,31.95
21.43,-37.70,20:10:59:632,666.00,27.25
21.55,-42.93,20:10:59:764,666.00,24.23
20.68,-44.91,20:10:59:890,666.00,22.30
20.05,-44.44,20:11:00:024,666.00,23.79
18.67,-32.02,20:11:00:161,666.00,28.52
17.82,-3.37,20:11:00:297,10.62,31.37
24.71,32.91,20:11:00:425,16.96,33.37
35.82,49.23,20:11:00:553,14.58,48.17
49.79,57.08,20:11:00:691,30.22,37.43
55.55,59.96,20:11:00:814,25.71,38.28
73.73,61.09,20:11:00:938,666.00,28.71
78.73,64.24,20:11:01:067,43.05,34.00
67.43,63.80,20:11:01:200,19.57,50.44
70.51,58.36,20:11:01:336,40.62,45.62
52.01,50.60,20:11:01:460,17.28,59.11
47.69,46.10,20:11:01:578,47.12,45.59
27.29,33.23,20:11:01:713,12.29,41.30
21.41,10.00,20:11:01:853,15.48,32.39
20.06,-15.71,20:11:01:985,666.00,29.38
20.25,-34.56,20:11:02:117,666.00,27.77
20.57,-43.49,20:11:02:263,666.00,24.71
20.30,-50.88,20:11:02:421,666.00,24.55
20.11,-51.45,20:11:02:560,666.00,24.80
18.93,-44.06,20:11:02:693,666.00,28.53
16.76,-14.68,20:11:02:830,16.76,32.37
19.99,23.66,20:11:02:975,16.40,36.17
38.02,48.30,20:11:03:102,40.98,40.51
55.04,64.11,20:11:03:228,666.00,28.74
55.02,61.59,20:11:03:357,29.95,39.02
73.47,65.89,20:11:03:492,666.00,18.87
79.32,65.21,20:11:03:626,46.90,30.14
78.65,65.49,20:11:03:748,40.06,32.84
69.27,64.33,20:11:03:873,22.80,45.22
67.04,62.24,20:11:03:998,666.00,28.03
44.38,44.61,20:11:04:127,28.18,49.53
32.02,39.37,20:11:04:246,13.79,45.86
23.00,26.75,20:11:04:378,11.63,36.65
18.92,5.63,20:11:04:512,13.45,30.49
18.11,-17.12,20:11:04:647,666.00,29.49
19.72,-32.68,20:11:04:780,666.00,27.15
21.00,-42.80,20:11:04:917,666.00,24.16
21.65,-50.36,20:11:05:043,666.00,23.81
21.67,-52.63,20:11:05:166,666.00,25.77
21.03,-52.14,20:11:05:290,666.00,25.77
18.89,-43.07,20:11:05:425,666.00,25.69
17.49,-18.39,20:11:05:562,666.00,28.09
20.60,20.71,20:11:05:694,13.41,31.73
32.60,45.51,20:11:05:833,17.95,38.41
54.41,59.85,20:11:05:953,666.00,27.91
49.42,59.28,20:11:06:085,21.74,54.20
78.05,62.11,20:11:06:226,100.41,89.48
80.73,67.77,20:11:06:358,666.00,29.35
80.57,66.22,20:11:06:487,666.00,26.52
69.78,65.05,20:11:06:634,666.00,29.83
46.85,49.60,20:11:06:763,20.60,63.32
41.13,44.70,20:11:06:881,18.61,46.36
32.01,30.62,20:11:07:006,29.93,36.15
22.94,3.63,20:11:07:138,16.45,36.27
20.99,-16.82,20:11:07:268,666.00,29.98
21.31,-33.07,20:11:07:394,666.00,27.07
21.13,-40.97,20:11:07:511,666.00,25.30
22.55,-50.09,20:11:07:641,666.00,24.97
22.34,-53.62,20:11:07:773,666.00,23.59
22.89,-54.45,20:11:07:903,666.00,24.79
21.73,-48.29,20:11:08:030,666.00,29.67
18.48,-27.16,20:11:08:156,18.07,30.53
18.97,-1.00,20:11:08:280,17.99,34.40
25.81,34.52,20:11:08:405,19.87,37.70
38.91,52.47,20:11:08:529,16.10,51.47
60.67,66.26,20:11:08:656,38.50,32.43
62.57,65.14,20:11:08:784,27.43,46.99
59.68,67.99,20:11:08:917,27.95,35.70
73.02,66.36,20:11:09:045,23.78,45.42
73.26,65.56,20:11:09:162,666.00,29.64
60.75,63.38,20:11:09:302,20.43,52.13
52.22,50.98,20:11:09:438,17.78,70.60
39.97,37.15,20:11:09:558,43.95,39.98
23.97,21.53,20:11:09:692,18.70,33.76
19.67,-5.86,20:11:09:830,15.96,32.84
19.39,-27.21,20:11:09:958,666.00,29.41
20.24,-38.86,20:11:10:080,666.00,26.69
20.81,-46.92,20:11:10:207,666.00,24.05
21.44,-50.45,20:11:10:331,666.00,23.64
22.12,-50.50,20:11:10:457,666.00,23.80
21.86,-48.95,20:11:10:580,666.00,24.79
19.88,-34.38,20:11:10:706,666.00,25.38
19.16,-12.75,20:11:10:837,8.91,33.50
23.99,27.81,20:11:10:965,14.98,37.54
37.24,50.45,20:11:11:102,17.47,44.66
47.74,58.87,20:11:11:236,26.31,46.22
48.79,64.58,20:11:11:362,21.40,43.80
77.24,66.31,20:11:11:489,37.51,34.82
78.31,65.30,20:11:11:629,34.23,38.06
57.97,65.82,20:11:11:761,4.48,59.18
73.94,57.84,20:11:11:896,31.13,46.47
49.04,43.57,20:11:12:022,39.13,52.86
36.13,37.22,20:11:12:148,32.69,38.07
23.67,17.42,20:11:12:284,20.84,33.29
20.94,-9.13,20:11:12:408,18.37,34.14
20.14,-25.69,20:11:12:548,666.00,29.71
19.59,-36.57,20:11:12:670,666.00,27.96
19.86,-43.03,20:11:12:791,666.00,26.84
19.91,-45.38,20:11:12:923,666.00,25.60
19.98,-46.15,20:11:13:050,666.00,25.57
19.05,-40.27,20:11:13:188,666.00,26.85
16.99,-22.41,20:11:13:316,666.00,28.61
18.30,13.31,20:11:13:450,12.88,35.34
29.84,47.63,20:11:13:586,16.61,37.39
52.17,62.02,20:11:13:714,41.44,34.59
52.13,62.28,20:11:13:842,15.80,56.84
70.04,64.80,20:11:13:986,32.95,53.99
76.90,65.16,20:11:14:122,35.11,40.06
74.96,64.51,20:11:14:261,36.25,37.94
57.06,60.23,20:11:14:392,13.30,56.90
45.77,53.30,20:11:14:522,29.80,41.44
31.85,42.68,20:11:14:642,18.57,36.80
21.77,26.32,20:11:14:774,666.00,29.38
16.99,-10.57,20:11:14:899,14.71,31.25
17.21,-29.94,20:11:15:024,666.00,28.28
18.99,-46.13,20:11:15:157,666.00,25.05
19.65,-50.09,20:11:15:291,666.00,23.86
19.95,-52.80,20:11:15:424,666.00,24.92
20.39,-52.75,20:11:15:552,666.00,25.32
18.88,-48.32,20:11:15:682,666.00,27.25
16.54,-23.91,20:11:15:813,666.00,28.64
17.95,20.15,20:11:15:949,12.53,31.53
31.32,50.86,20:11:16:075,17.20,38.06
51.27,61.98,20:11:16:200,38.07,37.35
51.18,64.19,20:11:16:327,12.14,58.03
45.21,67.40,20:11:16:463,4.17,62.39
78.94,62.77,20:11:16:591,43.41,37.87
88.73,60.34,20:11:16:721,666.00,28.72
84.99,59.80,20:11:16:848,70.84,30.80
46.15,50.11,20:11:16:975,21.95,60.24
41.09,45.76,20:11:17:100,35.15,33.65
25.02,30.78,20:11:17:226,15.48,32.23
19.23,3.20,20:11:17:361,15.93,31.29
17.14,-18.50,20:11:17:491,666.00,28.31
17.79,-35.78,20:11:17:622,666.00,24.62
18.84,-46.42,20:11:17:743,666.00,23.64
19.17,-51.20,20:11:17:862,666.00,22.84
19.23,-50.51,20:11:17:994,666.00,22.98
18.47,-47.00,20:11:18:126,666.00,26.80
16.30,-20.42,20:11:18:260,666.00,29.73
19.50,24.26,20:11:18:391,11.85,34.33
33.97,50.76,20:11:18:528,18.63,39.15
46.36,54.08,20:11:18:659,26.92,58.88
61.89,59.55,20:11:18:782,50.93,96.65
68.90,60.08,20:11:18:916,73.91,102.71
79.08,59.52,20:11:19:050,56.23,45.75
85.62,64.71,20:11:19:174,666.00,20.82
79.05,63.76,20:11:19:309,666.00,29.88
46.10,50.93,20:11:19:428,17.09,73.46
48.23,48.33,20:11:19:546,32.23,47.08
30.76,38.78,20:11:19:674,25.29,33.47
21.07,13.61,20:11:19:811,20.10,34.22
17.30,-12.41,20:11:19:941,17.27,30.69
18.38,-33.26,20:11:20:066,666.00,27.23
19.55,-42.04,20:11:20:193,666.00,24.20
20.60,-48.91,20:11:20:323,666.00,24.04
19.96,-49.65,20:11:20:459,666.00,22.83
19.20,-45.80,20:11:20:591,666.00,24.60
17.37,-19.36,20:11:20:725,666.00,27.71
20.05,23.14,20:11:20:861,16.44,31.42
32.92,49.63,20:11:20:998,19.11,41.08
57.15,67.20,20:11:21:128,666.00,23.30
53.31,62.93,20:11:21:257,21.79,61.58
48.29,67.83,20:11:21:376,7.18,62.72
70.50,66.95,20:11:21:493,18.30,44.45
69.70,66.70,20:11:21:617,10.98,52.77
53.83,64.45,20:11:21:747,4.16,63.17
49.88,54.56,20:11:21:881,6.42,68.85
46.26,46.45,20:11:22:012,41.19,49.97
31.55,35.18,20:11:22:145,32.25,35.44
21.07,16.12,20:11:22:281,20.40,32.11
17.96,-16.29,20:11:22:431,17.57,30.53
17.96,-33.21,20:11:22:569,666.00,28.59
18.72,-45.82,20:11:22:694,666.00,24.15
20.41,-52.60,20:11:22:829,666.00,22.93
20.52,-53.82,20:11:22:961,666.00,24.17
18.85,-48.67,20:11:23:104,666.00,26.48
17.14,-23.24,20:11:23:232,6.60,31.76
19.08,19.43,20:11:23:369,8.83,36.97
34.27,49.71,20:11:23:497,15.12,45.69
50.79,58.83,20:11:23:628,38.28,46.29
62.60,57.61,20:11:23:761,68.07,101.59
54.52,57.73,20:11:23:889,6.55,77.27
61.46,58.69,20:11:24:024,13.47,71.18
69.44,58.40,20:11:24:170,29.61,51.75
61.41,53.44,20:11:24:303,20.55,61.37
47.36,44.52,20:11:24:433,28.89,47.17
29.53,32.25,20:11:24:561,12.11,42.91
21.86,16.12,20:11:24:692,12.62,33.77
17.98,-5.62,20:11:24:826,12.90,31.22
17.77,-21.17,20:11:24:953,14.03,31.02
17.85,-34.17,20:11:25:075,666.00,26.86
18.39,-45.67,20:11:25:205,666.00,24.58
17.93,-53.18,20:11:25:342,666.00,24.09
18.60,-54.29,20:11:25:476,666.00,24.97
17.72,-46.98,20:11:25:617,666.00,27.98
16.18,-21.42,20:11:25:743,10.69,32.03
19.56,24.48,20:11:25:877,11.46,35.52
34.05,50.01,20:11:26:016,13.57,45.95
49.06,60.11,20:11:26:138,24.49,48.04
50.48,59.26,20:11:26:259,20.63,53.47
48.83,62.31,20:11:26:383,15.80,53.37
42.39,62.86,20:11:26:519,-2.36,85.75
47.29,61.92,20:11:26:651,-1.12,82.53
51.14,60.82,20:11:26:781,0.49,76.61
45.53,49.22,20:11:26:908,14.05,63.86
34.28,38.93,20:11:27:026,12.43,47.22
24.33,25.67,20:11:27:150,10.71,35.96
20.16,-0.03,20:11:27:279,16.21,30.90
19.52,-22.63,20:11:27:415,666.00,25.28
20.14,-36.97,20:11:27:549,666.00,24.85
21.24,-47.87,20:11:27:688,666.00,22.79
21.28,-53.47,20:11:27:815,666.00,24.00
21.19,-54.75,20:11:27:945,666.00,23.81
20.85,-53.25,20:11:28:084,666.00,24.81
18.84,-42.16,20:11:28:212,666.00,27.27
17.99,-14.02,20:11:28:343,10.86,31.67
22.67,23.22,20:11:28:471,14.02,35.74
37.32,48.56,20:11:28:625,18.27,43.74
52.28,58.21,20:11:28:772,28.37,61.45
55.70,65.98,20:11:28:906,23.72,43.26
73.71,66.19,20:11:29:029,29.61,40.19
76.34,64.16,20:11:29:158,35.49,41.83
79.61,62.25,20:11:29:284,666.00,27.69
69.63,58.08,20:11:29:414,42.11,48.54
43.97,50.57,20:11:29:536,22.24,41.80
30.68,37.35,20:11:29:673,16.00,35.13
20.83,12.75,20:11:29:810,12.05,32.46
18.83,-18.08,20:11:29:937,14.14,30.03
20.66,-37.21,20:11:30:062,666.00,28.34
22.79,-47.42,20:11:30:198,666.00,26.64
23.12,-52.48,20:11:30:323,666.00,24.89
23.23,-52.56,20:11:30:449,666.00,24.38
22.29,-50.40,20:11:30:581,666.00,25.90
20.39,-42.33,20:11:30:715,666.00,27.71
17.75,-6.56,20:11:30:865,13.22,33.72
25.09,36.54,20:11:30:995,14.03,39.73
43.61,52.96,20:11:31:126,20.22,54.63
52.91,63.64,20:11:31:258,27.18,40.23
54.01,65.70,20:11:31:380,24.68,38.78
55.32,66.79,20:11:31:498,3.36,70.17
79.33,63.03,20:11:31:624,37.21,41.96
80.90,65.28,20:11:31:761,666.00,28.45
68.74,61.74,20:11:31:907,28.46,43.53
43.81,52.16,20:11:32:051,2.11,57.79
31.33,40.92,20:11:32:176,16.98,37.55
19.51,18.73,20:11:32:305,14.83,30.97
15.93,-19.67,20:11:32:430,666.00,27.77
16.67,-37.19,20:11:32:547,666.00,25.30
19.92,-48.69,20:11:32:668,666.00,22.84
22.43,-54.50,20:11:32:799,666.00,25.23
21.88,-53.32,20:11:32:924,666.00,24.90
20.24,-49.08,20:11:33:067,666.00,27.77
17.00,-28.29,20:11:33:194,666.00,29.01
17.67,1.09,20:11:33:324,8.48,36.19
23.83,32.53,20:11:33:451,12.34,34.41
38.89,47.02,20:11:33:575,26.07,41.84
51.46,59.15,20:11:33:704,23.47,43.04
69.68,64.26,20:11:33:839,49.62,31.76
68.40,62.76,20:11:33:969,45.85,38.06
71.16,64.00,20:11:34:096,27.39,45.48
77.52,64.51,20:11:34:225,47.94,31.46
72.71,62.88,20:11:34:361,41.49,39.90
47.49,53.00,20:11:34:491,15.59,54.25
33.40,39.33,20:11:34:628,11.37,47.66
22.30,21.65,20:11:34:769,12.52,35.75
16.88,-4.92,20:11:34:917,10.02,31.81
17.90,-36.37,20:11:35:094,666.00,26.06
21.11,-52.38,20:11:35:261,666.00,25.79
21.44,-58.62,20:11:35:388,666.00,23.94
21.29,-59.11,20:11:35:527,666.00,23.92
20.88,-57.13,20:11:35:663,666.00,25.41
18.56,-43.11,20:11:35:798,666.00,28.45
16.03,-2.15,20:11:35:932,666.00,28.77
25.65,41.45,20:11:36:068,13.63,33.38
46.68,56.35,20:11:36:229,27.56,49.50
51.83,61.27,20:11:36:376,13.47,54.30
76.03,63.84,20:11:36:527,50.50,33.59
79.82,62.13,20:11:36:657,60.24,33.79
96.84,63.68,20:11:36:795,666.00,18.18
48.41,53.30,20:11:36:938,16.79,66.20
43.78,48.40,20:11:37:088,20.02,46.26
29.95,34.35,20:11:37:245,24.63,36.48
18.23,5.88,20:11:37:401,13.83,33.35
17.80,-20.76,20:11:37:539,15.20,30.18
19.62,-38.25,20:11:37:678,666.00,26.97
21.74,-48.22,20:11:37:811,666.00,24.86
22.21,-51.53,20:11:37:945,666.00,24.00
22.20,-51.05,20:11:38:089,666.00,26.43
18.71,-33.99,20:11:38:241,12.53,30.06
17.34,-1.09,20:11:38:376,12.60,33.86
24.61,39.57,20:11:38:509,13.13,42.58
45.50,51.80,20:11:38:648,28.26,57.39
67.95,63.06,20:11:38:800,48.78,37.04
80.59,64.41,20:11:38:926,70.51,31.25
65.24,62.49,20:11:39:042,18.14,60.42
70.82,61.32,20:11:39:158,26.76,53.61
76.73,58.71,20:11:39:272,41.80,44.87
45.78,53.31,20:11:39:394,18.59,81.76
43.50,46.31,20:11:39:504,18.19,52.76
26.26,30.24,20:11:39:617,11.82,42.65
20.27,11.16,20:11:39:732,13.85,37.88
17.71,-23.77,20:11:39:853,666.00,29.19
17.76,-41.23,20:11:39:977,666.00,26.67
18.73,-51.44,20:11:40:091,666.00,23.07
18.38,-53.02,20:11:40:206,666.00,24.69
17.17,-52.12,20:11:40:316,666.00,27.45
16.74,-50.49,20:11:40:425,666.00,28.59
15.25,-45.10,20:11:40:546,19.37,30.07
