38.46,77.17,666.00,8.48,20-04-23-08-48-22-178
38.45,77.20,666.00,8.42,20-04-23-08-48-22-208
38.42,77.31,666.00,8.37,20-04-23-08-48-22-238
38.39,77.39,666.00,8.31,20-04-23-08-48-22-276
38.34,77.56,666.00,8.25,20-04-23-08-48-22-310
38.32,77.71,666.00,8.22,20-04-23-08-48-22-341
38.31,77.85,666.00,8.21,20-04-23-08-48-22-375
38.36,78.10,666.00,8.28,20-04-23-08-48-22-409
38.39,78.27,666.00,8.32,20-04-23-08-48-22-439
38.42,78.41,666.00,8.36,20-04-23-08-48-22-478
38.46,78.54,666.00,8.40,20-04-23-08-48-22-508
38.53,78.78,666.00,8.51,20-04-23-08-48-22-539
38.60,79.01,666.00,8.61,20-04-23-08-48-22-575
38.67,79.24,666.00,8.70,20-04-23-08-48-22-609
38.72,79.37,666.00,8.76,20-04-23-08-48-22-643
38.76,79.48,666.00,8.81,20-04-23-08-48-22-675
38.82,79.66,666.00,8.89,20-04-23-08-48-22-708
38.85,79.72,666.00,8.92,20-04-23-08-48-22-742
38.90,79.80,666.00,8.97,20-04-23-08-48-22-777
38.93,79.83,666.00,9.00,20-04-23-08-48-22-809
38.95,79.83,666.00,9.01,20-04-23-08-48-22-838
38.97,79.84,666.00,9.02,20-04-23-08-48-22-876
38.97,79.76,666.00,9.00,20-04-23-08-48-22-908
38.97,79.66,666.00,9.01,20-04-23-08-48-22-941
39.00,79.63,666.00,9.05,20-04-23-08-48-22-976
39.03,79.61,666.00,9.08,20-04-23-08-48-23-010
39.05,79.59,666.00,9.11,20-04-23-08-48-23-042
39.06,79.57,666.00,9.13,20-04-23-08-48-23-077
39.09,79.64,666.00,9.16,20-04-23-08-48-23-110
39.03,79.62,666.00,9.13,20-04-23-08-48-23-141
38.98,79.59,666.00,9.10,20-04-23-08-48-23-176
38.99,79.60,666.00,9.11,20-04-23-08-48-23-275
38.99,79.61,666.00,9.11,20-04-23-08-48-23-307
39.00,79.60,666.00,9.12,20-04-23-08-48-23-344
39.01,79.59,666.00,9.13,20-04-23-08-48-23-375
39.02,79.56,666.00,9.14,20-04-23-08-48-23-409
39.03,79.48,666.00,9.13,20-04-23-08-48-23-440
39.04,79.45,666.00,9.14,20-04-23-08-48-23-475
39.06,79.42,666.00,9.14,20-04-23-08-48-23-507
39.07,79.46,666.00,9.15,20-04-23-08-48-23-540
39.09,79.51,666.00,9.16,20-04-23-08-48-23-575
39.16,79.58,666.00,9.25,20-04-23-08-48-23-608
39.26,79.75,666.00,9.41,20-04-23-08-48-23-641
39.35,79.89,666.00,9.59,20-04-23-08-48-23-678
40.16,80.79,666.00,9.82,20-04-23-08-48-23-705
40.80,81.26,666.00,10.53,20-04-23-08-48-23-738
41.34,81.59,666.00,11.37,20-04-23-08-48-23-776
41.80,81.80,666.00,13.00,20-04-23-08-48-23-809
41.74,81.03,666.00,18.18,20-04-23-08-48-23-840
41.60,80.00,666.00,20.23,20-04-23-08-48-23-877
41.39,78.62,666.00,21.03,20-04-23-08-48-23-909
41.19,76.60,666.00,21.05,20-04-23-08-48-23-940
41.10,73.94,666.00,21.19,20-04-23-08-48-23-975
41.46,70.76,666.00,21.51,20-04-23-08-48-24-010
42.08,67.73,666.00,21.91,20-04-23-08-48-24-037
46.57,69.73,666.00,26.94,20-04-23-08-48-24-077
47.14,66.30,666.00,26.73,20-04-23-08-48-24-109
47.41,62.30,666.00,25.95,20-04-23-08-48-24-143
48.19,58.91,666.00,25.18,20-04-23-08-48-24-173
50.06,59.15,666.00,27.62,20-04-23-08-48-24-208
51.57,59.23,666.00,26.84,20-04-23-08-48-24-240
52.72,59.14,666.00,26.69,20-04-23-08-48-24-275
53.77,59.06,666.00,26.78,20-04-23-08-48-24-308
55.24,58.76,666.00,26.76,20-04-23-08-48-24-342
56.38,58.54,666.00,27.57,20-04-23-08-48-24-374
57.53,58.85,666.00,29.11,20-04-23-08-48-24-408
58.55,59.18,115.36,31.05,20-04-23-08-48-24-440
59.33,57.91,113.79,31.18,20-04-23-08-48-24-475
61.08,58.12,111.28,33.41,20-04-23-08-48-24-512
62.73,57.40,109.16,33.19,20-04-23-08-48-24-542
64.16,57.96,107.59,34.56,20-04-23-08-48-24-576
65.28,58.64,105.65,35.96,20-04-23-08-48-24-607
66.35,59.62,103.65,37.85,20-04-23-08-48-24-641
65.75,43.36,104.15,30.54,20-04-23-08-48-24-677
68.07,18.54,666.00,13.36,20-04-23-08-48-24-708
74.07,0.92,666.00,6.71,20-04-23-08-48-24-742
75.72,2.28,666.00,6.62,20-04-23-08-48-24-776
77.09,3.37,666.00,9.95,20-04-23-08-48-24-810
78.99,3.31,666.00,12.48,20-04-23-08-48-24-851
81.55,4.61,666.00,10.48,20-04-23-08-48-24-893
82.91,7.00,666.00,10.22,20-04-23-08-48-24-911
85.23,8.19,666.00,9.01,20-04-23-08-48-24-946
87.48,8.86,666.00,7.61,20-04-23-08-48-24-976
91.52,9.31,666.00,2.68,20-04-23-08-48-25-008
94.14,9.37,666.00,1.28,20-04-23-08-48-25-040
95.75,9.50,666.00,4.99,20-04-23-08-48-25-073
96.78,9.77,666.00,7.34,20-04-23-08-48-25-106
97.69,9.95,666.00,7.91,20-04-23-08-48-25-140
98.47,10.14,666.00,7.75,20-04-23-08-48-25-174
99.24,10.35,666.00,7.40,20-04-23-08-48-25-208
100.80,10.80,666.00,6.08,20-04-23-08-48-25-239
102.06,11.14,666.00,6.48,20-04-23-08-48-25-275
103.68,11.43,666.00,6.35,20-04-23-08-48-25-308
104.76,11.62,666.00,7.60,20-04-23-08-48-25-341
106.22,11.85,666.00,7.52,20-04-23-08-48-25-375
107.56,12.14,666.00,7.71,20-04-23-08-48-25-410
111.47,15.05,666.00,6.94,20-04-23-08-48-25-441
113.16,16.19,666.00,7.14,20-04-23-08-48-25-474
114.15,16.70,666.00,7.23,20-04-23-08-48-25-506
114.86,17.08,666.00,7.67,20-04-23-08-48-25-540
115.44,17.28,666.00,8.38,20-04-23-08-48-25-576
115.99,17.32,666.00,8.84,20-04-23-08-48-25-607
116.78,17.19,666.00,8.52,20-04-23-08-48-25-640
117.98,16.10,666.00,11.72,20-04-23-08-48-25-676
119.15,15.57,666.00,12.35,20-04-23-08-48-25-705
120.44,15.34,666.00,13.28,20-04-23-08-48-25-743
121.83,15.25,666.00,14.51,20-04-23-08-48-25-775
123.39,15.55,666.00,13.65,20-04-23-08-48-25-808
125.23,16.11,666.00,11.73,20-04-23-08-48-25-842
126.99,16.71,666.00,9.52,20-04-23-08-48-25-872
128.89,17.54,666.00,7.38,20-04-23-08-48-25-908
130.54,18.30,666.00,5.93,20-04-23-08-48-25-940
131.72,18.78,666.00,5.31,20-04-23-08-48-25-976
132.58,19.16,666.00,6.10,20-04-23-08-48-26-007
133.23,19.41,666.00,7.08,20-04-23-08-48-26-040
133.82,19.59,666.00,8.38,20-04-23-08-48-26-075
134.35,19.75,666.00,8.99,20-04-23-08-48-26-109
135.10,19.98,666.00,9.13,20-04-23-08-48-26-139
135.70,20.15,666.00,10.29,20-04-23-08-48-26-176
136.27,20.33,666.00,10.75,20-04-23-08-48-26-209
136.79,20.50,666.00,11.16,20-04-23-08-48-26-239
137.28,20.64,666.00,11.27,20-04-23-08-48-26-274
137.71,20.79,666.00,13.37,20-04-23-08-48-26-308
138.06,21.00,666.00,14.19,20-04-23-08-48-26-340
138.33,21.26,666.00,14.30,20-04-23-08-48-26-375
138.55,21.56,666.00,14.10,20-04-23-08-48-26-406
138.77,21.90,666.00,13.64,20-04-23-08-48-26-441
139.01,22.22,666.00,13.03,20-04-23-08-48-26-473
139.18,22.62,666.00,12.52,20-04-23-08-48-26-509
139.38,22.97,666.00,12.11,20-04-23-08-48-26-541
139.76,23.41,666.00,11.61,20-04-23-08-48-26-573
140.11,23.73,666.00,11.52,20-04-23-08-48-26-608
140.44,24.05,666.00,12.96,20-04-23-08-48-26-638
140.76,24.29,666.00,13.60,20-04-23-08-48-26-675
141.06,24.47,666.00,13.70,20-04-23-08-48-26-710
141.30,24.61,666.00,13.62,20-04-23-08-48-26-742
141.50,24.75,666.00,13.46,20-04-23-08-48-26-776
141.65,24.88,666.00,13.31,20-04-23-08-48-26-808
141.76,24.99,666.00,13.02,20-04-23-08-48-26-839
141.83,25.08,666.00,12.50,20-04-23-08-48-26-877
141.88,25.15,666.00,10.96,20-04-23-08-48-26-907
141.90,25.18,666.00,9.35,20-04-23-08-48-26-943
141.88,25.18,666.00,7.82,20-04-23-08-48-26-977
141.79,25.16,666.00,5.36,20-04-23-08-48-27-009
141.52,25.05,666.00,4.31,20-04-23-08-48-27-043
140.76,24.72,666.00,4.02,20-04-23-08-48-27-082
139.82,24.40,666.00,4.01,20-04-23-08-48-27-108
138.88,24.14,666.00,6.02,20-04-23-08-48-27-141
137.66,24.01,666.00,7.32,20-04-23-08-48-27-177
136.53,23.92,666.00,8.20,20-04-23-08-48-27-208
135.21,23.76,666.00,8.96,20-04-23-08-48-27-240
132.69,23.49,666.00,8.76,20-04-23-08-48-27-275
130.23,23.23,666.00,9.31,20-04-23-08-48-27-309
128.08,22.98,666.00,9.83,20-04-23-08-48-27-341
125.99,22.73,666.00,9.45,20-04-23-08-48-27-375
123.79,22.33,666.00,9.52,20-04-23-08-48-27-409
121.89,22.08,666.00,9.64,20-04-23-08-48-27-440
119.93,21.93,666.00,8.26,20-04-23-08-48-27-475
118.22,21.78,666.00,6.74,20-04-23-08-48-27-511
116.66,21.66,666.00,5.50,20-04-23-08-48-27-540
115.40,21.60,666.00,4.98,20-04-23-08-48-27-580
114.05,21.55,666.00,4.85,20-04-23-08-48-27-609
112.08,22.22,666.00,15.54,20-04-23-08-48-27-640
110.76,22.46,666.00,20.20,20-04-23-08-48-27-675
109.47,22.49,666.00,15.80,20-04-23-08-48-27-709
108.40,22.39,666.00,12.77,20-04-23-08-48-27-742
107.12,22.14,666.00,10.21,20-04-23-08-48-27-775
106.07,21.87,666.00,10.11,20-04-23-08-48-27-810
105.13,21.59,666.00,7.21,20-04-23-08-48-27-840
104.14,21.25,666.00,5.63,20-04-23-08-48-27-876
102.76,20.96,666.00,4.03,20-04-23-08-48-27-907
101.46,20.53,666.00,6.62,20-04-23-08-48-27-943
100.50,20.00,666.00,7.75,20-04-23-08-48-27-978
99.76,19.57,666.00,7.44,20-04-23-08-48-28-008
98.81,19.26,666.00,7.96,20-04-23-08-48-28-041
97.49,18.86,666.00,8.34,20-04-23-08-48-28-076
96.45,18.49,666.00,6.91,20-04-23-08-48-28-109
95.55,18.20,666.00,7.03,20-04-23-08-48-28-140
94.70,18.00,666.00,7.01,20-04-23-08-48-28-175
93.72,17.81,666.00,6.95,20-04-23-08-48-28-211
92.56,17.66,666.00,6.66,20-04-23-08-48-28-242
91.40,17.48,666.00,6.31,20-04-23-08-48-28-275
89.81,16.98,666.00,5.50,20-04-23-08-48-28-309
88.20,16.69,666.00,5.26,20-04-23-08-48-28-342
86.69,16.47,666.00,5.06,20-04-23-08-48-28-375
84.60,16.15,666.00,5.26,20-04-23-08-48-28-404
82.90,15.98,666.00,6.90,20-04-23-08-48-28-442
81.37,16.26,666.00,7.54,20-04-23-08-48-28-475
80.15,16.49,666.00,7.71,20-04-23-08-48-28-507
79.05,16.74,666.00,8.46,20-04-23-08-48-28-541
78.05,21.21,666.00,12.71,20-04-23-08-48-28-576
76.88,23.33,666.00,14.58,20-04-23-08-48-28-610
77.92,20.09,666.00,11.50,20-04-23-08-48-28-641
76.44,20.68,666.00,11.65,20-04-23-08-48-28-676
75.26,19.83,666.00,10.31,20-04-23-08-48-28-709
73.31,21.49,666.00,10.92,20-04-23-08-48-28-740
70.02,26.46,666.00,14.02,20-04-23-08-48-28-774
67.48,26.29,666.00,13.39,20-04-23-08-48-28-806
66.87,22.35,666.00,9.52,20-04-23-08-48-28-843
65.94,19.83,666.00,8.20,20-04-23-08-48-28-873
61.57,17.53,666.00,8.60,20-04-23-08-48-28-908
59.91,16.73,666.00,7.69,20-04-23-08-48-28-940
59.09,16.19,666.00,7.00,20-04-23-08-48-28-973
58.50,15.82,666.00,4.45,20-04-23-08-48-29-008
57.41,15.67,666.00,2.81,20-04-23-08-48-29-042
56.32,17.49,666.00,3.47,20-04-23-08-48-29-073
55.11,20.97,666.00,5.88,20-04-23-08-48-29-108
53.88,23.06,666.00,6.88,20-04-23-08-48-29-142
53.54,19.58,666.00,3.70,20-04-23-08-48-29-174
52.33,18.15,666.00,2.82,20-04-23-08-48-29-206
51.07,16.97,666.00,1.15,20-04-23-08-48-29-239
50.01,16.48,666.00,2.09,20-04-23-08-48-29-275
48.85,16.20,666.00,2.64,20-04-23-08-48-29-306
47.69,16.05,666.00,4.47,20-04-23-08-48-29-343
46.38,16.07,666.00,5.70,20-04-23-08-48-29-378
45.21,16.50,666.00,5.63,20-04-23-08-48-29-408
44.17,17.03,666.00,5.64,20-04-23-08-48-29-441
43.06,17.79,666.00,5.48,20-04-23-08-48-29-475
41.94,18.61,666.00,6.06,20-04-23-08-48-29-508
40.87,19.26,666.00,5.50,20-04-23-08-48-29-546
39.82,34.96,666.00,9.73,20-04-23-08-48-29-574
40.12,46.36,666.00,15.84,20-04-23-08-48-29-608
42.57,59.45,666.00,21.32,20-04-23-08-48-29-642
44.72,66.31,666.00,21.53,20-04-23-08-48-29-677
45.16,68.28,666.00,20.14,20-04-23-08-48-29-707
45.17,69.45,666.00,19.74,20-04-23-08-48-29-739
44.55,69.39,666.00,18.57,20-04-23-08-48-29-776
44.08,69.31,666.00,18.06,20-04-23-08-48-29-803
42.85,68.06,666.00,16.80,20-04-23-08-48-29-841
42.00,67.33,666.00,16.08,20-04-23-08-48-29-874
40.98,66.70,666.00,14.87,20-04-23-08-48-29-906
40.53,67.43,666.00,15.50,20-04-23-08-48-29-941
40.18,67.97,666.00,15.88,20-04-23-08-48-29-975
39.85,68.38,666.00,15.90,20-04-23-08-48-30-008
39.44,68.61,666.00,15.51,20-04-23-08-48-30-044
38.80,68.92,666.00,14.81,20-04-23-08-48-30-074
38.33,69.29,666.00,14.32,20-04-23-08-48-30-106
37.96,69.59,666.00,13.91,20-04-23-08-48-30-138
37.67,69.85,666.00,13.60,20-04-23-08-48-30-173
37.48,70.22,666.00,13.42,20-04-23-08-48-30-209
37.31,70.57,666.00,13.26,20-04-23-08-48-30-241
37.15,70.88,666.00,13.12,20-04-23-08-48-30-277
37.06,71.30,666.00,13.05,20-04-23-08-48-30-308
36.98,71.67,666.00,13.00,20-04-23-08-48-30-342
36.85,72.12,666.00,12.97,20-04-23-08-48-30-377
36.72,72.59,666.00,12.98,20-04-23-08-48-30-407
25.28,52.84,666.00,19.01,20-04-23-08-48-30-442
20.52,32.07,-12.00,37.15,20-04-23-08-48-30-475
19.56,23.21,-12.01,43.33,20-04-23-08-48-30-508
19.17,17.42,-12.31,47.11,20-04-23-08-48-30-542
18.93,15.85,-12.74,48.22,20-04-23-08-48-30-572
18.73,18.28,-13.44,46.84,20-04-23-08-48-30-607
34.08,-31.27,-7.71,70.86,20-04-23-08-48-30-640
17.62,3.00,-13.47,47.75,20-04-23-08-48-30-675
17.35,3.38,-14.05,47.05,20-04-23-08-48-30-707
17.94,32.40,-17.48,37.43,20-04-23-08-48-30-741
19.20,42.37,-18.99,33.56,20-04-23-08-48-30-779
19.96,46.89,-19.69,31.70,20-04-23-08-48-30-808
20.32,48.84,-20.06,31.00,20-04-23-08-48-30-838
20.53,49.97,-20.24,30.59,20-04-23-08-48-30-875
20.67,50.58,-20.34,30.35,20-04-23-08-48-30-910
20.70,50.74,-20.29,30.29,20-04-23-08-48-30-940
20.64,50.46,-20.19,30.42,20-04-23-08-48-30-977
20.51,49.77,-20.01,30.69,20-04-23-08-48-31-011
29.70,-30.11,-12.12,62.97,20-04-23-08-48-31-040
20.21,48.15,-19.46,31.30,20-04-23-08-48-31-074
19.99,46.87,-19.14,31.79,20-04-23-08-48-31-106
30.16,-29.96,-11.74,63.20,20-04-23-08-48-31-141
19.75,45.23,-18.50,32.39,20-04-23-08-48-31-175
19.66,44.30,-18.06,32.65,20-04-23-08-48-31-209
19.61,43.40,-17.68,32.93,20-04-23-08-48-31-241
19.59,42.50,-17.33,33.20,20-04-23-08-48-31-276
19.61,41.64,-17.03,33.47,20-04-23-08-48-31-310
19.67,40.86,-16.63,33.69,20-04-23-08-48-31-338
19.79,40.08,-16.07,33.87,20-04-23-08-48-31-374
19.98,39.26,-14.88,33.92,20-04-23-08-48-31-408
20.24,38.43,-13.16,33.80,20-04-23-08-48-31-442
20.47,37.85,-10.82,33.55,20-04-23-08-48-31-474
21.10,36.83,-9.68,33.28,20-04-23-08-48-31-508
22.57,35.74,-10.83,31.59,20-04-23-08-48-31-540
33.70,59.67,666.00,1.07,20-04-23-08-48-31-573
41.61,67.30,666.00,18.69,20-04-23-08-48-31-607
44.54,69.15,666.00,25.16,20-04-23-08-48-31-638
46.38,70.10,666.00,29.00,20-04-23-08-48-31-675
47.53,70.03,146.60,30.59,20-04-23-08-48-31-707
48.02,68.98,666.00,29.89,20-04-23-08-48-31-739
48.19,66.80,666.00,27.01,20-04-23-08-48-31-775
49.23,67.16,666.00,25.93,20-04-23-08-48-31-809
50.82,67.26,666.00,26.31,20-04-23-08-48-31-842
52.27,67.15,666.00,25.91,20-04-23-08-48-31-873
53.61,66.84,666.00,25.56,20-04-23-08-48-31-908
56.13,65.90,666.00,25.45,20-04-23-08-48-31-942
58.04,64.70,666.00,25.13,20-04-23-08-48-31-974
59.26,63.15,666.00,24.79,20-04-23-08-48-32-009
60.22,61.85,666.00,24.44,20-04-23-08-48-32-042
60.86,60.98,666.00,24.45,20-04-23-08-48-32-075
61.91,60.48,666.00,24.78,20-04-23-08-48-32-110
62.64,60.04,666.00,25.66,20-04-23-08-48-32-140
63.30,59.91,666.00,26.61,20-04-23-08-48-32-175
64.03,59.92,666.00,27.48,20-04-23-08-48-32-209
65.02,60.06,666.00,28.67,20-04-23-08-48-32-242
65.90,60.17,666.00,29.80,20-04-23-08-48-32-277
66.85,60.41,103.76,31.12,20-04-23-08-48-32-307
68.76,56.78,106.23,33.93,20-04-23-08-48-32-340
69.56,60.61,105.45,37.38,20-04-23-08-48-32-375
70.47,21.54,666.00,7.97,20-04-23-08-48-32-408
73.15,11.14,666.00,2.31,20-04-23-08-48-32-440
75.88,4.16,666.00,3.79,20-04-23-08-48-32-476
76.89,5.14,666.00,3.82,20-04-23-08-48-32-509
77.78,5.48,666.00,6.13,20-04-23-08-48-32-541
79.50,5.13,666.00,5.33,20-04-23-08-48-32-575
80.80,7.92,666.00,6.10,20-04-23-08-48-32-609
82.15,9.65,666.00,6.07,20-04-23-08-48-32-641
83.83,10.36,666.00,5.26,20-04-23-08-48-32-675
85.28,10.87,666.00,5.02,20-04-23-08-48-32-711
86.75,11.26,666.00,4.83,20-04-23-08-48-32-740
88.27,11.61,666.00,4.61,20-04-23-08-48-32-776
89.50,11.79,666.00,5.13,20-04-23-08-48-32-806
90.97,11.82,666.00,5.39,20-04-23-08-48-32-841
92.54,11.82,666.00,9.89,20-04-23-08-48-32-877
94.14,11.84,666.00,11.27,20-04-23-08-48-32-907
95.88,11.84,666.00,10.91,20-04-23-08-48-32-942
97.72,11.87,666.00,9.45,20-04-23-08-48-32-974
99.17,11.88,666.00,8.11,20-04-23-08-48-33-008
100.53,11.95,666.00,8.05,20-04-23-08-48-33-041
102.10,11.94,666.00,7.36,20-04-23-08-48-33-078
103.98,12.08,666.00,6.69,20-04-23-08-48-33-108
107.83,12.69,666.00,2.80,20-04-23-08-48-33-141
109.29,12.93,666.00,2.65,20-04-23-08-48-33-175
110.33,13.11,666.00,2.91,20-04-23-08-48-33-209
111.13,13.27,666.00,2.81,20-04-23-08-48-33-240
111.98,13.45,666.00,2.53,20-04-23-08-48-33-275
112.45,13.67,666.00,2.46,20-04-23-08-48-33-310
112.89,13.80,666.00,2.60,20-04-23-08-48-33-341
113.31,13.89,666.00,2.99,20-04-23-08-48-33-375
113.69,13.93,666.00,3.75,20-04-23-08-48-33-407
114.04,13.98,666.00,4.50,20-04-23-08-48-33-438
114.38,14.00,666.00,5.17,20-04-23-08-48-33-476
114.74,14.04,666.00,5.35,20-04-23-08-48-33-507
115.09,14.08,666.00,5.37,20-04-23-08-48-33-543
115.44,14.10,666.00,5.32,20-04-23-08-48-33-576
115.77,14.13,666.00,5.16,20-04-23-08-48-33-607
116.04,14.14,666.00,4.91,20-04-23-08-48-33-640
116.25,14.16,666.00,4.43,20-04-23-08-48-33-674
116.42,14.17,666.00,4.86,20-04-23-08-48-33-707
115.53,13.96,666.00,5.10,20-04-23-08-48-33-738
115.45,13.92,666.00,5.26,20-04-23-08-48-33-774
115.40,13.90,666.00,5.07,20-04-23-08-48-33-808
115.46,13.90,666.00,3.28,20-04-23-08-48-33-841
115.56,13.91,666.00,2.84,20-04-23-08-48-33-874
115.84,13.97,666.00,2.53,20-04-23-08-48-33-908
116.22,14.04,666.00,2.01,20-04-23-08-48-33-940
116.48,14.09,666.00,2.08,20-04-23-08-48-33-974
116.68,14.13,666.00,1.97,20-04-23-08-48-34-010
116.77,14.15,666.00,2.00,20-04-23-08-48-34-041
116.84,14.17,666.00,2.09,20-04-23-08-48-34-075
116.89,14.18,666.00,2.22,20-04-23-08-48-34-108
116.95,14.19,666.00,2.35,20-04-23-08-48-34-144
117.06,14.17,666.00,2.54,20-04-23-08-48-34-176
117.12,14.14,666.00,7.34,20-04-23-08-48-34-210
117.29,14.10,666.00,9.28,20-04-23-08-48-34-241
117.52,14.05,666.00,9.61,20-04-23-08-48-34-276
117.84,14.00,666.00,10.69,20-04-23-08-48-34-310
118.24,13.95,666.00,10.59,20-04-23-08-48-34-340
118.69,13.91,666.00,11.29,20-04-23-08-48-34-376
119.23,13.90,666.00,11.14,20-04-23-08-48-34-405
119.72,13.93,666.00,10.30,20-04-23-08-48-34-441
120.31,13.70,666.00,10.11,20-04-23-08-48-34-474
120.88,13.46,666.00,9.67,20-04-23-08-48-34-508
121.34,13.35,666.00,9.17,20-04-23-08-48-34-541
121.68,13.61,666.00,8.67,20-04-23-08-48-34-573
121.95,13.93,666.00,8.22,20-04-23-08-48-34-605
122.16,14.23,666.00,7.90,20-04-23-08-48-34-641
122.30,14.52,666.00,7.68,20-04-23-08-48-34-676
122.36,14.83,666.00,7.59,20-04-23-08-48-34-708
122.35,15.15,666.00,7.59,20-04-23-08-48-34-742
122.32,15.46,666.00,7.64,20-04-23-08-48-34-775
122.27,15.80,666.00,7.72,20-04-23-08-48-34-810
122.19,16.09,666.00,7.80,20-04-23-08-48-34-838
122.11,16.34,666.00,7.86,20-04-23-08-48-34-876
122.04,16.55,666.00,7.90,20-04-23-08-48-34-910
121.93,16.75,666.00,4.09,20-04-23-08-48-34-939
121.84,16.92,666.00,3.88,20-04-23-08-48-34-973
121.74,17.07,666.00,2.20,20-04-23-08-48-35-006
121.63,17.23,666.00,1.70,20-04-23-08-48-35-040
121.53,17.37,666.00,1.63,20-04-23-08-48-35-075
121.42,17.48,666.00,1.66,20-04-23-08-48-35-107
121.31,17.60,666.00,1.71,20-04-23-08-48-35-140
121.19,17.64,666.00,1.82,20-04-23-08-48-35-176
121.09,17.70,666.00,1.89,20-04-23-08-48-35-207
120.96,17.79,666.00,1.91,20-04-23-08-48-35-244
120.86,17.88,666.00,1.99,20-04-23-08-48-35-276
120.77,17.99,666.00,2.11,20-04-23-08-48-35-307
120.66,18.14,666.00,2.31,20-04-23-08-48-35-341
120.56,18.13,666.00,2.60,20-04-23-08-48-35-377
120.10,18.04,666.00,2.85,20-04-23-08-48-35-408
119.96,18.04,666.00,3.06,20-04-23-08-48-35-441
119.86,18.06,666.00,3.21,20-04-23-08-48-35-473
119.81,18.08,666.00,3.34,20-04-23-08-48-35-508
119.86,18.14,666.00,8.04,20-04-23-08-48-35-541
119.93,18.21,666.00,10.02,20-04-23-08-48-35-577
120.06,18.30,666.00,10.74,20-04-23-08-48-35-608
120.33,18.42,666.00,11.09,20-04-23-08-48-35-641
120.57,18.54,666.00,11.25,20-04-23-08-48-35-676
120.80,18.68,666.00,11.25,20-04-23-08-48-35-706
121.03,18.84,666.00,11.10,20-04-23-08-48-35-740
121.25,19.00,666.00,10.87,20-04-23-08-48-35-776
121.46,19.14,666.00,10.60,20-04-23-08-48-35-809
121.65,19.29,666.00,10.31,20-04-23-08-48-35-841
121.87,19.47,666.00,10.03,20-04-23-08-48-35-878
122.10,19.70,666.00,9.78,20-04-23-08-48-35-908
122.35,19.96,666.00,9.54,20-04-23-08-48-35-941
122.63,20.26,666.00,9.27,20-04-23-08-48-35-972
122.90,20.56,666.00,9.07,20-04-23-08-48-36-010
123.13,20.83,666.00,8.98,20-04-23-08-48-36-042
123.33,21.08,666.00,8.92,20-04-23-08-48-36-075
123.53,21.30,666.00,8.84,20-04-23-08-48-36-109
123.76,21.54,666.00,8.74,20-04-23-08-48-36-141
123.95,21.75,666.00,8.67,20-04-23-08-48-36-174
124.18,21.96,666.00,8.53,20-04-23-08-48-36-209
124.13,22.06,666.00,8.40,20-04-23-08-48-36-240
124.17,22.19,666.00,8.26,20-04-23-08-48-36-274
124.30,22.36,666.00,8.12,20-04-23-08-48-36-307
123.95,22.29,666.00,8.01,20-04-23-08-48-36-341
124.01,22.33,666.00,7.92,20-04-23-08-48-36-374
124.08,22.36,666.00,7.85,20-04-23-08-48-36-410
124.01,22.36,666.00,7.75,20-04-23-08-48-36-441
123.99,22.39,666.00,7.69,20-04-23-08-48-36-475
124.05,22.45,666.00,7.65,20-04-23-08-48-36-509
124.20,22.53,666.00,7.62,20-04-23-08-48-36-542
124.35,22.65,666.00,7.60,20-04-23-08-48-36-574
124.38,22.73,666.00,7.68,20-04-23-08-48-36-610
124.41,22.80,666.00,7.75,20-04-23-08-48-36-642
124.43,22.90,666.00,7.81,20-04-23-08-48-36-674
124.40,22.99,666.00,7.93,20-04-23-08-48-36-706
124.37,23.05,666.00,8.02,20-04-23-08-48-36-739
124.36,23.15,666.00,8.09,20-04-23-08-48-36-779
124.36,23.27,666.00,8.19,20-04-23-08-48-36-805
124.38,23.39,666.00,8.30,20-04-23-08-48-36-842
124.44,23.50,666.00,8.48,20-04-23-08-48-36-876
124.56,23.64,666.00,8.74,20-04-23-08-48-36-905
124.75,23.79,666.00,8.97,20-04-23-08-48-36-940
125.03,23.93,666.00,9.24,20-04-23-08-48-36-975
125.41,24.15,666.00,9.53,20-04-23-08-48-37-008
125.79,24.36,666.00,10.44,20-04-23-08-48-37-041
126.23,24.57,666.00,10.94,20-04-23-08-48-37-074
126.72,24.78,666.00,11.21,20-04-23-08-48-37-108
127.46,24.98,666.00,11.10,20-04-23-08-48-37-142
128.06,25.15,666.00,11.02,20-04-23-08-48-37-174
128.57,25.32,666.00,11.05,20-04-23-08-48-37-207
129.02,25.43,666.00,11.17,20-04-23-08-48-37-240
129.43,25.51,666.00,11.48,20-04-23-08-48-37-274
129.64,25.47,666.00,11.97,20-04-23-08-48-37-306
130.11,25.52,666.00,12.32,20-04-23-08-48-37-340
130.53,25.52,666.00,12.59,20-04-23-08-48-37-374
130.97,25.54,666.00,12.81,20-04-23-08-48-37-406
131.46,25.55,666.00,13.60,20-04-23-08-48-37-440
131.77,25.48,666.00,14.23,20-04-23-08-48-37-474
132.26,25.53,666.00,14.57,20-04-23-08-48-37-507
132.79,25.64,666.00,14.57,20-04-23-08-48-37-541
133.16,25.70,666.00,14.51,20-04-23-08-48-37-574
133.47,25.75,666.00,14.37,20-04-23-08-48-37-605
133.78,25.81,666.00,14.19,20-04-23-08-48-37-640
134.03,25.84,666.00,14.01,20-04-23-08-48-37-675
134.20,25.84,666.00,13.75,20-04-23-08-48-37-708
134.37,25.84,666.00,13.34,20-04-23-08-48-37-738
136.02,26.84,666.00,12.85,20-04-23-08-48-37-774
136.46,27.07,666.00,12.31,20-04-23-08-48-37-807
134.77,25.85,666.00,11.83,20-04-23-08-48-37-841
133.71,25.12,666.00,11.43,20-04-23-08-48-37-874
133.40,24.86,666.00,11.09,20-04-23-08-48-37-908
133.47,24.83,666.00,10.82,20-04-23-08-48-37-945
133.68,24.88,666.00,10.60,20-04-23-08-48-37-976
133.84,24.91,666.00,10.40,20-04-23-08-48-38-010
134.13,25.02,666.00,10.22,20-04-23-08-48-38-042
134.38,25.14,666.00,10.08,20-04-23-08-48-38-078
134.99,25.51,666.00,9.94,20-04-23-08-48-38-106
135.33,25.73,666.00,9.72,20-04-23-08-48-38-141
135.52,25.86,666.00,9.47,20-04-23-08-48-38-178
135.08,25.59,666.00,9.18,20-04-23-08-48-38-206
135.03,25.58,666.00,8.94,20-04-23-08-48-38-240
134.90,25.56,666.00,8.62,20-04-23-08-48-38-273
134.77,25.54,666.00,8.22,20-04-23-08-48-38-308
134.59,25.49,666.00,7.82,20-04-23-08-48-38-340
134.42,25.45,666.00,7.37,20-04-23-08-48-38-375
134.22,25.40,666.00,7.02,20-04-23-08-48-38-408
134.04,25.37,666.00,5.94,20-04-23-08-48-38-439
133.90,25.36,666.00,5.82,20-04-23-08-48-38-474
133.69,25.31,666.00,5.77,20-04-23-08-48-38-510
133.48,25.30,666.00,5.78,20-04-23-08-48-38-541
133.28,25.29,666.00,5.85,20-04-23-08-48-38-573
133.10,25.29,666.00,5.95,20-04-23-08-48-38-608
132.47,25.02,666.00,6.03,20-04-23-08-48-38-639
132.10,24.93,666.00,6.13,20-04-23-08-48-38-676
131.39,24.73,666.00,6.30,20-04-23-08-48-38-708
129.92,24.35,666.00,7.04,20-04-23-08-48-38-740
126.80,23.92,666.00,10.13,20-04-23-08-48-38-783
122.36,23.56,666.00,9.49,20-04-23-08-48-38-805
118.40,23.54,666.00,10.93,20-04-23-08-48-38-838
113.40,23.61,666.00,13.64,20-04-23-08-48-38-873
105.47,23.10,666.00,11.69,20-04-23-08-48-38-906
98.72,22.76,666.00,9.50,20-04-23-08-48-38-938
91.70,21.93,666.00,9.75,20-04-23-08-48-38-974
82.98,20.82,666.00,11.44,20-04-23-08-48-39-007
76.18,19.46,666.00,8.85,20-04-23-08-48-39-039
70.33,17.76,666.00,5.12,20-04-23-08-48-39-072
65.28,17.10,666.00,5.19,20-04-23-08-48-39-105
61.20,16.57,666.00,3.68,20-04-23-08-48-39-141
58.97,15.38,666.00,3.18,20-04-23-08-48-39-174
57.00,14.41,666.00,8.51,20-04-23-08-48-39-206
54.83,13.64,666.00,9.35,20-04-23-08-48-39-240
51.33,13.10,666.00,5.34,20-04-23-08-48-39-277
47.62,12.64,666.00,6.80,20-04-23-08-48-39-306
44.08,11.88,666.00,4.83,20-04-23-08-48-39-339
40.92,10.93,666.00,4.29,20-04-23-08-48-39-373
38.30,10.22,666.00,2.84,20-04-23-08-48-39-406
35.93,9.66,666.00,4.27,20-04-23-08-48-39-439
33.92,9.33,666.00,8.15,20-04-23-08-48-39-475
30.92,9.12,666.00,6.73,20-04-23-08-48-39-506
27.87,8.57,666.00,7.03,20-04-23-08-48-39-539
20.93,1.89,666.00,9.04,20-04-23-08-48-39-574
18.26,-0.07,666.00,11.26,20-04-23-08-48-39-607
16.46,-0.11,666.00,11.61,20-04-23-08-48-39-641
14.85,3.03,666.00,10.39,20-04-23-08-48-39-675
13.86,7.22,666.00,8.97,20-04-23-08-48-39-706
13.27,12.46,666.00,7.11,20-04-23-08-48-39-740
13.08,17.32,666.00,5.69,20-04-23-08-48-39-778
13.19,21.32,666.00,4.74,20-04-23-08-48-39-808
13.33,24.15,666.00,4.90,20-04-23-08-48-39-840
13.54,26.02,666.00,5.92,20-04-23-08-48-39-875
13.95,26.87,666.00,7.36,20-04-23-08-48-39-908
14.87,25.84,666.00,9.69,20-04-23-08-48-39-938
15.96,23.81,666.00,11.62,20-04-23-08-48-39-977
17.34,22.78,666.00,13.33,20-04-23-08-48-40-008
18.71,22.42,666.00,14.02,20-04-23-08-48-40-039
19.78,21.62,666.00,14.53,20-04-23-08-48-40-073
20.52,21.56,666.00,14.62,20-04-23-08-48-40-107
21.06,21.83,666.00,14.51,20-04-23-08-48-40-142
21.43,22.28,666.00,14.32,20-04-23-08-48-40-173
21.68,22.81,666.00,13.97,20-04-23-08-48-40-208
21.85,23.09,666.00,13.67,20-04-23-08-48-40-241
21.85,22.84,666.00,13.46,20-04-23-08-48-40-274
21.73,23.29,666.00,12.96,20-04-23-08-48-40-308
20.00,23.45,666.00,13.53,20-04-23-08-48-40-341
19.08,24.33,666.00,13.42,20-04-23-08-48-40-373
18.35,24.98,666.00,13.19,20-04-23-08-48-40-408
18.05,26.58,666.00,12.84,20-04-23-08-48-40-443
20.96,52.76,666.00,4.30,20-04-23-08-48-40-474
18.91,41.25,666.00,7.98,20-04-23-08-48-40-506
17.97,32.98,666.00,10.71,20-04-23-08-48-40-539
17.54,27.97,666.00,12.32,20-04-23-08-48-40-574
17.02,26.93,666.00,12.66,20-04-23-08-48-40-607
16.79,25.99,666.00,13.09,20-04-23-08-48-40-639
16.68,25.11,666.00,14.06,20-04-23-08-48-40-673
16.56,24.49,666.00,14.81,20-04-23-08-48-40-707
16.61,24.90,666.00,14.97,20-04-23-08-48-40-741
17.65,25.50,666.00,14.19,20-04-23-08-48-40-775
17.65,27.49,666.00,13.60,20-04-23-08-48-40-810
17.75,27.59,666.00,13.65,20-04-23-08-48-40-842
18.13,29.05,666.00,12.96,20-04-23-08-48-40-874
18.42,30.06,666.00,12.66,20-04-23-08-48-40-908
18.51,32.14,666.00,11.95,20-04-23-08-48-40-940
18.39,33.12,666.00,11.86,20-04-23-08-48-40-973
18.40,33.84,666.00,11.70,20-04-23-08-48-41-007
18.30,34.18,666.00,11.79,20-04-23-08-48-41-040
18.48,32.70,666.00,12.47,20-04-23-08-48-41-073
18.24,32.85,666.00,12.84,20-04-23-08-48-41-108
18.27,32.66,666.00,13.03,20-04-23-08-48-41-146
18.36,32.44,666.00,13.06,20-04-23-08-48-41-174
17.91,31.59,666.00,13.86,20-04-23-08-48-41-204
17.45,30.78,666.00,14.57,20-04-23-08-48-41-241
16.96,29.83,666.00,15.32,20-04-23-08-48-41-274
16.99,31.00,666.00,15.08,20-04-23-08-48-41-308
16.72,32.00,666.00,14.92,20-04-23-08-48-41-341
13.48,31.75,666.00,18.73,20-04-23-08-48-41-379
12.55,31.85,666.00,20.06,20-04-23-08-48-41-405
12.16,31.90,666.00,20.52,20-04-23-08-48-41-442
12.96,32.76,666.00,17.94,20-04-23-08-48-41-474
15.53,33.08,666.00,14.14,20-04-23-08-48-41-508
17.16,32.93,666.00,12.61,20-04-23-08-48-41-540
17.91,32.55,666.00,12.41,20-04-23-08-48-41-575
18.48,32.15,666.00,12.36,20-04-23-08-48-41-605
18.83,31.48,666.00,12.66,20-04-23-08-48-41-640
19.07,30.66,666.00,13.03,20-04-23-08-48-41-675
20.01,28.09,666.00,13.69,20-04-23-08-48-41-705
20.61,26.36,666.00,14.22,20-04-23-08-48-41-740
21.04,24.81,666.00,15.05,20-04-23-08-48-41-772
21.27,23.97,666.00,15.46,20-04-23-08-48-41-806
21.45,23.44,666.00,15.72,20-04-23-08-48-41-840
21.51,19.76,666.00,16.13,20-04-23-08-48-41-873
18.18,11.18,666.00,23.62,20-04-23-08-48-41-908
18.58,18.22,666.00,19.61,20-04-23-08-48-41-938
18.18,19.24,666.00,19.20,20-04-23-08-48-42-346
28.82,72.05,666.00,5.02,20-04-23-08-48-42-370
38.58,83.37,666.00,12.52,20-04-23-08-48-42-379
44.83,88.52,666.00,18.41,20-04-23-08-48-42-407
45.01,88.39,666.00,18.19,20-04-23-08-48-42-437
30.98,72.70,666.00,13.91,20-04-23-08-48-42-474
23.70,55.46,-23.12,33.56,20-04-23-08-48-42-505
20.93,44.49,-21.97,41.93,20-04-23-08-48-42-537
19.63,35.02,-21.19,47.21,20-04-23-08-48-42-577
19.31,31.82,-20.98,48.81,20-04-23-08-48-42-608
19.46,31.82,-20.97,47.99,20-04-23-08-48-42-643
19.81,32.82,-20.63,46.18,20-04-23-08-48-42-676
20.24,33.53,-19.20,43.86,20-04-23-08-48-42-709
23.02,37.00,-22.34,34.97,20-04-23-08-48-42-741
37.52,68.78,666.00,6.10,20-04-23-08-48-42-775
46.64,76.76,666.00,26.50,20-04-23-08-48-42-815
49.91,78.89,142.64,36.26,20-04-23-08-48-42-839
51.55,78.93,133.55,41.21,20-04-23-08-48-42-874
52.03,73.50,130.00,38.61,20-04-23-08-48-42-909
50.00,59.29,125.82,32.49,20-04-23-08-48-42-942
58.07,20.66,666.00,4.31,20-04-23-08-48-42-975
54.18,53.53,108.26,32.25,20-04-23-08-48-43-010
57.15,44.33,105.64,32.63,20-04-23-08-48-43-040
60.56,25.67,666.00,22.87,20-04-23-08-48-43-120
65.25,14.98,666.00,21.85,20-04-23-08-48-43-128
74.08,10.53,666.00,14.71,20-04-23-08-48-43-140
81.06,1.85,666.00,8.47,20-04-23-08-48-43-175
86.82,2.32,666.00,5.53,20-04-23-08-48-43-209
90.77,4.24,666.00,10.59,20-04-23-08-48-43-242
93.11,4.97,666.00,12.90,20-04-23-08-48-43-275
98.31,6.17,666.00,11.05,20-04-23-08-48-43-308
102.84,8.40,666.00,7.38,20-04-23-08-48-43-342
107.50,9.91,666.00,8.91,20-04-23-08-48-43-375
110.44,10.50,666.00,9.26,20-04-23-08-48-43-408
114.26,11.31,666.00,8.63,20-04-23-08-48-43-439
116.11,11.63,666.00,13.45,20-04-23-08-48-43-473
117.20,10.92,666.00,15.14,20-04-23-08-48-43-507
118.72,8.71,666.00,14.19,20-04-23-08-48-43-541
119.79,7.46,666.00,14.50,20-04-23-08-48-43-572
124.58,8.72,666.00,11.15,20-04-23-08-48-43-604
128.56,6.09,666.00,8.61,20-04-23-08-48-43-640
130.16,7.01,666.00,8.31,20-04-23-08-48-43-673
132.03,10.34,666.00,8.10,20-04-23-08-48-43-707
134.35,14.30,666.00,11.71,20-04-23-08-48-43-740
135.33,16.23,666.00,14.20,20-04-23-08-48-43-774
136.02,17.10,666.00,16.02,20-04-23-08-48-43-807
136.96,17.00,666.00,17.53,20-04-23-08-48-43-840
138.10,16.73,666.00,15.98,20-04-23-08-48-43-873
143.53,22.37,666.00,14.46,20-04-23-08-48-43-906
145.12,25.37,666.00,15.19,20-04-23-08-48-43-940
147.67,25.66,666.00,15.04,20-04-23-08-48-43-974
148.66,27.31,666.00,14.71,20-04-23-08-48-44-007
150.81,30.08,666.00,14.46,20-04-23-08-48-44-039
