12.65,5.05,666.00,20.30,11-05-23-10-16-21-169
12.64,4.95,666.00,20.29,11-05-23-10-16-21-189
12.64,4.85,666.00,20.29,11-05-23-10-16-21-224
12.64,4.77,666.00,20.28,11-05-23-10-16-21-251
12.64,4.69,666.00,20.28,11-05-23-10-16-21-292
12.65,4.60,666.00,20.29,11-05-23-10-16-21-320
12.64,4.45,666.00,20.35,11-05-23-10-16-21-353
12.63,4.29,666.00,20.42,11-05-23-10-16-21-386
12.63,4.15,666.00,20.47,11-05-23-10-16-21-430
12.63,4.02,666.00,20.52,11-05-23-10-16-21-452
12.63,3.90,666.00,20.56,11-05-23-10-16-21-487
12.65,3.78,666.00,20.59,11-05-23-10-16-21-521
12.66,3.68,666.00,20.62,11-05-23-10-16-21-551
12.68,3.58,666.00,20.64,11-05-23-10-16-21-589
12.70,3.49,666.00,20.66,11-05-23-10-16-21-621
12.72,3.41,666.00,20.68,11-05-23-10-16-21-658
12.73,3.30,666.00,20.71,11-05-23-10-16-21-685
12.74,3.20,666.00,20.73,11-05-23-10-16-21-719
12.75,3.09,666.00,20.76,11-05-23-10-16-21-753
12.75,2.99,666.00,20.78,11-05-23-10-16-21-788
12.76,2.90,666.00,20.79,11-05-23-10-16-21-821
12.76,2.84,666.00,20.80,11-05-23-10-16-21-853
12.75,2.82,666.00,20.79,11-05-23-10-16-21-889
12.74,2.85,666.00,20.76,11-05-23-10-16-21-918
12.74,3.00,666.00,20.69,11-05-23-10-16-21-954
12.73,3.68,666.00,20.66,11-05-23-10-16-21-992
12.73,5.14,666.00,20.83,11-05-23-10-16-22-019
12.79,7.80,666.00,20.85,11-05-23-10-16-22-053
13.19,13.78,666.00,22.58,11-05-23-10-16-22-089
14.10,21.68,666.00,24.95,11-05-23-10-16-22-119
15.34,28.44,666.00,27.88,11-05-23-10-16-22-153
18.65,38.85,666.00,26.43,11-05-23-10-16-22-192
21.79,44.34,666.00,27.63,11-05-23-10-16-22-221
25.20,48.08,666.00,28.58,11-05-23-10-16-22-254
29.49,51.10,666.00,29.77,11-05-23-10-16-22-288
35.74,53.91,666.00,29.29,11-05-23-10-16-22-325
39.32,54.60,-7.82,34.77,11-05-23-10-16-22-350
45.60,55.22,-9.27,37.05,11-05-23-10-16-22-401
50.32,55.99,-12.93,34.62,11-05-23-10-16-22-423
58.56,59.34,-11.19,30.84,11-05-23-10-16-22-457
66.44,60.93,666.00,27.47,11-05-23-10-16-22-499
71.98,61.18,666.00,27.01,11-05-23-10-16-22-525
78.79,61.31,666.00,25.01,11-05-23-10-16-22-553
83.25,61.29,666.00,28.12,11-05-23-10-16-22-586
85.85,61.37,666.00,29.90,11-05-23-10-16-22-621
88.17,61.39,-24.52,35.80,11-05-23-10-16-22-652
90.57,60.28,-25.13,39.61,11-05-23-10-16-22-686
102.99,59.83,666.00,26.94,11-05-23-10-16-22-720
112.84,60.27,666.00,19.75,11-05-23-10-16-22-756
120.74,61.42,666.00,14.62,11-05-23-10-16-22-793
125.02,61.12,666.00,14.96,11-05-23-10-16-22-823
127.99,60.67,666.00,17.07,11-05-23-10-16-22-851
132.88,60.10,666.00,16.69,11-05-23-10-16-22-885
134.81,59.65,666.00,19.56,11-05-23-10-16-22-922
136.53,58.97,666.00,23.78,11-05-23-10-16-22-961
138.94,57.64,666.00,23.68,11-05-23-10-16-22-988
141.66,56.49,666.00,24.93,11-05-23-10-16-23-018
146.89,55.15,666.00,21.27,11-05-23-10-16-23-053
149.08,54.50,666.00,21.59,11-05-23-10-16-23-085
151.18,52.61,666.00,21.20,11-05-23-10-16-23-121
152.45,50.67,666.00,20.73,11-05-23-10-16-23-156
153.21,49.11,666.00,20.74,11-05-23-10-16-23-192
153.63,47.69,666.00,20.95,11-05-23-10-16-23-218
153.84,46.88,666.00,21.19,11-05-23-10-16-23-263
153.90,46.53,666.00,21.34,11-05-23-10-16-23-286
153.83,46.52,666.00,21.33,11-05-23-10-16-23-319
153.60,47.10,666.00,21.21,11-05-23-10-16-23-352
153.26,47.81,666.00,20.90,11-05-23-10-16-23-389
152.70,48.92,666.00,20.15,11-05-23-10-16-23-419
151.45,51.51,666.00,19.13,11-05-23-10-16-23-452
149.86,53.88,666.00,18.27,11-05-23-10-16-23-488
147.59,56.39,666.00,17.77,11-05-23-10-16-23-521
139.97,61.87,666.00,18.15,11-05-23-10-16-23-554
135.68,63.23,666.00,18.21,11-05-23-10-16-23-591
132.12,63.25,666.00,16.20,11-05-23-10-16-23-621
129.21,62.68,666.00,14.86,11-05-23-10-16-23-651
122.70,60.83,666.00,17.50,11-05-23-10-16-23-686
118.09,59.72,666.00,18.14,11-05-23-10-16-23-728
114.03,58.50,666.00,18.89,11-05-23-10-16-23-754
108.72,58.53,666.00,18.64,11-05-23-10-16-23-787
102.86,59.10,666.00,18.42,11-05-23-10-16-23-823
100.65,58.87,666.00,19.33,11-05-23-10-16-23-854
93.49,57.29,666.00,21.47,11-05-23-10-16-23-888
91.01,56.56,666.00,22.33,11-05-23-10-16-23-921
79.26,52.37,-47.94,35.31,11-05-23-10-16-23-956
72.67,48.74,-36.68,45.35,11-05-23-10-16-23-987
67.64,45.91,-28.73,52.72,11-05-23-10-16-24-028
58.24,42.91,-17.82,60.41,11-05-23-10-16-24-053
54.36,41.08,-29.84,42.36,11-05-23-10-16-24-088
50.76,39.14,666.00,29.04,11-05-23-10-16-24-121
45.45,36.15,666.00,23.00,11-05-23-10-16-24-152
39.73,32.79,666.00,20.82,11-05-23-10-16-24-188
34.16,27.99,666.00,20.82,11-05-23-10-16-24-217
29.17,21.82,666.00,20.26,11-05-23-10-16-24-253
25.17,14.89,666.00,18.75,11-05-23-10-16-24-286
21.97,6.79,666.00,19.37,11-05-23-10-16-24-331
19.45,-3.05,666.00,18.60,11-05-23-10-16-24-354
17.89,-12.10,666.00,17.53,11-05-23-10-16-24-387
16.83,-21.44,666.00,18.22,11-05-23-10-16-24-420
16.33,-29.58,666.00,18.28,11-05-23-10-16-24-454
16.17,-39.02,666.00,19.37,11-05-23-10-16-24-486
16.32,-45.40,666.00,20.35,11-05-23-10-16-24-524
16.63,-50.76,666.00,21.63,11-05-23-10-16-24-556
17.00,-54.58,666.00,22.77,11-05-23-10-16-24-585
17.29,-56.98,666.00,23.76,11-05-23-10-16-24-631
17.50,-58.43,666.00,24.67,11-05-23-10-16-24-652
17.62,-59.20,666.00,25.60,11-05-23-10-16-24-690
17.54,-59.26,666.00,27.21,11-05-23-10-16-24-721
17.14,-58.32,666.00,28.78,11-05-23-10-16-24-752
16.26,-55.92,666.00,29.90,11-05-23-10-16-24-786
14.74,-51.38,-2.44,32.78,11-05-23-10-16-24-821
12.54,-42.13,666.00,29.84,11-05-23-10-16-24-852
10.61,-26.95,666.00,26.78,11-05-23-10-16-24-886
9.77,-9.21,666.00,23.77,11-05-23-10-16-24-924
10.13,12.09,666.00,20.80,11-05-23-10-16-24-953
10.93,22.78,666.00,20.98,11-05-23-10-16-24-990
12.96,35.17,666.00,20.46,11-05-23-10-16-25-024
14.75,41.06,666.00,24.21,11-05-23-10-16-25-057
18.22,46.96,666.00,25.52,11-05-23-10-16-25-092
20.62,49.51,666.00,29.45,11-05-23-10-16-25-123
24.20,52.99,666.00,29.01,11-05-23-10-16-25-152
27.07,54.49,-4.60,33.21,11-05-23-10-16-25-188
33.98,57.73,-9.71,30.52,11-05-23-10-16-25-222
44.99,62.60,666.00,19.76,11-05-23-10-16-25-255
50.02,63.66,666.00,21.81,11-05-23-10-16-25-291
52.53,63.75,666.00,27.48,11-05-23-10-16-25-319
61.11,65.88,666.00,20.26,11-05-23-10-16-25-356
66.33,64.11,666.00,19.12,11-05-23-10-16-25-395
69.34,63.19,666.00,19.16,11-05-23-10-16-25-420
71.14,62.64,666.00,19.53,11-05-23-10-16-25-454
72.62,62.19,666.00,19.81,11-05-23-10-16-25-490
75.35,62.19,666.00,19.35,11-05-23-10-16-25-521
77.21,62.08,-16.46,42.10,11-05-23-10-16-25-556
93.67,63.37,666.00,27.03,11-05-23-10-16-25-586
106.19,63.79,666.00,21.57,11-05-23-10-16-25-618
115.29,64.64,666.00,13.30,11-05-23-10-16-25-656
120.73,63.97,666.00,13.82,11-05-23-10-16-25-697
124.55,63.12,666.00,13.96,11-05-23-10-16-25-719
129.21,62.32,666.00,15.42,11-05-23-10-16-25-752
133.25,61.02,666.00,17.37,11-05-23-10-16-25-785
135.70,60.58,666.00,18.90,11-05-23-10-16-25-822
137.87,60.18,666.00,21.18,11-05-23-10-16-25-852
141.16,59.97,666.00,25.65,11-05-23-10-16-25-888
144.62,58.46,666.00,25.25,11-05-23-10-16-25-918
148.63,58.21,666.00,22.27,11-05-23-10-16-25-954
152.79,53.01,666.00,19.47,11-05-23-10-16-25-998
154.71,49.57,666.00,19.50,11-05-23-10-16-26-019
155.82,47.35,666.00,19.79,11-05-23-10-16-26-055
156.51,45.37,666.00,20.37,11-05-23-10-16-26-086
157.20,43.86,666.00,21.74,11-05-23-10-16-26-124
157.69,42.81,666.00,27.82,11-05-23-10-16-26-151
158.00,42.19,666.00,29.07,11-05-23-10-16-26-187
158.26,41.53,-65.79,30.42,11-05-23-10-16-26-222
158.39,41.38,-66.78,30.78,11-05-23-10-16-26-252
158.26,41.80,-69.76,30.46,11-05-23-10-16-26-286
158.03,42.41,666.00,29.61,11-05-23-10-16-26-322
157.75,43.07,666.00,25.38,11-05-23-10-16-26-353
156.34,47.16,666.00,23.52,11-05-23-10-16-26-385
153.71,50.75,666.00,21.23,11-05-23-10-16-26-421
151.68,53.03,666.00,19.93,11-05-23-10-16-26-459
149.52,55.01,666.00,20.59,11-05-23-10-16-26-489
145.59,58.12,666.00,19.63,11-05-23-10-16-26-521
141.30,60.26,666.00,19.00,11-05-23-10-16-26-557
135.27,62.16,666.00,18.02,11-05-23-10-16-26-587
129.77,62.85,666.00,18.31,11-05-23-10-16-26-621
123.41,62.86,666.00,19.61,11-05-23-10-16-26-650
117.25,62.46,666.00,20.28,11-05-23-10-16-26-687
107.47,62.89,666.00,23.11,11-05-23-10-16-26-720
100.43,62.90,666.00,23.80,11-05-23-10-16-26-764
95.11,62.46,666.00,24.33,11-05-23-10-16-26-788
92.96,62.10,666.00,23.44,11-05-23-10-16-26-820
91.51,61.75,666.00,21.83,11-05-23-10-16-26-853
90.48,61.39,666.00,21.36,11-05-23-10-16-26-889
89.89,61.00,666.00,24.25,11-05-23-10-16-26-920
89.51,60.54,666.00,27.88,11-05-23-10-16-26-952
67.58,52.46,-55.79,32.34,11-05-23-10-16-26-987
53.61,47.77,-43.12,33.28,11-05-23-10-16-27-020
41.65,39.93,-28.25,41.87,11-05-23-10-16-27-054
37.05,38.04,-24.98,38.75,11-05-23-10-16-27-086
33.81,37.43,-30.29,31.98,11-05-23-10-16-27-122
31.41,36.66,666.00,28.72,11-05-23-10-16-27-154
27.03,31.88,666.00,27.20,11-05-23-10-16-27-188
24.12,28.59,666.00,23.88,11-05-23-10-16-27-230
20.84,24.73,666.00,20.98,11-05-23-10-16-27-254
17.10,18.57,666.00,18.29,11-05-23-10-16-27-290
14.50,10.28,666.00,18.31,11-05-23-10-16-27-319
12.66,-0.44,666.00,18.72,11-05-23-10-16-27-356
11.69,-11.38,666.00,19.53,11-05-23-10-16-27-387
11.55,-24.16,666.00,20.77,11-05-23-10-16-27-425
12.09,-35.29,666.00,20.93,11-05-23-10-16-27-456
12.76,-42.03,666.00,20.78,11-05-23-10-16-27-487
13.42,-46.26,666.00,19.69,11-05-23-10-16-27-528
13.97,-48.82,666.00,18.74,11-05-23-10-16-27-553
14.42,-49.95,666.00,18.50,11-05-23-10-16-27-590
14.77,-50.19,666.00,18.60,11-05-23-10-16-27-623
15.08,-48.41,666.00,18.92,11-05-23-10-16-27-655
15.24,-46.55,666.00,19.95,11-05-23-10-16-27-685
15.23,-44.51,666.00,21.33,11-05-23-10-16-27-720
15.12,-42.51,666.00,22.32,11-05-23-10-16-27-756
14.84,-39.99,666.00,22.86,11-05-23-10-16-27-788
14.37,-36.95,666.00,22.65,11-05-23-10-16-27-830
13.80,-33.66,666.00,22.24,11-05-23-10-16-27-852
13.27,-30.85,666.00,24.02,11-05-23-10-16-27-888
12.78,-28.46,666.00,24.65,11-05-23-10-16-27-920
12.26,-26.08,666.00,24.42,11-05-23-10-16-27-953
11.58,-22.52,666.00,23.88,11-05-23-10-16-27-987
10.21,-8.66,666.00,20.62,11-05-23-10-16-28-028
9.73,2.42,666.00,20.50,11-05-23-10-16-28-058
10.00,18.03,666.00,22.81,11-05-23-10-16-28-088
11.22,32.24,666.00,26.98,11-05-23-10-16-28-130
13.39,42.90,-3.09,30.46,11-05-23-10-16-28-151
20.52,55.59,666.00,26.16,11-05-23-10-16-28-191
25.23,59.09,666.00,28.09,11-05-23-10-16-28-224
28.86,60.98,-8.37,32.99,11-05-23-10-16-28-256
35.50,63.13,-11.48,34.28,11-05-23-10-16-28-289
44.07,63.44,-20.02,34.84,11-05-23-10-16-28-319
48.33,63.51,-16.60,41.97,11-05-23-10-16-28-356
50.74,63.19,-12.43,54.86,11-05-23-10-16-28-387
52.52,62.78,-12.08,57.29,11-05-23-10-16-28-430
54.96,62.52,-12.99,56.90,11-05-23-10-16-28-452
58.12,62.61,-15.46,54.04,11-05-23-10-16-28-489
60.43,62.96,-17.86,51.01,11-05-23-10-16-28-520
62.62,63.23,-21.40,47.48,11-05-23-10-16-28-553
64.14,63.18,-25.21,44.89,11-05-23-10-16-28-589
89.93,68.04,666.00,27.12,11-05-23-10-16-28-621
103.07,68.59,666.00,21.95,11-05-23-10-16-28-651
113.94,67.05,666.00,18.54,11-05-23-10-16-28-686
118.97,65.03,666.00,20.69,11-05-23-10-16-28-721
123.17,64.76,666.00,20.41,11-05-23-10-16-28-752
126.35,63.88,666.00,22.19,11-05-23-10-16-28-789
129.60,62.43,666.00,22.84,11-05-23-10-16-28-819
134.22,59.36,666.00,23.21,11-05-23-10-16-28-853
137.45,56.78,666.00,23.59,11-05-23-10-16-28-893
140.75,53.74,666.00,24.40,11-05-23-10-16-28-925
143.35,50.95,666.00,26.25,11-05-23-10-16-28-955
146.64,46.88,666.00,25.41,11-05-23-10-16-28-992
148.93,43.59,666.00,25.52,11-05-23-10-16-29-017
154.43,41.73,666.00,22.05,11-05-23-10-16-29-054
156.50,38.63,666.00,21.16,11-05-23-10-16-29-087
157.47,37.53,666.00,20.98,11-05-23-10-16-29-122
158.36,36.66,666.00,21.30,11-05-23-10-16-29-153
158.97,35.37,666.00,21.43,11-05-23-10-16-29-199
159.31,34.03,666.00,22.15,11-05-23-10-16-29-225
159.16,33.31,666.00,23.01,11-05-23-10-16-29-252
158.71,33.58,666.00,23.84,11-05-23-10-16-29-286
158.19,34.27,666.00,24.51,11-05-23-10-16-29-323
157.57,35.10,666.00,25.04,11-05-23-10-16-29-354
156.95,35.91,666.00,26.45,11-05-23-10-16-29-387
156.38,36.63,666.00,29.83,11-05-23-10-16-29-419
155.79,37.83,-85.92,31.61,11-05-23-10-16-29-454
155.38,38.70,666.00,28.80,11-05-23-10-16-29-499
154.90,39.57,666.00,27.30,11-05-23-10-16-29-522
153.81,42.39,666.00,26.29,11-05-23-10-16-29-553
152.11,45.07,666.00,24.59,11-05-23-10-16-29-587
150.70,47.06,666.00,23.18,11-05-23-10-16-29-620
149.16,48.89,666.00,22.05,11-05-23-10-16-29-652
147.01,50.61,666.00,21.73,11-05-23-10-16-29-686
143.80,52.73,666.00,21.13,11-05-23-10-16-29-720
139.55,54.91,666.00,20.67,11-05-23-10-16-29-751
131.38,56.80,666.00,24.82,11-05-23-10-16-29-786
128.02,57.37,666.00,24.92,11-05-23-10-16-29-821
125.36,57.55,666.00,23.50,11-05-23-10-16-29-852
121.45,57.57,666.00,23.72,11-05-23-10-16-29-889
116.07,58.20,666.00,23.29,11-05-23-10-16-29-922
107.94,60.72,666.00,25.28,11-05-23-10-16-29-956
101.83,59.87,666.00,25.79,11-05-23-10-16-29-990
96.61,58.12,666.00,28.70,11-05-23-10-16-30-021
91.08,57.49,666.00,29.67,11-05-23-10-16-30-052
87.55,56.99,666.00,27.43,11-05-23-10-16-30-087
85.75,56.64,666.00,27.45,11-05-23-10-16-30-121
84.42,56.37,666.00,27.60,11-05-23-10-16-30-154
72.79,51.68,-33.45,47.85,11-05-23-10-16-30-186
64.01,47.95,-21.37,62.77,11-05-23-10-16-30-219
58.56,45.66,-14.90,71.11,11-05-23-10-16-30-259
55.44,44.24,-37.14,42.40,11-05-23-10-16-30-286
50.72,42.08,-48.88,34.64,11-05-23-10-16-30-324
43.10,38.04,-43.99,31.05,11-05-23-10-16-30-353
38.54,34.82,666.00,28.85,11-05-23-10-16-30-388
34.49,31.50,666.00,28.33,11-05-23-10-16-30-420
31.22,28.30,666.00,25.09,11-05-23-10-16-30-452
26.69,20.86,666.00,25.43,11-05-23-10-16-30-487
22.44,12.59,666.00,25.68,11-05-23-10-16-30-522
19.63,5.57,666.00,22.21,11-05-23-10-16-30-561
17.07,-2.02,666.00,21.43,11-05-23-10-16-30-586
15.52,-9.04,666.00,18.26,11-05-23-10-16-30-619
14.65,-15.36,666.00,14.96,11-05-23-10-16-30-655
14.22,-21.87,666.00,13.53,11-05-23-10-16-30-687
14.18,-27.92,666.00,13.27,11-05-23-10-16-30-717
14.45,-32.98,666.00,13.14,11-05-23-10-16-30-755
14.75,-36.31,666.00,13.38,11-05-23-10-16-30-786
14.98,-38.55,666.00,13.42,11-05-23-10-16-30-821
15.15,-39.94,666.00,14.60,11-05-23-10-16-30-863
15.28,-40.69,666.00,17.75,11-05-23-10-16-30-887
15.36,-40.51,666.00,22.70,11-05-23-10-16-30-918
15.26,-39.17,666.00,25.86,11-05-23-10-16-30-955
14.66,-34.78,666.00,26.96,11-05-23-10-16-30-988
13.55,-26.23,666.00,27.72,11-05-23-10-16-31-021
12.24,-10.31,666.00,24.83,11-05-23-10-16-31-056
11.96,6.17,666.00,25.39,11-05-23-10-16-31-088
12.92,23.10,666.00,24.12,11-05-23-10-16-31-122
15.31,38.65,666.00,24.24,11-05-23-10-16-31-152
18.00,47.41,666.00,27.59,11-05-23-10-16-31-187
21.97,53.56,666.00,28.51,11-05-23-10-16-31-224
25.59,57.23,-13.05,32.25,11-05-23-10-16-31-254
29.62,60.03,-12.32,36.34,11-05-23-10-16-31-288
36.95,63.89,-16.00,35.61,11-05-23-10-16-31-325
44.19,67.02,-17.07,34.82,11-05-23-10-16-31-350
48.66,68.12,-18.75,35.25,11-05-23-10-16-31-389
51.85,68.51,-12.52,46.71,11-05-23-10-16-31-418
63.19,67.70,-28.22,41.10,11-05-23-10-16-31-457
65.78,67.46,-29.17,44.23,11-05-23-10-16-31-490
67.61,67.15,-29.60,46.19,11-05-23-10-16-31-524
69.07,67.00,-30.48,46.98,11-05-23-10-16-31-557
70.44,67.03,-15.65,59.43,11-05-23-10-16-31-588
88.41,68.55,-25.76,37.97,11-05-23-10-16-31-627
101.44,69.37,666.00,25.10,11-05-23-10-16-31-652
109.05,69.64,666.00,20.17,11-05-23-10-16-31-691
119.81,66.56,666.00,16.26,11-05-23-10-16-31-718
124.05,65.56,666.00,16.84,11-05-23-10-16-31-757
126.58,64.72,666.00,17.85,11-05-23-10-16-31-786
128.09,63.85,666.00,20.55,11-05-23-10-16-31-819
129.07,62.97,666.00,23.88,11-05-23-10-16-31-853
130.26,62.10,666.00,25.24,11-05-23-10-16-31-888
132.51,60.61,666.00,26.10,11-05-23-10-16-31-931
134.81,58.93,666.00,25.26,11-05-23-10-16-31-951
138.04,56.60,666.00,23.52,11-05-23-10-16-31-989
140.70,54.32,666.00,22.28,11-05-23-10-16-32-023
143.17,52.52,666.00,24.45,11-05-23-10-16-32-054
145.95,50.51,666.00,23.98,11-05-23-10-16-32-090
147.78,48.84,666.00,23.04,11-05-23-10-16-32-120
149.00,47.85,666.00,22.31,11-05-23-10-16-32-154
149.90,47.24,666.00,21.89,11-05-23-10-16-32-185
150.54,46.93,666.00,21.49,11-05-23-10-16-32-226
151.01,46.79,666.00,21.25,11-05-23-10-16-32-251
151.06,47.14,666.00,21.22,11-05-23-10-16-32-285
151.07,47.50,666.00,21.22,11-05-23-10-16-32-325
150.99,47.90,666.00,21.28,11-05-23-10-16-32-352
150.85,48.32,666.00,21.39,11-05-23-10-16-32-394
150.61,48.73,666.00,21.54,11-05-23-10-16-32-420
150.28,49.13,666.00,21.69,11-05-23-10-16-32-455
149.92,49.68,666.00,21.43,11-05-23-10-16-32-487
149.49,50.35,666.00,20.94,11-05-23-10-16-32-518
148.92,51.38,666.00,20.12,11-05-23-10-16-32-554
147.39,54.54,666.00,18.69,11-05-23-10-16-32-588
141.96,58.87,666.00,20.03,11-05-23-10-16-32-620
139.43,59.89,666.00,21.03,11-05-23-10-16-32-654
136.40,60.30,666.00,20.51,11-05-23-10-16-32-697
134.22,60.39,666.00,18.47,11-05-23-10-16-32-720
131.79,60.66,666.00,16.41,11-05-23-10-16-32-752
128.94,60.87,666.00,15.97,11-05-23-10-16-32-786
124.85,60.83,666.00,16.34,11-05-23-10-16-32-819
118.71,60.56,666.00,17.32,11-05-23-10-16-32-853
112.03,60.75,666.00,17.84,11-05-23-10-16-32-889
102.70,59.35,666.00,21.86,11-05-23-10-16-32-921
99.06,58.58,666.00,20.51,11-05-23-10-16-32-955
96.88,57.97,666.00,19.96,11-05-23-10-16-33-003
94.82,57.49,666.00,20.29,11-05-23-10-16-33-021
92.21,56.76,666.00,20.79,11-05-23-10-16-33-054
90.46,56.03,666.00,21.29,11-05-23-10-16-33-099
73.55,49.03,-36.19,42.23,11-05-23-10-16-33-130
61.43,44.55,-41.38,40.61,11-05-23-10-16-33-153
50.71,41.01,-35.47,41.09,11-05-23-10-16-33-185
45.78,38.67,-54.00,33.47,11-05-23-10-16-33-222
41.41,35.20,-58.17,33.03,11-05-23-10-16-33-255
37.17,32.30,-57.91,31.09,11-05-23-10-16-33-285
30.14,26.71,666.00,26.69,11-05-23-10-16-33-322
25.87,22.18,666.00,24.77,11-05-23-10-16-33-354
21.26,16.58,666.00,21.11,11-05-23-10-16-33-388
18.25,10.28,666.00,19.15,11-05-23-10-16-33-420
15.71,1.23,666.00,18.22,11-05-23-10-16-33-459
14.26,-7.95,666.00,17.07,11-05-23-10-16-33-486
13.50,-26.33,666.00,18.57,11-05-23-10-16-33-523
13.81,-37.50,666.00,19.63,11-05-23-10-16-33-556
14.49,-45.08,666.00,21.03,11-05-23-10-16-33-587
15.12,-49.57,666.00,22.28,11-05-23-10-16-33-618
15.62,-52.04,666.00,23.34,11-05-23-10-16-33-657
15.94,-51.41,666.00,23.99,11-05-23-10-16-33-687
15.80,-46.95,666.00,23.91,11-05-23-10-16-33-723
15.46,-40.79,666.00,23.73,11-05-23-10-16-33-770
15.01,-33.66,666.00,26.62,11-05-23-10-16-33-786
14.55,-26.43,666.00,28.53,11-05-23-10-16-33-821
13.95,-14.28,666.00,27.21,11-05-23-10-16-33-853
13.96,1.20,666.00,24.82,11-05-23-10-16-33-886
14.71,15.03,666.00,26.03,11-05-23-10-16-33-921
18.37,33.86,666.00,22.09,11-05-23-10-16-33-952
20.51,40.36,666.00,25.87,11-05-23-10-16-33-989
22.82,45.09,-9.94,30.25,11-05-23-10-16-34-021
26.27,50.32,-8.26,33.59,11-05-23-10-16-34-063
31.67,54.87,-10.07,35.24,11-05-23-10-16-34-086
36.36,57.03,-10.25,38.83,11-05-23-10-16-34-119
46.86,61.20,-18.78,31.67,11-05-23-10-16-34-155
51.03,61.92,-19.43,31.31,11-05-23-10-16-34-187
53.25,62.02,-20.46,30.65,11-05-23-10-16-34-222
59.67,61.85,666.00,24.15,11-05-23-10-16-34-258
63.28,61.51,666.00,21.67,11-05-23-10-16-34-289
66.64,61.12,666.00,20.05,11-05-23-10-16-34-322
72.16,60.40,666.00,20.28,11-05-23-10-16-34-350
76.30,59.72,666.00,22.68,11-05-23-10-16-34-386
91.32,64.21,666.00,20.59,11-05-23-10-16-34-418
100.86,65.81,666.00,21.03,11-05-23-10-16-34-454
107.85,66.62,666.00,22.88,11-05-23-10-16-34-490
112.89,66.03,666.00,22.62,11-05-23-10-16-34-522
115.61,65.71,666.00,26.17,11-05-23-10-16-34-554
117.34,65.27,666.00,28.64,11-05-23-10-16-34-585
122.72,64.41,666.00,26.33,11-05-23-10-16-34-622
126.88,62.71,666.00,24.31,11-05-23-10-16-34-653
130.26,62.30,666.00,22.70,11-05-23-10-16-34-687
132.64,61.75,666.00,24.08,11-05-23-10-16-34-724
134.92,60.67,666.00,23.81,11-05-23-10-16-34-752
137.51,57.82,666.00,24.61,11-05-23-10-16-34-789
139.11,55.88,666.00,25.46,11-05-23-10-16-34-824
140.14,54.54,666.00,26.56,11-05-23-10-16-34-854
141.31,53.19,666.00,27.14,11-05-23-10-16-34-887
142.52,52.01,666.00,27.25,11-05-23-10-16-34-919
143.57,50.95,666.00,27.67,11-05-23-10-16-34-954
144.69,49.51,666.00,27.80,11-05-23-10-16-34-991
145.60,48.36,666.00,27.86,11-05-23-10-16-35-020
146.52,47.10,666.00,27.80,11-05-23-10-16-35-055
150.13,44.34,666.00,27.81,11-05-23-10-16-35-087
151.24,43.41,666.00,28.57,11-05-23-10-16-35-123
151.86,42.93,666.00,28.93,11-05-23-10-16-35-154
152.59,41.85,666.00,27.51,11-05-23-10-16-35-186
152.98,41.38,666.00,26.60,11-05-23-10-16-35-223
153.09,41.25,666.00,26.06,11-05-23-10-16-35-253
153.10,41.59,666.00,25.38,11-05-23-10-16-35-290
152.92,42.31,666.00,24.73,11-05-23-10-16-35-321
152.54,43.77,666.00,23.80,11-05-23-10-16-35-354
152.10,45.25,666.00,23.06,11-05-23-10-16-35-386
151.17,47.95,666.00,22.25,11-05-23-10-16-35-430
149.84,51.28,666.00,21.00,11-05-23-10-16-35-452
147.38,56.48,666.00,18.79,11-05-23-10-16-35-488
144.78,60.67,666.00,16.58,11-05-23-10-16-35-522
137.78,65.43,666.00,15.93,11-05-23-10-16-35-555
133.52,67.35,666.00,15.88,11-05-23-10-16-35-585
130.49,67.71,666.00,14.99,11-05-23-10-16-35-620
127.81,67.41,666.00,15.55,11-05-23-10-16-35-654
123.27,67.06,666.00,15.58,11-05-23-10-16-35-687
118.77,66.04,666.00,16.41,11-05-23-10-16-35-729
111.02,65.89,666.00,15.35,11-05-23-10-16-35-755
108.48,65.58,666.00,14.88,11-05-23-10-16-35-787
106.85,65.27,666.00,15.68,11-05-23-10-16-35-823
105.74,64.93,666.00,22.26,11-05-23-10-16-35-854
104.97,64.59,666.00,24.32,11-05-23-10-16-35-886
104.41,64.26,666.00,25.66,11-05-23-10-16-35-920
104.12,63.86,666.00,26.33,11-05-23-10-16-35-955
103.66,63.44,666.00,26.46,11-05-23-10-16-35-986
103.08,63.02,666.00,25.95,11-05-23-10-16-36-022
102.24,62.38,666.00,24.75,11-05-23-10-16-36-053
101.33,61.73,666.00,23.39,11-05-23-10-16-36-085
58.35,44.24,666.00,26.89,11-05-23-10-16-36-119
42.63,29.27,-22.96,43.41,11-05-23-10-16-36-153
34.59,17.87,-22.00,42.57,11-05-23-10-16-36-194
32.55,15.45,-28.59,36.36,11-05-23-10-16-36-219
29.57,11.00,-29.38,33.34,11-05-23-10-16-36-255
25.88,2.14,-25.72,31.95,11-05-23-10-16-36-288
23.92,-3.26,-25.16,30.11,11-05-23-10-16-36-318
22.17,-7.16,666.00,25.27,11-05-23-10-16-36-353
20.24,-13.17,666.00,21.23,11-05-23-10-16-36-388
18.70,-19.90,666.00,17.77,11-05-23-10-16-36-421
17.36,-35.95,666.00,18.01,11-05-23-10-16-36-457
17.14,-45.42,666.00,18.76,11-05-23-10-16-36-497
17.10,-50.99,666.00,16.80,11-05-23-10-16-36-521
17.02,-54.06,666.00,16.68,11-05-23-10-16-36-556
16.99,-55.12,666.00,17.55,11-05-23-10-16-36-588
16.73,-55.07,666.00,18.22,11-05-23-10-16-36-622
16.47,-54.34,666.00,18.98,11-05-23-10-16-36-650
16.09,-53.17,666.00,19.97,11-05-23-10-16-36-690
15.74,-51.73,666.00,21.66,11-05-23-10-16-36-723
15.27,-49.12,666.00,23.04,11-05-23-10-16-36-754
14.69,-45.54,666.00,26.31,11-05-23-10-16-36-798
13.79,-39.74,666.00,27.54,11-05-23-10-16-36-820
12.77,-31.89,666.00,27.35,11-05-23-10-16-36-852
11.77,-22.42,666.00,26.46,11-05-23-10-16-36-887
10.87,-8.24,666.00,27.52,11-05-23-10-16-36-921
11.28,19.47,666.00,22.12,11-05-23-10-16-36-959
12.68,32.21,666.00,24.13,11-05-23-10-16-36-986
14.56,40.59,666.00,26.69,11-05-23-10-16-37-020
17.77,47.11,666.00,28.42,11-05-23-10-16-37-054
21.99,51.02,666.00,29.57,11-05-23-10-16-37-088
25.53,53.18,-8.87,33.25,11-05-23-10-16-37-121
30.29,55.19,-10.30,36.42,11-05-23-10-16-37-154
39.78,60.79,-16.87,30.70,11-05-23-10-16-37-186
51.36,66.65,666.00,17.31,11-05-23-10-16-37-224
57.83,66.25,666.00,20.52,11-05-23-10-16-37-259
60.61,65.51,-24.62,32.96,11-05-23-10-16-37-286
65.18,63.08,-30.34,38.40,11-05-23-10-16-37-319
70.44,60.28,-42.76,42.09,11-05-23-10-16-37-357
72.60,58.87,-46.64,44.88,11-05-23-10-16-37-386
74.12,57.74,-50.45,46.69,11-05-23-10-16-37-420
75.28,56.82,-55.16,47.67,11-05-23-10-16-37-451
76.41,56.08,-39.49,58.78,11-05-23-10-16-37-486
78.29,55.27,-29.05,64.99,11-05-23-10-16-37-520
81.03,54.39,-25.02,67.59,11-05-23-10-16-37-563
101.98,63.12,-39.41,41.32,11-05-23-10-16-37-588
112.56,65.99,666.00,28.87,11-05-23-10-16-37-618
120.26,61.90,666.00,25.84,11-05-23-10-16-37-656
125.24,61.43,666.00,23.81,11-05-23-10-16-37-689
128.41,61.01,666.00,23.04,11-05-23-10-16-37-719
130.47,60.31,666.00,25.17,11-05-23-10-16-37-750
132.22,59.15,666.00,26.15,11-05-23-10-16-37-785
134.45,57.01,666.00,26.76,11-05-23-10-16-37-822
136.80,54.20,666.00,27.34,11-05-23-10-16-37-852
139.13,51.01,666.00,28.21,11-05-23-10-16-37-891
142.04,46.67,666.00,28.63,11-05-23-10-16-37-922
143.66,44.06,666.00,29.48,11-05-23-10-16-37-952
144.93,42.27,666.00,29.73,11-05-23-10-16-37-986
146.33,40.53,666.00,29.45,11-05-23-10-16-38-025
147.78,38.91,666.00,28.95,11-05-23-10-16-38-056
148.86,37.69,666.00,28.55,11-05-23-10-16-38-086
152.25,36.19,666.00,28.20,11-05-23-10-16-38-121
153.39,35.61,666.00,28.50,11-05-23-10-16-38-152
153.98,35.28,666.00,28.79,11-05-23-10-16-38-187
154.27,35.24,666.00,28.69,11-05-23-10-16-38-224
154.29,35.51,666.00,28.44,11-05-23-10-16-38-253
154.10,36.18,666.00,28.01,11-05-23-10-16-38-288
153.83,37.32,666.00,27.88,11-05-23-10-16-38-329
153.40,38.88,666.00,27.80,11-05-23-10-16-38-354
151.63,41.34,666.00,26.11,11-05-23-10-16-38-388
150.57,42.79,666.00,24.88,11-05-23-10-16-38-419
149.74,44.18,666.00,23.57,11-05-23-10-16-38-453
148.81,46.12,666.00,22.53,11-05-23-10-16-38-487
147.60,48.58,666.00,21.54,11-05-23-10-16-38-522
145.72,51.97,666.00,20.16,11-05-23-10-16-38-555
142.71,55.61,666.00,18.91,11-05-23-10-16-38-586
138.74,59.20,666.00,17.65,11-05-23-10-16-38-629
135.29,61.14,666.00,17.34,11-05-23-10-16-38-661
132.08,62.33,666.00,17.43,11-05-23-10-16-38-687
128.75,62.99,666.00,17.53,11-05-23-10-16-38-721
124.62,63.23,666.00,18.30,11-05-23-10-16-38-751
120.69,63.04,666.00,18.78,11-05-23-10-16-38-787
111.91,62.70,666.00,20.53,11-05-23-10-16-38-820
106.27,61.18,666.00,22.34,11-05-23-10-16-38-853
103.86,60.39,666.00,23.68,11-05-23-10-16-38-886
102.31,59.68,666.00,24.64,11-05-23-10-16-38-921
101.33,59.03,666.00,25.75,11-05-23-10-16-38-951
99.94,58.56,666.00,26.74,11-05-23-10-16-38-990
99.04,58.11,666.00,27.65,11-05-23-10-16-39-020
98.34,57.69,666.00,28.40,11-05-23-10-16-39-054
74.71,48.75,-30.59,60.99,11-05-23-10-16-39-097
62.19,43.51,-21.18,83.01,11-05-23-10-16-39-123
52.70,39.20,-42.23,52.36,11-05-23-10-16-39-154
45.87,35.19,-44.93,47.80,11-05-23-10-16-39-187
41.40,32.53,-47.66,41.58,11-05-23-10-16-39-220
37.49,30.43,-47.61,37.64,11-05-23-10-16-39-254
33.12,28.72,-44.44,33.52,11-05-23-10-16-39-288
29.26,25.98,666.00,29.00,11-05-23-10-16-39-322
25.79,22.99,666.00,26.53,11-05-23-10-16-39-354
20.43,13.73,666.00,25.32,11-05-23-10-16-39-397
17.03,5.41,666.00,24.21,11-05-23-10-16-39-422
15.04,-1.74,666.00,23.67,11-05-23-10-16-39-459
13.83,-8.46,666.00,22.60,11-05-23-10-16-39-484
13.14,-15.55,666.00,22.65,11-05-23-10-16-39-532
12.87,-22.42,666.00,21.86,11-05-23-10-16-39-554
13.01,-28.48,666.00,21.97,11-05-23-10-16-39-589
13.36,-33.49,666.00,22.62,11-05-23-10-16-39-628
13.98,-38.32,666.00,23.98,11-05-23-10-16-39-653
14.62,-41.56,666.00,25.35,11-05-23-10-16-39-688
15.03,-43.25,666.00,26.28,11-05-23-10-16-39-719
15.27,-44.00,666.00,27.07,11-05-23-10-16-39-754
15.38,-44.17,666.00,27.78,11-05-23-10-16-39-787
15.41,-43.94,666.00,29.43,11-05-23-10-16-39-821
15.36,-43.37,-11.40,31.28,11-05-23-10-16-39-859
15.26,-42.60,-10.94,32.80,11-05-23-10-16-39-888
14.90,-40.53,-11.30,33.27,11-05-23-10-16-39-923
14.17,-36.40,-11.88,33.17,11-05-23-10-16-39-957
13.35,-31.08,-11.94,33.38,11-05-23-10-16-39-988
12.22,-19.42,-12.98,31.76,11-05-23-10-16-40-021
11.59,-4.90,666.00,29.97,11-05-23-10-16-40-053
11.74,7.55,-12.25,31.88,11-05-23-10-16-40-086
12.27,17.62,-11.56,31.77,11-05-23-10-16-40-119
14.10,29.89,-9.93,33.52,11-05-23-10-16-40-160
16.21,38.42,-8.20,35.98,11-05-23-10-16-40-188
18.24,43.84,-8.00,37.32,11-05-23-10-16-40-224
21.26,48.88,-7.68,40.23,11-05-23-10-16-40-253
25.02,52.47,-8.97,42.99,11-05-23-10-16-40-291
29.30,53.75,-12.13,45.02,11-05-23-10-16-40-320
36.01,54.93,-17.99,47.03,11-05-23-10-16-40-353
39.97,55.23,-22.58,46.74,11-05-23-10-16-40-386
43.87,55.38,-22.18,54.08,11-05-23-10-16-40-421
54.89,53.83,-40.91,50.13,11-05-23-10-16-40-462
63.06,53.00,-56.70,49.32,11-05-23-10-16-40-485
66.12,52.26,-61.52,50.69,11-05-23-10-16-40-520
68.40,51.58,-65.29,52.04,11-05-23-10-16-40-554
70.53,50.88,-45.79,58.51,11-05-23-10-16-40-586
73.08,50.36,-32.36,64.79,11-05-23-10-16-40-622
87.78,57.91,-40.29,48.14,11-05-23-10-16-40-653
93.39,60.38,-38.16,45.90,11-05-23-10-16-40-689
104.18,60.02,-56.63,36.07,11-05-23-10-16-40-723
110.04,60.04,-58.04,35.17,11-05-23-10-16-40-753
115.75,58.34,-64.92,34.18,11-05-23-10-16-40-787
119.52,57.47,-63.98,33.91,11-05-23-10-16-40-822
124.97,55.88,-67.93,32.12,11-05-23-10-16-40-857
133.60,48.88,-96.13,32.30,11-05-23-10-16-40-887
136.72,46.72,-96.07,32.22,11-05-23-10-16-40-925
138.69,45.50,-94.96,31.79,11-05-23-10-16-40-954
140.11,45.14,-90.13,30.91,11-05-23-10-16-40-987
141.27,45.23,-83.95,30.09,11-05-23-10-16-41-020
142.36,45.46,666.00,29.31,11-05-23-10-16-41-053
143.62,45.53,666.00,28.20,11-05-23-10-16-41-090
144.68,45.53,666.00,27.22,11-05-23-10-16-41-120
145.71,45.78,666.00,26.37,11-05-23-10-16-41-155
146.58,45.98,666.00,25.73,11-05-23-10-16-41-186
149.73,45.73,666.00,24.30,11-05-23-10-16-41-230
150.68,45.45,666.00,23.84,11-05-23-10-16-41-259
151.31,45.08,666.00,23.63,11-05-23-10-16-41-287
151.64,44.87,666.00,23.64,11-05-23-10-16-41-322
151.71,44.70,666.00,23.80,11-05-23-10-16-41-351
151.53,44.57,666.00,24.14,11-05-23-10-16-41-387
151.10,44.74,666.00,24.60,11-05-23-10-16-41-420
150.05,45.58,666.00,25.01,11-05-23-10-16-41-453
148.67,47.06,666.00,25.04,11-05-23-10-16-41-485
147.14,48.71,666.00,25.02,11-05-23-10-16-41-519
144.90,51.05,666.00,24.29,11-05-23-10-16-41-552
141.67,53.59,666.00,23.12,11-05-23-10-16-41-589
136.71,56.28,666.00,22.11,11-05-23-10-16-41-620
131.39,57.88,666.00,22.44,11-05-23-10-16-41-654
126.36,58.69,666.00,22.89,11-05-23-10-16-41-691
120.18,58.15,666.00,24.20,11-05-23-10-16-41-724
111.43,57.85,666.00,27.88,11-05-23-10-16-41-752
105.37,56.56,666.00,28.41,11-05-23-10-16-41-786
98.81,54.63,-65.83,31.47,11-05-23-10-16-41-822
93.73,54.03,-65.58,31.11,11-05-23-10-16-41-852
91.28,53.55,666.00,28.31,11-05-23-10-16-41-887
89.60,53.18,666.00,27.08,11-05-23-10-16-41-923
88.19,52.96,666.00,26.36,11-05-23-10-16-41-951
75.32,46.23,-51.34,45.50,11-05-23-10-16-41-995
64.99,40.96,-28.18,64.57,11-05-23-10-16-42-019
59.07,38.17,-40.81,45.19,11-05-23-10-16-42-053
51.29,35.28,-37.97,41.90,11-05-23-10-16-42-090
46.94,33.31,-43.29,34.76,11-05-23-10-16-42-120
41.20,30.63,-40.94,30.81,11-05-23-10-16-42-164
37.05,27.68,666.00,27.50,11-05-23-10-16-42-185
33.73,24.41,666.00,25.46,11-05-23-10-16-42-219
30.43,19.65,666.00,24.06,11-05-23-10-16-42-252
27.58,13.53,666.00,23.98,11-05-23-10-16-42-294
23.95,3.34,666.00,24.09,11-05-23-10-16-42-320
21.47,-8.82,666.00,23.48,11-05-23-10-16-42-353
20.26,-17.15,666.00,24.11,11-05-23-10-16-42-390
19.19,-28.72,666.00,26.45,11-05-23-10-16-42-423
18.88,-34.61,666.00,24.83,11-05-23-10-16-42-453
18.73,-38.29,666.00,23.53,11-05-23-10-16-42-488
18.61,-40.86,666.00,23.06,11-05-23-10-16-42-519
18.67,-44.92,666.00,23.47,11-05-23-10-16-42-555
18.73,-47.78,666.00,23.84,11-05-23-10-16-42-596
18.64,-49.50,666.00,23.88,11-05-23-10-16-42-622
18.42,-50.34,666.00,23.70,11-05-23-10-16-42-653
17.99,-50.77,666.00,23.19,11-05-23-10-16-42-688
17.32,-50.43,666.00,22.61,11-05-23-10-16-42-720
16.53,-49.55,666.00,23.45,11-05-23-10-16-42-755
15.59,-47.95,666.00,24.35,11-05-23-10-16-42-787
14.61,-45.50,666.00,26.75,11-05-23-10-16-42-823
13.63,-41.80,666.00,27.78,11-05-23-10-16-42-858
12.72,-37.04,666.00,27.89,11-05-23-10-16-42-885
11.74,-28.94,666.00,26.55,11-05-23-10-16-42-922
11.06,-19.71,666.00,25.41,11-05-23-10-16-42-953
10.68,-7.71,666.00,24.00,11-05-23-10-16-42-988
10.81,6.37,666.00,22.84,11-05-23-10-16-43-025
11.62,20.21,666.00,22.14,11-05-23-10-16-43-055
13.05,32.67,666.00,24.66,11-05-23-10-16-43-096
14.93,41.78,666.00,27.06,11-05-23-10-16-43-118
16.94,47.87,666.00,29.63,11-05-23-10-16-43-155
18.72,51.31,-3.91,32.39,11-05-23-10-16-43-189
22.46,56.01,-3.90,34.75,11-05-23-10-16-43-219
25.22,57.68,-4.30,39.03,11-05-23-10-16-43-252
32.29,61.00,-10.41,35.38,11-05-23-10-16-43-289
36.25,61.81,-11.77,38.17,11-05-23-10-16-43-320
40.62,62.38,-11.32,41.93,11-05-23-10-16-43-364
44.14,62.44,-12.20,43.12,11-05-23-10-16-43-388
49.62,63.06,-17.32,38.79,11-05-23-10-16-43-423
57.04,62.16,-30.54,34.01,11-05-23-10-16-43-455
62.35,61.04,-44.23,30.98,11-05-23-10-16-43-485
67.93,59.69,666.00,29.18,11-05-23-10-16-43-519
72.17,59.04,666.00,28.97,11-05-23-10-16-43-551
76.10,58.26,-35.69,43.92,11-05-23-10-16-43-588
78.65,57.40,-26.05,53.08,11-05-23-10-16-43-623
94.38,60.08,-36.54,40.68,11-05-23-10-16-43-662
106.71,63.36,666.00,28.79,11-05-23-10-16-43-686
116.25,59.35,666.00,24.82,11-05-23-10-16-43-724
120.77,58.35,666.00,25.32,11-05-23-10-16-43-751
124.51,58.05,666.00,25.14,11-05-23-10-16-43-788
127.26,57.73,666.00,26.87,11-05-23-10-16-43-820
130.38,56.74,666.00,26.40,11-05-23-10-16-43-851
133.03,56.52,666.00,28.09,11-05-23-10-16-43-886
135.50,56.14,666.00,27.84,11-05-23-10-16-43-921
138.05,55.69,-53.06,30.12,11-05-23-10-16-43-962
143.58,52.48,666.00,25.11,11-05-23-10-16-43-987
146.32,50.42,666.00,23.50,11-05-23-10-16-44-022
148.22,48.59,666.00,23.30,11-05-23-10-16-44-053
149.57,47.16,666.00,23.00,11-05-23-10-16-44-086
151.88,45.37,666.00,22.70,11-05-23-10-16-44-122
153.06,44.51,666.00,23.05,11-05-23-10-16-44-154
153.85,44.11,666.00,23.56,11-05-23-10-16-44-187
154.35,44.05,666.00,24.09,11-05-23-10-16-44-220
154.62,44.16,666.00,25.27,11-05-23-10-16-44-255
154.74,44.41,666.00,26.03,11-05-23-10-16-44-287
154.71,44.83,666.00,25.58,11-05-23-10-16-44-320
154.53,45.55,666.00,25.12,11-05-23-10-16-44-351
154.07,47.14,666.00,23.79,11-05-23-10-16-44-388
152.92,50.50,666.00,22.23,11-05-23-10-16-44-423
150.81,55.24,666.00,20.64,11-05-23-10-16-44-454
143.23,58.12,666.00,22.17,11-05-23-10-16-44-488
138.73,59.53,666.00,23.14,11-05-23-10-16-44-520
135.59,59.55,666.00,24.27,11-05-23-10-16-44-551
130.01,58.30,666.00,26.32,11-05-23-10-16-44-585
122.23,60.26,666.00,25.33,11-05-23-10-16-44-618
117.76,61.30,666.00,23.36,11-05-23-10-16-44-654
109.72,61.59,666.00,23.87,11-05-23-10-16-44-688
101.61,62.77,666.00,25.92,11-05-23-10-16-44-728
97.16,63.33,666.00,24.47,11-05-23-10-16-44-753
91.24,61.80,666.00,24.33,11-05-23-10-16-44-789
88.98,61.37,666.00,20.46,11-05-23-10-16-44-824
87.39,60.97,666.00,19.96,11-05-23-10-16-44-851
77.50,53.34,-60.16,36.06,11-05-23-10-16-44-889
70.35,48.21,-58.29,40.49,11-05-23-10-16-44-919
62.04,44.31,-51.29,41.29,11-05-23-10-16-44-958
57.61,42.21,-46.15,40.13,11-05-23-10-16-44-988
52.51,41.45,-49.17,33.97,11-05-23-10-16-45-033
47.79,40.00,-49.18,30.17,11-05-23-10-16-45-055
42.95,38.36,666.00,26.36,11-05-23-10-16-45-088
38.31,36.11,666.00,23.83,11-05-23-10-16-45-123
32.80,31.69,666.00,22.12,11-05-23-10-16-45-152
28.47,26.99,666.00,21.20,11-05-23-10-16-45-188
24.44,19.33,666.00,22.46,11-05-23-10-16-45-219
21.10,10.04,666.00,20.60,11-05-23-10-16-45-254
18.83,0.98,666.00,18.42,11-05-23-10-16-45-293
16.36,-18.35,666.00,21.92,11-05-23-10-16-45-335
15.72,-29.72,666.00,22.10,11-05-23-10-16-45-355
15.58,-37.94,666.00,21.83,11-05-23-10-16-45-389
15.75,-43.85,666.00,20.82,11-05-23-10-16-45-420
16.24,-49.23,666.00,18.90,11-05-23-10-16-45-452
16.66,-52.50,666.00,19.02,11-05-23-10-16-45-489
16.97,-54.79,666.00,19.28,11-05-23-10-16-45-522
17.16,-56.24,666.00,19.34,11-05-23-10-16-45-556
17.38,-57.47,666.00,19.73,11-05-23-10-16-45-586
17.50,-58.16,666.00,20.03,11-05-23-10-16-45-621
17.55,-58.55,666.00,20.30,11-05-23-10-16-45-653
17.50,-58.75,666.00,22.15,11-05-23-10-16-45-689
17.42,-58.84,666.00,23.23,11-05-23-10-16-45-718
17.30,-58.80,666.00,26.67,11-05-23-10-16-45-755
17.10,-58.58,666.00,28.54,11-05-23-10-16-45-791
16.75,-58.11,666.00,29.30,11-05-23-10-16-45-819
16.13,-57.03,666.00,29.22,11-05-23-10-16-45-856
14.96,-54.23,666.00,28.69,11-05-23-10-16-45-887
13.66,-50.03,666.00,27.60,11-05-23-10-16-45-919
12.23,-43.22,666.00,25.37,11-05-23-10-16-45-958
10.90,-33.33,666.00,27.53,11-05-23-10-16-45-988
9.88,-19.31,666.00,25.88,11-05-23-10-16-46-019
9.55,-0.80,666.00,25.03,11-05-23-10-16-46-054
9.95,13.67,666.00,27.40,11-05-23-10-16-46-094
10.79,28.14,666.00,26.66,11-05-23-10-16-46-122
12.88,42.01,666.00,28.25,11-05-23-10-16-46-156
16.15,51.16,0.40,30.98,11-05-23-10-16-46-187
19.92,56.87,-0.21,33.12,11-05-23-10-16-46-223
29.58,61.39,666.00,27.52,11-05-23-10-16-46-252
33.84,62.47,-6.66,32.30,11-05-23-10-16-46-287
45.65,66.82,666.00,24.02,11-05-23-10-16-46-324
50.54,67.75,666.00,26.13,11-05-23-10-16-46-353
54.67,68.25,-13.40,32.38,11-05-23-10-16-46-397
57.66,67.54,-15.98,32.05,11-05-23-10-16-46-419
65.73,67.10,-22.22,31.42,11-05-23-10-16-46-453
68.70,66.36,-24.99,31.38,11-05-23-10-16-46-488
71.05,65.59,-27.92,30.77,11-05-23-10-16-46-522
73.62,64.72,-16.03,42.95,11-05-23-10-16-46-552
75.93,63.86,-9.73,54.52,11-05-23-10-16-46-585
93.37,61.73,-27.01,40.49,11-05-23-10-16-46-617
109.31,57.91,666.00,29.80,11-05-23-10-16-46-656
117.49,55.44,666.00,28.22,11-05-23-10-16-46-693
121.92,54.65,666.00,28.08,11-05-23-10-16-46-718
124.70,54.17,-75.29,30.54,11-05-23-10-16-46-753
127.43,54.43,666.00,29.86,11-05-23-10-16-46-787
130.84,55.09,666.00,28.83,11-05-23-10-16-46-819
134.48,56.25,666.00,26.84,11-05-23-10-16-46-853
136.95,56.65,666.00,27.86,11-05-23-10-16-46-887
139.78,56.79,666.00,28.28,11-05-23-10-16-46-919
143.87,55.89,666.00,26.62,11-05-23-10-16-46-952
147.13,53.70,666.00,24.23,11-05-23-10-16-46-987
149.16,51.84,666.00,23.03,11-05-23-10-16-47-020
150.47,49.95,666.00,22.79,11-05-23-10-16-47-051
151.33,48.12,666.00,22.99,11-05-23-10-16-47-084
151.86,46.83,666.00,23.30,11-05-23-10-16-47-122
152.19,45.88,666.00,23.64,11-05-23-10-16-47-157
152.42,45.23,666.00,23.84,11-05-23-10-16-47-186
152.53,44.85,666.00,23.88,11-05-23-10-16-47-221
152.54,44.65,666.00,23.74,11-05-23-10-16-47-255
152.46,44.53,666.00,23.31,11-05-23-10-16-47-287
152.28,44.57,666.00,22.35,11-05-23-10-16-47-320
151.30,46.50,666.00,21.40,11-05-23-10-16-47-357
149.82,49.66,666.00,19.80,11-05-23-10-16-47-388
148.28,51.69,666.00,19.85,11-05-23-10-16-47-422
145.58,53.96,666.00,20.35,11-05-23-10-16-47-460
142.09,56.51,666.00,20.40,11-05-23-10-16-47-487
138.29,58.58,666.00,20.52,11-05-23-10-16-47-520
133.68,60.40,666.00,20.99,11-05-23-10-16-47-553
128.65,61.02,666.00,22.05,11-05-23-10-16-47-585
123.53,60.84,666.00,23.41,11-05-23-10-16-47-618
117.93,61.32,666.00,23.61,11-05-23-10-16-47-652
110.33,62.22,666.00,24.32,11-05-23-10-16-47-688
102.67,62.55,666.00,23.73,11-05-23-10-16-47-718
97.37,61.62,666.00,24.28,11-05-23-10-16-47-749
92.46,61.30,666.00,22.76,11-05-23-10-16-47-785
90.20,60.96,666.00,21.82,11-05-23-10-16-47-820
88.54,60.60,666.00,21.80,11-05-23-10-16-47-853
77.17,53.26,-45.72,43.28,11-05-23-10-16-47-886
69.95,48.07,-33.65,59.25,11-05-23-10-16-47-920
65.43,45.35,-34.72,61.19,11-05-23-10-16-47-954
60.88,43.47,-33.94,60.77,11-05-23-10-16-47-988
52.47,40.72,-40.33,46.14,11-05-23-10-16-48-019
46.94,38.58,-48.60,35.13,11-05-23-10-16-48-056
41.55,36.01,-50.35,30.16,11-05-23-10-16-48-088
36.67,33.37,666.00,27.05,11-05-23-10-16-48-117
31.09,29.22,666.00,25.60,11-05-23-10-16-48-153
25.15,22.62,666.00,22.65,11-05-23-10-16-48-188
20.62,14.55,666.00,20.09,11-05-23-10-16-48-229
17.35,4.51,666.00,17.34,11-05-23-10-16-48-256
15.10,-6.42,666.00,14.88,11-05-23-10-16-48-291
13.86,-15.35,666.00,14.08,11-05-23-10-16-48-318
13.14,-25.27,666.00,14.05,11-05-23-10-16-48-358
13.28,-36.69,666.00,15.15,11-05-23-10-16-48-388
13.97,-45.44,666.00,16.49,11-05-23-10-16-48-420
15.16,-52.36,666.00,18.52,11-05-23-10-16-48-454
16.53,-57.16,666.00,19.06,11-05-23-10-16-48-485
17.38,-59.40,666.00,19.61,11-05-23-10-16-48-528
17.93,-60.39,666.00,19.42,11-05-23-10-16-48-553
18.20,-60.59,666.00,20.01,11-05-23-10-16-48-587
18.33,-60.35,666.00,20.56,11-05-23-10-16-48-619
18.37,-59.89,666.00,21.22,11-05-23-10-16-48-656
18.33,-59.32,666.00,23.28,11-05-23-10-16-48-687
18.20,-58.68,666.00,25.57,11-05-23-10-16-48-720
17.66,-57.39,666.00,28.00,11-05-23-10-16-48-755
16.85,-55.68,666.00,29.96,11-05-23-10-16-48-786
15.61,-52.79,-6.16,30.58,11-05-23-10-16-48-828
14.46,-49.54,666.00,29.93,11-05-23-10-16-48-857
13.39,-45.72,666.00,28.98,11-05-23-10-16-48-885
12.23,-39.90,666.00,27.99,11-05-23-10-16-48-919
10.84,-28.85,666.00,26.27,11-05-23-10-16-48-950
10.06,-17.53,666.00,24.76,11-05-23-10-16-48-988
9.68,-2.34,666.00,25.46,11-05-23-10-16-49-022
10.56,21.60,666.00,26.31,11-05-23-10-16-49-054
12.76,38.29,666.00,24.98,11-05-23-10-16-49-085
14.93,47.61,666.00,28.28,11-05-23-10-16-49-123
17.01,53.00,-8.46,33.05,11-05-23-10-16-49-151
19.67,56.91,-8.23,36.08,11-05-23-10-16-49-188
23.78,60.36,-8.44,38.36,11-05-23-10-16-49-218
29.85,64.12,-10.41,37.71,11-05-23-10-16-49-255
40.86,68.37,666.00,29.82,11-05-23-10-16-49-294
46.08,69.03,-18.90,33.25,11-05-23-10-16-49-320
48.83,68.77,-14.36,41.41,11-05-23-10-16-49-352
51.26,68.60,-15.00,41.91,11-05-23-10-16-49-386
55.25,68.15,-19.93,38.99,11-05-23-10-16-49-422
64.66,69.30,666.00,26.26,11-05-23-10-16-49-455
68.27,69.40,666.00,23.27,11-05-23-10-16-49-484
71.59,69.60,666.00,20.86,11-05-23-10-16-49-521
76.37,70.06,666.00,19.25,11-05-23-10-16-49-555
95.33,70.18,666.00,21.26,11-05-23-10-16-49-598
107.72,71.35,666.00,17.52,11-05-23-10-16-49-620
115.85,69.69,666.00,19.42,11-05-23-10-16-49-656
121.66,67.92,666.00,20.78,11-05-23-10-16-49-686
126.70,65.82,666.00,20.56,11-05-23-10-16-49-720
131.02,64.56,666.00,21.23,11-05-23-10-16-49-753
134.08,63.60,666.00,22.81,11-05-23-10-16-49-787
139.11,62.18,666.00,22.70,11-05-23-10-16-49-823
142.74,61.10,666.00,22.45,11-05-23-10-16-49-854
145.85,60.14,666.00,21.23,11-05-23-10-16-49-887
149.03,58.99,666.00,21.40,11-05-23-10-16-49-921
152.14,57.75,666.00,20.86,11-05-23-10-16-49-957
155.35,56.57,666.00,18.87,11-05-23-10-16-49-986
157.29,55.94,666.00,21.55,11-05-23-10-16-50-020
158.63,55.52,666.00,22.55,11-05-23-10-16-50-063
159.68,54.63,666.00,22.74,11-05-23-10-16-50-085
160.75,53.85,666.00,22.19,11-05-23-10-16-50-121
161.76,49.10,666.00,20.77,11-05-23-10-16-50-153
161.94,43.48,666.00,19.92,11-05-23-10-16-50-191
161.97,41.21,666.00,19.88,11-05-23-10-16-50-224
161.88,40.21,666.00,19.86,11-05-23-10-16-50-255
161.79,40.09,666.00,19.75,11-05-23-10-16-50-286
161.23,49.35,666.00,17.10,11-05-23-10-16-50-322
160.51,52.81,666.00,15.49,11-05-23-10-16-50-360
159.35,54.78,666.00,13.97,11-05-23-10-16-50-385
157.77,56.30,666.00,12.44,11-05-23-10-16-50-420
154.31,57.95,666.00,12.28,11-05-23-10-16-50-454
148.90,58.44,666.00,13.95,11-05-23-10-16-50-488
140.06,59.56,666.00,18.10,11-05-23-10-16-50-520
134.98,59.78,666.00,17.48,11-05-23-10-16-50-553
130.53,59.61,666.00,17.03,11-05-23-10-16-50-588
121.31,58.42,666.00,21.54,11-05-23-10-16-50-621
116.21,57.39,666.00,21.51,11-05-23-10-16-50-660
106.70,58.73,666.00,26.05,11-05-23-10-16-50-685
101.02,58.61,666.00,27.20,11-05-23-10-16-50-722
93.21,54.99,-55.83,33.95,11-05-23-10-16-50-752
86.81,56.42,-49.30,33.88,11-05-23-10-16-50-788
79.29,53.70,-46.62,38.60,11-05-23-10-16-50-818
76.62,52.80,-56.92,33.90,11-05-23-10-16-50-852
69.39,50.51,-44.40,39.65,11-05-23-10-16-50-888
65.78,49.19,-50.82,40.00,11-05-23-10-16-50-921
61.61,47.64,-61.64,34.64,11-05-23-10-16-50-951
51.62,47.24,-43.82,31.26,11-05-23-10-16-50-985
47.77,46.64,666.00,23.23,11-05-23-10-16-51-019
44.33,45.23,666.00,19.46,11-05-23-10-16-51-055
38.84,42.42,666.00,19.00,11-05-23-10-16-51-086
33.97,37.55,666.00,21.26,11-05-23-10-16-51-120
26.87,24.73,666.00,27.30,11-05-23-10-16-51-152
23.41,13.59,666.00,28.19,11-05-23-10-16-51-184
21.06,4.00,666.00,27.49,11-05-23-10-16-51-221
19.61,-3.89,666.00,27.77,11-05-23-10-16-51-254
18.44,-11.88,666.00,24.48,11-05-23-10-16-51-287
17.61,-20.55,666.00,23.98,11-05-23-10-16-51-320
17.26,-27.52,666.00,22.94,11-05-23-10-16-51-352
17.18,-33.03,666.00,21.50,11-05-23-10-16-51-384
17.29,-37.86,666.00,19.23,11-05-23-10-16-51-426
17.45,-41.60,666.00,17.82,11-05-23-10-16-51-453
17.72,-45.04,666.00,15.03,11-05-23-10-16-51-487
17.99,-47.87,666.00,14.86,11-05-23-10-16-51-522
18.23,-49.91,666.00,15.03,11-05-23-10-16-51-554
18.35,-51.30,666.00,15.19,11-05-23-10-16-51-585
18.37,-52.19,666.00,15.40,11-05-23-10-16-51-623
18.31,-52.78,666.00,16.10,11-05-23-10-16-51-652
18.21,-53.16,666.00,17.06,11-05-23-10-16-51-686
18.05,-53.42,666.00,18.92,11-05-23-10-16-51-730
17.83,-53.32,666.00,21.15,11-05-23-10-16-51-752
17.41,-52.53,666.00,23.70,11-05-23-10-16-51-786
16.81,-51.01,666.00,25.47,11-05-23-10-16-51-822
16.18,-49.11,666.00,27.64,11-05-23-10-16-51-851
15.19,-45.11,666.00,27.80,11-05-23-10-16-51-889
14.10,-39.44,666.00,27.13,11-05-23-10-16-51-920
13.01,-31.53,666.00,28.95,11-05-23-10-16-51-953
12.27,-23.07,666.00,28.97,11-05-23-10-16-51-986
11.87,-10.38,0.64,31.29,11-05-23-10-16-52-028
12.89,10.25,666.00,27.90,11-05-23-10-16-52-055
14.18,21.12,-2.13,31.09,11-05-23-10-16-52-091
15.96,30.81,-1.53,34.78,11-05-23-10-16-52-120
22.41,43.77,-6.38,33.09,11-05-23-10-16-52-156
27.34,49.02,-8.17,33.48,11-05-23-10-16-52-186
34.02,53.96,-11.24,34.36,11-05-23-10-16-52-220
44.41,60.90,666.00,26.39,11-05-23-10-16-52-257
49.11,61.70,-15.00,31.52,11-05-23-10-16-52-287
52.21,62.43,-16.71,30.76,11-05-23-10-16-52-318
57.27,63.11,666.00,25.07,11-05-23-10-16-52-352
67.11,63.29,666.00,16.27,11-05-23-10-16-52-388
76.94,63.19,666.00,22.84,11-05-23-10-16-52-421
81.44,62.88,666.00,28.69,11-05-23-10-16-52-452
92.97,63.88,666.00,19.80,11-05-23-10-16-52-488
100.48,65.24,666.00,22.46,11-05-23-10-16-52-520
109.65,62.04,666.00,27.18,11-05-23-10-16-52-553
115.96,63.52,666.00,25.28,11-05-23-10-16-52-588
121.02,63.60,666.00,23.17,11-05-23-10-16-52-619
125.07,62.93,666.00,25.25,11-05-23-10-16-52-652
128.44,62.70,666.00,26.22,11-05-23-10-16-52-686
132.49,62.58,666.00,25.65,11-05-23-10-16-52-723
136.23,62.34,666.00,23.60,11-05-23-10-16-52-752
142.62,62.36,666.00,20.15,11-05-23-10-16-52-791
146.25,62.10,666.00,19.97,11-05-23-10-16-52-820
149.23,61.81,666.00,20.74,11-05-23-10-16-52-854
155.13,60.59,666.00,15.25,11-05-23-10-16-52-886
157.24,60.19,666.00,15.33,11-05-23-10-16-52-921
158.76,59.60,666.00,16.18,11-05-23-10-16-52-952
160.33,57.69,666.00,16.97,11-05-23-10-16-52-987
161.51,55.33,666.00,21.69,11-05-23-10-16-53-022
162.45,52.41,666.00,22.25,11-05-23-10-16-53-057
162.99,49.24,666.00,22.35,11-05-23-10-16-53-091
163.33,46.74,666.00,22.41,11-05-23-10-16-53-136
163.43,45.19,666.00,22.60,11-05-23-10-16-53-159
163.39,43.75,666.00,22.71,11-05-23-10-16-53-189
163.28,42.99,666.00,22.71,11-05-23-10-16-53-222
161.08,39.15,666.00,23.37,11-05-23-10-16-53-266
160.09,38.96,666.00,23.23,11-05-23-10-16-53-290
159.70,45.20,666.00,20.85,11-05-23-10-16-53-318
159.20,49.30,666.00,17.62,11-05-23-10-16-53-352
157.08,52.38,666.00,17.51,11-05-23-10-16-53-397
155.13,54.80,666.00,18.00,11-05-23-10-16-53-420
152.85,57.55,666.00,17.93,11-05-23-10-16-53-452
149.50,61.40,666.00,17.74,11-05-23-10-16-53-487
145.48,65.30,666.00,16.72,11-05-23-10-16-53-519
141.30,67.80,666.00,16.45,11-05-23-10-16-53-553
133.50,68.68,666.00,17.63,11-05-23-10-16-53-590
128.83,68.82,666.00,18.27,11-05-23-10-16-53-623
124.06,68.41,666.00,18.88,11-05-23-10-16-53-653
117.84,66.97,666.00,21.06,11-05-23-10-16-53-696
110.06,64.10,666.00,25.44,11-05-23-10-16-53-720
105.19,61.62,666.00,27.43,11-05-23-10-16-53-756
101.02,59.01,666.00,28.85,11-05-23-10-16-53-784
95.52,57.14,666.00,29.68,11-05-23-10-16-53-822
90.37,54.66,-75.25,34.25,11-05-23-10-16-53-854
85.54,52.16,-64.45,40.74,11-05-23-10-16-53-885
80.30,49.77,-52.78,48.93,11-05-23-10-16-53-920
69.53,47.80,-31.16,60.76,11-05-23-10-16-53-957
62.50,46.75,-44.35,43.11,11-05-23-10-16-53-988
57.52,45.95,-54.11,34.60,11-05-23-10-16-54-020
46.21,43.18,-32.99,31.50,11-05-23-10-16-54-050
41.66,41.84,666.00,24.34,11-05-23-10-16-54-087
38.13,40.42,666.00,21.05,11-05-23-10-16-54-118
33.76,38.60,666.00,20.45,11-05-23-10-16-54-157
26.10,28.29,666.00,23.79,11-05-23-10-16-54-185
22.34,20.76,666.00,23.01,11-05-23-10-16-54-220
19.61,11.25,666.00,22.01,11-05-23-10-16-54-251
17.88,-0.08,666.00,21.66,11-05-23-10-16-54-286
17.16,-8.87,666.00,20.21,11-05-23-10-16-54-322
17.27,-19.53,666.00,21.07,11-05-23-10-16-54-357
17.96,-28.91,666.00,19.33,11-05-23-10-16-54-387
18.72,-36.37,666.00,21.39,11-05-23-10-16-54-420
19.33,-41.61,666.00,19.81,11-05-23-10-16-54-461
19.81,-46.36,666.00,20.19,11-05-23-10-16-54-484
20.13,-49.66,666.00,20.72,11-05-23-10-16-54-519
20.27,-51.80,666.00,21.05,11-05-23-10-16-54-553
20.29,-53.33,666.00,21.39,11-05-23-10-16-54-588
20.20,-54.30,666.00,21.97,11-05-23-10-16-54-619
20.01,-54.81,666.00,22.87,11-05-23-10-16-54-652
19.73,-55.06,666.00,24.18,11-05-23-10-16-54-689
19.22,-55.05,666.00,25.90,11-05-23-10-16-54-720
18.45,-54.40,666.00,29.54,11-05-23-10-16-54-751
17.35,-52.83,-9.97,31.07,11-05-23-10-16-54-788
16.16,-50.41,-8.85,33.40,11-05-23-10-16-54-822
14.61,-45.58,-9.51,33.96,11-05-23-10-16-54-853
13.20,-39.66,-10.52,31.88,11-05-23-10-16-54-889
11.82,-30.47,666.00,29.01,11-05-23-10-16-54-922
10.74,-12.04,666.00,26.09,11-05-23-10-16-54-954
10.91,7.59,666.00,26.17,11-05-23-10-16-54-986
11.91,20.88,666.00,26.63,11-05-23-10-16-55-019
14.85,35.69,666.00,26.12,11-05-23-10-16-55-054
17.28,42.62,666.00,28.97,11-05-23-10-16-55-085
21.05,49.74,666.00,29.99,11-05-23-10-16-55-120
25.44,55.01,-9.78,31.86,11-05-23-10-16-55-155
34.83,61.57,666.00,26.86,11-05-23-10-16-55-186
42.79,65.04,666.00,26.15,11-05-23-10-16-55-223
47.10,66.75,-16.22,32.23,11-05-23-10-16-55-251
53.61,69.48,-11.77,33.54,11-05-23-10-16-55-285
58.83,71.09,666.00,28.45,11-05-23-10-16-55-317
66.22,71.61,666.00,18.45,11-05-23-10-16-55-357
75.09,72.04,666.00,7.82,11-05-23-10-16-55-386
78.03,71.79,666.00,7.95,11-05-23-10-16-55-419
80.67,71.19,666.00,25.44,11-05-23-10-16-55-452
92.12,71.13,666.00,25.43,11-05-23-10-16-55-488
95.62,70.45,-29.12,34.44,11-05-23-10-16-55-526
105.08,69.14,666.00,27.45,11-05-23-10-16-55-551
114.03,67.92,666.00,22.31,11-05-23-10-16-55-585
121.11,67.90,666.00,18.98,11-05-23-10-16-55-619
124.51,67.58,666.00,21.61,11-05-23-10-16-55-652
127.79,67.08,666.00,23.52,11-05-23-10-16-55-690
131.34,66.37,666.00,25.39,11-05-23-10-16-55-719
135.78,65.58,666.00,24.67,11-05-23-10-16-55-752
141.37,63.08,666.00,26.01,11-05-23-10-16-55-787
146.16,61.58,666.00,24.02,11-05-23-10-16-55-825
149.40,55.56,666.00,22.60,11-05-23-10-16-55-850
152.42,52.07,666.00,25.47,11-05-23-10-16-55-883
153.88,50.02,666.00,27.12,11-05-23-10-16-55-920
155.13,43.03,666.00,27.02,11-05-23-10-16-55-952
157.37,39.08,666.00,27.35,11-05-23-10-16-55-986
157.84,35.36,666.00,27.44,11-05-23-10-16-56-018
158.16,33.34,666.00,27.67,11-05-23-10-16-56-051
158.72,32.38,666.00,28.56,11-05-23-10-16-56-085
159.15,32.51,666.00,29.14,11-05-23-10-16-56-129
158.45,32.51,666.00,27.19,11-05-23-10-16-56-152
157.79,32.93,666.00,26.11,11-05-23-10-16-56-184
157.20,33.54,666.00,25.34,11-05-23-10-16-56-220
156.67,34.31,666.00,24.26,11-05-23-10-16-56-253
156.11,35.46,666.00,22.88,11-05-23-10-16-56-288
155.56,36.74,666.00,21.85,11-05-23-10-16-56-323
154.79,38.62,666.00,21.51,11-05-23-10-16-56-353
153.56,41.54,666.00,21.65,11-05-23-10-16-56-386
151.80,45.72,666.00,21.73,11-05-23-10-16-56-418
148.70,51.74,666.00,21.02,11-05-23-10-16-56-452
145.14,56.59,666.00,20.69,11-05-23-10-16-56-487
141.60,60.40,666.00,20.25,11-05-23-10-16-56-521
137.08,64.26,666.00,19.52,11-05-23-10-16-56-551
132.84,66.11,666.00,19.84,11-05-23-10-16-56-588
125.58,66.22,666.00,24.44,11-05-23-10-16-56-619
122.02,66.19,666.00,24.40,11-05-23-10-16-56-653
114.75,65.97,666.00,26.38,11-05-23-10-16-56-685
108.84,65.75,666.00,27.58,11-05-23-10-16-56-719
103.98,64.75,666.00,27.14,11-05-23-10-16-56-751
101.51,64.26,666.00,27.67,11-05-23-10-16-56-786
93.32,65.07,666.00,25.40,11-05-23-10-16-56-820
90.68,65.14,666.00,25.04,11-05-23-10-16-56-853
88.88,65.10,666.00,24.92,11-05-23-10-16-56-890
86.65,65.12,666.00,25.43,11-05-23-10-16-56-921
74.47,61.54,666.00,29.18,11-05-23-10-16-56-953
65.23,58.26,-39.14,36.04,11-05-23-10-16-56-988
58.86,56.20,666.00,29.27,11-05-23-10-16-57-020
51.00,54.20,666.00,25.84,11-05-23-10-16-57-050
46.47,52.22,666.00,22.48,11-05-23-10-16-57-084
40.40,48.96,666.00,22.23,11-05-23-10-16-57-122
35.39,45.25,666.00,21.36,11-05-23-10-16-57-154
29.15,38.90,666.00,24.89,11-05-23-10-16-57-188
24.85,32.98,666.00,23.54,11-05-23-10-16-57-220
20.29,24.34,666.00,22.38,11-05-23-10-16-57-254
16.21,10.75,666.00,21.68,11-05-23-10-16-57-288
13.92,-2.84,666.00,19.09,11-05-23-10-16-57-318
12.86,-15.02,666.00,18.32,11-05-23-10-16-57-353
12.49,-25.17,666.00,14.21,11-05-23-10-16-57-387
12.70,-34.48,666.00,13.16,11-05-23-10-16-57-418
13.48,-42.73,666.00,11.03,11-05-23-10-16-57-450
14.69,-49.36,666.00,12.19,11-05-23-10-16-57-497
15.58,-52.76,666.00,13.14,11-05-23-10-16-57-524
16.35,-55.04,666.00,13.87,11-05-23-10-16-57-550
16.80,-56.18,666.00,14.67,11-05-23-10-16-57-588
17.00,-56.88,666.00,15.53,11-05-23-10-16-57-622
17.09,-57.15,666.00,16.55,11-05-23-10-16-57-652
17.08,-57.11,666.00,18.52,11-05-23-10-16-57-690
16.99,-56.92,666.00,21.87,11-05-23-10-16-57-719
16.84,-56.57,666.00,25.16,11-05-23-10-16-57-753
16.48,-55.51,666.00,27.21,11-05-23-10-16-57-794
15.83,-53.72,666.00,28.08,11-05-23-10-16-57-818
14.93,-50.96,666.00,28.95,11-05-23-10-16-57-852
13.56,-45.97,666.00,27.59,11-05-23-10-16-57-887
12.13,-38.91,666.00,25.93,11-05-23-10-16-57-921
11.06,-31.31,666.00,25.83,11-05-23-10-16-57-956
9.93,-16.88,666.00,24.29,11-05-23-10-16-57-989
9.59,-5.63,666.00,24.57,11-05-23-10-16-58-019
9.60,4.01,666.00,26.26,11-05-23-10-16-58-053
9.85,13.04,666.00,28.87,11-05-23-10-16-58-094
10.56,24.10,-10.72,31.34,11-05-23-10-16-58-120
12.27,38.20,-10.16,32.99,11-05-23-10-16-58-152
14.66,48.16,-10.19,34.05,11-05-23-10-16-58-189
18.36,55.94,-9.98,34.29,11-05-23-10-16-58-221
22.17,59.98,-9.93,36.58,11-05-23-10-16-58-250
26.43,62.32,-9.97,40.04,11-05-23-10-16-58-287
34.03,65.35,-13.69,39.24,11-05-23-10-16-58-317
43.27,69.49,-14.92,35.67,11-05-23-10-16-58-354
59.39,73.44,666.00,15.33,11-05-23-10-16-58-395
60.69,72.14,666.00,26.27,11-05-23-10-16-58-420
65.48,70.94,666.00,27.35,11-05-23-10-16-58-452
67.58,69.27,666.00,29.37,11-05-23-10-16-58-485
68.89,68.03,-50.47,31.07,11-05-23-10-16-58-519
69.88,66.93,-17.78,57.21,11-05-23-10-16-58-559
90.17,69.90,-29.81,36.63,11-05-23-10-16-58-586
96.53,70.48,-29.22,36.90,11-05-23-10-16-58-619
109.00,69.83,666.00,22.56,11-05-23-10-16-58-652
118.79,67.32,666.00,17.21,11-05-23-10-16-58-684
124.27,65.35,666.00,18.49,11-05-23-10-16-58-719
128.60,63.97,666.00,19.21,11-05-23-10-16-58-753
131.58,62.89,666.00,21.30,11-05-23-10-16-58-787
134.30,61.73,666.00,22.51,11-05-23-10-16-58-821
137.01,60.56,666.00,24.24,11-05-23-10-16-58-853
142.00,59.06,666.00,22.26,11-05-23-10-16-58-886
145.27,57.90,666.00,23.53,11-05-23-10-16-58-920
148.77,55.49,666.00,21.90,11-05-23-10-16-58-952
150.89,53.87,666.00,21.91,11-05-23-10-16-58-989
153.10,52.34,666.00,21.49,11-05-23-10-16-59-018
155.12,49.89,666.00,21.05,11-05-23-10-16-59-054
156.50,47.70,666.00,20.97,11-05-23-10-16-59-086
157.59,45.91,666.00,21.44,11-05-23-10-16-59-118
158.66,44.93,666.00,22.39,11-05-23-10-16-59-157
159.15,44.31,666.00,22.23,11-05-23-10-16-59-189
159.32,44.41,666.00,22.20,11-05-23-10-16-59-217
159.37,45.29,666.00,23.06,11-05-23-10-16-59-256
159.43,45.78,666.00,22.96,11-05-23-10-16-59-289
159.43,46.25,666.00,22.58,11-05-23-10-16-59-317
159.26,47.06,666.00,21.93,11-05-23-10-16-59-352
158.83,48.38,666.00,20.88,11-05-23-10-16-59-389
158.28,49.87,666.00,20.06,11-05-23-10-16-59-418
156.67,53.34,666.00,19.19,11-05-23-10-16-59-466
154.52,57.43,666.00,17.97,11-05-23-10-16-59-491
149.25,66.75,666.00,14.06,11-05-23-10-16-59-520
146.48,69.99,666.00,12.62,11-05-23-10-16-59-556
141.52,71.22,666.00,14.48,11-05-23-10-16-59-587
137.28,71.63,666.00,15.73,11-05-23-10-16-59-621
133.37,71.93,666.00,15.87,11-05-23-10-16-59-650
128.99,72.03,666.00,16.07,11-05-23-10-16-59-685
123.78,71.08,666.00,16.23,11-05-23-10-16-59-720
117.49,69.31,666.00,17.67,11-05-23-10-16-59-764
111.61,68.42,666.00,17.70,11-05-23-10-16-59-786
109.06,67.08,666.00,16.88,11-05-23-10-16-59-820
107.17,65.89,666.00,17.55,11-05-23-10-16-59-852
105.78,64.94,666.00,21.63,11-05-23-10-16-59-888
104.77,64.06,666.00,25.30,11-05-23-10-16-59-919
103.85,63.38,-159.31,30.24,11-05-23-10-16-59-953
86.44,58.21,666.00,23.08,11-05-23-10-16-59-987
69.88,54.00,-49.16,31.74,11-05-23-10-17-00-023
56.81,52.78,-21.47,42.92,11-05-23-10-17-00-050
51.82,51.58,-24.51,39.63,11-05-23-10-17-00-090
48.15,50.74,-31.31,32.28,11-05-23-10-17-00-120
45.28,50.29,666.00,23.32,11-05-23-10-17-00-151
42.45,49.67,666.00,18.02,11-05-23-10-17-00-188
37.55,47.93,666.00,15.48,11-05-23-10-17-00-220
34.08,45.92,666.00,15.24,11-05-23-10-17-00-251
26.80,33.47,666.00,21.30,11-05-23-10-17-00-289
22.52,20.13,666.00,25.92,11-05-23-10-17-00-320
19.93,9.19,666.00,28.50,11-05-23-10-17-00-354
18.26,-0.63,666.00,26.22,11-05-23-10-17-00-388
17.12,-8.74,666.00,23.55,11-05-23-10-17-00-421
16.35,-16.39,666.00,23.57,11-05-23-10-17-00-454
15.99,-22.37,666.00,22.41,11-05-23-10-17-00-487
15.91,-28.67,666.00,21.29,11-05-23-10-17-00-524
16.09,-33.23,666.00,20.31,11-05-23-10-17-00-557
16.44,-37.12,666.00,19.02,11-05-23-10-17-00-586
16.91,-40.82,666.00,18.97,11-05-23-10-17-00-618
17.38,-43.89,666.00,18.62,11-05-23-10-17-00-653
17.73,-46.04,666.00,18.62,11-05-23-10-17-00-685
17.94,-47.54,666.00,18.77,11-05-23-10-17-00-726
18.07,-48.84,666.00,19.03,11-05-23-10-17-00-750
18.15,-50.17,666.00,21.91,11-05-23-10-17-00-785
18.12,-51.11,666.00,24.36,11-05-23-10-17-00-826
17.99,-51.76,-11.78,30.28,11-05-23-10-17-00-850
17.80,-52.17,-11.61,32.16,11-05-23-10-17-00-889
17.43,-52.20,-11.45,32.66,11-05-23-10-17-00-919
16.90,-51.69,-11.50,32.35,11-05-23-10-17-00-951
16.16,-49.95,-11.33,31.60,11-05-23-10-17-00-985
14.97,-45.29,666.00,29.09,11-05-23-10-17-01-019
13.96,-39.48,666.00,26.71,11-05-23-10-17-01-051
13.00,-31.66,666.00,25.84,11-05-23-10-17-01-087
12.23,-20.44,666.00,24.31,11-05-23-10-17-01-129
11.92,-1.90,666.00,20.51,11-05-23-10-17-01-153
12.55,13.53,666.00,22.28,11-05-23-10-17-01-188
13.62,24.32,666.00,26.74,11-05-23-10-17-01-218
16.28,38.84,666.00,27.14,11-05-23-10-17-01-250
18.84,46.65,-8.67,30.75,11-05-23-10-17-01-288
22.20,53.15,-7.94,35.33,11-05-23-10-17-01-321
27.85,58.94,-10.57,35.20,11-05-23-10-17-01-352
34.91,63.26,-13.10,33.20,11-05-23-10-17-01-392
41.71,66.19,-14.94,34.78,11-05-23-10-17-01-428
51.32,71.46,666.00,27.24,11-05-23-10-17-01-449
54.41,72.51,666.00,25.58,11-05-23-10-17-01-489
59.24,73.77,666.00,19.43,11-05-23-10-17-01-520
62.58,73.36,666.00,16.25,11-05-23-10-17-01-551
64.29,72.87,666.00,15.22,11-05-23-10-17-01-587
65.46,72.69,666.00,14.37,11-05-23-10-17-01-622
66.25,72.54,666.00,13.76,11-05-23-10-17-01-652
66.95,72.42,-5.11,53.49,11-05-23-10-17-01-686
67.52,72.26,-2.22,67.69,11-05-23-10-17-01-718
95.08,71.05,-20.32,38.30,11-05-23-10-17-01-752
110.54,69.33,666.00,25.67,11-05-23-10-17-01-787
120.19,67.06,666.00,21.44,11-05-23-10-17-01-822
125.99,64.97,666.00,22.63,11-05-23-10-17-01-853
129.22,64.04,666.00,25.13,11-05-23-10-17-01-886
132.70,63.21,666.00,25.49,11-05-23-10-17-01-921
135.07,61.73,666.00,29.88,11-05-23-10-17-01-963
137.43,59.88,-53.32,33.46,11-05-23-10-17-01-994
145.30,57.81,666.00,27.92,11-05-23-10-17-02-040
150.38,51.73,666.00,24.03,11-05-23-10-17-02-064
152.95,47.09,666.00,23.34,11-05-23-10-17-02-087
154.53,43.51,666.00,23.08,11-05-23-10-17-02-130
155.66,40.49,666.00,23.18,11-05-23-10-17-02-150
156.40,38.50,666.00,23.39,11-05-23-10-17-02-189
156.82,37.52,666.00,26.11,11-05-23-10-17-02-220
157.08,36.99,666.00,27.01,11-05-23-10-17-02-252
157.18,36.80,666.00,27.38,11-05-23-10-17-02-290
157.75,38.19,666.00,27.61,11-05-23-10-17-02-319
157.88,38.84,666.00,27.48,11-05-23-10-17-02-355
157.76,39.57,666.00,24.33,11-05-23-10-17-02-386
157.37,40.68,666.00,22.57,11-05-23-10-17-02-417
156.84,45.97,666.00,20.58,11-05-23-10-17-02-454
156.26,49.51,666.00,18.01,11-05-23-10-17-02-497
155.38,53.48,666.00,15.88,11-05-23-10-17-02-520
150.54,58.12,666.00,15.15,11-05-23-10-17-02-556
147.22,64.04,666.00,14.16,11-05-23-10-17-02-590
143.32,64.21,666.00,15.83,11-05-23-10-17-02-622
140.45,64.12,666.00,15.79,11-05-23-10-17-02-652
137.68,63.77,666.00,16.01,11-05-23-10-17-02-686
134.14,63.35,666.00,16.95,11-05-23-10-17-02-722
129.32,63.05,666.00,17.99,11-05-23-10-17-02-753
122.59,62.45,666.00,19.57,11-05-23-10-17-02-805
116.42,61.05,666.00,21.15,11-05-23-10-17-02-819
106.52,60.91,666.00,26.69,11-05-23-10-17-02-856
99.33,60.04,666.00,27.44,11-05-23-10-17-02-887
93.76,58.75,666.00,27.32,11-05-23-10-17-02-920
91.27,57.97,666.00,25.28,11-05-23-10-17-02-951
81.06,52.89,-57.83,39.71,11-05-23-10-17-02-986
74.50,49.39,-47.92,50.16,11-05-23-10-17-03-022
67.77,46.55,-36.85,59.83,11-05-23-10-17-03-051
62.21,44.85,-28.10,66.70,11-05-23-10-17-03-096
57.07,43.88,-33.42,50.23,11-05-23-10-17-03-120
52.26,43.20,-53.01,36.07,11-05-23-10-17-03-151
42.76,40.62,-34.60,34.16,11-05-23-10-17-03-188
37.78,39.17,666.00,29.24,11-05-23-10-17-03-221
33.36,37.31,666.00,25.59,11-05-23-10-17-03-251
27.78,34.11,666.00,22.23,11-05-23-10-17-03-289
24.62,31.19,666.00,21.78,11-05-23-10-17-03-322
21.47,26.79,666.00,19.05,11-05-23-10-17-03-355
17.72,17.58,666.00,19.27,11-05-23-10-17-03-387
15.22,6.68,666.00,17.95,11-05-23-10-17-03-420
13.70,-7.58,666.00,18.12,11-05-23-10-17-03-460
13.56,-22.32,666.00,18.81,11-05-23-10-17-03-490
13.91,-30.62,666.00,17.46,11-05-23-10-17-03-522
14.92,-37.95,666.00,17.76,11-05-23-10-17-03-556
15.85,-42.48,666.00,15.52,11-05-23-10-17-03-586
16.89,-45.88,666.00,15.59,11-05-23-10-17-03-619
17.91,-48.42,666.00,14.46,11-05-23-10-17-03-652
18.72,-50.17,666.00,15.14,11-05-23-10-17-03-688
19.24,-51.27,666.00,15.86,11-05-23-10-17-03-721
19.35,-51.70,666.00,16.95,11-05-23-10-17-03-756
19.32,-51.80,666.00,18.57,11-05-23-10-17-03-789
19.21,-51.69,666.00,20.79,11-05-23-10-17-03-818
19.00,-51.44,666.00,22.64,11-05-23-10-17-03-860
18.60,-51.07,666.00,24.58,11-05-23-10-17-03-887
17.86,-50.38,666.00,25.65,11-05-23-10-17-03-920
16.55,-48.70,666.00,27.18,11-05-23-10-17-03-953
15.11,-46.23,666.00,28.38,11-05-23-10-17-03-986
13.70,-42.88,666.00,28.59,11-05-23-10-17-04-020
12.37,-37.91,666.00,28.70,11-05-23-10-17-04-052
11.01,-28.80,666.00,28.25,11-05-23-10-17-04-087
10.12,-14.30,666.00,27.87,11-05-23-10-17-04-119
10.53,4.23,666.00,28.15,11-05-23-10-17-04-163
11.51,16.01,-3.02,30.56,11-05-23-10-17-04-185
13.17,25.77,-3.14,32.35,11-05-23-10-17-04-220
15.38,33.71,-3.84,34.54,11-05-23-10-17-04-255
17.77,39.96,-2.38,38.60,11-05-23-10-17-04-286
23.44,49.11,-4.97,35.56,11-05-23-10-17-04-320
28.44,54.03,-6.47,36.98,11-05-23-10-17-04-352
33.17,57.02,-8.36,40.24,11-05-23-10-17-04-385
43.61,63.82,666.00,25.85,11-05-23-10-17-04-420
47.99,65.12,-15.72,31.00,11-05-23-10-17-04-453
50.59,65.65,-16.92,30.69,11-05-23-10-17-04-484
53.37,65.71,666.00,28.33,11-05-23-10-17-04-519
56.99,65.11,666.00,24.28,11-05-23-10-17-04-551
68.29,64.85,666.00,17.22,11-05-23-10-17-04-586
75.01,64.38,666.00,22.56,11-05-23-10-17-04-624
79.76,63.65,666.00,28.41,11-05-23-10-17-04-652
90.69,66.48,666.00,19.80,11-05-23-10-17-04-686
95.71,67.13,666.00,25.02,11-05-23-10-17-04-719
100.20,66.91,-35.34,32.02,11-05-23-10-17-04-753
109.61,64.83,666.00,27.03,11-05-23-10-17-04-786
114.05,63.73,666.00,28.17,11-05-23-10-17-04-822
119.56,63.15,666.00,26.71,11-05-23-10-17-04-851
124.35,61.83,666.00,25.81,11-05-23-10-17-04-887
128.83,61.27,666.00,25.58,11-05-23-10-17-04-924
132.86,60.45,666.00,25.12,11-05-23-10-17-04-952
138.19,59.51,666.00,21.99,11-05-23-10-17-04-988
141.62,58.71,666.00,22.98,11-05-23-10-17-05-020
144.73,57.66,666.00,22.40,11-05-23-10-17-05-049
147.48,56.22,666.00,22.04,11-05-23-10-17-05-089
150.04,54.39,666.00,22.11,11-05-23-10-17-05-120
154.42,51.49,666.00,18.42,11-05-23-10-17-05-153
156.20,50.08,666.00,18.32,11-05-23-10-17-05-189
157.42,49.08,666.00,18.15,11-05-23-10-17-05-229
158.28,48.46,666.00,18.18,11-05-23-10-17-05-252
158.94,47.92,666.00,18.06,11-05-23-10-17-05-288
159.37,47.53,666.00,17.98,11-05-23-10-17-05-321
159.66,47.18,666.00,17.90,11-05-23-10-17-05-354
159.84,46.95,666.00,17.79,11-05-23-10-17-05-389
159.92,46.88,666.00,17.62,11-05-23-10-17-05-419
159.92,46.92,666.00,17.31,11-05-23-10-17-05-453
159.86,47.12,666.00,15.96,11-05-23-10-17-05-487
158.43,48.70,666.00,15.27,11-05-23-10-17-05-528
156.71,50.60,666.00,14.86,11-05-23-10-17-05-552
154.58,54.48,666.00,14.68,11-05-23-10-17-05-586
152.14,58.01,666.00,14.09,11-05-23-10-17-05-620
145.93,61.17,666.00,17.17,11-05-23-10-17-05-654
141.45,62.51,666.00,17.44,11-05-23-10-17-05-685
137.91,63.45,666.00,17.85,11-05-23-10-17-05-721
134.49,63.94,666.00,17.36,11-05-23-10-17-05-753
129.94,64.09,666.00,18.39,11-05-23-10-17-05-785
124.81,63.68,666.00,19.72,11-05-23-10-17-05-829
117.20,62.12,666.00,23.53,11-05-23-10-17-05-848
110.62,61.35,666.00,27.01,11-05-23-10-17-05-886
102.16,60.39,-56.66,32.59,11-05-23-10-17-05-920
96.55,59.90,-54.24,33.35,11-05-23-10-17-05-951
88.97,56.60,-51.64,37.25,11-05-23-10-17-05-985
86.22,55.37,-59.61,34.35,11-05-23-10-17-06-021
76.13,50.53,-48.51,47.77,11-05-23-10-17-06-051
72.04,48.29,-44.37,53.50,11-05-23-10-17-06-089
69.40,46.87,-41.19,57.59,11-05-23-10-17-06-124
65.84,44.81,-35.54,62.82,11-05-23-10-17-06-152
62.56,42.90,-30.14,67.44,11-05-23-10-17-06-187
59.30,41.59,-40.84,65.42,11-05-23-10-17-06-219
52.50,39.35,-44.06,45.63,11-05-23-10-17-06-253
46.39,36.71,-43.26,33.95,11-05-23-10-17-06-296
40.22,33.33,666.00,28.47,11-05-23-10-17-06-319
36.06,30.25,666.00,25.51,11-05-23-10-17-06-352
31.37,25.26,666.00,25.08,11-05-23-10-17-06-388
28.42,21.10,666.00,24.54,11-05-23-10-17-06-421
25.20,14.57,666.00,23.60,11-05-23-10-17-06-453
21.97,5.04,666.00,23.32,11-05-23-10-17-06-489
18.07,-8.01,666.00,23.00,11-05-23-10-17-06-521
16.92,-15.96,666.00,22.59,11-05-23-10-17-06-552
16.37,-23.76,666.00,22.10,11-05-23-10-17-06-596
16.46,-32.04,666.00,18.23,11-05-23-10-17-06-622
17.04,-39.64,666.00,18.25,11-05-23-10-17-06-655
18.00,-46.37,666.00,18.56,11-05-23-10-17-06-687
19.16,-51.86,666.00,20.02,11-05-23-10-17-06-719
20.26,-55.57,666.00,22.10,11-05-23-10-17-06-752
21.17,-57.95,666.00,23.97,11-05-23-10-17-06-786
21.66,-59.08,666.00,25.15,11-05-23-10-17-06-819
21.85,-59.69,666.00,26.82,11-05-23-10-17-06-855
21.92,-59.96,666.00,28.11,11-05-23-10-17-06-887
21.57,-59.23,666.00,28.92,11-05-23-10-17-06-919
20.79,-57.36,666.00,29.12,11-05-23-10-17-06-953
19.80,-54.91,666.00,29.61,11-05-23-10-17-06-984
18.48,-51.08,-6.76,30.86,11-05-23-10-17-07-020
17.09,-46.61,-8.10,31.36,11-05-23-10-17-07-061
15.27,-39.27,-9.54,31.00,11-05-23-10-17-07-087
13.15,-25.30,666.00,28.26,11-05-23-10-17-07-122
12.05,-10.73,666.00,27.40,11-05-23-10-17-07-152
11.91,4.99,666.00,25.26,11-05-23-10-17-07-186
12.77,19.90,666.00,28.43,11-05-23-10-17-07-220
14.67,33.09,666.00,27.06,11-05-23-10-17-07-255
17.48,43.72,666.00,29.66,11-05-23-10-17-07-287
20.95,51.07,-15.75,32.39,11-05-23-10-17-07-316
25.51,57.51,-15.91,33.39,11-05-23-10-17-07-360
28.98,60.42,-14.96,37.46,11-05-23-10-17-07-387
38.78,65.22,-24.35,32.77,11-05-23-10-17-07-419
47.88,69.99,666.00,28.76,11-05-23-10-17-07-451
50.94,69.71,-25.05,34.52,11-05-23-10-17-07-488
52.95,68.40,-26.24,36.70,11-05-23-10-17-07-520
59.89,65.86,-43.03,33.75,11-05-23-10-17-07-554
62.33,64.64,-47.81,34.56,11-05-23-10-17-07-590
63.67,63.85,-50.17,35.32,11-05-23-10-17-07-621
66.16,61.71,-58.15,36.60,11-05-23-10-17-07-662
70.47,58.58,-72.15,38.96,11-05-23-10-17-07-685
88.18,61.66,-53.08,36.67,11-05-23-10-17-07-721
94.92,62.61,-45.14,39.59,11-05-23-10-17-07-751
106.57,61.17,-57.22,36.11,11-05-23-10-17-07-785
115.51,62.47,-62.49,30.36,11-05-23-10-17-07-819
120.71,61.65,666.00,28.91,11-05-23-10-17-07-855
124.91,61.14,666.00,27.32,11-05-23-10-17-07-889
128.72,60.41,666.00,28.69,11-05-23-10-17-07-920
133.25,58.30,666.00,26.87,11-05-23-10-17-07-954
136.07,57.18,666.00,28.28,11-05-23-10-17-07-988
140.07,54.66,666.00,29.11,11-05-23-10-17-08-019
144.72,56.24,666.00,29.83,11-05-23-10-17-08-051
149.21,57.21,666.00,26.23,11-05-23-10-17-08-086
151.07,58.02,666.00,25.58,11-05-23-10-17-08-123
153.93,53.68,666.00,24.40,11-05-23-10-17-08-152
154.98,50.28,666.00,25.44,11-05-23-10-17-08-185
155.36,48.47,666.00,26.45,11-05-23-10-17-08-219
155.42,47.84,666.00,27.23,11-05-23-10-17-08-253
155.38,47.58,666.00,27.86,11-05-23-10-17-08-289
155.22,47.58,666.00,28.45,11-05-23-10-17-08-318
154.43,49.03,666.00,29.04,11-05-23-10-17-08-356
153.69,50.20,666.00,29.49,11-05-23-10-17-08-390
153.23,50.88,666.00,29.38,11-05-23-10-17-08-432
152.77,51.51,666.00,28.52,11-05-23-10-17-08-451
152.22,52.25,666.00,27.03,11-05-23-10-17-08-488
151.20,53.68,666.00,24.96,11-05-23-10-17-08-520
149.09,56.03,666.00,23.31,11-05-23-10-17-08-552
146.30,58.54,666.00,22.75,11-05-23-10-17-08-590
138.14,61.42,666.00,26.12,11-05-23-10-17-08-623
133.79,62.38,666.00,27.81,11-05-23-10-17-08-652
130.36,63.53,666.00,26.29,11-05-23-10-17-08-688
126.18,64.92,666.00,24.22,11-05-23-10-17-08-736
120.45,65.75,666.00,23.34,11-05-23-10-17-08-752
113.46,63.55,666.00,26.85,11-05-23-10-17-08-787
104.45,62.26,-64.18,31.04,11-05-23-10-17-08-822
99.62,61.99,-66.49,30.97,11-05-23-10-17-08-856
89.73,57.80,-60.54,39.23,11-05-23-10-17-08-887
82.41,60.77,-49.80,37.24,11-05-23-10-17-08-924
79.60,61.03,-54.66,33.14,11-05-23-10-17-08-951
77.62,61.15,-53.33,32.41,11-05-23-10-17-08-987
69.13,57.79,-39.59,48.22,11-05-23-10-17-09-019
63.74,55.41,-32.56,58.39,11-05-23-10-17-09-053
59.68,53.56,-27.59,64.86,11-05-23-10-17-09-086
52.25,51.44,-35.44,42.70,11-05-23-10-17-09-122
48.11,49.68,-48.01,32.63,11-05-23-10-17-09-154
42.67,46.96,666.00,27.22,11-05-23-10-17-09-190
37.85,43.48,666.00,24.40,11-05-23-10-17-09-224
32.89,38.76,666.00,25.39,11-05-23-10-17-09-254
28.04,33.59,666.00,24.31,11-05-23-10-17-09-287
22.12,27.18,666.00,24.18,11-05-23-10-17-09-321
18.55,21.15,666.00,23.04,11-05-23-10-17-09-351
15.79,14.64,666.00,20.70,11-05-23-10-17-09-384
13.78,6.97,666.00,17.83,11-05-23-10-17-09-417
12.38,-2.44,666.00,16.49,11-05-23-10-17-09-451
11.80,-10.32,666.00,14.17,11-05-23-10-17-09-493
11.75,-18.47,666.00,13.82,11-05-23-10-17-09-518
12.30,-27.17,666.00,14.34,11-05-23-10-17-09-552
13.14,-33.44,666.00,15.29,11-05-23-10-17-09-587
14.00,-37.86,666.00,16.48,11-05-23-10-17-09-618
14.70,-40.49,666.00,17.50,11-05-23-10-17-09-655
15.18,-41.98,666.00,18.23,11-05-23-10-17-09-689
15.52,-42.88,666.00,18.79,11-05-23-10-17-09-719
15.70,-43.27,666.00,19.16,11-05-23-10-17-09-751
15.77,-43.35,666.00,19.50,11-05-23-10-17-09-797
15.78,-43.22,666.00,20.10,11-05-23-10-17-09-820
15.75,-43.02,666.00,21.02,11-05-23-10-17-09-852
15.58,-42.52,666.00,22.22,11-05-23-10-17-09-889
15.05,-41.12,666.00,23.79,11-05-23-10-17-09-919
14.16,-38.43,666.00,26.39,11-05-23-10-17-09-956
12.82,-33.10,666.00,28.18,11-05-23-10-17-09-989
11.40,-23.89,666.00,28.45,11-05-23-10-17-10-020
10.35,-6.22,-9.98,30.26,11-05-23-10-17-10-053
10.59,14.78,666.00,29.04,11-05-23-10-17-10-094
11.96,30.54,666.00,29.64,11-05-23-10-17-10-121
14.28,42.07,-8.61,30.98,11-05-23-10-17-10-152
17.62,50.37,-8.28,33.15,11-05-23-10-17-10-188
21.19,54.75,-7.78,35.90,11-05-23-10-17-10-223
26.72,57.74,-9.67,37.66,11-05-23-10-17-10-252
33.28,60.53,-12.54,37.26,11-05-23-10-17-10-287
45.47,65.20,666.00,25.35,11-05-23-10-17-10-320
49.52,65.09,-24.82,34.62,11-05-23-10-17-10-353
52.10,64.95,-25.59,37.76,11-05-23-10-17-10-385
57.55,63.46,-35.66,40.03,11-05-23-10-17-10-420
60.89,62.68,-41.68,40.66,11-05-23-10-17-10-452
66.50,62.70,-55.45,37.56,11-05-23-10-17-10-487
69.02,62.59,-61.91,37.32,11-05-23-10-17-10-520
86.22,66.78,-53.80,32.54,11-05-23-10-17-10-559
99.95,69.68,666.00,20.41,11-05-23-10-17-10-588
105.46,70.29,666.00,22.75,11-05-23-10-17-10-621
114.53,70.88,666.00,19.40,11-05-23-10-17-10-654
120.24,68.93,666.00,19.00,11-05-23-10-17-10-688
125.24,67.45,666.00,19.66,11-05-23-10-17-10-721
129.44,66.12,666.00,20.79,11-05-23-10-17-10-752
133.15,64.11,666.00,22.79,11-05-23-10-17-10-790
135.37,62.04,666.00,26.90,11-05-23-10-17-10-821
140.39,57.43,666.00,25.92,11-05-23-10-17-10-859
142.16,55.02,666.00,28.46,11-05-23-10-17-10-887
144.05,52.84,666.00,29.81,11-05-23-10-17-10-922
145.24,51.34,-68.28,30.97,11-05-23-10-17-10-951
146.99,49.43,-68.90,31.03,11-05-23-10-17-10-989
148.54,48.10,-68.50,30.70,11-05-23-10-17-11-019
149.87,47.60,-61.55,32.99,11-05-23-10-17-11-053
153.79,47.20,-59.33,34.25,11-05-23-10-17-11-088
155.13,47.23,-58.28,33.94,11-05-23-10-17-11-123
156.06,47.30,-56.92,33.66,11-05-23-10-17-11-159
156.43,47.50,-56.18,33.05,11-05-23-10-17-11-196
156.75,47.29,-56.94,31.24,11-05-23-10-17-11-220
156.98,47.29,-59.94,31.19,11-05-23-10-17-11-254
157.08,47.20,666.00,27.53,11-05-23-10-17-11-286
157.14,47.32,666.00,26.61,11-05-23-10-17-11-320
157.14,47.50,666.00,26.47,11-05-23-10-17-11-353
156.90,48.69,666.00,24.83,11-05-23-10-17-11-384
156.34,50.39,666.00,24.55,11-05-23-10-17-11-417
154.49,61.18,666.00,19.61,11-05-23-10-17-11-454
152.22,66.48,666.00,16.98,11-05-23-10-17-11-484
149.96,70.51,666.00,14.38,11-05-23-10-17-11-522
143.57,71.51,666.00,15.74,11-05-23-10-17-11-554
139.25,71.57,666.00,17.86,11-05-23-10-17-11-586
134.83,71.24,666.00,19.65,11-05-23-10-17-11-625
130.64,71.65,666.00,19.56,11-05-23-10-17-11-653
127.09,71.67,666.00,19.33,11-05-23-10-17-11-690
120.41,70.73,666.00,20.34,11-05-23-10-17-11-724
111.60,69.18,666.00,23.76,11-05-23-10-17-11-753
105.51,67.05,666.00,27.04,11-05-23-10-17-11-785
102.72,65.83,666.00,26.61,11-05-23-10-17-11-823
97.10,59.97,-104.47,34.71,11-05-23-10-17-11-853
89.23,53.44,-89.58,42.94,11-05-23-10-17-11-885
83.34,50.49,-77.95,46.95,11-05-23-10-17-11-930
71.77,46.20,-50.57,56.77,11-05-23-10-17-11-955
63.84,45.16,-34.02,62.36,11-05-23-10-17-11-989
56.47,44.94,-29.39,55.99,11-05-23-10-17-12-026
52.03,44.71,-34.54,43.93,11-05-23-10-17-12-059
48.37,45.44,-47.01,31.05,11-05-23-10-17-12-086
44.91,44.55,666.00,26.71,11-05-23-10-17-12-120
40.78,42.71,666.00,23.96,11-05-23-10-17-12-151
32.97,35.84,666.00,24.34,11-05-23-10-17-12-185
25.38,25.51,666.00,27.13,11-05-23-10-17-12-223
21.78,18.19,666.00,23.75,11-05-23-10-17-12-253
19.26,10.95,666.00,19.28,11-05-23-10-17-12-285
17.48,2.02,666.00,19.19,11-05-23-10-17-12-317
16.59,-5.40,666.00,18.24,11-05-23-10-17-12-355
16.10,-15.89,666.00,18.77,11-05-23-10-17-12-397
16.05,-23.08,666.00,16.25,11-05-23-10-17-12-419
16.24,-29.50,666.00,14.58,11-05-23-10-17-12-452
16.57,-35.02,666.00,14.78,11-05-23-10-17-12-485
16.95,-39.43,666.00,15.48,11-05-23-10-17-12-519
17.20,-42.16,666.00,16.06,11-05-23-10-17-12-552
17.38,-44.37,666.00,17.06,11-05-23-10-17-12-586
17.47,-45.71,666.00,18.45,11-05-23-10-17-12-617
17.46,-46.61,666.00,19.98,11-05-23-10-17-12-653
17.34,-47.26,666.00,21.85,11-05-23-10-17-12-698
17.06,-47.53,666.00,24.32,11-05-23-10-17-12-721
16.53,-47.29,666.00,25.71,11-05-23-10-17-12-753
15.64,-45.86,666.00,27.25,11-05-23-10-17-12-786
14.53,-43.09,666.00,27.55,11-05-23-10-17-12-819
13.25,-38.16,666.00,26.76,11-05-23-10-17-12-854
12.24,-32.72,666.00,25.19,11-05-23-10-17-12-888
11.07,-21.68,666.00,22.43,11-05-23-10-17-12-921
10.36,-3.65,666.00,23.28,11-05-23-10-17-12-952
10.54,10.65,666.00,23.62,11-05-23-10-17-12-988
11.26,22.18,666.00,24.84,11-05-23-10-17-13-019
12.99,34.38,666.00,27.41,11-05-23-10-17-13-053
16.24,45.36,666.00,26.32,11-05-23-10-17-13-087
19.26,50.81,666.00,28.81,11-05-23-10-17-13-121
23.38,54.72,-12.43,30.37,11-05-23-10-17-13-160
27.33,56.86,-12.98,33.60,11-05-23-10-17-13-186
31.18,58.33,-13.51,37.29,11-05-23-10-17-13-218
37.47,61.08,-16.53,37.67,11-05-23-10-17-13-253
46.69,65.65,-22.22,31.35,11-05-23-10-17-13-289
50.93,66.29,-20.35,36.38,11-05-23-10-17-13-319
54.22,67.32,-19.22,39.85,11-05-23-10-17-13-352
57.85,68.71,-20.23,37.46,11-05-23-10-17-13-387
59.50,69.17,-20.20,37.25,11-05-23-10-17-13-421
62.02,70.22,-21.26,34.12,11-05-23-10-17-13-458
63.93,70.90,-22.98,31.19,11-05-23-10-17-13-487
66.79,71.62,-12.36,50.73,11-05-23-10-17-13-520
84.02,72.13,-26.15,38.33,11-05-23-10-17-13-551
98.48,73.16,666.00,28.48,11-05-23-10-17-13-585
107.24,72.20,666.00,23.93,11-05-23-10-17-13-619
112.60,70.70,666.00,25.43,11-05-23-10-17-13-653
120.23,71.04,666.00,22.86,11-05-23-10-17-13-687
123.86,70.81,666.00,25.08,11-05-23-10-17-13-723
127.86,70.35,666.00,24.42,11-05-23-10-17-13-750
130.59,69.32,666.00,26.38,11-05-23-10-17-13-793
133.51,67.51,666.00,29.70,11-05-23-10-17-13-821
136.48,65.04,-52.75,30.51,11-05-23-10-17-13-852
142.36,59.07,666.00,25.98,11-05-23-10-17-13-887
145.59,56.86,666.00,26.44,11-05-23-10-17-13-921
149.74,50.89,666.00,27.01,11-05-23-10-17-13-951
151.05,48.42,666.00,27.85,11-05-23-10-17-13-984
151.80,47.54,666.00,28.21,11-05-23-10-17-14-022
153.25,49.16,-86.63,30.01,11-05-23-10-17-14-051
154.10,50.30,-83.00,30.56,11-05-23-10-17-14-086
154.66,51.40,-76.93,32.29,11-05-23-10-17-14-120
155.35,52.66,-73.32,31.86,11-05-23-10-17-14-151
155.88,53.73,-70.92,31.41,11-05-23-10-17-14-185
156.26,54.66,-69.70,31.10,11-05-23-10-17-14-223
156.55,55.53,666.00,29.90,11-05-23-10-17-14-252
156.76,56.53,666.00,28.50,11-05-23-10-17-14-288
156.91,57.41,666.00,27.53,11-05-23-10-17-14-320
156.78,58.70,666.00,22.37,11-05-23-10-17-14-353
156.44,60.04,666.00,21.25,11-05-23-10-17-14-389
155.76,61.70,666.00,19.43,11-05-23-10-17-14-419
154.85,63.17,666.00,18.95,11-05-23-10-17-14-453
151.72,65.50,666.00,19.57,11-05-23-10-17-14-487
146.86,67.65,666.00,19.89,11-05-23-10-17-14-529
140.86,69.15,666.00,19.70,11-05-23-10-17-14-551
132.64,70.17,666.00,20.83,11-05-23-10-17-14-586
127.26,69.72,666.00,21.81,11-05-23-10-17-14-622
117.76,67.90,666.00,26.18,11-05-23-10-17-14-652
112.06,66.44,666.00,27.71,11-05-23-10-17-14-692
102.63,63.79,-62.42,33.05,11-05-23-10-17-14-719
94.62,64.16,-49.52,36.26,11-05-23-10-17-14-752
89.91,63.81,-49.11,35.71,11-05-23-10-17-14-787
87.77,63.20,-60.21,31.34,11-05-23-10-17-14-828
86.06,62.69,666.00,28.88,11-05-23-10-17-14-852
84.82,62.17,666.00,27.08,11-05-23-10-17-14-886
73.99,58.51,-48.40,42.40,11-05-23-10-17-14-920
65.50,55.23,-34.02,55.70,11-05-23-10-17-14-952
59.18,53.20,-25.35,63.97,11-05-23-10-17-14-986
51.52,50.68,-16.21,72.64,11-05-23-10-17-15-020
47.23,48.69,-26.91,41.32,11-05-23-10-17-15-052
43.42,46.68,666.00,29.39,11-05-23-10-17-15-087
38.05,43.35,666.00,20.36,11-05-23-10-17-15-121
31.67,37.68,666.00,20.50,11-05-23-10-17-15-155
26.67,31.09,666.00,19.60,11-05-23-10-17-15-186
23.08,24.45,666.00,18.51,11-05-23-10-17-15-221
19.15,12.32,666.00,19.55,11-05-23-10-17-15-255
17.04,0.40,666.00,17.44,11-05-23-10-17-15-293
15.93,-11.18,666.00,16.21,11-05-23-10-17-15-319
15.50,-21.43,666.00,16.06,11-05-23-10-17-15-355
15.70,-30.34,666.00,16.15,11-05-23-10-17-15-388
16.24,-37.80,666.00,17.48,11-05-23-10-17-15-422
16.75,-42.83,666.00,18.21,11-05-23-10-17-15-452
17.31,-46.59,666.00,19.26,11-05-23-10-17-15-489
17.74,-48.91,666.00,20.02,11-05-23-10-17-15-521
18.06,-50.54,666.00,20.82,11-05-23-10-17-15-555
18.13,-51.32,666.00,21.36,11-05-23-10-17-15-595
18.09,-51.50,666.00,22.77,11-05-23-10-17-15-621
17.96,-51.35,666.00,24.47,11-05-23-10-17-15-654
17.76,-50.90,666.00,25.94,11-05-23-10-17-15-685
17.55,-50.42,666.00,27.44,11-05-23-10-17-15-718
17.35,-49.90,666.00,29.48,11-05-23-10-17-15-750
17.11,-49.24,-7.39,31.04,11-05-23-10-17-15-786
16.60,-47.37,-8.85,32.64,11-05-23-10-17-15-817
15.74,-43.69,-10.79,33.69,11-05-23-10-17-15-854
13.93,-33.09,-14.90,30.23,11-05-23-10-17-15-888
12.35,-17.68,666.00,28.77,11-05-23-10-17-15-920
11.63,2.39,666.00,24.29,11-05-23-10-17-15-953
12.27,21.91,666.00,22.89,11-05-23-10-17-15-984
13.78,35.67,666.00,25.20,11-05-23-10-17-16-016
15.65,44.88,666.00,27.25,11-05-23-10-17-16-057
17.90,51.06,-11.61,31.09,11-05-23-10-17-16-088
20.12,54.79,-12.11,34.81,11-05-23-10-17-16-118
23.46,56.00,-14.14,38.10,11-05-23-10-17-16-152
27.95,59.17,-15.15,39.94,11-05-23-10-17-16-186
33.96,62.84,-16.77,39.76,11-05-23-10-17-16-221
44.88,68.63,-23.83,32.22,11-05-23-10-17-16-251
50.61,68.39,-28.57,33.56,11-05-23-10-17-16-288
54.47,68.66,-28.75,35.64,11-05-23-10-17-16-321
59.77,67.86,-37.73,33.27,11-05-23-10-17-16-358
61.33,66.82,-40.03,33.81,11-05-23-10-17-16-386
62.95,65.58,-43.59,34.20,11-05-23-10-17-16-422
59.51,63.80,-39.66,38.27,11-05-23-10-17-16-451
75.98,59.25,-86.60,36.39,11-05-23-10-17-16-487
90.41,62.29,-75.35,32.08,11-05-23-10-17-16-521
98.58,61.48,-71.35,35.66,11-05-23-10-17-16-551
101.84,60.96,-52.80,43.19,11-05-23-10-17-16-588
108.02,63.12,-51.82,41.89,11-05-23-10-17-16-620
110.85,63.89,-47.53,43.68,11-05-23-10-17-16-659
117.97,62.98,-59.40,37.56,11-05-23-10-17-16-686
122.74,61.38,-63.91,35.85,11-05-23-10-17-16-719
126.27,60.79,-68.29,34.11,11-05-23-10-17-16-757
128.80,60.52,-63.91,36.19,11-05-23-10-17-16-787
130.78,60.10,-64.57,36.22,11-05-23-10-17-16-820
133.27,59.73,-61.88,37.28,11-05-23-10-17-16-853
140.41,57.44,-76.93,30.57,11-05-23-10-17-16-887
143.90,55.59,666.00,28.61,11-05-23-10-17-16-922
146.54,54.23,666.00,26.66,11-05-23-10-17-16-955
148.23,53.56,666.00,25.15,11-05-23-10-17-16-985
149.18,53.79,666.00,23.57,11-05-23-10-17-17-022
149.93,53.76,666.00,22.54,11-05-23-10-17-17-053
150.86,52.75,666.00,21.97,11-05-23-10-17-17-088
151.62,51.66,666.00,22.00,11-05-23-10-17-17-124
152.18,50.57,666.00,22.44,11-05-23-10-17-17-151
152.58,49.70,666.00,23.15,11-05-23-10-17-17-186
153.14,48.72,666.00,23.67,11-05-23-10-17-17-223
153.49,48.03,666.00,23.86,11-05-23-10-17-17-251
153.72,47.60,666.00,26.84,11-05-23-10-17-17-287
153.86,47.38,666.00,26.93,11-05-23-10-17-17-318
154.14,49.83,666.00,27.23,11-05-23-10-17-17-351
154.03,51.18,666.00,25.18,11-05-23-10-17-17-385
153.78,53.89,666.00,23.49,11-05-23-10-17-17-430
153.18,57.60,666.00,20.92,11-05-23-10-17-17-450
152.43,60.69,666.00,18.23,11-05-23-10-17-17-488
150.02,65.46,666.00,15.98,11-05-23-10-17-17-518
147.28,68.96,666.00,15.13,11-05-23-10-17-17-554
139.61,68.57,666.00,19.57,11-05-23-10-17-17-584
133.22,67.97,666.00,23.94,11-05-23-10-17-17-620
128.59,68.09,666.00,23.78,11-05-23-10-17-17-651
121.88,67.95,666.00,25.06,11-05-23-10-17-17-686
116.19,67.55,666.00,24.57,11-05-23-10-17-17-728
107.08,66.92,666.00,28.26,11-05-23-10-17-17-751
101.93,66.35,666.00,28.18,11-05-23-10-17-17-786
97.34,65.94,666.00,27.04,11-05-23-10-17-17-820
95.17,65.25,666.00,24.26,11-05-23-10-17-17-868
93.53,64.56,666.00,24.54,11-05-23-10-17-17-890
92.32,63.91,666.00,25.07,11-05-23-10-17-17-919
91.40,63.33,666.00,24.32,11-05-23-10-17-17-952
90.69,62.87,666.00,23.46,11-05-23-10-17-17-989
70.65,55.06,-50.77,36.89,11-05-23-10-17-18-017
58.83,52.08,-47.97,33.99,11-05-23-10-17-18-054
49.34,49.79,666.00,29.36,11-05-23-10-17-18-084
44.45,47.65,666.00,26.18,11-05-23-10-17-18-119
39.38,44.82,666.00,25.80,11-05-23-10-17-18-152
34.22,39.24,666.00,26.89,11-05-23-10-17-18-191
31.17,35.34,666.00,23.34,11-05-23-10-17-18-219
26.65,28.85,666.00,24.67,11-05-23-10-17-18-252
23.92,24.30,666.00,24.33,11-05-23-10-17-18-288
21.67,19.59,666.00,23.42,11-05-23-10-17-18-317
18.12,9.24,666.00,22.04,11-05-23-10-17-18-351
16.55,2.35,666.00,21.57,11-05-23-10-17-18-387
15.45,-6.17,666.00,21.18,11-05-23-10-17-18-420
14.90,-17.91,666.00,21.45,11-05-23-10-17-18-453
15.29,-29.13,666.00,23.36,11-05-23-10-17-18-493
15.93,-36.23,666.00,24.04,11-05-23-10-17-18-519
16.44,-40.62,666.00,23.07,11-05-23-10-17-18-553
16.75,-43.35,666.00,22.19,11-05-23-10-17-18-583
16.88,-45.08,666.00,21.89,11-05-23-10-17-18-618
16.90,-46.24,666.00,21.64,11-05-23-10-17-18-651
16.89,-47.01,666.00,21.47,11-05-23-10-17-18-689
16.80,-47.37,666.00,21.30,11-05-23-10-17-18-717
16.66,-47.52,666.00,21.24,11-05-23-10-17-18-752
16.43,-47.20,666.00,21.68,11-05-23-10-17-18-795
16.09,-46.40,666.00,22.86,11-05-23-10-17-18-817
15.59,-44.80,666.00,24.17,11-05-23-10-17-18-853
14.97,-42.05,666.00,25.42,11-05-23-10-17-18-886
14.38,-39.12,666.00,26.26,11-05-23-10-17-18-918
13.72,-35.11,666.00,26.59,11-05-23-10-17-18-950
13.00,-29.80,666.00,26.55,11-05-23-10-17-18-988
12.40,-24.23,666.00,26.70,11-05-23-10-17-19-018
11.78,-16.62,666.00,26.35,11-05-23-10-17-19-053
11.34,-7.90,666.00,27.38,11-05-23-10-17-19-099
11.10,6.84,-12.56,30.04,11-05-23-10-17-19-118
11.66,21.61,666.00,29.40,11-05-23-10-17-19-150
13.26,35.53,-11.01,31.40,11-05-23-10-17-19-190
16.05,46.54,-10.98,32.27,11-05-23-10-17-19-219
19.44,52.68,-10.92,33.35,11-05-23-10-17-19-250
22.57,55.72,-11.14,36.32,11-05-23-10-17-19-287
26.75,56.68,-13.39,38.76,11-05-23-10-17-19-320
30.90,57.81,-13.48,43.75,11-05-23-10-17-19-350
36.33,59.19,-15.55,46.26,11-05-23-10-17-19-386
42.92,60.61,-17.24,46.66,11-05-23-10-17-19-420
48.08,61.84,-19.42,48.55,11-05-23-10-17-19-450
53.03,62.86,-24.20,45.04,11-05-23-10-17-19-486
61.60,63.87,-40.52,36.83,11-05-23-10-17-19-517
72.37,62.71,-76.46,32.77,11-05-23-10-17-19-554
77.91,62.35,-95.51,34.30,11-05-23-10-17-19-587
81.29,62.18,-106.75,36.33,11-05-23-10-17-19-620
83.62,61.96,-114.10,38.36,11-05-23-10-17-19-651
94.84,68.19,666.00,27.33,11-05-23-10-17-19-687
98.70,69.97,-45.69,30.84,11-05-23-10-17-19-717
108.64,72.05,666.00,25.90,11-05-23-10-17-19-753
121.04,69.39,666.00,20.34,11-05-23-10-17-19-787
126.54,68.14,666.00,20.01,11-05-23-10-17-19-820
130.34,68.01,666.00,21.55,11-05-23-10-17-19-858
133.28,67.36,666.00,23.49,11-05-23-10-17-19-885
140.19,63.87,666.00,24.25,11-05-23-10-17-19-919
144.19,66.86,666.00,21.54,11-05-23-10-17-19-953
147.93,64.20,666.00,20.29,11-05-23-10-17-19-984
150.24,62.63,666.00,20.12,11-05-23-10-17-20-019
151.85,61.34,666.00,20.84,11-05-23-10-17-20-056
152.83,60.61,666.00,21.50,11-05-23-10-17-20-087
153.33,59.92,666.00,24.49,11-05-23-10-17-20-120
153.52,58.56,666.00,25.62,11-05-23-10-17-20-160
153.91,57.27,666.00,27.12,11-05-23-10-17-20-187
155.19,55.29,666.00,27.33,11-05-23-10-17-20-220
156.11,53.48,666.00,27.08,11-05-23-10-17-20-251
156.86,51.77,666.00,27.07,11-05-23-10-17-20-284
157.42,49.98,666.00,27.07,11-05-23-10-17-20-318
157.86,48.56,666.00,27.14,11-05-23-10-17-20-351
158.13,47.66,666.00,26.64,11-05-23-10-17-20-384
158.27,47.01,666.00,26.18,11-05-23-10-17-20-420
158.33,46.63,666.00,25.56,11-05-23-10-17-20-460
158.35,46.42,666.00,24.86,11-05-23-10-17-20-487
158.24,46.47,666.00,23.65,11-05-23-10-17-20-518
157.73,47.52,666.00,23.62,11-05-23-10-17-20-553
157.03,48.86,666.00,22.43,11-05-23-10-17-20-584
156.16,50.51,666.00,22.01,11-05-23-10-17-20-619
154.84,52.88,666.00,21.61,11-05-23-10-17-20-652
152.91,55.95,666.00,20.98,11-05-23-10-17-20-684
150.83,58.55,666.00,21.26,11-05-23-10-17-20-720
147.38,61.68,666.00,21.26,11-05-23-10-17-20-752
143.61,64.30,666.00,21.06,11-05-23-10-17-20-783
139.45,66.47,666.00,20.40,11-05-23-10-17-20-820
135.91,67.21,666.00,19.96,11-05-23-10-17-20-852
131.20,67.44,666.00,20.09,11-05-23-10-17-20-886
126.76,67.17,666.00,20.09,11-05-23-10-17-20-923
117.19,65.03,666.00,25.39,11-05-23-10-17-20-954
110.23,63.95,666.00,29.13,11-05-23-10-17-20-985
104.02,64.44,666.00,29.68,11-05-23-10-17-21-022
96.31,62.70,-53.47,31.78,11-05-23-10-17-21-052
92.19,61.46,666.00,29.12,11-05-23-10-17-21-084
84.86,59.02,666.00,28.47,11-05-23-10-17-21-120
81.92,57.94,666.00,28.28,11-05-23-10-17-21-152
71.62,53.71,-40.93,39.98,11-05-23-10-17-21-187
65.68,51.61,-30.78,46.55,11-05-23-10-17-21-230
60.64,49.85,-37.84,41.32,11-05-23-10-17-21-250
55.73,50.47,-36.84,33.13,11-05-23-10-17-21-285
51.18,49.62,666.00,26.42,11-05-23-10-17-21-322
47.86,48.36,666.00,22.10,11-05-23-10-17-21-352
43.66,46.45,666.00,21.59,11-05-23-10-17-21-388
39.24,43.69,666.00,22.60,11-05-23-10-17-21-420
32.80,39.79,666.00,24.96,11-05-23-10-17-21-452
26.62,29.37,666.00,29.63,11-05-23-10-17-21-485
23.80,22.44,666.00,29.36,11-05-23-10-17-21-535
21.37,15.51,666.00,26.47,11-05-23-10-17-21-554
17.85,5.66,666.00,25.07,11-05-23-10-17-21-585
16.58,-0.58,666.00,23.94,11-05-23-10-17-21-617
15.77,-6.88,666.00,23.46,11-05-23-10-17-21-651
15.28,-13.91,666.00,23.23,11-05-23-10-17-21-687
15.34,-22.72,666.00,21.69,11-05-23-10-17-21-719
15.81,-30.13,666.00,20.30,11-05-23-10-17-21-754
16.63,-36.41,666.00,21.23,11-05-23-10-17-21-788
17.42,-40.98,666.00,22.32,11-05-23-10-17-21-819
17.90,-43.39,666.00,22.93,11-05-23-10-17-21-853
18.16,-44.57,666.00,23.21,11-05-23-10-17-21-890
18.26,-45.15,666.00,23.48,11-05-23-10-17-21-921
18.29,-45.40,666.00,23.82,11-05-23-10-17-21-954
18.28,-45.34,666.00,24.18,11-05-23-10-17-21-988
18.14,-44.61,666.00,24.77,11-05-23-10-17-22-018
17.79,-43.15,666.00,25.85,11-05-23-10-17-22-050
17.03,-40.08,666.00,28.71,11-05-23-10-17-22-086
15.76,-34.52,-13.81,31.99,11-05-23-10-17-22-120
14.27,-26.67,-14.79,32.39,11-05-23-10-17-22-151
12.68,-11.39,666.00,29.72,11-05-23-10-17-22-190
12.13,3.65,666.00,27.63,11-05-23-10-17-22-222
12.22,14.58,666.00,28.36,11-05-23-10-17-22-252
12.84,26.67,-16.23,32.42,11-05-23-10-17-22-290
14.74,39.87,-12.53,35.30,11-05-23-10-17-22-324
17.24,48.57,-9.94,40.04,11-05-23-10-17-22-353
22.21,57.46,-9.66,41.40,11-05-23-10-17-22-390
26.86,61.77,-11.04,43.30,11-05-23-10-17-22-425
32.08,65.80,-10.25,45.76,11-05-23-10-17-22-454
38.20,69.66,-8.94,47.94,11-05-23-10-17-22-489
46.46,72.12,-13.92,39.18,11-05-23-10-17-22-520
49.34,72.65,-15.34,37.71,11-05-23-10-17-22-551
50.97,72.69,-16.54,36.91,11-05-23-10-17-22-595
75.69,82.28,666.00,16.40,11-05-23-10-17-22-620
92.24,86.36,169.76,48.56,11-05-23-10-17-22-651
89.97,78.27,-167.13,38.85,11-05-23-10-17-22-691
88.83,74.08,666.00,27.15,11-05-23-10-17-22-721
84.77,69.45,-24.57,50.52,11-05-23-10-17-22-751
104.02,67.46,-42.99,35.53,11-05-23-10-17-22-787
117.75,67.39,666.00,25.44,11-05-23-10-17-22-818
130.09,61.50,666.00,27.01,11-05-23-10-17-22-850
134.54,59.87,666.00,26.21,11-05-23-10-17-22-897
137.41,58.96,666.00,25.02,11-05-23-10-17-22-920
138.73,59.14,666.00,24.49,11-05-23-10-17-22-950
139.70,58.88,666.00,24.93,11-05-23-10-17-22-989
140.83,58.38,666.00,26.45,11-05-23-10-17-23-019
142.12,57.80,666.00,28.66,11-05-23-10-17-23-051
147.22,56.78,666.00,23.23,11-05-23-10-17-23-096
149.82,54.35,666.00,23.35,11-05-23-10-17-23-120
151.44,53.54,666.00,22.13,11-05-23-10-17-23-154
153.47,52.29,666.00,20.32,11-05-23-10-17-23-201
155.16,51.15,666.00,19.15,11-05-23-10-17-23-220
156.50,50.34,666.00,18.68,11-05-23-10-17-23-252
157.36,50.09,666.00,19.02,11-05-23-10-17-23-290
159.16,48.47,666.00,19.61,11-05-23-10-17-23-321
160.13,47.78,666.00,19.76,11-05-23-10-17-23-353
160.71,45.84,666.00,19.40,11-05-23-10-17-23-387
161.02,45.51,666.00,19.36,11-05-23-10-17-23-422
161.22,45.35,666.00,19.32,11-05-23-10-17-23-452
161.16,45.01,666.00,17.61,11-05-23-10-17-23-488
160.12,45.38,666.00,17.01,11-05-23-10-17-23-520
159.63,46.11,666.00,16.73,11-05-23-10-17-23-552
158.67,47.41,666.00,16.48,11-05-23-10-17-23-587
157.54,49.40,666.00,16.20,11-05-23-10-17-23-621
156.41,51.55,666.00,16.23,11-05-23-10-17-23-657
154.46,55.24,666.00,16.40,11-05-23-10-17-23-686
151.55,58.52,666.00,16.74,11-05-23-10-17-23-722
147.82,62.44,666.00,17.23,11-05-23-10-17-23-750
141.42,64.11,666.00,22.61,11-05-23-10-17-23-787
138.54,65.24,666.00,22.77,11-05-23-10-17-23-822
132.45,66.57,666.00,25.71,11-05-23-10-17-23-852
128.10,64.04,666.00,27.81,11-05-23-10-17-23-888
124.81,64.58,666.00,26.33,11-05-23-10-17-23-920
121.74,64.27,666.00,25.00,11-05-23-10-17-23-960
112.93,66.63,666.00,24.42,11-05-23-10-17-23-989
106.22,64.51,666.00,26.19,11-05-23-10-17-24-022
102.12,63.09,666.00,25.99,11-05-23-10-17-24-054
95.49,61.39,666.00,27.29,11-05-23-10-17-24-085
92.74,60.43,666.00,26.76,11-05-23-10-17-24-118
83.51,55.86,-71.12,44.09,11-05-23-10-17-24-152
75.89,52.83,-58.39,54.32,11-05-23-10-17-24-186
69.80,50.71,-48.81,61.51,11-05-23-10-17-24-219
64.20,49.36,-39.95,66.79,11-05-23-10-17-24-259
60.40,48.60,-43.99,46.43,11-05-23-10-17-24-287
56.13,47.88,-55.65,32.88,11-05-23-10-17-24-320
45.32,44.07,-33.93,30.89,11-05-23-10-17-24-355
41.07,42.47,666.00,25.34,11-05-23-10-17-24-386
36.73,39.78,666.00,23.87,11-05-23-10-17-24-418
32.66,36.28,666.00,23.07,11-05-23-10-17-24-460
28.95,31.54,666.00,21.82,11-05-23-10-17-24-491
23.90,21.39,666.00,23.20,11-05-23-10-17-24-518
20.78,11.56,666.00,23.39,11-05-23-10-17-24-551
18.26,0.28,666.00,21.86,11-05-23-10-17-24-586
17.02,-9.47,666.00,19.35,11-05-23-10-17-24-616
16.42,-18.01,666.00,18.62,11-05-23-10-17-24-653
16.28,-26.43,666.00,19.29,11-05-23-10-17-24-684
16.61,-35.02,666.00,20.13,11-05-23-10-17-24-723
17.11,-41.01,666.00,21.03,11-05-23-10-17-24-758
17.79,-46.07,666.00,22.25,11-05-23-10-17-24-789
18.40,-49.54,666.00,23.34,11-05-23-10-17-24-825
18.83,-51.68,666.00,24.09,11-05-23-10-17-24-856
19.01,-52.82,666.00,24.55,11-05-23-10-17-24-887
19.02,-53.40,666.00,24.92,11-05-23-10-17-24-921
18.96,-53.31,666.00,25.82,11-05-23-10-17-24-953
18.85,-52.77,666.00,28.04,11-05-23-10-17-24-985
18.57,-51.47,-4.81,30.52,11-05-23-10-17-25-027
18.01,-49.41,-5.35,33.03,11-05-23-10-17-25-053
17.16,-46.44,-6.41,33.24,11-05-23-10-17-25-088
16.26,-43.15,-7.50,32.52,11-05-23-10-17-25-122
15.28,-39.31,-8.56,31.21,11-05-23-10-17-25-150
14.40,-35.16,666.00,29.86,11-05-23-10-17-25-187
13.72,-31.30,666.00,28.77,11-05-23-10-17-25-221
13.16,-27.39,666.00,27.96,11-05-23-10-17-25-253
12.77,-23.77,666.00,27.25,11-05-23-10-17-25-287
12.48,-19.88,666.00,26.72,11-05-23-10-17-25-333
12.34,-16.10,666.00,26.42,11-05-23-10-17-25-367
12.32,-12.74,666.00,25.90,11-05-23-10-17-25-386
12.36,-9.84,666.00,25.35,11-05-23-10-17-25-419
12.54,-6.82,666.00,24.58,11-05-23-10-17-25-455
12.72,-4.87,666.00,24.17,11-05-23-10-17-25-485
12.92,-3.61,666.00,23.91,11-05-23-10-17-25-523
13.11,-2.94,666.00,23.76,11-05-23-10-17-25-559
13.29,-2.55,666.00,23.63,11-05-23-10-17-25-587
13.47,-2.42,666.00,23.71,11-05-23-10-17-25-632
13.63,-2.55,666.00,24.15,11-05-23-10-17-25-650
13.78,-2.67,666.00,24.68,11-05-23-10-17-25-690
13.91,-2.72,666.00,25.15,11-05-23-10-17-25-721
14.00,-2.54,666.00,25.39,11-05-23-10-17-25-753
14.08,-2.03,666.00,25.41,11-05-23-10-17-25-786
14.09,-0.92,666.00,25.15,11-05-23-10-17-25-822
14.10,-0.11,666.00,24.91,11-05-23-10-17-25-853
14.12,0.35,666.00,24.75,11-05-23-10-17-25-891
14.14,0.50,666.00,24.70,11-05-23-10-17-25-919
14.15,0.50,666.00,24.69,11-05-23-10-17-25-950
14.15,1.03,666.00,24.47,11-05-23-10-17-25-989
14.15,1.39,666.00,24.30,11-05-23-10-17-26-022
14.15,1.63,666.00,24.15,11-05-23-10-17-26-050
14.16,1.82,666.00,24.00,11-05-23-10-17-26-095
14.16,1.97,666.00,23.84,11-05-23-10-17-26-120
14.17,2.05,666.00,23.71,11-05-23-10-17-26-151
14.18,2.07,666.00,23.60,11-05-23-10-17-26-189
14.22,2.42,666.00,23.41,11-05-23-10-17-26-220
14.26,2.67,666.00,23.22,11-05-23-10-17-26-256
14.33,3.03,666.00,23.06,11-05-23-10-17-26-287
14.61,4.63,666.00,22.62,11-05-23-10-17-26-322
14.84,5.92,666.00,22.26,11-05-23-10-17-26-355
15.07,6.96,666.00,21.96,11-05-23-10-17-26-406
15.23,7.47,666.00,21.83,11-05-23-10-17-26-420
15.32,7.63,666.00,21.82,11-05-23-10-17-26-451
15.52,8.10,666.00,21.76,11-05-23-10-17-26-488
15.69,8.71,666.00,21.68,11-05-23-10-17-26-522
15.78,8.95,666.00,21.65,11-05-23-10-17-26-554
15.79,8.94,666.00,21.64,11-05-23-10-17-26-588
15.74,8.71,666.00,21.66,11-05-23-10-17-26-618
15.65,8.46,666.00,21.71,11-05-23-10-17-26-653
15.55,8.39,666.00,21.60,11-05-23-10-17-26-689
15.44,8.70,666.00,21.43,11-05-23-10-17-26-721
15.33,8.99,666.00,21.28,11-05-23-10-17-26-751
15.19,9.30,666.00,21.27,11-05-23-10-17-26-787
15.06,9.74,666.00,21.16,11-05-23-10-17-26-820
14.91,9.75,666.00,21.26,11-05-23-10-17-26-859
14.78,9.76,666.00,21.44,11-05-23-10-17-26-898
14.65,9.61,666.00,21.63,11-05-23-10-17-26-920
14.50,9.30,666.00,21.88,11-05-23-10-17-26-951
14.37,9.09,666.00,22.06,11-05-23-10-17-26-986
14.24,8.69,666.00,22.33,11-05-23-10-17-27-023
14.20,9.54,666.00,22.14,11-05-23-10-17-27-051
14.19,10.76,666.00,22.06,11-05-23-10-17-27-090
14.18,11.47,666.00,22.05,11-05-23-10-17-27-121
14.17,12.41,666.00,22.03,11-05-23-10-17-27-162
14.20,13.55,666.00,22.12,11-05-23-10-17-27-188
14.20,13.81,666.00,22.24,11-05-23-10-17-27-219
14.20,14.19,666.00,22.16,11-05-23-10-17-27-253
14.19,14.22,666.00,22.13,11-05-23-10-17-27-289
14.17,14.31,666.00,22.01,11-05-23-10-17-27-318
14.13,14.13,666.00,21.97,11-05-23-10-17-27-353
14.08,13.87,666.00,21.93,11-05-23-10-17-27-386
14.02,13.74,666.00,21.89,11-05-23-10-17-27-420
13.96,13.62,666.00,21.86,11-05-23-10-17-27-451
13.90,13.43,666.00,21.86,11-05-23-10-17-27-487
13.82,13.12,666.00,21.89,11-05-23-10-17-27-521
13.74,13.09,666.00,21.87,11-05-23-10-17-27-548
