15.06,59.47,666.00,3.04,20-04-23-09-30-34-609
15.08,59.24,666.00,3.03,20-04-23-09-30-34-640
15.11,58.96,666.00,3.02,20-04-23-09-30-34-673
15.15,58.86,666.00,2.98,20-04-23-09-30-34-706
15.22,58.85,666.00,2.92,20-04-23-09-30-34-741
15.29,58.81,666.00,2.86,20-04-23-09-30-34-771
15.35,58.75,666.00,2.82,20-04-23-09-30-34-808
15.41,58.70,666.00,2.78,20-04-23-09-30-34-843
15.44,58.67,666.00,2.75,20-04-23-09-30-34-874
15.47,58.59,666.00,2.73,20-04-23-09-30-34-911
15.52,58.51,666.00,2.68,20-04-23-09-30-34-941
15.53,58.29,666.00,2.73,20-04-23-09-30-34-970
15.54,58.05,666.00,2.78,20-04-23-09-30-35-005
15.55,57.67,666.00,2.86,20-04-23-09-30-35-040
15.56,57.29,666.00,2.94,20-04-23-09-30-35-073
15.56,56.86,666.00,3.04,20-04-23-09-30-35-105
15.54,56.35,666.00,3.17,20-04-23-09-30-35-139
15.53,55.92,666.00,3.28,20-04-23-09-30-35-173
15.51,55.58,666.00,3.37,20-04-23-09-30-35-206
15.52,55.24,666.00,3.42,20-04-23-09-30-35-242
15.54,54.93,666.00,3.47,20-04-23-09-30-35-273
15.55,54.70,666.00,3.51,20-04-23-09-30-35-308
15.57,54.53,666.00,3.53,20-04-23-09-30-35-341
15.59,54.40,666.00,3.55,20-04-23-09-30-35-372
15.58,54.18,666.00,3.59,20-04-23-09-30-35-407
15.59,54.02,666.00,3.60,20-04-23-09-30-35-445
15.59,53.77,666.00,3.60,20-04-23-09-30-35-474
15.58,53.60,666.00,3.61,20-04-23-09-30-35-507
15.54,53.61,666.00,3.57,20-04-23-09-30-35-541
15.51,53.65,666.00,3.54,20-04-23-09-30-35-574
15.50,53.72,666.00,3.52,20-04-23-09-30-35-605
15.47,53.71,666.00,3.52,20-04-23-09-30-35-641
15.44,53.67,666.00,3.53,20-04-23-09-30-35-674
15.41,53.58,666.00,3.51,20-04-23-09-30-35-706
15.39,53.42,666.00,3.45,20-04-23-09-30-35-741
15.36,53.17,666.00,3.04,20-04-23-09-30-35-772
15.27,51.64,666.00,2.57,20-04-23-09-30-35-807
15.37,47.26,666.00,2.56,20-04-23-09-30-35-843
15.79,41.71,666.00,3.23,20-04-23-09-30-35-873
16.62,36.26,666.00,5.00,20-04-23-09-30-35-906
18.10,30.53,666.00,6.42,20-04-23-09-30-35-940
19.80,26.28,666.00,7.18,20-04-23-09-30-35-973
21.31,23.78,666.00,8.29,20-04-23-09-30-36-007
22.96,22.20,666.00,9.19,20-04-23-09-30-36-042
24.71,20.94,666.00,9.53,20-04-23-09-30-36-071
26.94,19.77,666.00,9.57,20-04-23-09-30-36-107
29.35,18.96,666.00,9.58,20-04-23-09-30-36-141
31.48,18.40,666.00,9.90,20-04-23-09-30-36-173
33.63,17.69,666.00,10.17,20-04-23-09-30-36-206
35.73,17.06,666.00,10.85,20-04-23-09-30-36-242
38.19,16.70,666.00,10.83,20-04-23-09-30-36-274
40.52,16.13,666.00,11.80,20-04-23-09-30-36-305
42.51,15.46,666.00,12.61,20-04-23-09-30-36-340
44.95,14.55,666.00,13.03,20-04-23-09-30-36-371
46.99,13.78,666.00,12.84,20-04-23-09-30-36-409
49.05,13.35,666.00,13.86,20-04-23-09-30-36-439
50.88,12.94,666.00,14.14,20-04-23-09-30-36-474
53.02,12.67,666.00,13.37,20-04-23-09-30-36-507
56.04,12.66,666.00,12.14,20-04-23-09-30-36-542
59.13,12.66,666.00,10.35,20-04-23-09-30-36-572
61.48,12.55,666.00,11.19,20-04-23-09-30-36-606
63.31,12.45,666.00,11.96,20-04-23-09-30-36-639
66.99,12.72,666.00,8.81,20-04-23-09-30-36-672
68.75,12.79,666.00,7.99,20-04-23-09-30-36-708
69.93,12.68,666.00,7.73,20-04-23-09-30-36-741
71.88,12.99,666.00,6.19,20-04-23-09-30-36-773
73.31,13.06,666.00,5.50,20-04-23-09-30-36-807
75.10,13.02,666.00,5.01,20-04-23-09-30-36-841
76.83,13.03,666.00,4.64,20-04-23-09-30-36-871
78.80,12.99,666.00,4.39,20-04-23-09-30-36-909
80.26,12.93,666.00,3.98,20-04-23-09-30-36-940
81.69,12.92,666.00,3.96,20-04-23-09-30-36-973
82.94,12.85,666.00,3.90,20-04-23-09-30-37-007
84.50,12.92,666.00,3.15,20-04-23-09-30-37-042
85.79,12.83,666.00,2.47,20-04-23-09-30-37-072
87.07,12.75,666.00,1.88,20-04-23-09-30-37-106
88.33,12.55,666.00,2.20,20-04-23-09-30-37-143
89.33,12.32,666.00,2.03,20-04-23-09-30-37-173
90.25,12.10,666.00,2.49,20-04-23-09-30-37-206
91.08,11.98,666.00,2.86,20-04-23-09-30-37-243
92.12,11.82,666.00,2.83,20-04-23-09-30-37-273
93.44,11.67,666.00,2.80,20-04-23-09-30-37-305
94.53,11.59,666.00,2.82,20-04-23-09-30-37-338
95.52,11.47,666.00,3.48,20-04-23-09-30-37-373
96.87,11.37,666.00,4.64,20-04-23-09-30-37-409
98.18,11.31,666.00,6.07,20-04-23-09-30-37-437
99.25,11.24,666.00,5.73,20-04-23-09-30-37-476
100.42,11.03,666.00,4.51,20-04-23-09-30-37-507
101.26,10.85,666.00,3.36,20-04-23-09-30-37-540
101.69,10.75,666.00,2.72,20-04-23-09-30-37-573
102.02,10.65,666.00,2.23,20-04-23-09-30-37-606
102.17,10.64,666.00,2.05,20-04-23-09-30-37-640
102.24,10.59,666.00,2.02,20-04-23-09-30-37-676
102.43,10.57,666.00,1.97,20-04-23-09-30-37-711
102.58,10.58,666.00,1.98,20-04-23-09-30-37-741
102.71,10.69,666.00,3.74,20-04-23-09-30-37-775
102.80,10.94,666.00,5.53,20-04-23-09-30-37-805
102.89,11.43,666.00,6.20,20-04-23-09-30-37-841
102.97,11.94,666.00,6.41,20-04-23-09-30-37-872
103.01,12.57,666.00,6.22,20-04-23-09-30-37-905
102.87,14.15,666.00,8.19,20-04-23-09-30-37-941
102.73,15.76,666.00,10.20,20-04-23-09-30-37-972
102.41,17.60,666.00,9.40,20-04-23-09-30-38-007
102.04,18.96,666.00,8.59,20-04-23-09-30-38-041
101.55,21.53,666.00,5.45,20-04-23-09-30-38-071
101.15,23.28,666.00,4.36,20-04-23-09-30-38-109
101.32,27.29,666.00,2.18,20-04-23-09-30-38-141
101.44,29.22,666.00,2.63,20-04-23-09-30-38-172
101.58,30.40,666.00,1.96,20-04-23-09-30-38-206
101.66,31.05,666.00,1.54,20-04-23-09-30-38-241
101.65,31.49,666.00,3.22,20-04-23-09-30-38-271
101.50,33.19,666.00,3.85,20-04-23-09-30-38-307
101.42,35.00,666.00,4.47,20-04-23-09-30-38-338
101.26,36.90,666.00,5.85,20-04-23-09-30-38-371
101.21,38.45,666.00,7.47,20-04-23-09-30-38-407
101.16,40.17,666.00,8.63,20-04-23-09-30-38-442
101.10,43.36,666.00,5.98,20-04-23-09-30-38-470
100.96,45.55,666.00,5.11,20-04-23-09-30-38-506
100.54,48.30,666.00,7.41,20-04-23-09-30-38-539
99.99,51.16,666.00,6.17,20-04-23-09-30-38-572
99.35,54.07,666.00,2.79,20-04-23-09-30-38-605
99.21,61.14,666.00,5.85,20-04-23-09-30-38-640
99.04,64.56,666.00,5.73,20-04-23-09-30-38-674
97.63,67.15,666.00,4.65,20-04-23-09-30-38-706
96.65,68.73,666.00,5.25,20-04-23-09-30-38-739
96.19,69.43,666.00,4.36,20-04-23-09-30-38-773
95.97,69.80,666.00,4.80,20-04-23-09-30-38-806
92.37,71.12,666.00,11.69,20-04-23-09-30-38-839
91.12,71.27,666.00,14.30,20-04-23-09-30-38-873
86.92,73.15,666.00,20.25,20-04-23-09-30-38-908
86.45,71.95,666.00,22.20,20-04-23-09-30-38-941
88.60,69.52,666.00,21.46,20-04-23-09-30-38-971
94.40,65.74,666.00,18.66,20-04-23-09-30-39-006
85.62,64.39,-25.69,30.49,20-04-23-09-30-39-037
87.71,61.86,666.00,29.15,20-04-23-09-30-39-072
87.17,62.10,666.00,27.76,20-04-23-09-30-39-108
86.63,62.15,666.00,26.95,20-04-23-09-30-39-140
103.84,65.04,666.00,6.23,20-04-23-09-30-39-172
110.98,65.49,666.00,14.58,20-04-23-09-30-39-207
115.73,65.98,666.00,21.14,20-04-23-09-30-39-240
117.96,66.29,666.00,23.78,20-04-23-09-30-39-274
117.43,68.26,666.00,23.60,20-04-23-09-30-39-307
104.42,74.47,666.00,14.68,20-04-23-09-30-39-339
95.20,78.43,666.00,2.79,20-04-23-09-30-39-373
88.26,81.06,666.00,10.35,20-04-23-09-30-39-407
85.32,82.38,666.00,14.21,20-04-23-09-30-39-441
83.26,83.35,666.00,17.08,20-04-23-09-30-39-474
81.98,83.90,666.00,19.03,20-04-23-09-30-39-507
81.94,83.94,666.00,19.50,20-04-23-09-30-39-540
82.91,83.31,666.00,19.04,20-04-23-09-30-39-573
83.66,82.83,666.00,18.70,20-04-23-09-30-39-607
84.17,82.45,666.00,18.36,20-04-23-09-30-39-644
83.14,81.56,666.00,18.19,20-04-23-09-30-39-671
81.82,80.93,666.00,18.82,20-04-23-09-30-39-709
81.52,79.99,666.00,18.83,20-04-23-09-30-39-740
92.92,78.46,666.00,8.49,20-04-23-09-30-39-772
105.56,76.72,666.00,7.85,20-04-23-09-30-39-808
112.43,73.14,666.00,14.64,20-04-23-09-30-39-838
114.77,71.48,666.00,17.16,20-04-23-09-30-39-873
115.00,72.05,666.00,16.45,20-04-23-09-30-39-908
114.14,72.71,666.00,15.06,20-04-23-09-30-39-939
112.91,73.44,666.00,14.55,20-04-23-09-30-39-970
110.15,74.13,666.00,10.38,20-04-23-09-30-40-007
103.58,74.74,666.00,7.51,20-04-23-09-30-40-040
96.67,72.18,666.00,1.90,20-04-23-09-30-40-070
92.37,70.35,666.00,2.40,20-04-23-09-30-40-107
90.36,70.03,666.00,3.68,20-04-23-09-30-40-140
89.09,69.74,666.00,4.39,20-04-23-09-30-40-173
88.92,69.60,666.00,4.00,20-04-23-09-30-40-209
96.84,65.27,666.00,2.87,20-04-23-09-30-40-238
96.35,65.38,666.00,3.52,20-04-23-09-30-40-271
99.95,57.72,666.00,7.99,20-04-23-09-30-40-311
100.80,55.34,666.00,9.67,20-04-23-09-30-40-340
103.91,43.94,666.00,27.77,20-04-23-09-30-40-372
104.15,41.30,-107.69,30.85,20-04-23-09-30-40-406
106.03,40.15,-116.86,31.72,20-04-23-09-30-40-439
107.65,41.43,666.00,26.68,20-04-23-09-30-40-474
107.42,42.38,666.00,21.92,20-04-23-09-30-40-506
104.93,43.67,666.00,15.52,20-04-23-09-30-40-542
103.75,44.21,666.00,9.94,20-04-23-09-30-40-572
102.74,44.37,666.00,5.30,20-04-23-09-30-40-607
101.82,41.46,666.00,3.09,20-04-23-09-30-40-641
101.15,40.21,666.00,1.93,20-04-23-09-30-40-674
100.28,39.78,666.00,0.68,20-04-23-09-30-40-707
99.78,38.08,666.00,2.14,20-04-23-09-30-40-740
99.28,37.29,666.00,3.14,20-04-23-09-30-40-776
99.06,36.76,666.00,3.78,20-04-23-09-30-40-807
99.87,34.63,666.00,3.26,20-04-23-09-30-40-840
100.44,32.45,666.00,3.62,20-04-23-09-30-40-873
100.83,31.00,666.00,3.21,20-04-23-09-30-40-905
101.05,29.35,666.00,2.23,20-04-23-09-30-40-940
101.14,28.20,666.00,1.44,20-04-23-09-30-40-974
101.28,26.74,666.00,1.43,20-04-23-09-30-41-007
101.39,25.35,666.00,1.49,20-04-23-09-30-41-040
101.47,23.65,666.00,1.57,20-04-23-09-30-41-072
101.55,22.57,666.00,2.93,20-04-23-09-30-41-108
101.65,21.79,666.00,4.03,20-04-23-09-30-41-142
101.69,20.13,666.00,3.79,20-04-23-09-30-41-172
101.65,18.48,666.00,3.75,20-04-23-09-30-41-207
101.42,15.18,666.00,1.60,20-04-23-09-30-41-240
100.85,11.24,666.00,4.94,20-04-23-09-30-41-274
100.67,9.70,666.00,5.19,20-04-23-09-30-41-306
100.57,8.89,666.00,1.45,20-04-23-09-30-41-339
100.53,8.41,666.00,2.31,20-04-23-09-30-41-370
100.54,8.03,666.00,2.88,20-04-23-09-30-41-405
100.60,7.69,666.00,3.72,20-04-23-09-30-41-439
100.68,7.37,666.00,4.66,20-04-23-09-30-41-474
100.85,6.78,666.00,4.97,20-04-23-09-30-41-507
101.04,6.08,666.00,10.02,20-04-23-09-30-41-540
101.18,5.46,666.00,10.87,20-04-23-09-30-41-575
101.26,4.77,666.00,10.38,20-04-23-09-30-41-611
101.21,4.12,666.00,11.12,20-04-23-09-30-41-640
101.12,3.59,666.00,12.01,20-04-23-09-30-41-672
101.01,3.04,29.42,32.11,20-04-23-09-30-41-704
100.95,2.15,24.96,30.34,20-04-23-09-30-41-739
100.58,-1.78,666.00,20.92,20-04-23-09-30-41-771
100.37,-3.19,666.00,15.68,20-04-23-09-30-41-808
100.19,-4.33,666.00,17.54,20-04-23-09-30-41-841
100.04,-4.73,666.00,17.94,20-04-23-09-30-41-878
99.90,-4.70,666.00,13.30,20-04-23-09-30-41-906
99.43,-5.56,666.00,10.03,20-04-23-09-30-41-938
98.74,-6.47,666.00,6.12,20-04-23-09-30-41-974
97.94,-7.53,666.00,10.18,20-04-23-09-30-42-005
97.43,-7.84,666.00,9.15,20-04-23-09-30-42-038
96.97,-8.09,666.00,7.71,20-04-23-09-30-42-075
96.64,-8.16,666.00,6.46,20-04-23-09-30-42-108
96.37,-8.14,666.00,4.28,20-04-23-09-30-42-139
96.16,-8.07,666.00,3.71,20-04-23-09-30-42-174
96.00,-7.98,666.00,2.23,20-04-23-09-30-42-207
95.87,-7.85,666.00,1.95,20-04-23-09-30-42-240
95.79,-7.74,666.00,2.24,20-04-23-09-30-42-273
95.75,-7.64,666.00,2.67,20-04-23-09-30-42-309
95.72,-7.57,666.00,3.05,20-04-23-09-30-42-342
95.70,-7.46,666.00,2.67,20-04-23-09-30-42-373
95.69,-7.35,666.00,3.06,20-04-23-09-30-42-408
95.69,-7.47,666.00,3.38,20-04-23-09-30-42-439
95.71,-7.08,666.00,3.38,20-04-23-09-30-42-474
95.98,-4.99,666.00,4.24,20-04-23-09-30-42-509
96.02,-4.42,666.00,3.95,20-04-23-09-30-42-541
96.06,-4.11,666.00,3.68,20-04-23-09-30-42-573
96.20,-3.86,666.00,3.52,20-04-23-09-30-42-608
96.58,-3.24,666.00,4.43,20-04-23-09-30-42-640
97.02,-2.37,666.00,5.27,20-04-23-09-30-42-674
97.41,-1.10,666.00,6.29,20-04-23-09-30-42-708
97.73,-0.04,666.00,4.96,20-04-23-09-30-42-742
97.98,1.15,666.00,5.56,20-04-23-09-30-42-773
98.16,2.31,666.00,5.89,20-04-23-09-30-42-805
98.31,3.36,666.00,5.90,20-04-23-09-30-42-840
98.40,4.47,666.00,6.12,20-04-23-09-30-42-878
98.46,5.47,666.00,6.67,20-04-23-09-30-42-906
98.45,6.74,666.00,6.80,20-04-23-09-30-42-938
98.46,7.97,666.00,6.42,20-04-23-09-30-42-975
98.47,8.92,666.00,7.33,20-04-23-09-30-43-007
98.42,9.79,666.00,7.28,20-04-23-09-30-43-041
98.28,10.99,666.00,5.63,20-04-23-09-30-43-074
98.02,12.89,666.00,3.11,20-04-23-09-30-43-108
97.80,14.36,666.00,4.52,20-04-23-09-30-43-140
97.62,15.75,666.00,3.56,20-04-23-09-30-43-174
97.51,16.85,666.00,2.28,20-04-23-09-30-43-206
97.98,20.81,666.00,1.27,20-04-23-09-30-43-239
98.28,22.94,666.00,2.39,20-04-23-09-30-43-272
98.49,24.28,666.00,1.74,20-04-23-09-30-43-306
98.63,25.07,666.00,2.55,20-04-23-09-30-43-340
98.74,25.44,666.00,3.87,20-04-23-09-30-43-372
98.86,26.01,666.00,4.43,20-04-23-09-30-43-408
98.99,26.68,666.00,5.03,20-04-23-09-30-43-440
99.11,27.56,666.00,5.66,20-04-23-09-30-43-472
99.18,28.79,666.00,4.92,20-04-23-09-30-43-508
99.27,30.02,666.00,4.48,20-04-23-09-30-43-539
99.59,32.14,666.00,4.73,20-04-23-09-30-43-571
100.01,34.17,666.00,3.83,20-04-23-09-30-43-612
100.42,36.25,666.00,2.58,20-04-23-09-30-43-637
103.11,43.83,666.00,10.96,20-04-23-09-30-43-671
103.28,46.12,666.00,12.16,20-04-23-09-30-43-708
103.55,47.87,666.00,13.34,20-04-23-09-30-43-740
103.47,48.51,666.00,12.63,20-04-23-09-30-43-773
103.06,49.25,666.00,7.85,20-04-23-09-30-43-806
102.96,51.66,666.00,8.21,20-04-23-09-30-43-838
102.84,52.98,666.00,6.96,20-04-23-09-30-43-873
100.91,54.91,666.00,5.82,20-04-23-09-30-43-906
101.01,58.36,666.00,8.75,20-04-23-09-30-43-940
101.96,64.09,666.00,10.52,20-04-23-09-30-43-973
102.19,67.00,666.00,11.60,20-04-23-09-30-44-007
102.29,68.67,666.00,12.26,20-04-23-09-30-44-039
102.55,70.77,666.00,14.54,20-04-23-09-30-44-074
102.66,71.69,666.00,13.14,20-04-23-09-30-44-106
101.83,72.33,666.00,9.40,20-04-23-09-30-44-141
101.17,72.57,666.00,6.78,20-04-23-09-30-44-170
106.19,73.08,666.00,10.49,20-04-23-09-30-44-205
108.98,82.68,666.00,23.38,20-04-23-09-30-44-240
112.42,84.42,137.65,30.05,20-04-23-09-30-44-272
115.09,85.05,144.58,34.60,20-04-23-09-30-44-306
117.39,84.76,148.98,38.24,20-04-23-09-30-44-341
118.04,83.05,155.01,36.70,20-04-23-09-30-44-372
118.48,80.56,158.99,34.97,20-04-23-09-30-44-406
118.49,78.07,163.07,32.74,20-04-23-09-30-44-442
118.44,76.13,166.60,31.15,20-04-23-09-30-44-471
118.56,74.53,169.23,30.39,20-04-23-09-30-44-507
110.98,74.09,666.00,11.08,20-04-23-09-30-44-540
106.89,74.12,666.00,4.39,20-04-23-09-30-44-573
104.57,74.10,666.00,10.38,20-04-23-09-30-44-606
103.17,74.41,666.00,15.21,20-04-23-09-30-44-638
94.60,78.87,666.00,29.71,20-04-23-09-30-44-672
100.27,81.38,666.00,20.67,20-04-23-09-30-44-709
105.55,82.63,666.00,17.51,20-04-23-09-30-44-739
134.34,77.94,155.50,35.46,20-04-23-09-30-44-773
133.92,86.12,155.13,49.83,20-04-23-09-30-44-807
131.56,89.25,149.88,49.91,20-04-23-09-30-44-839
128.67,90.40,147.12,49.39,20-04-23-09-30-44-873
126.67,90.22,145.61,48.31,20-04-23-09-30-44-906
131.55,87.02,147.45,50.08,20-04-23-09-30-44-940
129.79,85.90,146.26,47.79,20-04-23-09-30-44-972
128.74,84.88,145.82,46.39,20-04-23-09-30-45-008
130.04,81.89,147.28,46.36,20-04-23-09-30-45-399
130.70,79.65,143.56,48.01,20-04-23-09-30-45-406
130.99,77.96,142.60,48.26,20-04-23-09-30-45-440
135.39,68.99,151.43,51.61,20-04-23-09-30-45-478
137.82,62.72,153.88,55.37,20-04-23-09-30-45-508
122.44,53.16,178.30,33.81,20-04-23-09-30-45-539
113.10,50.30,666.00,20.72,20-04-23-09-30-45-576
107.36,48.30,666.00,17.64,20-04-23-09-30-45-610
104.08,47.16,666.00,13.59,20-04-23-09-30-45-641
102.54,46.91,666.00,4.66,20-04-23-09-30-45-686
101.19,45.86,666.00,4.32,20-04-23-09-30-45-712
100.16,44.36,666.00,6.49,20-04-23-09-30-45-739
101.51,44.70,666.00,2.24,20-04-23-09-30-45-770
101.90,44.90,666.00,1.12,20-04-23-09-30-45-805
102.75,45.06,666.00,3.98,20-04-23-09-30-45-838
104.10,42.74,666.00,7.90,20-04-23-09-30-45-872
105.01,42.38,666.00,11.13,20-04-23-09-30-45-905
104.42,39.84,666.00,8.21,20-04-23-09-30-45-943
103.93,38.99,666.00,6.97,20-04-23-09-30-45-971
103.24,37.96,666.00,5.17,20-04-23-09-30-46-007
102.84,36.93,666.00,3.96,20-04-23-09-30-46-041
102.61,36.25,666.00,3.88,20-04-23-09-30-46-075
102.47,35.68,666.00,5.02,20-04-23-09-30-46-108
102.47,34.25,666.00,5.20,20-04-23-09-30-46-141
102.75,31.59,666.00,3.33,20-04-23-09-30-46-172
102.99,29.78,666.00,3.29,20-04-23-09-30-46-207
103.27,28.19,666.00,3.32,20-04-23-09-30-46-238
103.70,26.73,666.00,4.27,20-04-23-09-30-46-273
104.09,25.71,666.00,5.11,20-04-23-09-30-46-306
104.43,24.36,666.00,5.21,20-04-23-09-30-46-340
104.75,23.09,666.00,6.04,20-04-23-09-30-46-374
104.96,22.01,666.00,6.65,20-04-23-09-30-46-409
105.19,20.67,666.00,8.17,20-04-23-09-30-46-440
105.36,19.08,666.00,10.00,20-04-23-09-30-46-473
105.42,17.53,666.00,9.72,20-04-23-09-30-46-507
105.43,16.06,666.00,8.89,20-04-23-09-30-46-537
105.48,14.51,666.00,7.51,20-04-23-09-30-46-572
105.51,13.13,666.00,6.37,20-04-23-09-30-46-605
105.10,8.99,666.00,3.78,20-04-23-09-30-46-638
104.89,7.57,666.00,5.01,20-04-23-09-30-46-675
105.15,5.97,666.00,7.06,20-04-23-09-30-46-707
105.17,5.27,666.00,6.43,20-04-23-09-30-46-738
105.12,5.00,666.00,4.64,20-04-23-09-30-46-773
105.00,4.57,666.00,6.27,20-04-23-09-30-46-807
104.85,4.54,666.00,8.43,20-04-23-09-30-46-839
104.67,4.52,666.00,9.95,20-04-23-09-30-46-875
104.49,4.63,666.00,18.25,20-04-23-09-30-46-908
104.30,4.59,666.00,20.57,20-04-23-09-30-46-937
104.05,4.68,666.00,21.70,20-04-23-09-30-46-973
103.78,4.71,666.00,21.98,20-04-23-09-30-47-006
103.43,4.47,666.00,21.26,20-04-23-09-30-47-039
102.89,3.60,666.00,20.44,20-04-23-09-30-47-074
101.73,1.04,666.00,15.60,20-04-23-09-30-47-106
101.02,-0.13,666.00,14.94,20-04-23-09-30-47-138
100.36,-1.01,666.00,13.39,20-04-23-09-30-47-175
99.89,-1.38,666.00,12.53,20-04-23-09-30-47-207
99.74,-1.88,666.00,10.92,20-04-23-09-30-47-239
99.62,-2.04,666.00,10.68,20-04-23-09-30-47-274
99.26,-2.53,666.00,9.66,20-04-23-09-30-47-310
98.94,-3.06,666.00,8.53,20-04-23-09-30-47-341
98.71,-3.43,666.00,7.76,20-04-23-09-30-47-372
98.48,-3.71,666.00,7.08,20-04-23-09-30-47-408
98.30,-3.89,666.00,6.60,20-04-23-09-30-47-439
98.20,-4.07,666.00,6.26,20-04-23-09-30-47-472
97.84,-4.56,666.00,5.18,20-04-23-09-30-47-508
97.52,-4.89,666.00,4.38,20-04-23-09-30-47-540
95.82,-7.07,666.00,13.67,20-04-23-09-30-47-572
94.79,-8.27,666.00,17.55,20-04-23-09-30-47-605
94.12,-8.98,666.00,17.90,20-04-23-09-30-47-638
93.97,-7.61,666.00,8.59,20-04-23-09-30-47-671
94.00,-6.27,666.00,2.58,20-04-23-09-30-47-708
94.24,-4.48,666.00,7.28,20-04-23-09-30-47-741
94.51,-3.11,666.00,8.00,20-04-23-09-30-47-770
94.82,-1.90,666.00,7.37,20-04-23-09-30-47-806
95.21,-0.60,666.00,6.45,20-04-23-09-30-47-844
95.62,1.19,666.00,4.69,20-04-23-09-30-47-870
96.09,3.49,666.00,3.55,20-04-23-09-30-47-905
96.53,5.79,666.00,1.93,20-04-23-09-30-47-940
96.89,7.87,666.00,1.79,20-04-23-09-30-47-974
97.16,9.54,666.00,2.29,20-04-23-09-30-48-008
97.40,11.10,666.00,2.66,20-04-23-09-30-48-041
97.50,12.69,666.00,2.72,20-04-23-09-30-48-073
97.65,13.92,666.00,2.80,20-04-23-09-30-48-109
97.98,15.44,666.00,2.67,20-04-23-09-30-48-139
98.86,19.86,666.00,4.99,20-04-23-09-30-48-171
99.32,21.88,666.00,4.64,20-04-23-09-30-48-208
99.69,23.37,666.00,4.39,20-04-23-09-30-48-239
100.02,24.67,666.00,8.42,20-04-23-09-30-48-272
100.37,26.08,666.00,9.83,20-04-23-09-30-48-307
100.66,27.42,666.00,9.85,20-04-23-09-30-48-341
100.85,29.41,666.00,8.83,20-04-23-09-30-48-373
101.12,31.95,666.00,6.56,20-04-23-09-30-48-409
101.15,34.67,666.00,4.27,20-04-23-09-30-48-440
101.13,36.88,666.00,3.55,20-04-23-09-30-48-474
101.00,39.03,666.00,3.05,20-04-23-09-30-48-508
100.86,41.26,666.00,5.00,20-04-23-09-30-48-539
100.90,43.27,666.00,4.39,20-04-23-09-30-48-574
101.26,47.09,666.00,3.10,20-04-23-09-30-48-605
101.35,49.50,666.00,4.83,20-04-23-09-30-48-639
101.87,54.17,666.00,5.93,20-04-23-09-30-48-674
101.57,55.97,666.00,5.84,20-04-23-09-30-48-707
101.82,58.45,666.00,8.72,20-04-23-09-30-48-739
102.16,59.69,666.00,6.68,20-04-23-09-30-48-774
102.40,61.61,666.00,7.76,20-04-23-09-30-48-807
103.26,63.08,666.00,9.89,20-04-23-09-30-48-843
102.96,66.95,666.00,13.01,20-04-23-09-30-48-872
103.14,68.10,666.00,13.73,20-04-23-09-30-48-907
103.16,68.71,666.00,10.07,20-04-23-09-30-48-942
102.73,69.27,666.00,9.18,20-04-23-09-30-48-971
99.50,66.68,666.00,3.75,20-04-23-09-30-49-007
98.78,66.16,666.00,8.92,20-04-23-09-30-49-037
98.21,70.54,666.00,5.99,20-04-23-09-30-49-072
98.91,74.17,666.00,3.68,20-04-23-09-30-49-108
99.24,75.39,666.00,3.82,20-04-23-09-30-49-138
86.84,82.07,666.00,19.43,20-04-23-09-30-49-173
79.85,84.08,26.94,31.16,20-04-23-09-30-49-206
76.15,84.75,25.32,37.36,20-04-23-09-30-49-240
74.00,84.92,24.42,41.35,20-04-23-09-30-49-272
73.51,84.29,23.15,43.79,20-04-23-09-30-49-307
73.39,82.46,20.96,44.65,20-04-23-09-30-49-337
73.60,80.60,18.88,44.93,20-04-23-09-30-49-377
88.25,75.17,7.44,31.95,20-04-23-09-30-49-407
87.70,73.00,-8.18,31.26,20-04-23-09-30-49-439
86.59,71.47,-15.84,33.05,20-04-23-09-30-49-472
88.67,70.76,666.00,29.97,20-04-23-09-30-49-506
86.71,71.44,666.00,27.63,20-04-23-09-30-49-539
99.33,74.21,666.00,10.55,20-04-23-09-30-49-573
104.58,76.14,666.00,14.00,20-04-23-09-30-49-610
106.27,77.00,666.00,15.90,20-04-23-09-30-49-638
107.23,77.86,666.00,15.88,20-04-23-09-30-49-670
107.54,79.23,666.00,14.16,20-04-23-09-30-49-706
107.28,80.26,666.00,12.61,20-04-23-09-30-49-740
106.68,81.15,666.00,10.63,20-04-23-09-30-49-774
105.72,82.05,666.00,8.20,20-04-23-09-30-49-810
104.88,82.90,666.00,6.29,20-04-23-09-30-49-839
103.95,83.61,666.00,4.21,20-04-23-09-30-49-872
103.26,84.06,666.00,2.71,20-04-23-09-30-49-906
102.67,84.19,666.00,1.56,20-04-23-09-30-49-940
104.20,83.84,666.00,4.04,20-04-23-09-30-49-974
106.21,82.97,666.00,7.63,20-04-23-09-30-50-006
107.84,82.11,666.00,10.50,20-04-23-09-30-50-042
109.33,81.23,666.00,13.01,20-04-23-09-30-50-075
111.16,80.32,666.00,15.81,20-04-23-09-30-50-107
113.93,78.82,666.00,19.60,20-04-23-09-30-50-142
115.86,77.54,666.00,22.22,20-04-23-09-30-50-174
117.14,76.64,666.00,24.03,20-04-23-09-30-50-206
118.04,76.15,666.00,25.39,20-04-23-09-30-50-246
118.66,75.90,666.00,25.15,20-04-23-09-30-50-273
119.15,75.80,666.00,27.70,20-04-23-09-30-50-304
119.32,75.77,137.82,30.36,20-04-23-09-30-50-339
111.78,61.62,666.00,10.81,20-04-23-09-30-50-372
104.83,57.13,666.00,10.64,20-04-23-09-30-50-405
102.33,55.64,666.00,15.85,20-04-23-09-30-50-440
101.07,54.76,666.00,9.92,20-04-23-09-30-50-473
100.13,54.09,666.00,7.96,20-04-23-09-30-50-505
104.83,50.23,666.00,6.19,20-04-23-09-30-50-540
108.93,47.56,666.00,13.57,20-04-23-09-30-50-572
111.05,46.22,666.00,16.87,20-04-23-09-30-50-607
107.92,43.27,666.00,14.76,20-04-23-09-30-50-639
106.52,42.63,666.00,12.01,20-04-23-09-30-50-671
106.33,41.54,666.00,7.73,20-04-23-09-30-50-707
106.34,41.10,666.00,6.90,20-04-23-09-30-50-744
106.36,41.01,666.00,7.06,20-04-23-09-30-50-774
106.14,41.51,666.00,8.25,20-04-23-09-30-50-806
106.02,41.54,666.00,10.13,20-04-23-09-30-50-841
104.01,35.96,666.00,4.98,20-04-23-09-30-50-871
102.61,34.20,666.00,4.66,20-04-23-09-30-50-904
101.73,33.37,666.00,1.03,20-04-23-09-30-50-940
101.15,32.49,666.00,2.09,20-04-23-09-30-50-975
100.81,31.34,666.00,2.49,20-04-23-09-30-51-006
100.53,30.18,666.00,3.54,20-04-23-09-30-51-041
100.34,29.13,666.00,5.52,20-04-23-09-30-51-072
100.21,27.51,666.00,4.94,20-04-23-09-30-51-106
100.07,25.62,666.00,6.04,20-04-23-09-30-51-140
99.96,23.64,666.00,4.59,20-04-23-09-30-51-172
99.88,21.73,666.00,4.42,20-04-23-09-30-51-208
99.82,20.03,666.00,3.88,20-04-23-09-30-51-240
99.65,17.28,666.00,2.32,20-04-23-09-30-51-271
99.53,15.46,666.00,2.99,20-04-23-09-30-51-306
99.40,13.97,666.00,8.71,20-04-23-09-30-51-338
99.32,12.52,666.00,9.56,20-04-23-09-30-51-371
99.27,11.32,666.00,9.13,20-04-23-09-30-51-406
99.32,10.11,666.00,8.21,20-04-23-09-30-51-442
99.51,9.03,666.00,7.44,20-04-23-09-30-51-473
99.79,8.03,666.00,7.03,20-04-23-09-30-51-506
100.13,7.01,666.00,6.65,20-04-23-09-30-51-544
100.41,6.09,666.00,6.55,20-04-23-09-30-51-572
100.68,5.07,666.00,6.71,20-04-23-09-30-51-607
100.88,4.12,666.00,7.67,20-04-23-09-30-51-639
100.97,3.30,666.00,10.08,20-04-23-09-30-51-675
101.02,2.47,666.00,11.41,20-04-23-09-30-51-705
101.04,1.47,666.00,14.51,20-04-23-09-30-51-743
100.95,0.28,666.00,14.20,20-04-23-09-30-51-771
100.85,-0.67,666.00,14.42,20-04-23-09-30-51-808
100.68,-1.64,666.00,14.66,20-04-23-09-30-51-840
100.42,-2.73,666.00,13.81,20-04-23-09-30-51-875
100.10,-3.80,666.00,13.91,20-04-23-09-30-51-907
99.74,-4.57,666.00,13.13,20-04-23-09-30-51-941
99.39,-5.27,666.00,16.53,20-04-23-09-30-51-975
98.94,-6.04,666.00,25.12,20-04-23-09-30-52-008
98.51,-6.62,666.00,27.11,20-04-23-09-30-52-042
98.07,-7.18,-12.39,31.69,20-04-23-09-30-52-074
97.65,-7.54,-14.78,30.92,20-04-23-09-30-52-108
97.21,-7.88,-17.29,31.24,20-04-23-09-30-52-140
96.56,-9.12,666.00,27.03,20-04-23-09-30-52-172
96.15,-10.50,666.00,22.61,20-04-23-09-30-52-208
95.72,-10.76,666.00,20.35,20-04-23-09-30-52-239
95.32,-10.80,666.00,18.80,20-04-23-09-30-52-272
94.92,-10.68,666.00,18.06,20-04-23-09-30-52-310
94.59,-10.52,666.00,17.57,20-04-23-09-30-52-338
94.27,-10.31,666.00,17.26,20-04-23-09-30-52-377
93.99,-10.06,666.00,17.13,20-04-23-09-30-52-404
93.77,-9.79,666.00,17.00,20-04-23-09-30-52-437
93.59,-9.52,666.00,16.67,20-04-23-09-30-52-476
93.46,-9.22,666.00,15.89,20-04-23-09-30-52-505
93.36,-8.90,666.00,15.31,20-04-23-09-30-52-539
93.28,-8.60,666.00,15.36,20-04-23-09-30-52-573
93.26,-8.22,666.00,14.59,20-04-23-09-30-52-606
93.29,-7.76,666.00,16.49,20-04-23-09-30-52-641
93.53,-6.64,666.00,16.70,20-04-23-09-30-52-677
93.75,-5.69,666.00,18.41,20-04-23-09-30-52-708
93.95,-4.87,666.00,14.48,20-04-23-09-30-52-740
94.12,-3.90,666.00,13.56,20-04-23-09-30-52-772
94.27,-2.80,666.00,14.10,20-04-23-09-30-52-807
94.41,-1.41,666.00,14.78,20-04-23-09-30-52-840
94.56,-0.22,666.00,15.85,20-04-23-09-30-52-872
94.72,0.79,666.00,3.67,20-04-23-09-30-52-908
94.87,2.19,666.00,3.60,20-04-23-09-30-52-941
95.03,3.55,666.00,8.55,20-04-23-09-30-52-972
95.27,5.35,666.00,8.05,20-04-23-09-30-53-009
95.56,6.92,666.00,7.57,20-04-23-09-30-53-045
95.84,8.84,666.00,6.24,20-04-23-09-30-53-074
96.08,10.22,666.00,5.17,20-04-23-09-30-53-106
96.26,11.75,666.00,4.36,20-04-23-09-30-53-141
96.43,13.23,666.00,3.62,20-04-23-09-30-53-172
96.61,14.74,666.00,2.96,20-04-23-09-30-53-208
96.86,16.82,666.00,3.56,20-04-23-09-30-53-240
97.11,18.61,666.00,3.75,20-04-23-09-30-53-273
97.56,21.74,666.00,1.65,20-04-23-09-30-53-310
97.80,24.08,666.00,1.01,20-04-23-09-30-53-338
97.94,25.62,666.00,1.29,20-04-23-09-30-53-374
98.01,27.43,666.00,2.26,20-04-23-09-30-53-408
98.58,32.99,666.00,5.43,20-04-23-09-30-53-440
98.78,35.30,666.00,3.61,20-04-23-09-30-53-471
98.91,36.49,666.00,2.70,20-04-23-09-30-53-508
99.04,37.35,666.00,1.57,20-04-23-09-30-53-543
99.16,37.97,666.00,2.73,20-04-23-09-30-53-572
99.37,39.11,666.00,2.34,20-04-23-09-30-53-607
99.76,41.01,666.00,2.57,20-04-23-09-30-53-641
100.11,42.51,666.00,2.65,20-04-23-09-30-53-676
100.40,44.45,666.00,2.69,20-04-23-09-30-53-707
101.22,47.90,666.00,4.43,20-04-23-09-30-53-742
100.93,53.77,666.00,4.04,20-04-23-09-30-53-774
100.86,56.35,666.00,4.04,20-04-23-09-30-53-807
98.17,59.49,666.00,8.84,20-04-23-09-30-53-838
102.40,66.41,666.00,18.42,20-04-23-09-30-53-877
103.61,69.61,666.00,22.10,20-04-23-09-30-53-904
104.23,69.92,666.00,20.53,20-04-23-09-30-53-938
104.49,69.34,666.00,18.67,20-04-23-09-30-53-972
104.35,68.29,666.00,16.53,20-04-23-09-30-54-004
81.18,72.11,17.13,31.92,20-04-23-09-30-54-042
79.42,73.87,14.12,31.65,20-04-23-09-30-54-074
79.59,74.59,12.66,30.58,20-04-23-09-30-54-106
79.27,74.59,7.48,31.55,20-04-23-09-30-54-138
79.33,73.59,4.16,31.67,20-04-23-09-30-54-171
80.00,72.42,0.17,30.95,20-04-23-09-30-54-208
81.46,70.61,666.00,29.33,20-04-23-09-30-54-239
83.07,68.80,666.00,27.69,20-04-23-09-30-54-273
84.24,67.29,666.00,26.65,20-04-23-09-30-54-306
81.02,66.22,666.00,27.02,20-04-23-09-30-54-339
79.64,65.31,666.00,27.21,20-04-23-09-30-54-374
88.97,60.99,666.00,19.77,20-04-23-09-30-54-406
92.11,59.08,666.00,17.83,20-04-23-09-30-54-439
93.96,57.83,666.00,16.95,20-04-23-09-30-54-471
94.95,56.29,666.00,16.54,20-04-23-09-30-54-510
104.29,55.21,666.00,12.82,20-04-23-09-30-54-539
104.25,58.30,666.00,9.58,20-04-23-09-30-54-577
103.62,60.68,666.00,7.21,20-04-23-09-30-54-608
104.62,61.97,666.00,5.62,20-04-23-09-30-54-643
122.48,59.78,666.00,17.35,20-04-23-09-30-54-674
128.31,58.82,666.00,22.71,20-04-23-09-30-54-709
130.83,58.45,666.00,25.07,20-04-23-09-30-54-740
132.25,58.29,666.00,26.38,20-04-23-09-30-54-772
137.26,53.78,175.50,31.37,20-04-23-09-30-54-806
139.50,51.09,175.24,34.03,20-04-23-09-30-54-839
140.95,48.99,175.08,35.86,20-04-23-09-30-54-873
141.85,47.42,174.95,37.05,20-04-23-09-30-54-908
142.40,46.27,174.92,37.84,20-04-23-09-30-54-939
142.70,45.45,174.97,38.36,20-04-23-09-30-54-973
142.84,44.87,175.08,38.68,20-04-23-09-30-55-006
142.85,44.49,175.24,38.86,20-04-23-09-30-55-040
142.75,44.30,175.53,38.91,20-04-23-09-30-55-070
142.60,44.22,175.83,38.88,20-04-23-09-30-55-105
142.39,44.18,176.07,38.77,20-04-23-09-30-55-139
142.17,44.21,176.34,38.62,20-04-23-09-30-55-172
141.95,44.28,176.66,38.47,20-04-23-09-30-55-209
141.74,44.48,177.09,38.32,20-04-23-09-30-55-238
141.51,44.66,177.58,38.16,20-04-23-09-30-55-272
141.31,44.87,178.08,38.01,20-04-23-09-30-55-304
141.03,45.11,178.71,37.82,20-04-23-09-30-55-340
142.55,44.83,177.44,39.87,20-04-23-09-30-55-372
143.63,44.62,163.85,66.24,20-04-23-09-30-55-409
114.90,51.68,666.00,24.07,20-04-23-09-30-55-440
104.66,53.16,666.00,10.39,20-04-23-09-30-55-474
100.25,53.55,666.00,2.79,20-04-23-09-30-55-505
97.26,53.99,666.00,11.79,20-04-23-09-30-55-540
102.32,51.11,666.00,5.99,20-04-23-09-30-55-574
105.43,48.95,666.00,7.91,20-04-23-09-30-55-606
108.05,47.10,666.00,10.51,20-04-23-09-30-55-638
107.43,42.54,666.00,11.90,20-04-23-09-30-55-675
106.96,41.34,666.00,11.70,20-04-23-09-30-55-706
106.97,40.90,666.00,7.99,20-04-23-09-30-55-738
107.09,41.13,666.00,6.94,20-04-23-09-30-55-775
107.78,41.14,666.00,7.83,20-04-23-09-30-55-806
107.86,40.04,666.00,8.56,20-04-23-09-30-55-840
106.89,40.00,666.00,10.79,20-04-23-09-30-55-873
105.68,37.25,666.00,7.95,20-04-23-09-30-55-908
104.51,36.43,666.00,5.80,20-04-23-09-30-55-942
103.63,36.11,666.00,4.58,20-04-23-09-30-55-972
102.98,35.86,666.00,3.84,20-04-23-09-30-56-006
102.36,34.95,666.00,2.44,20-04-23-09-30-56-041
101.83,34.17,666.00,1.94,20-04-23-09-30-56-074
101.37,33.25,666.00,2.55,20-04-23-09-30-56-106
100.98,31.84,666.00,4.27,20-04-23-09-30-56-142
100.68,30.55,666.00,6.58,20-04-23-09-30-56-174
100.45,28.66,666.00,7.41,20-04-23-09-30-56-206
100.29,26.53,666.00,8.44,20-04-23-09-30-56-239
98.36,19.23,666.00,2.32,20-04-23-09-30-56-276
97.72,16.84,666.00,3.68,20-04-23-09-30-56-305
97.44,15.64,666.00,3.97,20-04-23-09-30-56-343
97.33,14.80,666.00,3.94,20-04-23-09-30-56-372
97.27,13.99,666.00,3.72,20-04-23-09-30-56-408
97.23,13.26,666.00,3.85,20-04-23-09-30-56-439
97.22,12.64,666.00,4.89,20-04-23-09-30-56-474
97.21,12.12,666.00,6.92,20-04-23-09-30-56-506
97.18,11.49,666.00,8.61,20-04-23-09-30-56-540
97.07,10.73,666.00,8.82,20-04-23-09-30-56-573
97.00,9.94,666.00,9.11,20-04-23-09-30-56-607
97.05,8.83,666.00,9.37,20-04-23-09-30-56-638
97.10,7.71,666.00,9.46,20-04-23-09-30-56-671
97.19,6.35,666.00,20.38,20-04-23-09-30-56-708
97.25,5.27,666.00,29.13,20-04-23-09-30-56-739
97.29,4.37,48.95,35.25,20-04-23-09-30-56-774
97.32,3.42,44.42,33.62,20-04-23-09-30-56-808
97.32,2.80,666.00,18.75,20-04-23-09-30-56-838
97.30,2.38,666.00,15.62,20-04-23-09-30-56-875
97.23,1.76,666.00,17.08,20-04-23-09-30-56-908
97.15,1.37,666.00,14.84,20-04-23-09-30-56-940
97.07,1.13,666.00,13.44,20-04-23-09-30-56-978
97.00,1.01,666.00,12.39,20-04-23-09-30-57-006
96.93,0.89,666.00,11.54,20-04-23-09-30-57-040
96.86,0.70,666.00,10.94,20-04-23-09-30-57-073
96.70,0.73,666.00,11.14,20-04-23-09-30-57-106
96.35,0.93,666.00,12.05,20-04-23-09-30-57-140
95.96,1.21,666.00,13.11,20-04-23-09-30-57-179
95.65,1.21,666.00,15.49,20-04-23-09-30-57-206
95.30,1.20,666.00,16.74,20-04-23-09-30-57-241
94.97,1.23,666.00,17.28,20-04-23-09-30-57-273
94.68,1.24,666.00,19.83,20-04-23-09-30-57-306
94.34,0.88,666.00,19.40,20-04-23-09-30-57-338
94.03,0.45,666.00,18.40,20-04-23-09-30-57-373
93.75,0.07,666.00,17.24,20-04-23-09-30-57-405
93.56,-0.15,666.00,20.56,20-04-23-09-30-57-440
93.43,-0.31,666.00,19.14,20-04-23-09-30-57-471
93.35,-0.40,666.00,16.85,20-04-23-09-30-57-505
93.29,-0.43,666.00,14.88,20-04-23-09-30-57-541
93.25,-0.47,666.00,12.99,20-04-23-09-30-57-571
93.32,-0.21,666.00,10.41,20-04-23-09-30-57-609
93.51,0.20,666.00,7.64,20-04-23-09-30-57-638
93.74,0.96,666.00,7.53,20-04-23-09-30-57-671
94.07,2.08,666.00,7.73,20-04-23-09-30-57-707
94.38,3.53,666.00,8.53,20-04-23-09-30-57-740
94.75,4.78,666.00,9.13,20-04-23-09-30-57-772
95.13,6.11,666.00,10.25,20-04-23-09-30-57-806
95.44,7.53,666.00,10.85,20-04-23-09-30-57-839
95.78,9.01,666.00,5.64,20-04-23-09-30-57-870
96.05,10.15,666.00,4.46,20-04-23-09-30-57-909
96.29,11.18,666.00,6.80,20-04-23-09-30-57-939
96.51,12.36,666.00,5.65,20-04-23-09-30-57-971
96.73,13.74,666.00,5.22,20-04-23-09-30-58-006
96.92,15.25,666.00,4.50,20-04-23-09-30-58-040
97.06,17.13,666.00,5.97,20-04-23-09-30-58-072
97.07,19.11,666.00,8.18,20-04-23-09-30-58-106
97.09,21.31,666.00,3.04,20-04-23-09-30-58-139
97.15,23.54,666.00,2.50,20-04-23-09-30-58-171
97.31,25.79,666.00,2.99,20-04-23-09-30-58-208
98.75,31.72,666.00,5.98,20-04-23-09-30-58-240
99.38,34.32,666.00,4.55,20-04-23-09-30-58-273
99.76,35.86,666.00,1.63,20-04-23-09-30-58-308
100.03,37.23,666.00,0.28,20-04-23-09-30-58-342
100.32,38.42,666.00,0.49,20-04-23-09-30-58-373
101.05,41.09,666.00,1.36,20-04-23-09-30-58-407
102.05,43.74,666.00,3.74,20-04-23-09-30-58-439
102.44,45.36,666.00,4.46,20-04-23-09-30-58-473
102.88,46.92,666.00,5.06,20-04-23-09-30-58-509
104.82,55.08,666.00,15.87,20-04-23-09-30-58-537
105.76,58.89,666.00,18.85,20-04-23-09-30-58-572
106.13,60.90,666.00,18.38,20-04-23-09-30-58-607
106.41,62.26,666.00,17.20,20-04-23-09-30-58-639
103.22,64.79,666.00,15.11,20-04-23-09-30-58-673
104.37,70.32,666.00,20.69,20-04-23-09-30-58-706
104.99,72.59,666.00,21.08,20-04-23-09-30-58-739
104.35,73.00,666.00,17.98,20-04-23-09-30-58-772
103.81,73.81,666.00,11.84,20-04-23-09-30-58-809
106.16,72.73,666.00,13.24,20-04-23-09-30-58-842
107.40,71.64,666.00,16.17,20-04-23-09-30-58-871
108.14,70.96,666.00,21.24,20-04-23-09-30-58-907
72.39,76.40,3.11,31.04,20-04-23-09-30-58-941
56.33,76.75,7.48,43.85,20-04-23-09-30-58-973
50.05,78.43,10.74,52.25,20-04-23-09-30-59-006
47.33,78.79,11.27,54.65,20-04-23-09-30-59-039
47.98,79.37,12.25,51.96,20-04-23-09-30-59-074
46.51,79.44,12.68,54.25,20-04-23-09-30-59-105
47.13,79.37,12.77,52.75,20-04-23-09-30-59-140
28.45,79.78,15.55,62.85,20-04-23-09-30-59-173
20.61,77.53,17.26,64.01,20-04-23-09-30-59-208
17.16,75.19,19.25,60.46,20-04-23-09-30-59-241
14.92,72.61,19.91,61.32,20-04-23-09-30-59-274
16.73,80.99,20.83,68.34,20-04-23-09-30-59-307
17.69,82.93,20.25,76.31,20-04-23-09-30-59-340
19.94,84.78,21.17,76.47,20-04-23-09-30-59-373
20.77,86.36,21.74,77.56,20-04-23-09-30-59-408
22.15,87.26,22.16,74.64,20-04-23-09-30-59-440
23.47,87.41,22.55,63.11,20-04-23-09-30-59-472
24.36,87.30,23.14,58.84,20-04-23-09-30-59-507
25.43,90.01,23.66,59.59,20-04-23-09-30-59-540
25.96,91.48,23.63,61.17,20-04-23-09-30-59-571
25.73,92.68,24.57,64.25,20-04-23-09-30-59-608
25.62,93.70,25.17,67.96,20-04-23-09-30-59-638
25.50,94.76,25.54,70.10,20-04-23-09-30-59-673
25.49,95.89,25.83,71.02,20-04-23-09-30-59-705
24.51,95.56,25.86,73.44,20-04-23-09-30-59-742
24.41,95.76,25.98,74.18,20-04-23-09-30-59-774
24.24,95.74,26.01,74.80,20-04-23-09-30-59-808
24.79,93.39,25.85,74.05,20-04-23-09-30-59-838
24.77,94.37,25.91,74.19,20-04-23-09-30-59-875
25.42,94.43,26.13,73.58,20-04-23-09-30-59-907
26.00,94.28,26.36,72.95,20-04-23-09-30-59-940
24.14,92.20,26.18,72.84,20-04-23-09-30-59-972
24.66,91.30,26.19,72.10,20-04-23-09-31-00-009
23.88,90.85,26.08,72.12,20-04-23-09-31-00-041
24.72,90.57,26.06,71.49,20-04-23-09-31-00-072
25.49,90.32,26.02,70.94,20-04-23-09-31-00-107
26.48,89.40,25.91,70.09,20-04-23-09-31-00-141
84.99,66.29,666.00,18.15,20-04-23-09-31-00-175
106.99,60.39,-175.29,52.53,20-04-23-09-31-00-207
113.15,58.48,-178.83,62.84,20-04-23-09-31-00-240
115.87,57.41,179.70,68.26,20-04-23-09-31-00-276
72.28,63.79,666.00,20.13,20-04-23-09-31-00-308
74.48,60.48,666.00,18.35,20-04-23-09-31-00-339
50.02,64.24,14.24,55.38,20-04-23-09-31-00-373
93.14,47.30,666.00,14.54,20-04-23-09-31-00-407
92.60,45.40,666.00,20.22,20-04-23-09-31-00-439
100.64,43.78,666.00,9.49,20-04-23-09-31-00-473
102.80,43.53,666.00,6.21,20-04-23-09-31-00-505
104.23,43.32,666.00,4.01,20-04-23-09-31-00-541
104.78,42.60,666.00,2.73,20-04-23-09-31-00-572
104.46,41.96,666.00,4.21,20-04-23-09-31-00-609
104.41,40.81,666.00,7.20,20-04-23-09-31-00-639
103.29,38.80,666.00,6.44,20-04-23-09-31-00-671
102.19,37.09,666.00,6.08,20-04-23-09-31-00-708
101.36,34.73,666.00,5.49,20-04-23-09-31-00-741
100.50,33.29,666.00,3.89,20-04-23-09-31-00-771
100.00,32.58,666.00,2.43,20-04-23-09-31-00-807
99.53,32.22,666.00,3.99,20-04-23-09-31-00-840
99.34,31.29,666.00,4.96,20-04-23-09-31-00-873
99.38,29.76,666.00,2.94,20-04-23-09-31-00-907
99.49,28.37,666.00,2.00,20-04-23-09-31-00-945
99.66,27.26,666.00,1.77,20-04-23-09-31-00-975
99.83,26.30,666.00,1.57,20-04-23-09-31-01-007
100.08,25.18,666.00,1.12,20-04-23-09-31-01-039
100.36,23.53,666.00,0.83,20-04-23-09-31-01-073
100.52,22.40,666.00,2.04,20-04-23-09-31-01-105
100.64,21.21,666.00,3.15,20-04-23-09-31-01-140
100.70,19.93,666.00,3.88,20-04-23-09-31-01-175
100.70,18.99,666.00,4.81,20-04-23-09-31-01-205
100.48,15.77,666.00,0.90,20-04-23-09-31-01-238
100.06,12.66,666.00,3.86,20-04-23-09-31-01-273
99.86,11.43,666.00,4.67,20-04-23-09-31-01-308
99.73,10.72,666.00,4.47,20-04-23-09-31-01-340
99.64,10.27,666.00,3.35,20-04-23-09-31-01-374
99.55,10.32,666.00,5.54,20-04-23-09-31-01-406
99.44,10.33,666.00,6.26,20-04-23-09-31-01-440
99.32,10.38,666.00,6.58,20-04-23-09-31-01-473
99.22,10.27,666.00,6.55,20-04-23-09-31-01-507
99.12,9.96,666.00,6.20,20-04-23-09-31-01-539
99.02,9.69,666.00,5.81,20-04-23-09-31-01-575
98.94,9.40,666.00,5.67,20-04-23-09-31-01-606
98.89,9.12,666.00,5.58,20-04-23-09-31-01-640
98.85,8.60,666.00,5.23,20-04-23-09-31-01-671
98.79,8.18,666.00,5.19,20-04-23-09-31-01-708
98.72,7.82,666.00,5.09,20-04-23-09-31-01-738
98.64,7.58,666.00,5.72,20-04-23-09-31-01-775
98.56,7.42,666.00,5.94,20-04-23-09-31-01-805
98.49,7.24,666.00,6.13,20-04-23-09-31-01-839
98.37,6.99,666.00,7.88,20-04-23-09-31-01-877
98.20,6.80,666.00,9.07,20-04-23-09-31-01-909
98.01,6.51,666.00,9.42,20-04-23-09-31-01-940
97.86,6.06,666.00,9.43,20-04-23-09-31-01-971
97.64,5.53,666.00,9.59,20-04-23-09-31-02-010
96.96,3.20,666.00,5.09,20-04-23-09-31-02-038
96.49,1.93,666.00,8.39,20-04-23-09-31-02-076
96.00,0.74,666.00,16.15,20-04-23-09-31-02-106
95.63,0.16,666.00,27.68,20-04-23-09-31-02-143
95.20,-0.09,666.00,27.67,20-04-23-09-31-02-174
94.57,-1.58,666.00,27.66,20-04-23-09-31-02-206
94.03,-1.51,666.00,10.97,20-04-23-09-31-02-241
93.61,-1.37,666.00,12.40,20-04-23-09-31-02-272
93.27,-1.39,666.00,10.91,20-04-23-09-31-02-307
93.01,-1.41,666.00,10.08,20-04-23-09-31-02-341
92.80,-1.39,666.00,9.66,20-04-23-09-31-02-371
92.63,-1.31,666.00,9.30,20-04-23-09-31-02-407
92.54,-1.04,666.00,9.50,20-04-23-09-31-02-442
92.54,-0.64,666.00,9.99,20-04-23-09-31-02-472
92.47,-0.46,666.00,9.80,20-04-23-09-31-02-506
92.47,-0.07,666.00,10.09,20-04-23-09-31-02-541
92.77,0.35,666.00,9.69,20-04-23-09-31-02-572
93.19,0.95,666.00,10.44,20-04-23-09-31-02-610
93.60,1.79,666.00,6.11,20-04-23-09-31-02-641
94.02,2.70,666.00,6.34,20-04-23-09-31-02-671
94.53,4.17,666.00,3.93,20-04-23-09-31-02-706
95.02,5.98,666.00,4.15,20-04-23-09-31-02-741
95.35,7.87,666.00,5.51,20-04-23-09-31-02-774
95.65,9.91,666.00,4.57,20-04-23-09-31-02-807
95.94,11.71,666.00,2.70,20-04-23-09-31-02-842
96.22,13.71,666.00,0.21,20-04-23-09-31-02-873
96.44,15.11,666.00,1.29,20-04-23-09-31-02-910
96.65,16.88,666.00,1.30,20-04-23-09-31-02-942
96.97,19.18,666.00,2.28,20-04-23-09-31-02-973
97.28,21.44,666.00,2.06,20-04-23-09-31-03-007
97.60,23.39,666.00,2.12,20-04-23-09-31-03-039
97.87,25.97,666.00,2.69,20-04-23-09-31-03-073
98.05,27.85,666.00,1.41,20-04-23-09-31-03-105
98.13,28.96,666.00,4.59,20-04-23-09-31-03-141
98.41,31.85,666.00,5.74,20-04-23-09-31-03-175
99.52,36.64,666.00,1.58,20-04-23-09-31-03-207
99.93,38.77,666.00,0.93,20-04-23-09-31-03-240
100.28,40.42,666.00,0.72,20-04-23-09-31-03-271
101.20,43.70,666.00,4.13,20-04-23-09-31-03-308
101.73,45.53,666.00,2.60,20-04-23-09-31-03-339
102.22,47.41,666.00,3.13,20-04-23-09-31-03-373
102.56,48.92,666.00,3.09,20-04-23-09-31-03-410
102.81,50.51,666.00,3.11,20-04-23-09-31-03-441
104.92,58.42,666.00,10.30,20-04-23-09-31-03-474
106.09,62.96,666.00,14.90,20-04-23-09-31-03-507
106.70,65.75,666.00,16.88,20-04-23-09-31-03-543
103.60,67.74,666.00,18.32,20-04-23-09-31-03-573
102.00,67.91,666.00,16.82,20-04-23-09-31-03-607
100.76,70.49,666.00,18.06,20-04-23-09-31-03-640
100.67,72.33,666.00,18.65,20-04-23-09-31-03-671
100.31,73.17,666.00,15.91,20-04-23-09-31-03-708
99.96,73.31,666.00,6.23,20-04-23-09-31-03-740
99.72,73.09,666.00,1.09,20-04-23-09-31-03-770
95.31,72.42,666.00,10.27,20-04-23-09-31-03-805
93.75,71.67,666.00,15.74,20-04-23-09-31-03-841
92.22,70.19,666.00,20.69,20-04-23-09-31-03-872
90.93,68.48,666.00,23.86,20-04-23-09-31-03-911
90.50,66.43,666.00,26.50,20-04-23-09-31-03-940
94.48,61.12,666.00,29.33,20-04-23-09-31-03-970
96.32,57.56,-73.13,31.29,20-04-23-09-31-04-007
97.15,54.42,-76.28,32.63,20-04-23-09-31-04-038
97.21,51.56,-77.15,33.91,20-04-23-09-31-04-070
94.86,48.81,-71.00,36.43,20-04-23-09-31-04-107
98.50,47.67,-81.88,34.02,20-04-23-09-31-04-141
102.57,47.29,-94.84,32.03,20-04-23-09-31-04-171
107.85,46.75,-111.02,31.45,20-04-23-09-31-04-205
112.32,46.09,-124.77,32.32,20-04-23-09-31-04-238
118.22,45.90,-139.62,34.25,20-04-23-09-31-04-272
122.64,44.68,-150.32,37.43,20-04-23-09-31-04-309
125.50,43.79,-156.43,39.73,20-04-23-09-31-04-341
127.40,43.22,-160.14,41.33,20-04-23-09-31-04-374
129.34,43.30,-163.56,42.37,20-04-23-09-31-04-404
131.28,43.54,-166.82,43.03,20-04-23-09-31-04-441
135.15,43.42,-172.04,43.98,20-04-23-09-31-04-475
137.95,43.33,-175.71,44.77,20-04-23-09-31-04-506
140.57,43.03,-178.84,45.47,20-04-23-09-31-04-540
142.53,42.77,178.87,46.08,20-04-23-09-31-04-572
143.77,42.62,177.41,46.57,20-04-23-09-31-04-608
144.61,42.60,176.45,46.92,20-04-23-09-31-04-641
145.54,40.60,176.01,48.30,20-04-23-09-31-04-670
146.11,39.50,175.71,49.19,20-04-23-09-31-04-708
142.28,39.54,179.38,49.97,20-04-23-09-31-04-745
139.37,39.34,-177.41,49.90,20-04-23-09-31-04-773
137.33,38.79,-175.06,49.71,20-04-23-09-31-04-805
135.99,38.77,-173.70,49.26,20-04-23-09-31-04-838
128.88,41.49,-162.95,42.59,20-04-23-09-31-04-872
121.99,43.27,-148.99,37.01,20-04-23-09-31-04-906
118.76,43.89,-141.77,35.34,20-04-23-09-31-04-940
115.20,44.40,-133.46,33.80,20-04-23-09-31-04-969
106.55,45.47,-111.56,31.28,20-04-23-09-31-05-005
101.74,46.05,666.00,29.60,20-04-23-09-31-05-039
99.64,46.16,666.00,29.02,20-04-23-09-31-05-072
103.82,42.34,-120.87,36.13,20-04-23-09-31-05-104
107.51,39.77,-136.62,37.77,20-04-23-09-31-05-139
109.36,39.05,-145.20,36.75,20-04-23-09-31-05-171
110.07,39.29,666.00,29.82,20-04-23-09-31-05-205
110.11,39.94,666.00,26.61,20-04-23-09-31-05-240
110.22,40.66,666.00,22.80,20-04-23-09-31-05-272
104.02,41.35,666.00,13.63,20-04-23-09-31-05-306
101.64,41.94,666.00,8.97,20-04-23-09-31-05-338
99.83,40.46,666.00,6.64,20-04-23-09-31-05-375
98.62,39.62,666.00,5.15,20-04-23-09-31-05-406
97.84,38.98,666.00,4.87,20-04-23-09-31-05-439
97.12,39.14,666.00,4.00,20-04-23-09-31-05-473
97.07,37.89,666.00,3.66,20-04-23-09-31-05-512
96.96,37.46,666.00,3.36,20-04-23-09-31-05-541
97.18,37.05,666.00,2.67,20-04-23-09-31-05-571
98.12,34.45,666.00,1.66,20-04-23-09-31-05-605
98.87,32.66,666.00,4.43,20-04-23-09-31-05-640
99.22,31.96,666.00,4.03,20-04-23-09-31-05-674
99.41,31.50,666.00,2.87,20-04-23-09-31-05-706
99.59,31.01,666.00,2.25,20-04-23-09-31-05-740
99.81,30.46,666.00,3.09,20-04-23-09-31-05-772
100.05,29.86,666.00,7.05,20-04-23-09-31-05-807
100.38,28.99,666.00,7.67,20-04-23-09-31-05-840
100.64,27.62,666.00,6.89,20-04-23-09-31-05-873
100.77,26.53,666.00,6.48,20-04-23-09-31-05-905
100.88,25.12,666.00,5.79,20-04-23-09-31-05-940
100.86,23.81,666.00,4.86,20-04-23-09-31-05-974
100.71,22.99,666.00,4.53,20-04-23-09-31-06-006
100.53,21.96,666.00,10.56,20-04-23-09-31-06-039
100.31,20.93,666.00,11.08,20-04-23-09-31-06-072
100.06,19.71,666.00,10.16,20-04-23-09-31-06-107
99.79,18.53,666.00,8.52,20-04-23-09-31-06-140
99.06,15.64,666.00,4.17,20-04-23-09-31-06-175
98.52,13.78,666.00,2.06,20-04-23-09-31-06-206
98.08,12.34,666.00,2.02,20-04-23-09-31-06-238
97.76,11.37,666.00,3.69,20-04-23-09-31-06-272
97.53,10.75,666.00,4.53,20-04-23-09-31-06-305
97.35,10.34,666.00,5.16,20-04-23-09-31-06-338
97.21,10.07,666.00,5.64,20-04-23-09-31-06-371
97.02,10.03,666.00,11.90,20-04-23-09-31-06-406
96.78,9.90,666.00,23.22,20-04-23-09-31-06-441
96.52,9.76,666.00,24.94,20-04-23-09-31-06-470
96.23,9.59,666.00,24.63,20-04-23-09-31-06-506
95.98,9.11,666.00,25.75,20-04-23-09-31-06-542
95.72,8.54,666.00,23.20,20-04-23-09-31-06-576
95.31,7.25,666.00,19.41,20-04-23-09-31-06-610
94.96,6.33,666.00,16.64,20-04-23-09-31-06-641
94.66,5.55,666.00,14.35,20-04-23-09-31-06-673
94.44,5.00,666.00,12.62,20-04-23-09-31-06-706
94.23,4.55,666.00,11.52,20-04-23-09-31-06-740
93.82,3.81,666.00,9.18,20-04-23-09-31-06-773
93.50,3.40,666.00,16.89,20-04-23-09-31-06-807
93.22,3.30,666.00,17.33,20-04-23-09-31-06-838
93.00,3.25,666.00,17.45,20-04-23-09-31-06-873
92.75,3.20,666.00,17.18,20-04-23-09-31-06-906
92.45,2.72,666.00,15.90,20-04-23-09-31-06-938
92.18,2.57,666.00,14.77,20-04-23-09-31-06-972
90.67,0.67,666.00,10.36,20-04-23-09-31-07-006
90.19,0.05,666.00,8.64,20-04-23-09-31-07-039
89.84,-0.24,666.00,7.65,20-04-23-09-31-07-071
89.59,-0.34,666.00,7.39,20-04-23-09-31-07-110
89.53,-0.08,666.00,8.43,20-04-23-09-31-07-140
92.25,-17.34,666.00,27.16,20-04-23-09-31-07-172
90.30,-12.71,666.00,17.65,20-04-23-09-31-07-205
89.34,-2.89,666.00,2.24,20-04-23-09-31-07-240
88.58,4.92,666.00,15.06,20-04-23-09-31-07-272
88.96,8.17,666.00,20.59,20-04-23-09-31-07-305
89.45,9.81,666.00,20.30,20-04-23-09-31-07-339
89.88,10.67,666.00,20.34,20-04-23-09-31-07-371
90.29,11.15,666.00,18.25,20-04-23-09-31-07-405
90.71,11.29,666.00,14.25,20-04-23-09-31-07-439
91.04,11.21,666.00,11.30,20-04-23-09-31-07-473
91.34,11.20,666.00,5.75,20-04-23-09-31-07-506
91.79,11.53,666.00,4.33,20-04-23-09-31-07-539
92.21,11.75,666.00,3.83,20-04-23-09-31-07-573
92.64,12.10,666.00,3.27,20-04-23-09-31-07-606
93.00,13.10,666.00,3.84,20-04-23-09-31-07-640
93.30,14.17,666.00,3.38,20-04-23-09-31-07-677
93.46,15.38,666.00,2.23,20-04-23-09-31-07-705
93.52,16.75,666.00,1.73,20-04-23-09-31-07-739
93.55,17.88,666.00,2.26,20-04-23-09-31-07-772
93.62,19.14,666.00,2.72,20-04-23-09-31-07-807
93.66,20.64,666.00,3.38,20-04-23-09-31-07-841
93.71,21.79,666.00,3.80,20-04-23-09-31-07-873
93.84,23.04,666.00,4.92,20-04-23-09-31-07-907
93.96,24.19,666.00,5.53,20-04-23-09-31-07-941
94.10,25.37,666.00,4.67,20-04-23-09-31-07-977
94.20,27.09,666.00,3.85,20-04-23-09-31-08-007
94.29,28.70,666.00,3.20,20-04-23-09-31-08-040
94.34,30.33,666.00,2.33,20-04-23-09-31-08-071
94.35,32.05,666.00,2.09,20-04-23-09-31-08-104
94.19,37.07,666.00,1.04,20-04-23-09-31-08-141
94.09,39.52,666.00,1.58,20-04-23-09-31-08-177
94.00,41.14,666.00,2.43,20-04-23-09-31-08-205
94.04,42.73,666.00,2.56,20-04-23-09-31-08-241
94.17,45.33,666.00,4.22,20-04-23-09-31-08-277
94.38,46.96,666.00,3.44,20-04-23-09-31-08-305
96.77,55.35,666.00,17.01,20-04-23-09-31-08-344
97.41,58.88,666.00,15.98,20-04-23-09-31-08-371
97.55,61.12,666.00,16.32,20-04-23-09-31-08-405
97.71,62.25,666.00,15.91,20-04-23-09-31-08-441
95.48,62.93,666.00,14.84,20-04-23-09-31-08-472
94.27,62.83,666.00,8.04,20-04-23-09-31-08-505
94.12,66.49,666.00,11.29,20-04-23-09-31-08-541
94.07,68.20,666.00,10.85,20-04-23-09-31-08-572
94.57,68.90,666.00,8.87,20-04-23-09-31-08-605
92.46,69.65,666.00,9.54,20-04-23-09-31-08-639
89.92,70.32,666.00,12.68,20-04-23-09-31-08-673
92.27,72.16,666.00,11.01,20-04-23-09-31-08-708
97.94,80.08,666.00,26.63,20-04-23-09-31-08-740
99.39,81.62,112.94,31.53,20-04-23-09-31-08-773
100.41,82.10,114.60,34.88,20-04-23-09-31-08-808
102.33,81.12,117.99,36.93,20-04-23-09-31-08-847
103.42,80.05,119.84,38.34,20-04-23-09-31-08-870
104.28,79.07,121.20,39.38,20-04-23-09-31-08-907
104.97,77.72,122.66,39.75,20-04-23-09-31-08-940
105.64,76.16,124.16,39.90,20-04-23-09-31-08-972
107.59,74.31,127.30,40.55,20-04-23-09-31-09-005
109.54,72.57,129.86,41.47,20-04-23-09-31-09-040
116.16,69.89,135.52,45.83,20-04-23-09-31-09-073
126.09,66.64,139.45,54.28,20-04-23-09-31-09-106
133.61,63.05,140.13,61.64,20-04-23-09-31-09-141
136.59,60.51,140.47,64.66,20-04-23-09-31-09-174
139.67,59.33,140.24,67.43,20-04-23-09-31-09-204
142.13,59.26,139.75,69.68,20-04-23-09-31-09-241
143.79,59.45,139.55,71.05,20-04-23-09-31-09-273
144.97,59.84,139.65,71.34,20-04-23-09-31-09-307
146.98,58.25,140.02,71.53,20-04-23-09-31-09-341
148.33,56.32,140.25,71.20,20-04-23-09-31-09-371
150.49,53.32,139.34,67.76,20-04-23-09-31-09-406
151.92,51.18,139.33,66.19,20-04-23-09-31-09-438
152.89,49.55,139.58,65.22,20-04-23-09-31-09-472
153.55,48.41,139.90,64.74,20-04-23-09-31-09-505
154.00,47.83,140.44,64.48,20-04-23-09-31-09-545
134.48,64.30,136.93,55.40,20-04-23-09-31-09-571
130.77,66.48,137.84,56.70,20-04-23-09-31-09-606
128.91,67.71,138.03,57.22,20-04-23-09-31-09-642
128.33,68.27,138.61,58.45,20-04-23-09-31-09-673
128.65,68.36,139.45,59.99,20-04-23-09-31-09-705
129.53,68.76,140.04,61.39,20-04-23-09-31-09-741
130.68,69.37,140.54,62.43,20-04-23-09-31-09-770
131.69,69.92,140.92,63.02,20-04-23-09-31-09-806
133.11,70.74,141.03,63.04,20-04-23-09-31-09-841
134.27,71.46,141.16,62.85,20-04-23-09-31-09-873
129.99,71.25,139.98,42.81,20-04-23-09-31-09-908
125.18,70.74,136.04,31.76,20-04-23-09-31-09-940
110.90,70.21,666.00,16.70,20-04-23-09-31-09-970
101.57,70.13,666.00,16.44,20-04-23-09-31-10-011
103.19,60.99,666.00,2.11,20-04-23-09-31-10-040
103.12,58.42,666.00,7.50,20-04-23-09-31-10-072
112.62,53.20,177.81,30.76,20-04-23-09-31-10-107
110.25,50.94,666.00,29.39,20-04-23-09-31-10-137
107.78,48.93,666.00,26.68,20-04-23-09-31-10-173
106.02,47.67,666.00,22.81,20-04-23-09-31-10-209
103.58,46.81,666.00,18.62,20-04-23-09-31-10-238
101.73,46.20,666.00,15.43,20-04-23-09-31-10-274
98.42,44.33,666.00,9.76,20-04-23-09-31-10-306
94.43,42.05,666.00,4.05,20-04-23-09-31-10-340
93.39,41.41,666.00,1.95,20-04-23-09-31-10-374
92.82,40.61,666.00,1.01,20-04-23-09-31-10-405
92.84,40.14,666.00,0.98,20-04-23-09-31-10-439
93.23,40.22,666.00,1.87,20-04-23-09-31-10-476
93.55,38.41,666.00,1.09,20-04-23-09-31-10-505
94.04,37.60,666.00,2.15,20-04-23-09-31-10-540
93.58,34.00,666.00,1.86,20-04-23-09-31-10-572
93.24,33.06,666.00,1.33,20-04-23-09-31-10-605
93.06,32.58,666.00,0.75,20-04-23-09-31-10-641
92.74,32.29,666.00,0.96,20-04-23-09-31-10-672
92.68,31.46,666.00,1.09,20-04-23-09-31-10-707
92.77,30.58,666.00,3.66,20-04-23-09-31-10-737
93.18,28.58,666.00,3.85,20-04-23-09-31-10-771
93.31,27.56,666.00,5.24,20-04-23-09-31-10-806
94.07,25.87,666.00,8.10,20-04-23-09-31-10-840
94.49,24.48,666.00,8.14,20-04-23-09-31-10-872
94.94,19.88,666.00,3.57,20-04-23-09-31-10-905
94.93,17.45,666.00,3.90,20-04-23-09-31-10-939
94.83,16.00,666.00,3.83,20-04-23-09-31-10-973
94.69,15.24,666.00,2.31,20-04-23-09-31-11-006
94.61,14.60,666.00,1.92,20-04-23-09-31-11-040
94.53,14.09,666.00,1.34,20-04-23-09-31-11-071
94.44,13.69,666.00,1.71,20-04-23-09-31-11-104
94.40,13.28,666.00,2.75,20-04-23-09-31-11-138
94.41,12.51,666.00,3.04,20-04-23-09-31-11-171
94.46,11.73,666.00,3.62,20-04-23-09-31-11-206
94.50,11.09,666.00,9.65,20-04-23-09-31-11-239
94.57,10.36,666.00,12.32,20-04-23-09-31-11-271
94.62,9.79,666.00,18.33,20-04-23-09-31-11-306
94.62,9.23,666.00,18.30,20-04-23-09-31-11-342
94.63,8.41,666.00,19.78,20-04-23-09-31-11-371
94.54,7.74,666.00,18.61,20-04-23-09-31-11-407
94.37,6.98,666.00,16.69,20-04-23-09-31-11-438
94.14,6.21,666.00,14.99,20-04-23-09-31-11-471
93.87,5.26,666.00,12.58,20-04-23-09-31-11-506
93.61,4.57,666.00,10.62,20-04-23-09-31-11-540
93.38,3.85,666.00,8.79,20-04-23-09-31-11-573
93.17,3.40,666.00,10.55,20-04-23-09-31-11-606
92.88,3.09,666.00,11.90,20-04-23-09-31-11-642
92.55,2.80,666.00,11.81,20-04-23-09-31-11-677
92.23,2.52,666.00,15.48,20-04-23-09-31-11-707
91.94,1.85,666.00,15.24,20-04-23-09-31-11-739
91.69,1.41,666.00,17.94,20-04-23-09-31-11-772
88.25,-16.48,666.00,19.21,20-04-23-09-31-11-810
87.30,-19.10,666.00,26.14,20-04-23-09-31-11-841
86.59,-20.86,92.48,30.93,20-04-23-09-31-11-870
87.40,-16.34,666.00,23.32,20-04-23-09-31-11-904
84.41,-20.70,666.00,20.98,20-04-23-09-31-11-939
84.38,-18.93,666.00,7.97,20-04-23-09-31-11-971
84.09,-18.74,666.00,5.78,20-04-23-09-31-12-007
83.90,-18.39,666.00,4.01,20-04-23-09-31-12-043
83.81,-17.95,666.00,3.03,20-04-23-09-31-12-072
83.91,-17.14,666.00,3.01,20-04-23-09-31-12-106
84.42,-14.96,666.00,5.48,20-04-23-09-31-12-141
84.79,-12.99,666.00,1.07,20-04-23-09-31-12-173
89.58,-1.98,666.00,21.30,20-04-23-09-31-12-208
86.73,-6.50,666.00,9.16,20-04-23-09-31-12-238
84.96,-9.22,666.00,4.39,20-04-23-09-31-12-271
87.46,2.37,666.00,23.56,20-04-23-09-31-12-306
88.81,8.60,109.94,34.99,20-04-23-09-31-12-340
89.40,11.51,108.97,39.09,20-04-23-09-31-12-373
89.36,11.76,106.87,33.02,20-04-23-09-31-12-406
89.48,13.26,666.00,16.07,20-04-23-09-31-12-439
89.55,14.26,666.00,3.00,20-04-23-09-31-12-474
89.57,15.18,666.00,2.66,20-04-23-09-31-12-506
89.59,16.03,666.00,4.34,20-04-23-09-31-12-539
89.63,16.79,666.00,6.21,20-04-23-09-31-12-573
89.69,17.58,666.00,6.51,20-04-23-09-31-12-608
89.83,18.71,666.00,5.01,20-04-23-09-31-12-639
90.00,20.01,666.00,2.79,20-04-23-09-31-12-674
90.17,21.19,666.00,0.86,20-04-23-09-31-12-706
90.46,22.03,666.00,1.21,20-04-23-09-31-12-738
90.74,22.57,666.00,2.04,20-04-23-09-31-12-774
91.01,23.08,666.00,2.76,20-04-23-09-31-12-808
91.24,23.95,666.00,1.54,20-04-23-09-31-12-839
91.52,25.95,666.00,3.97,20-04-23-09-31-12-871
91.87,27.44,666.00,4.77,20-04-23-09-31-12-906
92.12,28.82,666.00,3.18,20-04-23-09-31-12-939
92.51,30.62,666.00,2.37,20-04-23-09-31-12-974
93.16,33.94,666.00,5.03,20-04-23-09-31-13-007
93.52,35.55,666.00,4.87,20-04-23-09-31-13-039
93.78,36.70,666.00,3.31,20-04-23-09-31-13-070
93.95,39.45,666.00,6.45,20-04-23-09-31-13-105
94.16,41.05,666.00,7.59,20-04-23-09-31-13-139
94.31,41.76,666.00,5.25,20-04-23-09-31-13-171
94.41,42.06,666.00,2.22,20-04-23-09-31-13-205
94.42,42.41,666.00,1.41,20-04-23-09-31-13-238
94.26,43.23,666.00,2.71,20-04-23-09-31-13-274
94.22,44.97,666.00,1.82,20-04-23-09-31-13-308
94.23,47.32,666.00,0.84,20-04-23-09-31-13-340
94.28,49.73,666.00,4.81,20-04-23-09-31-13-370
94.53,52.09,666.00,3.15,20-04-23-09-31-13-407
96.88,59.47,666.00,11.39,20-04-23-09-31-13-440
97.26,61.77,666.00,11.41,20-04-23-09-31-13-471
97.29,63.03,666.00,9.33,20-04-23-09-31-13-505
97.25,63.83,666.00,5.08,20-04-23-09-31-13-539
97.78,64.41,666.00,3.42,20-04-23-09-31-13-572
95.43,66.77,666.00,1.65,20-04-23-09-31-13-604
94.60,67.46,666.00,2.40,20-04-23-09-31-13-639
93.02,75.11,666.00,10.30,20-04-23-09-31-13-674
95.51,81.83,666.00,18.77,20-04-23-09-31-13-708
96.35,84.20,666.00,22.12,20-04-23-09-31-13-742
97.25,85.20,666.00,24.59,20-04-23-09-31-13-775
96.38,85.00,666.00,24.98,20-04-23-09-31-13-806
94.82,84.12,666.00,24.53,20-04-23-09-31-13-841
93.24,82.19,666.00,23.10,20-04-23-09-31-13-873
92.41,80.04,666.00,21.50,20-04-23-09-31-13-907
92.08,76.90,666.00,18.83,20-04-23-09-31-13-939
92.06,74.09,666.00,16.40,20-04-23-09-31-13-971
92.71,70.65,666.00,13.85,20-04-23-09-31-14-007
93.35,67.32,666.00,11.82,20-04-23-09-31-14-038
96.66,64.33,666.00,11.32,20-04-23-09-31-14-072
99.32,62.34,666.00,12.26,20-04-23-09-31-14-105
101.73,75.05,666.00,24.70,20-04-23-09-31-14-138
104.19,58.96,666.00,16.33,20-04-23-09-31-14-171
102.35,72.99,666.00,24.97,20-04-23-09-31-14-206
107.52,56.86,666.00,19.85,20-04-23-09-31-14-241
111.37,56.21,666.00,24.19,20-04-23-09-31-14-270
113.53,55.78,666.00,26.67,20-04-23-09-31-14-306
98.02,69.91,666.00,23.96,20-04-23-09-31-14-340
115.22,56.44,666.00,28.82,20-04-23-09-31-14-371
95.75,55.93,666.00,9.49,20-04-23-09-31-14-406
87.99,68.88,666.00,21.22,20-04-23-09-31-14-439
103.24,60.13,96.28,36.71,20-04-23-09-31-14-472
102.25,59.43,666.00,29.10,20-04-23-09-31-14-505
101.85,59.25,666.00,24.50,20-04-23-09-31-14-540
92.36,74.29,88.55,35.15,20-04-23-09-31-14-571
102.41,59.48,666.00,20.96,20-04-23-09-31-14-606
102.90,59.67,666.00,20.31,20-04-23-09-31-14-639
108.93,57.73,666.00,23.26,20-04-23-09-31-14-672
100.15,61.12,666.00,16.84,20-04-23-09-31-14-707
89.58,64.00,666.00,12.36,20-04-23-09-31-14-738
86.21,65.62,666.00,12.13,20-04-23-09-31-14-772
85.06,66.30,666.00,11.95,20-04-23-09-31-14-805
92.22,64.21,666.00,7.15,20-04-23-09-31-14-839
96.38,63.10,666.00,9.56,20-04-23-09-31-14-873
89.27,58.17,666.00,7.58,20-04-23-09-31-14-907
85.79,56.27,666.00,14.14,20-04-23-09-31-14-940
82.14,53.93,666.00,20.99,20-04-23-09-31-14-973
81.92,52.84,666.00,15.73,20-04-23-09-31-15-006
82.82,51.97,666.00,13.83,20-04-23-09-31-15-039
85.15,49.18,666.00,9.49,20-04-23-09-31-15-070
86.93,46.81,666.00,7.14,20-04-23-09-31-15-105
87.76,45.66,666.00,5.44,20-04-23-09-31-15-138
88.38,44.79,666.00,4.31,20-04-23-09-31-15-172
88.86,44.09,666.00,3.98,20-04-23-09-31-15-207
89.31,42.83,666.00,3.78,20-04-23-09-31-15-239
89.57,41.33,666.00,6.49,20-04-23-09-31-15-270
90.02,40.22,666.00,7.29,20-04-23-09-31-15-307
90.27,34.18,666.00,2.01,20-04-23-09-31-15-340
90.32,32.02,666.00,0.88,20-04-23-09-31-15-372
90.17,30.81,666.00,1.87,20-04-23-09-31-15-406
90.50,30.81,666.00,1.85,20-04-23-09-31-15-439
90.44,29.91,666.00,1.76,20-04-23-09-31-15-472
90.56,29.70,666.00,2.11,20-04-23-09-31-15-507
90.84,29.17,666.00,3.86,20-04-23-09-31-15-540
91.33,28.24,666.00,5.29,20-04-23-09-31-15-572
91.88,26.76,666.00,6.49,20-04-23-09-31-15-609
92.30,25.70,666.00,7.78,20-04-23-09-31-15-640
92.68,24.77,666.00,8.00,20-04-23-09-31-15-672
92.95,23.95,666.00,8.61,20-04-23-09-31-15-708
93.10,22.41,666.00,7.11,20-04-23-09-31-15-739
93.17,20.53,666.00,6.54,20-04-23-09-31-15-772
93.02,17.84,666.00,3.75,20-04-23-09-31-15-810
92.90,16.00,666.00,2.58,20-04-23-09-31-15-842
92.82,14.76,666.00,2.61,20-04-23-09-31-15-872
92.78,13.99,666.00,3.11,20-04-23-09-31-15-905
92.74,13.31,666.00,3.62,20-04-23-09-31-15-939
92.74,12.72,666.00,4.70,20-04-23-09-31-15-973
92.74,12.00,666.00,5.56,20-04-23-09-31-16-006
92.70,11.00,666.00,5.01,20-04-23-09-31-16-038
92.69,10.15,666.00,4.86,20-04-23-09-31-16-072
92.66,9.26,666.00,5.75,20-04-23-09-31-16-105
92.63,7.99,666.00,4.23,20-04-23-09-31-16-141
92.59,6.91,666.00,9.34,20-04-23-09-31-16-173
92.65,5.79,666.00,10.09,20-04-23-09-31-16-205
92.65,4.76,666.00,11.49,20-04-23-09-31-16-239
92.67,3.96,666.00,12.17,20-04-23-09-31-16-273
92.59,2.86,66.07,33.02,20-04-23-09-31-16-304
90.74,-5.61,666.00,23.79,20-04-23-09-31-16-339
89.80,-9.63,666.00,17.86,20-04-23-09-31-16-374
89.25,-11.70,666.00,11.03,20-04-23-09-31-16-406
88.88,-12.88,666.00,2.37,20-04-23-09-31-16-439
92.20,-11.71,666.00,3.21,20-04-23-09-31-16-472
94.51,-10.36,666.00,8.78,20-04-23-09-31-16-505
90.05,-19.84,666.00,15.28,20-04-23-09-31-16-540
87.58,-24.23,666.00,24.17,20-04-23-09-31-16-570
88.72,-18.52,666.00,13.81,20-04-23-09-31-16-605
87.75,-20.15,666.00,19.40,20-04-23-09-31-16-641
87.61,-19.59,666.00,20.20,20-04-23-09-31-16-673
87.51,-19.42,666.00,21.33,20-04-23-09-31-16-705
87.49,-19.07,666.00,21.78,20-04-23-09-31-16-740
87.57,-18.59,666.00,21.68,20-04-23-09-31-16-775
87.71,-18.01,666.00,20.82,20-04-23-09-31-16-804
87.76,-17.30,666.00,19.83,20-04-23-09-31-16-841
87.78,-16.69,666.00,18.94,20-04-23-09-31-16-873
87.80,-16.10,666.00,18.08,20-04-23-09-31-16-911
87.78,-15.65,666.00,17.39,20-04-23-09-31-16-940
87.75,-15.29,666.00,16.88,20-04-23-09-31-16-973
87.99,-14.62,666.00,15.80,20-04-23-09-31-17-007
87.29,-16.01,666.00,18.95,20-04-23-09-31-17-040
86.74,-17.06,666.00,21.41,20-04-23-09-31-17-073
86.30,-17.85,666.00,23.26,20-04-23-09-31-17-106
85.91,-18.47,666.00,24.68,20-04-23-09-31-17-140
87.05,-9.20,666.00,5.85,20-04-23-09-31-17-173
87.70,-5.55,666.00,1.33,20-04-23-09-31-17-205
85.87,-18.83,666.00,25.28,20-04-23-09-31-17-239
89.13,0.59,666.00,8.42,20-04-23-09-31-17-272
90.29,10.91,666.00,19.75,20-04-23-09-31-17-306
90.93,15.59,666.00,25.14,20-04-23-09-31-17-340
91.24,17.84,666.00,17.63,20-04-23-09-31-17-372
91.44,19.24,666.00,14.62,20-04-23-09-31-17-408
91.59,20.20,666.00,7.32,20-04-23-09-31-17-439
91.69,20.88,666.00,5.67,20-04-23-09-31-17-472
91.75,21.35,666.00,5.89,20-04-23-09-31-17-509
91.74,21.99,666.00,6.30,20-04-23-09-31-17-539
91.67,22.98,666.00,6.73,20-04-23-09-31-17-573
91.61,24.36,666.00,5.35,20-04-23-09-31-17-606
91.61,25.72,666.00,3.97,20-04-23-09-31-17-639
91.76,28.50,666.00,3.09,20-04-23-09-31-17-672
92.01,30.51,666.00,2.96,20-04-23-09-31-17-706
92.62,37.10,666.00,7.11,20-04-23-09-31-17-739
93.00,39.81,666.00,7.67,20-04-23-09-31-17-773
93.35,41.31,666.00,5.15,20-04-23-09-31-17-804
93.62,42.61,666.00,2.72,20-04-23-09-31-17-839
93.74,43.53,666.00,1.24,20-04-23-09-31-17-873
93.98,45.70,666.00,1.49,20-04-23-09-31-17-906
94.11,47.05,666.00,0.38,20-04-23-09-31-17-938
94.23,48.17,666.00,1.18,20-04-23-09-31-17-972
94.59,50.08,666.00,1.13,20-04-23-09-31-18-005
95.36,56.24,666.00,8.28,20-04-23-09-31-18-038
95.52,59.29,666.00,7.34,20-04-23-09-31-18-071
96.53,62.99,666.00,11.67,20-04-23-09-31-18-107
97.14,65.21,666.00,8.27,20-04-23-09-31-18-142
97.36,66.84,666.00,8.44,20-04-23-09-31-18-173
97.05,68.43,666.00,8.39,20-04-23-09-31-18-204
98.31,72.52,666.00,14.11,20-04-23-09-31-18-240
98.94,74.58,666.00,15.19,20-04-23-09-31-18-275
99.22,75.53,666.00,15.48,20-04-23-09-31-18-305
96.62,77.22,666.00,11.74,20-04-23-09-31-18-340
94.49,78.18,666.00,8.46,20-04-23-09-31-18-374
89.90,78.52,666.00,11.01,20-04-23-09-31-18-406
86.24,78.73,666.00,18.17,20-04-23-09-31-18-440
84.19,78.86,666.00,22.86,20-04-23-09-31-18-477
61.53,85.27,13.09,53.47,20-04-23-09-31-18-504
55.22,87.07,11.95,62.83,20-04-23-09-31-18-540
49.32,94.73,12.60,69.62,20-04-23-09-31-18-571
47.01,96.18,12.01,73.14,20-04-23-09-31-18-607
47.66,94.69,12.07,74.00,20-04-23-09-31-18-637
47.95,93.06,12.57,73.38,20-04-23-09-31-18-671
49.13,86.51,12.03,71.14,20-04-23-09-31-18-705
51.97,79.72,10.77,67.84,20-04-23-09-31-18-740
56.84,73.72,8.37,63.04,20-04-23-09-31-18-771
61.03,68.67,5.50,59.41,20-04-23-09-31-18-804
71.07,56.75,-11.13,55.58,20-04-23-09-31-18-839
79.92,53.46,-21.17,48.10,20-04-23-09-31-18-871
78.12,69.80,-5.25,43.81,20-04-23-09-31-18-906
79.27,68.89,-6.47,42.37,20-04-23-09-31-18-942
80.57,67.27,-7.90,40.85,20-04-23-09-31-18-970
90.12,50.32,-36.52,38.75,20-04-23-09-31-19-005
119.37,31.45,-138.33,45.50,20-04-23-09-31-19-040
123.24,58.69,666.00,17.74,20-04-23-09-31-19-073
120.47,72.30,666.00,23.77,20-04-23-09-31-19-106
100.25,80.18,66.10,36.89,20-04-23-09-31-19-140
116.54,79.84,80.89,36.32,20-04-23-09-31-19-172
114.56,80.67,72.12,67.69,20-04-23-09-31-19-205
63.19,33.57,-4.20,62.33,20-04-23-09-31-19-240
76.88,-55.45,97.19,133.15,20-04-23-09-31-19-272
67.09,-55.64,81.88,140.44,20-04-23-09-31-19-305
64.26,-52.74,73.70,140.13,20-04-23-09-31-19-340
56.24,-48.31,58.67,136.15,20-04-23-09-31-19-373
50.62,-44.97,49.13,132.64,20-04-23-09-31-19-407
47.31,-39.19,44.14,126.52,20-04-23-09-31-19-438
45.20,-34.36,41.03,121.56,20-04-23-09-31-19-475
44.02,-31.28,38.38,118.95,20-04-23-09-31-19-506
43.41,-29.11,36.91,117.09,20-04-23-09-31-19-539
80.17,52.75,666.00,27.38,20-04-23-09-31-19-571
94.28,65.38,666.00,1.43,20-04-23-09-31-19-605
97.82,68.61,666.00,12.89,20-04-23-09-31-19-638
96.52,62.03,666.00,5.12,20-04-23-09-31-19-670
97.11,60.83,666.00,5.78,20-04-23-09-31-19-705
97.14,58.76,666.00,5.78,20-04-23-09-31-19-739
96.74,53.98,666.00,6.63,20-04-23-09-31-19-775
96.43,51.75,666.00,7.47,20-04-23-09-31-19-805
94.41,48.21,666.00,6.95,20-04-23-09-31-19-840
93.84,46.98,666.00,6.24,20-04-23-09-31-19-874
93.45,46.36,666.00,5.63,20-04-23-09-31-19-907
93.29,46.00,666.00,4.76,20-04-23-09-31-19-939
93.22,45.48,666.00,3.93,20-04-23-09-31-19-976
93.33,45.24,666.00,3.20,20-04-23-09-31-20-005
93.63,45.14,666.00,3.38,20-04-23-09-31-20-040
93.69,40.41,666.00,4.72,20-04-23-09-31-20-072
93.55,39.24,666.00,3.99,20-04-23-09-31-20-105
93.35,39.41,666.00,3.97,20-04-23-09-31-20-140
93.11,39.07,666.00,3.77,20-04-23-09-31-20-172
92.98,38.74,666.00,3.53,20-04-23-09-31-20-206
92.86,38.05,666.00,3.00,20-04-23-09-31-20-241
92.94,36.54,666.00,2.54,20-04-23-09-31-20-276
92.99,35.47,666.00,2.17,20-04-23-09-31-20-306
93.02,34.33,666.00,2.62,20-04-23-09-31-20-341
93.07,33.07,666.00,4.02,20-04-23-09-31-20-372
93.25,31.42,666.00,2.90,20-04-23-09-31-20-404
93.47,30.03,666.00,3.74,20-04-23-09-31-20-439
93.66,28.79,666.00,4.67,20-04-23-09-31-20-472
93.85,27.63,666.00,6.45,20-04-23-09-31-20-507
94.07,26.61,666.00,7.58,20-04-23-09-31-20-540
94.22,25.71,666.00,8.35,20-04-23-09-31-20-571
94.32,24.64,666.00,8.32,20-04-23-09-31-20-605
94.52,19.46,666.00,4.43,20-04-23-09-31-20-639
94.43,17.66,666.00,4.89,20-04-23-09-31-20-672
94.31,16.75,666.00,4.64,20-04-23-09-31-20-707
94.18,16.14,666.00,4.08,20-04-23-09-31-20-738
94.06,15.62,666.00,3.43,20-04-23-09-31-20-773
93.91,15.09,666.00,2.90,20-04-23-09-31-20-814
93.75,14.49,666.00,2.50,20-04-23-09-31-20-840
93.59,14.06,666.00,2.17,20-04-23-09-31-20-872
93.47,13.54,666.00,2.73,20-04-23-09-31-20-906
93.24,13.50,666.00,3.10,20-04-23-09-31-20-939
93.02,13.33,666.00,3.18,20-04-23-09-31-20-972
92.81,13.05,666.00,2.94,20-04-23-09-31-21-006
92.62,12.83,666.00,2.88,20-04-23-09-31-21-038
92.45,12.59,666.00,7.38,20-04-23-09-31-21-072
92.28,12.18,666.00,8.31,20-04-23-09-31-21-107
92.08,11.63,666.00,9.23,20-04-23-09-31-21-141
91.92,11.19,666.00,9.65,20-04-23-09-31-21-172
91.72,10.09,666.00,20.87,20-04-23-09-31-21-207
91.59,9.24,666.00,25.80,20-04-23-09-31-21-243
91.48,8.62,666.00,26.85,20-04-23-09-31-21-274
91.36,8.02,666.00,28.43,20-04-23-09-31-21-309
91.24,7.45,666.00,28.63,20-04-23-09-31-21-342
91.14,7.04,666.00,22.52,20-04-23-09-31-21-374
91.04,6.64,666.00,17.76,20-04-23-09-31-21-408
90.93,5.95,666.00,14.53,20-04-23-09-31-21-440
90.82,4.06,666.00,10.23,20-04-23-09-31-21-471
89.91,0.03,666.00,8.80,20-04-23-09-31-21-506
89.43,-1.97,666.00,12.24,20-04-23-09-31-21-542
89.17,-3.04,666.00,13.12,20-04-23-09-31-21-570
88.87,-3.10,666.00,12.29,20-04-23-09-31-21-605
88.76,-2.38,666.00,10.98,20-04-23-09-31-21-638
88.85,-0.98,666.00,8.77,20-04-23-09-31-21-673
89.06,0.81,666.00,7.04,20-04-23-09-31-21-706
89.01,1.77,666.00,6.98,20-04-23-09-31-21-740
89.00,2.74,666.00,6.81,20-04-23-09-31-21-772
89.02,3.93,666.00,6.78,20-04-23-09-31-21-807
89.02,4.80,666.00,6.82,20-04-23-09-31-21-839
88.97,6.59,666.00,7.83,20-04-23-09-31-21-872
88.94,7.93,666.00,7.78,20-04-23-09-31-21-904
88.96,8.95,666.00,7.71,20-04-23-09-31-21-939
89.02,10.02,666.00,7.70,20-04-23-09-31-21-973
89.11,11.04,666.00,6.80,20-04-23-09-31-22-012
89.26,12.09,666.00,5.32,20-04-23-09-31-22-038
89.44,13.03,666.00,4.12,20-04-23-09-31-22-075
89.69,14.18,666.00,3.17,20-04-23-09-31-22-105
89.95,15.28,666.00,2.52,20-04-23-09-31-22-138
90.24,16.54,666.00,2.32,20-04-23-09-31-22-173
90.54,17.99,666.00,2.53,20-04-23-09-31-22-206
90.85,19.49,666.00,2.59,20-04-23-09-31-22-238
91.16,21.00,666.00,2.85,20-04-23-09-31-22-276
91.95,26.56,666.00,4.58,20-04-23-09-31-22-306
92.38,29.14,666.00,6.33,20-04-23-09-31-22-340
92.65,30.93,666.00,7.48,20-04-23-09-31-22-371
92.85,32.29,666.00,7.60,20-04-23-09-31-22-406
93.76,37.17,666.00,14.48,20-04-23-09-31-22-438
94.04,39.03,666.00,13.91,20-04-23-09-31-22-472
94.07,40.46,666.00,12.79,20-04-23-09-31-22-506
93.90,41.55,666.00,10.73,20-04-23-09-31-22-539
93.62,42.62,666.00,8.75,20-04-23-09-31-22-571
93.51,43.82,666.00,7.20,20-04-23-09-31-22-606
93.13,46.68,666.00,8.67,20-04-23-09-31-22-640
93.03,47.98,666.00,7.29,20-04-23-09-31-22-670
93.23,50.09,666.00,7.99,20-04-23-09-31-22-708
93.98,54.19,666.00,13.96,20-04-23-09-31-22-739
94.27,57.57,666.00,12.45,20-04-23-09-31-22-770
94.38,58.82,666.00,11.25,20-04-23-09-31-22-805
95.48,59.63,666.00,13.13,20-04-23-09-31-22-840
95.39,61.81,666.00,9.94,20-04-23-09-31-22-871
93.62,63.95,666.00,11.67,20-04-23-09-31-22-906
93.40,64.54,666.00,11.07,20-04-23-09-31-22-939
93.62,65.13,666.00,8.56,20-04-23-09-31-22-972
94.09,67.83,666.00,10.03,20-04-23-09-31-23-004
94.41,69.69,666.00,10.15,20-04-23-09-31-23-039
94.24,70.59,666.00,9.06,20-04-23-09-31-23-073
94.14,71.18,666.00,2.85,20-04-23-09-31-23-107
94.12,71.49,666.00,1.62,20-04-23-09-31-23-139
93.69,71.87,666.00,3.11,20-04-23-09-31-23-174
93.48,71.73,666.00,4.18,20-04-23-09-31-23-207
93.14,71.35,666.00,5.21,20-04-23-09-31-23-239
93.45,70.84,666.00,4.95,20-04-23-09-31-23-271
93.24,70.35,666.00,4.94,20-04-23-09-31-23-309
93.23,69.76,666.00,5.12,20-04-23-09-31-23-337
93.28,69.06,666.00,12.41,20-04-23-09-31-23-372
93.38,68.37,666.00,14.76,20-04-23-09-31-23-408
91.83,67.95,666.00,15.55,20-04-23-09-31-23-438
88.67,67.94,666.00,14.67,20-04-23-09-31-23-470
84.46,67.64,666.00,15.12,20-04-23-09-31-23-506
80.48,67.12,666.00,17.32,20-04-23-09-31-23-540
77.91,66.37,666.00,19.31,20-04-23-09-31-23-573
77.24,65.03,666.00,20.65,20-04-23-09-31-23-607
77.87,63.07,666.00,21.66,20-04-23-09-31-23-639
77.16,59.22,666.00,25.04,20-04-23-09-31-23-672
89.81,73.05,666.00,6.44,20-04-23-09-31-23-706
89.63,49.49,666.00,29.11,20-04-23-09-31-23-739
91.84,70.57,666.00,8.29,20-04-23-09-31-23-772
94.37,72.34,666.00,11.43,20-04-23-09-31-23-804
96.97,72.54,666.00,16.07,20-04-23-09-31-23-839
82.88,67.28,666.00,9.29,20-04-23-09-31-23-873
83.08,74.14,666.00,6.84,20-04-23-09-31-23-904
88.54,76.65,666.00,8.53,20-04-23-09-31-23-938
89.47,74.21,666.00,7.31,20-04-23-09-31-23-972
87.73,70.72,666.00,2.63,20-04-23-09-31-24-007
81.68,73.62,666.00,22.18,20-04-23-09-31-24-039
77.61,51.98,666.00,23.65,20-04-23-09-31-24-073
70.98,30.64,-36.44,46.75,20-04-23-09-31-24-105
54.88,15.60,1.00,69.81,20-04-23-09-31-24-138
47.51,17.08,6.73,73.92,20-04-23-09-31-24-171
46.97,18.15,6.22,74.62,20-04-23-09-31-24-207
45.30,21.03,5.15,74.32,20-04-23-09-31-24-238
11.37,-17.85,16.48,101.90,20-04-23-09-31-24-273
21.17,-31.20,20.09,106.99,20-04-23-09-31-24-305
27.02,-32.91,22.84,108.74,20-04-23-09-31-24-339
30.33,-32.45,24.47,108.85,20-04-23-09-31-24-372
33.09,-31.79,25.88,108.50,20-04-23-09-31-24-408
78.28,52.60,666.00,26.71,20-04-23-09-31-24-441
43.25,-13.46,25.06,83.05,20-04-23-09-31-24-472
44.45,-13.10,24.56,82.62,20-04-23-09-31-24-509
44.17,-24.16,30.52,94.22,20-04-23-09-31-24-539
43.97,-30.50,33.37,100.91,20-04-23-09-31-24-571
43.84,-33.04,34.35,103.72,20-04-23-09-31-24-606
81.81,45.24,666.00,17.11,20-04-23-09-31-24-638
86.99,49.53,666.00,11.06,20-04-23-09-31-24-670
91.41,53.65,666.00,5.49,20-04-23-09-31-24-707
91.90,54.03,666.00,8.90,20-04-23-09-31-24-739
93.75,53.40,666.00,10.49,20-04-23-09-31-24-772
93.86,48.78,666.00,6.84,20-04-23-09-31-24-807
92.54,44.89,666.00,8.30,20-04-23-09-31-24-837
91.66,42.16,666.00,7.33,20-04-23-09-31-24-871
90.60,39.70,666.00,5.33,20-04-23-09-31-24-905
89.55,35.97,666.00,3.16,20-04-23-09-31-24-939
89.37,34.94,666.00,2.41,20-04-23-09-31-24-976
89.82,34.94,666.00,2.51,20-04-23-09-31-25-004
89.86,34.73,666.00,2.54,20-04-23-09-31-25-039
89.86,34.49,666.00,3.31,20-04-23-09-31-25-072
90.07,34.37,666.00,7.99,20-04-23-09-31-25-104
90.40,33.96,666.00,9.85,20-04-23-09-31-25-140
91.16,32.23,666.00,9.79,20-04-23-09-31-25-173
91.78,30.60,666.00,10.66,20-04-23-09-31-25-205
92.32,29.22,666.00,10.89,20-04-23-09-31-25-238
92.93,28.00,666.00,12.31,20-04-23-09-31-25-272
93.64,26.30,666.00,13.29,20-04-23-09-31-25-309
94.05,24.83,666.00,13.83,20-04-23-09-31-25-338
93.59,21.11,666.00,9.95,20-04-23-09-31-25-371
91.89,14.34,666.00,4.70,20-04-23-09-31-25-405
91.35,12.18,666.00,5.73,20-04-23-09-31-25-438
91.21,11.26,666.00,3.97,20-04-23-09-31-25-473
91.17,10.68,666.00,2.28,20-04-23-09-31-25-506
91.25,10.08,666.00,2.51,20-04-23-09-31-25-537
91.39,9.56,666.00,4.85,20-04-23-09-31-25-570
91.61,8.77,666.00,6.35,20-04-23-09-31-25-607
91.87,7.99,666.00,6.72,20-04-23-09-31-25-638
92.14,7.20,666.00,6.80,20-04-23-09-31-25-671
92.39,6.28,666.00,9.40,20-04-23-09-31-25-704
92.62,5.28,666.00,9.52,20-04-23-09-31-25-739
92.80,4.45,666.00,9.66,20-04-23-09-31-25-778
92.94,3.33,666.00,24.11,20-04-23-09-31-25-804
93.02,2.56,666.00,23.58,20-04-23-09-31-25-838
93.03,1.65,666.00,23.63,20-04-23-09-31-25-870
93.00,0.92,666.00,23.31,20-04-23-09-31-25-904
92.94,-0.86,666.00,20.77,20-04-23-09-31-25-939
92.79,-1.84,666.00,19.22,20-04-23-09-31-25-972
92.64,-3.41,666.00,16.38,20-04-23-09-31-26-005
92.51,-4.35,666.00,15.94,20-04-23-09-31-26-040
92.36,-4.71,666.00,25.74,20-04-23-09-31-26-072
92.19,-4.80,666.00,24.84,20-04-23-09-31-26-105
92.03,-4.78,666.00,22.98,20-04-23-09-31-26-139
91.88,-4.63,666.00,21.47,20-04-23-09-31-26-170
91.71,-4.47,666.00,20.91,20-04-23-09-31-26-206
91.53,-4.20,666.00,20.54,20-04-23-09-31-26-242
91.35,-3.91,666.00,21.51,20-04-23-09-31-26-276
91.17,-3.65,666.00,20.86,20-04-23-09-31-26-305
91.00,-3.35,666.00,20.76,20-04-23-09-31-26-340
90.83,-3.07,666.00,20.67,20-04-23-09-31-26-373
90.65,-2.77,666.00,20.61,20-04-23-09-31-26-407
90.43,-2.50,666.00,20.79,20-04-23-09-31-26-438
90.18,-2.25,666.00,21.26,20-04-23-09-31-26-472
89.96,-1.97,666.00,21.73,20-04-23-09-31-26-506
89.74,-1.74,666.00,22.11,20-04-23-09-31-26-538
89.54,-1.54,666.00,22.24,20-04-23-09-31-26-571
89.37,-1.35,666.00,17.66,20-04-23-09-31-26-607
89.27,-0.52,666.00,12.09,20-04-23-09-31-26-638
89.29,0.74,666.00,11.27,20-04-23-09-31-26-670
89.46,2.52,666.00,9.82,20-04-23-09-31-26-708
89.65,4.38,666.00,10.01,20-04-23-09-31-26-740
89.73,5.77,666.00,9.86,20-04-23-09-31-26-772
89.89,7.46,666.00,9.23,20-04-23-09-31-26-807
89.97,8.79,666.00,9.14,20-04-23-09-31-26-838
90.07,10.08,666.00,9.87,20-04-23-09-31-26-873
90.17,11.04,666.00,8.88,20-04-23-09-31-26-909
90.35,11.83,666.00,8.65,20-04-23-09-31-26-943
90.50,12.79,666.00,8.76,20-04-23-09-31-26-976
90.57,14.02,666.00,8.58,20-04-23-09-31-27-006
91.44,19.00,666.00,12.95,20-04-23-09-31-27-039
91.68,20.84,666.00,12.64,20-04-23-09-31-27-072
91.83,22.39,666.00,12.69,20-04-23-09-31-27-107
91.97,23.59,666.00,12.15,20-04-23-09-31-27-138
92.14,24.98,666.00,11.15,20-04-23-09-31-27-174
92.22,26.04,666.00,10.14,20-04-23-09-31-27-207
92.22,27.35,666.00,9.33,20-04-23-09-31-27-238
92.25,29.15,666.00,8.72,20-04-23-09-31-27-271
93.69,36.67,666.00,16.71,20-04-23-09-31-27-308
94.39,40.17,666.00,18.30,20-04-23-09-31-27-339
95.00,42.58,666.00,16.32,20-04-23-09-31-27-372
95.50,44.47,666.00,16.29,20-04-23-09-31-27-407
95.87,45.99,666.00,15.71,20-04-23-09-31-27-442
96.24,47.49,666.00,15.38,20-04-23-09-31-27-472
96.49,48.70,666.00,14.36,20-04-23-09-31-27-508
96.41,51.08,666.00,16.22,20-04-23-09-31-27-537
96.40,52.77,666.00,14.41,20-04-23-09-31-27-573
98.07,56.34,666.00,19.97,20-04-23-09-31-27-606
97.07,57.33,666.00,17.63,20-04-23-09-31-27-640
95.99,58.15,666.00,16.13,20-04-23-09-31-27-673
94.85,59.26,666.00,14.82,20-04-23-09-31-27-706
93.72,59.38,666.00,12.42,20-04-23-09-31-27-739
93.12,59.68,666.00,8.55,20-04-23-09-31-27-772
94.43,65.50,666.00,16.17,20-04-23-09-31-27-808
93.59,67.97,666.00,14.48,20-04-23-09-31-27-840
94.30,70.00,666.00,15.30,20-04-23-09-31-27-872
89.85,72.09,666.00,14.75,20-04-23-09-31-27-906
87.51,74.17,666.00,16.98,20-04-23-09-31-27-942
90.05,74.75,666.00,16.57,20-04-23-09-31-27-975
89.79,73.40,666.00,13.59,20-04-23-09-31-28-005
89.47,71.81,666.00,12.00,20-04-23-09-31-28-040
89.52,70.83,666.00,7.81,20-04-23-09-31-28-070
89.68,69.90,666.00,6.45,20-04-23-09-31-28-104
89.99,69.03,666.00,5.40,20-04-23-09-31-28-141
87.80,68.38,666.00,11.97,20-04-23-09-31-28-172
86.02,67.88,666.00,16.67,20-04-23-09-31-28-205
84.99,68.12,666.00,18.18,20-04-23-09-31-28-241
79.23,69.70,666.00,24.55,20-04-23-09-31-28-271
75.92,69.58,666.00,28.99,20-04-23-09-31-28-308
95.16,79.92,666.00,9.85,20-04-23-09-31-28-348
94.72,77.22,666.00,10.81,20-04-23-09-31-28-371
94.90,79.20,666.00,12.73,20-04-23-09-31-28-407
92.73,78.79,666.00,17.17,20-04-23-09-31-28-440
79.22,62.32,666.00,24.85,20-04-23-09-31-28-473
90.50,56.96,666.00,26.29,20-04-23-09-31-28-505
96.84,54.77,-118.38,33.87,20-04-23-09-31-28-538
103.05,63.77,-151.85,31.12,20-04-23-09-31-28-573
96.04,71.68,666.00,18.06,20-04-23-09-31-28-605
97.69,74.12,666.00,18.56,20-04-23-09-31-28-640
98.92,75.87,666.00,19.02,20-04-23-09-31-28-672
103.44,75.72,666.00,26.57,20-04-23-09-31-28-705
106.81,75.30,-175.44,32.05,20-04-23-09-31-28-740
107.85,75.68,-176.90,32.82,20-04-23-09-31-28-772
108.43,76.06,178.88,32.41,20-04-23-09-31-28-807
109.66,76.53,175.47,33.48,20-04-23-09-31-28-838
111.12,77.06,172.62,36.29,20-04-23-09-31-28-872
112.84,77.43,170.73,39.08,20-04-23-09-31-28-907
114.27,78.68,167.09,41.83,20-04-23-09-31-28-940
116.41,79.17,165.02,44.58,20-04-23-09-31-28-973
117.96,79.35,161.55,49.10,20-04-23-09-31-29-007
121.24,78.99,157.35,52.52,20-04-23-09-31-29-038
123.19,76.69,157.91,55.67,20-04-23-09-31-29-070
127.40,76.41,158.06,61.82,20-04-23-09-31-29-103
128.30,74.88,158.62,63.52,20-04-23-09-31-29-139
129.78,74.14,158.96,65.65,20-04-23-09-31-29-173
130.23,76.64,158.37,66.90,20-04-23-09-31-29-207
77.81,88.58,61.17,38.79,20-04-23-09-31-29-238
54.56,95.37,39.65,72.72,20-04-23-09-31-29-272
49.52,98.18,37.12,83.83,20-04-23-09-31-29-305
49.91,99.46,38.67,86.94,20-04-23-09-31-29-338
50.28,100.06,41.44,89.10,20-04-23-09-31-29-372
52.05,99.46,43.79,88.04,20-04-23-09-31-29-410
55.43,95.86,47.35,84.05,20-04-23-09-31-29-438
64.91,89.15,53.92,70.80,20-04-23-09-31-29-472
108.68,55.68,164.42,30.42,20-04-23-09-31-29-505
102.85,47.97,666.00,24.16,20-04-23-09-31-29-539
103.36,45.02,666.00,26.71,20-04-23-09-31-29-571
101.20,43.90,666.00,23.72,20-04-23-09-31-29-607
100.57,42.63,666.00,23.17,20-04-23-09-31-29-640
95.63,41.78,666.00,16.13,20-04-23-09-31-29-671
94.57,41.46,666.00,12.74,20-04-23-09-31-29-705
93.33,40.61,666.00,9.03,20-04-23-09-31-29-739
92.34,40.06,666.00,5.97,20-04-23-09-31-29-771
91.96,39.71,666.00,4.28,20-04-23-09-31-29-810
91.36,38.92,666.00,3.33,20-04-23-09-31-29-840
91.57,38.25,666.00,3.19,20-04-23-09-31-29-870
91.55,36.83,666.00,3.19,20-04-23-09-31-29-906
91.51,35.62,666.00,2.62,20-04-23-09-31-29-940
91.37,34.29,666.00,2.55,20-04-23-09-31-29-974
91.06,33.65,666.00,4.59,20-04-23-09-31-30-006
90.87,33.30,666.00,5.99,20-04-23-09-31-30-041
90.68,31.09,666.00,3.49,20-04-23-09-31-30-075
90.61,30.44,666.00,2.83,20-04-23-09-31-30-106
90.70,30.59,666.00,3.52,20-04-23-09-31-30-140
90.81,30.45,666.00,4.82,20-04-23-09-31-30-171
90.91,30.23,666.00,8.78,20-04-23-09-31-30-206
91.11,29.94,666.00,10.31,20-04-23-09-31-30-239
91.32,29.75,666.00,11.99,20-04-23-09-31-30-271
91.82,28.46,666.00,11.78,20-04-23-09-31-30-306
92.20,27.35,666.00,11.76,20-04-23-09-31-30-338
92.42,26.53,666.00,12.82,20-04-23-09-31-30-373
92.56,25.68,666.00,12.81,20-04-23-09-31-30-405
92.60,24.32,666.00,11.88,20-04-23-09-31-30-442
92.56,23.23,666.00,10.98,20-04-23-09-31-30-472
91.55,15.54,666.00,1.52,20-04-23-09-31-30-506
91.50,13.94,666.00,2.64,20-04-23-09-31-30-539
91.48,12.86,666.00,3.01,20-04-23-09-31-30-573
91.41,12.24,666.00,3.00,20-04-23-09-31-30-604
91.23,10.88,666.00,4.61,20-04-23-09-31-30-635
91.12,10.37,666.00,4.48,20-04-23-09-31-30-672
91.07,10.22,666.00,3.88,20-04-23-09-31-30-707
91.07,10.24,666.00,3.05,20-04-23-09-31-30-740
91.04,10.31,666.00,2.42,20-04-23-09-31-30-772
91.01,10.40,666.00,2.50,20-04-23-09-31-30-807
90.97,10.51,666.00,3.46,20-04-23-09-31-30-838
90.90,10.53,666.00,4.46,20-04-23-09-31-30-874
90.81,10.42,666.00,5.45,20-04-23-09-31-30-907
90.68,10.04,666.00,5.80,20-04-23-09-31-30-939
90.55,9.62,666.00,10.59,20-04-23-09-31-30-978
90.40,8.92,666.00,13.23,20-04-23-09-31-31-007
90.24,8.28,666.00,21.98,20-04-23-09-31-31-038
90.05,7.80,666.00,23.50,20-04-23-09-31-31-071
89.88,7.40,666.00,23.66,20-04-23-09-31-31-107
89.69,7.05,666.00,23.18,20-04-23-09-31-31-141
89.48,6.72,666.00,22.60,20-04-23-09-31-31-172
89.25,6.37,666.00,21.51,20-04-23-09-31-31-206
89.02,5.99,666.00,20.26,20-04-23-09-31-31-240
88.81,5.69,666.00,19.29,20-04-23-09-31-31-273
88.64,5.50,666.00,18.40,20-04-23-09-31-31-307
88.48,5.35,666.00,17.51,20-04-23-09-31-31-339
88.34,5.27,666.00,16.72,20-04-23-09-31-31-371
88.23,5.24,666.00,15.98,20-04-23-09-31-31-407
88.14,5.27,666.00,15.31,20-04-23-09-31-31-438
88.06,5.31,666.00,14.64,20-04-23-09-31-31-472
87.99,5.37,666.00,13.72,20-04-23-09-31-31-507
87.94,5.53,666.00,12.42,20-04-23-09-31-31-539
87.93,5.95,666.00,10.50,20-04-23-09-31-31-571
87.95,6.55,666.00,8.81,20-04-23-09-31-31-609
88.04,7.56,666.00,7.99,20-04-23-09-31-31-642
88.20,8.72,666.00,6.96,20-04-23-09-31-31-672
88.44,9.77,666.00,5.18,20-04-23-09-31-31-705
88.76,11.16,666.00,3.43,20-04-23-09-31-31-739
89.20,12.96,666.00,2.89,20-04-23-09-31-31-772
89.60,14.69,666.00,2.86,20-04-23-09-31-31-805
89.98,16.37,666.00,2.53,20-04-23-09-31-31-839
90.45,18.96,666.00,2.57,20-04-23-09-31-31-872
91.68,23.77,666.00,8.46,20-04-23-09-31-31-905
92.26,25.87,666.00,8.36,20-04-23-09-31-31-940
92.52,26.85,666.00,6.39,20-04-23-09-31-31-971
92.54,28.35,666.00,6.62,20-04-23-09-31-32-004
92.33,30.42,666.00,5.83,20-04-23-09-31-32-039
92.05,32.45,666.00,5.31,20-04-23-09-31-32-073
91.65,34.51,666.00,4.46,20-04-23-09-31-32-104
91.24,36.91,666.00,4.29,20-04-23-09-31-32-140
91.00,38.73,666.00,3.81,20-04-23-09-31-32-175
93.44,46.20,666.00,15.34,20-04-23-09-31-32-206
96.10,50.90,666.00,17.41,20-04-23-09-31-32-240
97.31,52.76,666.00,18.27,20-04-23-09-31-32-279
95.52,52.12,666.00,13.52,20-04-23-09-31-32-307
94.92,53.19,666.00,11.07,20-04-23-09-31-32-342
94.67,53.34,666.00,9.46,20-04-23-09-31-32-373
94.48,54.35,666.00,8.49,20-04-23-09-31-32-406
94.37,54.56,666.00,6.87,20-04-23-09-31-32-441
94.26,54.73,666.00,5.25,20-04-23-09-31-32-472
94.22,55.39,666.00,4.30,20-04-23-09-31-32-506
95.86,61.11,666.00,12.84,20-04-23-09-31-32-541
96.90,64.34,666.00,14.88,20-04-23-09-31-32-571
97.07,66.66,666.00,10.74,20-04-23-09-31-32-604
96.95,68.20,666.00,9.57,20-04-23-09-31-32-645
96.99,70.63,666.00,11.44,20-04-23-09-31-32-669
96.63,71.99,666.00,12.50,20-04-23-09-31-32-704
94.84,72.72,666.00,10.55,20-04-23-09-31-32-740
92.27,73.79,666.00,5.62,20-04-23-09-31-32-772
80.10,75.55,666.00,25.44,20-04-23-09-31-32-805
78.40,75.55,666.00,28.61,20-04-23-09-31-32-838
77.85,75.31,666.00,29.72,20-04-23-09-31-32-873
78.02,75.13,666.00,29.42,20-04-23-09-31-32-907
75.89,74.63,10.73,31.27,20-04-23-09-31-32-939
74.30,73.00,8.46,32.22,20-04-23-09-31-32-971
72.99,71.99,7.64,33.06,20-04-23-09-31-33-007
70.24,71.59,8.55,34.98,20-04-23-09-31-33-041
68.04,71.39,9.84,36.26,20-04-23-09-31-33-073
93.09,77.27,666.00,12.51,20-04-23-09-31-33-106
64.47,71.93,14.34,36.92,20-04-23-09-31-33-140
86.89,50.78,666.00,23.38,20-04-23-09-31-33-171
68.81,50.47,-17.93,36.15,20-04-23-09-31-33-206
71.96,36.50,-36.25,47.82,20-04-23-09-31-33-240
75.17,42.34,-57.71,51.82,20-04-23-09-31-33-270
82.78,43.21,-76.70,49.97,20-04-23-09-31-33-306
88.28,46.42,-90.02,49.77,20-04-23-09-31-33-339
90.75,46.64,-95.71,51.33,20-04-23-09-31-33-373
86.80,56.89,-84.60,36.55,20-04-23-09-31-33-406
99.57,74.18,666.00,7.02,20-04-23-09-31-33-439
72.36,81.68,666.00,28.28,20-04-23-09-31-33-472
95.04,80.41,666.00,9.49,20-04-23-09-31-33-508
93.95,81.53,666.00,13.02,20-04-23-09-31-33-540
68.33,88.28,31.10,38.36,20-04-23-09-31-33-572
57.02,70.68,4.34,51.22,20-04-23-09-31-33-608
52.57,58.25,-2.09,61.65,20-04-23-09-31-33-639
52.97,55.75,-2.45,63.01,20-04-23-09-31-33-674
54.81,55.65,-2.94,60.69,20-04-23-09-31-33-707
57.66,56.77,-0.24,48.98,20-04-23-09-31-33-740
60.58,58.45,0.86,44.36,20-04-23-09-31-33-772
63.36,59.36,3.66,41.43,20-04-23-09-31-33-808
65.49,60.21,5.88,39.54,20-04-23-09-31-33-838
67.03,63.92,14.00,38.53,20-04-23-09-31-33-871
93.99,59.98,666.00,8.28,20-04-23-09-31-33-906
107.73,57.70,179.09,32.84,20-04-23-09-31-33-939
95.78,56.90,666.00,13.52,20-04-23-09-31-33-970
93.97,56.15,666.00,23.21,20-04-23-09-31-34-008
92.56,56.00,666.00,22.37,20-04-23-09-31-34-040
91.54,55.72,666.00,22.14,20-04-23-09-31-34-073
90.22,53.87,666.00,15.80,20-04-23-09-31-34-106
92.15,50.93,666.00,13.39,20-04-23-09-31-34-138
91.17,47.16,666.00,5.94,20-04-23-09-31-34-172
91.05,45.66,666.00,3.72,20-04-23-09-31-34-207
91.00,43.57,666.00,2.95,20-04-23-09-31-34-238
91.41,40.65,666.00,7.27,20-04-23-09-31-34-277
91.81,39.31,666.00,10.23,20-04-23-09-31-34-307
91.57,37.48,666.00,9.10,20-04-23-09-31-34-339
91.31,36.85,666.00,7.99,20-04-23-09-31-34-370
92.74,36.20,666.00,8.32,20-04-23-09-31-34-406
93.63,36.44,666.00,8.50,20-04-23-09-31-34-439
94.18,36.84,666.00,9.25,20-04-23-09-31-34-471
94.54,37.05,666.00,10.63,20-04-23-09-31-34-506
94.78,37.34,666.00,12.42,20-04-23-09-31-34-539
94.93,37.69,666.00,14.16,20-04-23-09-31-34-572
92.27,31.16,666.00,8.17,20-04-23-09-31-34-604
91.27,29.00,666.00,6.53,20-04-23-09-31-34-638
90.79,27.97,666.00,7.38,20-04-23-09-31-34-671
90.54,27.35,666.00,8.40,20-04-23-09-31-34-708
90.88,26.41,666.00,8.80,20-04-23-09-31-34-740
91.32,25.65,666.00,9.57,20-04-23-09-31-34-773
91.75,25.11,666.00,10.74,20-04-23-09-31-34-804
92.01,24.66,666.00,12.40,20-04-23-09-31-34-840
91.43,17.87,666.00,5.27,20-04-23-09-31-34-873
92.13,16.62,666.00,6.08,20-04-23-09-31-34-906
91.80,13.28,666.00,5.77,20-04-23-09-31-34-937
91.64,12.09,666.00,5.61,20-04-23-09-31-34-973
91.53,11.50,666.00,5.13,20-04-23-09-31-35-006
91.46,11.14,666.00,4.72,20-04-23-09-31-35-039
91.41,10.93,666.00,4.50,20-04-23-09-31-35-074
91.33,10.73,666.00,4.50,20-04-23-09-31-35-104
91.25,10.56,666.00,4.80,20-04-23-09-31-35-139
91.17,10.18,666.00,5.41,20-04-23-09-31-35-173
91.08,9.79,666.00,6.71,20-04-23-09-31-35-206
91.01,9.45,666.00,7.77,20-04-23-09-31-35-242
90.92,8.89,666.00,8.12,20-04-23-09-31-35-272
90.85,8.36,666.00,8.36,20-04-23-09-31-35-306
90.79,7.82,666.00,8.75,20-04-23-09-31-35-340
90.70,7.05,666.00,8.30,20-04-23-09-31-35-371
90.62,6.42,666.00,8.04,20-04-23-09-31-35-406
90.53,5.84,666.00,7.89,20-04-23-09-31-35-439
90.38,5.13,666.00,24.44,20-04-23-09-31-35-469
90.24,4.61,666.00,21.86,20-04-23-09-31-35-505
90.10,4.06,666.00,21.87,20-04-23-09-31-35-540
89.96,3.64,666.00,22.21,20-04-23-09-31-35-571
89.82,3.38,666.00,22.13,20-04-23-09-31-35-605
89.69,3.22,666.00,19.29,20-04-23-09-31-35-637
89.58,3.11,666.00,17.21,20-04-23-09-31-35-671
89.46,3.08,666.00,15.84,20-04-23-09-31-35-706
89.36,3.08,666.00,15.59,20-04-23-09-31-35-738
89.28,3.12,666.00,14.81,20-04-23-09-31-35-772
89.21,3.16,666.00,9.86,20-04-23-09-31-35-806
89.14,3.31,666.00,8.23,20-04-23-09-31-35-841
88.89,3.73,666.00,7.43,20-04-23-09-31-35-871
88.72,4.23,666.00,7.00,20-04-23-09-31-35-911
88.35,5.10,666.00,6.41,20-04-23-09-31-35-939
88.03,6.18,666.00,5.89,20-04-23-09-31-35-972
87.89,7.36,666.00,5.89,20-04-23-09-31-36-005
87.81,8.47,666.00,5.62,20-04-23-09-31-36-040
87.77,9.65,666.00,5.24,20-04-23-09-31-36-072
87.75,10.94,666.00,4.79,20-04-23-09-31-36-105
87.79,12.37,666.00,3.95,20-04-23-09-31-36-140
87.84,13.72,666.00,3.18,20-04-23-09-31-36-171
87.91,15.14,666.00,2.59,20-04-23-09-31-36-207
87.96,16.25,666.00,2.48,20-04-23-09-31-36-239
88.01,17.21,666.00,2.32,20-04-23-09-31-36-274
88.06,18.18,666.00,2.29,20-04-23-09-31-36-306
88.63,22.52,666.00,8.03,20-04-23-09-31-36-339
88.75,24.33,666.00,7.78,20-04-23-09-31-36-370
88.87,25.73,666.00,7.81,20-04-23-09-31-36-406
88.92,26.74,666.00,8.19,20-04-23-09-31-36-441
88.96,27.35,666.00,7.70,20-04-23-09-31-36-473
89.01,27.74,666.00,6.03,20-04-23-09-31-36-507
89.08,28.04,666.00,1.25,20-04-23-09-31-36-540
89.27,28.02,666.00,4.32,20-04-23-09-31-36-574
89.41,28.46,666.00,5.14,20-04-23-09-31-36-610
89.68,29.73,666.00,4.26,20-04-23-09-31-36-639
89.95,31.55,666.00,3.14,20-04-23-09-31-36-671
90.19,33.76,666.00,1.74,20-04-23-09-31-36-707
90.36,35.81,666.00,1.99,20-04-23-09-31-36-738
90.57,37.45,666.00,0.82,20-04-23-09-31-36-772
92.47,45.11,666.00,10.87,20-04-23-09-31-36-804
93.78,49.82,666.00,17.16,20-04-23-09-31-36-839
94.87,52.96,666.00,20.03,20-04-23-09-31-36-872
95.66,55.14,666.00,19.67,20-04-23-09-31-36-906
96.01,56.38,666.00,19.05,20-04-23-09-31-36-941
96.51,57.43,666.00,14.58,20-04-23-09-31-36-972
97.05,58.20,666.00,13.55,20-04-23-09-31-37-005
97.83,57.53,666.00,12.67,20-04-23-09-31-37-038
98.05,57.44,666.00,11.95,20-04-23-09-31-37-071
96.06,60.25,666.00,10.02,20-04-23-09-31-37-105
91.94,64.64,666.00,9.57,20-04-23-09-31-37-144
89.15,67.96,666.00,12.33,20-04-23-09-31-37-172
88.68,68.52,666.00,11.00,20-04-23-09-31-37-206
86.07,70.97,666.00,16.93,20-04-23-09-31-37-240
84.68,71.43,666.00,19.47,20-04-23-09-31-37-272
87.06,74.12,666.00,15.03,20-04-23-09-31-37-305
87.79,74.87,666.00,13.32,20-04-23-09-31-37-340
88.34,75.21,666.00,12.20,20-04-23-09-31-37-371
88.83,75.31,666.00,11.16,20-04-23-09-31-37-406
89.21,75.20,666.00,10.17,20-04-23-09-31-37-438
88.62,74.79,666.00,9.74,20-04-23-09-31-37-470
87.85,73.88,666.00,9.49,20-04-23-09-31-37-505
80.60,70.28,666.00,15.77,20-04-23-09-31-37-539
76.22,68.19,666.00,19.76,20-04-23-09-31-37-572
73.81,66.85,666.00,21.86,20-04-23-09-31-37-604
98.35,80.39,666.00,12.32,20-04-23-09-31-37-638
70.84,64.73,666.00,24.19,20-04-23-09-31-37-672
65.92,63.80,666.00,28.01,20-04-23-09-31-37-706
72.16,65.29,666.00,20.98,20-04-23-09-31-37-739
87.95,68.47,666.00,6.64,20-04-23-09-31-37-775
99.46,71.38,666.00,11.52,20-04-23-09-31-37-806
104.33,72.62,666.00,16.75,20-04-23-09-31-37-839
106.87,73.12,666.00,19.68,20-04-23-09-31-37-873
108.44,73.20,666.00,21.60,20-04-23-09-31-37-905
108.92,73.24,666.00,22.50,20-04-23-09-31-37-939
109.68,72.37,666.00,23.11,20-04-23-09-31-37-973
107.82,72.66,666.00,21.97,20-04-23-09-31-38-005
96.24,59.35,666.00,3.12,20-04-23-09-31-38-041
91.72,53.55,666.00,11.51,20-04-23-09-31-38-074
89.50,50.38,666.00,16.15,20-04-23-09-31-38-107
88.36,48.35,666.00,18.96,20-04-23-09-31-38-140
95.43,56.40,666.00,4.71,20-04-23-09-31-38-173
99.93,61.32,666.00,9.76,20-04-23-09-31-38-206
89.56,71.37,666.00,14.79,20-04-23-09-31-38-240
105.60,67.64,666.00,20.01,20-04-23-09-31-38-271
92.73,68.24,666.00,12.58,20-04-23-09-31-38-305
84.81,69.43,666.00,13.90,20-04-23-09-31-38-339
80.14,70.88,666.00,17.35,20-04-23-09-31-38-370
75.74,68.76,666.00,20.26,20-04-23-09-31-38-409
73.67,67.61,666.00,22.73,20-04-23-09-31-38-441
73.44,66.89,666.00,23.26,20-04-23-09-31-38-473
73.74,66.30,666.00,23.11,20-04-23-09-31-38-510
74.08,65.90,666.00,22.83,20-04-23-09-31-38-539
74.61,65.58,666.00,22.32,20-04-23-09-31-38-571
77.22,64.98,666.00,29.20,20-04-23-09-31-38-610
79.23,64.30,29.60,33.44,20-04-23-09-31-38-643
84.21,62.65,666.00,28.59,20-04-23-09-31-38-675
87.83,61.69,666.00,24.72,20-04-23-09-31-38-712
90.61,61.06,666.00,23.58,20-04-23-09-31-38-749
92.56,60.75,666.00,23.78,20-04-23-09-31-38-776
94.23,60.64,666.00,24.31,20-04-23-09-31-38-811
98.34,57.09,666.00,20.03,20-04-23-09-31-38-838
99.69,49.21,666.00,11.91,20-04-23-09-31-38-872
109.56,41.27,666.00,27.30,20-04-23-09-31-38-909
113.42,37.83,167.74,34.80,20-04-23-09-31-38-939
115.24,35.82,166.63,38.48,20-04-23-09-31-38-970
109.15,35.59,666.00,28.00,20-04-23-09-31-39-007
106.39,36.11,666.00,22.79,20-04-23-09-31-39-040
100.52,36.96,666.00,12.60,20-04-23-09-31-39-072
98.90,37.01,666.00,8.00,20-04-23-09-31-39-106
97.80,36.94,666.00,9.62,20-04-23-09-31-39-139
97.20,37.19,666.00,8.90,20-04-23-09-31-39-173
96.76,37.22,666.00,7.72,20-04-23-09-31-39-205
96.47,37.18,666.00,6.65,20-04-23-09-31-39-240
96.38,37.01,666.00,6.96,20-04-23-09-31-39-272
96.43,36.88,666.00,7.18,20-04-23-09-31-39-306
96.58,36.78,666.00,7.49,20-04-23-09-31-39-339
96.83,36.08,666.00,9.53,20-04-23-09-31-39-369
96.63,31.01,666.00,7.81,20-04-23-09-31-39-404
96.44,29.23,666.00,8.16,20-04-23-09-31-39-440
97.60,28.72,666.00,9.34,20-04-23-09-31-39-474
98.22,28.98,666.00,10.28,20-04-23-09-31-39-506
98.53,29.33,666.00,10.85,20-04-23-09-31-39-539
96.75,26.38,666.00,7.54,20-04-23-09-31-39-572
95.89,25.54,666.00,6.45,20-04-23-09-31-39-606
95.42,25.36,666.00,6.00,20-04-23-09-31-39-638
95.11,25.24,666.00,5.70,20-04-23-09-31-39-672
94.72,25.36,666.00,5.15,20-04-23-09-31-39-704
94.37,25.44,666.00,4.66,20-04-23-09-31-39-739
93.98,25.18,666.00,3.90,20-04-23-09-31-39-776
95.09,24.95,666.00,5.63,20-04-23-09-31-39-806
95.60,25.18,666.00,6.45,20-04-23-09-31-39-840
95.78,25.60,666.00,7.92,20-04-23-09-31-39-871
95.87,26.04,666.00,10.90,20-04-23-09-31-39-906
94.87,25.95,666.00,11.18,20-04-23-09-31-39-937
93.05,25.26,666.00,11.34,20-04-23-09-31-39-971
85.79,20.70,666.00,1.83,20-04-23-09-31-40-004
83.90,20.24,666.00,2.74,20-04-23-09-31-40-039
82.66,20.11,666.00,5.71,20-04-23-09-31-40-073
80.26,19.66,666.00,6.59,20-04-23-09-31-40-106
77.15,19.09,666.00,7.59,20-04-23-09-31-40-138
74.95,18.61,666.00,8.52,20-04-23-09-31-40-174
72.69,18.03,666.00,8.37,20-04-23-09-31-40-207
70.11,17.17,666.00,6.60,20-04-23-09-31-40-240
67.85,16.39,666.00,4.92,20-04-23-09-31-40-269
65.83,15.73,666.00,6.03,20-04-23-09-31-40-307
64.01,15.37,666.00,5.48,20-04-23-09-31-40-339
62.17,15.35,666.00,5.04,20-04-23-09-31-40-370
44.34,14.80,666.00,2.71,20-04-23-09-31-40-791
34.29,14.59,666.00,2.64,20-04-23-09-31-40-808
30.76,15.17,666.00,2.51,20-04-23-09-31-40-841
28.61,15.54,666.00,3.66,20-04-23-09-31-40-873
27.12,17.18,666.00,3.25,20-04-23-09-31-40-905
26.16,19.12,666.00,2.66,20-04-23-09-31-40-939
25.30,20.87,666.00,3.51,20-04-23-09-31-40-972
24.79,22.69,666.00,4.06,20-04-23-09-31-41-006
24.43,24.73,666.00,4.31,20-04-23-09-31-41-048
24.03,26.78,666.00,4.82,20-04-23-09-31-41-072
23.65,28.54,666.00,4.93,20-04-23-09-31-41-105
23.17,30.74,666.00,5.50,20-04-23-09-31-41-138
22.79,32.32,666.00,5.37,20-04-23-09-31-41-173
22.41,33.50,666.00,4.86,20-04-23-09-31-41-205
22.08,34.42,666.00,4.51,20-04-23-09-31-41-241
21.75,35.17,666.00,4.13,20-04-23-09-31-41-271
21.37,35.74,666.00,3.76,20-04-23-09-31-41-307
