12.52,-0.93,666.00,21.32,11-05-23-10-14-10-666
12.53,-0.90,666.00,21.33,11-05-23-10-14-10-699
12.54,-0.88,666.00,21.35,11-05-23-10-14-10-723
12.55,-0.85,666.00,21.36,11-05-23-10-14-10-758
12.57,-0.82,666.00,21.38,11-05-23-10-14-10-788
12.58,-0.79,666.00,21.41,11-05-23-10-14-10-822
12.60,-0.78,666.00,21.44,11-05-23-10-14-10-858
12.62,-0.76,666.00,21.47,11-05-23-10-14-10-890
12.63,-0.75,666.00,21.50,11-05-23-10-14-10-923
12.65,-0.74,666.00,21.53,11-05-23-10-14-10-954
12.67,-0.73,666.00,21.56,11-05-23-10-14-11-000
12.69,-0.72,666.00,21.60,11-05-23-10-14-11-031
12.71,-0.71,666.00,21.63,11-05-23-10-14-11-063
12.73,-0.72,666.00,21.67,11-05-23-10-14-11-089
12.76,-0.72,666.00,21.72,11-05-23-10-14-11-119
12.80,-0.74,666.00,21.78,11-05-23-10-14-11-153
12.82,-0.80,666.00,21.82,11-05-23-10-14-11-192
12.83,-0.86,666.00,21.86,11-05-23-10-14-11-222
12.85,-0.91,666.00,21.91,11-05-23-10-14-11-262
12.86,-0.97,666.00,21.94,11-05-23-10-14-11-287
12.87,-1.03,666.00,21.97,11-05-23-10-14-11-321
12.86,-1.15,666.00,22.00,11-05-23-10-14-11-355
12.85,-1.34,666.00,22.02,11-05-23-10-14-11-390
12.83,-1.52,666.00,22.04,11-05-23-10-14-11-422
12.80,-1.73,666.00,22.04,11-05-23-10-14-11-459
12.76,-1.93,666.00,22.01,11-05-23-10-14-11-487
12.72,-2.14,666.00,21.54,11-05-23-10-14-11-522
12.68,-2.36,666.00,20.70,11-05-23-10-14-11-556
12.64,-2.61,666.00,19.78,11-05-23-10-14-11-590
12.59,-2.93,666.00,17.97,11-05-23-10-14-11-623
12.59,-3.46,666.00,15.66,11-05-23-10-14-11-652
12.69,-4.70,666.00,14.02,11-05-23-10-14-11-689
13.08,-6.62,666.00,12.61,11-05-23-10-14-11-722
13.90,-9.25,666.00,12.35,11-05-23-10-14-11-758
15.12,-11.33,666.00,12.51,11-05-23-10-14-11-790
16.74,-13.16,666.00,12.90,11-05-23-10-14-11-822
19.28,-14.73,666.00,14.44,11-05-23-10-14-11-856
21.85,-15.50,666.00,17.29,11-05-23-10-14-11-887
25.32,-15.77,666.00,18.31,11-05-23-10-14-11-920
28.78,-15.61,666.00,15.66,11-05-23-10-14-11-953
31.72,-15.39,666.00,13.40,11-05-23-10-14-11-988
35.82,-15.03,666.00,10.28,11-05-23-10-14-12-021
39.00,-14.70,666.00,10.93,11-05-23-10-14-12-063
42.10,-14.55,666.00,12.95,11-05-23-10-14-12-089
45.03,-14.23,666.00,12.17,11-05-23-10-14-12-124
48.74,-13.55,666.00,13.99,11-05-23-10-14-12-155
51.56,-13.16,666.00,13.38,11-05-23-10-14-12-190
53.97,-12.88,666.00,15.36,11-05-23-10-14-12-223
56.65,-12.31,666.00,16.53,11-05-23-10-14-12-256
59.30,-11.56,666.00,16.01,11-05-23-10-14-12-289
62.78,-10.77,666.00,14.35,11-05-23-10-14-12-325
65.61,-10.16,666.00,14.56,11-05-23-10-14-12-366
68.07,-9.75,666.00,15.12,11-05-23-10-14-12-389
73.73,-9.19,666.00,9.12,11-05-23-10-14-12-424
75.99,-8.85,666.00,10.00,11-05-23-10-14-12-455
77.94,-8.53,666.00,10.62,11-05-23-10-14-12-488
79.60,-8.19,666.00,10.51,11-05-23-10-14-12-526
81.49,-7.61,666.00,9.10,11-05-23-10-14-12-556
83.22,-7.19,666.00,7.60,11-05-23-10-14-12-589
84.20,-6.88,666.00,7.16,11-05-23-10-14-12-624
84.66,-6.67,666.00,7.53,11-05-23-10-14-12-655
84.69,-6.53,666.00,7.98,11-05-23-10-14-12-689
84.61,-6.44,666.00,8.37,11-05-23-10-14-12-723
84.48,-6.38,666.00,8.65,11-05-23-10-14-12-756
84.32,-6.35,666.00,8.71,11-05-23-10-14-12-789
84.14,-6.33,666.00,8.08,11-05-23-10-14-12-824
83.86,-6.27,666.00,6.71,11-05-23-10-14-12-855
83.16,-6.14,666.00,5.03,11-05-23-10-14-12-893
81.83,-5.74,666.00,6.29,11-05-23-10-14-12-922
79.38,-5.09,666.00,9.27,11-05-23-10-14-12-957
75.02,-4.64,666.00,7.35,11-05-23-10-14-12-989
70.97,-4.25,666.00,5.32,11-05-23-10-14-13-020
66.69,-3.82,666.00,3.50,11-05-23-10-14-13-054
58.91,-4.11,666.00,7.34,11-05-23-10-14-13-090
55.32,-4.50,666.00,6.85,11-05-23-10-14-13-128
52.42,-4.90,666.00,6.49,11-05-23-10-14-13-152
50.00,-5.44,666.00,6.32,11-05-23-10-14-13-190
47.84,-6.14,666.00,6.05,11-05-23-10-14-13-222
45.00,-7.47,666.00,4.84,11-05-23-10-14-13-255
42.23,-8.61,666.00,5.85,11-05-23-10-14-13-291
39.86,-9.90,666.00,7.04,11-05-23-10-14-13-321
37.16,-11.39,666.00,8.74,11-05-23-10-14-13-357
35.03,-12.71,666.00,9.72,11-05-23-10-14-13-390
32.46,-14.42,666.00,10.67,11-05-23-10-14-13-429
29.66,-16.82,666.00,13.66,11-05-23-10-14-13-456
27.49,-19.14,666.00,15.94,11-05-23-10-14-13-489
25.88,-20.91,666.00,17.48,11-05-23-10-14-13-521
24.17,-23.04,666.00,18.66,11-05-23-10-14-13-557
22.64,-25.22,666.00,18.70,11-05-23-10-14-13-590
21.04,-27.34,666.00,18.52,11-05-23-10-14-13-621
19.68,-28.93,666.00,18.81,11-05-23-10-14-13-657
18.47,-30.18,666.00,20.50,11-05-23-10-14-13-690
17.44,-31.14,666.00,21.41,11-05-23-10-14-13-720
16.53,-31.72,666.00,22.62,11-05-23-10-14-13-756
15.35,-31.31,666.00,22.71,11-05-23-10-14-13-790
14.39,-30.53,666.00,22.94,11-05-23-10-14-13-823
13.60,-29.63,666.00,23.09,11-05-23-10-14-13-856
12.86,-28.68,666.00,23.07,11-05-23-10-14-13-890
12.34,-27.87,666.00,23.03,11-05-23-10-14-13-924
11.93,-27.11,666.00,22.90,11-05-23-10-14-13-955
11.63,-26.53,666.00,22.76,11-05-23-10-14-13-989
11.42,-26.03,666.00,22.41,11-05-23-10-14-14-023
11.27,-25.68,666.00,21.40,11-05-23-10-14-14-054
11.16,-25.39,666.00,19.70,11-05-23-10-14-14-091
11.29,-24.99,666.00,18.69,11-05-23-10-14-14-125
11.63,-24.66,666.00,18.05,11-05-23-10-14-14-154
12.51,-24.11,666.00,18.09,11-05-23-10-14-14-196
13.62,-23.46,666.00,18.35,11-05-23-10-14-14-223
15.27,-22.27,666.00,18.36,11-05-23-10-14-14-255
17.55,-20.95,666.00,18.01,11-05-23-10-14-14-289
21.47,-18.57,666.00,16.04,11-05-23-10-14-14-321
24.60,-17.73,666.00,15.89,11-05-23-10-14-14-354
27.39,-16.87,666.00,17.14,11-05-23-10-14-14-386
29.84,-16.07,666.00,17.94,11-05-23-10-14-14-423
32.70,-15.25,666.00,16.96,11-05-23-10-14-14-454
35.16,-14.66,666.00,16.88,11-05-23-10-14-14-498
37.47,-14.11,666.00,16.82,11-05-23-10-14-14-524
40.57,-13.51,666.00,15.69,11-05-23-10-14-14-555
43.56,-12.94,666.00,13.34,11-05-23-10-14-14-590
46.54,-12.56,666.00,12.55,11-05-23-10-14-14-620
49.23,-11.98,666.00,14.61,11-05-23-10-14-14-653
51.81,-11.60,666.00,14.29,11-05-23-10-14-14-693
54.28,-11.19,666.00,17.21,11-05-23-10-14-14-722
57.64,-10.61,666.00,15.56,11-05-23-10-14-14-754
61.19,-10.06,666.00,15.13,11-05-23-10-14-14-787
64.06,-9.80,666.00,15.10,11-05-23-10-14-14-823
67.86,-9.79,666.00,12.99,11-05-23-10-14-14-857
72.38,-9.72,666.00,10.17,11-05-23-10-14-14-888
74.82,-9.56,666.00,9.59,11-05-23-10-14-14-924
76.99,-9.14,666.00,8.65,11-05-23-10-14-14-963
78.55,-8.82,666.00,9.41,11-05-23-10-14-14-989
79.67,-8.49,666.00,10.34,11-05-23-10-14-15-023
80.81,-8.07,666.00,10.96,11-05-23-10-14-15-056
82.11,-7.54,666.00,10.77,11-05-23-10-14-15-088
82.89,-7.12,666.00,11.15,11-05-23-10-14-15-123
83.62,-6.74,666.00,10.95,11-05-23-10-14-15-153
84.13,-6.42,666.00,10.71,11-05-23-10-14-15-187
84.48,-6.10,666.00,10.43,11-05-23-10-14-15-221
84.59,-5.82,666.00,10.13,11-05-23-10-14-15-257
84.59,-5.57,666.00,9.07,11-05-23-10-14-15-287
84.39,-5.30,666.00,6.99,11-05-23-10-14-15-321
83.94,-4.98,666.00,5.72,11-05-23-10-14-15-353
82.69,-4.46,666.00,7.42,11-05-23-10-14-15-387
80.54,-4.02,666.00,8.71,11-05-23-10-14-15-424
75.59,-3.63,666.00,7.90,11-05-23-10-14-15-454
69.45,-2.75,666.00,6.94,11-05-23-10-14-15-488
64.57,-2.45,666.00,6.64,11-05-23-10-14-15-522
61.29,-2.32,666.00,6.31,11-05-23-10-14-15-565
57.97,-2.49,666.00,5.35,11-05-23-10-14-15-588
54.76,-2.81,666.00,5.42,11-05-23-10-14-15-623
51.44,-3.54,666.00,5.58,11-05-23-10-14-15-654
49.02,-4.33,666.00,6.48,11-05-23-10-14-15-689
46.31,-5.14,666.00,7.24,11-05-23-10-14-15-721
43.02,-6.18,666.00,8.54,11-05-23-10-14-15-756
40.18,-6.88,666.00,9.35,11-05-23-10-14-15-791
37.62,-7.66,666.00,9.59,11-05-23-10-14-15-821
34.67,-8.74,666.00,10.33,11-05-23-10-14-15-858
32.35,-9.90,666.00,11.00,11-05-23-10-14-15-892
29.88,-11.50,666.00,11.53,11-05-23-10-14-15-922
27.76,-13.17,666.00,12.45,11-05-23-10-14-15-958
25.79,-14.90,666.00,13.31,11-05-23-10-14-15-994
23.85,-17.12,666.00,14.56,11-05-23-10-14-16-027
22.25,-19.06,666.00,16.72,11-05-23-10-14-16-056
20.25,-21.18,666.00,16.53,11-05-23-10-14-16-090
18.60,-23.19,666.00,16.49,11-05-23-10-14-16-122
17.04,-25.31,666.00,16.70,11-05-23-10-14-16-154
15.74,-27.07,666.00,17.63,11-05-23-10-14-16-187
14.76,-28.38,666.00,19.25,11-05-23-10-14-16-224
13.90,-29.61,666.00,19.86,11-05-23-10-14-16-256
13.11,-30.51,666.00,19.95,11-05-23-10-14-16-286
12.54,-31.14,666.00,20.03,11-05-23-10-14-16-330
11.94,-30.86,666.00,19.77,11-05-23-10-14-16-354
11.52,-30.35,666.00,19.53,11-05-23-10-14-16-390
11.25,-29.78,666.00,19.29,11-05-23-10-14-16-424
11.07,-29.14,666.00,18.96,11-05-23-10-14-16-458
11.02,-28.28,666.00,18.50,11-05-23-10-14-16-489
11.21,-26.47,666.00,17.86,11-05-23-10-14-16-522
12.17,-23.56,666.00,17.92,11-05-23-10-14-16-556
14.20,-19.97,666.00,17.93,11-05-23-10-14-16-589
17.03,-16.48,666.00,16.36,11-05-23-10-14-16-632
19.81,-14.23,666.00,15.49,11-05-23-10-14-16-653
22.15,-13.17,666.00,16.80,11-05-23-10-14-16-690
24.73,-12.14,666.00,17.42,11-05-23-10-14-16-726
27.53,-11.52,666.00,17.68,11-05-23-10-14-16-753
30.30,-10.65,666.00,16.32,11-05-23-10-14-16-790
33.09,-9.69,666.00,14.58,11-05-23-10-14-16-824
35.84,-8.98,666.00,15.37,11-05-23-10-14-16-855
38.46,-8.67,666.00,15.94,11-05-23-10-14-16-888
41.06,-8.47,666.00,13.90,11-05-23-10-14-16-930
43.53,-8.44,666.00,14.31,11-05-23-10-14-16-957
46.42,-8.42,666.00,13.54,11-05-23-10-14-16-988
49.33,-8.16,666.00,13.89,11-05-23-10-14-17-023
52.24,-8.05,666.00,13.99,11-05-23-10-14-17-057
55.19,-7.69,666.00,13.73,11-05-23-10-14-17-087
58.11,-7.52,666.00,13.00,11-05-23-10-14-17-120
61.75,-6.99,666.00,10.29,11-05-23-10-14-17-155
64.43,-6.74,666.00,13.41,11-05-23-10-14-17-190
66.92,-6.51,666.00,12.38,11-05-23-10-14-17-222
69.43,-6.20,666.00,10.95,11-05-23-10-14-17-256
71.86,-6.04,666.00,9.85,11-05-23-10-14-17-289
74.25,-5.80,666.00,8.08,11-05-23-10-14-17-320
76.00,-5.70,666.00,7.84,11-05-23-10-14-17-356
77.36,-5.60,666.00,8.40,11-05-23-10-14-17-392
79.18,-5.33,666.00,7.51,11-05-23-10-14-17-420
80.60,-5.08,666.00,7.09,11-05-23-10-14-17-457
81.78,-4.75,666.00,7.77,11-05-23-10-14-17-489
83.16,-4.33,666.00,7.24,11-05-23-10-14-17-522
84.70,-3.80,666.00,6.17,11-05-23-10-14-17-556
85.76,-3.45,666.00,6.95,11-05-23-10-14-17-591
86.35,-3.23,666.00,7.45,11-05-23-10-14-17-620
87.05,-2.97,666.00,7.18,11-05-23-10-14-17-657
87.74,-2.74,666.00,6.52,11-05-23-10-14-17-700
88.25,-2.56,666.00,5.92,11-05-23-10-14-17-721
88.60,-2.45,666.00,5.46,11-05-23-10-14-17-755
88.73,-2.41,666.00,5.17,11-05-23-10-14-17-790
88.77,-2.39,666.00,4.65,11-05-23-10-14-17-822
88.59,-2.32,666.00,3.51,11-05-23-10-14-17-854
87.39,-2.06,666.00,1.51,11-05-23-10-14-17-888
84.97,-1.55,666.00,1.96,11-05-23-10-14-17-922
80.49,-1.02,666.00,2.38,11-05-23-10-14-17-953
75.61,-1.13,666.00,4.37,11-05-23-10-14-17-988
72.20,-1.10,666.00,5.71,11-05-23-10-14-18-022
68.08,-1.29,666.00,6.37,11-05-23-10-14-18-055
63.13,-1.03,666.00,6.58,11-05-23-10-14-18-090
57.61,-1.87,666.00,8.77,11-05-23-10-14-18-121
54.25,-2.33,666.00,8.81,11-05-23-10-14-18-161
51.07,-2.76,666.00,9.08,11-05-23-10-14-18-187
48.55,-3.02,666.00,9.30,11-05-23-10-14-18-220
45.69,-3.22,666.00,9.65,11-05-23-10-14-18-257
42.82,-3.45,666.00,9.63,11-05-23-10-14-18-288
39.75,-3.92,666.00,10.16,11-05-23-10-14-18-320
36.71,-4.69,666.00,10.02,11-05-23-10-14-18-355
34.14,-5.30,666.00,10.44,11-05-23-10-14-18-389
30.97,-6.20,666.00,12.15,11-05-23-10-14-18-420
28.32,-7.55,666.00,14.02,11-05-23-10-14-18-463
26.10,-9.11,666.00,14.23,11-05-23-10-14-18-490
24.09,-10.65,666.00,15.72,11-05-23-10-14-18-519
21.67,-12.52,666.00,15.59,11-05-23-10-14-18-554
19.85,-14.25,666.00,16.14,11-05-23-10-14-18-591
18.05,-16.33,666.00,16.87,11-05-23-10-14-18-622
16.28,-19.09,666.00,18.35,11-05-23-10-14-18-657
13.69,-22.26,666.00,19.51,11-05-23-10-14-18-688
11.92,-23.53,666.00,19.92,11-05-23-10-14-18-721
10.73,-23.42,666.00,21.93,11-05-23-10-14-18-763
10.01,-23.49,666.00,22.30,11-05-23-10-14-18-790
9.53,-23.59,666.00,22.55,11-05-23-10-14-18-823
9.20,-23.64,666.00,22.66,11-05-23-10-14-18-858
8.98,-23.33,666.00,22.59,11-05-23-10-14-18-889
8.85,-22.80,666.00,22.50,11-05-23-10-14-18-923
8.81,-22.15,666.00,22.38,11-05-23-10-14-18-957
8.87,-21.31,666.00,21.76,11-05-23-10-14-18-987
9.05,-20.35,666.00,21.04,11-05-23-10-14-19-022
9.46,-19.15,666.00,19.66,11-05-23-10-14-19-055
10.19,-18.07,666.00,18.38,11-05-23-10-14-19-088
11.21,-16.87,666.00,17.34,11-05-23-10-14-19-122
12.60,-16.24,666.00,17.19,11-05-23-10-14-19-155
14.23,-15.48,666.00,17.37,11-05-23-10-14-19-190
16.59,-15.09,666.00,17.64,11-05-23-10-14-19-224
18.42,-14.82,666.00,18.88,11-05-23-10-14-19-255
20.68,-13.89,666.00,19.02,11-05-23-10-14-19-290
23.63,-12.52,666.00,18.37,11-05-23-10-14-19-323
26.07,-11.76,666.00,19.66,11-05-23-10-14-19-356
28.63,-11.05,666.00,20.02,11-05-23-10-14-19-388
31.48,-10.11,666.00,18.83,11-05-23-10-14-19-423
34.55,-9.36,666.00,18.88,11-05-23-10-14-19-455
37.28,-8.87,666.00,18.19,11-05-23-10-14-19-490
40.43,-8.22,666.00,16.13,11-05-23-10-14-19-529
43.06,-7.63,666.00,15.22,11-05-23-10-14-19-553
45.57,-7.27,666.00,14.75,11-05-23-10-14-19-588
48.80,-6.98,666.00,16.03,11-05-23-10-14-19-624
51.14,-6.75,666.00,15.68,11-05-23-10-14-19-654
53.84,-6.37,666.00,16.51,11-05-23-10-14-19-688
57.47,-5.85,666.00,16.33,11-05-23-10-14-19-722
61.29,-5.59,666.00,16.41,11-05-23-10-14-19-757
64.29,-5.31,666.00,14.19,11-05-23-10-14-19-789
67.53,-5.21,666.00,13.07,11-05-23-10-14-19-830
71.84,-4.90,666.00,10.27,11-05-23-10-14-19-855
74.57,-4.73,666.00,9.14,11-05-23-10-14-19-886
76.93,-4.53,666.00,7.95,11-05-23-10-14-19-937
78.92,-4.36,666.00,6.57,11-05-23-10-14-19-954
80.86,-4.13,666.00,5.67,11-05-23-10-14-19-989
82.52,-3.90,666.00,6.82,11-05-23-10-14-20-042
85.07,-3.46,666.00,7.38,11-05-23-10-14-20-053
86.83,-3.23,666.00,8.80,11-05-23-10-14-20-089
88.85,-2.92,666.00,7.82,11-05-23-10-14-20-121
90.64,-2.70,666.00,6.39,11-05-23-10-14-20-153
92.13,-2.48,666.00,8.28,11-05-23-10-14-20-189
93.15,-2.29,666.00,8.47,11-05-23-10-14-20-223
93.94,-2.18,666.00,8.14,11-05-23-10-14-20-255
94.38,-2.06,666.00,8.01,11-05-23-10-14-20-291
94.65,-1.96,666.00,7.90,11-05-23-10-14-20-328
94.81,-1.88,666.00,7.56,11-05-23-10-14-20-355
94.89,-1.83,666.00,6.17,11-05-23-10-14-20-389
94.81,-1.74,666.00,2.79,11-05-23-10-14-20-422
93.90,-1.43,666.00,4.97,11-05-23-10-14-20-456
90.71,-1.05,666.00,5.30,11-05-23-10-14-20-488
86.80,-0.68,666.00,7.44,11-05-23-10-14-20-519
81.89,-0.35,666.00,7.18,11-05-23-10-14-20-555
75.24,-0.27,666.00,8.20,11-05-23-10-14-20-591
70.33,0.10,666.00,7.97,11-05-23-10-14-20-621
64.90,0.32,666.00,7.36,11-05-23-10-14-20-653
59.76,0.36,666.00,6.92,11-05-23-10-14-20-691
54.08,0.28,666.00,6.87,11-05-23-10-14-20-721
50.22,0.30,666.00,6.24,11-05-23-10-14-20-753
46.93,0.28,666.00,5.28,11-05-23-10-14-20-790
43.51,-0.38,666.00,5.49,11-05-23-10-14-20-823
40.93,-1.17,666.00,6.58,11-05-23-10-14-20-859
37.97,-1.95,666.00,6.42,11-05-23-10-14-20-893
35.31,-2.62,666.00,6.22,11-05-23-10-14-20-921
31.74,-4.03,666.00,5.76,11-05-23-10-14-20-955
28.16,-5.79,666.00,6.67,11-05-23-10-14-20-987
25.97,-7.45,666.00,7.83,11-05-23-10-14-21-020
23.72,-9.76,666.00,9.58,11-05-23-10-14-21-055
22.07,-11.72,666.00,10.89,11-05-23-10-14-21-089
20.58,-13.78,666.00,13.51,11-05-23-10-14-21-124
19.37,-15.61,666.00,14.41,11-05-23-10-14-21-155
18.39,-17.27,666.00,15.34,11-05-23-10-14-21-199
17.35,-19.33,666.00,16.51,11-05-23-10-14-21-223
16.66,-21.05,666.00,17.99,11-05-23-10-14-21-256
16.18,-22.26,666.00,19.69,11-05-23-10-14-21-287
15.75,-23.02,666.00,21.29,11-05-23-10-14-21-323
15.31,-23.51,666.00,22.54,11-05-23-10-14-21-354
14.83,-23.64,666.00,23.60,11-05-23-10-14-21-388
14.33,-23.37,666.00,24.44,11-05-23-10-14-21-422
13.84,-22.95,666.00,24.95,11-05-23-10-14-21-453
13.46,-22.63,666.00,25.27,11-05-23-10-14-21-497
13.16,-22.34,666.00,25.43,11-05-23-10-14-21-521
12.93,-22.09,666.00,25.49,11-05-23-10-14-21-555
12.76,-21.93,666.00,25.47,11-05-23-10-14-21-587
12.62,-21.64,666.00,25.35,11-05-23-10-14-21-623
12.52,-21.27,666.00,25.00,11-05-23-10-14-21-655
12.47,-20.88,666.00,24.17,11-05-23-10-14-21-690
12.50,-20.26,666.00,23.35,11-05-23-10-14-21-721
12.64,-19.32,666.00,22.55,11-05-23-10-14-21-753
12.85,-18.46,666.00,21.81,11-05-23-10-14-21-797
13.30,-17.66,666.00,21.69,11-05-23-10-14-21-827
14.43,-16.96,666.00,21.91,11-05-23-10-14-21-852
15.63,-15.95,666.00,22.20,11-05-23-10-14-21-888
17.49,-14.55,666.00,22.15,11-05-23-10-14-21-926
19.11,-13.53,666.00,21.96,11-05-23-10-14-21-953
21.22,-11.85,666.00,20.95,11-05-23-10-14-21-990
23.21,-10.45,666.00,19.63,11-05-23-10-14-22-019
25.25,-9.31,666.00,19.56,11-05-23-10-14-22-053
27.65,-8.29,666.00,18.63,11-05-23-10-14-22-088
30.12,-7.55,666.00,20.60,11-05-23-10-14-22-120
32.60,-6.88,666.00,21.36,11-05-23-10-14-22-155
35.42,-6.20,666.00,20.53,11-05-23-10-14-22-188
38.79,-5.61,666.00,17.77,11-05-23-10-14-22-220
42.02,-4.97,666.00,16.88,11-05-23-10-14-22-257
44.98,-4.77,666.00,19.44,11-05-23-10-14-22-287
48.29,-4.83,666.00,17.02,11-05-23-10-14-22-321
51.07,-4.95,666.00,16.25,11-05-23-10-14-22-354
53.98,-4.61,666.00,17.36,11-05-23-10-14-22-387
57.76,-4.42,666.00,16.37,11-05-23-10-14-22-423
61.01,-4.32,666.00,14.31,11-05-23-10-14-22-455
63.71,-4.16,666.00,14.34,11-05-23-10-14-22-492
67.04,-3.95,666.00,12.46,11-05-23-10-14-22-521
73.05,-3.62,666.00,7.58,11-05-23-10-14-22-561
75.66,-3.26,666.00,6.86,11-05-23-10-14-22-588
77.63,-2.90,666.00,6.79,11-05-23-10-14-22-622
78.88,-2.48,666.00,8.92,11-05-23-10-14-22-656
79.84,-2.21,666.00,10.23,11-05-23-10-14-22-687
80.70,-1.92,666.00,11.00,11-05-23-10-14-22-721
81.53,-1.63,666.00,10.79,11-05-23-10-14-22-753
82.21,-1.37,666.00,10.50,11-05-23-10-14-22-788
82.76,-1.12,666.00,10.12,11-05-23-10-14-22-822
83.07,-0.86,666.00,9.85,11-05-23-10-14-22-852
83.30,-0.63,666.00,9.61,11-05-23-10-14-22-888
83.37,-0.44,666.00,9.59,11-05-23-10-14-22-922
83.32,-0.30,666.00,9.37,11-05-23-10-14-22-954
83.18,-0.19,666.00,8.04,11-05-23-10-14-22-989
82.91,-0.08,666.00,4.82,11-05-23-10-14-23-022
82.23,0.07,666.00,3.01,11-05-23-10-14-23-055
80.29,0.31,666.00,3.69,11-05-23-10-14-23-091
77.09,0.42,666.00,4.87,11-05-23-10-14-23-126
70.14,1.01,666.00,5.33,11-05-23-10-14-23-152
66.38,1.20,666.00,6.35,11-05-23-10-14-23-189
62.97,1.32,666.00,3.79,11-05-23-10-14-23-223
57.44,1.09,666.00,4.83,11-05-23-10-14-23-255
54.18,0.91,666.00,6.04,11-05-23-10-14-23-290
51.20,0.67,666.00,5.11,11-05-23-10-14-23-323
48.44,0.16,666.00,5.60,11-05-23-10-14-23-354
45.62,-0.38,666.00,6.58,11-05-23-10-14-23-387
42.45,-0.76,666.00,6.98,11-05-23-10-14-23-425
39.53,-1.12,666.00,7.19,11-05-23-10-14-23-455
36.59,-1.27,666.00,6.73,11-05-23-10-14-23-493
33.86,-1.36,666.00,6.88,11-05-23-10-14-23-521
30.57,-1.55,666.00,5.98,11-05-23-10-14-23-554
27.13,-3.23,666.00,7.45,11-05-23-10-14-23-588
25.01,-4.74,666.00,8.83,11-05-23-10-14-23-624
23.60,-6.01,666.00,10.96,11-05-23-10-14-23-652
22.21,-7.29,666.00,12.34,11-05-23-10-14-23-689
20.55,-8.56,666.00,12.80,11-05-23-10-14-23-722
19.28,-9.79,666.00,13.22,11-05-23-10-14-23-756
18.25,-11.08,666.00,13.51,11-05-23-10-14-23-788
17.30,-12.39,666.00,13.78,11-05-23-10-14-23-820
16.66,-13.59,666.00,14.63,11-05-23-10-14-23-853
16.23,-14.56,666.00,16.17,11-05-23-10-14-23-888
15.94,-15.36,666.00,17.29,11-05-23-10-14-23-931
15.74,-16.02,666.00,19.24,11-05-23-10-14-23-954
15.60,-16.61,666.00,24.86,11-05-23-10-14-23-989
15.44,-17.09,666.00,26.77,11-05-23-10-14-24-025
15.31,-17.52,666.00,27.95,11-05-23-10-14-24-055
15.19,-17.89,666.00,28.56,11-05-23-10-14-24-088
15.06,-18.22,666.00,28.98,11-05-23-10-14-24-121
14.95,-18.54,666.00,29.21,11-05-23-10-14-24-154
14.84,-18.83,666.00,29.13,11-05-23-10-14-24-188
14.74,-19.06,666.00,28.70,11-05-23-10-14-24-233
14.65,-19.26,666.00,28.04,11-05-23-10-14-24-255
14.57,-19.41,666.00,26.33,11-05-23-10-14-24-290
14.52,-19.07,666.00,24.68,11-05-23-10-14-24-322
14.51,-18.89,666.00,22.50,11-05-23-10-14-24-355
14.54,-18.96,666.00,20.97,11-05-23-10-14-24-386
15.29,-20.24,666.00,20.96,11-05-23-10-14-24-420
15.82,-20.97,666.00,20.92,11-05-23-10-14-24-455
16.33,-21.28,666.00,20.89,11-05-23-10-14-24-491
16.98,-21.03,666.00,21.11,11-05-23-10-14-24-520
17.72,-20.22,666.00,21.74,11-05-23-10-14-24-554
18.89,-18.70,666.00,22.27,11-05-23-10-14-24-587
20.46,-16.53,666.00,22.15,11-05-23-10-14-24-623
22.95,-13.51,666.00,20.47,11-05-23-10-14-24-655
25.10,-11.49,666.00,20.07,11-05-23-10-14-24-689
27.50,-9.90,666.00,18.41,11-05-23-10-14-24-722
29.97,-8.76,666.00,17.16,11-05-23-10-14-24-754
32.27,-8.00,666.00,18.89,11-05-23-10-14-24-788
35.00,-7.14,666.00,19.39,11-05-23-10-14-24-822
37.56,-6.54,666.00,18.85,11-05-23-10-14-24-854
40.58,-6.12,666.00,16.90,11-05-23-10-14-24-887
44.24,-5.98,666.00,15.64,11-05-23-10-14-24-922
47.17,-5.60,666.00,17.55,11-05-23-10-14-24-954
49.90,-5.20,666.00,16.31,11-05-23-10-14-24-998
52.83,-4.86,666.00,15.77,11-05-23-10-14-25-022
56.12,-4.83,666.00,13.91,11-05-23-10-14-25-054
60.89,-4.68,666.00,10.08,11-05-23-10-14-25-088
63.66,-4.26,666.00,13.12,11-05-23-10-14-25-123
67.54,-3.74,666.00,10.06,11-05-23-10-14-25-154
71.71,-3.71,666.00,6.31,11-05-23-10-14-25-190
74.05,-3.54,666.00,6.81,11-05-23-10-14-25-220
75.58,-3.26,666.00,6.94,11-05-23-10-14-25-256
76.75,-2.99,666.00,7.11,11-05-23-10-14-25-298
77.75,-2.59,666.00,11.50,11-05-23-10-14-25-324
78.55,-2.21,666.00,13.67,11-05-23-10-14-25-356
79.01,-1.71,666.00,14.25,11-05-23-10-14-25-388
79.58,-1.09,666.00,13.78,11-05-23-10-14-25-422
79.92,-0.61,666.00,13.36,11-05-23-10-14-25-453
80.15,-0.19,666.00,12.62,11-05-23-10-14-25-490
80.21,0.14,666.00,12.21,11-05-23-10-14-25-523
80.21,0.39,666.00,11.42,11-05-23-10-14-25-554
80.07,0.58,666.00,9.18,11-05-23-10-14-25-588
79.77,0.81,666.00,8.12,11-05-23-10-14-25-621
79.27,1.02,666.00,7.16,11-05-23-10-14-25-654
78.36,1.21,666.00,6.26,11-05-23-10-14-25-691
76.62,1.56,666.00,5.40,11-05-23-10-14-25-722
74.12,1.96,666.00,4.78,11-05-23-10-14-25-758
69.50,2.47,666.00,2.65,11-05-23-10-14-25-791
65.43,2.88,666.00,1.74,11-05-23-10-14-25-822
62.05,2.86,666.00,1.51,11-05-23-10-14-25-854
57.26,2.48,666.00,1.61,11-05-23-10-14-25-887
53.66,1.88,666.00,2.71,11-05-23-10-14-25-920
50.67,0.82,666.00,3.64,11-05-23-10-14-25-956
47.72,-0.57,666.00,2.83,11-05-23-10-14-25-989
44.37,-1.99,666.00,3.47,11-05-23-10-14-26-022
41.74,-3.13,666.00,3.70,11-05-23-10-14-26-060
39.38,-4.24,666.00,4.74,11-05-23-10-14-26-087
36.89,-5.34,666.00,5.73,11-05-23-10-14-26-122
34.16,-6.34,666.00,6.07,11-05-23-10-14-26-160
30.59,-7.75,666.00,6.90,11-05-23-10-14-26-188
27.36,-9.64,666.00,7.86,11-05-23-10-14-26-220
25.25,-11.42,666.00,8.66,11-05-23-10-14-26-254
23.28,-13.61,666.00,10.75,11-05-23-10-14-26-287
21.19,-15.71,666.00,11.01,11-05-23-10-14-26-322
19.55,-17.47,666.00,11.60,11-05-23-10-14-26-363
18.30,-19.10,666.00,12.86,11-05-23-10-14-26-387
17.18,-20.90,666.00,14.45,11-05-23-10-14-26-425
16.34,-22.79,666.00,17.80,11-05-23-10-14-26-453
15.80,-24.29,666.00,19.69,11-05-23-10-14-26-489
15.49,-25.30,666.00,22.28,11-05-23-10-14-26-524
15.34,-25.30,666.00,23.81,11-05-23-10-14-26-556
15.33,-24.97,666.00,25.05,11-05-23-10-14-26-586
15.37,-24.49,666.00,25.82,11-05-23-10-14-26-622
15.43,-23.97,666.00,26.34,11-05-23-10-14-26-663
15.53,-23.31,666.00,26.66,11-05-23-10-14-26-688
15.64,-22.40,666.00,26.78,11-05-23-10-14-26-723
15.77,-21.51,666.00,26.83,11-05-23-10-14-26-756
15.86,-20.76,666.00,26.75,11-05-23-10-14-26-790
15.93,-20.20,666.00,26.67,11-05-23-10-14-26-822
15.98,-19.78,666.00,26.58,11-05-23-10-14-26-853
16.01,-19.52,666.00,26.50,11-05-23-10-14-26-889
16.02,-19.34,666.00,26.38,11-05-23-10-14-26-921
16.02,-19.21,666.00,26.23,11-05-23-10-14-26-953
16.04,-19.11,666.00,25.86,11-05-23-10-14-26-989
16.08,-18.94,666.00,25.32,11-05-23-10-14-27-023
16.21,-18.75,666.00,24.00,11-05-23-10-14-27-058
16.75,-18.05,666.00,23.18,11-05-23-10-14-27-091
17.71,-17.48,666.00,23.01,11-05-23-10-14-27-121
18.77,-17.41,666.00,23.12,11-05-23-10-14-27-153
19.92,-17.03,666.00,22.74,11-05-23-10-14-27-197
20.89,-16.42,666.00,22.66,11-05-23-10-14-27-222
21.88,-15.69,666.00,23.10,11-05-23-10-14-27-256
22.99,-14.69,666.00,23.12,11-05-23-10-14-27-289
25.17,-12.31,666.00,23.11,11-05-23-10-14-27-324
26.90,-10.52,666.00,23.88,11-05-23-10-14-27-353
28.53,-9.02,666.00,23.16,11-05-23-10-14-27-388
30.42,-7.61,666.00,21.85,11-05-23-10-14-27-426
32.80,-6.08,666.00,19.95,11-05-23-10-14-27-455
35.79,-5.00,666.00,18.12,11-05-23-10-14-27-491
38.93,-4.26,666.00,17.56,11-05-23-10-14-27-523
42.13,-3.83,666.00,18.06,11-05-23-10-14-27-554
45.51,-3.37,666.00,19.23,11-05-23-10-14-27-586
48.94,-2.65,666.00,17.42,11-05-23-10-14-27-623
51.86,-2.24,666.00,17.00,11-05-23-10-14-27-654
55.75,-2.18,666.00,17.60,11-05-23-10-14-27-689
61.56,-2.24,666.00,11.24,11-05-23-10-14-27-729
64.85,-1.90,666.00,12.57,11-05-23-10-14-27-755
67.33,-1.75,666.00,11.41,11-05-23-10-14-27-797
69.21,-1.78,666.00,12.07,11-05-23-10-14-27-823
70.95,-1.79,666.00,12.88,11-05-23-10-14-27-854
72.95,-1.72,666.00,13.69,11-05-23-10-14-27-891
75.24,-1.43,666.00,14.73,11-05-23-10-14-27-921
76.93,-0.96,666.00,17.05,11-05-23-10-14-27-954
78.23,-0.58,666.00,17.09,11-05-23-10-14-27-988
79.46,-0.18,666.00,16.50,11-05-23-10-14-28-031
80.51,0.21,666.00,15.66,11-05-23-10-14-28-055
81.44,0.45,666.00,14.64,11-05-23-10-14-28-087
82.12,0.63,666.00,13.87,11-05-23-10-14-28-121
82.64,0.79,666.00,13.21,11-05-23-10-14-28-155
82.95,0.91,666.00,12.81,11-05-23-10-14-28-190
83.09,1.02,666.00,12.57,11-05-23-10-14-28-223
83.14,1.10,666.00,11.89,11-05-23-10-14-28-256
83.10,1.14,666.00,9.02,11-05-23-10-14-28-289
82.70,1.18,666.00,3.71,11-05-23-10-14-28-334
81.27,1.01,666.00,5.02,11-05-23-10-14-28-356
79.18,0.71,666.00,7.59,11-05-23-10-14-28-389
75.88,0.61,666.00,7.14,11-05-23-10-14-28-420
71.43,0.69,666.00,6.91,11-05-23-10-14-28-457
67.30,0.65,666.00,7.32,11-05-23-10-14-28-488
61.73,0.51,666.00,7.43,11-05-23-10-14-28-522
57.46,0.34,666.00,6.57,11-05-23-10-14-28-556
53.79,0.55,666.00,6.48,11-05-23-10-14-28-588
50.97,0.77,666.00,6.67,11-05-23-10-14-28-631
48.36,0.96,666.00,5.50,11-05-23-10-14-28-655
44.48,0.68,666.00,5.67,11-05-23-10-14-28-688
41.09,0.13,666.00,6.40,11-05-23-10-14-28-724
37.91,-0.50,666.00,7.75,11-05-23-10-14-28-754
35.29,-1.42,666.00,8.97,11-05-23-10-14-28-788
32.88,-2.32,666.00,9.22,11-05-23-10-14-28-822
30.45,-3.41,666.00,11.30,11-05-23-10-14-28-857
28.10,-4.79,666.00,12.54,11-05-23-10-14-28-888
26.39,-6.06,666.00,13.90,11-05-23-10-14-28-922
24.53,-8.25,666.00,15.46,11-05-23-10-14-28-954
22.59,-10.85,666.00,16.82,11-05-23-10-14-28-990
21.13,-13.19,666.00,18.10,11-05-23-10-14-29-021
19.92,-15.95,666.00,19.60,11-05-23-10-14-29-055
18.94,-18.50,666.00,20.80,11-05-23-10-14-29-093
17.99,-20.55,666.00,21.70,11-05-23-10-14-29-123
17.12,-22.21,666.00,22.88,11-05-23-10-14-29-154
16.43,-23.25,666.00,23.69,11-05-23-10-14-29-192
15.91,-23.87,666.00,24.51,11-05-23-10-14-29-222
15.57,-24.10,666.00,25.40,11-05-23-10-14-29-254
15.34,-23.99,666.00,28.77,11-05-23-10-14-29-291
15.19,-23.73,666.00,29.65,11-05-23-10-14-29-321
15.12,-23.38,-24.11,30.09,11-05-23-10-14-29-355
15.08,-23.03,-24.58,30.34,11-05-23-10-14-29-397
15.08,-22.70,-24.91,30.42,11-05-23-10-14-29-422
15.09,-22.35,-25.15,30.35,11-05-23-10-14-29-456
15.11,-21.89,-25.36,30.17,11-05-23-10-14-29-490
15.13,-21.43,666.00,29.57,11-05-23-10-14-29-522
15.14,-20.25,666.00,28.69,11-05-23-10-14-29-560
15.17,-18.71,666.00,27.33,11-05-23-10-14-29-605
15.22,-17.72,666.00,25.58,11-05-23-10-14-29-621
15.52,-17.16,666.00,24.11,11-05-23-10-14-29-674
15.90,-16.46,666.00,23.02,11-05-23-10-14-29-696
16.68,-15.62,666.00,22.61,11-05-23-10-14-29-728
17.49,-14.75,666.00,22.57,11-05-23-10-14-29-755
18.50,-13.50,666.00,22.38,11-05-23-10-14-29-790
20.44,-11.04,666.00,21.32,11-05-23-10-14-29-824
22.47,-8.72,666.00,19.63,11-05-23-10-14-29-852
24.48,-7.00,666.00,18.93,11-05-23-10-14-29-891
27.63,-5.07,666.00,18.47,11-05-23-10-14-29-922
30.35,-4.04,666.00,20.89,11-05-23-10-14-29-958
33.00,-3.28,666.00,20.71,11-05-23-10-14-29-988
35.46,-2.69,666.00,19.32,11-05-23-10-14-30-022
37.92,-2.13,666.00,17.40,11-05-23-10-14-30-055
40.33,-1.82,666.00,15.90,11-05-23-10-14-30-089
43.90,-1.57,666.00,14.06,11-05-23-10-14-30-123
46.97,-1.56,666.00,12.71,11-05-23-10-14-30-159
49.86,-1.49,666.00,15.77,11-05-23-10-14-30-189
52.84,-1.21,666.00,17.58,11-05-23-10-14-30-222
56.47,-1.13,666.00,14.74,11-05-23-10-14-30-255
59.51,-0.86,666.00,15.85,11-05-23-10-14-30-288
64.82,-0.78,666.00,11.47,11-05-23-10-14-30-322
67.95,-0.81,666.00,12.89,11-05-23-10-14-30-355
71.21,-0.85,666.00,13.53,11-05-23-10-14-30-388
73.74,-0.74,666.00,13.07,11-05-23-10-14-30-422
76.80,-0.71,666.00,10.66,11-05-23-10-14-30-461
78.91,-0.49,666.00,12.97,11-05-23-10-14-30-490
80.51,-0.27,666.00,13.45,11-05-23-10-14-30-523
83.95,0.46,666.00,8.66,11-05-23-10-14-30-553
85.53,0.97,666.00,7.69,11-05-23-10-14-30-589
86.45,1.36,666.00,7.21,11-05-23-10-14-30-620
87.01,1.68,666.00,7.84,11-05-23-10-14-30-654
87.31,1.88,666.00,8.31,11-05-23-10-14-30-688
87.52,2.03,666.00,8.71,11-05-23-10-14-30-720
87.67,2.15,666.00,8.89,11-05-23-10-14-30-753
87.73,2.23,666.00,9.01,11-05-23-10-14-30-789
87.73,2.24,666.00,9.04,11-05-23-10-14-30-820
87.66,2.24,666.00,8.22,11-05-23-10-14-30-856
87.13,2.26,666.00,6.62,11-05-23-10-14-30-887
85.81,2.32,666.00,3.12,11-05-23-10-14-30-926
83.23,2.11,666.00,5.35,11-05-23-10-14-30-957
78.96,1.60,666.00,5.76,11-05-23-10-14-30-989
74.36,1.22,666.00,7.45,11-05-23-10-14-31-021
67.07,1.77,666.00,9.54,11-05-23-10-14-31-056
61.56,1.58,666.00,10.65,11-05-23-10-14-31-086
56.77,1.50,666.00,9.36,11-05-23-10-14-31-123
52.68,1.17,666.00,8.48,11-05-23-10-14-31-154
49.16,0.69,666.00,8.40,11-05-23-10-14-31-187
45.87,0.08,666.00,8.19,11-05-23-10-14-31-230
41.81,-0.79,666.00,7.62,11-05-23-10-14-31-254
38.71,-1.62,666.00,8.47,11-05-23-10-14-31-289
35.90,-2.38,666.00,9.74,11-05-23-10-14-31-321
33.67,-3.28,666.00,10.85,11-05-23-10-14-31-356
31.77,-3.95,666.00,10.95,11-05-23-10-14-31-388
29.90,-4.98,666.00,12.18,11-05-23-10-14-31-424
27.87,-6.39,666.00,13.26,11-05-23-10-14-31-454
26.03,-7.93,666.00,14.39,11-05-23-10-14-31-491
24.50,-9.48,666.00,15.39,11-05-23-10-14-31-531
22.91,-11.62,666.00,16.42,11-05-23-10-14-31-553
21.12,-14.60,666.00,17.57,11-05-23-10-14-31-588
19.92,-17.02,666.00,18.48,11-05-23-10-14-31-623
19.04,-19.09,666.00,19.68,11-05-23-10-14-31-652
18.36,-20.75,666.00,21.34,11-05-23-10-14-31-688
17.84,-22.01,666.00,23.22,11-05-23-10-14-31-724
17.31,-22.91,666.00,24.23,11-05-23-10-14-31-756
16.84,-23.28,666.00,25.07,11-05-23-10-14-31-791
16.50,-23.45,666.00,25.57,11-05-23-10-14-31-822
16.25,-23.44,666.00,25.98,11-05-23-10-14-31-856
16.07,-23.36,666.00,28.53,11-05-23-10-14-31-889
15.94,-23.16,666.00,29.23,11-05-23-10-14-31-924
15.84,-22.95,666.00,29.51,11-05-23-10-14-31-952
15.75,-22.73,666.00,29.64,11-05-23-10-14-31-990
15.68,-22.46,666.00,29.63,11-05-23-10-14-32-021
15.63,-22.19,666.00,29.50,11-05-23-10-14-32-055
15.60,-21.97,666.00,29.30,11-05-23-10-14-32-090
15.58,-21.75,666.00,28.97,11-05-23-10-14-32-122
15.57,-21.58,666.00,28.29,11-05-23-10-14-32-157
15.59,-21.39,666.00,27.64,11-05-23-10-14-32-187
15.62,-21.21,666.00,27.04,11-05-23-10-14-32-221
15.67,-21.03,666.00,26.04,11-05-23-10-14-32-258
15.73,-20.85,666.00,25.30,11-05-23-10-14-32-292
15.80,-20.68,666.00,24.60,11-05-23-10-14-32-319
15.91,-20.42,666.00,24.26,11-05-23-10-14-32-356
16.04,-20.05,666.00,24.00,11-05-23-10-14-32-389
16.25,-19.41,666.00,24.05,11-05-23-10-14-32-423
16.62,-18.25,666.00,23.60,11-05-23-10-14-32-456
17.32,-16.19,666.00,22.32,11-05-23-10-14-32-486
18.45,-13.45,666.00,21.23,11-05-23-10-14-32-525
20.61,-10.25,666.00,19.19,11-05-23-10-14-32-553
22.39,-8.54,666.00,18.87,11-05-23-10-14-32-602
24.71,-7.60,666.00,17.33,11-05-23-10-14-32-621
26.85,-7.17,666.00,16.54,11-05-23-10-14-32-653
30.15,-6.83,666.00,14.59,11-05-23-10-14-32-690
33.25,-6.64,666.00,16.67,11-05-23-10-14-32-721
36.05,-6.29,666.00,15.39,11-05-23-10-14-32-753
38.85,-5.87,666.00,14.42,11-05-23-10-14-32-790
41.72,-5.40,666.00,14.76,11-05-23-10-14-32-828
44.52,-5.18,666.00,15.01,11-05-23-10-14-32-855
47.25,-5.11,666.00,17.33,11-05-23-10-14-32-900
50.67,-4.94,666.00,16.17,11-05-23-10-14-32-922
53.87,-4.69,666.00,18.46,11-05-23-10-14-32-954
58.18,-4.47,666.00,16.82,11-05-23-10-14-32-991
64.15,-3.60,666.00,11.92,11-05-23-10-14-33-021
67.64,-2.94,666.00,13.07,11-05-23-10-14-33-055
71.38,-2.86,666.00,12.24,11-05-23-10-14-33-089
73.93,-2.59,666.00,11.15,11-05-23-10-14-33-123
75.74,-2.45,666.00,10.90,11-05-23-10-14-33-155
77.05,-2.30,666.00,11.03,11-05-23-10-14-33-189
78.65,-1.89,666.00,13.09,11-05-23-10-14-33-223
79.81,-1.57,666.00,13.36,11-05-23-10-14-33-256
80.90,-1.20,666.00,13.19,11-05-23-10-14-33-291
81.78,-0.90,666.00,12.92,11-05-23-10-14-33-325
82.61,-0.60,666.00,12.81,11-05-23-10-14-33-357
83.29,-0.38,666.00,12.65,11-05-23-10-14-33-390
83.79,-0.22,666.00,12.66,11-05-23-10-14-33-424
84.14,-0.10,666.00,12.65,11-05-23-10-14-33-454
84.35,-0.01,666.00,12.65,11-05-23-10-14-33-487
84.45,0.08,666.00,12.63,11-05-23-10-14-33-520
84.48,0.16,666.00,12.11,11-05-23-10-14-33-557
84.02,0.26,666.00,10.22,11-05-23-10-14-33-588
83.43,0.35,666.00,6.68,11-05-23-10-14-33-622
81.99,0.49,666.00,6.67,11-05-23-10-14-33-666
79.82,0.59,666.00,7.30,11-05-23-10-14-33-690
76.09,1.03,666.00,6.86,11-05-23-10-14-33-721
71.77,1.43,666.00,6.59,11-05-23-10-14-33-754
66.67,1.42,666.00,6.95,11-05-23-10-14-33-788
61.99,1.20,666.00,7.42,11-05-23-10-14-33-821
57.43,0.79,666.00,8.38,11-05-23-10-14-33-853
52.82,-0.05,666.00,8.96,11-05-23-10-14-33-888
49.02,-0.99,666.00,9.55,11-05-23-10-14-33-925
45.54,-1.88,666.00,10.30,11-05-23-10-14-33-964
42.52,-3.00,666.00,11.66,11-05-23-10-14-33-989
39.72,-4.13,666.00,12.91,11-05-23-10-14-34-021
36.76,-5.48,666.00,12.69,11-05-23-10-14-34-055
33.70,-6.78,666.00,15.10,11-05-23-10-14-34-089
30.22,-8.18,666.00,17.43,11-05-23-10-14-34-120
27.54,-9.64,666.00,18.19,11-05-23-10-14-34-155
24.94,-11.75,666.00,18.83,11-05-23-10-14-34-191
22.98,-14.08,666.00,19.39,11-05-23-10-14-34-222
20.91,-17.23,666.00,20.30,11-05-23-10-14-34-257
19.45,-20.14,666.00,21.80,11-05-23-10-14-34-291
18.19,-22.68,666.00,23.32,11-05-23-10-14-34-320
17.25,-24.47,666.00,25.05,11-05-23-10-14-34-355
16.55,-25.49,666.00,29.65,11-05-23-10-14-34-387
16.10,-26.13,-25.89,31.70,11-05-23-10-14-34-427
15.78,-26.48,-24.87,32.87,11-05-23-10-14-34-455
15.53,-26.26,-23.68,33.17,11-05-23-10-14-34-489
15.33,-25.09,-23.23,32.83,11-05-23-10-14-34-522
15.18,-23.48,-23.21,32.19,11-05-23-10-14-34-556
15.11,-21.84,-23.36,31.42,11-05-23-10-14-34-588
15.09,-20.48,-23.55,30.67,11-05-23-10-14-34-623
15.10,-19.41,666.00,29.98,11-05-23-10-14-34-654
15.14,-18.39,666.00,29.32,11-05-23-10-14-34-688
15.18,-17.48,666.00,28.43,11-05-23-10-14-34-730
15.22,-16.74,666.00,27.36,11-05-23-10-14-34-754
15.27,-16.19,666.00,26.49,11-05-23-10-14-34-789
15.31,-15.77,666.00,23.86,11-05-23-10-14-34-823
15.37,-15.49,666.00,23.19,11-05-23-10-14-34-854
15.46,-15.24,666.00,22.99,11-05-23-10-14-34-891
15.80,-15.30,666.00,23.36,11-05-23-10-14-34-923
16.18,-15.31,666.00,23.18,11-05-23-10-14-34-955
17.80,-16.36,666.00,23.19,11-05-23-10-14-34-988
19.02,-16.13,666.00,23.21,11-05-23-10-14-35-032
20.09,-15.58,666.00,23.51,11-05-23-10-14-35-056
21.57,-14.08,666.00,22.96,11-05-23-10-14-35-090
23.18,-12.31,666.00,21.86,11-05-23-10-14-35-121
24.95,-10.69,666.00,20.81,11-05-23-10-14-35-155
26.89,-9.20,666.00,20.93,11-05-23-10-14-35-188
29.32,-7.57,666.00,22.40,11-05-23-10-14-35-222
31.89,-6.37,666.00,22.10,11-05-23-10-14-35-259
34.98,-5.53,666.00,21.37,11-05-23-10-14-35-289
37.94,-4.85,666.00,19.31,11-05-23-10-14-35-323
40.88,-4.30,666.00,18.88,11-05-23-10-14-35-352
43.90,-3.95,666.00,17.54,11-05-23-10-14-35-391
47.28,-3.63,666.00,17.57,11-05-23-10-14-35-424
50.24,-3.59,666.00,19.22,11-05-23-10-14-35-457
53.88,-3.58,666.00,16.72,11-05-23-10-14-35-498
57.83,-3.60,666.00,17.05,11-05-23-10-14-35-522
61.20,-3.51,666.00,15.85,11-05-23-10-14-35-554
64.85,-3.77,666.00,13.90,11-05-23-10-14-35-591
67.29,-3.66,666.00,13.95,11-05-23-10-14-35-624
69.46,-3.43,666.00,14.33,11-05-23-10-14-35-657
71.25,-3.32,666.00,13.91,11-05-23-10-14-35-690
72.75,-3.09,666.00,14.10,11-05-23-10-14-35-723
74.41,-2.73,666.00,13.52,11-05-23-10-14-35-756
76.28,-2.19,666.00,14.19,11-05-23-10-14-35-798
77.59,-1.72,666.00,15.03,11-05-23-10-14-35-821
78.84,-1.18,666.00,14.53,11-05-23-10-14-35-855
79.55,-0.73,666.00,14.34,11-05-23-10-14-35-889
79.96,-0.31,666.00,14.60,11-05-23-10-14-35-921
80.20,0.07,666.00,14.74,11-05-23-10-14-35-955
80.34,0.40,666.00,14.77,11-05-23-10-14-35-988
80.38,0.67,666.00,14.79,11-05-23-10-14-36-022
80.37,0.90,666.00,14.64,11-05-23-10-14-36-056
80.33,1.08,666.00,13.63,11-05-23-10-14-36-088
80.25,1.22,666.00,9.17,11-05-23-10-14-36-121
79.82,1.31,666.00,7.35,11-05-23-10-14-36-159
78.45,1.28,666.00,6.86,11-05-23-10-14-36-190
76.06,1.14,666.00,7.97,11-05-23-10-14-36-220
71.93,1.56,666.00,8.06,11-05-23-10-14-36-261
67.58,1.90,666.00,7.62,11-05-23-10-14-36-292
63.34,2.14,666.00,6.59,11-05-23-10-14-36-323
58.67,2.13,666.00,6.13,11-05-23-10-14-36-358
54.39,2.06,666.00,7.04,11-05-23-10-14-36-391
50.79,1.75,666.00,6.76,11-05-23-10-14-36-422
48.04,1.23,666.00,7.11,11-05-23-10-14-36-455
44.53,-0.05,666.00,7.63,11-05-23-10-14-36-487
41.42,-1.36,666.00,8.99,11-05-23-10-14-36-522
39.03,-2.70,666.00,9.98,11-05-23-10-14-36-563
36.24,-4.18,666.00,11.23,11-05-23-10-14-36-590
33.93,-5.90,666.00,12.09,11-05-23-10-14-36-623
32.12,-7.70,666.00,12.57,11-05-23-10-14-36-658
30.16,-9.77,666.00,14.05,11-05-23-10-14-36-691
28.40,-12.01,666.00,15.98,11-05-23-10-14-36-721
26.96,-14.01,666.00,17.79,11-05-23-10-14-36-763
25.34,-16.18,666.00,19.35,11-05-23-10-14-36-787
23.93,-18.11,666.00,20.40,11-05-23-10-14-36-821
22.47,-19.87,666.00,21.23,11-05-23-10-14-36-862
21.13,-21.47,666.00,21.94,11-05-23-10-14-36-888
20.01,-22.90,666.00,22.79,11-05-23-10-14-36-921
19.09,-23.91,666.00,24.34,11-05-23-10-14-36-956
18.18,-24.51,666.00,27.71,11-05-23-10-14-36-988
17.36,-24.45,666.00,28.16,11-05-23-10-14-37-021
16.62,-23.99,666.00,27.86,11-05-23-10-14-37-055
16.06,-23.34,666.00,27.60,11-05-23-10-14-37-090
15.65,-22.62,666.00,27.29,11-05-23-10-14-37-120
15.28,-21.71,666.00,26.99,11-05-23-10-14-37-166
15.02,-21.00,666.00,26.75,11-05-23-10-14-37-186
14.84,-20.44,666.00,26.46,11-05-23-10-14-37-220
14.72,-20.02,666.00,26.12,11-05-23-10-14-37-256
14.64,-19.71,666.00,25.58,11-05-23-10-14-37-287
14.59,-19.46,666.00,25.06,11-05-23-10-14-37-320
14.58,-19.26,666.00,24.57,11-05-23-10-14-37-353
14.60,-19.04,666.00,23.99,11-05-23-10-14-37-389
14.64,-18.87,666.00,23.49,11-05-23-10-14-37-423
14.73,-18.65,666.00,23.10,11-05-23-10-14-37-464
15.33,-18.64,666.00,22.84,11-05-23-10-14-37-489
15.75,-18.61,666.00,22.73,11-05-23-10-14-37-525
16.04,-18.48,666.00,22.70,11-05-23-10-14-37-555
16.29,-18.28,666.00,22.75,11-05-23-10-14-37-590
16.52,-17.99,666.00,23.04,11-05-23-10-14-37-621
16.91,-16.97,666.00,22.97,11-05-23-10-14-37-654
17.47,-15.50,666.00,22.73,11-05-23-10-14-37-688
18.84,-12.45,666.00,21.20,11-05-23-10-14-37-724
21.26,-8.67,666.00,18.88,11-05-23-10-14-37-753
23.13,-6.82,666.00,18.65,11-05-23-10-14-37-790
25.33,-5.40,666.00,18.13,11-05-23-10-14-37-819
27.86,-4.62,666.00,17.96,11-05-23-10-14-37-852
30.29,-4.43,666.00,20.04,11-05-23-10-14-37-890
32.80,-4.45,666.00,20.99,11-05-23-10-14-37-923
35.14,-4.38,666.00,21.06,11-05-23-10-14-37-954
37.47,-4.56,666.00,20.42,11-05-23-10-14-37-988
40.18,-4.88,666.00,21.39,11-05-23-10-14-38-023
43.35,-5.02,666.00,21.44,11-05-23-10-14-38-053
46.54,-4.94,666.00,21.02,11-05-23-10-14-38-090
49.63,-4.56,666.00,22.69,11-05-23-10-14-38-123
54.12,-4.34,666.00,20.07,11-05-23-10-14-38-155
57.95,-4.51,666.00,17.28,11-05-23-10-14-38-190
64.39,-4.08,666.00,14.39,11-05-23-10-14-38-228
67.37,-3.71,666.00,13.47,11-05-23-10-14-38-253
69.42,-3.42,666.00,15.36,11-05-23-10-14-38-288
71.54,-3.11,666.00,14.60,11-05-23-10-14-38-326
73.51,-3.08,666.00,16.51,11-05-23-10-14-38-356
75.12,-2.88,666.00,17.08,11-05-23-10-14-38-387
76.54,-2.53,666.00,18.45,11-05-23-10-14-38-425
77.69,-2.06,666.00,18.97,11-05-23-10-14-38-454
78.58,-1.68,666.00,18.92,11-05-23-10-14-38-490
79.20,-1.30,666.00,18.69,11-05-23-10-14-38-527
79.77,-0.96,666.00,18.67,11-05-23-10-14-38-552
80.26,-0.70,666.00,18.84,11-05-23-10-14-38-590
80.55,-0.50,666.00,18.76,11-05-23-10-14-38-622
80.72,-0.33,666.00,18.63,11-05-23-10-14-38-659
80.77,-0.19,666.00,18.22,11-05-23-10-14-38-688
80.75,-0.05,666.00,16.79,11-05-23-10-14-38-721
80.70,0.09,666.00,11.73,11-05-23-10-14-38-755
80.31,0.18,666.00,9.06,11-05-23-10-14-38-788
79.18,0.19,666.00,8.06,11-05-23-10-14-38-833
74.83,-0.04,666.00,10.07,11-05-23-10-14-38-852
70.81,-0.14,666.00,9.83,11-05-23-10-14-38-889
67.01,-0.17,666.00,9.67,11-05-23-10-14-38-924
62.48,-0.06,666.00,8.79,11-05-23-10-14-38-954
57.01,-0.31,666.00,9.14,11-05-23-10-14-38-988
53.06,-0.43,666.00,8.88,11-05-23-10-14-39-022
49.43,-1.08,666.00,8.46,11-05-23-10-14-39-054
46.51,-2.02,666.00,9.00,11-05-23-10-14-39-089
43.89,-3.04,666.00,9.78,11-05-23-10-14-39-124
40.90,-4.58,666.00,11.82,11-05-23-10-14-39-154
38.53,-5.93,666.00,12.99,11-05-23-10-14-39-187
36.47,-7.37,666.00,14.03,11-05-23-10-14-39-221
33.91,-8.69,666.00,14.67,11-05-23-10-14-39-256
31.42,-10.18,666.00,16.79,11-05-23-10-14-39-295
29.11,-11.76,666.00,17.52,11-05-23-10-14-39-323
27.17,-12.93,666.00,18.32,11-05-23-10-14-39-354
25.46,-14.29,666.00,18.18,11-05-23-10-14-39-388
23.50,-16.18,666.00,17.90,11-05-23-10-14-39-420
21.78,-18.36,666.00,18.24,11-05-23-10-14-39-458
20.31,-20.82,666.00,18.86,11-05-23-10-14-39-492
19.20,-23.05,666.00,20.35,11-05-23-10-14-39-521
18.40,-24.79,666.00,24.83,11-05-23-10-14-39-554
17.45,-26.28,666.00,26.26,11-05-23-10-14-39-598
16.42,-27.40,666.00,26.43,11-05-23-10-14-39-620
15.54,-28.10,666.00,26.39,11-05-23-10-14-39-658
14.87,-28.54,666.00,26.40,11-05-23-10-14-39-688
14.31,-28.68,666.00,26.49,11-05-23-10-14-39-725
13.85,-28.50,666.00,26.47,11-05-23-10-14-39-753
13.50,-28.20,666.00,26.40,11-05-23-10-14-39-789
13.20,-27.43,666.00,26.12,11-05-23-10-14-39-822
12.98,-26.35,666.00,25.75,11-05-23-10-14-39-861
12.82,-25.23,666.00,25.37,11-05-23-10-14-39-907
12.73,-23.86,666.00,24.97,11-05-23-10-14-39-935
12.68,-22.66,666.00,24.60,11-05-23-10-14-39-958
12.67,-21.61,666.00,24.29,11-05-23-10-14-39-992
12.69,-20.72,666.00,24.01,11-05-23-10-14-40-027
12.72,-19.95,666.00,23.61,11-05-23-10-14-40-053
12.77,-19.26,666.00,23.19,11-05-23-10-14-40-092
12.83,-18.65,666.00,22.67,11-05-23-10-14-40-121
13.01,-17.95,666.00,22.25,11-05-23-10-14-40-153
13.21,-17.32,666.00,21.94,11-05-23-10-14-40-197
13.41,-16.68,666.00,21.50,11-05-23-10-14-40-222
13.75,-15.75,666.00,21.47,11-05-23-10-14-40-254
14.21,-14.53,666.00,21.27,11-05-23-10-14-40-288
15.02,-12.45,666.00,20.55,11-05-23-10-14-40-322
16.54,-9.92,666.00,19.40,11-05-23-10-14-40-364
18.96,-7.97,666.00,17.83,11-05-23-10-14-40-389
21.55,-6.86,666.00,16.27,11-05-23-10-14-40-423
24.27,-6.34,666.00,17.32,11-05-23-10-14-40-453
27.36,-5.82,666.00,15.95,11-05-23-10-14-40-487
30.12,-5.55,666.00,18.82,11-05-23-10-14-40-521
33.17,-5.54,666.00,18.34,11-05-23-10-14-40-554
35.82,-5.64,666.00,19.89,11-05-23-10-14-40-589
38.31,-5.61,666.00,20.97,11-05-23-10-14-40-624
41.18,-5.46,666.00,19.33,11-05-23-10-14-40-655
45.27,-4.78,666.00,17.79,11-05-23-10-14-40-689
48.75,-4.22,666.00,17.94,11-05-23-10-14-40-723
52.10,-3.98,666.00,19.82,11-05-23-10-14-40-755
55.20,-3.48,666.00,18.82,11-05-23-10-14-40-789
58.40,-2.78,666.00,17.83,11-05-23-10-14-40-828
62.04,-2.36,666.00,18.58,11-05-23-10-14-40-853
64.98,-1.99,666.00,18.37,11-05-23-10-14-40-887
67.87,-1.89,666.00,17.72,11-05-23-10-14-40-922
71.29,-1.32,666.00,17.43,11-05-23-10-14-40-954
74.15,-0.85,666.00,16.42,11-05-23-10-14-40-988
76.90,-0.51,666.00,15.37,11-05-23-10-14-41-023
78.42,-0.01,666.00,16.68,11-05-23-10-14-41-054
79.29,0.57,666.00,17.08,11-05-23-10-14-41-088
80.04,1.05,666.00,17.64,11-05-23-10-14-41-128
80.86,1.49,666.00,17.25,11-05-23-10-14-41-155
81.36,1.85,666.00,16.93,11-05-23-10-14-41-189
81.70,2.18,666.00,16.67,11-05-23-10-14-41-222
81.93,2.44,666.00,16.16,11-05-23-10-14-41-254
81.98,2.71,666.00,15.23,11-05-23-10-14-41-292
81.86,2.96,666.00,12.71,11-05-23-10-14-41-320
81.54,3.16,666.00,7.85,11-05-23-10-14-41-354
80.41,3.21,666.00,6.08,11-05-23-10-14-41-390
78.56,2.91,666.00,6.85,11-05-23-10-14-41-432
75.51,2.92,666.00,6.75,11-05-23-10-14-41-454
72.07,2.82,666.00,6.27,11-05-23-10-14-41-489
67.81,2.56,666.00,5.41,11-05-23-10-14-41-524
64.09,2.37,666.00,5.10,11-05-23-10-14-41-551
57.07,1.46,666.00,5.89,11-05-23-10-14-41-586
53.33,0.55,666.00,7.74,11-05-23-10-14-41-621
50.40,-0.27,666.00,8.00,11-05-23-10-14-41-651
47.66,-1.34,666.00,9.17,11-05-23-10-14-41-689
44.69,-2.72,666.00,9.96,11-05-23-10-14-41-735
42.16,-3.98,666.00,12.01,11-05-23-10-14-41-753
39.08,-5.46,666.00,12.67,11-05-23-10-14-41-788
36.59,-6.53,666.00,12.40,11-05-23-10-14-41-823
33.66,-7.89,666.00,12.27,11-05-23-10-14-41-851
30.85,-9.65,666.00,15.13,11-05-23-10-14-41-888
28.73,-11.10,666.00,16.58,11-05-23-10-14-41-923
26.60,-12.62,666.00,17.35,11-05-23-10-14-41-954
24.33,-14.93,666.00,17.78,11-05-23-10-14-41-990
21.72,-17.91,666.00,18.21,11-05-23-10-14-42-025
19.84,-20.83,666.00,19.39,11-05-23-10-14-42-053
18.51,-23.64,666.00,20.93,11-05-23-10-14-42-092
17.57,-25.97,666.00,22.88,11-05-23-10-14-42-121
16.91,-27.89,666.00,27.16,11-05-23-10-14-42-153
16.36,-29.27,666.00,28.71,11-05-23-10-14-42-198
15.94,-30.10,666.00,29.32,11-05-23-10-14-42-221
15.66,-30.57,666.00,29.71,11-05-23-10-14-42-254
15.46,-30.56,666.00,29.94,11-05-23-10-14-42-292
15.32,-30.17,-18.40,30.02,11-05-23-10-14-42-320
15.22,-29.05,666.00,29.86,11-05-23-10-14-42-355
15.16,-27.42,666.00,29.54,11-05-23-10-14-42-395
15.14,-25.80,666.00,29.21,11-05-23-10-14-42-423
15.14,-24.32,666.00,28.91,11-05-23-10-14-42-457
15.16,-22.85,666.00,28.60,11-05-23-10-14-42-502
15.19,-21.76,666.00,28.36,11-05-23-10-14-42-522
15.23,-20.94,666.00,28.19,11-05-23-10-14-42-553
15.27,-20.36,666.00,28.07,11-05-23-10-14-42-588
15.31,-19.94,666.00,27.97,11-05-23-10-14-42-623
15.36,-19.70,666.00,27.88,11-05-23-10-14-42-656
15.40,-19.56,666.00,27.58,11-05-23-10-14-42-685
15.45,-19.49,666.00,27.13,11-05-23-10-14-42-722
15.51,-19.56,666.00,26.38,11-05-23-10-14-42-756
15.85,-20.03,666.00,25.04,11-05-23-10-14-42-799
16.12,-20.19,666.00,23.75,11-05-23-10-14-42-819
16.36,-20.30,666.00,22.67,11-05-23-10-14-42-854
16.72,-20.46,666.00,21.85,11-05-23-10-14-42-888
17.11,-20.41,666.00,21.38,11-05-23-10-14-42-923
17.78,-19.93,666.00,21.07,11-05-23-10-14-42-954
18.80,-18.73,666.00,22.31,11-05-23-10-14-42-991
21.56,-15.42,666.00,21.18,11-05-23-10-14-43-021
24.02,-13.42,666.00,22.90,11-05-23-10-14-43-055
26.66,-11.74,666.00,21.98,11-05-23-10-14-43-092
29.42,-10.27,666.00,20.01,11-05-23-10-14-43-121
32.11,-9.05,666.00,22.10,11-05-23-10-14-43-156
34.88,-8.21,666.00,22.81,11-05-23-10-14-43-189
37.75,-7.44,666.00,21.61,11-05-23-10-14-43-221
40.85,-6.92,666.00,19.89,11-05-23-10-14-43-262
44.52,-6.62,666.00,20.74,11-05-23-10-14-43-287
48.38,-6.08,666.00,19.88,11-05-23-10-14-43-325
52.63,-5.93,666.00,20.60,11-05-23-10-14-43-354
58.47,-5.26,666.00,16.26,11-05-23-10-14-43-390
62.43,-4.74,666.00,14.62,11-05-23-10-14-43-422
66.41,-4.65,666.00,14.76,11-05-23-10-14-43-453
69.54,-4.45,666.00,14.28,11-05-23-10-14-43-493
72.62,-4.57,666.00,12.73,11-05-23-10-14-43-520
75.79,-4.18,666.00,11.06,11-05-23-10-14-43-561
78.15,-3.79,666.00,13.48,11-05-23-10-14-43-590
79.63,-3.47,666.00,15.59,11-05-23-10-14-43-622
80.79,-3.06,666.00,16.23,11-05-23-10-14-43-656
82.06,-2.61,666.00,15.78,11-05-23-10-14-43-688
83.31,-2.04,666.00,14.91,11-05-23-10-14-43-723
84.36,-1.58,666.00,14.11,11-05-23-10-14-43-756
85.13,-1.23,666.00,13.71,11-05-23-10-14-43-790
85.66,-0.98,666.00,13.46,11-05-23-10-14-43-822
86.02,-0.78,666.00,13.29,11-05-23-10-14-43-856
86.25,-0.64,666.00,13.15,11-05-23-10-14-43-889
86.38,-0.53,666.00,12.80,11-05-23-10-14-43-923
86.43,-0.44,666.00,12.17,11-05-23-10-14-43-956
86.02,-0.28,666.00,10.50,11-05-23-10-14-43-988
85.21,-0.14,666.00,10.61,11-05-23-10-14-44-026
83.36,-0.17,666.00,10.23,11-05-23-10-14-44-054
79.41,-0.46,666.00,10.77,11-05-23-10-14-44-089
75.08,-0.77,666.00,10.38,11-05-23-10-14-44-124
70.44,-1.07,666.00,10.51,11-05-23-10-14-44-156
64.80,-1.64,666.00,11.06,11-05-23-10-14-44-187
59.79,-2.30,666.00,10.23,11-05-23-10-14-44-223
55.55,-2.86,666.00,8.92,11-05-23-10-14-44-255
51.68,-3.54,666.00,8.65,11-05-23-10-14-44-290
48.32,-4.43,666.00,9.86,11-05-23-10-14-44-327
44.90,-5.70,666.00,10.64,11-05-23-10-14-44-353
41.20,-7.00,666.00,12.07,11-05-23-10-14-44-390
38.20,-8.58,666.00,13.30,11-05-23-10-14-44-422
35.41,-10.37,666.00,14.98,11-05-23-10-14-44-456
33.39,-11.76,666.00,16.11,11-05-23-10-14-44-491
31.51,-13.15,666.00,16.60,11-05-23-10-14-44-521
29.59,-14.70,666.00,17.74,11-05-23-10-14-44-558
28.01,-15.99,666.00,18.77,11-05-23-10-14-44-588
26.22,-17.34,666.00,19.57,11-05-23-10-14-44-631
24.54,-18.48,666.00,19.90,11-05-23-10-14-44-654
22.43,-19.60,666.00,21.21,11-05-23-10-14-44-687
20.76,-20.63,666.00,22.36,11-05-23-10-14-44-721
19.27,-21.68,666.00,23.50,11-05-23-10-14-44-756
18.24,-22.47,666.00,24.23,11-05-23-10-14-44-787
17.45,-23.02,666.00,24.53,11-05-23-10-14-44-820
16.17,-22.02,666.00,23.62,11-05-23-10-14-44-855
15.22,-20.88,666.00,23.03,11-05-23-10-14-44-888
14.54,-19.84,666.00,22.90,11-05-23-10-14-44-933
14.05,-18.99,666.00,22.97,11-05-23-10-14-44-953
13.68,-18.35,666.00,23.09,11-05-23-10-14-44-993
13.37,-17.71,666.00,23.26,11-05-23-10-14-45-022
13.13,-17.17,666.00,23.39,11-05-23-10-14-45-053
12.94,-16.76,666.00,23.47,11-05-23-10-14-45-085
12.79,-16.45,666.00,23.55,11-05-23-10-14-45-121
12.67,-16.18,666.00,23.62,11-05-23-10-14-45-153
12.58,-15.97,666.00,23.67,11-05-23-10-14-45-188
12.52,-15.79,666.00,23.36,11-05-23-10-14-45-231
12.48,-15.63,666.00,23.05,11-05-23-10-14-45-256
12.48,-15.42,666.00,22.52,11-05-23-10-14-45-286
12.55,-15.13,666.00,22.16,11-05-23-10-14-45-320
13.43,-15.63,666.00,22.12,11-05-23-10-14-45-354
14.18,-16.07,666.00,21.88,11-05-23-10-14-45-386
14.72,-16.32,666.00,22.03,11-05-23-10-14-45-423
15.19,-16.35,666.00,22.44,11-05-23-10-14-45-456
15.70,-16.27,666.00,23.01,11-05-23-10-14-45-488
16.35,-15.73,666.00,23.55,11-05-23-10-14-45-524
17.24,-14.10,666.00,23.58,11-05-23-10-14-45-554
18.36,-12.21,666.00,24.15,11-05-23-10-14-45-589
20.96,-8.03,666.00,21.86,11-05-23-10-14-45-621
22.94,-5.93,666.00,20.75,11-05-23-10-14-45-653
24.92,-4.47,666.00,22.28,11-05-23-10-14-45-697
27.27,-3.26,666.00,20.80,11-05-23-10-14-45-721
29.86,-2.66,666.00,19.29,11-05-23-10-14-45-756
32.33,-2.14,666.00,19.22,11-05-23-10-14-45-793
35.32,-2.08,666.00,17.94,11-05-23-10-14-45-820
38.66,-1.86,666.00,17.12,11-05-23-10-14-45-859
42.12,-2.07,666.00,16.80,11-05-23-10-14-45-890
45.48,-2.10,666.00,18.48,11-05-23-10-14-45-923
48.70,-2.36,666.00,17.06,11-05-23-10-14-45-956
51.98,-2.36,666.00,16.91,11-05-23-10-14-45-996
55.33,-2.53,666.00,15.86,11-05-23-10-14-46-023
59.05,-2.66,666.00,14.94,11-05-23-10-14-46-060
63.06,-2.84,666.00,16.18,11-05-23-10-14-46-089
65.87,-2.86,666.00,15.75,11-05-23-10-14-46-123
70.12,-3.01,666.00,13.55,11-05-23-10-14-46-155
72.86,-3.16,666.00,13.23,11-05-23-10-14-46-191
75.47,-2.98,666.00,12.53,11-05-23-10-14-46-222
77.80,-2.63,666.00,12.64,11-05-23-10-14-46-256
79.16,-2.24,666.00,13.92,11-05-23-10-14-46-298
80.26,-1.77,666.00,14.78,11-05-23-10-14-46-321
81.16,-1.28,666.00,15.08,11-05-23-10-14-46-355
81.79,-0.80,666.00,15.21,11-05-23-10-14-46-386
81.99,-0.34,666.00,15.36,11-05-23-10-14-46-422
82.08,0.03,666.00,16.68,11-05-23-10-14-46-454
81.92,0.48,666.00,16.08,11-05-23-10-14-46-489
81.77,0.87,666.00,14.79,11-05-23-10-14-46-523
81.50,1.25,666.00,12.00,11-05-23-10-14-46-555
81.00,1.68,666.00,8.61,11-05-23-10-14-46-588
79.54,2.14,666.00,6.40,11-05-23-10-14-46-623
77.35,2.40,666.00,5.59,11-05-23-10-14-46-655
74.05,2.68,666.00,5.02,11-05-23-10-14-46-688
68.90,2.95,666.00,3.22,11-05-23-10-14-46-721
65.58,3.01,666.00,5.64,11-05-23-10-14-46-762
58.06,2.02,666.00,2.67,11-05-23-10-14-46-785
53.96,1.36,666.00,5.24,11-05-23-10-14-46-820
51.50,0.75,666.00,3.80,11-05-23-10-14-46-856
48.93,-0.04,666.00,3.80,11-05-23-10-14-46-886
46.29,-1.17,666.00,3.51,11-05-23-10-14-46-920
43.72,-2.69,666.00,4.57,11-05-23-10-14-46-954
40.61,-4.84,666.00,6.98,11-05-23-10-14-46-991
38.10,-6.57,666.00,8.63,11-05-23-10-14-47-022
35.31,-8.47,666.00,10.01,11-05-23-10-14-47-064
32.64,-10.43,666.00,12.58,11-05-23-10-14-47-087
30.09,-12.56,666.00,14.92,11-05-23-10-14-47-125
28.01,-14.36,666.00,16.27,11-05-23-10-14-47-154
25.84,-16.45,666.00,18.09,11-05-23-10-14-47-189
23.34,-18.98,666.00,19.05,11-05-23-10-14-47-221
21.28,-21.12,666.00,19.61,11-05-23-10-14-47-255
19.63,-23.05,666.00,22.54,11-05-23-10-14-47-290
18.39,-24.75,666.00,24.75,11-05-23-10-14-47-323
17.53,-26.17,666.00,25.88,11-05-23-10-14-47-365
16.93,-27.21,666.00,26.66,11-05-23-10-14-47-390
16.39,-27.68,666.00,27.55,11-05-23-10-14-47-422
15.97,-27.65,666.00,28.16,11-05-23-10-14-47-457
15.61,-26.75,666.00,28.42,11-05-23-10-14-47-490
15.34,-25.61,666.00,28.57,11-05-23-10-14-47-522
15.13,-24.12,666.00,28.57,11-05-23-10-14-47-555
14.95,-22.39,666.00,28.71,11-05-23-10-14-47-590
14.83,-20.88,666.00,28.75,11-05-23-10-14-47-621
14.76,-19.72,666.00,28.79,11-05-23-10-14-47-656
14.72,-18.79,666.00,28.79,11-05-23-10-14-47-689
14.70,-18.05,666.00,28.78,11-05-23-10-14-47-720
14.69,-17.50,666.00,28.77,11-05-23-10-14-47-754
14.70,-17.03,666.00,28.77,11-05-23-10-14-47-788
14.71,-16.63,666.00,28.77,11-05-23-10-14-47-825
14.73,-16.22,666.00,28.71,11-05-23-10-14-47-856
14.76,-15.87,666.00,28.54,11-05-23-10-14-47-888
14.79,-15.57,666.00,27.96,11-05-23-10-14-47-921
14.83,-15.26,666.00,27.19,11-05-23-10-14-47-955
15.42,-15.24,666.00,25.58,11-05-23-10-14-47-988
15.88,-14.88,666.00,24.36,11-05-23-10-14-48-021
16.21,-14.64,666.00,23.09,11-05-23-10-14-48-056
16.50,-14.47,666.00,22.64,11-05-23-10-14-48-088
16.84,-14.04,666.00,22.45,11-05-23-10-14-48-134
17.33,-13.39,666.00,23.03,11-05-23-10-14-48-154
18.69,-11.20,666.00,22.37,11-05-23-10-14-48-189
20.96,-7.88,666.00,19.94,11-05-23-10-14-48-222
22.84,-5.91,666.00,18.12,11-05-23-10-14-48-259
24.78,-4.54,666.00,17.91,11-05-23-10-14-48-288
27.28,-3.67,666.00,19.42,11-05-23-10-14-48-320
30.08,-2.95,666.00,18.96,11-05-23-10-14-48-354
32.96,-2.32,666.00,17.72,11-05-23-10-14-48-388
36.74,-2.08,666.00,16.25,11-05-23-10-14-48-423
39.97,-2.16,666.00,14.96,11-05-23-10-14-48-455
43.69,-2.21,666.00,14.63,11-05-23-10-14-48-490
47.19,-2.06,666.00,16.45,11-05-23-10-14-48-522
50.38,-1.97,666.00,16.16,11-05-23-10-14-48-553
53.28,-1.89,666.00,16.18,11-05-23-10-14-48-597
56.25,-1.64,666.00,16.72,11-05-23-10-14-48-620
60.60,-1.69,666.00,15.27,11-05-23-10-14-48-654
64.13,-1.47,666.00,15.26,11-05-23-10-14-48-691
67.19,-1.41,666.00,13.87,11-05-23-10-14-48-723
70.38,-1.70,666.00,13.50,11-05-23-10-14-48-755
72.83,-1.83,666.00,13.31,11-05-23-10-14-48-791
75.12,-1.64,666.00,14.52,11-05-23-10-14-48-820
77.57,-1.61,666.00,13.49,11-05-23-10-14-48-853
79.65,-1.38,666.00,12.89,11-05-23-10-14-48-897
81.20,-1.15,666.00,12.55,11-05-23-10-14-48-920
82.32,-1.01,666.00,12.47,11-05-23-10-14-48-956
83.54,-0.98,666.00,13.55,11-05-23-10-14-48-988
84.38,-0.96,666.00,13.62,11-05-23-10-14-49-023
84.96,-0.95,666.00,13.55,11-05-23-10-14-49-052
85.32,-0.92,666.00,13.45,11-05-23-10-14-49-097
85.38,-0.79,666.00,12.78,11-05-23-10-14-49-127
85.30,-0.63,666.00,10.81,11-05-23-10-14-49-168
85.10,-0.49,666.00,7.77,11-05-23-10-14-49-202
84.19,-0.30,666.00,5.45,11-05-23-10-14-49-225
82.07,-0.31,666.00,8.07,11-05-23-10-14-49-265
77.75,-0.14,666.00,8.14,11-05-23-10-14-49-286
73.72,0.07,666.00,8.51,11-05-23-10-14-49-321
68.45,0.44,666.00,6.74,11-05-23-10-14-49-352
64.00,0.55,666.00,5.28,11-05-23-10-14-49-387
58.70,0.62,666.00,4.81,11-05-23-10-14-49-420
54.94,0.46,666.00,4.10,11-05-23-10-14-49-456
51.29,0.04,666.00,4.43,11-05-23-10-14-49-500
48.66,-0.29,666.00,5.03,11-05-23-10-14-49-520
44.88,-1.07,666.00,5.67,11-05-23-10-14-49-553
41.69,-2.13,666.00,6.22,11-05-23-10-14-49-588
37.32,-4.45,666.00,7.89,11-05-23-10-14-49-623
34.15,-6.20,666.00,9.42,11-05-23-10-14-49-658
31.16,-8.04,666.00,9.22,11-05-23-10-14-49-690
28.65,-9.99,666.00,12.77,11-05-23-10-14-49-722
25.93,-12.90,666.00,14.78,11-05-23-10-14-49-754
23.65,-15.95,666.00,16.48,11-05-23-10-14-49-788
21.75,-19.26,666.00,17.83,11-05-23-10-14-49-824
20.22,-22.11,666.00,19.05,11-05-23-10-14-49-854
19.06,-25.26,666.00,20.50,11-05-23-10-14-49-890
18.27,-27.80,666.00,22.57,11-05-23-10-14-49-922
17.51,-29.15,666.00,24.03,11-05-23-10-14-49-959
16.78,-29.41,666.00,25.28,11-05-23-10-14-49-989
16.19,-29.17,666.00,29.07,11-05-23-10-14-50-020
15.68,-28.53,666.00,29.90,11-05-23-10-14-50-057
15.22,-27.49,-24.16,30.23,11-05-23-10-14-50-090
14.82,-26.08,-25.06,30.14,11-05-23-10-14-50-123
14.51,-24.40,666.00,29.82,11-05-23-10-14-50-156
14.28,-22.72,666.00,29.37,11-05-23-10-14-50-188
14.11,-21.23,666.00,28.83,11-05-23-10-14-50-220
14.01,-19.86,666.00,28.23,11-05-23-10-14-50-262
13.94,-18.80,666.00,27.71,11-05-23-10-14-50-290
13.89,-18.02,666.00,27.26,11-05-23-10-14-50-320
13.85,-17.38,666.00,26.92,11-05-23-10-14-50-354
13.83,-16.78,666.00,26.65,11-05-23-10-14-50-389
13.81,-16.31,666.00,26.43,11-05-23-10-14-50-424
13.80,-15.94,666.00,26.01,11-05-23-10-14-50-451
13.79,-15.63,666.00,25.46,11-05-23-10-14-50-487
13.79,-15.35,666.00,24.38,11-05-23-10-14-50-523
13.84,-15.37,666.00,22.80,11-05-23-10-14-50-566
13.89,-15.34,666.00,21.15,11-05-23-10-14-50-589
13.98,-15.05,666.00,19.86,11-05-23-10-14-50-624
14.09,-14.71,666.00,19.05,11-05-23-10-14-50-655
14.29,-14.28,666.00,18.72,11-05-23-10-14-50-686
15.02,-12.77,666.00,18.49,11-05-23-10-14-50-723
16.42,-10.38,666.00,17.89,11-05-23-10-14-50-751
17.99,-8.23,666.00,19.26,11-05-23-10-14-50-789
20.35,-6.10,666.00,20.31,11-05-23-10-14-50-825
22.82,-4.79,666.00,21.01,11-05-23-10-14-50-852
26.23,-3.39,666.00,18.56,11-05-23-10-14-50-891
29.55,-2.55,666.00,19.37,11-05-23-10-14-50-921
32.69,-2.26,666.00,17.44,11-05-23-10-14-50-955
36.02,-1.99,666.00,15.42,11-05-23-10-14-50-990
39.03,-1.96,666.00,14.93,11-05-23-10-14-51-022
41.97,-2.27,666.00,16.96,11-05-23-10-14-51-053
45.17,-2.69,666.00,20.18,11-05-23-10-14-51-091
48.46,-2.86,666.00,19.99,11-05-23-10-14-51-121
51.75,-2.76,666.00,23.59,11-05-23-10-14-51-153
55.33,-2.76,666.00,23.96,11-05-23-10-14-51-189
60.99,-2.59,666.00,22.72,11-05-23-10-14-51-221
66.20,-2.34,666.00,18.50,11-05-23-10-14-51-257
70.94,-1.90,666.00,15.59,11-05-23-10-14-51-288
74.27,-1.50,666.00,14.63,11-05-23-10-14-51-326
76.21,-1.02,666.00,16.08,11-05-23-10-14-51-356
77.79,-0.57,666.00,16.62,11-05-23-10-14-51-389
79.62,0.07,666.00,16.77,11-05-23-10-14-51-422
81.22,0.57,666.00,16.87,11-05-23-10-14-51-452
82.59,0.95,666.00,16.93,11-05-23-10-14-51-488
83.51,1.22,666.00,16.53,11-05-23-10-14-51-525
84.15,1.38,666.00,16.72,11-05-23-10-14-51-555
84.55,1.49,666.00,16.64,11-05-23-10-14-51-588
84.85,1.52,666.00,16.15,11-05-23-10-14-51-632
84.84,1.62,666.00,15.12,11-05-23-10-14-51-653
84.68,1.67,666.00,11.69,11-05-23-10-14-51-688
83.98,1.67,666.00,8.36,11-05-23-10-14-51-721
82.70,1.52,666.00,3.97,11-05-23-10-14-51-753
80.36,1.09,666.00,4.81,11-05-23-10-14-51-788
72.91,0.65,666.00,10.76,11-05-23-10-14-51-820
68.62,0.53,666.00,11.18,11-05-23-10-14-51-854
64.98,0.82,666.00,11.33,11-05-23-10-14-51-894
60.27,1.17,666.00,9.56,11-05-23-10-14-51-930
56.15,0.64,666.00,8.73,11-05-23-10-14-51-954
51.86,-0.82,666.00,9.74,11-05-23-10-14-51-986
48.50,-2.21,666.00,11.22,11-05-23-10-14-52-024
45.63,-3.53,666.00,11.95,11-05-23-10-14-52-055
42.92,-4.71,666.00,12.57,11-05-23-10-14-52-087
40.24,-5.86,666.00,11.64,11-05-23-10-14-52-120
37.65,-6.96,666.00,11.98,11-05-23-10-14-52-153
35.33,-7.99,666.00,12.38,11-05-23-10-14-52-194
33.20,-9.01,666.00,12.47,11-05-23-10-14-52-230
30.42,-10.81,666.00,13.13,11-05-23-10-14-52-256
28.07,-13.15,666.00,14.04,11-05-23-10-14-52-291
25.95,-15.22,666.00,15.27,11-05-23-10-14-52-323
24.29,-17.32,666.00,16.66,11-05-23-10-14-52-353
22.52,-20.38,666.00,18.29,11-05-23-10-14-52-387
21.05,-23.42,666.00,19.97,11-05-23-10-14-52-425
19.87,-26.08,666.00,21.49,11-05-23-10-14-52-454
18.99,-28.16,666.00,26.28,11-05-23-10-14-52-489
18.39,-29.69,666.00,27.98,11-05-23-10-14-52-523
17.93,-30.64,666.00,29.06,11-05-23-10-14-52-558
17.40,-30.18,666.00,29.24,11-05-23-10-14-52-591
17.02,-29.21,666.00,29.12,11-05-23-10-14-52-622
16.74,-27.51,666.00,28.80,11-05-23-10-14-52-653
16.58,-25.45,666.00,28.48,11-05-23-10-14-52-693
16.51,-23.61,666.00,28.22,11-05-23-10-14-52-722
16.50,-21.79,666.00,28.04,11-05-23-10-14-52-753
16.50,-20.23,666.00,27.84,11-05-23-10-14-52-786
16.51,-18.92,666.00,27.62,11-05-23-10-14-52-820
16.53,-17.80,666.00,27.37,11-05-23-10-14-52-853
16.54,-16.94,666.00,27.15,11-05-23-10-14-52-886
16.54,-16.24,666.00,26.94,11-05-23-10-14-52-925
16.54,-15.69,666.00,26.75,11-05-23-10-14-52-952
16.53,-15.22,666.00,26.58,11-05-23-10-14-52-996
16.51,-14.87,666.00,26.43,11-05-23-10-14-53-022
16.49,-14.65,666.00,26.15,11-05-23-10-14-53-052
16.47,-14.51,666.00,25.44,11-05-23-10-14-53-090
16.49,-14.75,666.00,23.96,11-05-23-10-14-53-123
16.56,-15.00,666.00,22.35,11-05-23-10-14-53-155
16.65,-15.16,666.00,21.46,11-05-23-10-14-53-193
16.77,-15.11,666.00,20.93,11-05-23-10-14-53-221
17.05,-14.70,666.00,20.44,11-05-23-10-14-53-257
17.53,-14.06,666.00,20.10,11-05-23-10-14-53-296
18.33,-13.03,666.00,19.68,11-05-23-10-14-53-323
20.12,-12.11,666.00,19.89,11-05-23-10-14-53-359
22.40,-11.69,666.00,18.96,11-05-23-10-14-53-390
24.68,-11.35,666.00,20.21,11-05-23-10-14-53-422
27.27,-11.27,666.00,18.67,11-05-23-10-14-53-453
30.22,-10.77,666.00,16.19,11-05-23-10-14-53-489
32.84,-10.42,666.00,15.71,11-05-23-10-14-53-521
35.91,-10.17,666.00,13.36,11-05-23-10-14-53-552
38.46,-9.99,666.00,14.00,11-05-23-10-14-53-597
40.93,-9.85,666.00,15.02,11-05-23-10-14-53-621
43.42,-9.56,666.00,15.54,11-05-23-10-14-53-655
46.56,-9.15,666.00,17.26,11-05-23-10-14-53-692
50.03,-8.21,666.00,15.02,11-05-23-10-14-53-721
53.30,-7.37,666.00,16.23,11-05-23-10-14-53-755
57.43,-6.46,666.00,13.36,11-05-23-10-14-53-788
60.99,-5.91,666.00,14.95,11-05-23-10-14-53-822
64.74,-5.60,666.00,15.33,11-05-23-10-14-53-853
68.45,-5.08,666.00,15.43,11-05-23-10-14-53-889
71.95,-4.78,666.00,14.38,11-05-23-10-14-53-922
75.20,-4.54,666.00,16.27,11-05-23-10-14-53-955
77.10,-4.36,666.00,18.33,11-05-23-10-14-53-991
78.85,-4.13,666.00,18.96,11-05-23-10-14-54-021
80.01,-3.87,666.00,18.82,11-05-23-10-14-54-059
80.75,-3.64,666.00,18.73,11-05-23-10-14-54-091
81.42,-3.40,666.00,18.23,11-05-23-10-14-54-121
81.91,-3.16,666.00,17.66,11-05-23-10-14-54-154
82.25,-2.91,666.00,16.91,11-05-23-10-14-54-188
82.41,-2.72,666.00,16.07,11-05-23-10-14-54-222
82.46,-2.55,666.00,14.52,11-05-23-10-14-54-254
82.32,-2.24,666.00,12.05,11-05-23-10-14-54-288
81.85,-1.87,666.00,10.16,11-05-23-10-14-54-319
80.42,-1.48,666.00,8.83,11-05-23-10-14-54-363
78.31,-1.18,666.00,8.14,11-05-23-10-14-54-386
74.79,-0.67,666.00,7.46,11-05-23-10-14-54-421
69.79,0.08,666.00,7.28,11-05-23-10-14-54-453
65.87,0.12,666.00,4.45,11-05-23-10-14-54-489
62.28,-0.24,666.00,3.60,11-05-23-10-14-54-518
57.66,-0.59,666.00,4.30,11-05-23-10-14-54-553
53.85,-1.21,666.00,4.48,11-05-23-10-14-54-586
50.63,-1.83,666.00,5.67,11-05-23-10-14-54-624
47.22,-2.77,666.00,5.94,11-05-23-10-14-54-662
44.27,-3.58,666.00,6.41,11-05-23-10-14-54-687
41.78,-4.26,666.00,6.83,11-05-23-10-14-54-721
39.47,-4.88,666.00,6.73,11-05-23-10-14-54-756
36.89,-5.81,666.00,7.36,11-05-23-10-14-54-787
35.05,-6.72,666.00,7.83,11-05-23-10-14-54-824
32.58,-7.87,666.00,8.87,11-05-23-10-14-54-856
30.54,-8.94,666.00,10.14,11-05-23-10-14-54-889
28.78,-10.11,666.00,11.60,11-05-23-10-14-54-921
27.11,-11.43,666.00,14.08,11-05-23-10-14-54-962
25.04,-12.94,666.00,15.27,11-05-23-10-14-54-988
23.11,-14.40,666.00,18.52,11-05-23-10-14-55-026
21.46,-16.09,666.00,19.30,11-05-23-10-14-55-053
19.91,-18.35,666.00,20.85,11-05-23-10-14-55-090
18.74,-19.97,666.00,21.64,11-05-23-10-14-55-120
17.82,-21.18,666.00,22.21,11-05-23-10-14-55-156
16.97,-21.71,666.00,23.17,11-05-23-10-14-55-190
16.14,-21.59,666.00,23.42,11-05-23-10-14-55-221
15.35,-21.06,666.00,23.81,11-05-23-10-14-55-251
14.72,-20.50,666.00,23.91,11-05-23-10-14-55-290
14.25,-20.17,666.00,23.88,11-05-23-10-14-55-321
13.91,-20.03,666.00,23.81,11-05-23-10-14-55-355
13.64,-19.98,666.00,23.68,11-05-23-10-14-55-390
13.43,-19.97,666.00,23.51,11-05-23-10-14-55-423
13.27,-19.96,666.00,23.38,11-05-23-10-14-55-452
13.08,-19.63,666.00,23.15,11-05-23-10-14-55-488
12.95,-19.34,666.00,22.98,11-05-23-10-14-55-521
12.86,-19.12,666.00,22.82,11-05-23-10-14-55-554
12.81,-18.98,666.00,22.43,11-05-23-10-14-55-587
12.79,-18.81,666.00,22.02,11-05-23-10-14-55-621
12.81,-18.57,666.00,21.63,11-05-23-10-14-55-652
12.89,-18.30,666.00,21.22,11-05-23-10-14-55-686
13.03,-18.11,666.00,20.81,11-05-23-10-14-55-726
13.18,-18.07,666.00,20.48,11-05-23-10-14-55-752
13.31,-17.70,666.00,19.81,11-05-23-10-14-55-787
13.41,-17.22,666.00,19.45,11-05-23-10-14-55-821
13.54,-16.22,666.00,19.32,11-05-23-10-14-55-852
13.73,-15.02,666.00,19.55,11-05-23-10-14-55-885
14.04,-13.51,666.00,19.77,11-05-23-10-14-55-923
14.74,-11.12,666.00,19.61,11-05-23-10-14-55-953
15.76,-8.76,666.00,18.72,11-05-23-10-14-55-989
17.24,-6.43,666.00,18.82,11-05-23-10-14-56-023
19.10,-4.58,666.00,17.34,11-05-23-10-14-56-052
20.92,-3.37,666.00,15.68,11-05-23-10-14-56-090
22.61,-2.44,666.00,17.16,11-05-23-10-14-56-122
24.63,-1.71,666.00,18.07,11-05-23-10-14-56-152
26.51,-1.44,666.00,17.15,11-05-23-10-14-56-186
29.39,-1.47,666.00,14.50,11-05-23-10-14-56-222
31.89,-1.36,666.00,16.73,11-05-23-10-14-56-255
34.48,-1.24,666.00,16.23,11-05-23-10-14-56-290
37.06,-1.39,666.00,18.50,11-05-23-10-14-56-324
40.03,-1.44,666.00,19.07,11-05-23-10-14-56-352
43.44,-1.47,666.00,20.59,11-05-23-10-14-56-386
47.16,-1.41,666.00,19.04,11-05-23-10-14-56-424
50.65,-1.68,666.00,18.20,11-05-23-10-14-56-452
53.82,-1.80,666.00,20.11,11-05-23-10-14-56-491
57.95,-1.93,666.00,17.30,11-05-23-10-14-56-522
62.16,-2.01,666.00,17.58,11-05-23-10-14-56-553
66.09,-2.06,666.00,14.92,11-05-23-10-14-56-590
68.51,-2.01,666.00,15.65,11-05-23-10-14-56-628
70.68,-1.97,666.00,14.80,11-05-23-10-14-56-651
72.31,-1.76,666.00,15.12,11-05-23-10-14-56-687
73.29,-1.57,666.00,18.89,11-05-23-10-14-56-722
74.19,-1.38,666.00,22.18,11-05-23-10-14-56-758
74.94,-1.21,666.00,22.73,11-05-23-10-14-56-793
78.02,-0.76,666.00,18.67,11-05-23-10-14-56-824
79.38,-0.54,666.00,17.68,11-05-23-10-14-56-854
80.03,-0.41,666.00,16.99,11-05-23-10-14-56-887
80.35,-0.32,666.00,16.03,11-05-23-10-14-56-931
80.52,-0.26,666.00,14.70,11-05-23-10-14-56-953
80.43,-0.26,666.00,12.95,11-05-23-10-14-56-989
80.06,-0.31,666.00,6.71,11-05-23-10-14-57-024
79.02,-0.51,666.00,3.83,11-05-23-10-14-57-056
77.39,-0.71,666.00,4.47,11-05-23-10-14-57-087
70.62,-1.39,666.00,9.33,11-05-23-10-14-57-121
67.38,-1.63,666.00,10.18,11-05-23-10-14-57-154
64.71,-1.61,666.00,5.90,11-05-23-10-14-57-190
61.43,-1.66,666.00,4.46,11-05-23-10-14-57-222
57.78,-1.81,666.00,3.10,11-05-23-10-14-57-253
54.20,-2.09,666.00,3.46,11-05-23-10-14-57-288
50.95,-2.52,666.00,2.74,11-05-23-10-14-57-321
47.72,-3.08,666.00,3.03,11-05-23-10-14-57-354
44.73,-3.80,666.00,3.24,11-05-23-10-14-57-391
41.92,-4.76,666.00,3.79,11-05-23-10-14-57-418
39.17,-5.86,666.00,4.95,11-05-23-10-14-57-454
36.52,-7.35,666.00,5.32,11-05-23-10-14-57-488
34.40,-8.91,666.00,6.48,11-05-23-10-14-57-522
32.36,-10.49,666.00,7.67,11-05-23-10-14-57-554
30.20,-12.42,666.00,8.42,11-05-23-10-14-57-591
28.42,-14.32,666.00,9.48,11-05-23-10-14-57-622
26.90,-16.16,666.00,10.87,11-05-23-10-14-57-654
25.32,-18.44,666.00,12.54,11-05-23-10-14-57-694
24.01,-20.87,666.00,14.61,11-05-23-10-14-57-720
22.92,-23.27,666.00,16.34,11-05-23-10-14-57-755
22.12,-25.66,666.00,18.22,11-05-23-10-14-57-786
21.57,-27.59,666.00,20.33,11-05-23-10-14-57-821
21.19,-30.01,666.00,22.90,11-05-23-10-14-57-857
20.87,-31.36,666.00,28.76,11-05-23-10-14-57-887
20.61,-32.11,-16.58,30.90,11-05-23-10-14-57-922
20.31,-32.36,-17.18,31.70,11-05-23-10-14-57-957
19.79,-31.26,-18.20,31.63,11-05-23-10-14-57-993
19.32,-29.85,-19.33,31.32,11-05-23-10-14-58-021
18.93,-28.42,-20.76,30.85,11-05-23-10-14-58-056
18.49,-26.74,-22.48,30.17,11-05-23-10-14-58-088
18.11,-25.16,666.00,29.54,11-05-23-10-14-58-120
17.82,-23.91,666.00,29.13,11-05-23-10-14-58-155
17.57,-22.87,666.00,28.76,11-05-23-10-14-58-186
17.36,-21.93,666.00,28.53,11-05-23-10-14-58-222
17.19,-21.15,666.00,28.37,11-05-23-10-14-58-254
17.06,-20.53,666.00,28.23,11-05-23-10-14-58-302
16.96,-20.05,666.00,28.09,11-05-23-10-14-58-323
16.88,-19.67,666.00,27.93,11-05-23-10-14-58-354
16.82,-19.38,666.00,27.77,11-05-23-10-14-58-390
16.78,-19.14,666.00,27.44,11-05-23-10-14-58-428
16.75,-18.95,666.00,26.65,11-05-23-10-14-58-456
16.73,-18.78,666.00,25.83,11-05-23-10-14-58-488
16.77,-19.68,666.00,24.56,11-05-23-10-14-58-523
16.81,-20.35,666.00,22.70,11-05-23-10-14-58-553
16.89,-20.77,666.00,21.85,11-05-23-10-14-58-598
17.18,-20.96,666.00,21.61,11-05-23-10-14-58-622
17.56,-20.80,666.00,21.27,11-05-23-10-14-58-656
18.17,-19.72,666.00,20.76,11-05-23-10-14-58-690
19.17,-18.19,666.00,21.47,11-05-23-10-14-58-725
21.04,-15.72,666.00,20.23,11-05-23-10-14-58-753
23.02,-13.41,666.00,21.54,11-05-23-10-14-58-789
25.46,-11.29,666.00,19.57,11-05-23-10-14-58-822
28.43,-9.44,666.00,16.92,11-05-23-10-14-58-857
31.31,-8.07,666.00,14.68,11-05-23-10-14-58-888
34.17,-6.97,666.00,14.90,11-05-23-10-14-58-920
37.36,-6.39,666.00,14.48,11-05-23-10-14-58-952
40.63,-5.92,666.00,14.08,11-05-23-10-14-58-987
43.75,-5.39,666.00,14.41,11-05-23-10-14-59-020
47.46,-4.92,666.00,13.46,11-05-23-10-14-59-058
50.70,-4.36,666.00,13.34,11-05-23-10-14-59-086
53.37,-4.17,666.00,15.56,11-05-23-10-14-59-123
56.15,-4.04,666.00,15.74,11-05-23-10-14-59-156
59.98,-3.93,666.00,18.81,11-05-23-10-14-59-191
64.53,-3.52,666.00,18.02,11-05-23-10-14-59-220
67.85,-3.46,666.00,15.95,11-05-23-10-14-59-254
70.39,-3.43,666.00,16.85,11-05-23-10-14-59-289
72.74,-3.53,666.00,15.61,11-05-23-10-14-59-321
74.99,-3.69,666.00,17.47,11-05-23-10-14-59-364
76.81,-3.71,666.00,19.84,11-05-23-10-14-59-390
80.26,-3.91,666.00,16.71,11-05-23-10-14-59-420
82.33,-3.84,666.00,14.98,11-05-23-10-14-59-452
83.11,-3.53,666.00,14.58,11-05-23-10-14-59-487
83.24,-3.17,666.00,14.62,11-05-23-10-14-59-522
83.33,-2.90,666.00,14.58,11-05-23-10-14-59-551
83.35,-2.68,666.00,14.52,11-05-23-10-14-59-586
83.28,-2.46,666.00,14.31,11-05-23-10-14-59-623
83.18,-2.27,666.00,12.82,11-05-23-10-14-59-661
82.97,-2.08,666.00,9.37,11-05-23-10-14-59-688
82.47,-1.87,666.00,7.03,11-05-23-10-14-59-723
78.33,-2.62,666.00,9.15,11-05-23-10-14-59-752
75.52,-2.63,666.00,9.24,11-05-23-10-14-59-786
73.36,-2.44,666.00,8.91,11-05-23-10-14-59-821
70.92,-2.18,666.00,7.96,11-05-23-10-14-59-854
66.25,-1.47,666.00,5.69,11-05-23-10-14-59-892
63.06,-1.05,666.00,4.02,11-05-23-10-14-59-921
57.55,-0.98,666.00,4.79,11-05-23-10-14-59-961
54.61,-0.91,666.00,3.56,11-05-23-10-14-59-990
52.32,-0.94,666.00,2.86,11-05-23-10-15-00-022
50.23,-1.12,666.00,3.00,11-05-23-10-15-00-055
47.95,-1.63,666.00,4.10,11-05-23-10-15-00-091
45.87,-2.33,666.00,5.03,11-05-23-10-15-00-121
42.78,-3.46,666.00,7.90,11-05-23-10-15-00-153
40.17,-4.83,666.00,9.72,11-05-23-10-15-00-190
38.04,-6.27,666.00,11.72,11-05-23-10-15-00-221
35.95,-7.79,666.00,14.37,11-05-23-10-15-00-263
33.91,-9.55,666.00,15.47,11-05-23-10-15-00-291
31.80,-11.54,666.00,17.01,11-05-23-10-15-00-321
30.22,-13.15,666.00,20.16,11-05-23-10-15-00-354
28.17,-15.34,666.00,20.54,11-05-23-10-15-00-389
26.13,-17.48,666.00,20.47,11-05-23-10-15-00-421
24.38,-19.30,666.00,20.59,11-05-23-10-15-00-458
22.82,-21.03,666.00,21.29,11-05-23-10-15-00-488
21.54,-22.38,666.00,22.07,11-05-23-10-15-00-523
20.49,-23.38,666.00,25.04,11-05-23-10-15-00-554
19.49,-23.97,666.00,26.93,11-05-23-10-15-00-587
18.15,-23.87,666.00,27.13,11-05-23-10-15-00-620
17.15,-23.35,666.00,26.73,11-05-23-10-15-00-655
16.42,-22.60,666.00,26.51,11-05-23-10-15-00-694
15.87,-21.74,666.00,26.33,11-05-23-10-15-00-726
15.46,-20.83,666.00,26.21,11-05-23-10-15-00-758
15.18,-20.11,666.00,26.15,11-05-23-10-15-00-789
14.96,-19.31,666.00,26.11,11-05-23-10-15-00-820
14.80,-18.64,666.00,26.10,11-05-23-10-15-00-855
14.69,-18.11,666.00,26.10,11-05-23-10-15-00-889
14.61,-17.67,666.00,26.10,11-05-23-10-15-00-922
14.56,-17.30,666.00,26.09,11-05-23-10-15-00-956
14.53,-16.99,666.00,26.08,11-05-23-10-15-00-987
14.51,-16.73,666.00,26.05,11-05-23-10-15-01-032
14.50,-16.53,666.00,26.02,11-05-23-10-15-01-053
14.50,-16.36,666.00,25.67,11-05-23-10-15-01-090
14.50,-16.24,666.00,25.18,11-05-23-10-15-01-121
14.51,-16.15,666.00,23.94,11-05-23-10-15-01-156
14.55,-16.14,666.00,23.02,11-05-23-10-15-01-192
14.75,-16.77,666.00,22.27,11-05-23-10-15-01-227
14.99,-17.39,666.00,21.64,11-05-23-10-15-01-261
15.27,-17.74,666.00,21.93,11-05-23-10-15-01-295
15.89,-17.87,666.00,22.29,11-05-23-10-15-01-333
16.78,-17.62,666.00,22.62,11-05-23-10-15-01-354
17.72,-16.40,666.00,22.18,11-05-23-10-15-01-387
18.84,-14.69,666.00,22.83,11-05-23-10-15-01-419
20.13,-12.90,666.00,22.28,11-05-23-10-15-01-452
21.98,-10.80,666.00,24.30,11-05-23-10-15-01-489
24.40,-8.76,666.00,22.62,11-05-23-10-15-01-525
26.65,-7.48,666.00,22.03,11-05-23-10-15-01-558
28.81,-6.66,666.00,20.45,11-05-23-10-15-01-588
31.06,-6.15,666.00,19.06,11-05-23-10-15-01-623
33.52,-5.63,666.00,16.98,11-05-23-10-15-01-653
36.47,-5.25,666.00,17.50,11-05-23-10-15-01-690
39.82,-4.71,666.00,18.20,11-05-23-10-15-01-724
43.53,-4.34,666.00,17.09,11-05-23-10-15-01-752
47.14,-4.27,666.00,18.97,11-05-23-10-15-01-795
50.77,-4.20,666.00,18.82,11-05-23-10-15-01-822
54.38,-4.04,666.00,19.22,11-05-23-10-15-01-855
58.53,-3.97,666.00,19.60,11-05-23-10-15-01-888
61.83,-3.97,666.00,19.73,11-05-23-10-15-01-923
67.06,-4.31,666.00,15.47,11-05-23-10-15-01-954
70.79,-4.37,666.00,15.40,11-05-23-10-15-01-988
73.70,-4.26,666.00,16.65,11-05-23-10-15-02-021
75.37,-4.16,666.00,16.62,11-05-23-10-15-02-055
77.06,-3.82,666.00,16.77,11-05-23-10-15-02-100
79.36,-3.20,666.00,14.48,11-05-23-10-15-02-122
80.42,-2.77,666.00,13.73,11-05-23-10-15-02-152
81.01,-2.41,666.00,13.44,11-05-23-10-15-02-188
81.45,-1.97,666.00,12.92,11-05-23-10-15-02-219
81.67,-1.64,666.00,12.58,11-05-23-10-15-02-256
81.73,-1.36,666.00,12.38,11-05-23-10-15-02-288
81.64,-1.11,666.00,12.15,11-05-23-10-15-02-324
81.37,-0.90,666.00,11.37,11-05-23-10-15-02-354
80.89,-0.72,666.00,8.85,11-05-23-10-15-02-387
79.92,-0.60,666.00,6.87,11-05-23-10-15-02-420
76.66,-0.16,666.00,6.42,11-05-23-10-15-02-456
73.54,0.00,666.00,7.44,11-05-23-10-15-02-488
69.73,0.37,666.00,7.66,11-05-23-10-15-02-524
66.55,0.50,666.00,7.14,11-05-23-10-15-02-558
63.41,0.55,666.00,3.63,11-05-23-10-15-02-589
59.38,0.54,666.00,3.11,11-05-23-10-15-02-620
55.76,0.63,666.00,2.81,11-05-23-10-15-02-655
52.57,0.64,666.00,2.70,11-05-23-10-15-02-689
49.82,0.47,666.00,2.63,11-05-23-10-15-02-722
47.19,0.32,666.00,3.60,11-05-23-10-15-02-758
44.77,-0.06,666.00,3.83,11-05-23-10-15-02-788
40.74,-1.43,666.00,3.81,11-05-23-10-15-02-822
37.98,-2.40,666.00,4.20,11-05-23-10-15-02-859
35.14,-3.66,666.00,4.45,11-05-23-10-15-02-888
32.73,-5.16,666.00,7.29,11-05-23-10-15-02-922
30.57,-6.95,666.00,11.02,11-05-23-10-15-02-953
28.82,-8.87,666.00,12.91,11-05-23-10-15-02-987
27.22,-10.71,666.00,13.73,11-05-23-10-15-03-025
25.58,-12.83,666.00,13.82,11-05-23-10-15-03-055
24.24,-14.71,666.00,14.07,11-05-23-10-15-03-087
23.15,-16.54,666.00,14.64,11-05-23-10-15-03-121
22.31,-18.08,666.00,15.52,11-05-23-10-15-03-157
21.69,-19.69,666.00,17.57,11-05-23-10-15-03-188
21.27,-21.05,666.00,20.27,11-05-23-10-15-03-222
20.98,-22.05,666.00,22.91,11-05-23-10-15-03-254
20.65,-22.86,666.00,25.22,11-05-23-10-15-03-290
20.30,-23.46,666.00,27.35,11-05-23-10-15-03-323
19.59,-23.42,666.00,28.86,11-05-23-10-15-03-353
18.56,-22.65,-28.77,31.28,11-05-23-10-15-03-387
17.69,-21.85,-29.61,31.47,11-05-23-10-15-03-423
16.69,-20.86,-29.40,30.88,11-05-23-10-15-03-461
16.02,-20.17,-29.26,30.52,11-05-23-10-15-03-488
15.57,-19.70,-29.15,30.25,11-05-23-10-15-03-522
15.25,-19.39,666.00,29.99,11-05-23-10-15-03-553
15.03,-19.20,666.00,29.70,11-05-23-10-15-03-588
14.86,-19.08,666.00,29.32,11-05-23-10-15-03-622
14.74,-19.06,666.00,28.95,11-05-23-10-15-03-655
14.64,-19.08,666.00,28.59,11-05-23-10-15-03-688
14.57,-19.14,666.00,28.27,11-05-23-10-15-03-721
14.53,-19.21,666.00,28.00,11-05-23-10-15-03-763
14.50,-19.27,666.00,27.77,11-05-23-10-15-03-787
14.48,-19.34,666.00,27.55,11-05-23-10-15-03-822
14.48,-19.40,666.00,27.34,11-05-23-10-15-03-853
14.48,-19.45,666.00,27.14,11-05-23-10-15-03-890
14.49,-19.48,666.00,26.95,11-05-23-10-15-03-921
14.51,-19.53,666.00,26.80,11-05-23-10-15-03-954
14.53,-19.60,666.00,26.66,11-05-23-10-15-03-988
14.55,-19.67,666.00,26.54,11-05-23-10-15-04-021
14.56,-19.75,666.00,26.42,11-05-23-10-15-04-065
14.57,-19.84,666.00,26.32,11-05-23-10-15-04-090
14.58,-19.93,666.00,26.20,11-05-23-10-15-04-121
14.58,-20.03,666.00,26.09,11-05-23-10-15-04-152
14.59,-20.11,666.00,25.99,11-05-23-10-15-04-187
14.60,-20.19,666.00,25.85,11-05-23-10-15-04-220
14.60,-20.25,666.00,25.66,11-05-23-10-15-04-257
14.61,-20.29,666.00,25.47,11-05-23-10-15-04-288
14.62,-20.33,666.00,25.32,11-05-23-10-15-04-325
14.63,-20.36,666.00,25.16,11-05-23-10-15-04-356
14.65,-20.37,666.00,24.99,11-05-23-10-15-04-387
14.68,-20.35,666.00,24.84,11-05-23-10-15-04-421
14.71,-20.34,666.00,24.73,11-05-23-10-15-04-454
14.75,-20.32,666.00,24.64,11-05-23-10-15-04-488
14.77,-20.27,666.00,24.55,11-05-23-10-15-04-528
14.79,-20.19,666.00,24.48,11-05-23-10-15-04-559
14.81,-20.11,666.00,24.40,11-05-23-10-15-04-587
14.83,-20.03,666.00,24.34,11-05-23-10-15-04-622
14.85,-19.95,666.00,24.28,11-05-23-10-15-04-654
14.87,-19.85,666.00,24.24,11-05-23-10-15-04-687
14.89,-19.77,666.00,24.20,11-05-23-10-15-04-721
14.91,-19.70,666.00,24.17,11-05-23-10-15-04-753
14.93,-19.64,666.00,24.14,11-05-23-10-15-04-786
14.95,-19.58,666.00,24.12,11-05-23-10-15-04-827
14.97,-19.50,666.00,24.11,11-05-23-10-15-04-854
14.98,-19.44,666.00,24.11,11-05-23-10-15-04-890
15.00,-19.38,666.00,24.12,11-05-23-10-15-04-927
15.01,-19.32,666.00,24.11,11-05-23-10-15-04-954
15.01,-19.26,666.00,24.11,11-05-23-10-15-04-990
15.02,-19.18,666.00,24.10,11-05-23-10-15-05-023
15.03,-19.08,666.00,24.08,11-05-23-10-15-05-054
15.04,-19.02,666.00,24.07,11-05-23-10-15-05-087
15.05,-18.96,666.00,24.06,11-05-23-10-15-05-129
15.06,-18.90,666.00,24.05,11-05-23-10-15-05-153
15.07,-18.85,666.00,24.04,11-05-23-10-15-05-187
15.09,-18.84,666.00,24.04,11-05-23-10-15-05-219
15.10,-18.82,666.00,24.04,11-05-23-10-15-05-256
15.11,-18.78,666.00,24.05,11-05-23-10-15-05-289
15.12,-18.74,666.00,24.06,11-05-23-10-15-05-323
15.13,-18.72,666.00,24.07,11-05-23-10-15-05-355
15.14,-18.67,666.00,24.08,11-05-23-10-15-05-390
15.15,-18.64,666.00,24.08,11-05-23-10-15-05-423
15.17,-18.58,666.00,24.08,11-05-23-10-15-05-454
15.19,-18.51,666.00,24.07,11-05-23-10-15-05-491
15.21,-18.45,666.00,24.07,11-05-23-10-15-05-524
15.24,-18.39,666.00,24.07,11-05-23-10-15-05-554
15.26,-18.34,666.00,24.08,11-05-23-10-15-05-589
15.27,-18.27,666.00,24.07,11-05-23-10-15-05-622
15.30,-18.19,666.00,24.07,11-05-23-10-15-05-658
15.32,-18.09,666.00,24.06,11-05-23-10-15-05-694
15.33,-17.96,666.00,24.06,11-05-23-10-15-05-722
15.33,-17.72,666.00,24.03,11-05-23-10-15-05-756
15.34,-17.50,666.00,24.10,11-05-23-10-15-05-788
15.35,-17.29,666.00,24.16,11-05-23-10-15-05-827
15.36,-17.12,666.00,24.22,11-05-23-10-15-05-852
15.37,-16.93,666.00,24.27,11-05-23-10-15-05-892
15.39,-16.85,666.00,24.36,11-05-23-10-15-05-919
15.41,-16.78,666.00,24.46,11-05-23-10-15-05-955
15.42,-16.72,666.00,24.53,11-05-23-10-15-05-989
15.44,-16.64,666.00,24.57,11-05-23-10-15-06-021
15.46,-16.45,666.00,24.62,11-05-23-10-15-06-056
15.48,-16.27,666.00,24.63,11-05-23-10-15-06-086
15.49,-16.10,666.00,24.64,11-05-23-10-15-06-121
15.52,-15.96,666.00,24.69,11-05-23-10-15-06-153
15.54,-15.74,666.00,24.70,11-05-23-10-15-06-206
15.57,-15.59,666.00,24.73,11-05-23-10-15-06-219
15.60,-15.52,666.00,24.76,11-05-23-10-15-06-258
15.63,-15.50,666.00,24.82,11-05-23-10-15-06-287
15.65,-15.38,666.00,24.82,11-05-23-10-15-06-320
15.67,-15.24,666.00,24.85,11-05-23-10-15-06-357
15.67,-15.01,666.00,24.88,11-05-23-10-15-06-388
15.67,-14.72,666.00,24.88,11-05-23-10-15-06-421
15.67,-14.41,666.00,24.90,11-05-23-10-15-06-455
15.66,-14.12,666.00,24.92,11-05-23-10-15-06-488
15.66,-13.82,666.00,24.92,11-05-23-10-15-06-525
15.65,-13.56,666.00,24.93,11-05-23-10-15-06-553
15.64,-13.30,666.00,24.93,11-05-23-10-15-06-586
15.63,-13.10,666.00,24.93,11-05-23-10-15-06-622
15.61,-12.96,666.00,24.93,11-05-23-10-15-06-656
15.60,-12.87,666.00,24.93,11-05-23-10-15-06-688
15.58,-12.80,666.00,24.91,11-05-23-10-15-06-721
15.56,-12.72,666.00,24.87,11-05-23-10-15-06-752
15.54,-12.64,666.00,24.82,11-05-23-10-15-06-788
15.51,-12.56,666.00,24.76,11-05-23-10-15-06-820
15.48,-12.47,666.00,24.70,11-05-23-10-15-06-856
15.45,-12.37,666.00,24.62,11-05-23-10-15-06-888
15.41,-12.24,666.00,24.53,11-05-23-10-15-06-921
15.37,-12.14,666.00,24.39,11-05-23-10-15-06-961
15.34,-12.06,666.00,24.23,11-05-23-10-15-06-989
15.30,-11.99,666.00,24.08,11-05-23-10-15-07-023
15.25,-11.95,666.00,23.95,11-05-23-10-15-07-057
15.20,-11.94,666.00,23.82,11-05-23-10-15-07-090
15.16,-11.96,666.00,23.71,11-05-23-10-15-07-122
15.11,-11.98,666.00,23.61,11-05-23-10-15-07-153
15.07,-12.03,666.00,23.54,11-05-23-10-15-07-187
15.03,-12.01,666.00,23.47,11-05-23-10-15-07-226
15.00,-12.07,666.00,23.43,11-05-23-10-15-07-265
14.97,-12.20,666.00,23.40,11-05-23-10-15-07-287
14.94,-12.30,666.00,23.37,11-05-23-10-15-07-321
14.91,-12.32,666.00,23.33,11-05-23-10-15-07-354
14.87,-12.16,666.00,23.29,11-05-23-10-15-07-389
14.84,-11.77,666.00,23.27,11-05-23-10-15-07-423
14.82,-11.49,666.00,23.29,11-05-23-10-15-07-462
14.80,-11.29,666.00,23.31,11-05-23-10-15-07-505
14.77,-10.95,666.00,23.33,11-05-23-10-15-07-523
14.76,-10.72,666.00,23.38,11-05-23-10-15-07-564
14.73,-10.54,666.00,23.43,11-05-23-10-15-07-587
14.72,-10.51,666.00,23.49,11-05-23-10-15-07-623
14.70,-10.47,666.00,23.56,11-05-23-10-15-07-654
14.71,-10.52,666.00,23.65,11-05-23-10-15-07-689
14.72,-10.47,666.00,23.72,11-05-23-10-15-07-724
14.75,-10.54,666.00,23.82,11-05-23-10-15-07-757
14.77,-10.67,666.00,23.93,11-05-23-10-15-07-791
14.81,-10.76,666.00,24.04,11-05-23-10-15-07-842
14.86,-10.83,666.00,24.12,11-05-23-10-15-07-889
14.90,-10.92,666.00,24.12,11-05-23-10-15-07-899
14.95,-11.12,666.00,24.11,11-05-23-10-15-07-941
15.00,-11.29,666.00,24.10,11-05-23-10-15-07-957
15.04,-11.37,666.00,24.07,11-05-23-10-15-07-996
15.08,-11.31,666.00,24.01,11-05-23-10-15-08-026
15.11,-11.25,666.00,23.97,11-05-23-10-15-08-053
15.13,-11.19,666.00,23.93,11-05-23-10-15-08-088
15.16,-11.14,666.00,23.89,11-05-23-10-15-08-121
15.19,-11.09,666.00,23.85,11-05-23-10-15-08-153
15.22,-11.04,666.00,23.82,11-05-23-10-15-08-186
15.26,-11.00,666.00,23.80,11-05-23-10-15-08-221
15.30,-10.95,666.00,23.78,11-05-23-10-15-08-255
15.34,-10.87,666.00,23.78,11-05-23-10-15-08-286
15.38,-10.77,666.00,23.78,11-05-23-10-15-08-329
15.42,-10.67,666.00,23.80,11-05-23-10-15-08-353
15.46,-10.56,666.00,23.83,11-05-23-10-15-08-387
15.50,-10.45,666.00,23.89,11-05-23-10-15-08-420
15.54,-10.34,666.00,23.97,11-05-23-10-15-08-455
15.59,-10.22,666.00,24.09,11-05-23-10-15-08-486
15.65,-10.04,666.00,24.22,11-05-23-10-15-08-521
15.71,-9.83,666.00,24.35,11-05-23-10-15-08-554
