9.91,39.92,666.00,9.96,22-02-23-10-52-01-618
9.90,39.97,666.00,9.96,22-02-23-10-52-01-647
9.90,40.09,666.00,9.93,22-02-23-10-52-01-683
9.90,40.19,666.00,9.91,22-02-23-10-52-01-713
9.90,40.22,666.00,9.87,22-02-23-10-52-01-750
9.91,40.57,666.00,9.79,22-02-23-10-52-01-783
9.91,40.98,666.00,9.69,22-02-23-10-52-01-815
9.92,41.28,666.00,9.63,22-02-23-10-52-01-848
9.89,41.88,666.00,9.46,22-02-23-10-52-01-884
9.87,42.42,666.00,9.30,22-02-23-10-52-01-916
9.86,42.39,666.00,9.29,22-02-23-10-52-01-969
9.86,42.60,666.00,9.25,22-02-23-10-52-02-004
9.85,42.79,666.00,9.20,22-02-23-10-52-02-035
9.85,42.92,666.00,9.17,22-02-23-10-52-02-055
9.86,42.99,666.00,9.16,22-02-23-10-52-02-082
9.86,43.06,666.00,9.14,22-02-23-10-52-02-115
9.87,43.11,666.00,9.14,22-02-23-10-52-02-148
9.87,43.17,666.00,9.13,22-02-23-10-52-02-182
9.88,43.24,666.00,9.11,22-02-23-10-52-02-216
9.88,43.32,666.00,9.09,22-02-23-10-52-02-245
9.89,43.38,666.00,9.07,22-02-23-10-52-02-281
9.89,43.44,666.00,9.05,22-02-23-10-52-02-316
9.90,43.48,666.00,9.04,22-02-23-10-52-02-348
9.90,43.54,666.00,9.03,22-02-23-10-52-02-380
9.91,43.59,666.00,9.01,22-02-23-10-52-02-413
9.91,43.64,666.00,9.00,22-02-23-10-52-02-449
9.92,43.69,666.00,8.98,22-02-23-10-52-02-481
9.92,43.73,666.00,8.97,22-02-23-10-52-02-513
9.93,43.77,666.00,8.95,22-02-23-10-52-02-548
9.94,43.76,666.00,8.96,22-02-23-10-52-02-584
9.94,43.68,666.00,8.99,22-02-23-10-52-02-616
9.95,43.65,666.00,9.00,22-02-23-10-52-02-646
9.95,43.61,666.00,9.01,22-02-23-10-52-02-681
9.95,43.56,666.00,9.04,22-02-23-10-52-02-716
9.94,43.49,666.00,9.16,22-02-23-10-52-02-747
9.93,43.41,666.00,9.79,22-02-23-10-52-02-782
9.90,43.18,666.00,11.09,22-02-23-10-52-02-815
9.89,43.01,666.00,13.13,22-02-23-10-52-02-849
9.91,42.67,666.00,15.44,22-02-23-10-52-02-882
9.96,42.51,666.00,26.59,22-02-23-10-52-02-913
10.04,42.37,-21.48,32.06,22-02-23-10-52-02-953
10.12,42.33,-20.09,35.92,22-02-23-10-52-02-984
10.21,42.65,-17.64,40.96,22-02-23-10-52-03-015
10.33,43.13,-16.54,45.36,22-02-23-10-52-03-049
10.60,45.32,-12.35,54.53,22-02-23-10-52-03-082
11.00,50.73,-5.37,62.79,22-02-23-10-52-03-114
12.17,60.68,-1.67,64.25,22-02-23-10-52-03-147
13.74,70.70,4.00,69.01,22-02-23-10-52-03-185
18.07,97.44,18.95,73.61,22-02-23-10-52-03-218
21.06,104.53,21.66,80.38,22-02-23-10-52-03-246
23.11,107.48,25.48,100.19,22-02-23-10-52-03-281
27.35,103.38,33.10,126.46,22-02-23-10-52-03-316
29.62,100.73,47.64,159.60,22-02-23-10-52-03-348
30.89,98.54,33.31,142.28,22-02-23-10-52-03-379
31.51,96.60,27.90,143.72,22-02-23-10-52-03-415
32.95,91.44,12.35,139.65,22-02-23-10-52-03-449
33.89,87.97,14.84,97.77,22-02-23-10-52-03-482
34.42,85.66,14.82,94.63,22-02-23-10-52-03-513
34.32,83.89,14.43,93.83,22-02-23-10-52-03-548
34.34,82.07,13.94,93.17,22-02-23-10-52-03-581
34.30,80.74,13.60,92.42,22-02-23-10-52-03-616
34.29,79.78,13.31,91.94,22-02-23-10-52-03-649
33.76,79.19,9.34,86.20,22-02-23-10-52-03-681
33.00,78.84,5.12,78.30,22-02-23-10-52-03-717
32.06,78.70,-23.99,42.83,22-02-23-10-52-03-747
32.66,77.21,16.43,102.78,22-02-23-10-52-03-783
33.09,75.71,18.91,101.29,22-02-23-10-52-03-812
31.60,70.44,23.53,91.88,22-02-23-10-52-03-846
30.32,66.31,20.94,84.40,22-02-23-10-52-03-882
29.20,62.70,13.85,76.93,22-02-23-10-52-03-917
27.64,58.66,10.44,74.08,22-02-23-10-52-03-949
25.49,54.17,12.74,75.28,22-02-23-10-52-03-987
24.15,51.03,16.42,77.91,22-02-23-10-52-04-014
23.07,48.48,19.20,79.57,22-02-23-10-52-04-047
22.27,46.44,21.90,80.90,22-02-23-10-52-04-083
21.58,44.41,24.71,82.13,22-02-23-10-52-04-115
21.20,42.88,29.18,83.16,22-02-23-10-52-04-147
20.91,41.31,31.93,83.48,22-02-23-10-52-04-182
20.77,39.69,36.46,83.11,22-02-23-10-52-04-225
20.75,37.99,39.27,82.58,22-02-23-10-52-04-249
20.83,36.00,41.74,81.89,22-02-23-10-52-04-282
20.97,34.16,44.15,81.00,22-02-23-10-52-04-316
21.11,32.25,46.08,80.21,22-02-23-10-52-04-345
21.18,30.47,47.94,79.51,22-02-23-10-52-04-384
21.09,27.99,49.67,79.05,22-02-23-10-52-04-416
21.49,25.20,50.58,78.54,22-02-23-10-52-04-447
21.57,22.52,52.08,78.22,22-02-23-10-52-04-486
21.75,20.45,52.98,77.98,22-02-23-10-52-04-520
21.75,18.60,53.52,78.02,22-02-23-10-52-04-547
21.73,17.18,53.86,78.11,22-02-23-10-52-04-582
21.78,16.26,54.11,78.10,22-02-23-10-52-04-618
21.78,15.59,54.24,78.13,22-02-23-10-52-04-649
21.73,15.20,54.31,78.16,22-02-23-10-52-04-683
21.65,15.01,54.34,78.19,22-02-23-10-52-04-715
21.62,15.06,54.31,78.21,22-02-23-10-52-04-748
21.60,15.23,54.08,78.27,22-02-23-10-52-04-784
21.57,15.50,53.42,78.49,22-02-23-10-52-04-813
21.54,15.78,51.71,78.92,22-02-23-10-52-04-847
21.49,16.31,48.17,79.63,22-02-23-10-52-04-885
21.41,17.27,44.11,80.31,22-02-23-10-52-04-915
21.23,18.60,38.37,81.28,22-02-23-10-52-04-950
21.01,21.94,27.84,83.33,22-02-23-10-52-04-979
19.44,27.44,22.20,83.69,22-02-23-10-52-05-015
17.75,40.04,22.85,81.57,22-02-23-10-52-05-049
17.27,47.73,20.59,80.60,22-02-23-10-52-05-079
18.21,54.63,17.68,78.28,22-02-23-10-52-05-116
20.41,73.70,26.33,82.84,22-02-23-10-52-05-147
28.00,83.39,43.23,83.32,22-02-23-10-52-05-183
31.09,86.82,24.25,83.05,22-02-23-10-52-05-217
32.70,88.56,20.89,81.10,22-02-23-10-52-05-249
33.72,89.64,20.50,80.70,22-02-23-10-52-05-282
33.84,90.87,20.23,81.42,22-02-23-10-52-05-315
33.58,91.67,19.84,82.43,22-02-23-10-52-05-348
33.00,92.14,12.06,80.98,22-02-23-10-52-05-382
31.71,92.11,-13.85,77.35,22-02-23-10-52-05-417
30.92,92.35,-5.16,82.30,22-02-23-10-52-05-451
29.93,92.47,-20.60,80.97,22-02-23-10-52-05-481
29.34,92.90,-28.98,80.33,22-02-23-10-52-05-518
28.54,93.11,-43.95,79.19,22-02-23-10-52-05-549
27.83,93.16,-47.45,77.41,22-02-23-10-52-05-582
22.95,84.77,-47.38,80.98,22-02-23-10-52-05-613
21.98,83.07,-51.62,81.17,22-02-23-10-52-05-647
11.26,55.91,-49.56,92.24,22-02-23-10-52-05-685
9.35,33.51,-50.19,94.36,22-02-23-10-52-05-715
9.63,27.61,-50.22,95.77,22-02-23-10-52-05-747
10.45,32.36,-51.58,95.27,22-02-23-10-52-05-781
11.65,41.38,-53.70,93.42,22-02-23-10-52-05-815
11.51,39.58,-53.73,93.10,22-02-23-10-52-05-851
13.58,52.17,-53.25,90.18,22-02-23-10-52-05-882
15.09,57.55,-52.05,89.80,22-02-23-10-52-05-913
16.01,59.01,-51.62,89.92,22-02-23-10-52-05-949
16.69,59.90,-51.39,90.03,22-02-23-10-52-05-987
17.17,60.50,-51.18,90.28,22-02-23-10-52-06-013
17.56,61.08,-51.06,90.42,22-02-23-10-52-06-049
17.84,61.44,-50.99,90.56,22-02-23-10-52-06-084
19.84,78.43,-51.15,85.91,22-02-23-10-52-06-115
21.07,83.41,-50.89,83.86,22-02-23-10-52-06-152
22.91,88.07,-49.40,81.37,22-02-23-10-52-06-183
33.49,103.16,-47.77,70.30,22-02-23-10-52-06-217
33.37,103.41,-33.11,71.47,22-02-23-10-52-06-248
30.54,100.48,-17.37,75.45,22-02-23-10-52-06-285
29.41,98.77,-10.41,77.29,22-02-23-10-52-06-316
28.81,97.28,-4.71,78.78,22-02-23-10-52-06-348
28.66,95.93,-0.47,79.79,22-02-23-10-52-06-384
28.39,96.07,4.44,82.15,22-02-23-10-52-06-415
28.40,95.67,9.76,82.40,22-02-23-10-52-06-446
28.40,95.40,-11.95,78.82,22-02-23-10-52-06-480
26.57,95.46,-5.02,79.78,22-02-23-10-52-06-516
17.65,96.27,3.91,84.77,22-02-23-10-52-06-548
10.46,110.03,11.82,93.81,22-02-23-10-52-06-582
7.59,122.17,21.47,97.66,22-02-23-10-52-06-617
4.48,-125.91,25.49,108.38,22-02-23-10-52-06-647
6.41,-112.18,29.94,109.32,22-02-23-10-52-06-681
7.20,-107.12,32.24,109.60,22-02-23-10-52-06-714
6.57,-104.42,34.21,108.52,22-02-23-10-52-06-749
6.92,-96.17,35.79,107.44,22-02-23-10-52-06-782
3.26,-123.17,40.56,104.76,22-02-23-10-52-06-818
3.30,150.29,46.13,102.96,22-02-23-10-52-06-850
5.49,130.75,50.60,102.38,22-02-23-10-52-06-884
4.62,115.72,51.31,100.88,22-02-23-10-52-06-914
11.81,34.11,49.78,87.15,22-02-23-10-52-06-948
9.44,-9.82,45.89,92.61,22-02-23-10-52-06-984
15.55,0.19,44.39,84.84,22-02-23-10-52-07-015
18.51,2.90,45.33,80.95,22-02-23-10-52-07-048
20.21,4.36,46.26,78.49,22-02-23-10-52-07-087
21.22,5.66,47.20,76.82,22-02-23-10-52-07-113
22.54,8.02,48.06,75.30,22-02-23-10-52-07-147
23.63,10.31,48.91,74.42,22-02-23-10-52-07-184
24.28,11.80,49.69,74.06,22-02-23-10-52-07-216
23.89,12.97,51.23,74.75,22-02-23-10-52-07-246
23.31,13.82,52.53,75.65,22-02-23-10-52-07-284
23.16,14.50,53.15,76.00,22-02-23-10-52-07-317
22.81,14.98,53.70,76.46,22-02-23-10-52-07-348
22.72,15.44,53.88,76.58,22-02-23-10-52-07-385
22.68,15.90,53.88,76.63,22-02-23-10-52-07-415
22.65,16.31,53.49,76.61,22-02-23-10-52-07-450
22.51,16.66,52.83,76.68,22-02-23-10-52-07-483
22.25,17.01,51.74,76.85,22-02-23-10-52-07-512
21.62,17.54,49.32,77.39,22-02-23-10-52-07-549
20.93,18.29,43.86,78.51,22-02-23-10-52-07-580
20.28,19.61,38.28,79.65,22-02-23-10-52-07-613
19.39,22.20,27.13,81.10,22-02-23-10-52-07-648
17.83,26.49,22.25,81.58,22-02-23-10-52-07-682
16.38,32.02,19.06,80.90,22-02-23-10-52-07-716
15.31,38.82,13.29,80.46,22-02-23-10-52-07-747
14.83,48.07,11.89,79.40,22-02-23-10-52-07-782
7.37,80.54,19.77,98.66,22-02-23-10-52-07-817
11.83,103.17,24.35,94.69,22-02-23-10-52-07-850
13.56,108.51,24.78,93.98,22-02-23-10-52-07-881
23.33,96.54,28.03,87.51,22-02-23-10-52-07-922
27.19,97.53,26.91,85.01,22-02-23-10-52-07-947
28.22,95.95,13.28,81.11,22-02-23-10-52-07-984
19.01,51.60,-29.70,80.20,22-02-23-10-52-08-013
21.02,58.30,-31.17,78.34,22-02-23-10-52-08-047
23.06,69.91,-30.82,75.97,22-02-23-10-52-08-080
24.44,76.46,-30.30,75.39,22-02-23-10-52-08-114
25.08,79.51,-30.78,75.72,22-02-23-10-52-08-149
25.81,83.07,-31.18,75.90,22-02-23-10-52-08-180
26.42,85.73,-32.08,76.53,22-02-23-10-52-08-216
26.89,87.87,-43.87,79.24,22-02-23-10-52-08-247
26.61,88.84,-45.47,78.38,22-02-23-10-52-08-283
26.33,89.57,-52.27,77.87,22-02-23-10-52-08-313
24.49,86.96,-52.17,79.08,22-02-23-10-52-08-348
23.28,85.14,-53.40,80.55,22-02-23-10-52-08-383
22.22,83.11,-58.48,77.59,22-02-23-10-52-08-414
21.56,81.72,-58.84,77.92,22-02-23-10-52-08-447
21.03,80.51,-58.25,78.91,22-02-23-10-52-08-483
20.70,79.63,-57.57,79.84,22-02-23-10-52-08-511
20.47,79.48,-59.20,78.20,22-02-23-10-52-08-547
20.33,79.46,-58.27,78.69,22-02-23-10-52-08-583
20.26,79.45,-56.98,79.27,22-02-23-10-52-08-614
13.65,61.75,-51.19,87.79,22-02-23-10-52-08-650
13.34,45.77,-50.55,90.73,22-02-23-10-52-08-682
17.90,76.67,-52.17,81.04,22-02-23-10-52-08-714
22.10,87.41,-53.06,75.53,22-02-23-10-52-08-752
24.33,91.23,-53.46,72.98,22-02-23-10-52-08-782
25.71,93.15,-50.85,72.40,22-02-23-10-52-08-814
26.70,94.41,-48.33,71.97,22-02-23-10-52-08-848
27.50,95.24,-47.05,73.22,22-02-23-10-52-08-886
27.95,95.61,-39.32,71.57,22-02-23-10-52-08-912
28.27,95.69,-30.04,69.49,22-02-23-10-52-08-949
28.43,95.16,-18.17,67.16,22-02-23-10-52-08-982
28.59,94.48,-25.83,66.35,22-02-23-10-52-09-015
28.69,93.33,-20.84,65.55,22-02-23-10-52-09-050
27.97,91.77,-8.65,65.98,22-02-23-10-52-09-082
27.62,93.42,2.02,66.82,22-02-23-10-52-09-113
27.24,94.50,12.81,68.69,22-02-23-10-52-09-149
26.66,95.36,21.66,71.68,22-02-23-10-52-09-186
18.97,99.14,18.43,77.72,22-02-23-10-52-09-214
16.95,89.70,17.26,78.28,22-02-23-10-52-09-251
19.67,73.75,21.98,83.51,22-02-23-10-52-09-283
18.92,60.72,20.35,82.40,22-02-23-10-52-09-315
8.31,62.88,27.13,94.10,22-02-23-10-52-09-350
3.46,73.94,29.84,98.84,22-02-23-10-52-09-383
1.44,96.68,31.68,100.32,22-02-23-10-52-09-414
0.75,155.67,34.01,100.60,22-02-23-10-52-09-448
1.35,175.90,37.39,100.39,22-02-23-10-52-09-484
2.68,150.99,41.28,99.70,22-02-23-10-52-09-513
3.83,142.28,44.98,99.37,22-02-23-10-52-09-551
3.38,132.44,47.19,98.95,22-02-23-10-52-09-584
2.11,114.81,48.10,98.55,22-02-23-10-52-09-615
11.04,27.19,46.80,86.24,22-02-23-10-52-09-648
9.45,71.75,57.66,93.19,22-02-23-10-52-09-684
10.75,96.52,63.05,98.52,22-02-23-10-52-09-715
11.82,105.86,65.52,101.28,22-02-23-10-52-09-753
12.52,110.62,67.01,102.94,22-02-23-10-52-09-783
13.02,113.03,68.06,103.92,22-02-23-10-52-09-812
13.36,114.79,68.78,104.61,22-02-23-10-52-09-847
12.06,45.16,58.74,87.59,22-02-23-10-52-09-880
8.84,70.75,62.42,93.68,22-02-23-10-52-09-914
13.96,21.41,52.54,84.30,22-02-23-10-52-09-950
17.90,12.06,47.17,80.88,22-02-23-10-52-09-983
19.84,9.00,44.49,79.47,22-02-23-10-52-10-015
21.11,7.40,42.66,78.62,22-02-23-10-52-10-048
21.77,7.06,41.84,78.04,22-02-23-10-52-10-080
21.82,7.89,42.17,77.65,22-02-23-10-52-10-118
21.38,9.87,43.39,77.37,22-02-23-10-52-10-152
20.65,12.40,44.51,77.48,22-02-23-10-52-10-183
19.89,15.16,44.06,78.11,22-02-23-10-52-10-217
19.19,18.04,42.02,79.02,22-02-23-10-52-10-248
18.71,20.59,37.25,80.35,22-02-23-10-52-10-281
18.25,23.00,27.96,82.39,22-02-23-10-52-10-316
17.47,25.90,21.78,83.65,22-02-23-10-52-10-347
16.37,30.42,18.31,83.25,22-02-23-10-52-10-382
15.25,36.44,9.67,83.18,22-02-23-10-52-10-414
14.58,43.45,5.79,82.00,22-02-23-10-52-10-447
17.34,69.88,13.28,78.46,22-02-23-10-52-10-481
18.63,76.03,13.38,77.43,22-02-23-10-52-10-515
19.59,79.54,12.90,76.65,22-02-23-10-52-10-550
20.34,81.79,10.81,75.91,22-02-23-10-52-10-581
20.93,83.26,7.13,73.08,22-02-23-10-52-10-616
21.97,85.01,1.81,72.46,22-02-23-10-52-10-649
22.39,85.61,-9.47,72.58,22-02-23-10-52-10-685
22.71,86.10,-20.37,73.42,22-02-23-10-52-10-716
23.20,86.93,-28.78,74.41,22-02-23-10-52-10-749
23.72,88.19,-32.53,75.05,22-02-23-10-52-10-785
26.62,96.72,-38.29,77.20,22-02-23-10-52-10-812
28.11,100.10,-39.47,77.29,22-02-23-10-52-10-849
28.93,101.74,-39.80,77.03,22-02-23-10-52-10-883
28.24,101.72,-45.57,77.85,22-02-23-10-52-10-914
26.60,100.13,-48.44,79.17,22-02-23-10-52-10-949
20.88,85.89,-50.03,82.80,22-02-23-10-52-10-985
18.83,77.76,-50.23,84.37,22-02-23-10-52-11-014
17.93,72.92,-50.19,85.14,22-02-23-10-52-11-052
16.88,62.23,-49.86,89.94,22-02-23-10-52-11-080
16.76,65.20,-49.90,90.07,22-02-23-10-52-11-115
16.39,50.34,-49.62,96.62,22-02-23-10-52-11-149
16.63,42.60,-49.37,100.06,22-02-23-10-52-11-183
16.90,38.19,-49.13,102.08,22-02-23-10-52-11-216
19.04,77.42,-48.10,85.35,22-02-23-10-52-11-251
28.80,105.09,-45.95,74.51,22-02-23-10-52-11-281
30.91,107.10,-43.66,69.59,22-02-23-10-52-11-312
31.75,106.96,-42.33,64.56,22-02-23-10-52-11-350
31.38,105.13,-34.30,62.11,22-02-23-10-52-11-384
32.13,104.31,-34.63,57.97,22-02-23-10-52-11-413
32.70,103.49,-26.23,56.32,22-02-23-10-52-11-448
31.01,97.98,-22.09,58.12,22-02-23-10-52-11-484
27.43,89.67,-22.10,65.73,22-02-23-10-52-11-513
19.99,57.79,-27.38,77.96,22-02-23-10-52-11-547
18.20,69.30,-18.40,73.06,22-02-23-10-52-11-585
18.75,66.26,-17.09,72.53,22-02-23-10-52-11-616
23.32,90.50,1.02,68.31,22-02-23-10-52-11-650
25.26,95.96,12.37,69.63,22-02-23-10-52-11-684
25.13,98.73,20.54,72.98,22-02-23-10-52-11-713
24.98,93.02,17.07,68.87,22-02-23-10-52-11-753
24.44,88.90,14.46,69.10,22-02-23-10-52-11-785
23.50,84.12,11.83,69.64,22-02-23-10-52-11-816
22.08,78.23,14.93,71.26,22-02-23-10-52-11-850
11.14,87.08,21.91,91.37,22-02-23-10-52-11-884
6.25,99.65,30.23,96.50,22-02-23-10-52-11-916
4.33,112.48,35.18,97.07,22-02-23-10-52-11-947
3.31,126.22,36.45,98.13,22-02-23-10-52-11-982
2.77,140.48,37.56,98.74,22-02-23-10-52-12-015
2.47,149.97,39.16,98.84,22-02-23-10-52-12-051
2.93,145.86,41.89,98.69,22-02-23-10-52-12-083
3.80,138.04,45.02,98.51,22-02-23-10-52-12-116
3.18,134.32,47.12,98.94,22-02-23-10-52-12-149
2.56,128.20,48.48,99.12,22-02-23-10-52-12-182
1.33,114.93,49.07,99.20,22-02-23-10-52-12-216
9.06,119.05,58.73,100.89,22-02-23-10-52-12-249
11.43,52.41,56.27,87.78,22-02-23-10-52-12-278
9.88,76.65,61.46,94.22,22-02-23-10-52-12-315
14.05,34.61,53.96,82.80,22-02-23-10-52-12-349
8.31,71.24,60.76,92.76,22-02-23-10-52-12-389
18.25,27.98,56.02,80.85,22-02-23-10-52-12-413
28.74,21.18,47.81,72.67,22-02-23-10-52-12-448
33.34,20.17,42.22,70.07,22-02-23-10-52-12-480
35.36,19.68,38.54,69.49,22-02-23-10-52-12-515
36.59,19.56,35.82,69.49,22-02-23-10-52-12-548
29.70,18.63,47.62,70.07,22-02-23-10-52-12-585
23.49,17.26,53.05,74.09,22-02-23-10-52-12-618
20.58,16.11,54.66,76.53,22-02-23-10-52-12-647
18.87,15.39,55.42,78.04,22-02-23-10-52-12-686
18.06,15.26,55.73,78.80,22-02-23-10-52-12-715
17.42,15.09,55.82,79.40,22-02-23-10-52-12-748
16.94,14.94,55.74,79.86,22-02-23-10-52-12-783
16.58,14.93,55.26,80.21,22-02-23-10-52-12-818
16.34,15.03,53.36,80.58,22-02-23-10-52-12-847
16.19,15.34,49.37,81.07,22-02-23-10-52-12-885
16.11,16.04,42.91,81.94,22-02-23-10-52-12-918
16.20,19.30,34.21,82.58,22-02-23-10-52-12-949
15.63,23.33,25.17,83.42,22-02-23-10-52-12-982
14.91,28.86,17.53,83.45,22-02-23-10-52-13-015
14.32,34.88,8.90,83.22,22-02-23-10-52-13-053
14.61,53.06,6.76,80.19,22-02-23-10-52-13-080
18.66,71.15,7.43,72.67,22-02-23-10-52-13-116
24.85,93.00,27.60,71.56,22-02-23-10-52-13-147
27.17,95.86,28.37,69.90,22-02-23-10-52-13-180
27.27,95.87,16.56,69.89,22-02-23-10-52-13-219
22.49,74.55,-13.96,66.56,22-02-23-10-52-13-249
23.13,74.19,-18.86,68.40,22-02-23-10-52-13-283
23.79,75.29,-12.23,68.41,22-02-23-10-52-13-314
24.15,76.53,-19.95,71.59,22-02-23-10-52-13-347
24.25,77.45,-27.71,75.26,22-02-23-10-52-13-384
24.72,81.82,-15.28,71.54,22-02-23-10-52-13-415
25.06,84.76,-14.58,69.57,22-02-23-10-52-13-448
25.24,86.79,-13.95,68.36,22-02-23-10-52-13-480
25.26,88.13,-13.48,67.89,22-02-23-10-52-13-514
25.18,89.36,-31.80,72.20,22-02-23-10-52-13-547
25.32,93.13,-42.58,75.58,22-02-23-10-52-13-581
23.63,91.96,-37.28,78.60,22-02-23-10-52-13-614
22.27,90.45,-32.22,80.61,22-02-23-10-52-13-649
14.12,63.20,-28.07,91.40,22-02-23-10-52-13-681
18.97,-23.80,-17.87,113.03,22-02-23-10-52-13-716
18.12,-5.99,-17.27,111.16,22-02-23-10-52-13-753
17.58,74.19,-30.76,89.54,22-02-23-10-52-13-782
20.87,82.64,-39.53,83.73,22-02-23-10-52-13-815
25.36,91.23,-26.91,69.79,22-02-23-10-52-13-851
28.13,95.23,-27.41,66.19,22-02-23-10-52-13-883
32.72,101.28,-24.98,62.81,22-02-23-10-52-13-913
33.89,102.11,-10.84,54.48,22-02-23-10-52-13-948
29.76,93.69,-15.34,60.93,22-02-23-10-52-13-982
28.28,89.66,-14.22,65.54,22-02-23-10-52-14-012
28.30,88.81,-9.65,66.27,22-02-23-10-52-14-047
24.72,83.03,-7.53,69.02,22-02-23-10-52-14-082
23.64,80.63,-4.18,70.44,22-02-23-10-52-14-114
24.42,79.99,4.93,68.24,22-02-23-10-52-14-147
23.61,82.13,6.28,69.98,22-02-23-10-52-14-181
22.13,85.16,9.34,72.85,22-02-23-10-52-14-216
14.06,78.47,7.25,79.33,22-02-23-10-52-14-248
13.23,74.64,7.83,80.10,22-02-23-10-52-14-283
13.15,71.13,8.34,80.03,22-02-23-10-52-14-314
7.42,96.72,17.96,99.86,22-02-23-10-52-14-349
5.89,116.09,22.15,105.72,22-02-23-10-52-14-380
5.37,127.49,30.47,107.78,22-02-23-10-52-14-413
5.16,135.18,36.07,106.75,22-02-23-10-52-14-447
5.00,140.22,37.79,106.63,22-02-23-10-52-14-482
4.57,142.66,40.18,105.23,22-02-23-10-52-14-513
3.96,141.63,42.22,103.19,22-02-23-10-52-14-548
2.80,134.26,43.44,101.02,22-02-23-10-52-14-582
4.05,129.47,47.48,100.18,22-02-23-10-52-14-615
3.46,-65.42,43.63,100.25,22-02-23-10-52-14-648
5.25,-59.01,44.39,99.94,22-02-23-10-52-14-680
6.30,-56.55,45.67,99.81,22-02-23-10-52-14-714
4.92,124.35,60.82,100.86,22-02-23-10-52-14-748
11.84,34.71,61.69,87.19,22-02-23-10-52-14-783
19.50,22.18,60.81,77.97,22-02-23-10-52-14-812
22.34,19.59,62.70,74.34,22-02-23-10-52-14-848
23.91,17.77,63.57,72.19,22-02-23-10-52-14-881
24.61,15.98,61.75,70.99,22-02-23-10-52-14-917
24.67,14.17,60.68,71.00,22-02-23-10-52-14-951
24.31,12.59,60.17,71.62,22-02-23-10-52-14-982
23.01,10.43,60.02,73.18,22-02-23-10-52-15-019
21.93,8.66,59.90,74.47,22-02-23-10-52-15-046
21.01,7.35,59.69,75.52,22-02-23-10-52-15-082
20.43,6.54,59.36,76.23,22-02-23-10-52-15-115
19.99,6.04,58.49,76.78,22-02-23-10-52-15-146
19.60,5.82,55.82,77.69,22-02-23-10-52-15-184
19.19,5.88,52.61,78.69,22-02-23-10-52-15-215
18.74,6.40,47.34,80.25,22-02-23-10-52-15-248
18.17,7.91,38.69,82.55,22-02-23-10-52-15-281
17.43,11.22,29.05,84.28,22-02-23-10-52-15-315
16.33,15.91,23.72,84.97,22-02-23-10-52-15-348
15.02,23.91,18.68,84.93,22-02-23-10-52-15-381
14.10,33.68,13.09,84.56,22-02-23-10-52-15-414
15.04,53.47,9.64,81.82,22-02-23-10-52-15-449
26.39,74.74,-2.01,72.25,22-02-23-10-52-15-479
29.13,88.26,6.91,68.87,22-02-23-10-52-15-514
30.65,91.98,6.02,91.43,22-02-23-10-52-15-547
31.38,94.53,0.98,92.21,22-02-23-10-52-15-582
30.06,93.10,-10.15,82.68,22-02-23-10-52-15-617
28.65,91.53,-24.21,71.46,22-02-23-10-52-15-647
27.52,89.95,-29.77,70.18,22-02-23-10-52-15-682
27.24,90.12,-36.60,68.25,22-02-23-10-52-15-714
27.00,90.49,-39.63,67.63,22-02-23-10-52-15-746
26.83,90.68,-47.27,70.81,22-02-23-10-52-15-785
26.13,90.45,-53.21,74.21,22-02-23-10-52-15-816
24.55,87.94,-53.97,76.51,22-02-23-10-52-15-847
22.95,84.61,-54.16,78.68,22-02-23-10-52-15-886
21.46,80.53,-54.05,81.11,22-02-23-10-52-15-913
18.35,58.04,-53.04,90.10,22-02-23-10-52-15-946
18.03,47.28,-52.90,93.01,22-02-23-10-52-15-984
18.04,41.62,-52.93,94.93,22-02-23-10-52-16-015
17.63,64.75,-53.24,90.26,22-02-23-10-52-16-047
18.12,70.48,-53.21,88.70,22-02-23-10-52-16-084
18.80,75.56,-53.02,87.37,22-02-23-10-52-16-117
19.41,78.89,-52.56,86.36,22-02-23-10-52-16-146
20.30,82.58,-52.15,84.59,22-02-23-10-52-16-183
21.21,85.50,-51.78,82.71,22-02-23-10-52-16-219
21.97,87.59,-51.38,81.34,22-02-23-10-52-16-246
22.54,88.94,-50.82,80.25,22-02-23-10-52-16-287
22.92,89.72,-42.46,79.22,22-02-23-10-52-16-315
29.44,97.39,-37.54,76.32,22-02-23-10-52-16-347
30.25,96.82,-30.35,63.11,22-02-23-10-52-16-382
30.10,95.09,-17.27,63.92,22-02-23-10-52-16-414
22.03,70.14,-19.72,75.03,22-02-23-10-52-16-449
21.60,65.02,-12.33,76.57,22-02-23-10-52-16-486
21.32,61.13,-7.00,77.75,22-02-23-10-52-16-515
20.30,69.39,3.34,71.17,22-02-23-10-52-16-547
19.90,74.69,3.40,70.85,22-02-23-10-52-16-584
19.72,75.85,11.44,71.27,22-02-23-10-52-16-614
11.07,96.30,22.69,90.93,22-02-23-10-52-16-648
8.65,115.49,27.17,98.05,22-02-23-10-52-16-685
7.65,128.21,37.74,98.77,22-02-23-10-52-16-716
7.34,136.65,41.57,99.23,22-02-23-10-52-16-751
6.30,143.51,42.49,99.45,22-02-23-10-52-16-781
5.16,148.19,43.60,99.12,22-02-23-10-52-16-819
3.82,149.13,44.62,98.60,22-02-23-10-52-16-848
4.14,145.75,47.67,98.94,22-02-23-10-52-16-884
2.24,134.43,48.47,98.05,22-02-23-10-52-16-915
4.76,122.57,53.61,98.80,22-02-23-10-52-16-946
2.67,86.60,53.06,97.47,22-02-23-10-52-16-982
8.32,-65.21,46.33,101.67,22-02-23-10-52-17-013
2.03,169.89,56.35,101.65,22-02-23-10-52-17-048
9.02,11.17,53.97,88.48,22-02-23-10-52-17-083
9.37,1.46,54.24,89.39,22-02-23-10-52-17-115
9.11,-7.90,54.77,91.10,22-02-23-10-52-17-146
8.68,-14.90,55.72,92.70,22-02-23-10-52-17-185
4.37,102.82,66.26,99.12,22-02-23-10-52-17-217
12.00,28.17,63.71,87.33,22-02-23-10-52-17-252
18.66,19.23,60.17,80.25,22-02-23-10-52-17-281
21.54,17.10,58.21,77.36,22-02-23-10-52-17-316
22.96,16.26,57.09,75.90,22-02-23-10-52-17-349
23.75,15.48,56.09,75.09,22-02-23-10-52-17-379
24.11,14.91,55.27,74.74,22-02-23-10-52-17-417
23.87,14.41,54.76,74.97,22-02-23-10-52-17-449
23.10,13.97,53.86,75.87,22-02-23-10-52-17-482
21.84,13.63,52.28,77.20,22-02-23-10-52-17-516
20.50,13.74,48.46,78.88,22-02-23-10-52-17-551
19.33,14.40,41.74,80.92,22-02-23-10-52-17-584
18.20,16.13,34.13,82.46,22-02-23-10-52-17-614
17.05,19.78,27.78,83.05,22-02-23-10-52-17-652
15.05,26.86,24.01,82.47,22-02-23-10-52-17-681
13.77,34.40,20.16,81.82,22-02-23-10-52-17-717
13.11,41.86,15.30,81.14,22-02-23-10-52-17-749
13.82,56.04,13.52,78.73,22-02-23-10-52-17-782
14.08,64.95,11.68,77.25,22-02-23-10-52-17-816
14.33,69.93,8.37,76.29,22-02-23-10-52-17-850
26.23,86.91,8.29,71.40,22-02-23-10-52-17-881
27.83,87.25,5.15,71.50,22-02-23-10-52-17-914
29.32,88.88,-9.43,67.59,22-02-23-10-52-17-949
29.99,89.58,-22.93,68.19,22-02-23-10-52-17-981
30.12,90.18,-31.25,69.81,22-02-23-10-52-18-016
29.86,90.69,-36.27,71.73,22-02-23-10-52-18-054
29.37,91.05,-40.10,74.00,22-02-23-10-52-18-081
28.81,91.34,-41.45,75.02,22-02-23-10-52-18-117
28.30,91.66,-45.57,79.20,22-02-23-10-52-18-145
27.56,92.16,-48.05,78.85,22-02-23-10-52-18-183
26.95,92.81,-50.57,78.77,22-02-23-10-52-18-213
26.05,92.75,-51.64,78.59,22-02-23-10-52-18-249
25.43,92.65,-52.47,78.68,22-02-23-10-52-18-284
24.88,92.41,-52.91,78.76,22-02-23-10-52-18-315
24.48,92.26,-53.33,78.85,22-02-23-10-52-18-351
24.20,92.12,-53.45,78.86,22-02-23-10-52-18-384
23.88,91.85,-53.28,78.91,22-02-23-10-52-18-413
23.69,91.73,-53.02,78.81,22-02-23-10-52-18-449
23.55,91.70,-52.60,78.63,22-02-23-10-52-18-485
23.45,91.70,-52.23,78.46,22-02-23-10-52-18-513
23.48,91.99,-46.29,76.12,22-02-23-10-52-18-548
23.55,92.19,-33.94,73.87,22-02-23-10-52-18-581
23.75,92.38,-26.62,72.75,22-02-23-10-52-18-614
24.48,92.57,-27.27,72.98,22-02-23-10-52-18-650
25.21,92.48,-20.56,71.97,22-02-23-10-52-18-682
26.24,89.43,-14.55,71.11,22-02-23-10-52-18-712
26.54,88.90,-53.85,52.16,22-02-23-10-52-18-750
26.01,87.48,-45.92,50.68,22-02-23-10-52-18-781
25.66,86.52,-31.81,49.86,22-02-23-10-52-18-815
24.24,86.83,-13.33,52.61,22-02-23-10-52-18-845
21.91,88.36,3.73,60.93,22-02-23-10-52-18-886
17.51,90.79,13.16,72.24,22-02-23-10-52-18-912
16.00,88.89,16.91,76.96,22-02-23-10-52-18-947
8.27,100.53,19.40,100.45,22-02-23-10-52-18-982
3.42,128.36,26.56,109.51,22-02-23-10-52-19-014
2.48,160.15,29.36,111.65,22-02-23-10-52-19-049
2.43,-172.06,32.02,110.92,22-02-23-10-52-19-081
2.54,-158.35,33.48,110.10,22-02-23-10-52-19-114
2.33,-154.75,36.16,107.68,22-02-23-10-52-19-148
1.86,-150.33,38.55,104.64,22-02-23-10-52-19-186
1.36,-143.95,40.95,101.74,22-02-23-10-52-19-219
3.25,-80.00,40.88,100.12,22-02-23-10-52-19-251
4.79,-71.11,41.33,99.53,22-02-23-10-52-19-283
5.84,-67.20,42.02,99.32,22-02-23-10-52-19-316
2.89,134.55,52.08,99.82,22-02-23-10-52-19-346
1.74,95.64,52.38,98.95,22-02-23-10-52-19-384
1.90,40.56,53.08,98.53,22-02-23-10-52-19-419
2.76,14.69,54.08,98.34,22-02-23-10-52-19-448
4.46,103.07,60.81,100.90,22-02-23-10-52-19-482
11.33,19.54,57.73,89.89,22-02-23-10-52-19-514
6.51,57.98,65.19,96.26,22-02-23-10-52-19-548
15.05,19.21,60.44,85.23,22-02-23-10-52-19-583
20.65,12.43,56.32,79.54,22-02-23-10-52-19-616
22.80,10.37,54.98,77.19,22-02-23-10-52-19-652
24.17,9.37,54.06,75.68,22-02-23-10-52-19-686
24.94,8.60,53.35,74.85,22-02-23-10-52-19-717
25.10,8.00,53.07,74.71,22-02-23-10-52-19-748
24.86,7.63,53.18,75.03,22-02-23-10-52-19-784
23.99,7.20,53.85,75.94,22-02-23-10-52-19-818
22.91,6.92,54.68,76.87,22-02-23-10-52-19-845
21.84,6.72,55.39,77.71,22-02-23-10-52-19-882
20.96,6.71,55.87,78.33,22-02-23-10-52-19-921
20.25,6.76,56.08,78.73,22-02-23-10-52-19-949
19.58,6.91,56.01,79.00,22-02-23-10-52-19-984
19.04,7.14,55.37,79.17,22-02-23-10-52-20-017
18.57,7.54,53.25,79.32,22-02-23-10-52-20-047
18.13,8.39,49.49,79.68,22-02-23-10-52-20-085
17.72,9.96,45.21,80.15,22-02-23-10-52-20-118
17.27,12.69,39.73,80.72,22-02-23-10-52-20-147
16.84,17.07,33.03,81.32,22-02-23-10-52-20-186
16.50,23.32,26.95,81.14,22-02-23-10-52-20-219
15.94,29.78,21.95,80.62,22-02-23-10-52-20-247
15.51,35.73,17.64,80.04,22-02-23-10-52-20-281
15.15,42.21,10.31,79.01,22-02-23-10-52-20-314
15.73,53.92,10.60,77.60,22-02-23-10-52-20-350
14.38,72.10,7.03,77.04,22-02-23-10-52-20-384
15.92,88.91,6.81,75.05,22-02-23-10-52-20-417
25.53,100.93,16.39,68.59,22-02-23-10-52-20-449
27.21,101.92,15.03,69.74,22-02-23-10-52-20-481
28.90,98.90,18.09,64.44,22-02-23-10-52-20-519
27.74,95.13,8.15,65.15,22-02-23-10-52-20-547
27.47,93.34,-2.18,66.24,22-02-23-10-52-20-585
27.28,92.28,-11.75,67.99,22-02-23-10-52-20-617
26.88,91.37,-23.15,71.18,22-02-23-10-52-20-646
26.47,90.79,-38.20,76.53,22-02-23-10-52-20-683
26.06,90.29,-42.11,78.54,22-02-23-10-52-20-716
25.69,90.24,-45.17,79.82,22-02-23-10-52-20-747
25.36,90.31,-22.38,77.42,22-02-23-10-52-20-783
25.04,90.50,-18.77,78.22,22-02-23-10-52-20-821
24.63,90.88,-16.72,78.79,22-02-23-10-52-20-850
24.23,91.25,-15.25,79.23,22-02-23-10-52-20-882
23.75,91.48,-14.13,79.77,22-02-23-10-52-20-919
20.90,85.48,-3.43,75.69,22-02-23-10-52-20-945
18.55,76.83,-0.30,74.75,22-02-23-10-52-20-984
17.61,72.38,1.88,74.08,22-02-23-10-52-21-019
17.10,70.73,4.32,74.23,22-02-23-10-52-21-047
16.91,71.04,6.38,74.45,22-02-23-10-52-21-083
16.96,72.23,8.17,74.68,22-02-23-10-52-21-123
17.45,76.82,10.55,75.26,22-02-23-10-52-21-151
17.97,80.18,12.12,75.87,22-02-23-10-52-21-187
18.81,83.50,-28.90,80.46,22-02-23-10-52-21-217
22.35,90.74,-46.24,77.07,22-02-23-10-52-21-249
24.28,93.37,-54.14,76.74,22-02-23-10-52-21-285
25.73,94.89,-49.61,73.95,22-02-23-10-52-21-316
26.52,95.48,-45.06,72.52,22-02-23-10-52-21-346
24.18,88.64,-42.24,75.05,22-02-23-10-52-21-382
22.50,82.80,-28.36,73.95,22-02-23-10-52-21-414
22.60,75.51,-15.88,72.11,22-02-23-10-52-21-448
22.14,73.66,5.14,69.09,22-02-23-10-52-21-481
21.55,77.00,24.15,68.39,22-02-23-10-52-21-517
18.90,78.63,32.67,70.64,22-02-23-10-52-21-546
14.27,77.79,32.42,74.60,22-02-23-10-52-21-582
10.97,74.75,31.13,77.54,22-02-23-10-52-21-616
9.49,71.03,30.27,78.87,22-02-23-10-52-21-648
8.65,66.69,29.38,79.67,22-02-23-10-52-21-683
8.24,62.10,28.93,80.62,22-02-23-10-52-21-718
8.21,57.37,28.85,81.06,22-02-23-10-52-21-747
8.46,53.19,29.65,81.18,22-02-23-10-52-21-786
8.83,49.00,31.63,81.17,22-02-23-10-52-21-818
9.26,45.42,34.01,80.97,22-02-23-10-52-21-847
10.00,41.40,36.38,80.56,22-02-23-10-52-21-881
10.73,37.89,40.08,80.17,22-02-23-10-52-21-913
11.58,34.25,42.73,79.78,22-02-23-10-52-21-945
12.35,31.22,44.90,79.40,22-02-23-10-52-21-983
12.95,28.86,46.84,79.05,22-02-23-10-52-22-016
13.43,26.85,48.50,78.77,22-02-23-10-52-22-047
13.84,24.53,49.66,78.63,22-02-23-10-52-22-086
14.19,22.55,50.53,78.51,22-02-23-10-52-22-114
14.46,20.85,51.17,78.44,22-02-23-10-52-22-149
14.67,19.58,51.63,78.40,22-02-23-10-52-22-179
14.83,18.55,51.91,78.38,22-02-23-10-52-22-214
14.96,17.71,52.04,78.37,22-02-23-10-52-22-249
15.08,17.03,52.07,78.36,22-02-23-10-52-22-280
15.18,16.50,52.05,78.34,22-02-23-10-52-22-318
15.27,16.09,51.99,78.32,22-02-23-10-52-22-347
15.36,15.72,51.89,78.28,22-02-23-10-52-22-380
15.44,15.42,51.73,78.24,22-02-23-10-52-22-416
15.52,15.15,51.45,78.20,22-02-23-10-52-22-450
15.60,14.93,51.07,78.17,22-02-23-10-52-22-479
15.66,14.74,50.53,78.18,22-02-23-10-52-22-520
15.71,14.58,49.77,78.24,22-02-23-10-52-22-547
15.75,14.51,47.80,78.55,22-02-23-10-52-22-581
15.72,14.75,44.47,79.12,22-02-23-10-52-22-615
15.61,15.52,39.00,79.82,22-02-23-10-52-22-649
15.37,16.77,32.59,80.56,22-02-23-10-52-22-682
14.87,19.17,25.73,81.76,22-02-23-10-52-22-714
14.18,23.07,13.85,83.30,22-02-23-10-52-22-749
13.50,29.89,8.03,82.49,22-02-23-10-52-22-782
15.32,55.79,8.46,78.12,22-02-23-10-52-22-814
17.81,73.85,7.18,76.86,22-02-23-10-52-22-850
19.23,79.56,4.58,75.88,22-02-23-10-52-22-882
20.44,84.06,-0.51,75.66,22-02-23-10-52-22-919
21.21,86.09,-10.33,74.92,22-02-23-10-52-22-950
21.74,87.29,-18.27,75.56,22-02-23-10-52-22-982
22.16,87.97,-24.01,76.28,22-02-23-10-52-23-019
22.54,88.59,-30.63,77.03,22-02-23-10-52-23-050
22.78,89.01,-35.31,77.80,22-02-23-10-52-23-083
23.02,89.59,-40.00,79.29,22-02-23-10-52-23-115
23.23,90.21,-43.66,79.49,22-02-23-10-52-23-146
23.37,90.79,-45.77,79.44,22-02-23-10-52-23-185
23.43,91.24,-47.59,79.39,22-02-23-10-52-23-216
23.47,91.56,-50.60,79.42,22-02-23-10-52-23-246
23.38,91.59,-52.00,79.54,22-02-23-10-52-23-282
23.24,91.54,-52.99,79.72,22-02-23-10-52-23-315
16.55,71.74,-49.15,88.23,22-02-23-10-52-23-346
15.53,57.80,-49.21,90.49,22-02-23-10-52-23-382
15.62,51.82,-49.48,91.36,22-02-23-10-52-23-412
15.81,52.73,-49.91,90.46,22-02-23-10-52-23-446
16.99,66.77,-50.96,87.27,22-02-23-10-52-23-481
18.79,78.41,-51.75,84.54,22-02-23-10-52-23-516
20.27,84.01,-52.03,82.28,22-02-23-10-52-23-548
21.28,87.00,-50.86,80.36,22-02-23-10-52-23-586
25.86,96.73,-49.10,74.24,22-02-23-10-52-23-613
27.40,98.35,-46.83,71.78,22-02-23-10-52-23-652
28.20,99.00,-37.30,70.10,22-02-23-10-52-23-687
30.96,99.84,-30.24,71.51,22-02-23-10-52-23-716
25.98,90.81,-24.20,77.28,22-02-23-10-52-23-748
23.76,85.04,-17.85,80.04,22-02-23-10-52-23-784
22.92,82.22,-6.60,80.21,22-02-23-10-52-23-816
22.27,79.81,3.69,80.39,22-02-23-10-52-23-850
21.61,81.43,-13.13,79.22,22-02-23-10-52-23-883
17.16,85.48,-3.76,79.63,22-02-23-10-52-23-916
15.93,82.80,3.38,79.55,22-02-23-10-52-23-949
14.81,77.73,8.99,78.27,22-02-23-10-52-23-983
13.88,70.92,13.74,76.89,22-02-23-10-52-24-015
13.32,65.13,23.66,77.17,22-02-23-10-52-24-049
12.98,59.98,32.03,77.80,22-02-23-10-52-24-083
12.81,55.26,36.69,77.93,22-02-23-10-52-24-114
12.99,50.52,39.71,77.62,22-02-23-10-52-24-146
13.35,45.60,41.09,77.26,22-02-23-10-52-24-184
13.80,40.54,42.06,77.02,22-02-23-10-52-24-216
14.29,35.36,43.70,77.05,22-02-23-10-52-24-249
14.81,30.98,45.61,77.13,22-02-23-10-52-24-283
15.24,27.43,47.78,77.20,22-02-23-10-52-24-317
15.63,24.26,51.22,74.74,22-02-23-10-52-24-350
15.94,21.69,53.10,74.35,22-02-23-10-52-24-380
16.16,19.69,54.08,74.36,22-02-23-10-52-24-414
16.38,17.52,54.70,74.68,22-02-23-10-52-24-446
16.58,15.70,55.45,75.05,22-02-23-10-52-24-480
16.79,13.93,57.38,75.49,22-02-23-10-52-24-516
17.00,12.47,58.69,75.69,22-02-23-10-52-24-548
17.13,11.44,59.62,75.79,22-02-23-10-52-24-581
17.30,10.52,60.12,75.81,22-02-23-10-52-24-617
17.44,9.82,60.48,75.79,22-02-23-10-52-24-648
17.52,9.20,60.82,75.99,22-02-23-10-52-24-682
17.58,8.69,60.96,75.96,22-02-23-10-52-24-716
17.74,8.35,61.22,76.13,22-02-23-10-52-24-749
17.82,8.10,61.42,76.39,22-02-23-10-52-24-781
17.93,7.96,61.59,76.66,22-02-23-10-52-24-815
18.00,7.85,61.67,76.96,22-02-23-10-52-24-849
18.03,7.79,61.68,77.26,22-02-23-10-52-24-881
18.05,7.76,60.56,77.21,22-02-23-10-52-24-912
18.06,7.75,58.69,76.97,22-02-23-10-52-24-948
18.03,7.80,55.18,76.55,22-02-23-10-52-24-981
17.96,7.93,50.00,77.44,22-02-23-10-52-25-015
17.78,8.33,43.17,79.23,22-02-23-10-52-25-047
17.48,9.45,35.82,81.60,22-02-23-10-52-25-082
17.03,11.88,29.28,83.18,22-02-23-10-52-25-116
15.66,16.41,21.11,84.97,22-02-23-10-52-25-148
14.42,21.67,16.15,85.00,22-02-23-10-52-25-183
14.07,40.61,14.13,75.28,22-02-23-10-52-25-214
12.77,52.39,8.60,76.01,22-02-23-10-52-25-250
18.17,90.32,13.92,70.08,22-02-23-10-52-25-283
25.83,102.38,23.10,71.68,22-02-23-10-52-25-315
28.30,104.17,19.82,66.97,22-02-23-10-52-25-351
29.27,103.42,3.78,65.07,22-02-23-10-52-25-386
26.61,97.35,-9.63,70.27,22-02-23-10-52-25-413
25.23,93.43,-29.03,75.62,22-02-23-10-52-25-451
27.37,97.23,-35.83,78.78,22-02-23-10-52-25-484
28.45,99.14,-43.88,81.68,22-02-23-10-52-25-515
28.58,99.46,-52.41,82.65,22-02-23-10-52-25-549
23.88,92.94,-47.82,79.99,22-02-23-10-52-25-585
22.58,91.52,-52.29,81.16,22-02-23-10-52-25-613
23.62,95.70,-52.16,78.06,22-02-23-10-52-25-650
21.92,91.76,-53.03,80.49,22-02-23-10-52-25-684
21.03,90.15,-53.09,81.61,22-02-23-10-52-25-716
19.93,86.81,-53.18,83.71,22-02-23-10-52-25-749
19.09,83.07,-54.18,85.58,22-02-23-10-52-25-782
17.85,70.93,-54.60,88.14,22-02-23-10-52-25-816
17.33,66.45,-53.84,89.30,22-02-23-10-52-25-848
17.07,63.45,-53.08,89.83,22-02-23-10-52-25-882
16.92,61.29,-52.59,90.27,22-02-23-10-52-25-914
16.92,62.19,-52.32,90.21,22-02-23-10-52-25-951
17.15,66.14,-52.02,89.46,22-02-23-10-52-25-981
17.49,73.72,-51.23,87.67,22-02-23-10-52-26-014
18.25,79.48,-50.52,86.00,22-02-23-10-52-26-047
19.19,83.95,-49.99,84.46,22-02-23-10-52-26-083
20.11,86.89,-41.39,81.70,22-02-23-10-52-26-115
20.73,88.50,-37.12,80.41,22-02-23-10-52-26-149
21.18,89.43,-27.01,78.91,22-02-23-10-52-26-187
21.50,90.07,-15.61,77.92,22-02-23-10-52-26-213
20.26,84.77,-9.58,76.55,22-02-23-10-52-26-250
20.00,84.09,-1.40,75.64,22-02-23-10-52-26-282
19.78,83.58,1.30,71.62,22-02-23-10-52-26-316
19.65,83.22,7.87,72.11,22-02-23-10-52-26-350
18.87,84.57,11.89,72.37,22-02-23-10-52-26-382
18.99,83.70,16.88,72.92,22-02-23-10-52-26-415
11.94,70.70,15.92,80.00,22-02-23-10-52-26-450
10.34,61.73,20.44,82.22,22-02-23-10-52-26-481
9.61,54.70,23.20,83.27,22-02-23-10-52-26-513
9.29,48.81,26.00,83.83,22-02-23-10-52-26-549
9.22,43.90,29.25,83.91,22-02-23-10-52-26-583
10.25,38.54,32.54,82.81,22-02-23-10-52-26-613
11.44,35.00,35.53,81.42,22-02-23-10-52-26-652
12.40,32.62,38.19,80.24,22-02-23-10-52-26-685
13.28,30.39,42.18,79.25,22-02-23-10-52-26-715
14.00,28.36,46.23,78.51,22-02-23-10-52-26-751
14.63,25.87,49.21,78.04,22-02-23-10-52-26-792
15.18,23.10,52.98,75.14,22-02-23-10-52-26-813
15.73,19.49,54.57,74.84,22-02-23-10-52-26-849
16.15,16.66,55.00,74.96,22-02-23-10-52-26-881
16.48,14.43,55.35,75.22,22-02-23-10-52-26-913
16.70,12.95,55.97,75.70,22-02-23-10-52-26-949
16.86,11.79,56.93,76.24,22-02-23-10-52-26-985
17.11,10.62,57.86,76.59,22-02-23-10-52-27-015
17.36,9.50,59.13,76.87,22-02-23-10-52-27-049
17.53,8.59,60.41,77.02,22-02-23-10-52-27-082
17.69,7.72,61.15,77.17,22-02-23-10-52-27-114
17.96,6.83,61.53,77.23,22-02-23-10-52-27-148
18.18,6.18,61.86,77.28,22-02-23-10-52-27-179
18.35,5.73,61.99,77.30,22-02-23-10-52-27-214
18.48,5.45,62.08,77.35,22-02-23-10-52-27-248
18.65,5.33,62.06,77.35,22-02-23-10-52-27-282
18.73,5.26,61.97,77.37,22-02-23-10-52-27-314
18.77,5.24,61.69,77.36,22-02-23-10-52-27-352
18.81,5.29,60.41,77.18,22-02-23-10-52-27-384
18.83,5.35,58.38,77.21,22-02-23-10-52-27-414
18.82,5.50,57.01,77.34,22-02-23-10-52-27-450
18.79,5.74,55.81,77.50,22-02-23-10-52-27-486
18.64,6.23,50.46,78.07,22-02-23-10-52-27-513
18.44,6.88,46.53,78.60,22-02-23-10-52-27-548
18.21,7.80,42.25,80.60,22-02-23-10-52-27-584
17.82,9.35,35.85,82.87,22-02-23-10-52-27-615
17.38,12.08,31.28,83.77,22-02-23-10-52-27-648
16.79,16.62,27.15,83.91,22-02-23-10-52-27-682
16.08,21.70,22.54,84.00,22-02-23-10-52-27-714
15.24,27.37,19.07,83.39,22-02-23-10-52-27-748
14.53,33.75,11.92,81.44,22-02-23-10-52-27-780
14.01,39.59,9.25,79.45,22-02-23-10-52-27-815
16.16,59.68,4.29,74.80,22-02-23-10-52-27-848
18.18,80.39,5.39,71.43,22-02-23-10-52-27-883
19.36,85.99,1.94,69.52,22-02-23-10-52-27-914
20.18,89.13,-2.55,68.49,22-02-23-10-52-27-947
20.81,90.45,-13.35,70.24,22-02-23-10-52-27-981
21.06,90.59,-19.31,72.66,22-02-23-10-52-28-013
21.53,90.69,-23.87,74.39,22-02-23-10-52-28-046
21.86,90.75,-31.82,75.88,22-02-23-10-52-28-079
26.29,97.47,-32.86,73.35,22-02-23-10-52-28-115
27.04,98.48,-33.95,74.89,22-02-23-10-52-28-156
27.43,99.06,-39.51,75.93,22-02-23-10-52-28-180
27.86,99.68,-42.43,76.40,22-02-23-10-52-28-216
27.71,99.50,-44.82,73.28,22-02-23-10-52-28-248
25.23,96.69,-50.79,72.16,22-02-23-10-52-28-282
22.63,93.49,-51.62,74.73,22-02-23-10-52-28-320
21.05,91.21,-51.78,76.74,22-02-23-10-52-28-347
20.24,89.88,-51.87,77.86,22-02-23-10-52-28-384
19.47,88.52,-51.66,79.31,22-02-23-10-52-28-417
19.06,87.91,-51.35,80.32,22-02-23-10-52-28-446
18.91,87.73,-50.98,81.02,22-02-23-10-52-28-485
19.16,88.59,-50.72,80.61,22-02-23-10-52-28-517
19.49,89.31,-50.52,80.08,22-02-23-10-52-28-548
20.12,90.46,-50.54,79.41,22-02-23-10-52-28-586
29.99,104.81,-49.81,69.77,22-02-23-10-52-28-616
30.70,104.19,-35.84,70.40,22-02-23-10-52-28-647
31.54,104.49,-23.97,71.65,22-02-23-10-52-28-684
30.53,103.09,-9.00,73.38,22-02-23-10-52-28-715
28.20,99.24,-7.21,72.31,22-02-23-10-52-28-748
26.01,93.72,-6.23,73.48,22-02-23-10-52-28-784
25.07,90.67,1.44,73.23,22-02-23-10-52-28-818
24.32,87.87,0.47,72.10,22-02-23-10-52-28-846
22.76,86.46,4.72,73.12,22-02-23-10-52-28-886
14.66,87.38,9.51,78.67,22-02-23-10-52-28-916
12.96,81.92,17.68,80.77,22-02-23-10-52-28-949
5.44,103.24,23.83,97.84,22-02-23-10-52-28-987
3.39,130.04,34.90,100.33,22-02-23-10-52-29-016
2.75,156.38,39.64,100.75,22-02-23-10-52-29-048
2.67,178.59,41.20,101.44,22-02-23-10-52-29-083
2.64,-167.24,42.19,101.68,22-02-23-10-52-29-115
2.46,-159.11,43.15,101.40,22-02-23-10-52-29-148
2.10,-153.36,44.30,100.74,22-02-23-10-52-29-182
1.38,-135.80,45.47,99.84,22-02-23-10-52-29-215
1.17,166.19,48.91,99.60,22-02-23-10-52-29-247
3.22,132.05,53.52,99.55,22-02-23-10-52-29-280
5.22,126.63,57.75,99.91,22-02-23-10-52-29-317
6.75,125.47,61.20,100.48,22-02-23-10-52-29-349
7.57,125.12,63.67,100.96,22-02-23-10-52-29-381
10.19,30.17,58.16,87.83,22-02-23-10-52-29-418
7.53,72.50,65.57,93.87,22-02-23-10-52-29-451
12.08,24.15,58.26,82.85,22-02-23-10-52-29-481
8.44,79.55,67.34,92.59,22-02-23-10-52-29-518
11.33,30.04,60.02,83.41,22-02-23-10-52-29-546
7.79,82.75,67.00,93.16,22-02-23-10-52-29-580
10.68,31.32,60.10,84.41,22-02-23-10-52-29-615
8.02,90.19,67.44,93.72,22-02-23-10-52-29-650
9.96,33.50,59.80,85.52,22-02-23-10-52-29-685
7.90,93.93,66.79,94.19,22-02-23-10-52-29-716
10.73,36.85,61.27,85.27,22-02-23-10-52-29-751
15.05,21.50,56.37,80.42,22-02-23-10-52-29-783
17.16,17.37,53.64,78.50,22-02-23-10-52-29-816
18.34,15.68,51.90,77.53,22-02-23-10-52-29-847
19.11,14.75,50.62,76.91,22-02-23-10-52-29-879
19.66,14.07,49.59,76.54,22-02-23-10-52-29-917
19.92,13.72,48.07,76.58,22-02-23-10-52-29-949
19.85,13.89,44.49,77.39,22-02-23-10-52-29-982
19.28,15.60,36.95,78.92,22-02-23-10-52-30-014
18.38,18.74,29.42,80.46,22-02-23-10-52-30-049
17.09,22.95,23.18,81.26,22-02-23-10-52-30-082
15.81,28.17,14.57,82.66,22-02-23-10-52-30-118
14.68,35.43,8.65,82.50,22-02-23-10-52-30-146
16.49,60.52,9.59,77.70,22-02-23-10-52-30-180
18.73,83.15,11.62,79.27,22-02-23-10-52-30-214
20.15,89.51,6.11,76.45,22-02-23-10-52-30-247
22.73,92.11,-0.09,75.49,22-02-23-10-52-30-281
23.99,92.83,-9.70,73.79,22-02-23-10-52-30-312
24.85,93.15,-18.89,73.24,22-02-23-10-52-30-349
25.29,93.03,-24.94,73.23,22-02-23-10-52-30-382
25.65,93.41,-39.39,76.86,22-02-23-10-52-30-419
25.53,93.03,-46.97,78.02,22-02-23-10-52-30-448
25.23,92.41,-50.53,78.40,22-02-23-10-52-30-482
24.84,92.47,-52.07,78.35,22-02-23-10-52-30-515
24.25,92.42,-53.30,78.48,22-02-23-10-52-30-548
23.66,92.27,-54.19,78.95,22-02-23-10-52-30-581
22.01,89.21,-54.12,81.45,22-02-23-10-52-30-613
20.95,87.03,-54.05,83.11,22-02-23-10-52-30-646
20.25,85.42,-53.84,84.24,22-02-23-10-52-30-682
19.61,83.80,-53.58,85.31,22-02-23-10-52-30-714
19.15,82.35,-52.94,86.30,22-02-23-10-52-30-749
18.78,80.98,-52.33,87.20,22-02-23-10-52-30-784
18.56,80.05,-51.92,87.72,22-02-23-10-52-30-814
17.85,78.18,-50.98,88.77,22-02-23-10-52-30-850
17.41,76.69,-50.30,89.47,22-02-23-10-52-30-882
16.98,69.85,-50.17,89.13,22-02-23-10-52-30-914
17.21,70.85,-50.09,87.37,22-02-23-10-52-30-948
11.04,55.07,-44.38,93.44,22-02-23-10-52-30-984
12.40,53.18,-45.34,91.96,22-02-23-10-52-31-014
13.90,53.38,-46.50,90.30,22-02-23-10-52-31-049
14.43,52.59,-46.43,89.29,22-02-23-10-52-31-081
23.37,91.59,-47.83,77.41,22-02-23-10-52-31-113
27.44,97.64,-40.29,72.95,22-02-23-10-52-31-148
29.06,99.31,-30.56,71.02,22-02-23-10-52-31-186
29.34,98.71,-16.11,71.65,22-02-23-10-52-31-213
25.16,86.16,-21.34,73.31,22-02-23-10-52-31-247
24.22,76.20,-17.88,74.09,22-02-23-10-52-31-282
23.17,90.97,-0.64,77.58,22-02-23-10-52-31-312
22.98,94.67,7.09,78.29,22-02-23-10-52-31-348
21.71,98.14,15.77,79.00,22-02-23-10-52-31-382
20.11,100.61,21.05,78.57,22-02-23-10-52-31-416
13.54,116.88,24.64,86.02,22-02-23-10-52-31-448
10.94,110.23,24.37,86.21,22-02-23-10-52-31-484
8.01,110.88,26.26,89.18,22-02-23-10-52-31-514
5.90,116.08,27.92,94.88,22-02-23-10-52-31-546
4.59,121.40,35.59,97.31,22-02-23-10-52-31-582
3.80,125.80,38.67,97.86,22-02-23-10-52-31-618
3.22,129.55,40.81,98.29,22-02-23-10-52-31-648
2.71,132.74,42.30,98.38,22-02-23-10-52-31-681
2.19,134.62,43.26,98.19,22-02-23-10-52-31-717
1.75,135.35,44.47,98.03,22-02-23-10-52-31-748
2.64,-98.38,43.73,100.94,22-02-23-10-52-31-782
3.45,-85.03,43.96,100.98,22-02-23-10-52-31-815
3.99,-76.85,44.51,100.87,22-02-23-10-52-31-847
4.24,-69.81,45.35,100.52,22-02-23-10-52-31-882
4.35,-63.83,46.44,100.23,22-02-23-10-52-31-918
4.37,-58.48,47.51,99.98,22-02-23-10-52-31-949
4.27,130.52,57.31,100.36,22-02-23-10-52-31-982
3.54,114.68,57.55,99.20,22-02-23-10-52-32-013
2.76,91.29,57.08,98.10,22-02-23-10-52-32-045
2.45,63.03,56.35,97.33,22-02-23-10-52-32-084
2.58,40.58,55.66,96.85,22-02-23-10-52-32-115
2.87,26.63,55.09,96.57,22-02-23-10-52-32-146
6.52,115.75,62.18,100.78,22-02-23-10-52-32-183
9.26,38.87,57.14,89.50,22-02-23-10-52-32-214
8.75,29.74,55.47,89.64,22-02-23-10-52-32-247
7.77,20.87,54.26,90.79,22-02-23-10-52-32-282
6.34,-24.79,50.76,96.57,22-02-23-10-52-32-317
6.48,-34.29,50.21,97.64,22-02-23-10-52-32-347
6.49,-40.23,49.96,98.37,22-02-23-10-52-32-382
6.32,-43.88,49.95,98.81,22-02-23-10-52-32-416
6.05,-46.78,50.01,99.19,22-02-23-10-52-32-450
5.69,-48.60,50.03,99.41,22-02-23-10-52-32-482
5.20,-49.31,48.76,99.18,22-02-23-10-52-32-514
4.68,-49.03,46.38,98.60,22-02-23-10-52-32-547
3.68,-47.11,42.64,97.46,22-02-23-10-52-32-580
2.28,-42.46,37.11,96.19,22-02-23-10-52-32-614
0.83,47.41,33.88,96.10,22-02-23-10-52-32-649
8.52,64.33,26.05,84.62,22-02-23-10-52-32-684
13.95,68.53,13.48,78.26,22-02-23-10-52-32-714
17.62,71.96,4.35,73.75,22-02-23-10-52-32-748
19.39,76.67,-4.26,71.31,22-02-23-10-52-32-782
26.06,89.13,-4.42,72.92,22-02-23-10-52-32-812
27.83,90.84,-17.49,73.95,22-02-23-10-52-32-845
28.87,91.82,-17.48,66.42,22-02-23-10-52-32-883
28.75,91.78,-21.08,68.87,22-02-23-10-52-32-915
28.36,91.56,-25.83,70.67,22-02-23-10-52-32-949
28.08,91.53,-30.07,72.91,22-02-23-10-52-32-982
27.08,91.06,-31.86,72.75,22-02-23-10-52-33-015
26.63,90.83,-38.02,78.37,22-02-23-10-52-33-050
25.66,89.90,-50.33,78.51,22-02-23-10-52-33-083
26.53,96.49,-54.78,77.48,22-02-23-10-52-33-113
27.21,100.21,-55.46,76.72,22-02-23-10-52-33-148
24.46,96.61,-54.32,76.87,22-02-23-10-52-33-182
22.89,93.83,-53.76,77.28,22-02-23-10-52-33-215
22.07,92.56,-52.68,77.35,22-02-23-10-52-33-247
21.42,91.47,-51.63,77.52,22-02-23-10-52-33-284
21.06,91.01,-50.94,78.01,22-02-23-10-52-33-314
20.88,90.73,-50.38,78.60,22-02-23-10-52-33-350
20.75,90.39,-49.89,78.93,22-02-23-10-52-33-384
18.97,77.40,-50.56,82.49,22-02-23-10-52-33-416
18.73,74.96,-50.33,83.07,22-02-23-10-52-33-450
18.90,76.96,-49.90,83.46,22-02-23-10-52-33-485
24.22,96.02,-49.36,79.73,22-02-23-10-52-33-514
27.30,102.24,-48.76,78.76,22-02-23-10-52-33-548
28.21,103.57,-48.52,78.67,22-02-23-10-52-33-585
28.64,103.61,-48.59,78.62,22-02-23-10-52-33-614
28.61,102.55,-48.86,78.60,22-02-23-10-52-33-648
26.84,95.06,-36.21,76.16,22-02-23-10-52-33-683
26.05,90.88,-24.11,73.43,22-02-23-10-52-33-715
24.91,86.83,-14.86,72.43,22-02-23-10-52-33-750
24.13,83.88,-8.26,72.07,22-02-23-10-52-33-780
23.83,82.58,-2.12,71.56,22-02-23-10-52-33-814
23.64,82.09,3.30,71.43,22-02-23-10-52-33-845
23.52,86.90,12.02,73.21,22-02-23-10-52-33-881
23.50,89.14,17.86,74.38,22-02-23-10-52-33-915
23.09,91.15,22.07,75.10,22-02-23-10-52-33-948
20.65,93.72,23.42,74.03,22-02-23-10-52-33-987
12.43,87.18,13.00,74.88,22-02-23-10-52-34-015
11.79,75.63,11.02,74.83,22-02-23-10-52-34-049
6.88,85.36,16.38,83.51,22-02-23-10-52-34-085
4.30,98.13,27.72,88.66,22-02-23-10-52-34-118
2.16,141.61,33.24,95.08,22-02-23-10-52-34-147
2.21,175.42,35.34,97.17,22-02-23-10-52-34-181
2.48,-168.40,37.39,98.22,22-02-23-10-52-34-220
2.65,-159.86,39.00,98.84,22-02-23-10-52-34-248
2.58,-154.75,41.18,99.07,22-02-23-10-52-34-282
2.36,-152.11,43.42,99.07,22-02-23-10-52-34-315
2.06,-151.45,45.55,98.83,22-02-23-10-52-34-347
1.58,-147.38,50.94,99.15,22-02-23-10-52-34-383
1.04,-136.34,54.06,99.29,22-02-23-10-52-34-414
0.67,-91.83,55.58,98.94,22-02-23-10-52-34-448
0.99,-46.39,56.48,98.56,22-02-23-10-52-34-478
10.54,4.11,52.96,86.94,22-02-23-10-52-34-514
15.47,5.76,51.25,81.32,22-02-23-10-52-34-548
17.80,6.34,50.83,78.67,22-02-23-10-52-34-579
19.25,6.69,50.59,76.98,22-02-23-10-52-34-612
20.23,7.07,50.59,75.71,22-02-23-10-52-34-650
20.64,7.33,50.89,75.09,22-02-23-10-52-34-682
20.57,7.44,51.49,75.01,22-02-23-10-52-34-715
20.18,7.48,52.28,75.30,22-02-23-10-52-34-749
19.69,7.48,53.23,75.80,22-02-23-10-52-34-790
19.18,7.52,53.97,76.37,22-02-23-10-52-34-817
18.76,7.66,54.48,76.89,22-02-23-10-52-34-852
18.41,7.85,54.81,77.35,22-02-23-10-52-34-881
18.11,8.03,55.04,77.74,22-02-23-10-52-34-915
17.85,8.23,55.19,78.07,22-02-23-10-52-34-947
17.64,8.43,55.25,78.32,22-02-23-10-52-34-981
17.47,8.56,55.07,78.45,22-02-23-10-52-35-013
17.33,8.71,52.78,78.55,22-02-23-10-52-35-049
17.17,8.98,48.71,79.07,22-02-23-10-52-35-081
16.95,9.56,44.08,80.01,22-02-23-10-52-35-115
16.62,11.12,38.73,81.19,22-02-23-10-52-35-147
16.14,14.19,32.32,82.20,22-02-23-10-52-35-183
15.40,18.64,27.53,82.39,22-02-23-10-52-35-213
14.71,23.63,21.62,82.46,22-02-23-10-52-35-252
13.82,30.91,18.55,81.09,22-02-23-10-52-35-285
13.44,41.44,10.76,80.01,22-02-23-10-52-35-315
15.84,61.48,8.99,71.59,22-02-23-10-52-35-350
17.10,76.79,5.91,69.38,22-02-23-10-52-35-388
23.38,92.64,11.19,62.84,22-02-23-10-52-35-414
25.82,98.57,9.67,61.70,22-02-23-10-52-35-450
26.87,100.51,7.22,62.74,22-02-23-10-52-35-483
27.39,101.36,-1.56,71.03,22-02-23-10-52-35-515
27.02,100.51,-4.84,72.77,22-02-23-10-52-35-550
25.62,96.95,-10.84,75.06,22-02-23-10-52-35-583
24.56,93.50,-16.21,76.63,22-02-23-10-52-35-613
23.73,90.30,-22.39,77.22,22-02-23-10-52-35-648
23.40,88.67,-25.95,77.81,22-02-23-10-52-35-680
23.19,87.65,-28.59,78.32,22-02-23-10-52-35-715
23.04,86.93,-38.58,79.43,22-02-23-10-52-35-748
22.91,86.40,-42.28,79.89,22-02-23-10-52-35-783
22.88,86.87,-56.63,77.31,22-02-23-10-52-35-814
22.60,86.83,-57.10,77.18,22-02-23-10-52-35-852
22.32,86.76,-56.78,77.24,22-02-23-10-52-35-880
21.99,86.66,-55.61,77.50,22-02-23-10-52-35-915
21.67,86.56,-55.09,78.38,22-02-23-10-52-35-949
21.75,88.52,-54.57,79.14,22-02-23-10-52-35-980
22.28,92.67,-53.31,77.72,22-02-23-10-52-36-012
23.16,96.33,-52.52,75.72,22-02-23-10-52-36-048
22.06,94.76,-51.46,77.62,22-02-23-10-52-36-085
21.36,93.35,-50.03,78.31,22-02-23-10-52-36-115
21.10,92.79,-49.00,78.24,22-02-23-10-52-36-145
21.10,92.23,-48.15,77.82,22-02-23-10-52-36-180
21.48,91.92,-37.08,75.65,22-02-23-10-52-36-216
21.87,91.40,-21.38,73.46,22-02-23-10-52-36-248
20.62,83.67,-16.02,73.61,22-02-23-10-52-36-281
20.42,81.34,-6.45,73.32,22-02-23-10-52-36-315
20.29,79.70,2.81,71.93,22-02-23-10-52-36-347
20.18,78.41,8.78,71.79,22-02-23-10-52-36-383
19.91,78.67,14.01,71.72,22-02-23-10-52-36-417
12.95,70.72,12.23,74.55,22-02-23-10-52-36-449
9.89,63.11,12.65,76.97,22-02-23-10-52-36-482
8.73,56.87,13.92,78.78,22-02-23-10-52-36-513
9.25,51.59,14.66,78.94,22-02-23-10-52-36-546
9.92,48.21,21.90,80.61,22-02-23-10-52-36-586
10.45,45.69,24.56,81.06,22-02-23-10-52-36-616
10.79,43.81,26.66,81.19,22-02-23-10-52-36-648
11.08,42.34,29.05,81.12,22-02-23-10-52-36-680
11.34,41.28,31.17,80.88,22-02-23-10-52-36-715
11.66,40.20,33.35,80.50,22-02-23-10-52-36-749
12.02,38.97,35.76,79.96,22-02-23-10-52-36-786
12.46,37.19,38.50,79.39,22-02-23-10-52-36-817
12.97,34.39,40.97,79.02,22-02-23-10-52-36-848
13.41,31.32,44.39,78.84,22-02-23-10-52-36-882
13.83,28.30,47.85,78.78,22-02-23-10-52-36-915
14.24,25.28,50.37,78.87,22-02-23-10-52-36-947
14.59,22.24,52.38,78.97,22-02-23-10-52-36-986
14.89,19.69,54.64,76.50,22-02-23-10-52-37-017
15.20,17.12,55.71,76.19,22-02-23-10-52-37-047
15.51,14.95,58.69,76.82,22-02-23-10-52-37-083
15.77,13.17,58.74,77.16,22-02-23-10-52-37-116
15.95,12.10,58.85,77.56,22-02-23-10-52-37-148
16.08,11.32,58.90,77.83,22-02-23-10-52-37-181
16.39,10.38,61.34,78.31,22-02-23-10-52-37-214
16.62,9.97,63.08,78.60,22-02-23-10-52-37-247
16.82,9.63,63.93,78.81,22-02-23-10-52-37-281
16.96,9.48,62.11,79.16,22-02-23-10-52-37-314
17.04,9.46,61.25,79.22,22-02-23-10-52-37-348
17.11,9.42,60.82,79.23,22-02-23-10-52-37-381
17.15,9.45,60.54,79.23,22-02-23-10-52-37-417
17.18,9.44,60.33,79.24,22-02-23-10-52-37-448
17.20,9.45,60.14,79.25,22-02-23-10-52-37-481
17.21,9.46,59.96,79.23,22-02-23-10-52-37-514
17.22,9.47,59.80,79.20,22-02-23-10-52-37-549
17.22,9.49,59.65,79.17,22-02-23-10-52-37-580
17.22,9.48,59.50,79.13,22-02-23-10-52-37-617
17.22,9.45,59.33,79.09,22-02-23-10-52-37-649
17.22,9.46,60.18,78.66,22-02-23-10-52-37-680
17.21,9.50,60.06,78.50,22-02-23-10-52-37-718
17.19,9.62,58.77,78.55,22-02-23-10-52-37-748
17.16,9.77,56.39,78.86,22-02-23-10-52-37-781
17.09,10.07,50.34,80.13,22-02-23-10-52-37-821
16.89,10.95,41.43,81.84,22-02-23-10-52-37-848
16.48,13.86,34.35,82.73,22-02-23-10-52-37-885
16.03,18.62,28.34,83.05,22-02-23-10-52-37-916
14.97,24.82,24.13,82.73,22-02-23-10-52-37-949
14.17,30.52,21.18,82.52,22-02-23-10-52-37-983
13.63,35.69,15.70,83.70,22-02-23-10-52-38-016
14.07,47.53,14.84,81.21,22-02-23-10-52-38-047
16.35,61.83,10.21,77.63,22-02-23-10-52-38-082
16.91,76.55,5.16,76.02,22-02-23-10-52-38-116
19.42,89.37,7.72,74.55,22-02-23-10-52-38-146
22.38,98.12,13.36,78.18,22-02-23-10-52-38-183
23.86,99.89,18.40,78.89,22-02-23-10-52-38-215
24.26,98.78,11.99,77.77,22-02-23-10-52-38-249
24.14,96.48,4.55,77.30,22-02-23-10-52-38-282
24.39,94.84,-2.71,76.84,22-02-23-10-52-38-315
24.55,93.39,-18.38,76.62,22-02-23-10-52-38-348
24.49,91.77,-27.29,77.00,22-02-23-10-52-38-380
24.11,89.32,-32.91,76.12,22-02-23-10-52-38-412
24.09,89.04,-40.27,79.29,22-02-23-10-52-38-447
24.00,88.81,-42.98,80.53,22-02-23-10-52-38-479
23.94,88.95,-44.81,80.66,22-02-23-10-52-38-515
23.74,89.41,-45.69,80.22,22-02-23-10-52-38-548
23.53,89.68,-45.54,80.81,22-02-23-10-52-38-580
23.33,89.81,-47.65,80.27,22-02-23-10-52-38-615
20.13,79.75,-49.02,82.09,22-02-23-10-52-38-646
19.42,78.23,-49.47,81.63,22-02-23-10-52-38-680
18.95,77.62,-49.53,81.09,22-02-23-10-52-38-715
18.62,77.20,-49.47,80.83,22-02-23-10-52-38-749
18.66,78.89,-49.32,80.04,22-02-23-10-52-38-781
18.84,80.76,-49.11,79.26,22-02-23-10-52-38-815
18.78,80.84,-48.89,79.04,22-02-23-10-52-38-848
18.67,79.96,-48.73,79.25,22-02-23-10-52-38-881
18.94,80.55,-48.62,78.89,22-02-23-10-52-38-915
19.98,82.71,-46.63,78.10,22-02-23-10-52-38-951
21.12,84.47,-41.33,76.30,22-02-23-10-52-38-981
21.92,85.58,-35.36,74.59,22-02-23-10-52-39-012
22.66,86.10,-25.93,73.22,22-02-23-10-52-39-047
22.99,85.86,-15.46,71.58,22-02-23-10-52-39-083
21.95,82.24,-10.62,73.02,22-02-23-10-52-39-115
22.90,76.47,-9.66,72.45,22-02-23-10-52-39-149
23.78,75.41,-35.35,62.93,22-02-23-10-52-39-183
24.26,74.81,-30.86,61.24,22-02-23-10-52-39-215
20.98,81.88,-14.84,60.89,22-02-23-10-52-39-249
18.46,87.38,-1.02,64.51,22-02-23-10-52-39-281
17.71,88.75,8.83,67.47,22-02-23-10-52-39-315
16.94,86.70,-11.11,60.28,22-02-23-10-52-39-346
15.24,79.51,13.67,69.60,22-02-23-10-52-39-380
4.76,85.56,27.72,90.43,22-02-23-10-52-39-413
1.04,125.53,37.89,95.69,22-02-23-10-52-39-451
1.41,-135.22,41.53,98.02,22-02-23-10-52-39-481
2.40,-119.58,43.30,99.28,22-02-23-10-52-39-515
3.07,-114.91,45.20,99.89,22-02-23-10-52-39-547
3.29,-113.34,46.54,100.03,22-02-23-10-52-39-581
3.21,-112.37,48.33,99.77,22-02-23-10-52-39-615
3.02,-109.33,50.12,99.63,22-02-23-10-52-39-652
2.78,-104.50,51.78,99.50,22-02-23-10-52-39-679
2.56,-96.47,53.32,99.28,22-02-23-10-52-39-716
2.42,-86.28,55.05,99.17,22-02-23-10-52-39-749
2.33,-75.78,56.44,99.00,22-02-23-10-52-39-782
4.52,140.39,64.76,100.12,22-02-23-10-52-39-819
8.55,23.46,62.61,87.73,22-02-23-10-52-39-849
7.25,82.95,71.51,95.36,22-02-23-10-52-39-885
10.94,24.88,65.84,84.08,22-02-23-10-52-39-912
7.16,80.85,72.90,95.03,22-02-23-10-52-39-948
10.25,20.61,66.75,85.28,22-02-23-10-52-39-983
5.94,84.83,73.09,95.76,22-02-23-10-52-40-015
8.58,14.82,67.00,87.66,22-02-23-10-52-40-047
8.17,-6.50,64.69,89.92,22-02-23-10-52-40-082
8.27,-18.16,63.53,91.42,22-02-23-10-52-40-115
11.64,-14.78,61.51,88.05,22-02-23-10-52-40-148
13.62,-12.47,60.41,85.81,22-02-23-10-52-40-180
14.86,-10.77,59.64,84.23,22-02-23-10-52-40-214
15.68,-9.30,59.11,83.05,22-02-23-10-52-40-248
16.22,-7.98,58.64,82.13,22-02-23-10-52-40-281
16.59,-6.66,58.31,81.34,22-02-23-10-52-40-314
16.78,-5.27,57.76,80.53,22-02-23-10-52-40-346
16.86,-3.86,56.45,79.67,22-02-23-10-52-40-382
16.80,-2.13,54.47,78.99,22-02-23-10-52-40-418
16.64,-0.32,49.68,78.35,22-02-23-10-52-40-446
16.19,3.38,42.91,80.34,22-02-23-10-52-40-482
15.71,7.28,33.46,82.85,22-02-23-10-52-40-515
14.97,12.33,28.23,83.57,22-02-23-10-52-40-547
14.11,18.73,24.69,83.34,22-02-23-10-52-40-584
13.54,25.36,20.98,83.02,22-02-23-10-52-40-615
13.18,32.84,17.74,82.16,22-02-23-10-52-40-648
13.05,40.04,12.67,79.58,22-02-23-10-52-40-683
16.91,63.86,15.15,72.87,22-02-23-10-52-40-714
16.80,76.15,12.05,73.09,22-02-23-10-52-40-748
17.44,85.13,6.24,73.07,22-02-23-10-52-40-785
22.41,95.86,6.06,72.03,22-02-23-10-52-40-814
23.93,98.39,3.21,72.91,22-02-23-10-52-40-845
20.75,80.06,-18.21,68.60,22-02-23-10-52-40-882
21.49,77.80,-21.62,69.98,22-02-23-10-52-40-913
21.87,76.92,-23.47,71.19,22-02-23-10-52-40-947
22.09,76.57,-15.54,79.15,22-02-23-10-52-40-980
24.45,85.86,-17.13,78.22,22-02-23-10-52-41-015
24.67,88.74,-20.56,76.68,22-02-23-10-52-41-049
24.68,90.51,-24.29,75.26,22-02-23-10-52-41-079
24.13,90.87,-38.71,70.64,22-02-23-10-52-41-115
23.32,90.41,-45.53,70.65,22-02-23-10-52-41-147
22.50,89.62,-47.52,71.07,22-02-23-10-52-41-181
21.80,88.74,-49.14,72.58,22-02-23-10-52-41-213
21.17,87.76,-50.24,73.66,22-02-23-10-52-41-247
21.08,88.87,-50.65,73.72,22-02-23-10-52-41-280
19.58,80.12,-51.82,80.34,22-02-23-10-52-41-314
18.87,74.35,-52.40,84.38,22-02-23-10-52-41-349
18.53,70.49,-52.69,86.89,22-02-23-10-52-41-381
18.33,68.61,-52.69,88.27,22-02-23-10-52-41-413
19.34,81.62,-52.13,84.19,22-02-23-10-52-41-448
19.89,86.17,-51.53,82.45,22-02-23-10-52-41-483
20.31,89.20,-50.75,81.48,22-02-23-10-52-41-514
20.48,90.53,-49.84,80.85,22-02-23-10-52-41-548
20.80,91.94,-43.16,78.56,22-02-23-10-52-41-581
21.13,92.89,-39.85,77.36,22-02-23-10-52-41-617
21.46,93.45,-38.00,76.26,22-02-23-10-52-41-646
21.71,92.93,-35.22,75.15,22-02-23-10-52-41-683
21.91,92.22,-29.26,73.22,22-02-23-10-52-41-717
22.02,91.47,-19.33,71.03,22-02-23-10-52-41-746
22.11,91.09,-7.54,70.26,22-02-23-10-52-41-781
22.17,90.41,1.46,70.20,22-02-23-10-52-41-814
22.24,89.10,19.01,71.83,22-02-23-10-52-41-848
22.29,88.06,32.08,73.69,22-02-23-10-52-41-883
22.32,87.08,15.70,65.51,22-02-23-10-52-41-917
20.14,87.72,15.95,67.78,22-02-23-10-52-41-948
15.57,88.64,16.27,73.34,22-02-23-10-52-41-985
9.04,106.57,18.97,89.34,22-02-23-10-52-42-014
7.15,119.94,21.09,95.07,22-02-23-10-52-42-047
6.41,129.56,23.35,98.00,22-02-23-10-52-42-081
5.92,137.31,31.57,99.80,22-02-23-10-52-42-114
5.60,143.33,36.70,100.47,22-02-23-10-52-42-148
5.24,147.46,38.94,100.73,22-02-23-10-52-42-178
4.66,149.22,40.51,100.34,22-02-23-10-52-42-214
3.96,149.54,43.85,99.73,22-02-23-10-52-42-250
2.73,-128.50,43.63,100.94,22-02-23-10-52-42-282
4.23,-99.67,43.79,101.43,22-02-23-10-52-42-316
4.87,-87.48,44.01,100.90,22-02-23-10-52-42-348
5.21,-78.54,44.62,100.27,22-02-23-10-52-42-382
5.36,-71.98,45.54,99.69,22-02-23-10-52-42-414
3.18,158.79,55.18,98.85,22-02-23-10-52-42-449
1.60,139.61,56.42,97.58,22-02-23-10-52-42-485
5.66,129.73,62.58,98.88,22-02-23-10-52-42-514
8.34,29.12,59.42,84.90,22-02-23-10-52-42-547
6.38,83.56,67.61,93.31,22-02-23-10-52-42-581
11.47,23.03,63.84,83.49,22-02-23-10-52-42-616
8.28,82.09,72.99,94.14,22-02-23-10-52-42-648
11.35,24.45,69.33,84.69,22-02-23-10-52-42-680
8.94,-1.47,65.77,89.89,22-02-23-10-52-42-713
8.39,-18.01,64.33,92.86,22-02-23-10-52-42-748
1.51,141.98,70.93,100.76,22-02-23-10-52-42-783
7.60,4.95,65.15,89.24,22-02-23-10-52-42-814
7.57,-2.17,63.79,90.05,22-02-23-10-52-42-847
12.21,0.49,61.12,83.61,22-02-23-10-52-42-882
14.60,1.58,59.26,80.09,22-02-23-10-52-42-915
15.98,2.26,57.88,78.01,22-02-23-10-52-42-948
16.83,2.77,56.57,76.70,22-02-23-10-52-42-981
17.40,3.22,54.42,75.67,22-02-23-10-52-43-014
17.77,3.71,50.21,75.04,22-02-23-10-52-43-046
17.88,4.66,44.83,74.84,22-02-23-10-52-43-082
17.73,6.52,37.73,77.40,22-02-23-10-52-43-115
17.31,10.01,27.24,80.49,22-02-23-10-52-43-148
16.73,15.29,20.64,81.66,22-02-23-10-52-43-181
16.01,21.31,16.25,81.91,22-02-23-10-52-43-220
15.30,27.90,13.31,81.52,22-02-23-10-52-43-248
14.77,34.48,9.36,81.09,22-02-23-10-52-43-280
14.67,43.27,7.11,79.71,22-02-23-10-52-43-313
18.53,61.53,5.97,71.30,22-02-23-10-52-43-348
18.37,78.68,9.36,70.47,22-02-23-10-52-43-381
20.24,91.14,16.13,70.25,22-02-23-10-52-43-412
22.64,101.10,23.74,77.50,22-02-23-10-52-43-448
24.01,103.69,20.10,79.31,22-02-23-10-52-43-484
24.31,101.44,12.76,77.83,22-02-23-10-52-43-512
24.06,97.49,2.87,76.92,22-02-23-10-52-43-546
24.18,95.33,-18.00,76.25,22-02-23-10-52-43-580
24.37,94.26,-27.82,76.78,22-02-23-10-52-43-614
24.43,92.94,-34.53,77.19,22-02-23-10-52-43-648
24.54,92.60,-46.25,79.32,22-02-23-10-52-43-680
24.54,92.35,-49.77,79.79,22-02-23-10-52-43-712
24.40,92.28,-59.72,73.74,22-02-23-10-52-43-748
24.03,91.92,-60.55,73.77,22-02-23-10-52-43-783
22.21,87.53,-58.73,75.16,22-02-23-10-52-43-814
21.33,85.34,-57.50,77.37,22-02-23-10-52-43-847
20.01,79.44,-54.90,80.49,22-02-23-10-52-43-882
12.08,56.03,-46.86,90.83,22-02-23-10-52-43-913
12.83,51.63,-49.37,92.87,22-02-23-10-52-43-955
13.01,48.55,-48.82,93.79,22-02-23-10-52-43-979
12.13,42.55,-47.07,95.14,22-02-23-10-52-44-015
11.71,39.72,-45.96,95.79,22-02-23-10-52-44-048
15.16,64.40,-49.04,90.27,22-02-23-10-52-44-084
16.11,68.01,-49.49,89.16,22-02-23-10-52-44-114
16.93,71.11,-49.64,87.68,22-02-23-10-52-44-149
18.64,77.89,-54.01,78.54,22-02-23-10-52-44-182
20.78,84.48,-50.10,76.77,22-02-23-10-52-44-215
22.09,87.73,-48.31,75.28,22-02-23-10-52-44-248
23.66,91.28,-41.51,76.17,22-02-23-10-52-44-284
24.42,92.68,-38.27,76.01,22-02-23-10-52-44-318
24.93,93.53,-35.20,75.52,22-02-23-10-52-44-349
25.12,94.16,-25.82,73.09,22-02-23-10-52-44-383
21.66,77.50,-21.36,77.49,22-02-23-10-52-44-414
21.29,74.08,-13.30,76.45,22-02-23-10-52-44-449
20.72,72.66,-12.30,74.13,22-02-23-10-52-44-482
19.12,85.47,-8.37,70.54,22-02-23-10-52-44-515
18.45,92.85,1.15,69.51,22-02-23-10-52-44-545
16.41,98.09,16.44,73.28,22-02-23-10-52-44-581
15.78,96.84,28.76,77.05,22-02-23-10-52-44-614
6.85,107.99,26.33,97.85,22-02-23-10-52-44-646
3.72,125.59,30.41,100.97,22-02-23-10-52-44-686
2.62,147.04,33.10,101.89,22-02-23-10-52-44-712
2.26,168.74,36.13,102.15,22-02-23-10-52-44-750
2.19,-174.58,37.33,102.40,22-02-23-10-52-44-780
2.14,-166.22,38.45,102.08,22-02-23-10-52-44-816
2.01,-161.86,41.68,101.35,22-02-23-10-52-44-849
1.86,-161.18,44.02,100.60,22-02-23-10-52-44-882
1.71,-161.99,46.24,99.94,22-02-23-10-52-44-915
1.34,-163.30,48.11,99.15,22-02-23-10-52-44-948
0.87,-154.72,49.66,98.67,22-02-23-10-52-44-983
0.54,-129.07,50.96,98.40,22-02-23-10-52-45-012
0.48,-84.19,52.11,98.27,22-02-23-10-52-45-047
0.73,-54.25,53.06,98.25,22-02-23-10-52-45-079
5.93,131.28,61.21,100.52,22-02-23-10-52-45-115
8.06,35.62,57.82,88.53,22-02-23-10-52-45-149
7.78,14.68,55.34,89.88,22-02-23-10-52-45-180
5.86,95.86,64.64,97.60,22-02-23-10-52-45-216
10.17,30.49,59.71,88.23,22-02-23-10-52-45-250
6.95,89.33,66.99,98.09,22-02-23-10-52-45-282
9.40,31.18,59.03,87.49,22-02-23-10-52-45-313
7.38,11.00,56.66,90.99,22-02-23-10-52-45-346
6.48,109.91,65.02,99.04,22-02-23-10-52-45-380
9.01,39.85,61.45,89.94,22-02-23-10-52-45-415
6.37,15.08,58.07,93.61,22-02-23-10-52-45-446
5.63,113.85,65.24,101.19,22-02-23-10-52-45-483
8.50,40.48,61.24,91.10,22-02-23-10-52-45-512
6.41,23.62,58.09,93.54,22-02-23-10-52-45-547
5.30,6.89,55.33,95.43,22-02-23-10-52-45-580
4.81,-7.06,52.41,96.66,22-02-23-10-52-45-613
4.59,-16.92,49.06,97.29,22-02-23-10-52-45-650
4.13,-24.53,44.50,97.28,22-02-23-10-52-45-680
2.99,-33.43,40.00,97.27,22-02-23-10-52-45-712
1.87,-45.92,33.26,97.85,22-02-23-10-52-45-747
1.10,-67.84,29.01,100.10,22-02-23-10-52-45-782
0.68,-136.42,26.53,101.97,22-02-23-10-52-45-816
1.03,-171.40,19.46,102.63,22-02-23-10-52-45-848
1.49,172.18,15.08,102.84,22-02-23-10-52-45-882
9.73,102.19,14.89,91.72,22-02-23-10-52-45-912
20.21,99.26,20.66,74.48,22-02-23-10-52-45-948
23.56,98.87,17.02,69.64,22-02-23-10-52-45-981
25.63,100.08,19.54,70.01,22-02-23-10-52-46-013
26.83,100.66,5.95,65.59,22-02-23-10-52-46-046
27.23,100.40,-6.78,64.59,22-02-23-10-52-46-084
27.17,99.24,-17.50,65.60,22-02-23-10-52-46-114
28.86,99.54,-24.78,70.04,22-02-23-10-52-46-149
29.36,99.38,-31.02,72.61,22-02-23-10-52-46-186
29.55,99.09,-35.92,74.54,22-02-23-10-52-46-214
29.27,98.47,-39.32,76.06,22-02-23-10-52-46-247
26.84,96.52,-44.11,74.31,22-02-23-10-52-46-280
25.75,95.57,-45.62,74.76,22-02-23-10-52-46-315
24.45,94.52,-48.57,75.68,22-02-23-10-52-46-349
23.82,93.92,-50.00,76.23,22-02-23-10-52-46-382
23.10,93.36,-51.00,76.71,22-02-23-10-52-46-415
19.00,82.37,-51.04,81.25,22-02-23-10-52-46-448
18.33,83.54,-50.61,82.31,22-02-23-10-52-46-481
17.79,83.04,-50.27,82.97,22-02-23-10-52-46-513
17.70,84.43,-49.90,83.06,22-02-23-10-52-46-548
23.02,99.80,-50.17,72.86,22-02-23-10-52-46-583
23.63,101.73,-49.68,71.69,22-02-23-10-52-46-617
23.61,102.23,-49.04,71.57,22-02-23-10-52-46-647
23.55,102.16,-48.67,71.91,22-02-23-10-52-46-684
23.33,101.59,-48.09,72.11,22-02-23-10-52-46-715
28.34,106.03,-48.10,72.43,22-02-23-10-52-46-747
28.85,105.55,-38.80,73.43,22-02-23-10-52-46-782
29.33,105.24,-17.84,76.09,22-02-23-10-52-46-816
29.66,104.77,-33.63,73.10,22-02-23-10-52-46-848
22.85,91.39,-29.27,81.05,22-02-23-10-52-46-884
19.91,81.70,-19.67,84.32,22-02-23-10-52-46-915
19.00,77.30,-14.37,85.08,22-02-23-10-52-46-949
18.46,74.11,-11.57,84.55,22-02-23-10-52-46-985
18.10,71.79,-6.31,84.50,22-02-23-10-52-47-017
17.73,75.58,-0.38,82.69,22-02-23-10-52-47-046
16.17,80.78,7.14,81.60,22-02-23-10-52-47-085
8.19,76.33,10.12,82.50,22-02-23-10-52-47-116
7.92,73.83,13.98,82.19,22-02-23-10-52-47-147
7.81,68.16,17.43,81.74,22-02-23-10-52-47-182
8.09,63.06,21.35,81.31,22-02-23-10-52-47-213
8.58,58.85,27.08,81.38,22-02-23-10-52-47-248
9.36,54.72,31.96,81.14,22-02-23-10-52-47-281
9.96,50.34,35.52,80.80,22-02-23-10-52-47-314
10.98,45.01,37.39,80.17,22-02-23-10-52-47-351
11.98,40.58,38.99,79.59,22-02-23-10-52-47-381
12.92,36.07,40.35,79.30,22-02-23-10-52-47-413
13.60,31.99,42.87,78.91,22-02-23-10-52-47-448
14.21,28.25,47.00,78.44,22-02-23-10-52-47-483
14.63,25.20,49.57,78.36,22-02-23-10-52-47-515
14.99,22.07,51.95,78.46,22-02-23-10-52-47-548
15.26,19.45,53.82,78.59,22-02-23-10-52-47-581
15.44,17.15,55.44,78.71,22-02-23-10-52-47-618
15.57,14.96,57.05,78.81,22-02-23-10-52-47-649
15.65,12.71,58.61,78.88,22-02-23-10-52-47-683
15.74,10.90,59.75,78.90,22-02-23-10-52-47-713
15.80,9.58,61.68,78.38,22-02-23-10-52-47-747
15.85,8.66,63.34,76.74,22-02-23-10-52-47-785
15.88,7.95,63.65,76.41,22-02-23-10-52-47-814
15.90,7.42,63.71,76.26,22-02-23-10-52-47-847
15.92,7.02,63.44,76.08,22-02-23-10-52-47-881
15.93,6.75,62.89,75.94,22-02-23-10-52-47-914
15.94,6.58,61.96,75.78,22-02-23-10-52-47-949
15.95,6.46,60.97,75.73,22-02-23-10-52-47-984
15.95,6.41,60.05,75.74,22-02-23-10-52-48-015
15.93,6.49,59.13,75.78,22-02-23-10-52-48-047
15.91,6.63,58.18,75.93,22-02-23-10-52-48-081
15.89,6.80,57.03,76.17,22-02-23-10-52-48-116
15.86,6.99,54.66,78.07,22-02-23-10-52-48-148
15.84,7.24,51.18,80.18,22-02-23-10-52-48-181
15.82,7.57,48.31,81.66,22-02-23-10-52-48-214
15.81,8.28,42.08,83.47,22-02-23-10-52-48-251
15.76,10.06,36.89,84.57,22-02-23-10-52-48-283
15.61,14.11,31.53,84.67,22-02-23-10-52-48-315
15.19,18.91,26.12,84.43,22-02-23-10-52-48-349
14.59,24.49,21.10,83.95,22-02-23-10-52-48-379
14.17,29.80,16.86,83.24,22-02-23-10-52-48-413
14.17,38.88,12.11,81.53,22-02-23-10-52-48-447
16.67,67.17,17.66,78.43,22-02-23-10-52-48-480
18.28,79.51,10.83,74.98,22-02-23-10-52-48-517
21.12,91.62,5.40,64.95,22-02-23-10-52-48-554
20.59,72.04,-12.04,65.46,22-02-23-10-52-48-583
22.80,78.96,-19.94,68.32,22-02-23-10-52-48-617
23.55,80.95,-26.99,71.72,22-02-23-10-52-48-646
24.03,82.43,-32.73,75.56,22-02-23-10-52-48-682
24.49,84.99,-39.16,79.14,22-02-23-10-52-48-716
24.91,87.32,-41.51,80.15,22-02-23-10-52-48-749
25.18,88.99,-43.70,81.61,22-02-23-10-52-48-783
25.09,90.30,-47.15,80.42,22-02-23-10-52-48-815
24.99,91.81,-51.26,79.84,22-02-23-10-52-48-848
24.71,92.55,-51.75,79.45,22-02-23-10-52-48-886
24.19,93.02,-51.65,79.14,22-02-23-10-52-48-914
18.83,72.92,-49.75,82.84,22-02-23-10-52-48-952
16.88,54.89,-47.72,86.34,22-02-23-10-52-48-981
16.49,46.73,-46.68,86.64,22-02-23-10-52-49-015
16.38,41.08,-48.10,88.73,22-02-23-10-52-49-048
16.40,42.16,-49.46,89.56,22-02-23-10-52-49-082
13.98,37.14,-47.51,92.16,22-02-23-10-52-49-114
13.93,43.39,-48.26,91.12,22-02-23-10-52-49-152
15.93,77.47,-49.43,84.21,22-02-23-10-52-49-180
16.91,80.63,-49.58,83.64,22-02-23-10-52-49-215
22.47,96.61,-48.18,77.97,22-02-23-10-52-49-248
24.25,99.30,-46.77,67.12,22-02-23-10-52-49-279
25.24,100.43,-33.74,66.60,22-02-23-10-52-49-315
25.89,100.27,-15.33,70.14,22-02-23-10-52-49-346
26.08,98.44,-4.15,73.00,22-02-23-10-52-49-386
25.16,94.69,0.61,75.72,22-02-23-10-52-49-418
22.70,88.96,8.02,77.18,22-02-23-10-52-49-446
21.58,86.02,11.53,77.66,22-02-23-10-52-49-483
19.53,85.59,15.26,77.08,22-02-23-10-52-49-515
13.53,81.88,13.92,78.54,22-02-23-10-52-49-546
9.73,80.29,14.99,81.04,22-02-23-10-52-49-584
7.96,76.42,15.78,82.36,22-02-23-10-52-49-617
3.55,98.25,19.35,90.72,22-02-23-10-52-49-647
2.27,137.80,22.09,94.58,22-02-23-10-52-49-681
2.35,171.95,29.64,96.05,22-02-23-10-52-49-718
2.79,-172.64,34.54,95.98,22-02-23-10-52-49-747
3.06,-165.40,36.71,96.46,22-02-23-10-52-49-786
3.16,-161.18,38.48,96.72,22-02-23-10-52-49-815
3.14,-157.75,40.27,97.04,22-02-23-10-52-49-847
3.03,-155.39,42.42,97.35,22-02-23-10-52-49-881
2.84,-151.99,44.39,97.61,22-02-23-10-52-49-916
2.60,-147.56,46.23,97.85,22-02-23-10-52-49-948
2.24,-138.82,48.44,98.31,22-02-23-10-52-49-982
1.94,-127.53,50.37,98.70,22-02-23-10-52-50-015
1.74,-114.61,52.27,99.04,22-02-23-10-52-50-047
1.65,-101.49,53.94,99.30,22-02-23-10-52-50-079
3.92,151.49,60.34,101.09,22-02-23-10-52-50-115
8.75,18.59,58.76,88.80,22-02-23-10-52-50-148
5.24,79.20,66.85,95.96,22-02-23-10-52-50-182
11.09,19.48,60.72,86.92,22-02-23-10-52-50-219
5.34,69.04,67.11,96.00,22-02-23-10-52-50-250
10.93,16.55,63.76,88.03,22-02-23-10-52-50-282
5.41,77.35,70.45,98.05,22-02-23-10-52-50-313
9.12,14.97,63.88,89.24,22-02-23-10-52-50-346
4.93,91.85,69.97,98.50,22-02-23-10-52-50-388
9.67,19.03,65.72,89.20,22-02-23-10-52-50-412
5.92,86.36,71.98,99.00,22-02-23-10-52-50-448
9.09,22.80,64.95,89.21,22-02-23-10-52-50-480
5.56,88.15,69.76,98.96,22-02-23-10-52-50-514
8.91,21.21,63.67,89.95,22-02-23-10-52-50-548
5.52,88.87,68.88,98.26,22-02-23-10-52-50-581
9.48,24.05,63.00,89.23,22-02-23-10-52-50-615
6.97,95.62,69.29,97.70,22-02-23-10-52-50-647
10.06,34.88,63.90,88.13,22-02-23-10-52-50-682
7.43,13.10,58.78,91.53,22-02-23-10-52-50-714
6.49,-5.07,54.19,93.63,22-02-23-10-52-50-747
6.05,-18.34,48.24,94.29,22-02-23-10-52-50-782
5.43,-28.00,44.40,95.24,22-02-23-10-52-50-813
4.75,-35.95,39.60,95.87,22-02-23-10-52-50-848
4.07,-42.03,32.58,96.56,22-02-23-10-52-50-881
2.99,-47.72,26.19,97.66,22-02-23-10-52-50-914
8.44,52.16,18.74,86.12,22-02-23-10-52-50-944
15.61,62.93,15.56,77.52,22-02-23-10-52-50-979
16.80,69.70,6.33,75.16,22-02-23-10-52-51-014
17.95,80.38,0.91,73.46,22-02-23-10-52-51-048
18.97,84.58,-5.77,71.57,22-02-23-10-52-51-082
19.71,86.66,-12.11,70.27,22-02-23-10-52-51-114
21.55,89.17,-20.26,70.95,22-02-23-10-52-51-147
22.53,90.23,-24.12,71.92,22-02-23-10-52-51-180
22.32,87.66,-27.42,73.79,22-02-23-10-52-51-216
19.26,67.22,-33.09,77.82,22-02-23-10-52-51-247
19.07,63.13,-35.03,79.93,22-02-23-10-52-51-278
22.79,80.70,-35.75,75.61,22-02-23-10-52-51-315
24.61,86.41,-39.19,77.72,22-02-23-10-52-51-348
25.13,88.44,-55.18,78.08,22-02-23-10-52-51-380
25.22,89.80,-56.87,77.54,22-02-23-10-52-51-414
25.04,90.71,-57.07,75.75,22-02-23-10-52-51-449
24.61,91.87,-56.41,75.39,22-02-23-10-52-51-481
18.56,78.73,-51.11,81.31,22-02-23-10-52-51-517
15.21,66.32,-51.84,78.48,22-02-23-10-52-51-550
12.78,53.25,-46.90,84.83,22-02-23-10-52-51-580
12.32,47.06,-44.91,87.81,22-02-23-10-52-51-617
13.82,69.23,-44.53,84.77,22-02-23-10-52-51-648
15.79,79.74,-44.71,82.41,22-02-23-10-52-51-682
17.71,85.52,-46.12,81.09,22-02-23-10-52-51-715
18.96,88.32,-46.65,80.08,22-02-23-10-52-51-751
20.97,91.60,-40.75,77.22,22-02-23-10-52-51-784
22.44,93.27,-31.45,75.97,22-02-23-10-52-51-815
23.25,94.15,-22.08,74.30,22-02-23-10-52-51-850
23.50,93.18,-19.84,74.36,22-02-23-10-52-51-880
23.47,91.81,-18.40,74.37,22-02-23-10-52-51-915
23.12,89.70,-6.72,74.32,22-02-23-10-52-51-948
20.45,93.19,13.69,75.23,22-02-23-10-52-51-981
20.21,91.13,29.07,74.83,22-02-23-10-52-52-015
20.02,87.71,39.78,72.96,22-02-23-10-52-52-048
16.64,75.91,34.18,71.64,22-02-23-10-52-52-081
5.81,83.77,33.47,98.28,22-02-23-10-52-52-117
1.16,124.70,34.95,102.38,22-02-23-10-52-52-150
5.30,18.79,32.50,93.55,22-02-23-10-52-52-181
5.24,5.94,33.59,93.17,22-02-23-10-52-52-215
4.96,-3.83,35.51,92.99,22-02-23-10-52-52-248
4.49,-11.42,37.16,93.17,22-02-23-10-52-52-285
4.17,-17.30,38.95,93.32,22-02-23-10-52-52-314
2.25,135.90,47.58,96.86,22-02-23-10-52-52-349
2.13,156.98,49.98,98.57,22-02-23-10-52-52-385
4.60,151.55,55.53,100.78,22-02-23-10-52-52-414
6.04,150.09,59.97,102.63,22-02-23-10-52-52-448
6.97,149.32,63.27,104.04,22-02-23-10-52-52-483
7.52,149.21,65.71,105.16,22-02-23-10-52-52-514
7.92,149.13,67.70,106.10,22-02-23-10-52-52-546
7.74,15.50,60.53,91.17,22-02-23-10-52-52-580
3.76,67.20,66.25,97.78,22-02-23-10-52-52-615
12.32,7.78,62.57,87.01,22-02-23-10-52-52-646
4.23,62.98,70.13,98.17,22-02-23-10-52-52-682
11.92,8.97,65.17,88.47,22-02-23-10-52-52-714
4.20,66.89,71.74,99.12,22-02-23-10-52-52-748
10.67,13.16,67.15,89.13,22-02-23-10-52-52-782
4.02,78.65,72.34,99.22,22-02-23-10-52-52-818
9.35,16.63,64.83,89.51,22-02-23-10-52-52-848
5.47,97.52,70.02,98.34,22-02-23-10-52-52-880
8.48,27.77,64.36,88.51,22-02-23-10-52-52-915
5.35,103.53,67.87,98.23,22-02-23-10-52-52-952
9.33,33.31,62.60,88.43,22-02-23-10-52-52-982
6.80,12.82,57.72,91.81,22-02-23-10-52-53-015
5.80,-5.46,53.76,94.07,22-02-23-10-52-53-049
5.41,-19.44,47.75,94.81,22-02-23-10-52-53-079
5.26,-29.32,42.18,95.54,22-02-23-10-52-53-115
4.94,-37.08,35.66,96.25,22-02-23-10-52-53-148
4.38,-43.35,29.80,96.62,22-02-23-10-52-53-182
3.28,-48.57,26.58,96.67,22-02-23-10-52-53-214
2.09,-50.79,19.40,99.67,22-02-23-10-52-53-246
1.30,-51.28,16.15,100.04,22-02-23-10-52-53-281
5.78,75.65,9.84,91.25,22-02-23-10-52-53-315
11.86,86.91,2.64,82.30,22-02-23-10-52-53-350
14.63,89.05,-3.22,77.10,22-02-23-10-52-53-379
20.32,78.33,-23.71,79.73,22-02-23-10-52-53-418
22.31,74.92,-30.75,78.57,22-02-23-10-52-53-449
23.65,74.23,-33.71,77.89,22-02-23-10-52-53-481
23.83,70.87,-35.83,79.10,22-02-23-10-52-53-514
24.96,75.24,-35.89,78.53,22-02-23-10-52-53-549
25.62,78.30,-35.82,78.10,22-02-23-10-52-53-581
26.08,82.37,-35.03,77.47,22-02-23-10-52-53-614
25.91,84.87,-34.58,76.47,22-02-23-10-52-53-650
25.66,86.69,-40.07,77.37,22-02-23-10-52-53-685
25.28,88.00,-48.88,78.68,22-02-23-10-52-53-714
24.61,89.16,-50.57,78.69,22-02-23-10-52-53-747
23.89,90.03,-51.17,78.76,22-02-23-10-52-53-783
24.04,94.55,-50.65,77.07,22-02-23-10-52-53-814
22.35,94.50,-50.31,77.13,22-02-23-10-52-53-850
14.43,70.76,-47.69,87.14,22-02-23-10-52-53-880
13.04,56.79,-47.43,91.11,22-02-23-10-52-53-917
12.63,48.63,-47.34,93.36,22-02-23-10-52-53-948
12.63,43.84,-47.39,94.85,22-02-23-10-52-53-980
12.60,40.70,-47.28,95.97,22-02-23-10-52-54-016
13.02,48.83,-47.88,94.17,22-02-23-10-52-54-047
13.99,62.87,-48.45,90.51,22-02-23-10-52-54-082
14.54,57.76,-50.36,89.26,22-02-23-10-52-54-116
11.81,38.85,-41.04,93.31,22-02-23-10-52-54-148
12.05,37.07,-38.68,93.13,22-02-23-10-52-54-180
12.97,50.58,-39.46,88.63,22-02-23-10-52-54-213
18.94,83.00,-34.46,79.05,22-02-23-10-52-54-247
21.27,87.99,-25.82,76.65,22-02-23-10-52-54-282
22.49,90.08,-18.84,75.68,22-02-23-10-52-54-314
23.33,91.30,-12.02,75.28,22-02-23-10-52-54-346
23.81,91.66,-9.59,73.82,22-02-23-10-52-54-382
22.05,113.74,17.10,79.12,22-02-23-10-52-54-415
22.13,117.62,24.01,81.89,22-02-23-10-52-54-448
13.21,109.45,21.77,83.14,22-02-23-10-52-54-485
6.77,125.71,21.85,97.65,22-02-23-10-52-54-514
4.91,140.60,23.94,104.49,22-02-23-10-52-54-546
3.54,154.82,25.26,106.05,22-02-23-10-52-54-580
5.30,43.45,25.22,94.33,22-02-23-10-52-54-614
4.72,26.93,31.70,93.50,22-02-23-10-52-54-646
4.02,13.50,36.21,93.53,22-02-23-10-52-54-681
3.38,1.70,38.86,94.21,22-02-23-10-52-54-715
3.10,-25.91,40.14,95.94,22-02-23-10-52-54-752
2.90,134.67,47.96,98.83,22-02-23-10-52-54-785
5.47,138.69,53.24,101.20,22-02-23-10-52-54-815
6.93,139.11,57.54,103.23,22-02-23-10-52-54-847
7.80,139.28,61.32,104.92,22-02-23-10-52-54-881
8.47,30.17,58.22,92.27,22-02-23-10-52-54-914
4.77,45.30,61.88,96.63,22-02-23-10-52-54-949
13.72,10.67,57.88,86.93,22-02-23-10-52-54-988
5.17,52.57,66.96,97.55,22-02-23-10-52-55-012
12.50,12.09,62.08,86.93,22-02-23-10-52-55-046
3.04,24.38,66.35,97.63,22-02-23-10-52-55-083
11.20,1.46,64.01,89.41,22-02-23-10-52-55-115
15.68,-0.31,62.59,84.95,22-02-23-10-52-55-148
17.90,-0.73,60.85,82.95,22-02-23-10-52-55-184
19.18,-0.87,59.85,81.79,22-02-23-10-52-55-214
20.01,-0.92,59.16,81.03,22-02-23-10-52-55-251
20.58,-0.81,58.59,80.48,22-02-23-10-52-55-285
20.88,-0.47,57.98,80.12,22-02-23-10-52-55-315
20.90,0.13,57.20,79.93,22-02-23-10-52-55-346
20.70,1.02,53.62,80.39,22-02-23-10-52-55-380
20.28,2.50,49.55,81.04,22-02-23-10-52-55-415
19.75,4.84,45.07,82.01,22-02-23-10-52-55-447
19.19,7.42,41.11,82.85,22-02-23-10-52-55-484
18.51,11.06,37.21,83.32,22-02-23-10-52-55-515
17.87,15.63,33.54,83.44,22-02-23-10-52-55-547
17.34,20.84,29.52,83.34,22-02-23-10-52-55-581
16.72,25.91,25.82,83.32,22-02-23-10-52-55-616
16.05,31.17,22.80,82.97,22-02-23-10-52-55-649
15.53,35.63,19.21,82.59,22-02-23-10-52-55-685
15.38,42.38,12.51,81.91,22-02-23-10-52-55-714
15.89,51.46,11.54,80.27,22-02-23-10-52-55-749
17.42,60.05,9.86,76.87,22-02-23-10-52-55-781
17.72,66.09,5.11,75.23,22-02-23-10-52-55-813
22.49,90.04,9.22,69.92,22-02-23-10-52-55-845
24.69,97.64,11.68,70.00,22-02-23-10-52-55-883
25.61,100.21,9.17,71.56,22-02-23-10-52-55-914
25.72,99.09,-5.41,72.96,22-02-23-10-52-55-946
25.11,96.13,-10.55,74.47,22-02-23-10-52-55-980
24.23,92.65,-14.23,76.61,22-02-23-10-52-56-014
23.70,89.84,-19.25,78.00,22-02-23-10-52-56-046
23.25,87.20,-23.53,79.26,22-02-23-10-52-56-083
23.21,86.32,-27.08,80.04,22-02-23-10-52-56-113
23.21,85.81,-30.41,80.67,22-02-23-10-52-56-149
23.14,85.51,-40.16,81.40,22-02-23-10-52-56-179
18.88,61.57,-42.45,87.11,22-02-23-10-52-56-216
18.24,62.55,-49.59,88.73,22-02-23-10-52-56-249
17.48,51.04,-55.73,91.71,22-02-23-10-52-56-281
15.34,29.26,-53.46,96.17,22-02-23-10-52-56-312
15.40,22.74,-53.33,97.54,22-02-23-10-52-56-350
15.58,34.79,-54.79,94.88,22-02-23-10-52-56-387
14.83,41.25,-52.98,93.63,22-02-23-10-52-56-412
14.39,46.63,-51.78,93.01,22-02-23-10-52-56-448
14.11,50.81,-50.74,92.67,22-02-23-10-52-56-481
14.12,55.34,-50.11,92.38,22-02-23-10-52-56-515
14.10,58.11,-49.52,92.25,22-02-23-10-52-56-545
14.19,59.72,-48.87,91.74,22-02-23-10-52-56-582
14.20,60.67,-48.41,91.51,22-02-23-10-52-56-614
8.07,22.09,-41.47,98.17,22-02-23-10-52-56-650
10.82,70.58,-43.43,89.05,22-02-23-10-52-56-681
6.63,46.91,-40.39,94.63,22-02-23-10-52-56-712
14.78,85.68,-44.83,85.75,22-02-23-10-52-56-749
19.32,91.13,-50.74,80.74,22-02-23-10-52-56-779
21.80,91.94,-53.90,77.95,22-02-23-10-52-56-815
23.26,92.20,-45.58,75.95,22-02-23-10-52-56-847
24.15,92.01,-37.37,73.95,22-02-23-10-52-56-886
24.63,91.54,-26.12,72.34,22-02-23-10-52-56-912
24.26,90.19,-17.80,72.42,22-02-23-10-52-56-952
23.18,87.52,-12.62,74.09,22-02-23-10-52-56-983
19.82,59.87,-20.81,77.77,22-02-23-10-52-57-014
19.51,53.84,-16.01,76.49,22-02-23-10-52-57-047
19.42,49.76,-14.17,76.93,22-02-23-10-52-57-083
16.20,74.54,0.31,72.81,22-02-23-10-52-57-112
15.04,87.91,10.22,74.58,22-02-23-10-52-57-149
10.47,83.64,11.57,79.57,22-02-23-10-52-57-184
12.26,76.27,15.75,78.33,22-02-23-10-52-57-214
5.42,99.71,22.82,95.42,22-02-23-10-52-57-246
2.26,153.53,31.08,101.52,22-02-23-10-52-57-282
2.55,-167.57,34.63,102.65,22-02-23-10-52-57-315
3.09,-152.55,38.63,103.34,22-02-23-10-52-57-349
3.42,-144.83,39.97,103.85,22-02-23-10-52-57-380
3.42,-139.13,41.95,103.86,22-02-23-10-52-57-414
3.13,-133.15,43.36,103.55,22-02-23-10-52-57-447
12.21,-85.22,38.53,108.36,22-02-23-10-52-57-481
12.71,-80.39,39.11,107.91,22-02-23-10-52-57-515
10.21,-72.20,41.13,103.84,22-02-23-10-52-57-549
8.32,-64.41,43.95,101.13,22-02-23-10-52-57-582
2.77,159.30,56.30,99.35,22-02-23-10-52-57-617
8.21,136.73,64.29,100.82,22-02-23-10-52-57-648
10.38,39.49,60.96,85.70,22-02-23-10-52-57-681
17.46,23.04,57.35,77.10,22-02-23-10-52-57-717
20.57,19.28,56.10,73.73,22-02-23-10-52-57-748
22.34,17.43,55.35,71.95,22-02-23-10-52-57-782
23.03,15.73,54.69,71.66,22-02-23-10-52-57-813
22.75,14.08,54.44,72.63,22-02-23-10-52-57-847
21.97,12.72,54.69,74.12,22-02-23-10-52-57-884
21.05,11.72,55.17,75.63,22-02-23-10-52-57-917
20.18,10.92,55.63,76.90,22-02-23-10-52-57-946
19.44,10.40,56.04,77.88,22-02-23-10-52-57-981
18.85,10.11,56.34,78.65,22-02-23-10-52-58-014
18.41,9.99,56.55,79.21,22-02-23-10-52-58-047
18.07,10.01,56.68,79.61,22-02-23-10-52-58-082
17.80,10.10,56.71,79.89,22-02-23-10-52-58-116
17.60,10.24,56.59,80.09,22-02-23-10-52-58-147
17.42,10.43,56.14,80.22,22-02-23-10-52-58-180
17.27,10.69,54.87,80.40,22-02-23-10-52-58-212
17.12,11.05,52.09,80.75,22-02-23-10-52-58-246
16.94,11.93,48.02,81.27,22-02-23-10-52-58-283
16.73,13.66,41.18,82.11,22-02-23-10-52-58-314
16.50,17.20,34.60,82.56,22-02-23-10-52-58-347
16.16,21.07,27.83,82.92,22-02-23-10-52-58-378
15.58,26.27,18.93,83.45,22-02-23-10-52-58-411
15.07,35.35,12.15,82.21,22-02-23-10-52-58-446
15.95,51.99,11.09,77.74,22-02-23-10-52-58-480
14.98,72.49,9.69,76.57,22-02-23-10-52-58-515
19.06,92.97,18.10,74.04,22-02-23-10-52-58-547
20.68,97.83,17.79,72.55,22-02-23-10-52-58-580
21.73,100.13,16.75,71.47,22-02-23-10-52-58-614
21.25,81.37,-14.49,71.97,22-02-23-10-52-58-647
20.83,70.76,-23.39,74.42,22-02-23-10-52-58-681
20.75,72.70,-23.91,79.51,22-02-23-10-52-58-714
21.03,73.72,-25.55,80.72,22-02-23-10-52-58-746
22.58,81.99,-27.98,79.67,22-02-23-10-52-58-780
23.55,85.99,-28.52,79.09,22-02-23-10-52-58-812
24.25,88.38,-29.55,78.51,22-02-23-10-52-58-848
24.66,89.84,-44.40,79.13,22-02-23-10-52-58-878
24.89,90.77,-50.78,79.50,22-02-23-10-52-58-913
24.80,91.53,-52.00,79.26,22-02-23-10-52-58-945
24.29,91.54,-52.60,79.44,22-02-23-10-52-58-978
20.89,84.59,-52.13,80.78,22-02-23-10-52-59-013
18.84,77.32,-52.14,82.87,22-02-23-10-52-59-047
18.17,74.75,-52.19,83.54,22-02-23-10-52-59-078
17.69,72.79,-52.11,84.05,22-02-23-10-52-59-117
17.33,70.77,-52.04,84.50,22-02-23-10-52-59-152
17.08,69.10,-52.00,83.82,22-02-23-10-52-59-185
16.98,68.68,-51.92,83.97,22-02-23-10-52-59-212
16.79,66.86,-51.72,84.51,22-02-23-10-52-59-247
16.64,65.00,-51.44,85.11,22-02-23-10-52-59-280
17.37,71.15,-51.28,84.58,22-02-23-10-52-59-313
17.54,71.74,-50.25,84.24,22-02-23-10-52-59-347
17.24,63.88,-44.88,85.27,22-02-23-10-52-59-380
17.33,61.51,-42.38,85.46,22-02-23-10-52-59-414
17.40,60.30,-39.29,84.99,22-02-23-10-52-59-448
22.08,78.37,-35.47,78.57,22-02-23-10-52-59-481
21.70,76.29,-32.43,77.75,22-02-23-10-52-59-513
21.78,77.76,-23.65,76.29,22-02-23-10-52-59-546
21.64,76.94,-17.12,74.49,22-02-23-10-52-59-580
21.44,76.27,-3.37,74.42,22-02-23-10-52-59-614
20.96,80.11,10.79,73.31,22-02-23-10-52-59-649
17.26,81.18,20.28,76.57,22-02-23-10-52-59-679
16.80,80.53,26.78,77.06,22-02-23-10-52-59-712
7.22,96.24,28.41,96.21,22-02-23-10-52-59-746
4.07,121.27,31.15,98.90,22-02-23-10-52-59-781
4.66,50.87,28.67,92.89,22-02-23-10-52-59-813
3.30,35.32,31.35,94.12,22-02-23-10-52-59-848
2.56,20.06,34.57,94.53,22-02-23-10-52-59-881
2.13,7.36,36.15,95.09,22-02-23-10-52-59-913
1.82,-3.62,38.47,95.37,22-02-23-10-52-59-948
1.62,-15.75,41.70,95.59,22-02-23-10-52-59-982
1.53,-24.55,44.42,95.75,22-02-23-10-53-00-014
1.53,-29.45,46.76,95.86,22-02-23-10-53-00-047
2.97,137.72,53.46,97.98,22-02-23-10-53-00-080
2.22,139.97,54.44,98.46,22-02-23-10-53-00-115
1.02,140.91,55.00,98.75,22-02-23-10-53-00-149
5.96,132.13,62.04,101.22,22-02-23-10-53-00-181
7.97,30.72,58.83,89.99,22-02-23-10-53-00-215
6.81,86.57,66.61,96.80,22-02-23-10-53-00-247
11.01,25.06,59.38,85.34,22-02-23-10-53-00-280
6.10,77.83,66.17,94.58,22-02-23-10-53-00-313
9.86,18.60,60.22,86.34,22-02-23-10-53-00-354
6.04,86.46,67.98,96.14,22-02-23-10-53-00-380
9.28,24.01,62.05,87.16,22-02-23-10-53-00-415
5.71,91.16,68.02,96.52,22-02-23-10-53-00-450
9.70,21.83,62.89,89.04,22-02-23-10-53-00-482
6.79,89.70,70.30,98.44,22-02-23-10-53-00-518
9.15,30.17,62.32,89.15,22-02-23-10-53-00-546
7.43,95.44,68.25,98.78,22-02-23-10-53-00-581
8.77,37.46,61.71,88.55,22-02-23-10-53-00-615
7.54,98.62,66.80,98.15,22-02-23-10-53-00-647
9.91,40.98,61.35,88.21,22-02-23-10-53-00-683
7.06,-29.13,51.73,96.61,22-02-23-10-53-00-716
7.90,-41.37,48.68,98.30,22-02-23-10-53-00-747
8.24,-48.51,44.77,99.38,22-02-23-10-53-00-784
7.66,-53.85,39.27,100.10,22-02-23-10-53-00-819
6.35,-58.12,33.98,101.15,22-02-23-10-53-00-846
3.96,-62.38,27.92,100.99,22-02-23-10-53-00-878
0.83,-66.67,21.35,100.74,22-02-23-10-53-00-913
11.25,70.18,15.69,84.92,22-02-23-10-53-00-946
19.91,71.40,11.46,72.61,22-02-23-10-53-00-981
22.91,76.38,4.22,67.82,22-02-23-10-53-01-013
26.21,84.95,2.04,62.96,22-02-23-10-53-01-046
28.54,88.71,-1.67,63.37,22-02-23-10-53-01-081
29.44,90.49,18.15,69.27,22-02-23-10-53-01-112
29.74,91.50,12.15,69.13,22-02-23-10-53-01-148
29.47,91.87,5.33,70.12,22-02-23-10-53-01-183
29.13,91.82,-1.37,71.29,22-02-23-10-53-01-218
26.40,88.93,-11.03,75.53,22-02-23-10-53-01-248
24.73,86.58,-20.00,76.95,22-02-23-10-53-01-281
24.14,86.06,-24.88,78.25,22-02-23-10-53-01-319
23.70,85.82,-28.22,78.97,22-02-23-10-53-01-346
23.43,85.87,-18.32,79.99,22-02-23-10-53-01-381
23.26,86.11,-33.41,80.99,22-02-23-10-53-01-415
23.16,86.39,-17.88,78.80,22-02-23-10-53-01-445
23.05,86.54,-32.07,79.94,22-02-23-10-53-01-482
9.42,52.52,-12.92,93.18,22-02-23-10-53-01-516
10.21,41.43,-10.27,92.64,22-02-23-10-53-01-546
12.10,35.51,-9.31,92.16,22-02-23-10-53-01-583
13.97,51.30,-6.85,88.02,22-02-23-10-53-01-616
15.50,58.67,-5.04,85.51,22-02-23-10-53-01-647
16.41,61.23,-3.89,84.53,22-02-23-10-53-01-681
17.02,62.18,-1.97,83.14,22-02-23-10-53-01-714
17.46,62.85,-0.42,81.96,22-02-23-10-53-01-747
17.80,63.41,0.86,80.97,22-02-23-10-53-01-782
18.04,63.71,-0.63,79.91,22-02-23-10-53-01-815
18.44,68.31,-32.42,85.10,22-02-23-10-53-01-848
19.21,74.06,-48.48,87.06,22-02-23-10-53-01-881
20.84,82.90,-53.05,85.94,22-02-23-10-53-01-912
22.31,87.96,-21.96,80.33,22-02-23-10-53-01-947
23.23,90.31,-24.54,79.46,22-02-23-10-53-01-980
24.01,91.49,-22.29,78.76,22-02-23-10-53-02-013
24.47,91.49,-16.99,78.21,22-02-23-10-53-02-048
23.82,85.45,-15.03,77.18,22-02-23-10-53-02-085
22.64,81.42,-2.33,75.66,22-02-23-10-53-02-113
22.24,85.22,10.35,75.47,22-02-23-10-53-02-149
21.75,88.12,21.88,75.40,22-02-23-10-53-02-185
22.46,86.05,19.66,62.61,22-02-23-10-53-02-215
22.67,82.99,25.13,66.57,22-02-23-10-53-02-247
10.95,92.22,27.26,85.15,22-02-23-10-53-02-279
5.39,111.86,33.14,98.85,22-02-23-10-53-02-313
3.57,136.56,37.35,101.15,22-02-23-10-53-02-348
3.03,161.69,40.34,101.66,22-02-23-10-53-02-390
2.94,-177.36,41.53,102.26,22-02-23-10-53-02-412
2.96,-162.27,43.04,102.32,22-02-23-10-53-02-446
2.86,-150.70,44.29,102.07,22-02-23-10-53-02-480
2.57,-141.50,45.70,101.55,22-02-23-10-53-02-514
2.11,-129.77,46.99,100.96,22-02-23-10-53-02-546
2.02,173.47,51.29,100.99,22-02-23-10-53-02-583
1.24,165.74,52.63,100.71,22-02-23-10-53-02-612
6.19,124.09,59.94,101.30,22-02-23-10-53-02-649
9.27,34.72,55.15,87.29,22-02-23-10-53-02-680
6.30,70.59,61.06,94.46,22-02-23-10-53-02-718
7.24,102.12,65.35,99.31,22-02-23-10-53-02-748
8.17,110.43,67.65,101.48,22-02-23-10-53-02-781
9.67,32.69,62.24,90.22,22-02-23-10-53-02-815
7.40,79.63,68.35,98.04,22-02-23-10-53-02-847
11.02,24.57,59.46,87.28,22-02-23-10-53-02-884
6.80,78.45,65.52,97.16,22-02-23-10-53-02-916
12.54,27.53,61.02,87.83,22-02-23-10-53-02-947
8.15,77.31,67.85,97.41,22-02-23-10-53-02-988
10.47,31.79,60.01,88.12,22-02-23-10-53-03-017
6.65,88.93,65.02,97.28,22-02-23-10-53-03-046
9.94,31.43,60.44,89.44,22-02-23-10-53-03-083
4.91,81.67,63.98,98.37,22-02-23-10-53-03-118
9.78,27.59,59.20,89.59,22-02-23-10-53-03-147
7.66,13.45,56.70,93.46,22-02-23-10-53-03-182
6.54,2.10,54.71,95.78,22-02-23-10-53-03-215
5.90,-5.46,51.72,96.82,22-02-23-10-53-03-249
5.32,-11.48,47.78,97.00,22-02-23-10-53-03-281
4.67,-16.12,41.15,97.06,22-02-23-10-53-03-316
3.47,-18.11,37.71,97.24,22-02-23-10-53-03-347
2.47,-18.38,32.88,96.68,22-02-23-10-53-03-382
1.26,-9.06,27.99,100.34,22-02-23-10-53-03-413
0.68,88.20,21.31,101.85,22-02-23-10-53-03-448
13.61,74.35,15.41,80.88,22-02-23-10-53-03-483
22.81,73.45,9.07,65.31,22-02-23-10-53-03-514
25.65,74.08,0.65,61.37,22-02-23-10-53-03-550
27.61,84.30,-1.59,56.89,22-02-23-10-53-03-583
28.39,89.70,-3.12,59.38,22-02-23-10-53-03-615
27.17,89.66,-10.81,61.38,22-02-23-10-53-03-647
26.93,90.02,-18.33,66.50,22-02-23-10-53-03-681
26.07,89.43,-22.04,72.70,22-02-23-10-53-03-714
22.47,81.32,-26.54,76.01,22-02-23-10-53-03-748
21.87,79.52,-27.26,77.58,22-02-23-10-53-03-779
23.44,86.87,-25.11,79.08,22-02-23-10-53-03-818
23.59,87.81,-25.69,79.33,22-02-23-10-53-03-847
23.80,88.65,-26.49,79.28,22-02-23-10-53-03-882
23.95,89.43,-36.96,79.06,22-02-23-10-53-03-915
24.05,89.99,-39.58,79.11,22-02-23-10-53-03-949
23.90,89.60,-44.83,79.18,22-02-23-10-53-03-980
23.75,89.34,-45.65,79.42,22-02-23-10-53-04-012
19.37,66.76,-47.65,85.13,22-02-23-10-53-04-048
18.54,54.83,-49.10,89.16,22-02-23-10-53-04-084
18.33,50.35,-49.64,90.69,22-02-23-10-53-04-114
18.15,48.94,-49.89,91.30,22-02-23-10-53-04-145
17.97,51.01,-50.09,90.60,22-02-23-10-53-04-181
17.88,54.22,-50.25,89.51,22-02-23-10-53-04-212
17.71,60.85,-50.18,88.65,22-02-23-10-53-04-248
16.91,65.46,-49.01,87.89,22-02-23-10-53-04-286
14.27,63.24,-45.86,89.37,22-02-23-10-53-04-313
14.04,63.91,-44.67,89.14,22-02-23-10-53-04-349
13.96,64.26,-44.10,89.06,22-02-23-10-53-04-386
14.24,64.38,-42.86,88.77,22-02-23-10-53-04-414
16.07,72.11,-40.96,85.47,22-02-23-10-53-04-447
17.83,77.61,-35.50,83.05,22-02-23-10-53-04-480
21.60,84.47,-30.58,78.70,22-02-23-10-53-04-514
23.04,86.19,-28.21,76.77,22-02-23-10-53-04-546
23.62,86.12,-26.62,75.69,22-02-23-10-53-04-579
24.12,86.33,-14.56,73.61,22-02-23-10-53-04-613
25.47,93.09,0.56,73.10,22-02-23-10-53-04-648
20.31,101.26,20.07,85.12,22-02-23-10-53-04-680
18.93,104.01,30.14,87.44,22-02-23-10-53-04-715
11.63,94.67,23.73,83.03,22-02-23-10-53-04-745
3.55,116.23,23.62,98.49,22-02-23-10-53-04-784
1.72,168.69,26.05,102.80,22-02-23-10-53-04-819
2.09,-143.25,32.45,103.29,22-02-23-10-53-04-849
2.72,-127.11,36.49,102.99,22-02-23-10-53-04-881
2.85,-124.39,38.03,102.81,22-02-23-10-53-04-915
2.71,-124.46,39.21,102.55,22-02-23-10-53-04-947
2.34,-126.12,40.51,101.94,22-02-23-10-53-04-981
2.03,-125.82,42.44,101.32,22-02-23-10-53-05-013
1.79,-123.71,44.42,100.85,22-02-23-10-53-05-048
1.55,-118.89,46.43,100.56,22-02-23-10-53-05-079
1.32,-109.31,48.09,100.33,22-02-23-10-53-05-114
1.13,-91.03,49.57,100.19,22-02-23-10-53-05-150
1.15,-69.27,51.05,100.05,22-02-23-10-53-05-187
2.89,140.21,57.24,101.40,22-02-23-10-53-05-237
5.08,136.69,61.21,102.66,22-02-23-10-53-05-250
6.07,135.66,63.58,103.45,22-02-23-10-53-05-292
6.78,135.11,65.34,104.11,22-02-23-10-53-05-326
8.06,25.75,58.64,89.35,22-02-23-10-53-05-358
5.60,70.22,64.36,95.17,22-02-23-10-53-05-381
12.23,15.37,58.06,85.36,22-02-23-10-53-05-432
4.70,48.41,64.31,95.03,22-02-23-10-53-05-453
11.70,8.47,58.94,87.49,22-02-23-10-53-05-491
3.83,69.19,66.33,97.75,22-02-23-10-53-05-514
9.59,12.68,61.40,90.15,22-02-23-10-53-05-548
3.91,88.86,67.76,100.02,22-02-23-10-53-05-581
8.37,14.95,62.94,90.70,22-02-23-10-53-05-615
3.76,92.78,68.23,100.16,22-02-23-10-53-05-650
8.03,10.47,62.64,91.27,22-02-23-10-53-05-683
6.34,99.57,70.61,100.46,22-02-23-10-53-05-714
8.85,26.75,64.44,89.71,22-02-23-10-53-05-748
3.65,89.20,67.47,98.37,22-02-23-10-53-05-781
8.42,11.92,61.57,89.20,22-02-23-10-53-05-819
7.77,-1.09,59.60,90.94,22-02-23-10-53-05-848
7.25,-11.40,57.74,92.57,22-02-23-10-53-05-884
6.67,-19.81,55.31,94.16,22-02-23-10-53-05-917
6.25,-25.76,52.43,95.13,22-02-23-10-53-05-950
5.40,-31.72,47.85,95.90,22-02-23-10-53-05-981
4.73,-36.77,43.55,96.41,22-02-23-10-53-06-016
3.75,-41.72,38.84,96.97,22-02-23-10-53-06-050
2.64,-48.40,35.03,97.60,22-02-23-10-53-06-080
1.44,-60.95,26.13,102.33,22-02-23-10-53-06-119
0.50,-148.22,16.41,103.41,22-02-23-10-53-06-154
1.29,156.66,10.90,103.32,22-02-23-10-53-06-178
11.00,104.40,10.54,91.55,22-02-23-10-53-06-217
18.45,102.48,10.50,84.38,22-02-23-10-53-06-250
22.71,99.04,14.37,73.98,22-02-23-10-53-06-281
24.41,95.15,12.58,70.39,22-02-23-10-53-06-313
25.43,93.39,2.39,68.95,22-02-23-10-53-06-348
26.30,92.19,-8.22,68.67,22-02-23-10-53-06-381
26.53,90.63,-29.78,73.55,22-02-23-10-53-06-412
26.69,89.93,-38.50,76.04,22-02-23-10-53-06-446
26.37,89.22,-45.11,77.39,22-02-23-10-53-06-485
25.91,88.71,-52.06,80.82,22-02-23-10-53-06-516
24.92,87.95,-53.12,81.71,22-02-23-10-53-06-551
16.69,70.67,-46.70,91.47,22-02-23-10-53-06-580
15.11,41.92,-45.48,96.51,22-02-23-10-53-06-619
15.47,39.46,-45.45,97.24,22-02-23-10-53-06-648
15.87,42.72,-48.14,97.14,22-02-23-10-53-06-683
16.30,47.85,-50.51,96.45,22-02-23-10-53-06-713
16.63,52.42,-52.05,95.79,22-02-23-10-53-06-746
16.97,56.28,-52.93,95.11,22-02-23-10-53-06-782
16.92,57.98,-53.11,94.86,22-02-23-10-53-06-814
17.00,59.33,-53.24,94.56,22-02-23-10-53-06-848
17.15,70.05,-52.92,91.21,22-02-23-10-53-06-886
16.82,71.70,-52.08,90.71,22-02-23-10-53-06-912
16.28,72.03,-43.81,89.05,22-02-23-10-53-06-947
18.12,80.70,-42.16,83.14,22-02-23-10-53-06-980
19.91,85.77,-32.21,78.24,22-02-23-10-53-07-014
21.01,88.00,-24.55,75.89,22-02-23-10-53-07-047
21.62,88.83,-15.14,73.21,22-02-23-10-53-07-083
21.18,85.45,-7.52,72.98,22-02-23-10-53-07-113
21.02,83.93,-5.23,72.86,22-02-23-10-53-07-148
20.98,83.31,4.06,70.41,22-02-23-10-53-07-183
20.80,82.77,11.39,68.93,22-02-23-10-53-07-216
12.25,78.13,12.77,75.32,22-02-23-10-53-07-252
12.97,71.00,13.77,73.52,22-02-23-10-53-07-280
4.95,86.25,20.66,88.77,22-02-23-10-53-07-312
5.02,59.74,22.53,88.47,22-02-23-10-53-07-347
1.29,23.49,29.59,97.25,22-02-23-10-53-07-383
1.04,-61.21,33.05,99.53,22-02-23-10-53-07-417
1.71,-85.23,35.23,100.73,22-02-23-10-53-07-446
2.21,-91.45,36.60,101.45,22-02-23-10-53-07-479
2.51,-94.60,39.26,101.82,22-02-23-10-53-07-514
2.65,-95.81,41.74,101.93,22-02-23-10-53-07-547
2.69,-92.27,44.02,101.75,22-02-23-10-53-07-581
2.74,-87.76,46.36,101.73,22-02-23-10-53-07-615
2.78,-82.07,48.11,101.49,22-02-23-10-53-07-648
2.79,-75.54,50.39,101.27,22-02-23-10-53-07-681
7.26,136.12,62.30,102.28,22-02-23-10-53-07-714
8.16,41.66,60.07,88.17,22-02-23-10-53-07-748
8.18,95.44,68.39,94.91,22-02-23-10-53-07-781
10.90,30.43,60.37,83.33,22-02-23-10-53-07-824
6.05,79.68,66.86,94.50,22-02-23-10-53-07-856
9.70,20.76,61.47,85.58,22-02-23-10-53-07-893
3.16,75.39,66.10,94.99,22-02-23-10-53-07-917
8.96,8.75,60.64,86.17,22-02-23-10-53-07-953
12.99,2.81,57.50,81.97,22-02-23-10-53-07-997
15.04,1.20,55.78,79.92,22-02-23-10-53-08-020
16.25,0.52,54.66,78.73,22-02-23-10-53-08-047
17.07,0.20,53.85,77.94,22-02-23-10-53-08-081
17.63,0.15,53.27,77.40,22-02-23-10-53-08-114
17.98,0.38,52.92,77.06,22-02-23-10-53-08-147
18.13,0.79,52.77,76.89,22-02-23-10-53-08-180
18.14,1.33,52.75,76.85,22-02-23-10-53-08-221
18.05,1.91,52.84,76.90,22-02-23-10-53-08-246
17.90,2.52,52.98,77.01,22-02-23-10-53-08-284
17.73,3.11,53.12,77.14,22-02-23-10-53-08-316
17.54,3.68,53.18,77.28,22-02-23-10-53-08-345
17.36,4.20,53.16,77.41,22-02-23-10-53-08-381
17.21,4.75,52.98,77.53,22-02-23-10-53-08-418
17.05,5.37,52.26,77.65,22-02-23-10-53-08-446
16.86,6.11,48.62,79.62,22-02-23-10-53-08-482
16.59,7.28,43.48,81.96,22-02-23-10-53-08-516
16.11,10.76,38.81,83.38,22-02-23-10-53-08-545
15.68,15.09,32.23,84.45,22-02-23-10-53-08-585
15.18,19.40,26.74,84.97,22-02-23-10-53-08-616
14.54,24.58,20.98,85.08,22-02-23-10-53-08-645
13.95,30.75,14.25,84.71,22-02-23-10-53-08-683
14.84,48.56,13.67,80.17,22-02-23-10-53-08-715
17.77,66.12,14.65,75.82,22-02-23-10-53-08-746
18.86,78.58,13.93,71.84,22-02-23-10-53-08-781
19.65,83.20,9.34,70.21,22-02-23-10-53-08-814
19.45,60.16,-10.02,72.07,22-02-23-10-53-08-848
21.23,68.68,-16.87,75.29,22-02-23-10-53-08-881
21.08,65.33,-24.02,77.70,22-02-23-10-53-08-917
22.72,73.45,-28.53,76.82,22-02-23-10-53-08-949
24.10,79.33,-31.73,76.48,22-02-23-10-53-08-981
24.94,82.80,-33.93,76.47,22-02-23-10-53-09-014
25.50,85.73,-35.73,76.66,22-02-23-10-53-09-050
25.83,87.56,-44.59,78.31,22-02-23-10-53-09-083
21.93,79.91,-51.42,82.01,22-02-23-10-53-09-115
21.23,79.81,-53.02,82.71,22-02-23-10-53-09-147
20.72,80.00,-53.79,83.10,22-02-23-10-53-09-184
20.35,80.38,-54.22,83.38,22-02-23-10-53-09-216
19.91,79.84,-54.30,84.01,22-02-23-10-53-09-248
19.56,79.13,-53.91,85.07,22-02-23-10-53-09-283
19.26,78.22,-53.73,86.18,22-02-23-10-53-09-314
19.05,77.40,-53.55,87.00,22-02-23-10-53-09-347
18.89,76.62,-53.42,87.60,22-02-23-10-53-09-380
18.81,76.53,-53.45,87.94,22-02-23-10-53-09-412
17.05,74.09,-51.95,89.59,22-02-23-10-53-09-445
16.36,72.51,-51.72,90.39,22-02-23-10-53-09-483
15.96,71.43,-51.57,90.90,22-02-23-10-53-09-514
15.59,70.26,-51.30,91.34,22-02-23-10-53-09-548
15.36,69.43,-51.05,91.61,22-02-23-10-53-09-582
17.81,83.99,-51.07,87.92,22-02-23-10-53-09-618
19.02,87.84,-50.49,86.08,22-02-23-10-53-09-647
19.53,84.00,-50.89,84.23,22-02-23-10-53-09-683
20.23,84.98,-49.85,81.83,22-02-23-10-53-09-714
21.01,85.93,-49.36,80.03,22-02-23-10-53-09-750
22.15,87.32,-39.33,75.73,22-02-23-10-53-09-781
23.27,89.12,-29.96,73.35,22-02-23-10-53-09-815
23.82,90.16,-19.01,71.88,22-02-23-10-53-09-850
24.06,90.62,-15.74,71.60,22-02-23-10-53-09-881
24.00,89.88,-4.69,71.11,22-02-23-10-53-09-917
23.34,88.59,-8.36,72.88,22-02-23-10-53-09-948
22.77,87.72,3.35,73.87,22-02-23-10-53-09-979
21.38,87.67,13.89,74.89,22-02-23-10-53-10-018
12.40,112.58,25.40,86.45,22-02-23-10-53-10-049
13.23,87.70,21.63,77.64,22-02-23-10-53-10-079
13.80,76.57,22.78,77.35,22-02-23-10-53-10-115
14.44,70.04,25.65,77.55,22-02-23-10-53-10-149
14.64,64.47,31.14,78.64,22-02-23-10-53-10-182
14.78,59.29,33.56,79.27,22-02-23-10-53-10-218
14.97,54.89,36.00,79.62,22-02-23-10-53-10-248
15.19,50.77,37.42,79.70,22-02-23-10-53-10-279
15.45,46.89,38.42,79.64,22-02-23-10-53-10-315
15.66,43.12,39.52,79.66,22-02-23-10-53-10-347
15.86,39.52,41.91,79.75,22-02-23-10-53-10-380
16.00,36.40,43.84,79.83,22-02-23-10-53-10-412
16.20,32.94,45.39,79.93,22-02-23-10-53-10-447
16.41,30.02,47.54,80.00,22-02-23-10-53-10-484
16.57,27.38,50.53,79.97,22-02-23-10-53-10-515
16.69,25.11,52.74,80.02,22-02-23-10-53-10-547
16.79,23.16,54.59,80.11,22-02-23-10-53-10-583
16.80,20.47,56.19,80.37,22-02-23-10-53-10-615
16.83,18.02,57.90,80.60,22-02-23-10-53-10-647
16.84,15.78,59.23,80.18,22-02-23-10-53-10-682
16.87,14.08,60.55,80.56,22-02-23-10-53-10-714
16.95,12.65,62.32,80.79,22-02-23-10-53-10-747
17.03,11.45,63.38,80.99,22-02-23-10-53-10-783
17.10,10.59,63.89,81.15,22-02-23-10-53-10-814
17.18,9.96,64.01,81.26,22-02-23-10-53-10-848
17.26,9.53,63.98,81.32,22-02-23-10-53-10-888
17.33,9.20,63.84,81.37,22-02-23-10-53-10-915
17.39,8.99,63.65,81.40,22-02-23-10-53-10-955
17.43,8.87,63.40,81.42,22-02-23-10-53-10-985
17.47,8.82,63.08,81.45,22-02-23-10-53-11-012
17.49,8.80,62.64,81.49,22-02-23-10-53-11-049
17.51,8.84,58.22,81.68,22-02-23-10-53-11-081
17.51,8.93,56.15,81.90,22-02-23-10-53-11-117
17.52,9.05,53.31,82.23,22-02-23-10-53-11-146
17.51,9.40,47.82,83.26,22-02-23-10-53-11-181
17.36,11.36,42.50,84.10,22-02-23-10-53-11-217
16.99,15.68,34.63,84.57,22-02-23-10-53-11-247
16.51,20.36,28.81,84.35,22-02-23-10-53-11-281
15.92,26.04,24.86,83.51,22-02-23-10-53-11-321
15.32,32.99,21.74,82.22,22-02-23-10-53-11-347
15.11,39.57,18.36,81.08,22-02-23-10-53-11-396
15.31,46.98,13.47,81.22,22-02-23-10-53-11-418
17.86,67.76,9.36,77.64,22-02-23-10-53-11-447
15.42,82.69,8.34,80.36,22-02-23-10-53-11-482
15.66,91.56,8.09,80.29,22-02-23-10-53-11-515
19.50,100.05,12.43,77.75,22-02-23-10-53-11-546
22.24,99.55,11.86,72.29,22-02-23-10-53-11-580
23.44,98.65,11.05,63.40,22-02-23-10-53-11-614
23.84,94.15,-4.29,66.02,22-02-23-10-53-11-650
23.88,91.05,-8.53,71.55,22-02-23-10-53-11-684
23.96,89.00,-16.55,73.64,22-02-23-10-53-11-714
24.00,87.58,-23.02,77.49,22-02-23-10-53-11-749
23.99,86.53,-27.38,80.09,22-02-23-10-53-11-780
23.98,85.80,-30.62,82.07,22-02-23-10-53-11-814
23.94,85.48,-32.97,82.82,22-02-23-10-53-11-852
23.90,85.31,-34.32,82.93,22-02-23-10-53-11-882
23.75,84.95,-34.22,81.83,22-02-23-10-53-11-913
23.54,84.50,-33.70,80.92,22-02-23-10-53-11-950
