14.69,35.10,666.00,11.63,04-05-23-09-58-05-076
14.69,35.10,666.00,11.65,04-05-23-09-58-05-110
14.68,35.09,666.00,11.66,04-05-23-09-58-05-142
14.66,35.04,666.00,11.69,04-05-23-09-58-05-172
14.66,35.03,666.00,11.69,04-05-23-09-58-05-210
14.65,35.02,666.00,11.71,04-05-23-09-58-05-240
14.64,34.95,666.00,11.74,04-05-23-09-58-05-272
14.62,34.82,666.00,11.78,04-05-23-09-58-05-311
14.60,34.67,666.00,11.82,04-05-23-09-58-05-345
14.59,34.54,666.00,11.85,04-05-23-09-58-05-379
14.58,34.41,666.00,11.88,04-05-23-09-58-05-409
14.57,34.27,666.00,11.92,04-05-23-09-58-05-443
14.56,34.11,666.00,11.95,04-05-23-09-58-05-477
14.55,33.95,666.00,11.98,04-05-23-09-58-05-509
14.54,33.79,666.00,12.01,04-05-23-09-58-05-546
14.53,33.60,666.00,12.05,04-05-23-09-58-05-572
14.52,33.42,666.00,12.09,04-05-23-09-58-05-613
14.51,33.25,666.00,12.12,04-05-23-09-58-05-642
14.51,33.10,666.00,12.16,04-05-23-09-58-05-677
14.51,32.96,666.00,12.20,04-05-23-09-58-05-710
14.51,32.81,666.00,12.23,04-05-23-09-58-05-742
14.51,32.72,666.00,12.25,04-05-23-09-58-05-779
14.50,32.64,666.00,12.27,04-05-23-09-58-05-807
14.50,32.59,666.00,12.27,04-05-23-09-58-05-839
14.50,32.57,666.00,12.26,04-05-23-09-58-05-874
14.51,32.54,666.00,12.26,04-05-23-09-58-05-911
14.51,32.52,666.00,12.25,04-05-23-09-58-05-940
14.50,32.47,666.00,12.24,04-05-23-09-58-05-976
14.51,32.46,666.00,12.22,04-05-23-09-58-06-014
14.51,32.46,666.00,12.20,04-05-23-09-58-06-039
14.51,32.45,666.00,12.18,04-05-23-09-58-06-074
14.52,32.46,666.00,12.17,04-05-23-09-58-06-110
14.52,32.47,666.00,12.15,04-05-23-09-58-06-142
14.52,32.47,666.00,12.14,04-05-23-09-58-06-172
14.52,32.49,666.00,12.13,04-05-23-09-58-06-210
14.52,32.50,666.00,12.11,04-05-23-09-58-06-242
14.51,32.51,666.00,12.11,04-05-23-09-58-06-275
14.51,32.51,666.00,12.09,04-05-23-09-58-06-309
14.51,32.53,666.00,12.08,04-05-23-09-58-06-344
14.51,32.55,666.00,12.06,04-05-23-09-58-06-373
14.51,32.58,666.00,12.04,04-05-23-09-58-06-409
14.51,32.60,666.00,12.02,04-05-23-09-58-06-442
14.52,32.62,666.00,11.94,04-05-23-09-58-06-475
14.52,32.62,666.00,11.77,04-05-23-09-58-06-509
14.53,32.57,666.00,11.38,04-05-23-09-58-06-540
14.57,32.28,666.00,11.12,04-05-23-09-58-06-575
14.72,31.10,666.00,11.79,04-05-23-09-58-06-606
15.27,27.96,666.00,13.96,04-05-23-09-58-06-641
16.70,22.86,666.00,16.25,04-05-23-09-58-06-676
18.90,17.15,666.00,16.89,04-05-23-09-58-06-710
22.13,13.32,666.00,18.95,04-05-23-09-58-06-744
26.77,9.94,666.00,14.75,04-05-23-09-58-06-776
31.37,8.62,666.00,13.48,04-05-23-09-58-06-808
35.28,7.94,666.00,15.07,04-05-23-09-58-06-841
40.02,7.04,666.00,14.68,04-05-23-09-58-06-876
43.47,7.01,666.00,14.50,04-05-23-09-58-06-907
46.83,7.17,666.00,14.63,04-05-23-09-58-06-941
49.76,7.66,666.00,12.97,04-05-23-09-58-06-977
53.11,7.93,666.00,12.51,04-05-23-09-58-07-009
56.07,8.15,666.00,13.71,04-05-23-09-58-07-041
59.40,8.36,666.00,13.19,04-05-23-09-58-07-076
62.43,8.51,666.00,18.05,04-05-23-09-58-07-106
65.06,8.66,666.00,17.68,04-05-23-09-58-07-142
68.32,8.80,666.00,19.02,04-05-23-09-58-07-177
71.62,8.73,666.00,16.67,04-05-23-09-58-07-211
74.61,8.51,666.00,13.36,04-05-23-09-58-07-241
77.85,8.59,666.00,10.87,04-05-23-09-58-07-273
79.78,8.55,666.00,11.55,04-05-23-09-58-07-310
81.90,8.54,666.00,11.19,04-05-23-09-58-07-341
83.87,8.29,666.00,10.68,04-05-23-09-58-07-374
85.83,8.19,666.00,10.44,04-05-23-09-58-07-411
87.22,8.14,666.00,8.26,04-05-23-09-58-07-441
88.60,8.02,666.00,7.31,04-05-23-09-58-07-476
89.74,7.82,666.00,6.54,04-05-23-09-58-07-509
90.68,7.64,666.00,6.03,04-05-23-09-58-07-542
91.41,7.53,666.00,6.60,04-05-23-09-58-07-573
92.02,7.47,666.00,6.66,04-05-23-09-58-07-610
92.44,7.41,666.00,6.67,04-05-23-09-58-07-641
92.74,7.37,666.00,6.41,04-05-23-09-58-07-677
92.94,7.28,666.00,6.27,04-05-23-09-58-07-712
93.08,7.21,666.00,5.72,04-05-23-09-58-07-743
93.18,7.17,666.00,5.21,04-05-23-09-58-07-777
93.25,7.17,666.00,4.78,04-05-23-09-58-07-808
93.31,7.17,666.00,4.43,04-05-23-09-58-07-842
93.37,7.22,666.00,4.22,04-05-23-09-58-07-875
93.40,7.29,666.00,4.11,04-05-23-09-58-07-906
93.41,7.36,666.00,4.05,04-05-23-09-58-07-943
93.43,7.44,666.00,3.98,04-05-23-09-58-07-976
93.44,7.54,666.00,3.93,04-05-23-09-58-08-008
93.44,7.66,666.00,3.92,04-05-23-09-58-08-044
93.45,7.84,666.00,3.94,04-05-23-09-58-08-073
93.49,8.13,666.00,4.10,04-05-23-09-58-08-111
93.53,8.58,666.00,4.48,04-05-23-09-58-08-142
93.60,9.33,666.00,5.23,04-05-23-09-58-08-172
93.68,10.19,666.00,6.16,04-05-23-09-58-08-207
93.82,11.43,666.00,7.58,04-05-23-09-58-08-240
93.99,12.79,666.00,9.14,04-05-23-09-58-08-278
94.15,14.32,666.00,10.88,04-05-23-09-58-08-308
94.33,16.05,666.00,5.88,04-05-23-09-58-08-345
94.52,17.73,666.00,3.31,04-05-23-09-58-08-372
94.71,19.61,666.00,6.38,04-05-23-09-58-08-407
94.90,21.66,666.00,12.28,04-05-23-09-58-08-442
95.04,23.66,666.00,11.97,04-05-23-09-58-08-475
95.04,31.59,666.00,2.56,04-05-23-09-58-08-510
95.05,34.43,666.00,5.29,04-05-23-09-58-08-538
95.08,35.89,666.00,4.09,04-05-23-09-58-08-579
95.12,36.85,666.00,2.16,04-05-23-09-58-08-609
95.17,38.07,666.00,6.72,04-05-23-09-58-08-641
94.82,44.16,666.00,3.41,04-05-23-09-58-08-675
94.68,47.32,666.00,4.60,04-05-23-09-58-08-709
94.51,50.05,666.00,4.31,04-05-23-09-58-08-744
94.42,53.34,666.00,4.25,04-05-23-09-58-08-775
94.35,55.56,666.00,4.32,04-05-23-09-58-08-808
94.29,57.00,666.00,4.72,04-05-23-09-58-08-843
94.41,62.11,666.00,6.43,04-05-23-09-58-08-873
93.46,64.04,666.00,5.45,04-05-23-09-58-08-910
92.74,65.49,666.00,1.92,04-05-23-09-58-08-942
91.91,66.79,666.00,1.11,04-05-23-09-58-08-977
91.27,68.01,666.00,3.53,04-05-23-09-58-09-008
90.74,70.32,666.00,2.88,04-05-23-09-58-09-041
90.26,71.80,666.00,1.89,04-05-23-09-58-09-072
89.71,78.54,666.00,9.00,04-05-23-09-58-09-108
86.90,78.32,666.00,10.18,04-05-23-09-58-09-142
86.27,78.89,666.00,11.40,04-05-23-09-58-09-175
86.67,79.23,666.00,12.19,04-05-23-09-58-09-209
86.94,79.63,666.00,13.11,04-05-23-09-58-09-240
87.12,80.06,666.00,14.05,04-05-23-09-58-09-277
87.41,80.34,666.00,14.83,04-05-23-09-58-09-309
87.85,80.26,666.00,15.23,04-05-23-09-58-09-341
88.25,80.19,666.00,15.58,04-05-23-09-58-09-376
83.62,84.24,666.00,21.02,04-05-23-09-58-09-408
80.79,82.21,666.00,20.65,04-05-23-09-58-09-443
87.07,81.37,666.00,18.59,04-05-23-09-58-09-472
88.57,80.01,666.00,17.63,04-05-23-09-58-09-508
86.55,80.45,666.00,18.83,04-05-23-09-58-09-541
95.88,76.76,666.00,16.67,04-05-23-09-58-09-575
104.94,72.20,666.00,19.19,04-05-23-09-58-09-608
107.79,70.43,666.00,20.41,04-05-23-09-58-09-643
108.17,70.04,666.00,20.51,04-05-23-09-58-09-675
106.36,71.00,666.00,18.62,04-05-23-09-58-09-710
106.68,70.31,666.00,18.42,04-05-23-09-58-09-742
100.56,72.78,666.00,15.69,04-05-23-09-58-09-776
99.59,72.83,666.00,15.60,04-05-23-09-58-09-808
98.80,72.94,666.00,15.56,04-05-23-09-58-09-843
93.62,75.59,666.00,16.35,04-05-23-09-58-09-872
92.41,75.71,666.00,16.21,04-05-23-09-58-09-909
91.80,75.68,666.00,5.25,04-05-23-09-58-09-942
85.39,78.34,666.00,0.87,04-05-23-09-58-09-974
85.82,77.57,666.00,4.34,04-05-23-09-58-10-011
86.83,76.34,666.00,6.69,04-05-23-09-58-10-039
87.01,75.64,666.00,6.20,04-05-23-09-58-10-076
87.84,74.55,666.00,6.81,04-05-23-09-58-10-109
86.73,77.47,666.00,2.22,04-05-23-09-58-10-143
87.04,76.52,666.00,2.69,04-05-23-09-58-10-175
87.27,75.61,666.00,3.19,04-05-23-09-58-10-209
89.04,74.82,666.00,4.08,04-05-23-09-58-10-244
89.44,73.89,666.00,4.86,04-05-23-09-58-10-272
89.99,72.01,666.00,7.09,04-05-23-09-58-10-308
87.73,71.79,666.00,6.44,04-05-23-09-58-10-341
87.76,69.15,666.00,9.67,04-05-23-09-58-10-374
87.91,67.28,666.00,3.31,04-05-23-09-58-10-409
88.05,66.48,666.00,6.17,04-05-23-09-58-10-446
86.39,57.34,666.00,12.35,04-05-23-09-58-10-476
85.92,53.94,666.00,16.37,04-05-23-09-58-10-508
86.24,51.73,666.00,18.05,04-05-23-09-58-10-543
86.75,49.52,666.00,19.46,04-05-23-09-58-10-574
88.07,47.06,666.00,10.13,04-05-23-09-58-10-608
89.55,43.65,666.00,6.99,04-05-23-09-58-10-638
90.64,40.76,666.00,6.01,04-05-23-09-58-10-675
91.50,37.76,666.00,5.23,04-05-23-09-58-10-709
92.08,35.01,666.00,8.94,04-05-23-09-58-10-741
92.27,32.13,666.00,6.50,04-05-23-09-58-10-775
92.24,29.28,666.00,4.01,04-05-23-09-58-10-808
92.21,26.52,666.00,5.03,04-05-23-09-58-10-840
92.12,24.14,666.00,3.93,04-05-23-09-58-10-876
92.18,22.05,666.00,4.12,04-05-23-09-58-10-907
91.97,19.77,666.00,8.11,04-05-23-09-58-10-943
91.83,18.18,666.00,9.36,04-05-23-09-58-10-972
91.59,16.73,666.00,9.92,04-05-23-09-58-11-011
91.16,15.26,666.00,11.57,04-05-23-09-58-11-044
90.74,13.83,666.00,11.51,04-05-23-09-58-11-076
90.31,12.68,666.00,11.22,04-05-23-09-58-11-109
89.89,11.41,666.00,12.51,04-05-23-09-58-11-144
89.49,10.05,666.00,11.91,04-05-23-09-58-11-178
89.09,8.72,666.00,10.71,04-05-23-09-58-11-207
88.78,7.50,666.00,9.04,04-05-23-09-58-11-243
88.55,6.45,666.00,8.00,04-05-23-09-58-11-275
87.77,5.21,666.00,6.43,04-05-23-09-58-11-310
87.26,3.69,666.00,4.59,04-05-23-09-58-11-342
86.85,2.33,666.00,3.24,04-05-23-09-58-11-373
86.23,1.66,666.00,2.52,04-05-23-09-58-11-409
85.94,1.00,666.00,2.34,04-05-23-09-58-11-441
85.78,0.61,666.00,2.39,04-05-23-09-58-11-476
85.72,0.42,666.00,2.50,04-05-23-09-58-11-510
85.72,0.38,666.00,2.64,04-05-23-09-58-11-544
85.30,0.75,666.00,2.33,04-05-23-09-58-11-572
84.94,1.11,666.00,2.08,04-05-23-09-58-11-613
84.39,1.67,666.00,1.77,04-05-23-09-58-11-642
84.20,2.01,666.00,1.75,04-05-23-09-58-11-674
84.92,1.91,666.00,2.33,04-05-23-09-58-11-710
85.58,1.80,666.00,2.94,04-05-23-09-58-11-740
86.12,1.71,666.00,3.48,04-05-23-09-58-11-777
86.58,1.64,666.00,3.95,04-05-23-09-58-11-811
86.93,1.57,666.00,4.33,04-05-23-09-58-11-839
87.22,1.51,666.00,4.65,04-05-23-09-58-11-875
87.31,1.49,666.00,4.77,04-05-23-09-58-11-909
87.35,1.50,666.00,4.84,04-05-23-09-58-11-941
87.34,1.50,666.00,4.88,04-05-23-09-58-11-974
87.23,1.53,666.00,4.82,04-05-23-09-58-12-009
86.24,1.97,666.00,3.85,04-05-23-09-58-12-043
85.63,2.30,666.00,3.27,04-05-23-09-58-12-076
85.43,2.43,666.00,3.09,04-05-23-09-58-12-109
85.28,2.53,666.00,2.97,04-05-23-09-58-12-144
85.33,2.62,666.00,3.04,04-05-23-09-58-12-173
85.44,2.73,666.00,3.17,04-05-23-09-58-12-208
85.44,2.94,666.00,3.21,04-05-23-09-58-12-244
85.55,3.32,666.00,3.32,04-05-23-09-58-12-276
85.60,3.93,666.00,3.31,04-05-23-09-58-12-308
85.63,5.07,666.00,3.35,04-05-23-09-58-12-342
85.63,7.03,666.00,5.58,04-05-23-09-58-12-375
85.65,9.19,666.00,7.03,04-05-23-09-58-12-410
85.78,11.92,666.00,8.00,04-05-23-09-58-12-440
86.11,14.61,666.00,6.41,04-05-23-09-58-12-476
86.62,18.11,666.00,3.95,04-05-23-09-58-12-515
87.12,20.84,666.00,7.44,04-05-23-09-58-12-541
87.68,23.14,666.00,7.65,04-05-23-09-58-12-575
88.27,25.58,666.00,6.77,04-05-23-09-58-12-607
88.85,27.75,666.00,11.15,04-05-23-09-58-12-639
89.29,29.87,666.00,11.74,04-05-23-09-58-12-675
89.75,32.69,666.00,10.99,04-05-23-09-58-12-706
90.20,36.57,666.00,10.60,04-05-23-09-58-12-742
90.42,39.99,666.00,8.41,04-05-23-09-58-12-777
90.74,48.78,666.00,10.52,04-05-23-09-58-12-814
90.65,53.03,666.00,14.93,04-05-23-09-58-12-842
90.50,55.66,666.00,11.05,04-05-23-09-58-12-879
90.28,57.41,666.00,6.83,04-05-23-09-58-12-923
91.02,60.19,666.00,9.64,04-05-23-09-58-12-942
91.31,61.65,666.00,9.70,04-05-23-09-58-12-975
91.37,62.62,666.00,5.44,04-05-23-09-58-13-008
90.16,66.85,666.00,6.06,04-05-23-09-58-13-043
89.71,68.17,666.00,4.45,04-05-23-09-58-13-075
88.91,69.10,666.00,4.11,04-05-23-09-58-13-109
87.73,69.96,666.00,5.14,04-05-23-09-58-13-141
86.89,70.61,666.00,7.17,04-05-23-09-58-13-173
88.07,75.06,666.00,2.01,04-05-23-09-58-13-213
88.30,76.85,666.00,1.91,04-05-23-09-58-13-242
70.39,80.87,6.40,50.77,04-05-23-09-58-13-276
83.65,81.06,0.43,56.74,04-05-23-09-58-13-309
87.72,81.29,-0.12,60.56,04-05-23-09-58-13-342
90.08,81.13,-0.98,61.58,04-05-23-09-58-13-375
91.40,80.78,-1.23,61.62,04-05-23-09-58-13-409
92.22,80.47,-1.12,60.61,04-05-23-09-58-13-439
92.76,80.10,-0.70,58.53,04-05-23-09-58-13-475
93.03,79.76,-0.15,56.04,04-05-23-09-58-13-510
93.15,79.42,0.40,53.65,04-05-23-09-58-13-542
93.16,79.11,0.90,51.65,04-05-23-09-58-13-574
93.18,78.81,1.30,49.87,04-05-23-09-58-13-608
93.15,78.52,1.61,48.50,04-05-23-09-58-13-640
93.48,78.17,1.72,47.14,04-05-23-09-58-13-675
93.66,77.86,1.78,46.18,04-05-23-09-58-13-706
93.40,77.94,2.11,45.61,04-05-23-09-58-13-742
92.93,78.17,2.92,45.70,04-05-23-09-58-13-775
92.61,78.29,3.44,45.74,04-05-23-09-58-13-806
92.60,78.27,3.68,45.53,04-05-23-09-58-13-841
92.52,78.23,3.83,45.46,04-05-23-09-58-13-874
92.42,78.17,3.91,45.44,04-05-23-09-58-13-912
92.37,78.10,3.94,45.40,04-05-23-09-58-13-938
92.31,78.03,3.93,45.38,04-05-23-09-58-13-977
92.44,77.93,3.86,45.19,04-05-23-09-58-14-010
92.47,77.83,3.78,45.13,04-05-23-09-58-14-041
92.52,77.73,3.69,45.06,04-05-23-09-58-14-074
92.54,77.61,3.57,45.01,04-05-23-09-58-14-108
92.58,77.51,3.44,44.96,04-05-23-09-58-14-141
92.58,77.24,2.95,44.66,04-05-23-09-58-14-173
92.46,77.03,2.58,44.61,04-05-23-09-58-14-211
92.31,76.86,2.33,44.67,04-05-23-09-58-14-238
92.24,76.75,2.19,44.75,04-05-23-09-58-14-273
92.34,76.70,2.12,44.72,04-05-23-09-58-14-309
92.35,76.55,1.84,44.90,04-05-23-09-58-14-339
92.35,76.41,1.61,45.11,04-05-23-09-58-14-374
92.32,76.29,1.40,45.34,04-05-23-09-58-14-405
92.28,76.17,1.23,45.51,04-05-23-09-58-14-442
92.38,76.01,0.99,45.48,04-05-23-09-58-14-472
92.59,75.80,0.82,45.34,04-05-23-09-58-14-508
92.83,75.25,-0.08,45.15,04-05-23-09-58-14-542
92.88,74.63,-0.99,45.16,04-05-23-09-58-14-575
92.19,71.54,666.00,4.32,04-05-23-09-58-14-610
91.20,68.68,666.00,4.51,04-05-23-09-58-14-642
90.46,67.09,666.00,8.22,04-05-23-09-58-14-674
88.57,60.53,666.00,16.65,04-05-23-09-58-14-710
88.04,58.20,666.00,19.87,04-05-23-09-58-14-740
87.70,56.69,666.00,4.18,04-05-23-09-58-14-775
87.57,55.16,666.00,6.03,04-05-23-09-58-14-811
89.06,48.75,666.00,6.41,04-05-23-09-58-14-842
90.24,44.35,666.00,10.74,04-05-23-09-58-14-873
90.86,42.06,666.00,3.89,04-05-23-09-58-14-912
91.30,40.35,666.00,1.69,04-05-23-09-58-14-942
91.74,37.79,666.00,5.55,04-05-23-09-58-14-974
92.18,35.44,666.00,9.19,04-05-23-09-58-15-010
92.75,33.05,666.00,7.63,04-05-23-09-58-15-044
93.12,30.08,666.00,7.82,04-05-23-09-58-15-076
93.36,27.46,666.00,5.74,04-05-23-09-58-15-110
93.43,24.89,666.00,4.02,04-05-23-09-58-15-141
93.44,22.77,666.00,4.89,04-05-23-09-58-15-178
93.36,20.95,666.00,6.33,04-05-23-09-58-15-209
93.26,19.37,666.00,8.26,04-05-23-09-58-15-239
93.02,17.80,666.00,10.29,04-05-23-09-58-15-275
92.70,16.43,666.00,12.27,04-05-23-09-58-15-313
92.26,14.96,666.00,11.97,04-05-23-09-58-15-341
91.78,13.54,666.00,11.20,04-05-23-09-58-15-375
91.31,12.10,666.00,12.23,04-05-23-09-58-15-407
90.94,10.88,666.00,13.66,04-05-23-09-58-15-442
90.56,9.54,666.00,14.27,04-05-23-09-58-15-475
90.27,8.38,666.00,17.57,04-05-23-09-58-15-513
90.00,7.16,666.00,17.83,04-05-23-09-58-15-543
89.76,5.99,666.00,17.10,04-05-23-09-58-15-575
89.40,4.59,666.00,15.08,04-05-23-09-58-15-609
89.07,3.43,666.00,14.13,04-05-23-09-58-15-643
88.84,2.72,666.00,13.28,04-05-23-09-58-15-676
88.57,2.32,666.00,12.30,04-05-23-09-58-15-710
88.33,2.12,666.00,11.48,04-05-23-09-58-15-742
88.08,1.94,666.00,10.70,04-05-23-09-58-15-776
87.85,1.88,666.00,9.99,04-05-23-09-58-15-809
87.68,1.94,666.00,9.51,04-05-23-09-58-15-842
87.57,2.07,666.00,9.17,04-05-23-09-58-15-875
87.45,2.44,666.00,9.02,04-05-23-09-58-15-906
87.35,2.84,666.00,8.90,04-05-23-09-58-15-942
87.02,3.32,666.00,8.71,04-05-23-09-58-15-976
86.71,3.76,666.00,8.56,04-05-23-09-58-16-013
86.56,4.09,666.00,8.46,04-05-23-09-58-16-039
86.46,4.37,666.00,8.38,04-05-23-09-58-16-075
86.37,4.64,666.00,8.33,04-05-23-09-58-16-110
86.30,4.88,666.00,8.29,04-05-23-09-58-16-141
86.25,5.10,666.00,8.27,04-05-23-09-58-16-175
86.20,5.29,666.00,7.88,04-05-23-09-58-16-208
86.16,5.47,666.00,7.72,04-05-23-09-58-16-240
86.12,5.64,666.00,7.55,04-05-23-09-58-16-275
86.08,5.78,666.00,7.45,04-05-23-09-58-16-309
86.05,5.92,666.00,7.47,04-05-23-09-58-16-342
85.98,6.06,666.00,8.86,04-05-23-09-58-16-374
85.91,6.18,666.00,8.76,04-05-23-09-58-16-408
85.83,6.30,666.00,9.63,04-05-23-09-58-16-441
85.74,6.43,666.00,8.14,04-05-23-09-58-16-475
85.65,6.55,666.00,7.70,04-05-23-09-58-16-508
85.54,6.69,666.00,7.50,04-05-23-09-58-16-544
85.45,6.82,666.00,7.08,04-05-23-09-58-16-576
85.36,6.96,666.00,6.85,04-05-23-09-58-16-610
84.14,8.06,666.00,7.28,04-05-23-09-58-16-641
83.90,8.32,666.00,6.27,04-05-23-09-58-16-674
83.72,8.53,666.00,5.90,04-05-23-09-58-16-710
83.61,8.71,666.00,5.46,04-05-23-09-58-16-740
83.64,8.82,666.00,5.34,04-05-23-09-58-16-775
83.75,8.94,666.00,5.11,04-05-23-09-58-16-809
83.86,9.23,666.00,4.80,04-05-23-09-58-16-841
83.87,9.99,666.00,4.51,04-05-23-09-58-16-875
83.92,11.22,666.00,4.44,04-05-23-09-58-16-909
83.98,12.40,666.00,4.20,04-05-23-09-58-16-942
84.18,14.01,666.00,4.57,04-05-23-09-58-16-972
84.44,15.72,666.00,4.54,04-05-23-09-58-17-009
84.68,17.83,666.00,4.38,04-05-23-09-58-17-039
84.97,20.49,666.00,4.26,04-05-23-09-58-17-077
85.40,22.59,666.00,4.70,04-05-23-09-58-17-109
85.81,25.38,666.00,5.20,04-05-23-09-58-17-143
86.02,27.76,666.00,6.48,04-05-23-09-58-17-176
86.29,30.50,666.00,6.53,04-05-23-09-58-17-209
86.50,32.87,666.00,8.13,04-05-23-09-58-17-244
86.73,35.26,666.00,11.32,04-05-23-09-58-17-274
87.53,38.90,666.00,14.86,04-05-23-09-58-17-309
88.01,45.81,666.00,8.32,04-05-23-09-58-17-343
88.19,49.32,666.00,9.19,04-05-23-09-58-17-375
88.12,52.86,666.00,12.34,04-05-23-09-58-17-410
87.98,54.85,666.00,12.41,04-05-23-09-58-17-442
87.86,56.58,666.00,12.02,04-05-23-09-58-17-474
87.54,58.01,666.00,10.17,04-05-23-09-58-17-508
87.26,58.98,666.00,6.36,04-05-23-09-58-17-539
86.75,60.48,666.00,2.60,04-05-23-09-58-17-574
86.34,61.49,666.00,2.05,04-05-23-09-58-17-608
85.88,62.76,666.00,2.57,04-05-23-09-58-17-644
86.04,65.31,666.00,1.97,04-05-23-09-58-17-673
85.61,66.72,666.00,3.10,04-05-23-09-58-17-713
85.34,67.42,666.00,3.81,04-05-23-09-58-17-742
86.30,69.18,666.00,1.62,04-05-23-09-58-17-773
86.80,69.94,666.00,1.97,04-05-23-09-58-17-808
87.19,70.43,666.00,2.11,04-05-23-09-58-17-842
83.27,73.29,666.00,12.61,04-05-23-09-58-17-874
83.99,74.13,666.00,10.82,04-05-23-09-58-17-908
84.75,74.56,666.00,8.92,04-05-23-09-58-17-944
85.16,74.85,666.00,8.30,04-05-23-09-58-17-975
86.37,75.61,666.00,6.32,04-05-23-09-58-18-009
88.34,78.30,666.00,1.69,04-05-23-09-58-18-041
89.36,79.56,666.00,3.16,04-05-23-09-58-18-073
89.95,80.11,666.00,4.55,04-05-23-09-58-18-111
90.34,80.36,666.00,5.45,04-05-23-09-58-18-139
90.60,80.46,666.00,6.09,04-05-23-09-58-18-172
90.77,80.37,666.00,6.52,04-05-23-09-58-18-210
90.89,80.19,666.00,6.82,04-05-23-09-58-18-244
89.70,79.71,666.00,5.71,04-05-23-09-58-18-276
89.01,79.48,666.00,5.00,04-05-23-09-58-18-309
88.66,79.20,666.00,4.80,04-05-23-09-58-18-342
88.38,78.93,666.00,4.66,04-05-23-09-58-18-374
88.11,78.68,666.00,4.47,04-05-23-09-58-18-409
87.49,78.62,666.00,4.32,04-05-23-09-58-18-442
86.90,78.53,666.00,4.24,04-05-23-09-58-18-475
86.38,78.43,666.00,4.22,04-05-23-09-58-18-508
85.89,78.32,666.00,4.26,04-05-23-09-58-18-543
86.75,77.63,666.00,3.93,04-05-23-09-58-18-574
87.24,77.18,666.00,3.91,04-05-23-09-58-18-608
89.04,75.86,666.00,5.01,04-05-23-09-58-18-640
89.61,75.30,666.00,5.25,04-05-23-09-58-18-676
90.10,74.79,666.00,5.62,04-05-23-09-58-18-709
90.37,74.43,666.00,5.76,04-05-23-09-58-18-740
90.54,74.17,666.00,5.82,04-05-23-09-58-18-773
90.65,73.95,666.00,5.85,04-05-23-09-58-18-807
90.69,73.86,666.00,5.84,04-05-23-09-58-18-840
90.69,73.87,666.00,5.76,04-05-23-09-58-18-875
88.93,74.51,666.00,4.02,04-05-23-09-58-18-909
88.34,74.60,666.00,3.38,04-05-23-09-58-18-940
91.21,72.37,666.00,5.48,04-05-23-09-58-18-973
93.51,70.68,666.00,7.94,04-05-23-09-58-19-012
93.68,70.24,666.00,8.00,04-05-23-09-58-19-043
93.46,70.04,666.00,7.55,04-05-23-09-58-19-073
93.63,69.83,666.00,7.77,04-05-23-09-58-19-107
90.73,69.89,666.00,4.23,04-05-23-09-58-19-140
89.20,69.62,666.00,3.76,04-05-23-09-58-19-177
87.95,69.38,666.00,4.14,04-05-23-09-58-19-207
91.62,68.24,666.00,6.97,04-05-23-09-58-19-241
89.81,67.10,666.00,1.04,04-05-23-09-58-19-274
97.05,63.50,666.00,15.67,04-05-23-09-58-19-309
91.81,59.80,666.00,6.48,04-05-23-09-58-19-341
89.60,58.26,666.00,4.99,04-05-23-09-58-19-375
88.82,57.21,666.00,6.46,04-05-23-09-58-19-409
88.09,56.02,666.00,10.11,04-05-23-09-58-19-439
87.01,51.18,666.00,7.33,04-05-23-09-58-19-474
87.09,48.81,666.00,6.81,04-05-23-09-58-19-509
87.34,47.23,666.00,7.58,04-05-23-09-58-19-539
87.86,45.71,666.00,6.93,04-05-23-09-58-19-574
88.42,43.87,666.00,11.07,04-05-23-09-58-19-610
89.10,41.77,666.00,10.45,04-05-23-09-58-19-641
89.54,39.03,666.00,8.23,04-05-23-09-58-19-675
89.87,36.61,666.00,6.26,04-05-23-09-58-19-709
90.13,33.99,666.00,8.67,04-05-23-09-58-19-741
90.35,31.15,666.00,10.47,04-05-23-09-58-19-773
90.48,28.74,666.00,9.09,04-05-23-09-58-19-812
90.60,26.32,666.00,7.67,04-05-23-09-58-19-844
90.72,24.43,666.00,10.39,04-05-23-09-58-19-875
90.78,22.79,666.00,14.60,04-05-23-09-58-19-912
90.81,21.39,666.00,14.40,04-05-23-09-58-19-942
90.67,19.78,666.00,12.85,04-05-23-09-58-19-982
90.40,17.98,666.00,14.29,04-05-23-09-58-20-009
90.17,16.58,666.00,14.12,04-05-23-09-58-20-044
90.02,15.53,666.00,13.67,04-05-23-09-58-20-074
89.86,14.46,666.00,13.00,04-05-23-09-58-20-107
89.18,12.50,666.00,13.74,04-05-23-09-58-20-140
88.51,10.79,666.00,13.37,04-05-23-09-58-20-175
88.05,9.69,666.00,13.43,04-05-23-09-58-20-211
87.67,8.83,666.00,12.67,04-05-23-09-58-20-241
87.34,8.03,666.00,12.97,04-05-23-09-58-20-274
87.07,7.30,666.00,13.42,04-05-23-09-58-20-307
86.82,6.71,666.00,13.85,04-05-23-09-58-20-341
86.65,6.30,666.00,14.57,04-05-23-09-58-20-373
86.51,6.00,666.00,14.98,04-05-23-09-58-20-407
86.37,5.92,666.00,14.93,04-05-23-09-58-20-442
86.26,5.92,666.00,14.79,04-05-23-09-58-20-472
86.20,5.92,666.00,15.09,04-05-23-09-58-20-508
86.15,5.91,666.00,14.84,04-05-23-09-58-20-541
86.13,5.92,666.00,14.33,04-05-23-09-58-20-578
86.12,5.95,666.00,13.83,04-05-23-09-58-20-608
86.14,5.99,666.00,12.97,04-05-23-09-58-20-644
86.17,6.04,666.00,12.10,04-05-23-09-58-20-676
86.22,6.10,666.00,11.22,04-05-23-09-58-20-709
86.29,6.16,666.00,10.37,04-05-23-09-58-20-742
86.22,6.29,666.00,9.64,04-05-23-09-58-20-775
86.21,6.41,666.00,9.06,04-05-23-09-58-20-811
86.21,6.52,666.00,8.58,04-05-23-09-58-20-841
86.12,6.66,666.00,8.09,04-05-23-09-58-20-875
86.06,6.77,666.00,7.60,04-05-23-09-58-20-909
86.03,6.87,666.00,7.21,04-05-23-09-58-20-943
86.02,6.95,666.00,6.97,04-05-23-09-58-20-974
85.16,7.59,666.00,6.84,04-05-23-09-58-21-009
85.00,7.77,666.00,7.00,04-05-23-09-58-21-040
84.89,7.91,666.00,7.23,04-05-23-09-58-21-075
84.80,8.03,666.00,7.50,04-05-23-09-58-21-111
84.75,8.13,666.00,7.80,04-05-23-09-58-21-141
84.72,8.23,666.00,8.12,04-05-23-09-58-21-176
83.86,9.03,666.00,8.68,04-05-23-09-58-21-209
83.74,9.19,666.00,9.01,04-05-23-09-58-21-242
83.69,9.31,666.00,9.25,04-05-23-09-58-21-276
83.76,9.34,666.00,9.46,04-05-23-09-58-21-309
84.04,9.24,666.00,9.50,04-05-23-09-58-21-343
84.31,9.20,666.00,9.59,04-05-23-09-58-21-373
84.52,9.30,666.00,9.26,04-05-23-09-58-21-409
84.67,9.67,666.00,5.72,04-05-23-09-58-21-441
84.75,10.30,666.00,5.90,04-05-23-09-58-21-475
84.83,11.16,666.00,6.15,04-05-23-09-58-21-511
84.91,12.49,666.00,5.81,04-05-23-09-58-21-541
85.08,14.26,666.00,5.40,04-05-23-09-58-21-576
85.25,16.37,666.00,4.85,04-05-23-09-58-21-609
85.45,18.05,666.00,5.48,04-05-23-09-58-21-645
85.67,19.78,666.00,5.38,04-05-23-09-58-21-672
85.94,21.89,666.00,5.72,04-05-23-09-58-21-710
86.26,23.98,666.00,5.90,04-05-23-09-58-21-743
87.01,27.80,666.00,3.45,04-05-23-09-58-21-774
87.67,31.36,666.00,3.50,04-05-23-09-58-21-809
88.27,34.43,666.00,4.05,04-05-23-09-58-21-843
88.74,37.48,666.00,4.84,04-05-23-09-58-21-873
90.16,45.32,666.00,6.11,04-05-23-09-58-21-909
90.69,48.81,666.00,8.71,04-05-23-09-58-21-942
90.92,51.44,666.00,11.12,04-05-23-09-58-21-977
90.98,53.37,666.00,11.61,04-05-23-09-58-22-008
90.99,55.15,666.00,11.38,04-05-23-09-58-22-042
90.98,56.70,666.00,7.56,04-05-23-09-58-22-075
90.79,57.77,666.00,4.64,04-05-23-09-58-22-108
90.50,58.82,666.00,9.53,04-05-23-09-58-22-140
90.32,61.74,666.00,6.44,04-05-23-09-58-22-174
90.16,63.27,666.00,6.74,04-05-23-09-58-22-211
90.05,66.60,666.00,1.96,04-05-23-09-58-22-240
89.88,68.38,666.00,2.07,04-05-23-09-58-22-274
89.75,69.15,666.00,8.49,04-05-23-09-58-22-310
89.60,69.55,666.00,11.60,04-05-23-09-58-22-343
89.37,70.11,666.00,12.04,04-05-23-09-58-22-375
88.10,75.96,666.00,2.84,04-05-23-09-58-22-411
88.20,78.24,666.00,0.33,04-05-23-09-58-22-441
88.39,79.48,666.00,1.86,04-05-23-09-58-22-475
88.56,80.25,666.00,2.94,04-05-23-09-58-22-512
88.81,80.72,666.00,3.66,04-05-23-09-58-22-542
85.69,82.84,666.00,5.59,04-05-23-09-58-22-572
86.65,83.52,666.00,6.49,04-05-23-09-58-22-609
87.44,83.79,666.00,7.22,04-05-23-09-58-22-640
88.16,83.75,666.00,7.68,04-05-23-09-58-22-676
88.74,83.51,666.00,7.92,04-05-23-09-58-22-709
89.13,83.26,666.00,8.09,04-05-23-09-58-22-742
89.40,82.96,666.00,8.13,04-05-23-09-58-22-774
89.62,82.60,666.00,8.06,04-05-23-09-58-22-809
89.70,82.26,666.00,7.94,04-05-23-09-58-22-842
89.56,81.97,666.00,7.74,04-05-23-09-58-22-876
89.37,81.61,666.00,7.42,04-05-23-09-58-22-912
89.08,81.30,666.00,7.11,04-05-23-09-58-22-942
89.07,80.91,666.00,6.82,04-05-23-09-58-22-975
88.96,80.60,666.00,6.56,04-05-23-09-58-23-010
88.80,80.38,666.00,6.35,04-05-23-09-58-23-041
88.62,80.20,666.00,6.18,04-05-23-09-58-23-073
88.44,80.06,666.00,6.05,04-05-23-09-58-23-109
88.29,79.93,666.00,5.94,04-05-23-09-58-23-140
88.14,79.82,666.00,5.83,04-05-23-09-58-23-175
87.86,79.67,666.00,5.66,04-05-23-09-58-23-209
87.63,79.49,666.00,5.47,04-05-23-09-58-23-243
87.41,79.32,666.00,5.32,04-05-23-09-58-23-272
87.22,79.15,666.00,5.19,04-05-23-09-58-23-309
87.10,79.02,666.00,5.14,04-05-23-09-58-23-342
86.90,78.88,666.00,5.06,04-05-23-09-58-23-375
86.68,78.72,666.00,4.98,04-05-23-09-58-23-408
86.45,78.56,666.00,4.91,04-05-23-09-58-23-442
86.20,78.41,666.00,4.87,04-05-23-09-58-23-472
85.98,78.27,666.00,4.87,04-05-23-09-58-23-509
85.81,78.12,666.00,4.83,04-05-23-09-58-23-539
85.68,77.97,666.00,4.80,04-05-23-09-58-23-575
85.56,77.84,666.00,4.78,04-05-23-09-58-23-610
85.39,77.61,666.00,4.69,04-05-23-09-58-23-640
85.31,77.30,666.00,4.46,04-05-23-09-58-23-680
85.27,77.05,666.00,4.32,04-05-23-09-58-23-708
85.26,76.69,666.00,4.01,04-05-23-09-58-23-740
85.45,76.18,666.00,3.41,04-05-23-09-58-23-771
85.07,75.57,666.00,3.25,04-05-23-09-58-23-808
84.75,74.39,666.00,2.91,04-05-23-09-58-23-844
84.70,72.20,666.00,3.59,04-05-23-09-58-23-874
84.88,70.62,666.00,4.82,04-05-23-09-58-23-908
84.93,69.18,666.00,5.65,04-05-23-09-58-23-942
86.68,64.38,666.00,12.58,04-05-23-09-58-23-973
93.37,61.95,666.00,15.71,04-05-23-09-58-24-009
87.58,56.37,666.00,11.35,04-05-23-09-58-24-043
85.52,54.24,666.00,6.91,04-05-23-09-58-24-076
84.29,52.76,666.00,7.88,04-05-23-09-58-24-107
83.38,51.17,666.00,11.10,04-05-23-09-58-24-143
82.92,48.76,666.00,11.91,04-05-23-09-58-24-174
83.07,45.99,666.00,10.36,04-05-23-09-58-24-208
83.80,44.07,666.00,8.04,04-05-23-09-58-24-244
84.49,42.60,666.00,9.21,04-05-23-09-58-24-274
85.91,34.16,666.00,3.20,04-05-23-09-58-24-308
86.52,31.06,666.00,4.16,04-05-23-09-58-24-340
86.85,29.14,666.00,2.17,04-05-23-09-58-24-373
87.04,27.38,666.00,0.93,04-05-23-09-58-24-410
87.03,24.69,666.00,5.59,04-05-23-09-58-24-442
87.00,22.97,666.00,6.68,04-05-23-09-58-24-475
86.92,21.70,666.00,5.72,04-05-23-09-58-24-509
86.78,20.57,666.00,6.01,04-05-23-09-58-24-541
86.78,19.74,666.00,6.74,04-05-23-09-58-24-575
86.63,19.00,666.00,9.91,04-05-23-09-58-24-610
86.54,18.45,666.00,14.34,04-05-23-09-58-24-643
86.36,17.52,666.00,14.55,04-05-23-09-58-24-674
86.18,16.62,666.00,13.89,04-05-23-09-58-24-709
85.97,15.59,666.00,12.57,04-05-23-09-58-24-742
85.83,14.85,666.00,14.47,04-05-23-09-58-24-775
85.73,14.28,666.00,18.95,04-05-23-09-58-24-809
85.63,13.55,666.00,20.02,04-05-23-09-58-24-842
85.56,13.09,666.00,20.15,04-05-23-09-58-24-878
85.49,12.80,666.00,17.10,04-05-23-09-58-24-908
85.43,12.57,666.00,16.57,04-05-23-09-58-24-941
85.35,12.31,666.00,15.86,04-05-23-09-58-24-974
85.28,12.12,666.00,15.19,04-05-23-09-58-25-009
85.21,12.00,666.00,14.69,04-05-23-09-58-25-042
85.15,11.90,666.00,14.25,04-05-23-09-58-25-074
85.10,11.81,666.00,13.88,04-05-23-09-58-25-113
85.02,11.73,666.00,13.51,04-05-23-09-58-25-141
84.96,11.67,666.00,13.22,04-05-23-09-58-25-174
84.91,11.65,666.00,13.02,04-05-23-09-58-25-208
84.87,11.64,666.00,12.90,04-05-23-09-58-25-243
84.83,11.65,666.00,12.87,04-05-23-09-58-25-273
84.74,11.70,666.00,12.46,04-05-23-09-58-25-311
84.68,11.75,666.00,12.11,04-05-23-09-58-25-341
84.63,11.80,666.00,11.90,04-05-23-09-58-25-375
84.54,11.84,666.00,11.64,04-05-23-09-58-25-408
84.49,11.85,666.00,11.46,04-05-23-09-58-25-442
84.45,11.87,666.00,10.43,04-05-23-09-58-25-475
84.42,11.90,666.00,10.09,04-05-23-09-58-25-506
84.39,11.94,666.00,9.90,04-05-23-09-58-25-542
84.38,11.98,666.00,9.76,04-05-23-09-58-25-571
84.37,12.01,666.00,9.68,04-05-23-09-58-25-609
84.37,12.03,666.00,9.62,04-05-23-09-58-25-638
84.36,12.07,666.00,9.61,04-05-23-09-58-25-675
84.36,12.09,666.00,9.60,04-05-23-09-58-25-711
84.35,12.11,666.00,9.60,04-05-23-09-58-25-742
84.34,12.14,666.00,9.58,04-05-23-09-58-25-781
84.33,12.17,666.00,9.57,04-05-23-09-58-25-808
84.30,12.26,666.00,9.58,04-05-23-09-58-25-840
84.20,12.37,666.00,9.57,04-05-23-09-58-25-874
84.15,12.52,666.00,9.48,04-05-23-09-58-25-908
84.09,12.75,666.00,9.43,04-05-23-09-58-25-937
84.02,13.04,666.00,9.34,04-05-23-09-58-25-973
83.91,13.38,666.00,9.06,04-05-23-09-58-26-007
83.73,13.76,666.00,8.00,04-05-23-09-58-26-039
83.55,14.37,666.00,6.74,04-05-23-09-58-26-073
83.36,15.13,666.00,5.93,04-05-23-09-58-26-108
83.19,16.14,666.00,5.48,04-05-23-09-58-26-140
83.10,17.42,666.00,5.50,04-05-23-09-58-26-177
83.08,18.69,666.00,5.28,04-05-23-09-58-26-207
83.10,20.02,666.00,4.95,04-05-23-09-58-26-253
83.20,21.29,666.00,4.40,04-05-23-09-58-26-291
83.37,22.94,666.00,3.73,04-05-23-09-58-26-308
83.59,24.34,666.00,3.49,04-05-23-09-58-26-343
85.46,29.60,666.00,10.13,04-05-23-09-58-26-375
86.13,31.76,666.00,8.94,04-05-23-09-58-26-415
86.44,32.95,666.00,8.20,04-05-23-09-58-26-439
86.69,33.79,666.00,6.48,04-05-23-09-58-26-474
86.79,34.60,666.00,7.80,04-05-23-09-58-26-508
86.98,36.33,666.00,7.72,04-05-23-09-58-26-539
87.02,41.67,666.00,6.13,04-05-23-09-58-26-574
86.98,44.58,666.00,8.42,04-05-23-09-58-26-610
86.94,48.28,666.00,12.21,04-05-23-09-58-26-643
86.81,51.82,666.00,14.33,04-05-23-09-58-26-673
86.46,53.43,666.00,10.13,04-05-23-09-58-26-711
86.50,54.54,666.00,5.06,04-05-23-09-58-26-742
86.38,55.29,666.00,3.19,04-05-23-09-58-26-775
86.28,56.71,666.00,5.53,04-05-23-09-58-26-808
85.68,57.97,666.00,7.09,04-05-23-09-58-26-841
85.70,60.14,666.00,6.23,04-05-23-09-58-26-876
85.78,61.99,666.00,6.04,04-05-23-09-58-26-908
86.43,64.79,666.00,6.13,04-05-23-09-58-26-941
86.92,66.44,666.00,5.84,04-05-23-09-58-26-975
87.16,67.51,666.00,4.70,04-05-23-09-58-27-009
87.15,67.99,666.00,4.44,04-05-23-09-58-27-041
87.08,68.30,666.00,4.19,04-05-23-09-58-27-076
86.92,68.53,666.00,4.14,04-05-23-09-58-27-111
86.74,68.66,666.00,4.16,04-05-23-09-58-27-142
86.51,68.83,666.00,12.00,04-05-23-09-58-27-174
87.57,73.04,666.00,21.67,04-05-23-09-58-27-219
88.16,74.95,666.00,22.71,04-05-23-09-58-27-240
88.48,75.98,666.00,20.70,04-05-23-09-58-27-275
88.58,76.49,666.00,18.59,04-05-23-09-58-27-308
88.60,76.82,666.00,12.69,04-05-23-09-58-27-343
90.26,76.88,666.00,14.28,04-05-23-09-58-27-375
85.85,77.96,666.00,20.58,04-05-23-09-58-27-409
85.34,78.13,666.00,23.02,04-05-23-09-58-27-443
84.51,78.86,666.00,24.09,04-05-23-09-58-27-474
82.98,79.94,666.00,23.40,04-05-23-09-58-27-510
82.56,80.11,666.00,22.22,04-05-23-09-58-27-540
82.77,80.20,666.00,20.98,04-05-23-09-58-27-576
83.12,80.21,666.00,19.84,04-05-23-09-58-27-609
83.31,80.18,666.00,18.56,04-05-23-09-58-27-641
83.73,80.07,666.00,17.94,04-05-23-09-58-27-674
83.93,79.95,666.00,17.26,04-05-23-09-58-27-708
84.05,79.67,666.00,17.13,04-05-23-09-58-27-742
84.18,79.40,666.00,17.06,04-05-23-09-58-27-772
84.66,78.81,666.00,17.18,04-05-23-09-58-27-810
84.88,78.49,666.00,16.96,04-05-23-09-58-27-840
85.11,78.18,666.00,16.81,04-05-23-09-58-27-874
85.46,77.77,666.00,17.02,04-05-23-09-58-27-907
87.57,76.81,666.00,18.46,04-05-23-09-58-27-941
96.31,74.25,666.00,11.57,04-05-23-09-58-27-975
97.38,73.58,666.00,14.71,04-05-23-09-58-28-009
88.97,72.40,666.00,14.95,04-05-23-09-58-28-040
84.45,72.58,666.00,15.18,04-05-23-09-58-28-075
81.49,72.86,666.00,13.95,04-05-23-09-58-28-109
80.34,73.01,666.00,13.62,04-05-23-09-58-28-142
79.78,73.29,666.00,13.62,04-05-23-09-58-28-174
79.49,73.49,666.00,13.27,04-05-23-09-58-28-213
80.00,73.18,666.00,13.31,04-05-23-09-58-28-241
89.29,74.29,666.00,20.31,04-05-23-09-58-28-276
93.45,74.69,666.00,23.83,04-05-23-09-58-28-308
95.89,74.32,666.00,26.01,04-05-23-09-58-28-342
97.07,73.31,-179.04,32.45,04-05-23-09-58-28-376
98.15,72.76,-178.72,33.81,04-05-23-09-58-28-408
98.72,72.42,-178.34,34.35,04-05-23-09-58-28-440
91.93,70.28,666.00,22.68,04-05-23-09-58-28-475
86.34,68.42,666.00,6.21,04-05-23-09-58-28-509
80.69,61.84,666.00,14.14,04-05-23-09-58-28-541
78.87,58.90,666.00,20.46,04-05-23-09-58-28-574
78.40,57.71,666.00,23.26,04-05-23-09-58-28-609
78.81,55.93,666.00,22.66,04-05-23-09-58-28-640
81.14,51.61,666.00,15.49,04-05-23-09-58-28-675
82.80,48.66,666.00,10.08,04-05-23-09-58-28-708
84.62,46.29,666.00,6.63,04-05-23-09-58-28-743
85.89,43.77,666.00,9.21,04-05-23-09-58-28-775
87.54,36.57,666.00,2.64,04-05-23-09-58-28-808
88.16,33.53,666.00,3.28,04-05-23-09-58-28-843
88.60,31.77,666.00,4.21,04-05-23-09-58-28-873
88.95,29.92,666.00,5.14,04-05-23-09-58-28-907
89.14,27.93,666.00,6.14,04-05-23-09-58-28-943
89.21,25.70,666.00,6.90,04-05-23-09-58-28-974
89.31,24.38,666.00,12.11,04-05-23-09-58-29-008
89.24,22.26,666.00,16.41,04-05-23-09-58-29-039
89.08,20.19,666.00,16.70,04-05-23-09-58-29-072
88.85,18.25,666.00,20.61,04-05-23-09-58-29-109
88.59,16.52,666.00,19.40,04-05-23-09-58-29-141
88.29,14.72,666.00,17.23,04-05-23-09-58-29-173
88.02,13.27,666.00,18.53,04-05-23-09-58-29-210
87.49,11.41,666.00,16.96,04-05-23-09-58-29-239
86.79,9.46,666.00,14.38,04-05-23-09-58-29-276
86.14,7.84,666.00,12.89,04-05-23-09-58-29-309
85.63,6.73,666.00,11.74,04-05-23-09-58-29-341
85.21,5.94,666.00,10.97,04-05-23-09-58-29-375
84.98,5.38,666.00,10.47,04-05-23-09-58-29-407
84.90,4.94,666.00,11.49,04-05-23-09-58-29-443
84.88,4.61,666.00,11.86,04-05-23-09-58-29-470
84.91,4.34,666.00,12.19,04-05-23-09-58-29-507
84.81,4.12,666.00,12.16,04-05-23-09-58-29-542
84.75,3.98,666.00,12.03,04-05-23-09-58-29-574
84.70,3.87,666.00,12.82,04-05-23-09-58-29-608
84.66,3.83,666.00,13.10,04-05-23-09-58-29-643
84.65,3.84,666.00,13.20,04-05-23-09-58-29-674
84.62,3.89,666.00,13.25,04-05-23-09-58-29-706
84.49,3.80,666.00,12.94,04-05-23-09-58-29-741
84.35,3.75,666.00,13.13,04-05-23-09-58-29-777
84.24,3.72,666.00,13.23,04-05-23-09-58-29-808
84.15,3.72,666.00,13.57,04-05-23-09-58-29-840
84.00,3.76,666.00,13.80,04-05-23-09-58-29-878
83.83,3.81,666.00,13.88,04-05-23-09-58-29-907
83.60,3.84,666.00,10.86,04-05-23-09-58-29-942
83.38,3.93,666.00,9.93,04-05-23-09-58-29-972
83.19,4.03,666.00,9.44,04-05-23-09-58-30-010
83.02,4.20,666.00,9.12,04-05-23-09-58-30-041
82.85,4.39,666.00,8.85,04-05-23-09-58-30-074
82.71,4.57,666.00,8.63,04-05-23-09-58-30-108
82.57,4.77,666.00,8.44,04-05-23-09-58-30-144
82.47,4.97,666.00,8.30,04-05-23-09-58-30-174
82.39,5.16,666.00,8.19,04-05-23-09-58-30-209
82.31,5.33,666.00,9.43,04-05-23-09-58-30-242
82.23,5.48,666.00,10.33,04-05-23-09-58-30-276
82.08,5.77,666.00,10.84,04-05-23-09-58-30-308
81.95,6.01,666.00,11.18,04-05-23-09-58-30-342
81.81,6.14,666.00,11.30,04-05-23-09-58-30-376
81.54,6.46,666.00,11.33,04-05-23-09-58-30-409
81.35,6.58,666.00,11.04,04-05-23-09-58-30-443
81.23,6.68,666.00,10.60,04-05-23-09-58-30-476
81.11,6.84,666.00,10.14,04-05-23-09-58-30-510
81.01,7.03,666.00,9.42,04-05-23-09-58-30-541
80.92,7.19,666.00,8.71,04-05-23-09-58-30-576
80.82,7.27,666.00,7.96,04-05-23-09-58-30-609
80.71,7.33,666.00,6.57,04-05-23-09-58-30-642
80.60,7.46,666.00,5.13,04-05-23-09-58-30-676
80.47,7.69,666.00,4.38,04-05-23-09-58-30-708
80.31,8.04,666.00,3.98,04-05-23-09-58-30-741
80.15,8.70,666.00,4.53,04-05-23-09-58-30-774
80.01,9.41,666.00,4.58,04-05-23-09-58-30-811
79.92,10.15,666.00,4.10,04-05-23-09-58-30-842
79.83,11.21,666.00,2.92,04-05-23-09-58-30-876
79.76,12.40,666.00,3.51,04-05-23-09-58-30-910
79.72,13.64,666.00,2.69,04-05-23-09-58-30-942
79.72,15.45,666.00,1.83,04-05-23-09-58-30-977
79.78,17.08,666.00,2.01,04-05-23-09-58-31-007
79.85,18.75,666.00,2.44,04-05-23-09-58-31-040
80.01,20.62,666.00,1.69,04-05-23-09-58-31-076
80.24,22.52,666.00,3.11,04-05-23-09-58-31-109
80.50,24.83,666.00,1.70,04-05-23-09-58-31-141
80.77,27.18,666.00,3.62,04-05-23-09-58-31-175
81.09,29.60,666.00,2.90,04-05-23-09-58-31-209
81.45,32.06,666.00,3.26,04-05-23-09-58-31-242
82.27,36.76,666.00,4.55,04-05-23-09-58-31-276
84.33,41.79,666.00,3.13,04-05-23-09-58-31-310
85.35,44.39,666.00,2.32,04-05-23-09-58-31-342
86.36,49.57,666.00,8.60,04-05-23-09-58-31-377
87.09,53.62,666.00,14.27,04-05-23-09-58-31-405
87.30,56.26,666.00,13.33,04-05-23-09-58-31-442
86.95,57.44,666.00,9.21,04-05-23-09-58-31-472
86.86,58.62,666.00,7.88,04-05-23-09-58-31-508
86.51,59.42,666.00,1.47,04-05-23-09-58-31-544
87.16,63.54,666.00,2.12,04-05-23-09-58-31-573
87.24,65.77,666.00,4.01,04-05-23-09-58-31-608
86.69,67.21,666.00,5.70,04-05-23-09-58-31-637
86.32,67.79,666.00,6.22,04-05-23-09-58-31-671
83.50,71.77,666.00,13.81,04-05-23-09-58-31-708
72.02,80.02,26.82,42.74,04-05-23-09-58-31-742
49.06,90.19,16.05,100.03,04-05-23-09-58-31-775
41.16,94.95,8.74,124.46,04-05-23-09-58-31-808
37.94,97.47,4.84,132.61,04-05-23-09-58-31-842
27.02,108.47,-0.67,142.75,04-05-23-09-58-31-874
23.82,113.59,-3.87,146.77,04-05-23-09-58-31-906
21.84,118.79,-4.77,146.18,04-05-23-09-58-31-940
20.90,120.46,-3.35,143.80,04-05-23-09-58-31-976
20.84,119.42,-0.70,139.74,04-05-23-09-58-32-011
21.65,118.02,1.52,135.19,04-05-23-09-58-32-040
22.29,115.67,3.53,131.76,04-05-23-09-58-32-076
22.94,113.98,5.00,128.94,04-05-23-09-58-32-112
23.32,112.22,6.24,127.17,04-05-23-09-58-32-142
23.52,110.37,7.42,125.97,04-05-23-09-58-32-174
23.64,108.72,8.41,125.17,04-05-23-09-58-32-208
25.00,110.65,5.95,118.63,04-05-23-09-58-32-243
24.62,107.95,7.28,118.89,04-05-23-09-58-32-275
24.68,107.16,7.87,118.56,04-05-23-09-58-32-311
24.73,106.57,8.37,118.38,04-05-23-09-58-32-343
25.27,107.90,8.21,117.38,04-05-23-09-58-32-373
23.68,104.37,10.01,118.78,04-05-23-09-58-32-406
23.04,102.64,12.29,119.71,04-05-23-09-58-32-442
22.99,102.35,12.82,120.14,04-05-23-09-58-32-478
22.97,102.12,13.02,120.54,04-05-23-09-58-32-508
23.12,102.43,13.15,120.99,04-05-23-09-58-32-543
23.31,102.86,13.15,121.42,04-05-23-09-58-32-575
23.51,103.32,13.06,121.78,04-05-23-09-58-32-609
23.70,103.80,12.91,122.00,04-05-23-09-58-32-641
24.31,105.98,11.35,120.57,04-05-23-09-58-32-676
23.66,104.28,11.87,122.06,04-05-23-09-58-32-712
23.63,104.19,11.87,122.32,04-05-23-09-58-32-742
23.67,104.23,11.43,123.52,04-05-23-09-58-32-778
23.83,104.61,10.85,124.24,04-05-23-09-58-32-808
23.98,104.92,10.37,125.01,04-05-23-09-58-32-838
24.24,105.47,10.17,125.48,04-05-23-09-58-32-876
22.85,102.58,11.83,125.00,04-05-23-09-58-32-912
22.34,101.33,13.48,124.69,04-05-23-09-58-32-945
22.27,101.07,13.85,124.59,04-05-23-09-58-32-971
23.24,104.05,12.12,121.89,04-05-23-09-58-33-019
23.69,105.07,11.80,121.09,04-05-23-09-58-33-045
23.95,105.50,11.50,120.63,04-05-23-09-58-33-075
24.46,106.77,10.69,119.14,04-05-23-09-58-33-109
24.72,107.36,9.82,117.84,04-05-23-09-58-33-141
25.10,108.24,9.24,116.65,04-05-23-09-58-33-173
25.36,108.83,8.78,116.11,04-05-23-09-58-33-207
25.69,109.61,8.45,115.81,04-05-23-09-58-33-240
24.86,112.40,6.80,119.05,04-05-23-09-58-33-275
25.35,113.36,6.39,119.40,04-05-23-09-58-33-310
25.94,114.09,6.05,119.66,04-05-23-09-58-33-342
26.42,114.68,5.63,119.74,04-05-23-09-58-33-374
27.05,115.18,5.34,119.91,04-05-23-09-58-33-408
27.54,115.59,28.35,136.92,04-05-23-09-58-33-440
27.95,115.92,40.70,135.51,04-05-23-09-58-33-472
28.26,116.14,45.91,134.50,04-05-23-09-58-33-510
78.87,50.44,666.00,16.67,04-05-23-09-58-33-541
87.65,44.07,666.00,6.02,04-05-23-09-58-33-575
92.58,38.82,666.00,12.00,04-05-23-09-58-33-611
93.03,36.41,666.00,14.96,04-05-23-09-58-33-642
92.72,34.78,666.00,13.00,04-05-23-09-58-33-673
91.74,29.83,666.00,11.71,04-05-23-09-58-33-710
88.84,26.95,666.00,6.75,04-05-23-09-58-33-741
86.86,25.12,666.00,5.14,04-05-23-09-58-33-779
85.59,23.31,666.00,7.34,04-05-23-09-58-33-807
84.92,22.03,666.00,11.67,04-05-23-09-58-33-843
84.59,21.39,666.00,12.37,04-05-23-09-58-33-874
84.55,20.63,666.00,13.38,04-05-23-09-58-33-908
84.57,19.85,666.00,13.79,04-05-23-09-58-33-943
84.70,19.18,666.00,13.49,04-05-23-09-58-33-977
84.81,18.08,666.00,13.21,04-05-23-09-58-34-013
84.91,17.09,666.00,11.89,04-05-23-09-58-34-041
84.98,16.09,666.00,12.56,04-05-23-09-58-34-073
84.98,15.21,666.00,12.55,04-05-23-09-58-34-110
85.00,14.60,666.00,13.54,04-05-23-09-58-34-142
84.90,14.08,666.00,20.37,04-05-23-09-58-34-174
84.40,12.70,666.00,19.44,04-05-23-09-58-34-207
83.81,11.46,666.00,17.74,04-05-23-09-58-34-245
83.26,10.48,666.00,17.46,04-05-23-09-58-34-272
82.73,9.77,666.00,16.34,04-05-23-09-58-34-312
82.28,9.33,666.00,15.14,04-05-23-09-58-34-343
81.89,9.02,666.00,14.09,04-05-23-09-58-34-375
81.46,8.82,666.00,13.30,04-05-23-09-58-34-408
81.05,8.73,666.00,14.10,04-05-23-09-58-34-442
80.67,8.90,666.00,13.74,04-05-23-09-58-34-477
80.30,9.18,666.00,13.54,04-05-23-09-58-34-508
80.05,9.30,666.00,13.18,04-05-23-09-58-34-540
79.82,9.44,666.00,12.81,04-05-23-09-58-34-573
79.62,9.60,666.00,12.57,04-05-23-09-58-34-612
79.49,9.74,666.00,12.48,04-05-23-09-58-34-641
79.42,9.90,666.00,12.38,04-05-23-09-58-34-675
79.40,10.05,666.00,12.29,04-05-23-09-58-34-710
79.38,10.25,666.00,11.82,04-05-23-09-58-34-740
79.42,10.44,666.00,11.42,04-05-23-09-58-34-774
79.46,10.65,666.00,11.07,04-05-23-09-58-34-808
79.47,10.88,666.00,10.92,04-05-23-09-58-34-844
79.45,11.13,666.00,10.65,04-05-23-09-58-34-873
79.43,11.39,666.00,10.43,04-05-23-09-58-34-909
79.45,11.58,666.00,10.38,04-05-23-09-58-34-942
79.48,11.75,666.00,9.55,04-05-23-09-58-34-974
79.49,11.93,666.00,8.17,04-05-23-09-58-35-010
79.48,12.12,666.00,7.66,04-05-23-09-58-35-042
79.46,12.31,666.00,8.24,04-05-23-09-58-35-078
79.43,12.54,666.00,8.83,04-05-23-09-58-35-106
79.40,12.76,666.00,8.03,04-05-23-09-58-35-143
79.39,12.95,666.00,9.05,04-05-23-09-58-35-175
79.38,13.16,666.00,9.84,04-05-23-09-58-35-207
79.42,13.42,666.00,9.83,04-05-23-09-58-35-240
79.43,13.75,666.00,9.44,04-05-23-09-58-35-276
79.47,14.36,666.00,7.07,04-05-23-09-58-35-308
79.56,15.28,666.00,4.88,04-05-23-09-58-35-340
79.60,16.28,666.00,2.25,04-05-23-09-58-35-375
79.96,18.00,666.00,2.56,04-05-23-09-58-35-406
80.70,20.50,666.00,1.24,04-05-23-09-58-35-441
81.66,23.40,666.00,1.16,04-05-23-09-58-35-475
82.52,25.85,666.00,1.06,04-05-23-09-58-35-509
83.21,27.76,666.00,5.17,04-05-23-09-58-35-543
84.07,30.37,666.00,5.05,04-05-23-09-58-35-573
85.54,33.92,666.00,7.93,04-05-23-09-58-35-609
86.69,36.75,666.00,6.17,04-05-23-09-58-35-641
87.63,39.27,666.00,11.26,04-05-23-09-58-35-674
88.40,43.66,666.00,6.93,04-05-23-09-58-35-709
89.06,47.88,666.00,5.82,04-05-23-09-58-35-741
89.40,50.66,666.00,7.52,04-05-23-09-58-35-775
89.87,52.19,666.00,5.73,04-05-23-09-58-35-805
90.10,53.37,666.00,4.50,04-05-23-09-58-35-843
90.02,55.73,666.00,3.15,04-05-23-09-58-35-873
89.76,59.69,666.00,3.84,04-05-23-09-58-35-909
89.53,61.69,666.00,3.55,04-05-23-09-58-35-940
89.26,62.66,666.00,2.36,04-05-23-09-58-35-975
88.18,65.71,666.00,5.72,04-05-23-09-58-36-008
87.34,66.98,666.00,1.73,04-05-23-09-58-36-041
86.27,68.14,666.00,3.53,04-05-23-09-58-36-077
85.54,68.83,666.00,4.91,04-05-23-09-58-36-108
84.91,69.33,666.00,6.35,04-05-23-09-58-36-138
84.44,69.61,666.00,7.52,04-05-23-09-58-36-175
85.26,74.75,666.00,12.73,04-05-23-09-58-36-206
85.72,76.88,666.00,16.42,04-05-23-09-58-36-242
77.41,80.82,666.00,28.64,04-05-23-09-58-36-272
65.06,84.03,33.27,42.46,04-05-23-09-58-36-308
59.12,85.50,32.00,49.01,04-05-23-09-58-36-342
74.42,85.06,47.11,30.97,04-05-23-09-58-36-371
81.62,84.42,666.00,26.17,04-05-23-09-58-36-408
86.23,83.46,666.00,22.86,04-05-23-09-58-36-440
88.44,82.80,666.00,21.67,04-05-23-09-58-36-476
89.74,82.18,666.00,20.94,04-05-23-09-58-36-508
90.40,81.53,666.00,20.41,04-05-23-09-58-36-543
90.54,80.85,666.00,20.11,04-05-23-09-58-36-572
89.15,80.83,666.00,21.39,04-05-23-09-58-36-609
88.15,80.90,666.00,22.50,04-05-23-09-58-36-642
87.66,80.76,666.00,22.96,04-05-23-09-58-36-674
87.04,80.57,666.00,23.60,04-05-23-09-58-36-710
86.76,80.40,666.00,23.86,04-05-23-09-58-36-741
86.48,80.19,666.00,24.04,04-05-23-09-58-36-774
86.24,79.99,666.00,24.15,04-05-23-09-58-36-808
86.02,79.76,666.00,24.19,04-05-23-09-58-36-842
86.27,79.54,666.00,23.94,04-05-23-09-58-36-870
86.29,79.22,666.00,23.60,04-05-23-09-58-36-910
86.25,78.84,666.00,23.17,04-05-23-09-58-36-943
86.20,78.53,666.00,22.87,04-05-23-09-58-36-975
85.17,78.77,666.00,23.75,04-05-23-09-58-37-010
84.46,78.88,666.00,24.53,04-05-23-09-58-37-041
84.12,78.87,666.00,24.83,04-05-23-09-58-37-075
83.94,78.72,666.00,24.87,04-05-23-09-58-37-109
84.18,78.05,666.00,24.09,04-05-23-09-58-37-139
84.23,77.75,666.00,23.77,04-05-23-09-58-37-174
84.10,77.57,666.00,23.77,04-05-23-09-58-37-208
83.93,77.27,666.00,23.72,04-05-23-09-58-37-241
83.87,76.98,666.00,23.61,04-05-23-09-58-37-276
83.99,75.80,666.00,22.29,04-05-23-09-58-37-307
84.30,75.00,666.00,21.65,04-05-23-09-58-37-340
86.07,73.67,666.00,19.61,04-05-23-09-58-37-373
86.46,73.10,666.00,19.00,04-05-23-09-58-37-408
84.76,69.85,666.00,18.12,04-05-23-09-58-37-441
84.43,68.53,666.00,17.38,04-05-23-09-58-37-471
83.19,60.03,666.00,10.64,04-05-23-09-58-37-509
82.98,56.64,666.00,10.76,04-05-23-09-58-37-541
83.04,54.03,666.00,7.99,04-05-23-09-58-37-577
83.23,51.11,666.00,6.94,04-05-23-09-58-37-607
83.56,47.97,666.00,6.29,04-05-23-09-58-37-642
83.79,45.01,666.00,6.77,04-05-23-09-58-37-673
83.91,42.12,666.00,9.58,04-05-23-09-58-37-708
84.09,39.96,666.00,8.76,04-05-23-09-58-37-745
84.31,37.90,666.00,7.82,04-05-23-09-58-37-773
84.57,35.64,666.00,6.05,04-05-23-09-58-37-807
84.79,32.82,666.00,3.35,04-05-23-09-58-37-841
84.86,30.25,666.00,3.25,04-05-23-09-58-37-877
84.83,28.04,666.00,7.55,04-05-23-09-58-37-907
84.77,25.79,666.00,6.78,04-05-23-09-58-37-940
84.71,23.76,666.00,6.26,04-05-23-09-58-37-975
84.67,22.04,666.00,5.07,04-05-23-09-58-38-010
84.66,20.80,666.00,12.41,04-05-23-09-58-38-038
84.67,19.75,666.00,14.85,04-05-23-09-58-38-073
84.66,18.80,666.00,15.69,04-05-23-09-58-38-108
84.65,17.99,666.00,16.32,04-05-23-09-58-38-140
84.62,17.28,666.00,15.95,04-05-23-09-58-38-174
84.56,16.51,666.00,15.29,04-05-23-09-58-38-210
84.47,15.59,666.00,16.01,04-05-23-09-58-38-240
84.32,14.47,666.00,15.53,04-05-23-09-58-38-275
84.13,13.48,666.00,14.83,04-05-23-09-58-38-307
83.85,12.29,666.00,13.08,04-05-23-09-58-38-342
83.50,11.59,666.00,11.66,04-05-23-09-58-38-373
83.20,11.07,666.00,10.53,04-05-23-09-58-38-407
82.87,10.57,666.00,14.74,04-05-23-09-58-38-438
82.52,10.37,666.00,14.94,04-05-23-09-58-38-474
82.19,10.09,666.00,14.16,04-05-23-09-58-38-506
81.88,10.07,666.00,13.73,04-05-23-09-58-38-546
81.53,10.13,666.00,13.21,04-05-23-09-58-38-574
81.25,10.15,666.00,12.64,04-05-23-09-58-38-606
81.04,10.24,666.00,12.15,04-05-23-09-58-38-640
80.83,10.46,666.00,11.60,04-05-23-09-58-38-676
80.60,10.81,666.00,11.35,04-05-23-09-58-38-710
80.34,10.97,666.00,10.77,04-05-23-09-58-38-743
80.17,11.11,666.00,11.46,04-05-23-09-58-38-778
79.99,11.21,666.00,11.57,04-05-23-09-58-38-807
79.82,11.35,666.00,11.68,04-05-23-09-58-38-838
79.65,11.55,666.00,11.80,04-05-23-09-58-38-876
79.55,11.73,666.00,11.90,04-05-23-09-58-38-908
79.48,11.91,666.00,12.00,04-05-23-09-58-38-941
79.41,12.10,666.00,12.13,04-05-23-09-58-38-974
79.42,12.27,666.00,12.26,04-05-23-09-58-39-009
79.46,12.43,666.00,11.71,04-05-23-09-58-39-038
79.47,12.64,666.00,11.45,04-05-23-09-58-39-073
79.48,12.89,666.00,11.37,04-05-23-09-58-39-108
79.49,13.14,666.00,11.36,04-05-23-09-58-39-143
79.55,13.35,666.00,11.35,04-05-23-09-58-39-177
79.62,13.53,666.00,10.88,04-05-23-09-58-39-208
79.66,13.72,666.00,10.12,04-05-23-09-58-39-241
79.66,13.97,666.00,9.50,04-05-23-09-58-39-275
79.63,14.25,666.00,8.07,04-05-23-09-58-39-309
79.58,14.58,666.00,6.91,04-05-23-09-58-39-342
79.48,15.13,666.00,5.69,04-05-23-09-58-39-375
79.39,15.79,666.00,4.35,04-05-23-09-58-39-411
79.26,16.86,666.00,3.71,04-05-23-09-58-39-441
79.11,18.56,666.00,6.24,04-05-23-09-58-39-471
78.96,21.48,666.00,4.83,04-05-23-09-58-39-509
78.88,23.79,666.00,3.40,04-05-23-09-58-39-542
78.92,26.67,666.00,1.49,04-05-23-09-58-39-574
80.19,36.00,666.00,14.33,04-05-23-09-58-39-608
80.74,39.24,666.00,14.65,04-05-23-09-58-39-643
81.11,40.80,666.00,8.59,04-05-23-09-58-39-675
81.43,41.76,666.00,4.25,04-05-23-09-58-39-718
81.69,42.40,666.00,1.95,04-05-23-09-58-39-747
81.79,43.17,666.00,3.00,04-05-23-09-58-39-775
84.69,51.29,666.00,12.40,04-05-23-09-58-39-810
86.10,54.91,666.00,15.57,04-05-23-09-58-39-844
86.92,55.79,666.00,14.50,04-05-23-09-58-39-875
87.35,56.72,666.00,5.22,04-05-23-09-58-39-908
87.62,57.48,666.00,3.52,04-05-23-09-58-39-939
88.18,62.92,666.00,3.23,04-05-23-09-58-39-980
88.17,64.66,666.00,4.64,04-05-23-09-58-40-009
88.18,66.42,666.00,4.66,04-05-23-09-58-40-041
88.72,68.63,666.00,4.85,04-05-23-09-58-40-074
89.18,69.50,666.00,3.76,04-05-23-09-58-40-107
89.51,70.05,666.00,3.64,04-05-23-09-58-40-139
89.45,70.51,666.00,5.11,04-05-23-09-58-40-175
89.26,70.73,666.00,6.84,04-05-23-09-58-40-209
89.01,70.86,666.00,7.71,04-05-23-09-58-40-240
88.75,70.86,666.00,8.24,04-05-23-09-58-40-273
88.58,70.85,666.00,15.38,04-05-23-09-58-40-307
87.65,71.57,666.00,17.10,04-05-23-09-58-40-341
86.89,72.14,666.00,17.41,04-05-23-09-58-40-375
79.53,74.18,666.00,20.19,04-05-23-09-58-40-410
62.93,77.05,-13.91,33.08,04-05-23-09-58-40-443
56.21,77.60,-8.40,39.21,04-05-23-09-58-40-473
52.64,77.67,-6.15,42.57,04-05-23-09-58-40-512
50.24,77.59,-4.73,44.93,04-05-23-09-58-40-540
48.77,77.29,-3.83,46.29,04-05-23-09-58-40-573
48.20,76.66,-3.34,46.68,04-05-23-09-58-40-607
47.47,76.50,-2.64,46.88,04-05-23-09-58-40-640
47.01,76.94,-1.71,46.27,04-05-23-09-58-40-674
47.34,77.21,-1.10,45.23,04-05-23-09-58-40-708
48.01,76.98,-0.95,44.20,04-05-23-09-58-40-743
48.86,76.55,-1.07,43.20,04-05-23-09-58-40-775
49.70,76.06,-1.31,42.31,04-05-23-09-58-40-805
50.42,75.60,-1.58,41.61,04-05-23-09-58-40-842
50.53,75.66,-1.70,40.71,04-05-23-09-58-40-876
51.26,75.07,-2.16,40.07,04-05-23-09-58-40-910
57.30,73.89,-5.50,34.70,04-05-23-09-58-40-940
58.26,73.41,-6.29,33.90,04-05-23-09-58-40-977
58.82,72.96,-6.93,33.49,04-05-23-09-58-41-010
59.05,72.54,-7.39,33.40,04-05-23-09-58-41-041
58.99,72.14,-7.69,33.61,04-05-23-09-58-41-074
58.76,71.79,-7.85,33.97,04-05-23-09-58-41-107
58.28,71.41,-7.90,34.62,04-05-23-09-58-41-139
57.92,71.12,-7.91,35.09,04-05-23-09-58-41-170
58.60,70.52,-8.91,34.71,04-05-23-09-58-41-209
58.76,70.14,-9.15,35.05,04-05-23-09-58-41-240
75.93,70.64,666.00,20.28,04-05-23-09-58-41-275
83.30,70.79,666.00,16.14,04-05-23-09-58-41-307
100.62,69.55,666.00,12.98,04-05-23-09-58-41-344
99.33,69.28,666.00,13.66,04-05-23-09-58-41-374
91.97,68.96,666.00,14.51,04-05-23-09-58-41-407
88.27,68.71,666.00,16.92,04-05-23-09-58-41-442
91.62,66.09,666.00,17.46,04-05-23-09-58-41-471
94.32,64.13,666.00,12.63,04-05-23-09-58-41-507
86.57,59.28,666.00,20.03,04-05-23-09-58-41-540
83.15,57.12,666.00,23.57,04-05-23-09-58-41-575
81.90,55.67,666.00,10.97,04-05-23-09-58-41-608
81.20,54.68,666.00,10.40,04-05-23-09-58-41-642
80.81,53.48,666.00,11.63,04-05-23-09-58-41-673
80.63,50.39,666.00,9.75,04-05-23-09-58-41-711
81.91,45.58,666.00,5.81,04-05-23-09-58-41-740
82.99,43.31,666.00,6.25,04-05-23-09-58-41-774
83.70,41.57,666.00,6.02,04-05-23-09-58-41-806
84.31,40.20,666.00,5.93,04-05-23-09-58-41-842
84.76,38.57,666.00,4.94,04-05-23-09-58-41-877
83.93,31.00,666.00,14.88,04-05-23-09-58-41-908
83.93,28.70,666.00,18.42,04-05-23-09-58-41-942
84.04,27.48,666.00,7.59,04-05-23-09-58-41-974
84.18,26.78,666.00,4.55,04-05-23-09-58-42-008
84.28,26.33,666.00,7.04,04-05-23-09-58-42-040
84.42,25.76,666.00,12.67,04-05-23-09-58-42-078
84.53,25.20,666.00,15.67,04-05-23-09-58-42-106
84.56,24.67,666.00,17.48,04-05-23-09-58-42-142
84.58,23.92,666.00,18.03,04-05-23-09-58-42-172
84.62,23.05,666.00,17.24,04-05-23-09-58-42-210
84.60,22.04,666.00,15.94,04-05-23-09-58-42-244
84.54,20.94,666.00,14.34,04-05-23-09-58-42-272
84.42,19.76,666.00,12.93,04-05-23-09-58-42-310
84.22,18.51,666.00,17.56,04-05-23-09-58-42-338
83.58,16.80,666.00,16.33,04-05-23-09-58-42-376
83.04,15.64,666.00,15.49,04-05-23-09-58-42-408
82.61,14.88,666.00,14.59,04-05-23-09-58-42-440
82.25,14.33,666.00,13.87,04-05-23-09-58-42-476
81.91,13.94,666.00,13.30,04-05-23-09-58-42-508
81.59,13.76,666.00,12.83,04-05-23-09-58-42-543
81.37,13.64,666.00,12.42,04-05-23-09-58-42-575
81.16,13.69,666.00,12.02,04-05-23-09-58-42-609
80.98,13.79,666.00,11.71,04-05-23-09-58-42-644
80.87,13.85,666.00,11.42,04-05-23-09-58-42-676
80.80,13.91,666.00,11.16,04-05-23-09-58-42-710
80.72,14.04,666.00,10.97,04-05-23-09-58-42-739
80.67,14.16,666.00,11.28,04-05-23-09-58-42-772
80.61,14.30,666.00,11.38,04-05-23-09-58-42-810
80.55,14.45,666.00,11.42,04-05-23-09-58-42-841
80.49,14.60,666.00,11.44,04-05-23-09-58-42-877
80.47,14.69,666.00,11.42,04-05-23-09-58-42-909
80.52,14.73,666.00,11.40,04-05-23-09-58-42-941
80.57,14.76,666.00,11.33,04-05-23-09-58-42-973
80.54,14.79,666.00,11.20,04-05-23-09-58-43-008
80.53,14.82,666.00,11.02,04-05-23-09-58-43-041
80.53,14.84,666.00,10.82,04-05-23-09-58-43-073
80.58,14.80,666.00,10.03,04-05-23-09-58-43-107
80.54,14.84,666.00,9.64,04-05-23-09-58-43-141
80.46,14.91,666.00,9.35,04-05-23-09-58-43-175
80.36,14.99,666.00,9.11,04-05-23-09-58-43-212
80.22,15.07,666.00,8.86,04-05-23-09-58-43-239
80.07,15.14,666.00,8.59,04-05-23-09-58-43-273
79.88,15.19,666.00,8.30,04-05-23-09-58-43-310
79.66,15.26,666.00,8.04,04-05-23-09-58-43-346
79.51,15.31,666.00,7.80,04-05-23-09-58-43-375
79.35,15.37,666.00,7.59,04-05-23-09-58-43-408
79.19,15.44,666.00,7.38,04-05-23-09-58-43-443
79.03,15.53,666.00,7.20,04-05-23-09-58-43-475
78.94,15.61,666.00,6.93,04-05-23-09-58-43-509
78.87,15.69,666.00,6.69,04-05-23-09-58-43-541
78.81,15.80,666.00,6.41,04-05-23-09-58-43-574
78.78,15.95,666.00,6.00,04-05-23-09-58-43-609
78.76,16.16,666.00,5.51,04-05-23-09-58-43-641
78.74,16.48,666.00,5.20,04-05-23-09-58-43-675
78.78,17.04,666.00,5.10,04-05-23-09-58-43-708
78.94,17.87,666.00,1.65,04-05-23-09-58-43-742
79.23,19.07,666.00,2.79,04-05-23-09-58-43-773
79.75,20.83,666.00,2.33,04-05-23-09-58-43-809
80.69,23.35,666.00,6.52,04-05-23-09-58-43-842
81.95,26.43,666.00,3.90,04-05-23-09-58-43-872
83.17,29.28,666.00,5.97,04-05-23-09-58-43-910
83.99,31.30,666.00,9.64,04-05-23-09-58-43-940
85.89,35.69,666.00,10.17,04-05-23-09-58-43-972
87.23,38.61,666.00,10.02,04-05-23-09-58-44-008
88.63,42.58,666.00,3.71,04-05-23-09-58-44-040
89.92,45.49,666.00,5.33,04-05-23-09-58-44-076
91.67,53.20,666.00,7.93,04-05-23-09-58-44-110
92.28,55.93,666.00,12.37,04-05-23-09-58-44-140
92.67,58.25,666.00,13.65,04-05-23-09-58-44-174
92.59,59.21,666.00,10.08,04-05-23-09-58-44-207
92.23,60.00,666.00,1.71,04-05-23-09-58-44-241
91.58,61.79,666.00,4.62,04-05-23-09-58-44-275
90.88,63.03,666.00,5.78,04-05-23-09-58-44-308
89.98,64.48,666.00,8.67,04-05-23-09-58-44-339
89.05,65.64,666.00,8.64,04-05-23-09-58-44-374
88.42,68.92,666.00,7.74,04-05-23-09-58-44-407
88.11,70.25,666.00,8.55,04-05-23-09-58-44-440
87.74,75.43,666.00,5.24,04-05-23-09-58-44-474
88.53,78.39,666.00,6.74,04-05-23-09-58-44-509
88.70,79.93,666.00,7.72,04-05-23-09-58-44-542
91.37,79.12,666.00,6.26,04-05-23-09-58-44-573
93.97,77.07,666.00,5.06,04-05-23-09-58-44-612
94.03,77.25,666.00,5.46,04-05-23-09-58-44-640
93.74,77.23,666.00,5.56,04-05-23-09-58-44-673
93.60,76.89,666.00,5.50,04-05-23-09-58-44-707
93.27,76.44,666.00,5.32,04-05-23-09-58-44-741
93.23,75.72,666.00,4.93,04-05-23-09-58-44-777
99.91,68.39,666.00,9.08,04-05-23-09-58-44-809
100.59,66.92,666.00,10.04,04-05-23-09-58-44-844
98.65,68.07,666.00,6.23,04-05-23-09-58-44-874
96.53,69.61,666.00,3.46,04-05-23-09-58-44-908
96.71,69.63,666.00,3.74,04-05-23-09-58-44-941
91.60,73.99,666.00,8.41,04-05-23-09-58-44-976
90.80,74.52,666.00,9.14,04-05-23-09-58-45-008
95.43,71.71,666.00,5.04,04-05-23-09-58-45-039
98.59,69.29,666.00,6.87,04-05-23-09-58-45-072
106.63,63.36,666.00,17.00,04-05-23-09-58-45-109
103.43,64.93,666.00,11.18,04-05-23-09-58-45-141
102.12,64.50,666.00,10.52,04-05-23-09-58-45-171
101.41,64.18,666.00,10.25,04-05-23-09-58-45-209
101.36,63.76,666.00,10.46,04-05-23-09-58-45-244
99.88,64.72,666.00,9.03,04-05-23-09-58-45-274
98.36,64.75,666.00,7.83,04-05-23-09-58-45-312
96.98,64.59,666.00,6.82,04-05-23-09-58-45-341
97.89,63.72,666.00,8.12,04-05-23-09-58-45-374
98.89,62.90,666.00,9.41,04-05-23-09-58-45-405
96.97,63.60,666.00,7.41,04-05-23-09-58-45-441
101.24,62.67,666.00,11.44,04-05-23-09-58-45-479
102.63,60.93,-156.20,73.61,04-05-23-09-58-45-506
103.47,59.70,-160.49,90.41,04-05-23-09-58-45-541
104.06,59.05,-162.26,100.36,04-05-23-09-58-45-574
104.48,58.64,-163.26,105.29,04-05-23-09-58-45-609
91.71,56.95,-117.67,145.18,04-05-23-09-58-45-641
87.84,56.56,-98.01,166.06,04-05-23-09-58-45-677
85.36,56.05,-24.14,172.35,04-05-23-09-58-45-709
84.35,55.42,-7.74,171.49,04-05-23-09-58-45-741
82.53,51.15,7.29,168.01,04-05-23-09-58-45-774
82.40,47.72,666.00,18.54,04-05-23-09-58-45-808
83.97,42.89,666.00,12.54,04-05-23-09-58-45-841
85.28,40.19,666.00,5.13,04-05-23-09-58-45-873
86.31,38.58,666.00,4.94,04-05-23-09-58-45-910
87.04,37.51,666.00,1.83,04-05-23-09-58-45-942
87.63,36.55,666.00,3.19,04-05-23-09-58-45-974
88.54,29.97,666.00,3.64,04-05-23-09-58-46-010
88.96,27.34,666.00,3.02,04-05-23-09-58-46-039
89.20,25.21,666.00,3.43,04-05-23-09-58-46-074
89.30,23.53,666.00,7.43,04-05-23-09-58-46-108
89.22,21.68,666.00,7.23,04-05-23-09-58-46-141
89.04,20.13,666.00,11.60,04-05-23-09-58-46-176
88.96,19.36,666.00,12.64,04-05-23-09-58-46-208
88.89,18.95,666.00,13.54,04-05-23-09-58-46-240
88.40,18.21,666.00,12.18,04-05-23-09-58-46-274
87.76,17.88,666.00,10.52,04-05-23-09-58-46-309
87.18,17.46,666.00,10.10,04-05-23-09-58-46-341
86.63,16.94,666.00,9.27,04-05-23-09-58-46-375
86.20,16.62,666.00,12.48,04-05-23-09-58-46-409
85.83,16.28,666.00,12.99,04-05-23-09-58-46-439
85.52,16.01,666.00,12.98,04-05-23-09-58-46-476
85.26,15.65,666.00,13.71,04-05-23-09-58-46-509
85.05,15.38,666.00,13.96,04-05-23-09-58-46-540
84.87,15.13,666.00,13.80,04-05-23-09-58-46-573
84.72,14.92,666.00,13.45,04-05-23-09-58-46-610
84.61,14.84,666.00,13.27,04-05-23-09-58-46-642
84.54,14.78,666.00,12.90,04-05-23-09-58-46-675
84.45,14.72,666.00,12.47,04-05-23-09-58-46-711
84.39,14.73,666.00,12.12,04-05-23-09-58-46-743
84.31,14.77,666.00,11.75,04-05-23-09-58-46-775
84.26,14.82,666.00,11.52,04-05-23-09-58-46-806
84.20,14.91,666.00,11.44,04-05-23-09-58-46-840
84.15,15.02,666.00,11.59,04-05-23-09-58-46-873
84.10,15.13,666.00,11.84,04-05-23-09-58-46-906
84.06,15.23,666.00,12.07,04-05-23-09-58-46-961
84.01,15.32,666.00,12.27,04-05-23-09-58-46-979
83.97,15.39,666.00,12.42,04-05-23-09-58-47-009
83.94,15.45,666.00,12.53,04-05-23-09-58-47-044
83.90,15.52,666.00,12.62,04-05-23-09-58-47-076
83.87,15.57,666.00,12.69,04-05-23-09-58-47-108
83.85,15.62,666.00,12.73,04-05-23-09-58-47-139
83.83,15.65,666.00,12.75,04-05-23-09-58-47-175
83.81,15.67,666.00,12.76,04-05-23-09-58-47-208
83.80,15.68,666.00,12.75,04-05-23-09-58-47-240
83.79,15.68,666.00,12.74,04-05-23-09-58-47-274
83.75,15.69,666.00,12.72,04-05-23-09-58-47-309
83.72,15.70,666.00,12.68,04-05-23-09-58-47-341
83.69,15.70,666.00,10.03,04-05-23-09-58-47-374
83.64,15.70,666.00,7.97,04-05-23-09-58-47-409
83.64,15.76,666.00,6.63,04-05-23-09-58-47-440
83.69,15.97,666.00,5.97,04-05-23-09-58-47-474
83.74,16.33,666.00,5.35,04-05-23-09-58-47-507
83.85,16.99,666.00,4.07,04-05-23-09-58-47-543
84.39,18.84,666.00,4.78,04-05-23-09-58-47-575
85.20,21.23,666.00,3.53,04-05-23-09-58-47-606
85.93,23.32,666.00,2.83,04-05-23-09-58-47-638
86.65,25.36,666.00,2.38,04-05-23-09-58-47-675
88.37,34.22,666.00,7.08,04-05-23-09-58-47-707
88.96,36.92,666.00,7.75,04-05-23-09-58-47-738
89.42,37.93,666.00,2.94,04-05-23-09-58-47-775
89.76,39.03,666.00,5.98,04-05-23-09-58-47-810
90.13,40.30,666.00,7.22,04-05-23-09-58-47-839
90.78,46.16,666.00,2.15,04-05-23-09-58-47-874
91.02,49.67,666.00,6.88,04-05-23-09-58-47-907
91.29,52.09,666.00,3.17,04-05-23-09-58-47-940
91.57,54.83,666.00,2.45,04-05-23-09-58-47-971
91.81,56.35,666.00,3.20,04-05-23-09-58-48-009
91.71,57.76,666.00,2.37,04-05-23-09-58-48-040
91.56,62.90,666.00,4.17,04-05-23-09-58-48-074
91.19,65.23,666.00,6.64,04-05-23-09-58-48-107
90.86,66.66,666.00,6.03,04-05-23-09-58-48-141
90.18,68.09,666.00,5.43,04-05-23-09-58-48-176
89.53,69.00,666.00,1.09,04-05-23-09-58-48-207
89.06,69.52,666.00,2.17,04-05-23-09-58-48-241
88.81,69.80,666.00,2.82,04-05-23-09-58-48-273
88.64,70.02,666.00,3.31,04-05-23-09-58-48-312
88.54,70.16,666.00,3.66,04-05-23-09-58-48-339
88.46,70.24,666.00,3.87,04-05-23-09-58-48-372
88.40,70.28,666.00,4.00,04-05-23-09-58-48-407
83.11,71.25,666.00,9.85,04-05-23-09-58-48-438
63.03,74.47,18.67,30.18,04-05-23-09-58-48-474
56.09,74.55,20.13,37.34,04-05-23-09-58-48-509
81.20,78.57,666.00,12.42,04-05-23-09-58-48-540
82.41,79.85,666.00,18.04,04-05-23-09-58-48-574
91.34,80.28,666.00,14.56,04-05-23-09-58-48-606
94.14,80.44,666.00,15.42,04-05-23-09-58-48-640
94.68,80.66,666.00,15.94,04-05-23-09-58-48-673
96.10,80.22,666.00,15.77,04-05-23-09-58-48-708
97.87,79.58,666.00,15.73,04-05-23-09-58-48-742
98.76,79.08,666.00,15.66,04-05-23-09-58-48-774
99.89,78.22,666.00,15.39,04-05-23-09-58-48-808
101.28,76.98,666.00,15.02,04-05-23-09-58-48-842
102.38,75.87,666.00,14.75,04-05-23-09-58-48-877
102.07,75.19,666.00,13.87,04-05-23-09-58-48-908
102.44,74.39,666.00,13.44,04-05-23-09-58-48-945
102.70,73.64,666.00,13.05,04-05-23-09-58-48-975
103.13,73.00,666.00,12.92,04-05-23-09-58-49-007
103.53,72.42,666.00,12.84,04-05-23-09-58-49-041
102.17,72.38,666.00,11.80,04-05-23-09-58-49-071
100.71,72.43,666.00,10.89,04-05-23-09-58-49-109
99.42,72.86,666.00,10.55,04-05-23-09-58-49-139
97.37,73.47,666.00,10.54,04-05-23-09-58-49-173
97.12,73.53,666.00,10.62,04-05-23-09-58-49-207
96.04,73.91,666.00,10.86,04-05-23-09-58-49-240
96.22,74.14,666.00,11.17,04-05-23-09-58-49-274
96.22,76.17,666.00,13.16,04-05-23-09-58-49-308
96.24,76.76,666.00,13.79,04-05-23-09-58-49-341
96.35,77.03,666.00,14.15,04-05-23-09-58-49-373
94.39,74.16,666.00,9.14,04-05-23-09-58-49-410
93.70,73.13,666.00,8.56,04-05-23-09-58-49-439
91.85,70.89,666.00,6.80,04-05-23-09-58-49-474
91.61,69.53,666.00,4.05,04-05-23-09-58-49-507
91.81,68.30,666.00,1.53,04-05-23-09-58-49-541
88.85,59.83,666.00,10.52,04-05-23-09-58-49-576
87.77,56.50,666.00,16.20,04-05-23-09-58-49-609
87.53,54.73,666.00,19.77,04-05-23-09-58-49-642
87.47,53.51,666.00,22.59,04-05-23-09-58-49-674
88.40,52.06,666.00,10.22,04-05-23-09-58-49-705
90.04,49.01,666.00,4.72,04-05-23-09-58-49-740
91.27,46.26,666.00,9.20,04-05-23-09-58-49-774
92.23,43.00,666.00,14.69,04-05-23-09-58-49-806
92.72,39.98,666.00,9.34,04-05-23-09-58-49-840
92.87,38.31,666.00,10.44,04-05-23-09-58-49-875
92.93,33.71,666.00,5.12,04-05-23-09-58-49-909
92.89,30.73,666.00,4.64,04-05-23-09-58-49-940
92.75,28.20,666.00,5.02,04-05-23-09-58-49-973
92.59,25.97,666.00,7.45,04-05-23-09-58-50-012
92.38,24.22,666.00,9.89,04-05-23-09-58-50-041
92.10,22.33,666.00,10.04,04-05-23-09-58-50-074
91.74,20.45,666.00,10.75,04-05-23-09-58-50-111
91.40,18.90,666.00,9.83,04-05-23-09-58-50-142
90.99,17.23,666.00,10.70,04-05-23-09-58-50-173
90.60,15.86,666.00,12.19,04-05-23-09-58-50-207
90.25,14.67,666.00,12.21,04-05-23-09-58-50-239
89.76,13.08,666.00,10.87,04-05-23-09-58-50-274
89.31,12.00,666.00,10.52,04-05-23-09-58-50-309
88.92,10.93,666.00,9.57,04-05-23-09-58-50-340
88.60,10.18,666.00,9.86,04-05-23-09-58-50-373
88.21,9.32,666.00,9.03,04-05-23-09-58-50-406
87.74,8.44,666.00,8.25,04-05-23-09-58-50-440
87.29,8.12,666.00,8.09,04-05-23-09-58-50-473
86.83,7.80,666.00,12.62,04-05-23-09-58-50-506
86.49,7.51,666.00,14.53,04-05-23-09-58-50-540
86.20,7.45,666.00,15.37,04-05-23-09-58-50-576
85.98,7.43,666.00,15.72,04-05-23-09-58-50-609
85.76,7.52,666.00,15.73,04-05-23-09-58-50-639
85.57,7.62,666.00,15.63,04-05-23-09-58-50-673
85.34,7.94,666.00,15.52,04-05-23-09-58-50-707
85.22,8.11,666.00,15.25,04-05-23-09-58-50-739
85.12,8.22,666.00,15.07,04-05-23-09-58-50-773
85.06,8.34,666.00,14.95,04-05-23-09-58-50-810
84.90,8.72,666.00,14.95,04-05-23-09-58-50-843
84.76,9.08,666.00,14.94,04-05-23-09-58-50-873
84.62,9.41,666.00,14.93,04-05-23-09-58-50-909
84.49,9.74,666.00,14.93,04-05-23-09-58-50-941
84.49,9.87,666.00,14.89,04-05-23-09-58-50-972
84.49,10.00,666.00,14.84,04-05-23-09-58-51-007
84.52,10.08,666.00,14.80,04-05-23-09-58-51-041
84.40,10.38,666.00,14.83,04-05-23-09-58-51-075
84.19,10.84,666.00,14.91,04-05-23-09-58-51-107
83.96,11.28,666.00,12.74,04-05-23-09-58-51-143
83.76,11.66,666.00,11.89,04-05-23-09-58-51-175
83.60,11.95,666.00,11.42,04-05-23-09-58-51-208
83.54,12.10,666.00,11.15,04-05-23-09-58-51-239
83.50,12.22,666.00,11.32,04-05-23-09-58-51-276
83.50,12.30,666.00,11.24,04-05-23-09-58-51-309
83.57,12.33,666.00,7.35,04-05-23-09-58-51-340
83.66,12.39,666.00,5.69,04-05-23-09-58-51-375
83.76,12.66,666.00,5.26,04-05-23-09-58-51-408
83.84,13.25,666.00,4.91,04-05-23-09-58-51-441
83.95,14.28,666.00,4.47,04-05-23-09-58-51-473
84.07,15.72,666.00,3.94,04-05-23-09-58-51-506
84.31,17.62,666.00,3.22,04-05-23-09-58-51-541
84.59,19.81,666.00,6.57,04-05-23-09-58-51-574
84.91,23.35,666.00,7.96,04-05-23-09-58-51-613
85.10,26.03,666.00,7.14,04-05-23-09-58-51-639
85.21,28.41,666.00,11.36,04-05-23-09-58-51-675
85.26,30.78,666.00,10.96,04-05-23-09-58-51-706
85.67,39.71,666.00,4.48,04-05-23-09-58-51-740
85.87,43.51,666.00,6.73,04-05-23-09-58-51-773
86.03,45.71,666.00,8.16,04-05-23-09-58-51-806
86.27,48.36,666.00,8.93,04-05-23-09-58-51-841
86.40,50.35,666.00,3.37,04-05-23-09-58-51-873
86.45,51.78,666.00,2.62,04-05-23-09-58-51-906
86.39,53.40,666.00,3.80,04-05-23-09-58-51-939
86.33,55.03,666.00,11.47,04-05-23-09-58-51-975
86.22,57.77,666.00,12.01,04-05-23-09-58-52-007
86.03,60.10,666.00,10.88,04-05-23-09-58-52-042
87.24,64.43,666.00,6.17,04-05-23-09-58-52-075
87.69,66.20,666.00,6.57,04-05-23-09-58-52-109
87.90,67.36,666.00,6.07,04-05-23-09-58-52-149
87.98,68.28,666.00,5.56,04-05-23-09-58-52-173
88.00,68.89,666.00,5.27,04-05-23-09-58-52-208
88.01,69.39,666.00,4.96,04-05-23-09-58-52-239
88.01,69.70,666.00,4.69,04-05-23-09-58-52-273
87.93,69.81,666.00,4.56,04-05-23-09-58-52-315
79.93,72.65,666.00,11.28,04-05-23-09-58-52-341
62.51,77.82,666.00,29.67,04-05-23-09-58-52-374
56.52,79.44,20.33,36.09,04-05-23-09-58-52-407
52.59,79.83,20.87,39.82,04-05-23-09-58-52-441
50.45,80.07,21.35,42.14,04-05-23-09-58-52-473
50.49,79.05,21.11,42.38,04-05-23-09-58-52-509
50.46,78.13,20.90,42.49,04-05-23-09-58-52-541
50.25,78.83,21.15,42.03,04-05-23-09-58-52-578
50.53,78.39,21.26,41.48,04-05-23-09-58-52-607
50.74,77.97,21.38,40.84,04-05-23-09-58-52-639
50.48,75.96,20.40,41.07,04-05-23-09-58-52-674
53.92,74.25,19.41,38.09,04-05-23-09-58-52-708
55.98,73.23,18.75,36.26,04-05-23-09-58-52-742
57.54,72.48,18.27,34.82,04-05-23-09-58-52-773
60.70,71.55,17.33,31.68,04-05-23-09-58-52-808
60.89,70.50,16.35,31.48,04-05-23-09-58-52-840
61.48,70.13,16.10,30.96,04-05-23-09-58-52-879
61.88,69.81,15.91,30.61,04-05-23-09-58-52-907
63.71,69.59,666.00,28.55,04-05-23-09-58-52-939
65.06,69.46,666.00,26.98,04-05-23-09-58-52-974
66.26,69.20,666.00,25.59,04-05-23-09-58-53-007
66.48,69.23,666.00,25.34,04-05-23-09-58-53-041
66.41,69.40,666.00,25.41,04-05-23-09-58-53-073
66.14,69.63,666.00,25.72,04-05-23-09-58-53-109
65.30,69.90,666.00,26.62,04-05-23-09-58-53-140
62.67,71.31,666.00,28.58,04-05-23-09-58-53-172
59.61,71.99,20.69,30.04,04-05-23-09-58-53-208
56.88,71.60,20.38,32.43,04-05-23-09-58-53-242
53.86,69.53,18.73,35.75,04-05-23-09-58-53-271
51.77,67.86,17.78,38.22,04-05-23-09-58-53-310
51.14,67.54,17.55,38.64,04-05-23-09-58-53-340
50.90,66.88,17.27,39.33,04-05-23-09-58-53-374
51.20,66.35,16.88,39.55,04-05-23-09-58-53-409
51.89,65.99,16.46,39.33,04-05-23-09-58-53-442
75.78,66.98,666.00,12.39,04-05-23-09-58-53-473
82.92,68.77,666.00,10.30,04-05-23-09-58-53-505
88.06,69.70,666.00,6.52,04-05-23-09-58-53-543
91.94,61.34,666.00,4.42,04-05-23-09-58-53-574
92.82,57.51,666.00,9.05,04-05-23-09-58-53-608
93.35,55.59,666.00,3.45,04-05-23-09-58-53-643
93.35,54.09,666.00,8.39,04-05-23-09-58-53-674
91.60,47.87,666.00,4.80,04-05-23-09-58-53-708
90.93,44.56,666.00,5.09,04-05-23-09-58-53-743
89.83,41.43,666.00,6.67,04-05-23-09-58-53-774
89.34,39.86,666.00,6.54,04-05-23-09-58-53-809
88.28,36.11,666.00,1.84,04-05-23-09-58-53-843
87.77,33.40,666.00,0.36,04-05-23-09-58-53-876
87.45,28.94,666.00,5.41,04-05-23-09-58-53-908
87.36,26.64,666.00,4.78,04-05-23-09-58-53-940
87.35,25.05,666.00,2.80,04-05-23-09-58-53-975
87.38,23.96,666.00,5.05,04-05-23-09-58-54-007
87.37,23.42,666.00,9.19,04-05-23-09-58-54-041
87.40,23.07,666.00,13.77,04-05-23-09-58-54-075
87.61,21.63,666.00,14.46,04-05-23-09-58-54-110
87.70,19.51,666.00,14.34,04-05-23-09-58-54-141
87.64,17.71,666.00,13.01,04-05-23-09-58-54-177
87.53,15.91,666.00,10.91,04-05-23-09-58-54-209
87.19,13.77,666.00,9.59,04-05-23-09-58-54-243
86.86,12.12,666.00,9.08,04-05-23-09-58-54-274
86.54,10.76,666.00,8.60,04-05-23-09-58-54-310
86.28,9.81,666.00,10.30,04-05-23-09-58-54-341
86.03,9.04,666.00,11.54,04-05-23-09-58-54-374
85.69,8.30,666.00,12.78,04-05-23-09-58-54-410
84.76,8.26,666.00,12.30,04-05-23-09-58-54-441
84.10,7.85,666.00,11.34,04-05-23-09-58-54-475
83.40,7.31,666.00,9.86,04-05-23-09-58-54-508
82.85,6.98,666.00,11.17,04-05-23-09-58-54-541
82.06,7.62,666.00,11.27,04-05-23-09-58-54-574
81.34,8.44,666.00,11.89,04-05-23-09-58-54-607
80.88,8.88,666.00,11.73,04-05-23-09-58-54-642
79.92,10.17,666.00,11.90,04-05-23-09-58-54-675
79.55,10.78,666.00,11.73,04-05-23-09-58-54-707
79.28,11.28,666.00,11.55,04-05-23-09-58-54-742
79.08,11.69,666.00,11.34,04-05-23-09-58-54-773
79.08,11.93,666.00,11.10,04-05-23-09-58-54-808
79.15,12.09,666.00,10.92,04-05-23-09-58-54-840
79.29,12.17,666.00,10.74,04-05-23-09-58-54-875
79.38,12.24,666.00,10.53,04-05-23-09-58-54-912
79.44,12.32,666.00,10.37,04-05-23-09-58-54-939
80.08,11.72,666.00,8.11,04-05-23-09-58-54-975
80.52,11.32,666.00,7.06,04-05-23-09-58-55-010
80.82,11.05,666.00,6.48,04-05-23-09-58-55-039
81.03,10.87,666.00,6.01,04-05-23-09-58-55-073
81.19,10.75,666.00,5.68,04-05-23-09-58-55-109
81.25,10.74,666.00,5.44,04-05-23-09-58-55-143
81.34,10.68,666.00,5.24,04-05-23-09-58-55-175
81.41,10.65,666.00,4.95,04-05-23-09-58-55-212
81.43,10.70,666.00,4.67,04-05-23-09-58-55-242
81.44,10.83,666.00,4.19,04-05-23-09-58-55-279
81.45,11.06,666.00,3.74,04-05-23-09-58-55-310
81.46,11.46,666.00,3.67,04-05-23-09-58-55-342
81.50,11.98,666.00,3.57,04-05-23-09-58-55-375
81.64,13.08,666.00,4.69,04-05-23-09-58-55-407
82.17,14.93,666.00,6.73,04-05-23-09-58-55-442
82.89,17.27,666.00,5.33,04-05-23-09-58-55-477
83.85,20.24,666.00,6.12,04-05-23-09-58-55-505
84.68,22.60,666.00,6.39,04-05-23-09-58-55-542
86.31,27.09,666.00,3.09,04-05-23-09-58-55-574
89.24,33.85,666.00,3.53,04-05-23-09-58-55-608
90.34,36.31,666.00,8.53,04-05-23-09-58-55-640
90.91,38.22,666.00,9.95,04-05-23-09-58-55-674
91.47,41.25,666.00,6.85,04-05-23-09-58-55-708
91.86,46.25,666.00,4.15,04-05-23-09-58-55-743
92.03,49.35,666.00,4.33,04-05-23-09-58-55-774
92.03,52.66,666.00,6.66,04-05-23-09-58-55-808
91.95,55.14,666.00,7.42,04-05-23-09-58-55-842
91.82,56.59,666.00,2.05,04-05-23-09-58-55-871
91.72,57.64,666.00,6.01,04-05-23-09-58-55-909
91.59,58.81,666.00,10.24,04-05-23-09-58-55-942
91.47,60.26,666.00,9.47,04-05-23-09-58-55-972
90.82,62.37,666.00,12.85,04-05-23-09-58-56-009
90.29,63.84,666.00,12.47,04-05-23-09-58-56-041
89.98,64.83,666.00,11.84,04-05-23-09-58-56-075
89.86,65.26,666.00,11.76,04-05-23-09-58-56-112
89.84,65.60,666.00,11.39,04-05-23-09-58-56-140
89.87,65.86,666.00,10.90,04-05-23-09-58-56-176
89.95,66.02,666.00,10.35,04-05-23-09-58-56-212
90.09,66.23,666.00,9.63,04-05-23-09-58-56-240
90.32,66.33,666.00,8.91,04-05-23-09-58-56-275
86.92,67.48,666.00,10.20,04-05-23-09-58-56-308
65.13,70.84,13.14,31.79,04-05-23-09-58-56-338
54.74,72.73,18.87,42.61,04-05-23-09-58-56-375
50.93,73.42,20.73,46.66,04-05-23-09-58-56-405
48.91,73.49,21.53,48.67,04-05-23-09-58-56-441
47.78,73.58,22.06,49.82,04-05-23-09-58-56-474
47.89,73.37,22.06,49.62,04-05-23-09-58-56-507
48.50,72.95,21.76,48.87,04-05-23-09-58-56-542
49.25,72.40,21.32,47.97,04-05-23-09-58-56-577
52.61,71.48,20.06,44.40,04-05-23-09-58-56-607
53.89,70.80,19.30,42.99,04-05-23-09-58-56-643
54.59,70.40,18.93,42.24,04-05-23-09-58-56-673
55.14,70.03,18.59,41.64,04-05-23-09-58-56-709
82.20,71.26,666.00,11.68,04-05-23-09-58-56-742
93.43,71.81,666.00,6.86,04-05-23-09-58-56-776
100.78,71.85,666.00,8.49,04-05-23-09-58-56-808
104.48,71.87,666.00,11.54,04-05-23-09-58-56-841
106.44,71.84,666.00,13.09,04-05-23-09-58-56-875
101.47,71.39,666.00,5.89,04-05-23-09-58-56-910
98.06,71.07,666.00,6.22,04-05-23-09-58-56-943
96.83,70.87,666.00,6.46,04-05-23-09-58-56-974
95.93,70.76,666.00,6.57,04-05-23-09-58-57-009
95.32,70.54,666.00,6.74,04-05-23-09-58-57-039
94.90,70.30,666.00,6.78,04-05-23-09-58-57-077
95.15,69.92,666.00,6.13,04-05-23-09-58-57-109
96.02,69.31,666.00,4.87,04-05-23-09-58-57-140
96.18,68.98,666.00,4.50,04-05-23-09-58-57-176
96.32,68.71,666.00,4.21,04-05-23-09-58-57-212
84.28,64.12,666.00,14.12,04-05-23-09-58-57-242
85.81,60.78,666.00,12.43,04-05-23-09-58-57-272
87.22,58.87,666.00,11.37,04-05-23-09-58-57-308
88.33,57.74,666.00,10.67,04-05-23-09-58-57-342
88.43,57.18,666.00,10.79,04-05-23-09-58-57-375
82.28,59.78,666.00,16.87,04-05-23-09-58-57-408
78.59,61.47,666.00,17.96,04-05-23-09-58-57-440
76.88,62.28,666.00,18.41,04-05-23-09-58-57-476
75.75,62.90,666.00,18.82,04-05-23-09-58-57-510
75.02,63.29,666.00,19.32,04-05-23-09-58-57-545
74.52,63.56,666.00,19.76,04-05-23-09-58-57-572
74.16,63.69,666.00,20.11,04-05-23-09-58-57-610
73.87,63.67,666.00,20.35,04-05-23-09-58-57-645
73.38,63.37,666.00,15.97,04-05-23-09-58-57-674
72.47,62.67,666.00,12.65,04-05-23-09-58-57-710
71.67,62.14,666.00,10.41,04-05-23-09-58-57-740
71.00,61.62,666.00,8.44,04-05-23-09-58-57-774
69.78,60.20,666.00,2.70,04-05-23-09-58-57-809
67.88,58.28,666.00,3.44,04-05-23-09-58-57-840
65.62,56.49,666.00,9.50,04-05-23-09-58-57-874
62.11,54.45,666.00,8.15,04-05-23-09-58-57-909
58.86,53.17,666.00,9.07,04-05-23-09-58-57-941
56.06,52.20,666.00,12.94,04-05-23-09-58-57-975
52.08,50.50,666.00,11.24,04-05-23-09-58-58-008
42.64,44.49,666.00,4.03,04-05-23-09-58-58-042
39.17,41.88,666.00,5.78,04-05-23-09-58-58-071
36.15,39.24,666.00,4.42,04-05-23-09-58-58-108
33.44,36.28,666.00,5.58,04-05-23-09-58-58-141
30.88,33.33,666.00,7.48,04-05-23-09-58-58-174
28.23,30.02,666.00,8.11,04-05-23-09-58-58-205
25.57,26.28,666.00,11.00,04-05-23-09-58-58-242
24.21,24.14,666.00,11.18,04-05-23-09-58-58-276
23.27,23.06,666.00,11.42,04-05-23-09-58-58-308
22.58,22.43,666.00,10.85,04-05-23-09-58-58-343
22.13,21.95,666.00,9.71,04-05-23-09-58-58-375
21.73,21.33,666.00,9.50,04-05-23-09-58-58-416
21.49,21.00,666.00,8.83,04-05-23-09-58-58-440
20.61,18.98,666.00,10.00,04-05-23-09-58-58-475
19.72,16.95,666.00,10.83,04-05-23-09-58-58-509
19.00,15.69,666.00,11.36,04-05-23-09-58-58-541
18.23,14.42,666.00,11.70,04-05-23-09-58-58-574
17.28,12.55,666.00,12.27,04-05-23-09-58-58-608
