9.13,-8.39,666.00,17.83,22-05-23-08-36-22-604
9.14,-8.44,666.00,17.84,22-05-23-08-36-22-612
9.15,-8.50,666.00,17.85,22-05-23-08-36-22-648
9.16,-8.56,666.00,17.86,22-05-23-08-36-22-680
9.16,-8.63,666.00,17.86,22-05-23-08-36-22-716
9.17,-8.72,666.00,17.86,22-05-23-08-36-22-744
9.18,-8.81,666.00,17.87,22-05-23-08-36-22-780
9.20,-8.90,666.00,17.87,22-05-23-08-36-22-815
9.21,-9.03,666.00,17.86,22-05-23-08-36-22-846
9.23,-9.15,666.00,17.85,22-05-23-08-36-22-881
9.24,-9.30,666.00,17.85,22-05-23-08-36-22-916
9.26,-9.44,666.00,17.84,22-05-23-08-36-22-946
9.28,-9.56,666.00,17.83,22-05-23-08-36-22-981
9.30,-9.67,666.00,17.82,22-05-23-08-36-23-013
9.33,-9.68,666.00,17.78,22-05-23-08-36-23-045
9.34,-9.65,666.00,17.76,22-05-23-08-36-23-077
9.36,-9.42,666.00,17.90,22-05-23-08-36-23-116
9.38,-8.82,666.00,18.14,22-05-23-08-36-23-146
9.40,-7.48,666.00,18.38,22-05-23-08-36-23-176
9.43,-4.35,666.00,18.81,22-05-23-08-36-23-217
9.60,0.50,666.00,20.36,22-05-23-08-36-23-248
9.91,6.51,666.00,23.79,22-05-23-08-36-23-280
10.46,13.85,666.00,29.22,22-05-23-08-36-23-317
11.22,20.49,-3.25,34.29,22-05-23-08-36-23-346
12.25,27.35,-4.34,35.98,22-05-23-08-36-23-380
13.32,33.01,-4.75,39.36,22-05-23-08-36-23-414
14.47,38.76,-5.27,46.23,22-05-23-08-36-23-449
15.45,43.58,-5.50,48.99,22-05-23-08-36-23-480
16.28,47.49,-3.16,49.55,22-05-23-08-36-23-512
16.94,50.67,-4.72,56.51,22-05-23-08-36-23-547
18.51,56.50,-2.06,55.75,22-05-23-08-36-23-580
20.01,61.23,-0.12,54.01,22-05-23-08-36-23-617
20.93,64.20,1.80,51.80,22-05-23-08-36-23-647
17.18,83.84,24.88,78.81,22-05-23-08-36-23-679
18.84,79.25,33.27,103.00,22-05-23-08-36-23-713
22.22,71.63,-9.43,70.12,22-05-23-08-36-23-746
24.28,62.78,-13.62,76.13,22-05-23-08-36-23-781
25.43,57.46,-21.21,74.37,22-05-23-08-36-23-813
24.04,63.22,-26.62,64.82,22-05-23-08-36-23-849
23.46,67.24,-27.44,61.33,22-05-23-08-36-23-879
21.31,78.03,-23.38,58.91,22-05-23-08-36-23-916
20.84,81.64,-22.50,57.32,22-05-23-08-36-23-946
20.56,84.07,-21.55,56.23,22-05-23-08-36-23-980
20.03,87.33,-19.78,55.84,22-05-23-08-36-24-017
19.73,89.34,-18.43,55.66,22-05-23-08-36-24-046
19.67,88.89,-16.95,56.18,22-05-23-08-36-24-080
19.89,83.39,8.63,71.65,22-05-23-08-36-24-112
19.36,80.29,19.73,80.81,22-05-23-08-36-24-145
19.02,77.96,32.80,88.21,22-05-23-08-36-24-182
18.75,76.10,37.62,89.14,22-05-23-08-36-24-215
18.74,73.65,39.52,88.70,22-05-23-08-36-24-247
18.78,70.97,46.78,89.91,22-05-23-08-36-24-280
18.93,68.46,49.35,88.31,22-05-23-08-36-24-312
19.52,64.65,53.02,85.75,22-05-23-08-36-24-348
20.12,61.34,57.92,83.90,22-05-23-08-36-24-379
20.68,58.37,62.14,82.48,22-05-23-08-36-24-415
21.16,55.17,68.18,81.64,22-05-23-08-36-24-445
21.64,52.34,74.72,81.52,22-05-23-08-36-24-480
26.16,34.20,77.20,72.06,22-05-23-08-36-24-513
28.63,28.31,80.24,68.22,22-05-23-08-36-24-546
29.92,25.53,84.20,66.57,22-05-23-08-36-24-580
30.71,23.79,88.05,65.65,22-05-23-08-36-24-615
30.49,22.27,90.03,65.51,22-05-23-08-36-24-646
29.79,20.95,91.85,65.95,22-05-23-08-36-24-680
28.73,19.83,93.69,66.85,22-05-23-08-36-24-715
28.05,18.52,94.93,67.41,22-05-23-08-36-24-747
27.53,17.42,95.64,67.76,22-05-23-08-36-24-779
27.91,13.58,95.20,66.87,22-05-23-08-36-24-814
28.03,11.73,95.02,66.52,22-05-23-08-36-24-848
28.07,10.69,94.60,66.29,22-05-23-08-36-24-879
28.12,10.03,92.35,65.61,22-05-23-08-36-24-913
28.15,9.62,87.36,64.42,22-05-23-08-36-24-946
24.19,17.72,82.50,67.55,22-05-23-08-36-24-978
23.61,20.89,76.47,67.42,22-05-23-08-36-25-015
23.33,23.64,70.02,67.12,22-05-23-08-36-25-050
23.35,26.45,61.79,66.86,22-05-23-08-36-25-079
21.64,36.90,59.79,70.43,22-05-23-08-36-25-114
20.92,42.75,54.29,72.31,22-05-23-08-36-25-148
20.58,47.95,48.56,73.86,22-05-23-08-36-25-178
20.44,51.47,43.43,74.71,22-05-23-08-36-25-215
20.37,53.73,35.33,75.46,22-05-23-08-36-25-246
19.87,56.53,30.75,76.52,22-05-23-08-36-25-279
19.48,58.78,24.01,77.00,22-05-23-08-36-25-316
20.04,60.91,14.36,77.77,22-05-23-08-36-25-345
20.43,62.31,11.32,77.74,22-05-23-08-36-25-379
20.57,63.03,9.36,77.84,22-05-23-08-36-25-415
20.51,59.22,9.39,88.10,22-05-23-08-36-25-445
20.48,55.24,9.32,91.58,22-05-23-08-36-25-477
20.25,55.21,4.30,86.74,22-05-23-08-36-25-512
21.01,55.65,-23.26,80.38,22-05-23-08-36-25-547
22.14,57.26,-39.53,79.40,22-05-23-08-36-25-580
22.57,57.79,-47.55,79.45,22-05-23-08-36-25-611
22.82,57.80,-51.89,80.43,22-05-23-08-36-25-648
23.02,58.10,-54.55,81.16,22-05-23-08-36-25-679
23.09,58.25,-58.77,82.65,22-05-23-08-36-25-713
24.09,61.97,-62.87,82.91,22-05-23-08-36-25-746
24.59,64.11,-66.45,83.79,22-05-23-08-36-25-782
24.77,64.51,-68.30,84.58,22-05-23-08-36-25-814
24.69,64.92,-69.62,85.64,22-05-23-08-36-25-847
24.47,65.14,-70.49,85.81,22-05-23-08-36-25-882
24.22,65.42,-70.27,84.57,22-05-23-08-36-25-913
24.05,65.62,-69.94,83.42,22-05-23-08-36-25-950
23.89,65.85,-69.37,85.40,22-05-23-08-36-25-978
23.75,65.98,-68.64,86.07,22-05-23-08-36-26-014
23.63,66.05,-67.81,86.15,22-05-23-08-36-26-049
23.63,66.03,-66.09,85.78,22-05-23-08-36-26-080
23.91,67.29,-61.47,84.20,22-05-23-08-36-26-114
25.66,81.11,-59.39,81.39,22-05-23-08-36-26-148
26.09,82.49,-56.73,79.17,22-05-23-08-36-26-180
26.63,84.09,-49.86,77.82,22-05-23-08-36-26-213
26.88,84.90,-44.36,76.85,22-05-23-08-36-26-246
21.57,82.84,-32.99,78.22,22-05-23-08-36-26-280
20.57,76.68,-26.68,78.16,22-05-23-08-36-26-313
20.63,70.94,-18.87,77.17,22-05-23-08-36-26-347
16.26,51.11,-17.36,87.11,22-05-23-08-36-26-378
16.24,37.71,-17.17,93.36,22-05-23-08-36-26-415
15.27,32.74,-17.79,97.06,22-05-23-08-36-26-446
14.73,30.13,-18.52,98.56,22-05-23-08-36-26-480
14.36,30.97,3.34,91.82,22-05-23-08-36-26-512
11.21,46.54,25.51,88.91,22-05-23-08-36-26-549
10.71,53.81,39.97,86.69,22-05-23-08-36-26-580
10.89,57.59,45.97,86.43,22-05-23-08-36-26-615
12.42,57.71,50.78,85.90,22-05-23-08-36-26-645
14.65,55.34,55.92,85.29,22-05-23-08-36-26-680
16.23,53.37,60.57,85.40,22-05-23-08-36-26-713
17.36,51.96,63.44,85.13,22-05-23-08-36-26-747
18.33,51.19,67.90,85.51,22-05-23-08-36-26-781
19.06,50.38,71.81,85.99,22-05-23-08-36-26-814
20.34,44.25,75.77,82.82,22-05-23-08-36-26-849
21.56,38.94,80.51,79.48,22-05-23-08-36-26-879
22.41,35.41,84.57,77.46,22-05-23-08-36-26-912
23.07,32.47,89.44,77.29,22-05-23-08-36-26-947
23.50,30.47,92.95,76.32,22-05-23-08-36-26-978
23.76,29.06,94.51,76.18,22-05-23-08-36-27-015
23.86,27.97,94.89,75.81,22-05-23-08-36-27-049
23.85,26.85,94.84,75.42,22-05-23-08-36-27-078
23.80,26.06,94.49,75.12,22-05-23-08-36-27-114
23.71,25.37,93.92,74.87,22-05-23-08-36-27-145
23.60,24.82,93.12,74.65,22-05-23-08-36-27-180
23.54,24.34,92.14,74.38,22-05-23-08-36-27-216
23.47,24.09,90.44,73.86,22-05-23-08-36-27-246
23.42,23.98,87.26,72.89,22-05-23-08-36-27-280
23.36,23.96,81.99,71.28,22-05-23-08-36-27-315
23.00,24.84,75.59,70.58,22-05-23-08-36-27-347
22.69,25.83,69.38,70.49,22-05-23-08-36-27-382
22.47,26.99,61.28,70.35,22-05-23-08-36-27-413
21.25,40.18,61.87,74.21,22-05-23-08-36-27-446
21.15,47.88,60.27,76.48,22-05-23-08-36-27-480
21.30,52.60,57.44,77.73,22-05-23-08-36-27-516
20.07,58.77,54.68,80.28,22-05-23-08-36-27-547
19.37,62.02,46.48,80.97,22-05-23-08-36-27-579
18.90,63.99,41.49,81.59,22-05-23-08-36-27-612
18.60,65.17,35.94,81.73,22-05-23-08-36-27-647
18.05,65.75,27.42,81.87,22-05-23-08-36-27-679
19.51,64.60,15.25,81.81,22-05-23-08-36-27-713
16.52,54.74,3.03,82.33,22-05-23-08-36-27-748
17.06,32.17,-5.11,89.03,22-05-23-08-36-27-781
17.78,26.76,-8.04,90.74,22-05-23-08-36-27-812
17.80,29.05,-9.29,88.37,22-05-23-08-36-27-848
17.64,35.27,-10.18,86.59,22-05-23-08-36-27-878
18.65,45.29,-24.95,83.57,22-05-23-08-36-27-911
19.99,49.82,-35.53,82.88,22-05-23-08-36-27-948
21.08,52.33,-42.56,84.01,22-05-23-08-36-27-979
21.73,53.23,-45.95,84.69,22-05-23-08-36-28-014
22.24,53.49,-49.43,86.08,22-05-23-08-36-28-049
22.87,54.18,-51.93,87.03,22-05-23-08-36-28-079
24.75,58.25,-55.80,87.24,22-05-23-08-36-28-119
25.76,60.27,-59.61,88.44,22-05-23-08-36-28-146
25.96,61.65,-64.32,90.78,22-05-23-08-36-28-180
25.91,62.68,-67.35,92.13,22-05-23-08-36-28-215
25.70,63.48,-68.81,92.59,22-05-23-08-36-28-247
25.30,63.98,-69.66,92.88,22-05-23-08-36-28-282
24.90,64.33,-70.09,92.96,22-05-23-08-36-28-318
24.46,64.56,-69.85,91.15,22-05-23-08-36-28-346
24.08,64.63,-69.67,90.31,22-05-23-08-36-28-380
23.74,64.59,-69.37,89.57,22-05-23-08-36-28-418
23.52,64.48,-69.03,88.93,22-05-23-08-36-28-445
23.34,64.36,-68.18,88.07,22-05-23-08-36-28-478
23.20,64.21,-65.35,87.34,22-05-23-08-36-28-513
23.09,64.15,-63.38,86.89,22-05-23-08-36-28-548
22.95,64.03,-61.41,86.37,22-05-23-08-36-28-581
22.86,63.95,-59.19,85.83,22-05-23-08-36-28-617
22.82,64.01,-54.89,84.78,22-05-23-08-36-28-646
22.64,63.60,-51.27,84.40,22-05-23-08-36-28-679
22.33,62.97,-44.84,83.79,22-05-23-08-36-28-716
21.95,60.11,-39.95,84.28,22-05-23-08-36-28-746
21.87,58.83,-34.21,83.69,22-05-23-08-36-28-778
21.97,57.85,-29.67,82.83,22-05-23-08-36-28-814
22.54,57.25,-20.52,79.52,22-05-23-08-36-28-844
22.98,56.92,-20.99,75.30,22-05-23-08-36-28-878
22.21,52.21,-23.69,81.70,22-05-23-08-36-28-914
21.32,33.56,-25.67,93.15,22-05-23-08-36-28-947
20.35,39.25,-26.78,87.28,22-05-23-08-36-28-979
18.90,38.46,1.33,83.12,22-05-23-08-36-29-016
18.38,41.97,19.29,80.45,22-05-23-08-36-29-046
18.87,45.16,34.66,79.77,22-05-23-08-36-29-079
19.03,45.22,36.79,80.10,22-05-23-08-36-29-115
18.83,45.85,42.84,79.59,22-05-23-08-36-29-145
18.84,46.62,47.45,79.87,22-05-23-08-36-29-179
18.88,47.29,52.07,80.28,22-05-23-08-36-29-212
18.94,47.86,56.74,80.78,22-05-23-08-36-29-246
19.06,48.16,60.00,81.22,22-05-23-08-36-29-278
19.22,48.31,62.92,81.59,22-05-23-08-36-29-313
19.43,48.08,66.25,81.98,22-05-23-08-36-29-347
19.69,47.55,69.32,82.25,22-05-23-08-36-29-380
19.89,46.37,73.52,82.28,22-05-23-08-36-29-414
20.05,44.80,76.79,82.00,22-05-23-08-36-29-445
21.66,34.36,77.33,77.28,22-05-23-08-36-29-480
24.11,25.68,78.90,72.52,22-05-23-08-36-29-513
25.45,22.21,81.16,70.31,22-05-23-08-36-29-552
26.29,20.38,86.30,70.80,22-05-23-08-36-29-579
26.86,19.21,88.03,70.65,22-05-23-08-36-29-614
27.29,18.11,88.73,70.27,22-05-23-08-36-29-649
27.60,17.20,89.08,69.98,22-05-23-08-36-29-679
27.73,16.43,89.13,69.87,22-05-23-08-36-29-713
27.77,15.91,88.94,69.88,22-05-23-08-36-29-746
27.72,15.59,88.48,69.95,22-05-23-08-36-29-778
27.64,15.52,87.85,70.06,22-05-23-08-36-29-812
27.47,15.58,86.83,70.25,22-05-23-08-36-29-848
27.44,15.73,84.35,70.30,22-05-23-08-36-29-878
27.40,15.99,80.66,70.25,22-05-23-08-36-29-913
27.22,16.48,74.77,70.09,22-05-23-08-36-29-946
26.91,17.49,69.53,70.40,22-05-23-08-36-29-979
23.44,30.23,65.93,74.51,22-05-23-08-36-30-017
22.26,37.07,63.16,76.10,22-05-23-08-36-30-047
21.74,41.28,59.82,76.72,22-05-23-08-36-30-080
21.43,44.14,56.02,77.26,22-05-23-08-36-30-116
21.16,46.51,49.70,77.82,22-05-23-08-36-30-147
20.90,48.41,43.75,78.40,22-05-23-08-36-30-181
18.45,50.85,36.93,82.14,22-05-23-08-36-30-214
17.10,52.41,31.53,83.46,22-05-23-08-36-30-244
17.08,53.81,22.16,83.03,22-05-23-08-36-30-279
17.29,54.61,12.85,84.12,22-05-23-08-36-30-314
18.26,55.51,8.54,84.66,22-05-23-08-36-30-345
18.90,56.03,6.88,85.04,22-05-23-08-36-30-381
19.87,38.65,6.15,103.73,22-05-23-08-36-30-414
20.59,32.43,4.72,99.99,22-05-23-08-36-30-445
21.17,29.29,-18.07,88.68,22-05-23-08-36-30-482
21.59,27.39,-29.62,87.26,22-05-23-08-36-30-515
22.02,26.63,-37.09,85.51,22-05-23-08-36-30-546
24.73,33.11,-48.25,88.82,22-05-23-08-36-30-579
26.07,35.79,-54.17,89.82,22-05-23-08-36-30-612
26.79,39.48,-57.92,90.91,22-05-23-08-36-30-647
26.97,42.41,-59.98,90.60,22-05-23-08-36-30-678
26.87,46.14,-64.63,93.56,22-05-23-08-36-30-712
25.98,49.99,-71.17,93.79,22-05-23-08-36-30-750
25.23,52.61,-75.07,93.60,22-05-23-08-36-30-780
24.57,54.38,-78.06,93.30,22-05-23-08-36-30-812
23.95,56.17,-79.61,92.60,22-05-23-08-36-30-849
23.81,59.18,-81.11,91.44,22-05-23-08-36-30-878
23.92,61.10,-82.12,90.52,22-05-23-08-36-30-913
23.87,61.73,-71.06,85.63,22-05-23-08-36-30-947
23.92,62.57,-65.65,82.91,22-05-23-08-36-30-978
23.90,63.10,-62.88,81.41,22-05-23-08-36-31-013
23.78,63.51,-60.78,80.35,22-05-23-08-36-31-045
23.65,63.76,-61.53,82.66,22-05-23-08-36-31-080
23.37,63.80,-60.59,82.98,22-05-23-08-36-31-113
23.04,63.76,-59.73,83.07,22-05-23-08-36-31-151
22.59,63.58,-57.95,82.90,22-05-23-08-36-31-178
21.85,62.89,-53.62,82.39,22-05-23-08-36-31-215
20.78,61.63,-46.36,82.07,22-05-23-08-36-31-245
19.84,60.09,-40.76,81.68,22-05-23-08-36-31-280
19.91,59.69,-33.00,79.29,22-05-23-08-36-31-314
20.07,59.08,-28.73,78.87,22-05-23-08-36-31-345
14.73,46.02,-22.98,88.61,22-05-23-08-36-31-379
13.18,30.51,-21.19,98.43,22-05-23-08-36-31-412
14.56,29.25,-21.16,101.07,22-05-23-08-36-31-446
11.09,32.20,-20.90,102.42,22-05-23-08-36-31-482
10.02,34.79,-21.72,102.79,22-05-23-08-36-31-516
9.66,36.82,-22.56,102.43,22-05-23-08-36-31-546
9.72,39.40,-11.18,91.95,22-05-23-08-36-31-580
10.39,41.82,30.83,81.23,22-05-23-08-36-31-614
11.03,45.95,41.15,82.33,22-05-23-08-36-31-645
11.59,48.06,46.98,83.93,22-05-23-08-36-31-678
12.04,49.30,50.77,85.77,22-05-23-08-36-31-714
12.66,49.76,56.22,87.19,22-05-23-08-36-31-746
13.78,48.70,60.17,87.44,22-05-23-08-36-31-778
15.01,47.12,62.88,87.46,22-05-23-08-36-31-815
15.97,45.79,65.75,87.40,22-05-23-08-36-31-845
16.70,44.80,70.31,87.67,22-05-23-08-36-31-880
17.26,43.59,74.33,87.70,22-05-23-08-36-31-913
20.46,33.01,81.27,81.06,22-05-23-08-36-31-946
22.30,28.62,84.12,77.33,22-05-23-08-36-31-979
23.49,26.20,88.94,75.88,22-05-23-08-36-32-012
24.24,24.47,90.68,75.15,22-05-23-08-36-32-045
24.80,22.61,91.24,74.28,22-05-23-08-36-32-079
25.15,21.32,91.55,73.69,22-05-23-08-36-32-116
25.32,20.16,91.67,73.31,22-05-23-08-36-32-146
25.42,19.01,91.51,72.98,22-05-23-08-36-32-179
25.44,18.18,91.24,72.83,22-05-23-08-36-32-215
25.41,17.64,90.82,72.87,22-05-23-08-36-32-246
25.36,17.33,90.20,73.00,22-05-23-08-36-32-280
25.21,17.18,89.39,73.14,22-05-23-08-36-32-316
25.11,17.20,88.01,72.95,22-05-23-08-36-32-346
25.33,17.37,84.75,72.18,22-05-23-08-36-32-384
25.51,17.73,79.75,71.15,22-05-23-08-36-32-414
25.67,18.27,74.27,70.44,22-05-23-08-36-32-454
25.83,19.43,68.29,70.42,22-05-23-08-36-32-481
25.92,21.03,62.84,70.98,22-05-23-08-36-32-513
25.84,23.50,55.61,71.72,22-05-23-08-36-32-548
22.67,39.37,56.33,77.22,22-05-23-08-36-32-579
21.71,46.27,53.12,79.87,22-05-23-08-36-32-614
19.28,54.04,48.72,84.15,22-05-23-08-36-32-649
18.88,58.35,45.27,85.52,22-05-23-08-36-32-679
18.65,61.08,40.58,86.24,22-05-23-08-36-32-711
18.52,63.01,36.62,86.43,22-05-23-08-36-32-746
18.44,64.14,30.00,85.56,22-05-23-08-36-32-782
18.25,64.47,25.79,84.73,22-05-23-08-36-32-811
18.74,63.88,15.61,85.02,22-05-23-08-36-32-845
19.38,63.11,4.90,85.32,22-05-23-08-36-32-882
20.09,62.81,1.54,84.60,22-05-23-08-36-32-912
20.13,42.40,-1.82,89.95,22-05-23-08-36-32-946
21.04,32.59,-1.54,94.42,22-05-23-08-36-32-978
21.81,28.66,-17.77,93.19,22-05-23-08-36-33-019
22.70,26.20,-29.83,90.65,22-05-23-08-36-33-046
24.88,33.08,-42.26,91.73,22-05-23-08-36-33-081
25.36,32.69,-45.93,92.85,22-05-23-08-36-33-114
25.69,32.43,-49.77,94.26,22-05-23-08-36-33-144
26.37,36.77,-53.38,92.77,22-05-23-08-36-33-181
27.86,50.08,-58.77,89.47,22-05-23-08-36-33-214
27.65,55.19,-61.19,88.75,22-05-23-08-36-33-246
27.37,57.24,-63.76,89.85,22-05-23-08-36-33-280
26.89,58.83,-64.44,89.57,22-05-23-08-36-33-312
26.29,60.17,-64.55,89.10,22-05-23-08-36-33-346
25.65,61.10,-66.77,90.25,22-05-23-08-36-33-380
24.84,59.88,-66.91,91.03,22-05-23-08-36-33-414
24.33,59.76,-67.10,91.27,22-05-23-08-36-33-449
23.92,59.69,-73.56,91.10,22-05-23-08-36-33-479
23.59,59.69,-73.64,90.97,22-05-23-08-36-33-512
23.37,59.78,-74.10,90.52,22-05-23-08-36-33-547
23.18,59.90,-73.53,89.79,22-05-23-08-36-33-580
23.00,60.24,-64.87,88.65,22-05-23-08-36-33-613
22.84,60.60,-58.79,87.66,22-05-23-08-36-33-646
22.73,60.68,-54.97,86.92,22-05-23-08-36-33-678
22.57,60.58,-52.11,86.40,22-05-23-08-36-33-713
22.44,60.48,-49.62,85.84,22-05-23-08-36-33-745
22.50,61.03,-46.90,85.05,22-05-23-08-36-33-778
21.12,63.23,-42.59,84.66,22-05-23-08-36-33-813
16.70,41.38,-35.47,92.89,22-05-23-08-36-33-847
16.33,36.46,-30.49,94.03,22-05-23-08-36-33-879
17.46,36.32,-24.58,93.74,22-05-23-08-36-33-915
17.82,35.01,-18.86,93.43,22-05-23-08-36-33-946
17.22,22.74,-15.15,103.65,22-05-23-08-36-33-978
17.37,20.94,-13.55,104.96,22-05-23-08-36-34-015
18.06,16.03,-13.13,111.48,22-05-23-08-36-34-049
10.86,35.64,-15.22,106.34,22-05-23-08-36-34-081
9.66,45.04,-14.49,100.39,22-05-23-08-36-34-115
9.41,51.50,-13.50,95.69,22-05-23-08-36-34-146
9.68,55.67,-12.60,92.10,22-05-23-08-36-34-184
10.34,57.81,15.57,88.96,22-05-23-08-36-34-214
11.17,58.09,33.63,87.09,22-05-23-08-36-34-245
12.67,55.83,45.29,84.35,22-05-23-08-36-34-282
14.10,53.16,47.85,82.48,22-05-23-08-36-34-312
15.21,53.45,50.44,83.39,22-05-23-08-36-34-349
15.70,53.85,53.38,84.42,22-05-23-08-36-34-380
15.76,54.10,56.66,85.84,22-05-23-08-36-34-416
15.91,54.04,59.85,86.96,22-05-23-08-36-34-447
16.23,53.72,63.00,87.66,22-05-23-08-36-34-477
16.58,53.17,65.33,87.98,22-05-23-08-36-34-515
16.99,52.28,67.91,87.98,22-05-23-08-36-34-548
17.40,51.51,71.26,87.93,22-05-23-08-36-34-581
21.67,34.18,75.26,79.87,22-05-23-08-36-34-615
23.02,30.64,79.91,76.90,22-05-23-08-36-34-647
23.89,28.80,82.73,75.07,22-05-23-08-36-34-681
24.51,27.66,84.88,73.82,22-05-23-08-36-34-714
24.60,26.79,87.94,74.40,22-05-23-08-36-34-745
24.49,26.12,91.55,74.55,22-05-23-08-36-34-780
23.95,25.44,92.06,75.62,22-05-23-08-36-34-816
23.49,24.85,91.82,76.12,22-05-23-08-36-34-847
23.18,24.65,91.42,76.44,22-05-23-08-36-34-880
22.80,24.53,90.81,76.77,22-05-23-08-36-34-912
22.50,24.49,90.10,77.01,22-05-23-08-36-34-946
22.21,24.50,89.12,77.19,22-05-23-08-36-34-982
22.02,24.59,87.87,77.23,22-05-23-08-36-35-015
21.90,24.75,86.05,77.09,22-05-23-08-36-35-045
21.79,25.00,83.89,76.91,22-05-23-08-36-35-079
21.70,25.30,80.67,76.46,22-05-23-08-36-35-113
21.64,25.60,76.72,76.13,22-05-23-08-36-35-146
21.62,25.92,73.22,76.04,22-05-23-08-36-35-178
21.62,26.26,69.56,76.07,22-05-23-08-36-35-215
21.15,31.04,64.79,77.18,22-05-23-08-36-35-247
20.81,35.22,61.02,78.07,22-05-23-08-36-35-279
20.60,38.95,58.19,79.04,22-05-23-08-36-35-313
20.43,41.66,55.19,79.84,22-05-23-08-36-35-347
20.23,43.82,50.39,80.24,22-05-23-08-36-35-378
19.96,45.64,46.20,80.73,22-05-23-08-36-35-414
19.48,47.32,40.09,81.10,22-05-23-08-36-35-448
19.11,48.67,36.16,81.64,22-05-23-08-36-35-480
18.82,49.85,30.20,82.63,22-05-23-08-36-35-513
18.68,50.78,22.29,84.09,22-05-23-08-36-35-546
18.90,51.71,15.66,84.45,22-05-23-08-36-35-579
19.27,52.84,5.23,87.36,22-05-23-08-36-35-612
19.49,53.68,2.14,88.03,22-05-23-08-36-35-647
21.85,46.64,0.32,94.50,22-05-23-08-36-35-678
22.89,37.07,1.10,101.74,22-05-23-08-36-35-714
23.60,35.15,0.41,100.76,22-05-23-08-36-35-744
24.10,34.42,-0.45,98.17,22-05-23-08-36-35-778
24.37,34.28,-1.23,95.49,22-05-23-08-36-35-812
24.55,34.67,-30.04,93.50,22-05-23-08-36-35-845
24.66,34.24,-40.89,93.04,22-05-23-08-36-35-885
28.78,52.01,-56.99,87.51,22-05-23-08-36-35-915
30.74,57.20,-62.54,85.98,22-05-23-08-36-35-945
31.99,60.88,-67.38,85.74,22-05-23-08-36-35-983
31.83,55.09,-67.61,88.27,22-05-23-08-36-36-013
31.51,52.34,-67.17,89.95,22-05-23-08-36-36-046
31.19,50.94,-66.58,91.56,22-05-23-08-36-36-080
30.96,50.09,-66.62,93.13,22-05-23-08-36-36-112
30.72,49.45,-66.56,93.87,22-05-23-08-36-36-149
30.47,48.85,-66.45,94.32,22-05-23-08-36-36-180
30.19,48.33,-66.29,94.59,22-05-23-08-36-36-214
29.86,47.91,-66.09,94.75,22-05-23-08-36-36-248
29.58,47.49,-65.86,94.86,22-05-23-08-36-36-280
29.29,47.11,-65.56,94.92,22-05-23-08-36-36-310
27.90,50.05,-64.45,93.16,22-05-23-08-36-36-347
26.21,54.62,-61.23,85.84,22-05-23-08-36-36-379
24.87,57.92,-57.15,84.68,22-05-23-08-36-36-413
23.73,59.14,-54.66,84.46,22-05-23-08-36-36-446
22.34,57.55,-52.17,85.32,22-05-23-08-36-36-480
21.11,54.53,-48.94,86.66,22-05-23-08-36-36-514
18.56,28.30,-42.14,95.59,22-05-23-08-36-36-546
18.69,21.87,-38.26,97.63,22-05-23-08-36-36-579
18.79,18.98,-30.26,97.92,22-05-23-08-36-36-611
19.17,18.76,-23.70,96.12,22-05-23-08-36-36-646
21.50,29.90,-22.01,90.14,22-05-23-08-36-36-681
20.40,24.79,-21.40,88.80,22-05-23-08-36-36-714
20.11,22.20,-20.38,88.58,22-05-23-08-36-36-747
20.06,21.32,-20.78,88.68,22-05-23-08-36-36-780
13.95,35.89,-21.20,81.23,22-05-23-08-36-36-814
12.78,43.44,-19.39,77.91,22-05-23-08-36-36-846
12.32,47.92,-17.93,75.78,22-05-23-08-36-36-879
12.25,50.77,17.28,73.18,22-05-23-08-36-36-915
13.45,53.64,34.97,83.37,22-05-23-08-36-36-947
13.59,53.46,42.80,89.72,22-05-23-08-36-36-979
15.08,49.38,46.08,87.78,22-05-23-08-36-37-013
11.84,42.10,48.60,92.02,22-05-23-08-36-37-051
11.04,37.97,50.86,93.50,22-05-23-08-36-37-080
15.27,43.02,54.09,91.01,22-05-23-08-36-37-115
17.38,44.59,56.83,89.54,22-05-23-08-36-37-151
18.60,45.34,58.75,88.57,22-05-23-08-36-37-179
19.35,45.72,60.88,87.62,22-05-23-08-36-37-213
19.89,45.95,64.22,86.44,22-05-23-08-36-37-248
20.30,46.13,69.12,85.46,22-05-23-08-36-37-279
20.59,46.33,72.18,84.84,22-05-23-08-36-37-314
20.56,45.17,78.25,83.02,22-05-23-08-36-37-347
20.42,43.41,80.62,81.29,22-05-23-08-36-37-379
20.58,40.64,81.62,79.26,22-05-23-08-36-37-414
20.71,37.73,82.09,77.50,22-05-23-08-36-37-447
20.80,35.46,82.32,76.20,22-05-23-08-36-37-483
20.98,33.04,82.27,75.01,22-05-23-08-36-37-513
21.16,31.20,82.18,74.17,22-05-23-08-36-37-546
21.35,29.64,82.02,73.59,22-05-23-08-36-37-580
21.46,28.57,81.84,73.24,22-05-23-08-36-37-613
21.55,27.83,81.64,73.04,22-05-23-08-36-37-647
21.61,27.34,81.42,72.94,22-05-23-08-36-37-681
21.68,26.96,81.06,72.95,22-05-23-08-36-37-713
21.80,26.62,80.31,73.06,22-05-23-08-36-37-747
22.00,26.23,78.79,73.22,22-05-23-08-36-37-779
22.10,26.11,74.94,73.75,22-05-23-08-36-37-815
21.85,26.32,69.71,75.02,22-05-23-08-36-37-846
21.23,27.63,64.81,76.87,22-05-23-08-36-37-879
20.42,29.32,60.82,78.71,22-05-23-08-36-37-914
19.77,31.01,52.97,79.92,22-05-23-08-36-37-947
19.19,32.68,48.16,81.25,22-05-23-08-36-37-982
18.81,34.15,42.82,82.22,22-05-23-08-36-38-012
16.83,32.85,36.12,85.19,22-05-23-08-36-38-046
16.07,32.88,31.74,86.73,22-05-23-08-36-38-080
15.72,33.14,24.86,88.57,22-05-23-08-36-38-112
16.01,33.40,18.16,90.04,22-05-23-08-36-38-146
16.64,33.92,14.11,101.62,22-05-23-08-36-38-182
17.06,34.46,12.52,106.51,22-05-23-08-36-38-215
17.89,35.30,11.86,109.17,22-05-23-08-36-38-246
22.90,27.20,14.28,119.97,22-05-23-08-36-38-278
26.89,33.28,-17.71,95.94,22-05-23-08-36-38-314
28.59,34.17,-28.08,95.99,22-05-23-08-36-38-347
29.60,34.56,-38.86,92.37,22-05-23-08-36-38-378
30.22,34.89,-43.08,91.39,22-05-23-08-36-38-415
30.47,34.87,-47.04,92.09,22-05-23-08-36-38-448
26.55,9.13,-39.33,102.73,22-05-23-08-36-38-478
26.62,-1.91,-38.64,107.43,22-05-23-08-36-38-515
26.32,5.08,-43.75,106.73,22-05-23-08-36-38-548
26.46,15.97,-52.94,106.06,22-05-23-08-36-38-579
26.83,21.62,-57.08,105.20,22-05-23-08-36-38-617
26.80,26.30,-59.59,103.98,22-05-23-08-36-38-644
26.77,29.09,-61.14,103.28,22-05-23-08-36-38-680
26.72,30.95,-62.02,102.71,22-05-23-08-36-38-713
26.70,31.96,-62.34,102.28,22-05-23-08-36-38-748
26.67,32.58,-62.36,101.89,22-05-23-08-36-38-782
26.63,32.95,-62.17,101.53,22-05-23-08-36-38-814
26.60,33.09,-59.90,100.10,22-05-23-08-36-38-847
26.58,33.03,-58.98,100.35,22-05-23-08-36-38-878
26.52,32.73,-57.32,99.83,22-05-23-08-36-38-914
26.44,32.39,-54.84,99.97,22-05-23-08-36-38-947
26.07,32.41,-52.82,99.01,22-05-23-08-36-38-982
24.02,34.52,-50.16,97.88,22-05-23-08-36-39-013
21.22,33.03,-42.46,97.53,22-05-23-08-36-39-047
19.81,31.72,-38.94,97.62,22-05-23-08-36-39-079
19.29,31.34,-37.18,97.34,22-05-23-08-36-39-114
18.91,30.32,-34.80,97.17,22-05-23-08-36-39-147
18.71,29.35,-32.31,96.81,22-05-23-08-36-39-182
18.63,28.48,-25.25,96.72,22-05-23-08-36-39-217
18.63,27.90,-22.04,96.45,22-05-23-08-36-39-246
18.89,28.44,-20.67,96.07,22-05-23-08-36-39-284
19.06,28.81,-19.71,95.78,22-05-23-08-36-39-316
18.98,24.11,-19.09,100.61,22-05-23-08-36-39-346
12.79,37.63,-18.50,98.65,22-05-23-08-36-39-381
11.78,40.58,-17.37,97.30,22-05-23-08-36-39-412
11.26,41.98,-16.32,95.78,22-05-23-08-36-39-447
11.17,42.04,26.76,84.54,22-05-23-08-36-39-482
11.61,40.73,38.31,83.80,22-05-23-08-36-39-515
12.16,40.86,45.38,85.56,22-05-23-08-36-39-547
12.60,40.57,48.11,87.13,22-05-23-08-36-39-580
12.93,40.08,51.20,88.05,22-05-23-08-36-39-614
13.18,39.53,55.59,88.81,22-05-23-08-36-39-646
13.86,38.55,57.77,89.38,22-05-23-08-36-39-682
14.36,37.62,59.89,89.65,22-05-23-08-36-39-717
14.80,36.82,61.45,89.65,22-05-23-08-36-39-745
15.23,36.16,63.82,89.42,22-05-23-08-36-39-782
15.60,35.66,66.63,88.99,22-05-23-08-36-39-814
15.89,35.19,69.95,88.51,22-05-23-08-36-39-846
16.16,34.66,72.90,88.02,22-05-23-08-36-39-881
16.38,34.24,76.45,87.39,22-05-23-08-36-39-914
16.99,30.18,78.25,84.87,22-05-23-08-36-39-945
18.25,24.65,79.00,81.46,22-05-23-08-36-39-978
20.23,19.06,79.52,77.75,22-05-23-08-36-40-015
21.66,15.93,80.13,75.28,22-05-23-08-36-40-048
22.72,13.96,80.89,73.56,22-05-23-08-36-40-077
23.46,12.69,81.41,72.41,22-05-23-08-36-40-113
23.86,11.99,81.61,71.70,22-05-23-08-36-40-146
24.12,11.58,81.67,71.23,22-05-23-08-36-40-180
24.30,11.32,81.62,70.93,22-05-23-08-36-40-214
24.41,11.21,81.48,70.72,22-05-23-08-36-40-248
24.47,11.27,81.25,70.59,22-05-23-08-36-40-281
24.50,11.44,80.76,70.48,22-05-23-08-36-40-313
24.51,11.69,79.68,70.39,22-05-23-08-36-40-345
24.40,12.23,77.25,70.50,22-05-23-08-36-40-380
24.01,13.35,71.92,71.45,22-05-23-08-36-40-413
20.96,19.82,69.53,76.11,22-05-23-08-36-40-447
19.33,24.65,65.35,79.22,22-05-23-08-36-40-480
18.36,28.44,61.70,81.29,22-05-23-08-36-40-512
17.79,31.12,56.81,82.98,22-05-23-08-36-40-547
17.47,33.11,49.39,84.64,22-05-23-08-36-40-580
17.25,34.65,44.70,85.64,22-05-23-08-36-40-613
15.02,32.48,37.58,88.52,22-05-23-08-36-40-649
13.64,30.61,33.45,90.31,22-05-23-08-36-40-678
13.08,30.23,27.97,91.30,22-05-23-08-36-40-713
13.54,32.88,18.40,92.09,22-05-23-08-36-40-748
14.74,36.57,9.04,93.38,22-05-23-08-36-40-778
15.46,38.45,5.86,93.13,22-05-23-08-36-40-813
20.02,28.18,3.46,104.19,22-05-23-08-36-40-848
21.97,24.51,3.62,109.33,22-05-23-08-36-40-880
23.70,26.19,-0.26,101.32,22-05-23-08-36-40-912
24.94,29.42,-8.48,93.74,22-05-23-08-36-40-948
25.60,31.06,-31.29,92.38,22-05-23-08-36-40-984
25.93,32.29,-43.67,92.12,22-05-23-08-36-41-013
26.17,32.85,-49.28,92.50,22-05-23-08-36-41-047
27.92,48.42,-56.43,87.43,22-05-23-08-36-41-078
28.91,53.54,-60.66,86.96,22-05-23-08-36-41-114
29.40,55.51,-64.03,88.05,22-05-23-08-36-41-147
28.47,49.22,-64.55,93.64,22-05-23-08-36-41-179
27.78,46.55,-65.36,96.18,22-05-23-08-36-41-213
27.22,44.58,-65.48,97.30,22-05-23-08-36-41-245
26.76,43.14,-65.32,97.91,22-05-23-08-36-41-277
26.36,42.04,-64.93,98.15,22-05-23-08-36-41-314
26.02,41.12,-64.40,98.18,22-05-23-08-36-41-347
25.75,40.40,-63.82,98.07,22-05-23-08-36-41-379
25.52,39.80,-63.23,97.89,22-05-23-08-36-41-412
25.34,39.30,-62.25,97.44,22-05-23-08-36-41-448
25.18,38.88,-61.07,96.99,22-05-23-08-36-41-480
25.04,38.45,-59.56,96.51,22-05-23-08-36-41-515
24.83,37.73,-57.03,95.88,22-05-23-08-36-41-546
23.79,38.03,-53.99,94.84,22-05-23-08-36-41-579
22.84,37.31,-51.24,94.28,22-05-23-08-36-41-614
21.36,42.85,-49.01,93.42,22-05-23-08-36-41-646
20.69,46.73,-42.41,90.96,22-05-23-08-36-41-677
20.37,49.53,-39.01,89.91,22-05-23-08-36-41-715
18.95,44.37,-33.33,88.80,22-05-23-08-36-41-746
19.01,42.34,-27.43,89.66,22-05-23-08-36-41-779
19.22,40.85,-23.65,90.06,22-05-23-08-36-41-815
17.89,30.24,-16.80,90.41,22-05-23-08-36-41-845
17.96,17.96,-8.72,91.83,22-05-23-08-36-41-878
18.18,13.07,-6.55,92.34,22-05-23-08-36-41-915
18.31,10.43,-5.22,92.50,22-05-23-08-36-41-947
18.13,9.30,-1.61,82.49,22-05-23-08-36-41-979
17.49,10.71,0.85,76.69,22-05-23-08-36-42-014
16.81,13.89,15.85,67.36,22-05-23-08-36-42-046
16.24,18.07,26.69,74.48,22-05-23-08-36-42-080
15.93,22.25,37.15,78.67,22-05-23-08-36-42-112
15.86,25.49,42.33,81.02,22-05-23-08-36-42-146
15.93,28.00,45.25,82.15,22-05-23-08-36-42-179
16.04,29.86,47.21,82.72,22-05-23-08-36-42-212
14.93,31.12,49.33,85.70,22-05-23-08-36-42-245
14.77,33.03,51.55,87.10,22-05-23-08-36-42-279
14.78,34.35,55.42,87.18,22-05-23-08-36-42-315
14.88,35.20,60.05,87.30,22-05-23-08-36-42-345
14.99,35.68,62.56,87.43,22-05-23-08-36-42-380
15.10,35.94,64.99,87.33,22-05-23-08-36-42-414
15.23,36.07,67.49,87.15,22-05-23-08-36-42-446
15.50,36.15,71.25,87.06,22-05-23-08-36-42-481
15.83,35.93,73.53,86.90,22-05-23-08-36-42-515
18.50,28.21,76.04,82.71,22-05-23-08-36-42-547
20.65,23.39,76.81,79.60,22-05-23-08-36-42-578
22.38,20.20,77.15,77.23,22-05-23-08-36-42-613
23.56,18.30,77.50,75.65,22-05-23-08-36-42-643
24.42,17.06,77.96,74.54,22-05-23-08-36-42-679
24.99,16.31,78.82,73.75,22-05-23-08-36-42-710
25.37,15.87,79.96,73.22,22-05-23-08-36-42-746
25.55,15.54,80.85,72.91,22-05-23-08-36-42-780
25.64,15.38,81.44,72.73,22-05-23-08-36-42-815
25.60,15.27,81.78,72.69,22-05-23-08-36-42-845
25.46,15.27,81.92,72.75,22-05-23-08-36-42-881
25.26,15.36,81.90,72.86,22-05-23-08-36-42-913
25.03,15.57,81.14,72.99,22-05-23-08-36-42-948
24.82,15.84,76.68,73.21,22-05-23-08-36-42-981
24.75,16.13,71.01,73.53,22-05-23-08-36-43-014
24.71,16.49,62.05,72.92,22-05-23-08-36-43-047
24.70,16.90,54.25,73.40,22-05-23-08-36-43-083
24.68,17.42,49.25,74.05,22-05-23-08-36-43-116
23.22,20.58,45.20,76.53,22-05-23-08-36-43-148
21.41,24.81,43.22,79.47,22-05-23-08-36-43-178
20.11,28.86,37.26,82.73,22-05-23-08-36-43-215
17.42,32.08,33.99,86.42,22-05-23-08-36-43-247
16.50,36.83,26.58,88.28,22-05-23-08-36-43-280
16.63,42.33,22.20,88.76,22-05-23-08-36-43-315
17.21,46.36,13.56,90.20,22-05-23-08-36-43-345
19.95,52.16,4.67,88.17,22-05-23-08-36-43-377
21.57,54.65,1.63,86.45,22-05-23-08-36-43-413
26.17,40.62,-1.39,94.84,22-05-23-08-36-43-449
27.97,37.11,-1.53,98.14,22-05-23-08-36-43-479
28.76,34.85,-22.05,93.38,22-05-23-08-36-43-516
29.12,33.65,-32.24,93.57,22-05-23-08-36-43-548
29.18,33.72,-42.58,93.42,22-05-23-08-36-43-580
29.14,33.12,-46.38,93.78,22-05-23-08-36-43-613
31.55,54.31,-56.19,85.59,22-05-23-08-36-43-647
32.31,58.44,-59.88,84.54,22-05-23-08-36-43-678
32.79,60.92,-63.65,86.71,22-05-23-08-36-43-718
32.80,61.69,-65.54,88.04,22-05-23-08-36-43-746
32.37,61.37,-67.68,90.50,22-05-23-08-36-43-780
31.66,60.18,-68.16,91.83,22-05-23-08-36-43-813
30.91,58.65,-68.12,92.93,22-05-23-08-36-43-846
30.18,57.06,-67.78,93.84,22-05-23-08-36-43-879
29.54,55.97,-67.37,94.37,22-05-23-08-36-43-912
28.95,54.31,-66.67,94.98,22-05-23-08-36-43-948
28.43,52.70,-65.99,95.48,22-05-23-08-36-43-981
28.02,51.44,-65.39,95.82,22-05-23-08-36-44-015
27.63,49.80,-64.66,96.22,22-05-23-08-36-44-046
27.29,48.52,-64.03,96.52,22-05-23-08-36-44-078
26.96,47.34,-62.81,98.50,22-05-23-08-36-44-113
26.59,46.10,-61.81,99.33,22-05-23-08-36-44-145
26.29,45.31,-60.67,99.35,22-05-23-08-36-44-182
26.00,44.65,-57.92,98.06,22-05-23-08-36-44-214
25.69,44.04,-55.05,96.93,22-05-23-08-36-44-249
25.37,43.43,-52.63,95.96,22-05-23-08-36-44-278
24.95,42.44,-49.47,94.76,22-05-23-08-36-44-315
24.54,41.07,-45.74,93.21,22-05-23-08-36-44-347
22.59,35.73,-38.78,94.07,22-05-23-08-36-44-378
22.15,33.17,-31.15,93.17,22-05-23-08-36-44-412
21.07,21.38,-24.49,95.94,22-05-23-08-36-44-447
23.02,25.15,-22.35,93.32,22-05-23-08-36-44-478
23.27,16.43,-19.12,101.56,22-05-23-08-36-44-515
23.55,13.07,-17.77,105.81,22-05-23-08-36-44-546
23.75,11.49,-17.29,108.57,22-05-23-08-36-44-576
20.76,13.45,-18.78,105.19,22-05-23-08-36-44-615
19.34,17.63,5.47,93.89,22-05-23-08-36-44-646
18.62,21.44,21.37,86.30,22-05-23-08-36-44-678
17.62,24.48,32.09,83.42,22-05-23-08-36-44-715
17.51,25.86,37.42,81.15,22-05-23-08-36-44-747
17.27,27.07,42.31,80.68,22-05-23-08-36-44-779
17.10,28.00,46.22,81.03,22-05-23-08-36-44-812
16.36,26.67,49.81,82.72,22-05-23-08-36-44-847
16.09,26.09,53.51,83.75,22-05-23-08-36-44-878
15.86,24.56,57.57,84.72,22-05-23-08-36-44-914
15.78,23.69,61.45,85.06,22-05-23-08-36-44-945
15.78,23.41,65.64,85.05,22-05-23-08-36-44-980
15.80,23.31,70.28,84.91,22-05-23-08-36-45-014
15.94,23.18,74.79,84.55,22-05-23-08-36-45-045
19.42,16.79,78.63,78.98,22-05-23-08-36-45-080
21.68,13.86,81.26,75.40,22-05-23-08-36-45-113
23.10,12.39,82.45,73.16,22-05-23-08-36-45-148
24.11,11.44,83.69,71.46,22-05-23-08-36-45-180
24.82,10.91,85.75,70.03,22-05-23-08-36-45-215
25.39,10.37,87.86,68.90,22-05-23-08-36-45-246
25.82,9.97,89.41,68.02,22-05-23-08-36-45-280
26.17,9.54,90.65,67.34,22-05-23-08-36-45-315
26.39,9.15,91.32,66.85,22-05-23-08-36-45-346
26.50,8.64,91.61,66.49,22-05-23-08-36-45-379
26.58,8.20,91.64,66.23,22-05-23-08-36-45-414
26.64,7.84,91.54,66.05,22-05-23-08-36-45-446
26.67,7.59,91.23,65.96,22-05-23-08-36-45-482
26.70,7.46,89.59,65.83,22-05-23-08-36-45-515
26.73,7.45,86.24,65.57,22-05-23-08-36-45-543
26.75,7.52,81.12,65.27,22-05-23-08-36-45-579
26.76,7.65,74.15,65.53,22-05-23-08-36-45-612
26.58,7.98,66.10,66.54,22-05-23-08-36-45-646
26.41,8.53,57.04,67.72,22-05-23-08-36-45-681
26.01,9.45,50.73,68.81,22-05-23-08-36-45-712
24.04,12.02,47.82,71.16,22-05-23-08-36-45-746
22.06,15.59,42.36,74.40,22-05-23-08-36-45-779
20.79,18.53,38.17,76.42,22-05-23-08-36-45-814
19.76,21.90,34.32,78.09,22-05-23-08-36-45-852
19.03,24.60,29.28,79.62,22-05-23-08-36-45-882
18.57,26.60,22.09,81.58,22-05-23-08-36-45-913
18.40,28.67,14.05,83.36,22-05-23-08-36-45-946
18.68,31.27,11.13,82.89,22-05-23-08-36-45-979
19.03,32.93,9.18,83.88,22-05-23-08-36-46-014
23.18,28.82,7.71,94.22,22-05-23-08-36-46-047
26.33,33.79,-15.76,86.27,22-05-23-08-36-46-077
25.60,4.62,-19.23,100.32,22-05-23-08-36-46-116
27.64,7.99,-30.68,101.14,22-05-23-08-36-46-145
31.19,29.78,-46.04,95.60,22-05-23-08-36-46-179
36.21,52.23,-59.58,88.52,22-05-23-08-36-46-214
39.05,59.96,-65.94,86.82,22-05-23-08-36-46-248
38.30,54.81,-67.47,90.24,22-05-23-08-36-46-279
36.51,53.37,-67.40,92.92,22-05-23-08-36-46-312
35.47,50.06,-67.97,95.36,22-05-23-08-36-46-346
34.62,48.34,-71.17,98.06,22-05-23-08-36-46-381
33.53,46.79,-72.95,99.48,22-05-23-08-36-46-412
32.54,45.34,-73.22,100.08,22-05-23-08-36-46-447
31.44,44.16,-72.97,100.26,22-05-23-08-36-46-481
30.35,43.97,-72.66,99.98,22-05-23-08-36-46-511
28.76,44.88,-71.77,98.94,22-05-23-08-36-46-547
27.62,45.81,-70.97,97.98,22-05-23-08-36-46-579
26.80,46.54,-68.11,96.74,22-05-23-08-36-46-614
26.19,47.24,-66.72,96.03,22-05-23-08-36-46-649
25.79,47.32,-64.54,94.67,22-05-23-08-36-46-680
25.48,47.35,-63.17,94.37,22-05-23-08-36-46-711
25.06,47.00,-61.49,94.16,22-05-23-08-36-46-745
24.64,46.34,-59.46,94.10,22-05-23-08-36-46-779
24.31,45.77,-57.24,93.84,22-05-23-08-36-46-814
23.77,44.42,-53.91,93.54,22-05-23-08-36-46-847
23.31,43.05,-51.05,93.35,22-05-23-08-36-46-880
21.59,36.68,-45.51,94.36,22-05-23-08-36-46-914
21.07,30.41,-40.78,96.02,22-05-23-08-36-46-943
20.91,26.86,-32.27,95.90,22-05-23-08-36-46-981
20.96,25.64,-24.94,94.69,22-05-23-08-36-47-012
21.10,25.20,-19.97,93.67,22-05-23-08-36-47-046
20.66,17.85,-16.34,94.60,22-05-23-08-36-47-079
20.64,15.67,-14.63,94.73,22-05-23-08-36-47-115
20.65,14.32,-13.87,94.88,22-05-23-08-36-47-147
18.44,13.35,-12.00,94.53,22-05-23-08-36-47-179
16.80,12.78,7.67,82.11,22-05-23-08-36-47-214
15.62,12.60,26.68,76.12,22-05-23-08-36-47-245
14.88,12.87,36.52,80.64,22-05-23-08-36-47-278
11.83,12.61,41.60,88.34,22-05-23-08-36-47-313
10.77,14.51,47.14,90.20,22-05-23-08-36-47-348
10.21,16.00,50.32,92.55,22-05-23-08-36-47-381
10.17,18.32,53.63,93.98,22-05-23-08-36-47-413
10.63,20.19,56.68,94.61,22-05-23-08-36-47-446
11.51,21.82,59.62,94.45,22-05-23-08-36-47-479
12.43,23.29,62.92,93.82,22-05-23-08-36-47-513
13.33,24.65,67.00,92.90,22-05-23-08-36-47-548
13.99,25.18,71.91,92.14,22-05-23-08-36-47-582
18.19,18.73,75.48,86.12,22-05-23-08-36-47-618
20.39,16.62,78.40,82.70,22-05-23-08-36-47-647
21.91,15.19,80.42,80.56,22-05-23-08-36-47-681
22.90,14.07,81.75,79.04,22-05-23-08-36-47-712
23.51,13.19,83.46,77.87,22-05-23-08-36-47-745
23.88,11.91,85.13,76.95,22-05-23-08-36-47-780
24.02,10.40,86.31,76.29,22-05-23-08-36-47-813
24.13,8.94,87.16,75.71,22-05-23-08-36-47-850
24.22,7.66,87.85,75.26,22-05-23-08-36-47-880
24.30,6.76,88.14,74.89,22-05-23-08-36-47-911
24.38,6.22,88.24,74.61,22-05-23-08-36-47-947
24.45,5.87,88.21,74.42,22-05-23-08-36-47-978
24.49,5.70,88.09,74.28,22-05-23-08-36-48-015
24.53,5.64,87.55,74.04,22-05-23-08-36-48-047
24.56,5.69,85.59,73.52,22-05-23-08-36-48-077
24.58,5.84,79.53,72.87,22-05-23-08-36-48-116
24.54,6.14,73.57,72.82,22-05-23-08-36-48-146
24.25,6.95,67.33,72.79,22-05-23-08-36-48-179
23.70,8.57,59.01,72.82,22-05-23-08-36-48-215
20.01,16.50,57.08,76.44,22-05-23-08-36-48-246
18.27,21.84,53.26,78.73,22-05-23-08-36-48-281
17.17,26.27,49.79,80.62,22-05-23-08-36-48-314
16.47,29.89,44.88,82.93,22-05-23-08-36-48-345
16.08,32.81,40.25,85.09,22-05-23-08-36-48-379
15.83,34.62,37.64,86.08,22-05-23-08-36-48-414
15.69,35.98,28.60,88.69,22-05-23-08-36-48-445
16.19,37.35,23.53,90.08,22-05-23-08-36-48-479
17.32,37.70,17.57,90.64,22-05-23-08-36-48-515
20.36,27.20,10.74,88.21,22-05-23-08-36-48-547
21.51,24.19,8.05,88.16,22-05-23-08-36-48-578
27.06,21.96,1.89,85.37,22-05-23-08-36-48-611
29.96,21.78,-13.18,87.36,22-05-23-08-36-48-647
31.59,21.74,-21.81,89.41,22-05-23-08-36-48-678
32.60,21.61,-29.85,91.06,22-05-23-08-36-48-719
33.33,22.17,-34.77,92.51,22-05-23-08-36-48-747
33.78,23.52,-40.33,96.15,22-05-23-08-36-48-779
34.70,29.00,-47.80,99.53,22-05-23-08-36-48-816
33.79,25.98,-47.52,101.65,22-05-23-08-36-48-845
33.74,29.56,-50.30,100.44,22-05-23-08-36-48-881
34.02,44.10,-59.66,97.79,22-05-23-08-36-48-914
34.13,45.89,-62.39,98.10,22-05-23-08-36-48-945
34.08,46.40,-65.57,99.69,22-05-23-08-36-48-980
33.81,45.63,-66.97,100.60,22-05-23-08-36-49-018
33.38,44.09,-67.25,101.19,22-05-23-08-36-49-047
32.80,43.40,-67.30,101.36,22-05-23-08-36-49-081
32.15,42.66,-67.00,101.36,22-05-23-08-36-49-114
31.46,42.27,-66.54,101.14,22-05-23-08-36-49-147
30.79,41.92,-66.00,100.91,22-05-23-08-36-49-179
29.96,42.10,-65.38,100.44,22-05-23-08-36-49-214
28.97,42.85,-64.65,99.74,22-05-23-08-36-49-247
27.81,45.45,-64.39,99.07,22-05-23-08-36-49-278
27.23,46.09,-63.94,98.82,22-05-23-08-36-49-313
26.80,46.40,-62.71,98.36,22-05-23-08-36-49-347
26.47,46.57,-61.56,97.95,22-05-23-08-36-49-380
26.21,46.52,-60.16,97.52,22-05-23-08-36-49-412
25.89,46.25,-57.34,96.41,22-05-23-08-36-49-448
25.14,45.11,-54.56,95.76,22-05-23-08-36-49-481
24.76,45.44,-46.84,90.69,22-05-23-08-36-49-516
24.13,42.45,-42.57,90.15,22-05-23-08-36-49-544
23.69,39.73,-39.59,90.39,22-05-23-08-36-49-580
23.77,37.94,-33.29,90.30,22-05-23-08-36-49-613
24.00,36.65,-23.86,90.28,22-05-23-08-36-49-648
24.23,35.10,-18.73,90.43,22-05-23-08-36-49-679
23.50,25.80,-16.21,97.60,22-05-23-08-36-49-714
23.80,25.60,-15.80,98.03,22-05-23-08-36-49-748
23.94,25.60,-6.80,93.63,22-05-23-08-36-49-780
21.89,25.03,1.38,89.63,22-05-23-08-36-49-812
20.93,27.70,15.55,87.65,22-05-23-08-36-49-845
20.27,28.58,27.14,86.67,22-05-23-08-36-49-880
13.32,23.61,41.97,95.26,22-05-23-08-36-49-914
8.55,-38.08,48.22,104.82,22-05-23-08-36-49-945
12.34,26.43,53.84,95.52,22-05-23-08-36-49-978
15.06,36.73,58.04,92.87,22-05-23-08-36-50-014
17.72,42.02,60.91,90.53,22-05-23-08-36-50-048
19.12,44.25,63.27,89.52,22-05-23-08-36-50-079
20.01,45.63,64.98,88.93,22-05-23-08-36-50-114
20.62,46.56,68.23,88.61,22-05-23-08-36-50-147
20.97,47.03,72.66,88.15,22-05-23-08-36-50-182
21.20,44.41,78.21,85.75,22-05-23-08-36-50-214
21.48,40.60,79.69,83.62,22-05-23-08-36-50-246
21.82,36.48,80.79,81.51,22-05-23-08-36-50-279
22.23,32.98,81.55,79.69,22-05-23-08-36-50-312
22.56,30.59,83.02,78.24,22-05-23-08-36-50-347
22.84,28.80,84.33,77.11,22-05-23-08-36-50-380
22.99,27.37,84.95,76.34,22-05-23-08-36-50-413
23.10,25.64,84.96,75.74,22-05-23-08-36-50-446
23.19,24.55,84.82,75.33,22-05-23-08-36-50-478
23.28,23.83,84.60,75.02,22-05-23-08-36-50-513
23.35,23.43,84.33,74.79,22-05-23-08-36-50-548
23.16,23.24,83.66,74.80,22-05-23-08-36-50-578
23.02,23.23,80.95,74.59,22-05-23-08-36-50-615
22.93,23.34,76.72,74.41,22-05-23-08-36-50-647
22.87,23.56,71.51,74.58,22-05-23-08-36-50-681
22.83,23.82,66.40,74.85,22-05-23-08-36-50-716
21.96,27.38,61.45,76.48,22-05-23-08-36-50-745
21.10,30.95,57.17,78.24,22-05-23-08-36-50-780
20.56,33.74,53.17,79.80,22-05-23-08-36-50-814
20.23,35.73,49.71,81.09,22-05-23-08-36-50-846
19.88,37.08,44.80,82.71,22-05-23-08-36-50-879
19.63,38.06,39.42,83.81,22-05-23-08-36-50-914
19.44,38.75,28.27,85.29,22-05-23-08-36-50-946
19.28,39.22,23.30,85.44,22-05-23-08-36-50-981
19.24,39.54,17.97,85.31,22-05-23-08-36-51-011
19.32,39.36,15.22,85.43,22-05-23-08-36-51-048
19.38,39.12,13.37,85.45,22-05-23-08-36-51-082
23.76,18.16,9.42,100.09,22-05-23-08-36-51-112
26.05,15.97,8.60,104.24,22-05-23-08-36-51-147
27.55,15.27,4.26,99.39,22-05-23-08-36-51-179
28.69,15.65,-20.75,96.58,22-05-23-08-36-51-214
29.60,17.23,-33.28,95.32,22-05-23-08-36-51-246
30.29,20.35,-42.49,93.66,22-05-23-08-36-51-281
31.28,24.38,-48.61,93.17,22-05-23-08-36-51-314
31.88,26.63,-55.81,96.53,22-05-23-08-36-51-345
31.84,41.07,-62.65,92.22,22-05-23-08-36-51-381
32.10,45.34,-65.83,92.68,22-05-23-08-36-51-414
32.26,47.37,-67.55,94.27,22-05-23-08-36-51-447
32.49,43.87,-67.37,96.09,22-05-23-08-36-51-481
32.32,40.55,-68.50,100.45,22-05-23-08-36-51-511
32.00,37.96,-68.98,98.01,22-05-23-08-36-51-548
31.67,36.02,-68.58,97.02,22-05-23-08-36-51-580
31.33,34.59,-68.04,96.16,22-05-23-08-36-51-612
30.90,33.52,-67.32,95.41,22-05-23-08-36-51-645
30.49,32.75,-66.65,94.75,22-05-23-08-36-51-682
29.98,32.22,-65.89,94.10,22-05-23-08-36-51-716
29.17,32.01,-63.59,95.71,22-05-23-08-36-51-746
28.44,31.94,-61.05,97.99,22-05-23-08-36-51-779
27.52,32.06,-59.11,98.64,22-05-23-08-36-51-815
26.82,32.25,-57.59,98.80,22-05-23-08-36-51-847
26.15,31.75,-54.72,98.35,22-05-23-08-36-51-880
25.60,31.14,-50.57,96.69,22-05-23-08-36-51-912
25.17,30.48,-46.78,95.14,22-05-23-08-36-51-950
24.86,29.63,-42.08,93.50,22-05-23-08-36-51-981
24.77,29.18,-34.07,91.52,22-05-23-08-36-52-013
24.75,28.97,-25.43,90.81,22-05-23-08-36-52-048
22.97,16.87,-19.69,97.75,22-05-23-08-36-52-078
22.74,14.54,-17.90,100.74,22-05-23-08-36-52-113
22.57,13.24,-17.12,101.22,22-05-23-08-36-52-147
22.47,12.48,-17.29,101.14,22-05-23-08-36-52-180
21.60,11.11,-17.20,100.81,22-05-23-08-36-52-212
21.20,10.89,-17.45,100.13,22-05-23-08-36-52-247
20.93,11.08,14.44,91.86,22-05-23-08-36-52-279
19.26,19.58,30.55,86.83,22-05-23-08-36-52-314
18.76,25.73,44.42,83.65,22-05-23-08-36-52-346
18.72,29.90,51.57,83.15,22-05-23-08-36-52-381
18.73,32.61,56.22,83.02,22-05-23-08-36-52-416
18.82,34.56,61.64,82.88,22-05-23-08-36-52-446
18.94,35.64,64.87,83.45,22-05-23-08-36-52-480
19.12,36.15,66.62,84.01,22-05-23-08-36-52-514
19.38,36.13,68.41,84.19,22-05-23-08-36-52-544
19.67,35.67,70.23,84.28,22-05-23-08-36-52-578
19.95,35.31,73.75,84.55,22-05-23-08-36-52-611
23.12,27.14,77.85,78.94,22-05-23-08-36-52-644
25.61,22.26,79.92,74.58,22-05-23-08-36-52-680
27.07,19.84,82.10,72.03,22-05-23-08-36-52-713
28.01,18.18,84.60,70.36,22-05-23-08-36-52-745
28.58,17.02,86.46,69.28,22-05-23-08-36-52-781
28.62,15.18,87.51,68.74,22-05-23-08-36-52-813
28.51,13.55,88.15,68.49,22-05-23-08-36-52-848
28.22,12.09,88.53,68.43,22-05-23-08-36-52-879
27.88,11.00,88.68,68.50,22-05-23-08-36-52-915
27.59,10.23,88.68,68.58,22-05-23-08-36-52-945
27.33,9.67,88.54,68.69,22-05-23-08-36-52-977
27.15,9.41,88.36,68.76,22-05-23-08-36-53-015
27.03,9.33,88.05,68.79,22-05-23-08-36-53-046
26.93,9.34,87.13,68.98,22-05-23-08-36-53-078
26.82,9.40,84.36,69.57,22-05-23-08-36-53-111
26.76,9.53,78.50,70.41,22-05-23-08-36-53-149
26.60,9.99,72.96,71.28,22-05-23-08-36-53-179
26.52,10.65,67.04,72.01,22-05-23-08-36-53-222
26.47,11.43,60.98,73.26,22-05-23-08-36-53-249
25.40,14.00,53.44,75.56,22-05-23-08-36-53-278
24.33,18.69,49.85,77.32,22-05-23-08-36-53-316
23.70,22.83,42.15,80.52,22-05-23-08-36-53-348
23.48,26.30,39.21,81.17,22-05-23-08-36-53-381
23.38,28.57,36.01,81.80,22-05-23-08-36-53-413
23.33,30.07,32.07,82.60,22-05-23-08-36-53-446
23.30,31.07,23.04,85.60,22-05-23-08-36-53-478
24.24,32.81,10.47,88.18,22-05-23-08-36-53-514
25.69,28.41,4.51,88.34,22-05-23-08-36-53-547
26.34,26.69,1.50,89.07,22-05-23-08-36-53-580
29.03,24.74,-2.35,88.38,22-05-23-08-36-53-613
31.27,23.97,-15.25,87.03,22-05-23-08-36-53-651
33.62,26.21,-22.15,84.95,22-05-23-08-36-53-679
35.00,26.96,-32.31,91.24,22-05-23-08-36-53-714
36.24,27.85,-36.48,93.18,22-05-23-08-36-53-747
36.99,28.10,-43.06,97.67,22-05-23-08-36-53-777
37.48,28.78,-46.40,99.19,22-05-23-08-36-53-815
37.69,29.34,-53.88,101.63,22-05-23-08-36-53-853
37.70,29.79,-56.86,102.53,22-05-23-08-36-53-880
37.57,30.05,-60.68,102.15,22-05-23-08-36-53-914
37.29,30.32,-63.77,103.96,22-05-23-08-36-53-947
36.90,30.35,-65.06,104.69,22-05-23-08-36-53-979
36.48,30.30,-65.80,105.00,22-05-23-08-36-54-014
35.99,30.23,-66.20,105.13,22-05-23-08-36-54-045
35.35,30.14,-66.71,102.01,22-05-23-08-36-54-080
34.29,30.66,-66.42,101.24,22-05-23-08-36-54-114
33.45,30.94,-65.81,100.95,22-05-23-08-36-54-143
32.81,30.99,-64.97,101.00,22-05-23-08-36-54-179
32.29,30.96,-63.87,101.22,22-05-23-08-36-54-217
31.43,30.88,-59.88,101.55,22-05-23-08-36-54-246
30.54,30.84,-57.41,101.30,22-05-23-08-36-54-280
29.82,30.68,-54.59,100.64,22-05-23-08-36-54-314
29.25,30.50,-50.82,99.41,22-05-23-08-36-54-348
28.28,28.94,-43.84,98.31,22-05-23-08-36-54-378
27.63,27.75,-34.67,96.41,22-05-23-08-36-54-414
27.15,27.30,-29.97,95.60,22-05-23-08-36-54-446
26.82,27.02,-23.23,94.31,22-05-23-08-36-54-481
25.79,23.48,-19.87,94.61,22-05-23-08-36-54-515
25.18,22.04,-18.04,94.33,22-05-23-08-36-54-545
24.80,20.95,-17.20,94.12,22-05-23-08-36-54-579
24.57,20.23,-17.23,93.89,22-05-23-08-36-54-617
23.87,19.12,-17.55,94.07,22-05-23-08-36-54-648
23.30,18.30,-0.66,90.95,22-05-23-08-36-54-682
18.71,24.42,25.53,91.67,22-05-23-08-36-54-715
11.49,8.25,41.87,97.86,22-05-23-08-36-54-745
13.72,-63.50,44.63,109.24,22-05-23-08-36-54-779
14.12,-66.76,48.81,108.61,22-05-23-08-36-54-815
12.53,11.25,56.25,93.19,22-05-23-08-36-54-847
15.18,24.14,60.28,89.63,22-05-23-08-36-54-878
18.78,33.11,64.39,86.03,22-05-23-08-36-54-911
20.54,36.36,66.88,84.46,22-05-23-08-36-54-945
21.70,38.20,69.49,83.49,22-05-23-08-36-54-979
22.29,38.72,72.19,82.81,22-05-23-08-36-55-013
22.33,38.07,75.60,82.49,22-05-23-08-36-55-047
23.68,26.00,78.85,77.64,22-05-23-08-36-55-077
24.75,19.95,80.10,74.65,22-05-23-08-36-55-116
25.43,16.74,81.72,72.65,22-05-23-08-36-55-145
25.96,14.31,83.14,71.10,22-05-23-08-36-55-178
26.33,12.38,84.68,69.89,22-05-23-08-36-55-216
26.59,10.61,86.07,69.07,22-05-23-08-36-55-250
26.75,9.36,87.06,68.52,22-05-23-08-36-55-278
26.85,8.42,87.79,68.17,22-05-23-08-36-55-321
26.86,7.63,88.18,67.96,22-05-23-08-36-55-347
26.82,6.96,88.30,67.87,22-05-23-08-36-55-379
26.78,6.56,88.29,67.82,22-05-23-08-36-55-414
26.74,6.38,88.00,67.84,22-05-23-08-36-55-445
26.70,6.38,86.73,67.84,22-05-23-08-36-55-480
26.63,6.52,83.66,67.94,22-05-23-08-36-55-513
26.36,6.82,75.92,68.68,22-05-23-08-36-55-548
26.06,7.40,69.45,69.34,22-05-23-08-36-55-578
25.73,8.16,61.02,70.09,22-05-23-08-36-55-613
22.96,11.32,57.60,73.23,22-05-23-08-36-55-646
20.64,15.84,54.08,75.88,22-05-23-08-36-55-678
19.31,19.83,50.65,77.44,22-05-23-08-36-55-714
18.56,22.71,44.60,79.05,22-05-23-08-36-55-744
18.11,25.47,39.98,80.40,22-05-23-08-36-55-780
17.86,27.44,34.97,81.62,22-05-23-08-36-55-814
17.72,28.87,29.09,82.43,22-05-23-08-36-55-845
18.84,32.52,26.69,81.02,22-05-23-08-36-55-878
21.12,27.85,9.88,69.35,22-05-23-08-36-55-914
22.10,26.38,2.49,65.66,22-05-23-08-36-55-945
24.86,23.85,-5.15,63.57,22-05-23-08-36-55-981
27.95,23.40,-17.89,74.11,22-05-23-08-36-56-014
30.73,23.97,-27.01,84.00,22-05-23-08-36-56-047
37.02,43.44,-41.53,84.70,22-05-23-08-36-56-079
38.97,45.29,-46.82,87.68,22-05-23-08-36-56-115
40.05,45.88,-51.08,89.66,22-05-23-08-36-56-145
40.59,45.52,-55.46,93.59,22-05-23-08-36-56-180
40.48,44.33,-61.42,96.55,22-05-23-08-36-56-216
40.29,44.55,-67.83,98.19,22-05-23-08-36-56-249
39.82,44.55,-74.44,102.32,22-05-23-08-36-56-280
38.56,45.38,-76.06,101.92,22-05-23-08-36-56-317
37.41,45.90,-76.76,101.60,22-05-23-08-36-56-345
36.36,46.35,-76.49,100.69,22-05-23-08-36-56-380
35.51,46.63,-75.79,99.91,22-05-23-08-36-56-416
34.63,47.13,-75.07,99.15,22-05-23-08-36-56-449
33.89,47.43,-73.94,98.26,22-05-23-08-36-56-480
33.30,47.58,-73.20,97.74,22-05-23-08-36-56-517
32.66,47.83,-72.26,97.56,22-05-23-08-36-56-547
32.10,48.07,-71.42,97.38,22-05-23-08-36-56-578
31.61,48.25,-72.84,97.77,22-05-23-08-36-56-615
31.23,48.31,-70.99,97.63,22-05-23-08-36-56-646
30.93,48.27,-67.31,95.85,22-05-23-08-36-56-678
30.63,48.19,-63.87,94.46,22-05-23-08-36-56-716
29.83,46.61,-58.59,91.08,22-05-23-08-36-56-747
28.95,44.01,-52.57,91.20,22-05-23-08-36-56-782
28.11,40.34,-48.92,92.32,22-05-23-08-36-56-814
27.58,37.45,-45.82,92.83,22-05-23-08-36-56-844
27.02,29.93,-41.14,95.47,22-05-23-08-36-56-882
26.98,26.46,-34.10,94.64,22-05-23-08-36-56-914
27.04,24.29,-27.30,93.11,22-05-23-08-36-56-947
27.23,23.09,-20.30,91.09,22-05-23-08-36-56-980
26.85,11.21,-15.03,100.47,22-05-23-08-36-57-014
27.22,6.55,-12.98,105.73,22-05-23-08-36-57-045
27.47,4.48,-12.24,108.97,22-05-23-08-36-57-081
27.11,3.46,5.11,97.59,22-05-23-08-36-57-115
24.87,13.74,18.09,91.96,22-05-23-08-36-57-147
20.82,13.97,31.18,91.32,22-05-23-08-36-57-181
19.90,15.85,42.51,88.77,22-05-23-08-36-57-213
20.46,16.41,46.74,84.62,22-05-23-08-36-57-248
20.86,19.66,51.53,83.18,22-05-23-08-36-57-279
21.32,22.19,57.16,82.55,22-05-23-08-36-57-313
21.74,24.12,60.92,82.24,22-05-23-08-36-57-349
22.05,25.53,65.66,82.49,22-05-23-08-36-57-381
22.32,26.64,69.10,82.80,22-05-23-08-36-57-414
22.42,27.10,73.13,83.06,22-05-23-08-36-57-446
22.43,27.18,77.38,82.87,22-05-23-08-36-57-478
24.41,21.60,81.98,79.10,22-05-23-08-36-57-515
25.82,18.43,84.35,76.56,22-05-23-08-36-57-544
26.71,16.57,86.34,74.88,22-05-23-08-36-57-579
27.35,15.03,88.57,73.62,22-05-23-08-36-57-617
27.76,13.99,90.64,72.73,22-05-23-08-36-57-646
28.03,13.24,92.68,72.21,22-05-23-08-36-57-681
28.22,12.46,94.27,71.80,22-05-23-08-36-57-713
28.35,11.75,95.00,71.43,22-05-23-08-36-57-744
28.42,11.07,95.22,71.11,22-05-23-08-36-57-782
28.49,10.66,95.16,70.86,22-05-23-08-36-57-815
28.51,10.40,94.92,70.70,22-05-23-08-36-57-846
28.55,10.29,94.43,70.56,22-05-23-08-36-57-879
28.53,10.34,92.98,70.61,22-05-23-08-36-57-913
28.51,10.55,89.41,70.81,22-05-23-08-36-57-945
28.47,10.92,82.47,70.89,22-05-23-08-36-57-978
28.42,11.38,74.89,71.35,22-05-23-08-36-58-014
28.36,11.98,67.05,72.00,22-05-23-08-36-58-046
28.27,12.70,59.58,73.04,22-05-23-08-36-58-077
28.02,14.01,51.63,74.31,22-05-23-08-36-58-115
27.63,16.11,46.96,74.97,22-05-23-08-36-58-150
23.47,31.07,49.03,79.21,22-05-23-08-36-58-180
22.39,38.18,45.95,81.83,22-05-23-08-36-58-213
21.95,42.10,41.17,83.67,22-05-23-08-36-58-248
21.73,44.63,35.02,85.23,22-05-23-08-36-58-280
21.58,46.45,28.25,86.33,22-05-23-08-36-58-316
21.50,47.59,20.76,88.24,22-05-23-08-36-58-346
21.50,48.21,9.73,91.19,22-05-23-08-36-58-378
22.21,49.26,3.04,83.76,22-05-23-08-36-58-414
23.21,50.02,-0.14,79.35,22-05-23-08-36-58-448
25.50,50.35,-3.09,74.23,22-05-23-08-36-58-479
28.29,50.58,-20.82,78.95,22-05-23-08-36-58-515
30.03,50.41,-33.94,85.11,22-05-23-08-36-58-548
30.82,49.72,-42.45,89.26,22-05-23-08-36-58-580
27.41,36.54,-43.94,96.32,22-05-23-08-36-58-614
29.99,49.87,-52.49,93.13,22-05-23-08-36-58-646
31.13,53.88,-58.08,93.21,22-05-23-08-36-58-678
31.32,54.95,-62.82,93.36,22-05-23-08-36-58-715
31.31,55.32,-65.67,94.15,22-05-23-08-36-58-745
31.15,55.36,-67.96,95.10,22-05-23-08-36-58-778
30.85,55.18,-69.36,95.78,22-05-23-08-36-58-813
30.52,54.89,-70.17,96.13,22-05-23-08-36-58-849
30.18,54.49,-70.66,96.38,22-05-23-08-36-58-880
29.85,54.11,-70.94,96.55,22-05-23-08-36-58-914
29.54,53.85,-71.02,96.60,22-05-23-08-36-58-944
29.25,53.61,-70.98,96.60,22-05-23-08-36-58-981
29.00,53.38,-70.83,96.58,22-05-23-08-36-59-014
28.78,53.15,-70.60,96.54,22-05-23-08-36-59-044
28.59,52.94,-74.68,96.57,22-05-23-08-36-59-081
28.30,52.57,-75.65,96.47,22-05-23-08-36-59-114
27.91,51.96,-75.61,96.39,22-05-23-08-36-59-144
27.30,51.29,-68.90,95.03,22-05-23-08-36-59-177
26.76,50.47,-62.79,93.60,22-05-23-08-36-59-213
26.25,49.54,-59.02,92.58,22-05-23-08-36-59-247
25.69,48.25,-55.75,91.82,22-05-23-08-36-59-279
24.99,46.45,-50.99,90.51,22-05-23-08-36-59-314
23.84,43.71,-44.54,88.98,22-05-23-08-36-59-347
21.58,23.82,-33.95,94.98,22-05-23-08-36-59-378
21.30,12.24,-27.95,98.05,22-05-23-08-36-59-417
21.49,9.63,-21.48,96.98,22-05-23-08-36-59-447
21.65,7.76,-13.83,95.28,22-05-23-08-36-59-480
22.26,0.25,-10.13,99.24,22-05-23-08-36-59-514
22.61,-3.01,-8.47,101.74,22-05-23-08-36-59-546
22.95,-6.19,-8.03,106.28,22-05-23-08-36-59-578
22.45,-7.40,3.38,102.13,22-05-23-08-36-59-617
19.85,11.06,15.14,93.62,22-05-23-08-36-59-645
19.66,14.83,31.47,74.26,22-05-23-08-36-59-677
15.58,14.33,45.11,78.82,22-05-23-08-36-59-718
11.52,-21.24,46.28,91.98,22-05-23-08-36-59-746
11.40,-3.41,50.52,90.94,22-05-23-08-36-59-779
12.36,9.45,55.06,89.44,22-05-23-08-36-59-815
13.73,17.07,57.33,88.64,22-05-23-08-36-59-845
15.05,21.93,59.11,87.76,22-05-23-08-36-59-877
16.13,24.93,61.74,87.13,22-05-23-08-36-59-916
16.96,26.83,65.71,86.38,22-05-23-08-36-59-945
17.58,28.04,70.05,85.73,22-05-23-08-36-59-978
18.13,28.84,74.14,84.95,22-05-23-08-37-00-017
21.64,23.53,79.49,78.93,22-05-23-08-37-00-046
23.96,20.77,81.55,75.22,22-05-23-08-37-00-078
25.43,19.20,83.87,72.86,22-05-23-08-37-00-114
26.43,17.95,85.81,71.29,22-05-23-08-37-00-149
27.14,17.05,87.54,70.36,22-05-23-08-37-00-179
27.63,16.38,89.04,69.85,22-05-23-08-37-00-214
27.97,15.65,90.10,69.52,22-05-23-08-37-00-249
28.17,14.55,90.72,69.27,22-05-23-08-37-00-280
28.30,13.77,91.12,69.13,22-05-23-08-37-00-313
28.43,13.10,91.20,68.97,22-05-23-08-37-00-346
28.55,12.82,91.16,68.86,22-05-23-08-37-00-380
28.67,12.87,91.04,68.73,22-05-23-08-37-00-417
28.77,13.07,90.43,68.54,22-05-23-08-37-00-445
28.86,13.35,88.11,68.06,22-05-23-08-37-00-481
28.92,13.70,82.37,67.46,22-05-23-08-37-00-514
28.94,14.17,74.76,67.14,22-05-23-08-37-00-546
28.88,14.91,68.61,67.43,22-05-23-08-37-00-581
28.44,16.52,60.94,67.56,22-05-23-08-37-00-613
27.88,18.76,54.24,68.93,22-05-23-08-37-00-647
25.14,25.71,51.97,72.94,22-05-23-08-37-00-678
23.72,30.41,48.58,75.74,22-05-23-08-37-00-713
22.92,34.27,45.55,77.82,22-05-23-08-37-00-746
22.43,36.99,39.88,79.99,22-05-23-08-37-00-779
22.14,39.04,34.16,81.62,22-05-23-08-37-00-817
21.96,40.71,25.72,83.67,22-05-23-08-37-00-845
21.85,42.09,20.02,85.12,22-05-23-08-37-00-879
21.81,43.12,10.24,86.55,22-05-23-08-37-00-914
22.02,44.54,0.53,87.80,22-05-23-08-37-00-944
22.50,45.73,-2.47,87.54,22-05-23-08-37-00-979
25.04,40.19,-4.22,91.69,22-05-23-08-37-01-013
26.34,38.39,-5.26,91.55,22-05-23-08-37-01-046
27.95,36.68,-22.27,90.27,22-05-23-08-37-01-077
29.22,36.03,-33.29,90.40,22-05-23-08-37-01-114
30.43,35.62,-43.75,91.60,22-05-23-08-37-01-147
31.16,34.22,-48.18,93.07,22-05-23-08-37-01-177
31.86,32.97,-51.49,94.84,22-05-23-08-37-01-212
35.03,36.15,-59.63,96.27,22-05-23-08-37-01-248
36.62,37.79,-63.57,97.07,22-05-23-08-37-01-280
37.34,38.39,-65.92,98.04,22-05-23-08-37-01-313
37.47,39.38,-67.93,98.87,22-05-23-08-37-01-347
37.07,40.48,-70.49,99.42,22-05-23-08-37-01-379
36.23,41.74,-71.65,99.14,22-05-23-08-37-01-413
34.31,43.59,-71.34,97.95,22-05-23-08-37-01-446
32.47,44.27,-70.42,97.19,22-05-23-08-37-01-480
30.83,44.60,-69.35,96.56,22-05-23-08-37-01-513
29.52,44.52,-68.40,95.93,22-05-23-08-37-01-547
28.46,44.10,-67.41,95.50,22-05-23-08-37-01-580
27.62,43.61,-66.44,95.18,22-05-23-08-37-01-615
27.04,43.73,-64.27,94.62,22-05-23-08-37-01-645
26.63,43.79,-62.02,94.02,22-05-23-08-37-01-678
26.32,43.84,-59.26,93.45,22-05-23-08-37-01-713
26.09,43.80,-54.76,92.26,22-05-23-08-37-01-744
25.88,42.72,-51.75,91.95,22-05-23-08-37-01-778
25.76,41.56,-46.61,91.18,22-05-23-08-37-01-815
25.42,38.55,-40.21,91.12,22-05-23-08-37-01-845
25.38,36.66,-32.71,89.42,22-05-23-08-37-01-881
25.41,35.12,-28.39,88.77,22-05-23-08-37-01-916
26.10,35.01,-21.70,86.45,22-05-23-08-37-01-945
24.75,29.45,-18.29,93.85,22-05-23-08-37-01-980
24.33,26.96,-17.08,98.23,22-05-23-08-37-02-012
24.20,25.90,-16.92,101.13,22-05-23-08-37-02-045
22.04,27.18,-15.70,98.79,22-05-23-08-37-02-079
21.34,34.14,4.44,90.77,22-05-23-08-37-02-113
20.91,37.99,21.46,84.97,22-05-23-08-37-02-146
20.79,40.82,32.72,81.91,22-05-23-08-37-02-180
20.76,42.78,37.60,80.85,22-05-23-08-37-02-213
20.70,44.06,43.77,79.80,22-05-23-08-37-02-245
20.55,45.02,47.87,79.92,22-05-23-08-37-02-277
20.56,45.74,51.67,80.40,22-05-23-08-37-02-315
20.62,46.21,56.73,81.00,22-05-23-08-37-02-347
20.93,46.23,61.70,81.31,22-05-23-08-37-02-378
21.51,45.85,64.20,80.92,22-05-23-08-37-02-416
22.06,45.41,67.35,80.34,22-05-23-08-37-02-449
22.59,44.60,70.33,79.55,22-05-23-08-37-02-479
24.61,37.87,72.94,75.29,22-05-23-08-37-02-513
26.45,32.75,76.60,71.56,22-05-23-08-37-02-547
27.80,29.26,84.18,68.96,22-05-23-08-37-02-578
28.64,26.99,86.76,67.33,22-05-23-08-37-02-616
29.16,25.19,88.45,66.24,22-05-23-08-37-02-648
29.48,23.50,89.43,65.43,22-05-23-08-37-02-679
29.63,21.93,89.91,64.89,22-05-23-08-37-02-715
29.61,20.39,90.12,64.64,22-05-23-08-37-02-745
29.52,19.09,90.02,64.56,22-05-23-08-37-02-780
29.39,17.97,89.63,64.55,22-05-23-08-37-02-813
29.26,17.14,89.10,64.55,22-05-23-08-37-02-846
29.13,16.51,88.32,64.52,22-05-23-08-37-02-883
29.02,16.11,85.91,64.03,22-05-23-08-37-02-913
28.92,15.88,81.92,63.39,22-05-23-08-37-02-945
28.85,15.77,76.10,62.87,22-05-23-08-37-02-981
28.74,15.77,69.60,63.16,22-05-23-08-37-03-011
26.33,18.86,62.59,67.96,22-05-23-08-37-03-046
24.42,22.82,59.02,71.20,22-05-23-08-37-03-080
23.19,26.89,53.61,73.78,22-05-23-08-37-03-112
22.49,30.42,50.24,75.45,22-05-23-08-37-03-144
22.10,32.85,44.98,77.12,22-05-23-08-37-03-179
21.88,34.64,40.36,78.65,22-05-23-08-37-03-216
21.90,36.53,33.59,80.68,22-05-23-08-37-03-247
21.96,37.85,28.45,81.78,22-05-23-08-37-03-279
22.03,38.80,22.67,83.30,22-05-23-08-37-03-316
22.39,39.74,13.55,86.05,22-05-23-08-37-03-346
22.72,40.35,9.24,91.24,22-05-23-08-37-03-378
23.35,40.92,6.84,93.54,22-05-23-08-37-03-413
30.43,32.11,4.23,105.97,22-05-23-08-37-03-445
32.55,31.01,-20.04,87.11,22-05-23-08-37-03-478
33.85,30.28,-31.98,89.10,22-05-23-08-37-03-516
34.96,31.13,-40.20,88.03,22-05-23-08-37-03-545
35.80,33.23,-44.45,87.32,22-05-23-08-37-03-579
36.47,36.42,-49.79,89.02,22-05-23-08-37-03-611
36.97,39.01,-53.74,90.44,22-05-23-08-37-03-646
37.31,41.22,-57.21,92.05,22-05-23-08-37-03-680
37.48,42.87,-61.18,94.13,22-05-23-08-37-03-717
37.54,43.98,-65.21,96.21,22-05-23-08-37-03-747
37.49,44.72,-68.63,97.76,22-05-23-08-37-03-778
37.33,44.95,-71.11,98.95,22-05-23-08-37-03-816
37.01,45.45,-73.93,93.37,22-05-23-08-37-03-847
36.63,45.86,-75.10,89.38,22-05-23-08-37-03-879
36.22,46.16,-76.24,90.34,22-05-23-08-37-03-914
35.01,47.42,-75.90,91.12,22-05-23-08-37-03-945
33.93,48.29,-74.42,87.48,22-05-23-08-37-03-985
32.92,48.93,-74.03,88.58,22-05-23-08-37-04-016
31.50,49.57,-72.75,87.47,22-05-23-08-37-04-044
30.43,49.95,-71.59,86.65,22-05-23-08-37-04-079
29.41,50.32,-70.23,85.79,22-05-23-08-37-04-114
28.57,50.47,-68.25,86.99,22-05-23-08-37-04-145
27.81,50.26,-66.59,87.90,22-05-23-08-37-04-179
27.22,49.91,-65.30,88.61,22-05-23-08-37-04-214
26.80,49.59,-63.04,89.73,22-05-23-08-37-04-247
26.37,48.96,-60.77,90.43,22-05-23-08-37-04-278
26.07,48.44,-57.81,90.53,22-05-23-08-37-04-313
25.82,47.58,-55.01,90.45,22-05-23-08-37-04-347
24.97,39.18,-48.95,93.11,22-05-23-08-37-04-378
20.16,4.33,-32.69,101.42,22-05-23-08-37-04-413
22.39,21.15,-32.82,97.32,22-05-23-08-37-04-446
23.84,26.42,-27.95,94.72,22-05-23-08-37-04-480
25.08,29.94,-25.91,92.57,22-05-23-08-37-04-515
26.46,33.61,-25.67,90.40,22-05-23-08-37-04-550
25.36,26.31,-24.33,101.97,22-05-23-08-37-04-578
25.53,24.13,-24.07,106.42,22-05-23-08-37-04-616
25.72,23.37,-23.98,108.62,22-05-23-08-37-04-645
23.85,23.89,-22.74,101.59,22-05-23-08-37-04-682
22.97,24.45,2.62,93.71,22-05-23-08-37-04-716
22.61,24.92,23.18,84.00,22-05-23-08-37-04-745
22.39,25.36,34.04,79.05,22-05-23-08-37-04-777
22.41,31.20,41.69,77.96,22-05-23-08-37-04-815
22.52,34.63,46.66,78.01,22-05-23-08-37-04-848
22.56,36.57,53.40,78.29,22-05-23-08-37-04-877
22.61,37.87,59.60,79.10,22-05-23-08-37-04-912
22.66,38.85,64.62,80.09,22-05-23-08-37-04-946
22.72,39.55,67.67,80.54,22-05-23-08-37-04-979
22.71,39.69,70.87,80.77,22-05-23-08-37-05-013
22.68,39.54,73.78,80.82,22-05-23-08-37-05-046
22.66,39.23,77.01,80.83,22-05-23-08-37-05-080
23.82,31.68,82.52,76.18,22-05-23-08-37-05-114
25.08,26.26,84.96,72.65,22-05-23-08-37-05-147
25.91,22.89,86.84,70.44,22-05-23-08-37-05-178
26.56,20.12,88.70,68.63,22-05-23-08-37-05-214
27.10,17.62,90.17,67.05,22-05-23-08-37-05-244
27.34,15.67,91.30,65.91,22-05-23-08-37-05-279
27.41,14.18,92.11,65.12,22-05-23-08-37-05-313
26.59,12.63,92.12,65.35,22-05-23-08-37-05-346
26.40,11.22,91.96,65.18,22-05-23-08-37-05-381
26.34,10.21,91.69,65.04,22-05-23-08-37-05-413
26.34,9.54,91.31,64.94,22-05-23-08-37-05-445
26.34,9.22,90.62,64.96,22-05-23-08-37-05-479
26.39,9.06,88.36,65.40,22-05-23-08-37-05-513
26.49,9.16,84.01,66.35,22-05-23-08-37-05-547
26.61,9.56,79.19,67.27,22-05-23-08-37-05-581
26.81,10.38,72.20,68.51,22-05-23-08-37-05-613
26.77,11.97,67.23,69.57,22-05-23-08-37-05-645
24.08,22.35,62.39,72.47,22-05-23-08-37-05-678
23.01,28.63,57.49,75.07,22-05-23-08-37-05-714
22.52,32.64,53.73,76.79,22-05-23-08-37-05-745
22.29,35.28,49.95,78.17,22-05-23-08-37-05-781
22.20,37.38,46.27,79.16,22-05-23-08-37-05-814
22.02,39.02,42.51,79.47,22-05-23-08-37-05-844
21.77,40.28,32.12,81.18,22-05-23-08-37-05-879
21.67,41.39,26.50,82.34,22-05-23-08-37-05-913
21.65,42.15,15.74,85.16,22-05-23-08-37-05-944
21.79,42.78,6.00,89.71,22-05-23-08-37-05-980
22.11,43.30,2.98,90.40,22-05-23-08-37-06-015
27.83,37.04,-0.90,93.10,22-05-23-08-37-06-047
33.00,42.53,-18.19,87.63,22-05-23-08-37-06-079
35.11,43.89,-30.97,86.87,22-05-23-08-37-06-113
36.24,43.98,-39.34,87.61,22-05-23-08-37-06-148
36.95,43.88,-46.21,89.75,22-05-23-08-37-06-180
37.24,43.79,-50.53,91.44,22-05-23-08-37-06-214
36.99,44.41,-53.37,92.64,22-05-23-08-37-06-247
36.44,45.56,-56.09,94.18,22-05-23-08-37-06-278
35.85,46.94,-59.10,95.57,22-05-23-08-37-06-314
35.21,48.30,-61.68,96.58,22-05-23-08-37-06-346
34.55,49.48,-64.37,96.49,22-05-23-08-37-06-379
33.64,51.99,-66.75,97.38,22-05-23-08-37-06-416
32.91,54.57,-68.40,97.53,22-05-23-08-37-06-445
32.41,56.42,-69.49,97.57,22-05-23-08-37-06-478
32.03,57.72,-71.40,96.06,22-05-23-08-37-06-514
31.75,58.49,-72.15,95.95,22-05-23-08-37-06-545
31.43,58.78,-72.56,95.98,22-05-23-08-37-06-580
31.09,58.87,-72.73,96.06,22-05-23-08-37-06-613
30.81,58.90,-72.80,96.12,22-05-23-08-37-06-644
30.58,58.88,-72.57,96.20,22-05-23-08-37-06-677
30.35,58.86,-70.03,97.16,22-05-23-08-37-06-712
30.10,58.85,-68.97,96.93,22-05-23-08-37-06-746
29.86,58.91,-67.97,96.53,22-05-23-08-37-06-781
29.62,58.95,-64.71,91.78,22-05-23-08-37-06-813
29.34,58.94,-61.28,89.96,22-05-23-08-37-06-848
28.61,57.81,-57.95,89.33,22-05-23-08-37-06-882
25.02,49.25,-50.32,92.51,22-05-23-08-37-06-917
23.71,43.92,-42.05,93.82,22-05-23-08-37-06-946
23.06,40.84,-36.98,93.99,22-05-23-08-37-06-980
18.68,14.14,-22.13,100.96,22-05-23-08-37-07-015
21.71,18.02,-19.81,99.40,22-05-23-08-37-07-047
23.35,20.12,-19.11,98.44,22-05-23-08-37-07-081
24.11,16.60,-17.90,105.33,22-05-23-08-37-07-113
24.58,15.47,-12.06,97.73,22-05-23-08-37-07-145
25.79,11.46,-10.14,97.49,22-05-23-08-37-07-180
19.34,4.71,-5.83,93.47,22-05-23-08-37-07-215
18.06,1.90,-2.49,85.03,22-05-23-08-37-07-245
17.44,0.29,-0.48,81.29,22-05-23-08-37-07-277
20.48,15.10,23.54,76.11,22-05-23-08-37-07-314
16.37,-4.82,38.35,83.81,22-05-23-08-37-07-345
16.61,0.09,49.84,84.84,22-05-23-08-37-07-378
17.03,4.66,58.68,85.34,22-05-23-08-37-07-416
17.66,9.36,62.47,84.89,22-05-23-08-37-07-444
18.31,12.96,66.63,84.22,22-05-23-08-37-07-477
18.86,15.63,69.16,83.51,22-05-23-08-37-07-516
19.29,17.63,71.95,82.36,22-05-23-08-37-07-546
19.71,19.32,75.96,80.66,22-05-23-08-37-07-578
20.00,20.54,79.80,79.22,22-05-23-08-37-07-615
22.47,16.15,82.86,74.03,22-05-23-08-37-07-647
24.32,13.36,86.69,70.20,22-05-23-08-37-07-679
25.85,10.76,89.03,67.39,22-05-23-08-37-07-714
27.00,8.62,92.72,67.33,22-05-23-08-37-07-747
28.02,6.06,93.39,66.37,22-05-23-08-37-07-782
28.52,4.12,93.41,65.76,22-05-23-08-37-07-813
28.83,2.81,93.26,65.43,22-05-23-08-37-07-846
29.01,1.99,92.86,65.33,22-05-23-08-37-07-883
29.10,1.59,92.28,65.36,22-05-23-08-37-07-914
29.13,1.54,91.53,65.47,22-05-23-08-37-07-946
29.13,1.69,90.67,65.56,22-05-23-08-37-07-976
29.09,1.94,89.49,65.63,22-05-23-08-37-08-015
28.93,2.57,86.96,65.60,22-05-23-08-37-08-050
28.70,3.49,83.36,65.46,22-05-23-08-37-08-078
28.51,4.55,77.95,65.37,22-05-23-08-37-08-115
28.32,5.85,73.12,65.61,22-05-23-08-37-08-149
28.05,8.20,65.06,66.32,22-05-23-08-37-08-179
27.68,11.15,60.55,66.54,22-05-23-08-37-08-214
25.33,20.91,59.82,69.15,22-05-23-08-37-08-247
24.22,28.11,57.57,71.08,22-05-23-08-37-08-279
23.68,32.69,51.80,72.92,22-05-23-08-37-08-312
23.26,36.38,47.58,74.49,22-05-23-08-37-08-346
23.05,38.85,40.76,76.08,22-05-23-08-37-08-379
22.87,40.64,35.00,77.71,22-05-23-08-37-08-413
22.77,41.92,29.29,79.26,22-05-23-08-37-08-449
22.81,42.92,21.79,80.55,22-05-23-08-37-08-478
22.97,43.61,16.50,81.04,22-05-23-08-37-08-513
23.15,44.19,13.73,80.90,22-05-23-08-37-08-547
28.30,29.32,7.77,91.46,22-05-23-08-37-08-579
30.37,27.15,-10.47,91.29,22-05-23-08-37-08-613
31.68,26.47,-19.88,91.66,22-05-23-08-37-08-644
32.48,27.99,-31.62,89.48,22-05-23-08-37-08-679
32.90,30.92,-38.73,91.24,22-05-23-08-37-08-714
33.15,35.37,-42.99,90.91,22-05-23-08-37-08-744
33.10,38.83,-47.12,92.93,22-05-23-08-37-08-779
33.15,44.03,-50.55,92.94,22-05-23-08-37-08-818
33.94,55.72,-54.67,89.97,22-05-23-08-37-08-848
34.40,59.94,-58.70,90.35,22-05-23-08-37-08-880
33.61,61.77,-60.98,90.69,22-05-23-08-37-08-916
33.37,63.06,-64.39,91.57,22-05-23-08-37-08-946
32.50,64.12,-66.33,92.12,22-05-23-08-37-08-979
31.58,64.62,-71.76,94.22,22-05-23-08-37-09-013
30.78,64.64,-78.25,95.31,22-05-23-08-37-09-045
30.05,64.34,-79.98,95.34,22-05-23-08-37-09-080
29.42,63.73,-80.79,95.34,22-05-23-08-37-09-115
28.88,62.99,-81.03,95.11,22-05-23-08-37-09-147
28.43,62.30,-80.61,94.64,22-05-23-08-37-09-181
28.07,61.53,-75.29,91.96,22-05-23-08-37-09-214
27.81,60.88,-68.11,88.17,22-05-23-08-37-09-246
27.61,60.30,-61.24,86.65,22-05-23-08-37-09-278
27.44,59.88,-57.81,86.06,22-05-23-08-37-09-313
27.30,59.54,-55.28,85.82,22-05-23-08-37-09-344
27.16,59.24,-51.78,85.46,22-05-23-08-37-09-379
27.02,59.21,-49.26,85.43,22-05-23-08-37-09-415
26.94,59.59,-46.71,85.62,22-05-23-08-37-09-445
26.83,59.95,-41.42,85.53,22-05-23-08-37-09-479
26.67,60.80,-37.01,85.11,22-05-23-08-37-09-513
26.50,59.57,-28.89,83.89,22-05-23-08-37-09-546
21.96,54.02,-18.56,84.47,22-05-23-08-37-09-578
22.70,52.48,-12.52,82.87,22-05-23-08-37-09-613
20.97,29.16,-7.94,98.02,22-05-23-08-37-09-645
18.93,28.21,-6.45,98.56,22-05-23-08-37-09-678
16.81,28.55,-6.31,98.97,22-05-23-08-37-09-721
16.08,28.92,-7.15,98.27,22-05-23-08-37-09-746
15.65,28.50,-6.46,98.96,22-05-23-08-37-09-777
15.37,29.76,25.86,86.24,22-05-23-08-37-09-817
15.24,31.38,37.94,82.42,22-05-23-08-37-09-846
15.34,33.19,49.54,79.55,22-05-23-08-37-09-878
15.55,34.54,57.42,78.94,22-05-23-08-37-09-913
15.94,35.42,61.61,78.85,22-05-23-08-37-09-944
16.54,35.76,66.09,78.69,22-05-23-08-37-09-981
17.21,35.76,68.84,78.76,22-05-23-08-37-10-013
17.81,35.07,72.69,79.05,22-05-23-08-37-10-047
18.29,34.26,75.60,79.02,22-05-23-08-37-10-080
18.85,32.35,79.05,78.88,22-05-23-08-37-10-110
23.03,19.71,81.47,73.03,22-05-23-08-37-10-148
25.36,14.84,83.32,69.75,22-05-23-08-37-10-178
26.88,12.00,85.09,67.45,22-05-23-08-37-10-214
27.83,10.44,86.99,65.82,22-05-23-08-37-10-246
28.48,9.32,88.84,64.51,22-05-23-08-37-10-276
28.71,8.03,89.82,63.60,22-05-23-08-37-10-313
28.76,6.73,90.38,62.95,22-05-23-08-37-10-344
28.50,5.23,90.51,62.63,22-05-23-08-37-10-379
28.05,3.63,90.20,62.62,22-05-23-08-37-10-414
27.72,2.56,89.93,62.62,22-05-23-08-37-10-445
27.47,1.82,89.64,62.64,22-05-23-08-37-10-480
27.33,1.42,89.33,62.62,22-05-23-08-37-10-515
27.25,1.26,88.92,62.59,22-05-23-08-37-10-545
27.23,1.31,87.95,62.57,22-05-23-08-37-10-582
27.20,1.54,85.71,62.77,22-05-23-08-37-10-615
27.20,2.29,83.03,63.26,22-05-23-08-37-10-646
27.19,3.55,78.50,64.30,22-05-23-08-37-10-680
27.16,5.35,73.10,65.30,22-05-23-08-37-10-713
27.07,7.85,68.96,66.18,22-05-23-08-37-10-746
26.96,10.96,61.73,67.57,22-05-23-08-37-10-779
24.63,22.28,61.47,70.12,22-05-23-08-37-10-813
23.75,28.97,59.15,71.71,22-05-23-08-37-10-846
23.36,34.05,55.07,72.91,22-05-23-08-37-10-882
23.21,37.43,49.45,74.06,22-05-23-08-37-10-914
23.13,40.33,44.90,75.18,22-05-23-08-37-10-949
23.11,42.58,37.98,76.79,22-05-23-08-37-10-979
23.10,44.22,31.36,77.85,22-05-23-08-37-11-013
23.13,45.40,22.62,79.78,22-05-23-08-37-11-047
23.19,46.33,14.58,81.89,22-05-23-08-37-11-085
24.06,48.68,4.29,83.11,22-05-23-08-37-11-112
25.02,50.37,0.98,82.34,22-05-23-08-37-11-146
26.75,45.05,-0.97,87.12,22-05-23-08-37-11-176
34.30,53.62,-22.94,78.91,22-05-23-08-37-11-214
28.94,41.11,-28.54,86.77,22-05-23-08-37-11-248
29.36,41.34,-33.98,91.90,22-05-23-08-37-11-277
29.22,40.32,-40.65,94.72,22-05-23-08-37-11-313
29.08,41.02,-44.63,96.47,22-05-23-08-37-11-348
29.14,43.35,-48.05,97.03,22-05-23-08-37-11-379
29.23,44.91,-50.81,97.92,22-05-23-08-37-11-414
31.04,52.69,-60.39,97.97,22-05-23-08-37-11-445
32.52,57.01,-68.17,97.59,22-05-23-08-37-11-478
33.13,59.16,-71.47,98.64,22-05-23-08-37-11-515
33.43,60.38,-73.40,99.14,22-05-23-08-37-11-546
33.57,61.21,-74.31,99.48,22-05-23-08-37-11-580
33.63,61.73,-73.87,99.73,22-05-23-08-37-11-616
33.66,62.07,-73.36,99.88,22-05-23-08-37-11-648
33.51,62.27,-72.70,99.88,22-05-23-08-37-11-678
33.28,62.35,-72.01,99.81,22-05-23-08-37-11-717
33.10,62.34,-71.43,99.72,22-05-23-08-37-11-746
32.86,62.28,-70.91,99.60,22-05-23-08-37-11-778
32.63,62.23,-70.46,99.45,22-05-23-08-37-11-815
32.38,62.23,-70.04,99.28,22-05-23-08-37-11-851
32.13,62.34,-69.30,99.73,22-05-23-08-37-11-880
31.76,62.56,-68.34,98.90,22-05-23-08-37-11-915
31.22,62.84,-67.21,97.74,22-05-23-08-37-11-947
30.40,63.21,-63.36,95.62,22-05-23-08-37-11-979
29.34,63.06,-59.09,93.41,22-05-23-08-37-12-014
28.64,62.75,-54.23,90.81,22-05-23-08-37-12-046
25.57,55.67,-46.62,92.29,22-05-23-08-37-12-079
24.59,52.85,-41.22,92.02,22-05-23-08-37-12-114
23.25,47.10,-31.14,92.14,22-05-23-08-37-12-145
22.79,43.82,-25.78,92.37,22-05-23-08-37-12-178
22.69,41.68,-19.01,90.87,22-05-23-08-37-12-212
19.45,27.56,-14.51,101.17,22-05-23-08-37-12-244
18.24,26.68,-13.16,101.76,22-05-23-08-37-12-279
8.07,10.97,-4.83,101.96,22-05-23-08-37-12-315
11.91,36.38,-2.37,91.98,22-05-23-08-37-12-345
12.53,35.27,-2.02,90.42,22-05-23-08-37-12-380
13.33,33.22,18.87,88.85,22-05-23-08-37-12-414
14.25,31.22,12.86,89.28,22-05-23-08-37-12-443
14.02,29.83,32.69,88.35,22-05-23-08-37-12-478
11.12,-3.73,43.60,94.39,22-05-23-08-37-12-514
14.53,22.59,52.94,88.89,22-05-23-08-37-12-546
17.10,32.17,59.41,86.68,22-05-23-08-37-12-580
18.79,36.80,62.56,85.46,22-05-23-08-37-12-617
19.84,39.06,65.36,84.88,22-05-23-08-37-12-645
20.55,40.47,68.01,84.57,22-05-23-08-37-12-679
21.17,41.43,70.38,84.27,22-05-23-08-37-12-714
21.64,41.84,73.84,84.06,22-05-23-08-37-12-743
25.98,26.93,74.36,75.10,22-05-23-08-37-12-780
26.03,26.06,78.97,74.37,22-05-23-08-37-12-814
26.69,23.64,81.52,72.49,22-05-23-08-37-12-845
27.25,21.55,82.83,71.08,22-05-23-08-37-12-878
27.59,20.05,83.57,70.14,22-05-23-08-37-12-913
27.74,18.79,83.99,69.54,22-05-23-08-37-12-945
27.74,17.82,84.26,69.19,22-05-23-08-37-12-977
27.64,16.96,84.50,69.01,22-05-23-08-37-13-015
27.46,15.97,84.50,68.91,22-05-23-08-37-13-042
27.29,15.24,84.38,68.87,22-05-23-08-37-13-079
27.15,14.74,84.20,68.87,22-05-23-08-37-13-116
26.93,14.33,83.97,68.94,22-05-23-08-37-13-146
26.72,14.12,83.67,69.08,22-05-23-08-37-13-179
26.57,14.11,82.33,69.32,22-05-23-08-37-13-214
26.49,14.27,79.84,69.61,22-05-23-08-37-13-247
26.41,14.51,73.45,70.31,22-05-23-08-37-13-283
26.40,14.96,67.00,70.96,22-05-23-08-37-13-314
26.40,15.69,60.33,72.04,22-05-23-08-37-13-346
24.63,23.34,56.46,75.60,22-05-23-08-37-13-381
23.67,28.93,54.05,77.83,22-05-23-08-37-13-415
23.09,33.02,47.32,79.95,22-05-23-08-37-13-446
22.65,37.02,43.75,81.34,22-05-23-08-37-13-478
22.35,39.97,37.99,82.69,22-05-23-08-37-13-513
22.10,42.19,32.56,83.72,22-05-23-08-37-13-547
21.97,43.88,23.09,85.87,22-05-23-08-37-13-578
23.15,47.17,13.30,87.03,22-05-23-08-37-13-615
24.61,50.94,3.04,88.08,22-05-23-08-37-13-648
25.31,53.51,-2.67,88.06,22-05-23-08-37-13-678
27.26,57.54,-5.53,86.01,22-05-23-08-37-13-714
27.24,56.94,-5.97,91.58,22-05-23-08-37-13-746
31.81,64.31,-21.24,86.68,22-05-23-08-37-13-778
33.02,65.52,-30.98,85.82,22-05-23-08-37-13-814
34.36,67.41,-43.99,87.13,22-05-23-08-37-13-848
34.58,67.29,-49.89,88.51,22-05-23-08-37-13-878
26.65,55.52,-48.04,95.56,22-05-23-08-37-13-913
30.23,61.82,-54.31,94.09,22-05-23-08-37-13-946
31.62,64.48,-59.57,93.65,22-05-23-08-37-13-976
32.60,66.16,-63.58,93.83,22-05-23-08-37-14-016
33.16,67.31,-73.22,98.25,22-05-23-08-37-14-048
33.40,67.95,-81.03,100.52,22-05-23-08-37-14-080
33.38,68.35,-83.34,101.07,22-05-23-08-37-14-115
33.31,68.57,-84.83,101.39,22-05-23-08-37-14-146
33.24,68.70,-85.61,101.46,22-05-23-08-37-14-178
33.06,68.79,-85.73,101.28,22-05-23-08-37-14-214
32.87,68.85,-79.03,99.20,22-05-23-08-37-14-248
32.62,68.87,-76.73,98.48,22-05-23-08-37-14-280
32.30,68.82,-74.48,97.85,22-05-23-08-37-14-312
31.98,68.77,-72.99,97.48,22-05-23-08-37-14-345
31.69,68.70,-71.84,97.21,22-05-23-08-37-14-381
31.39,68.61,-70.73,96.75,22-05-23-08-37-14-414
31.07,68.49,-70.16,97.38,22-05-23-08-37-14-447
30.52,68.35,-69.36,96.79,22-05-23-08-37-14-480
29.73,68.38,-67.76,96.88,22-05-23-08-37-14-513
28.81,68.55,-66.54,96.62,22-05-23-08-37-14-546
27.79,68.95,-62.94,93.88,22-05-23-08-37-14-579
26.77,69.41,-59.76,92.32,22-05-23-08-37-14-616
25.87,69.68,-55.28,90.02,22-05-23-08-37-14-643
25.24,69.40,-50.14,87.96,22-05-23-08-37-14-680
22.98,63.64,-44.98,89.46,22-05-23-08-37-14-714
21.79,60.21,-36.42,87.77,22-05-23-08-37-14-746
23.39,60.96,-31.13,86.96,22-05-23-08-37-14-782
24.21,61.35,-26.55,85.98,22-05-23-08-37-14-815
23.38,56.22,-23.19,88.55,22-05-23-08-37-14-847
23.53,55.22,-18.73,87.95,22-05-23-08-37-14-877
20.25,51.48,-16.36,91.98,22-05-23-08-37-14-915
18.70,49.98,-16.24,93.54,22-05-23-08-37-14-949
18.15,50.07,-16.78,94.08,22-05-23-08-37-14-978
17.21,48.23,-15.03,93.75,22-05-23-08-37-15-016
16.80,47.03,23.44,87.25,22-05-23-08-37-15-045
16.67,46.65,35.04,88.83,22-05-23-08-37-15-078
15.57,44.80,44.84,90.34,22-05-23-08-37-15-113
15.51,44.25,50.61,90.53,22-05-23-08-37-15-146
15.54,44.05,53.68,90.68,22-05-23-08-37-15-179
15.80,43.93,57.73,90.66,22-05-23-08-37-15-213
16.85,43.41,61.08,89.88,22-05-23-08-37-15-248
17.82,43.01,63.44,89.01,22-05-23-08-37-15-279
18.88,42.82,66.96,87.58,22-05-23-08-37-15-315
19.56,42.41,69.71,86.65,22-05-23-08-37-15-344
20.14,40.93,72.98,85.43,22-05-23-08-37-15-377
20.58,39.71,76.78,84.25,22-05-23-08-37-15-414
22.91,30.48,80.51,78.33,22-05-23-08-37-15-446
24.60,25.38,81.90,74.74,22-05-23-08-37-15-481
25.72,22.56,83.48,72.53,22-05-23-08-37-15-514
26.56,20.77,84.55,71.02,22-05-23-08-37-15-545
27.17,19.56,85.46,70.00,22-05-23-08-37-15-580
27.59,18.58,86.11,69.28,22-05-23-08-37-15-613
27.89,17.94,86.58,68.81,22-05-23-08-37-15-646
28.14,17.26,86.78,68.45,22-05-23-08-37-15-678
28.31,16.79,86.86,68.18,22-05-23-08-37-15-714
28.43,16.53,86.74,67.95,22-05-23-08-37-15-747
28.51,16.41,85.76,67.46,22-05-23-08-37-15-780
28.56,16.43,83.32,66.65,22-05-23-08-37-15-814
28.56,16.58,78.35,65.63,22-05-23-08-37-15-845
26.95,18.64,72.67,66.54,22-05-23-08-37-15-879
24.38,22.57,65.16,67.69,22-05-23-08-37-15-915
22.42,27.24,59.72,70.92,22-05-23-08-37-15-946
21.19,31.47,57.06,73.39,22-05-23-08-37-15-979
20.49,34.64,54.78,75.35,22-05-23-08-37-16-015
20.09,37.77,51.43,77.83,22-05-23-08-37-16-048
19.89,40.00,47.34,80.17,22-05-23-08-37-16-078
19.78,41.60,43.06,82.43,22-05-23-08-37-16-116
19.72,42.76,38.03,84.59,22-05-23-08-37-16-144
19.85,43.72,33.58,85.86,22-05-23-08-37-16-177
20.19,44.42,25.33,87.82,22-05-23-08-37-16-212
20.62,44.89,19.94,88.64,22-05-23-08-37-16-245
23.21,47.16,9.32,87.52,22-05-23-08-37-16-282
21.25,42.51,2.42,91.86,22-05-23-08-37-16-313
28.52,19.07,0.52,103.78,22-05-23-08-37-16-343
30.55,17.06,-0.36,105.40,22-05-23-08-37-16-381
35.23,35.84,-20.68,95.60,22-05-23-08-37-16-417
38.79,46.80,-34.74,90.86,22-05-23-08-37-16-447
40.01,48.78,-44.31,90.81,22-05-23-08-37-16-480
40.50,49.55,-48.46,91.20,22-05-23-08-37-16-513
39.22,47.67,-50.83,93.95,22-05-23-08-37-16-544
39.07,47.21,-58.08,96.23,22-05-23-08-37-16-580
38.67,46.70,-61.63,97.93,22-05-23-08-37-16-613
38.07,47.75,-64.55,99.14,22-05-23-08-37-16-647
37.48,48.69,-66.83,98.73,22-05-23-08-37-16-679
37.01,48.90,-68.91,99.27,22-05-23-08-37-16-713
36.53,48.98,-70.18,99.51,22-05-23-08-37-16-749
35.99,49.06,-71.01,99.39,22-05-23-08-37-16-780
35.41,49.10,-71.55,99.17,22-05-23-08-37-16-813
34.82,49.06,-71.78,98.94,22-05-23-08-37-16-844
34.07,49.12,-71.65,98.58,22-05-23-08-37-16-879
33.34,49.11,-71.42,98.25,22-05-23-08-37-16-914
32.63,49.10,-71.08,97.91,22-05-23-08-37-16-945
32.04,49.04,-70.75,97.62,22-05-23-08-37-16-979
31.56,48.95,-70.45,97.39,22-05-23-08-37-17-013
31.16,48.87,-70.15,97.17,22-05-23-08-37-17-046
30.76,48.74,-69.77,96.88,22-05-23-08-37-17-081
30.35,48.65,-69.32,96.54,22-05-23-08-37-17-113
29.97,48.46,-68.79,96.22,22-05-23-08-37-17-146
29.56,48.20,-67.88,95.81,22-05-23-08-37-17-179
28.86,47.72,-66.21,95.27,22-05-23-08-37-17-216
28.13,47.12,-63.88,94.52,22-05-23-08-37-17-246
27.42,46.56,-60.19,93.44,22-05-23-08-37-17-279
26.68,47.88,-56.71,92.20,22-05-23-08-37-17-314
26.30,50.22,-52.40,90.47,22-05-23-08-37-17-346
26.40,52.84,-48.82,88.72,22-05-23-08-37-17-375
25.85,56.53,-41.62,85.14,22-05-23-08-37-17-416
25.22,55.56,-35.46,83.87,22-05-23-08-37-17-446
24.27,50.44,-25.19,82.79,22-05-23-08-37-17-478
20.46,19.66,-13.92,91.37,22-05-23-08-37-17-513
20.85,12.59,-10.92,93.02,22-05-23-08-37-17-547
21.22,8.49,-9.19,95.54,22-05-23-08-37-17-582
22.75,5.47,-9.42,103.68,22-05-23-08-37-17-616
17.94,6.37,-9.40,99.27,22-05-23-08-37-17-647
18.37,24.35,8.40,92.20,22-05-23-08-37-17-677
11.84,1.67,26.59,96.83,22-05-23-08-37-17-713
12.84,21.63,38.74,91.39,22-05-23-08-37-17-747
14.01,29.90,43.42,89.10,22-05-23-08-37-17-780
17.06,30.37,47.94,82.46,22-05-23-08-37-17-814
18.21,31.66,50.65,80.07,22-05-23-08-37-17-847
19.19,32.69,53.74,78.80,22-05-23-08-37-17-878
19.88,33.62,58.30,78.65,22-05-23-08-37-17-913
20.43,34.36,61.36,78.44,22-05-23-08-37-17-946
21.06,35.26,66.80,78.30,22-05-23-08-37-17-981
21.50,35.94,71.28,78.36,22-05-23-08-37-18-014
21.86,36.50,75.50,78.59,22-05-23-08-37-18-048
22.71,33.62,82.33,76.12,22-05-23-08-37-18-080
23.91,28.98,84.33,73.64,22-05-23-08-37-18-112
24.99,25.27,85.97,71.49,22-05-23-08-37-18-145
25.87,22.60,88.49,69.92,22-05-23-08-37-18-179
26.52,20.85,90.16,68.81,22-05-23-08-37-18-215
26.94,19.08,92.60,67.91,22-05-23-08-37-18-246
27.30,17.46,94.96,67.07,22-05-23-08-37-18-280
27.53,16.38,96.32,66.54,22-05-23-08-37-18-315
27.66,15.74,96.98,66.22,22-05-23-08-37-18-344
27.74,15.34,97.31,66.02,22-05-23-08-37-18-379
27.80,14.98,97.26,65.85,22-05-23-08-37-18-415
27.84,14.60,96.93,65.70,22-05-23-08-37-18-446
27.89,14.48,96.47,65.65,22-05-23-08-37-18-477
27.93,14.55,95.36,65.74,22-05-23-08-37-18-512
27.91,14.72,92.33,65.95,22-05-23-08-37-18-545
27.90,14.93,87.00,66.06,22-05-23-08-37-18-580
26.70,16.44,80.17,67.29,22-05-23-08-37-18-615
25.54,18.15,74.57,68.60,22-05-23-08-37-18-644
24.84,19.62,65.73,68.98,22-05-23-08-37-18-678
22.98,25.54,62.82,71.41,22-05-23-08-37-18-714
21.94,30.66,58.40,73.48,22-05-23-08-37-18-747
21.40,35.26,54.54,75.13,22-05-23-08-37-18-780
21.25,39.28,50.11,76.76,22-05-23-08-37-18-817
21.19,41.93,45.09,78.51,22-05-23-08-37-18-845
21.22,43.94,35.43,79.71,22-05-23-08-37-18-877
21.29,45.36,30.33,80.51,22-05-23-08-37-18-916
21.38,46.31,24.53,81.67,22-05-23-08-37-18-944
21.50,46.89,20.35,82.04,22-05-23-08-37-18-977
21.91,47.36,10.46,84.10,22-05-23-08-37-19-012
23.79,50.07,6.84,82.75,22-05-23-08-37-19-045
35.98,61.47,-8.04,73.88,22-05-23-08-37-19-081
36.29,52.87,-21.24,76.54,22-05-23-08-37-19-115
38.25,51.29,-29.27,78.59,22-05-23-08-37-19-145
38.78,48.27,-38.74,85.14,22-05-23-08-37-19-181
38.78,45.77,-42.00,89.06,22-05-23-08-37-19-214
38.35,42.85,-48.29,95.73,22-05-23-08-37-19-247
37.70,39.58,-51.81,98.55,22-05-23-08-37-19-277
37.23,37.52,-56.75,101.79,22-05-23-08-37-19-314
36.84,36.08,-58.36,102.97,22-05-23-08-37-19-347
36.42,34.89,-59.93,103.96,22-05-23-08-37-19-380
35.94,33.97,-61.67,104.81,22-05-23-08-37-19-414
35.38,33.64,-62.93,105.15,22-05-23-08-37-19-444
34.78,34.96,-65.86,104.61,22-05-23-08-37-19-477
34.09,37.20,-68.05,104.42,22-05-23-08-37-19-516
33.55,39.65,-69.62,95.93,22-05-23-08-37-19-547
33.18,41.25,-70.94,94.80,22-05-23-08-37-19-579
32.83,42.66,-71.88,93.84,22-05-23-08-37-19-614
32.47,44.02,-72.48,93.31,22-05-23-08-37-19-645
31.98,45.41,-72.66,93.14,22-05-23-08-37-19-677
31.56,46.42,-72.64,93.28,22-05-23-08-37-19-712
31.24,47.09,-72.52,92.75,22-05-23-08-37-19-746
30.82,47.65,-72.20,92.28,22-05-23-08-37-19-779
30.32,48.16,-71.36,93.28,22-05-23-08-37-19-815
29.65,48.37,-70.06,94.21,22-05-23-08-37-19-844
29.02,48.57,-68.63,94.98,22-05-23-08-37-19-878
28.12,48.14,-65.21,93.47,22-05-23-08-37-19-914
27.28,47.56,-60.07,93.68,22-05-23-08-37-19-943
25.84,44.38,-54.37,94.74,22-05-23-08-37-19-979
24.53,39.71,-48.87,96.18,22-05-23-08-37-20-013
23.82,36.53,-40.61,95.47,22-05-23-08-37-20-045
23.50,33.59,-36.93,95.62,22-05-23-08-37-20-080
23.37,28.30,-32.72,97.31,22-05-23-08-37-20-114
23.62,26.70,-21.82,95.87,22-05-23-08-37-20-147
21.22,1.24,-11.87,103.26,22-05-23-08-37-20-180
23.26,13.15,-10.98,98.02,22-05-23-08-37-20-213
23.24,13.36,-9.65,98.06,22-05-23-08-37-20-244
23.21,13.44,-9.46,99.23,22-05-23-08-37-20-279
21.63,15.89,-12.87,96.91,22-05-23-08-37-20-313
21.60,26.53,-15.49,93.71,22-05-23-08-37-20-346
20.83,25.85,-16.10,93.34,22-05-23-08-37-20-381
20.63,26.06,11.40,92.78,22-05-23-08-37-20-413
20.54,26.12,36.78,87.07,22-05-23-08-37-20-446
19.80,26.63,48.81,86.39,22-05-23-08-37-20-478
19.42,27.28,55.74,86.36,22-05-23-08-37-20-513
19.13,27.93,60.15,86.55,22-05-23-08-37-20-548
18.96,28.57,63.98,86.91,22-05-23-08-37-20-578
18.82,29.04,66.84,87.27,22-05-23-08-37-20-613
18.74,29.54,70.00,87.46,22-05-23-08-37-20-645
18.67,29.91,74.13,87.73,22-05-23-08-37-20-679
18.67,30.15,77.74,87.80,22-05-23-08-37-20-714
25.56,17.43,82.27,77.90,22-05-23-08-37-20-744
28.57,13.48,84.39,73.59,22-05-23-08-37-20-780
30.04,11.19,87.16,71.38,22-05-23-08-37-20-813
30.83,9.34,89.22,69.75,22-05-23-08-37-20-846
31.14,7.48,91.25,68.51,22-05-23-08-37-20-877
30.75,5.35,92.00,68.10,22-05-23-08-37-20-913
30.18,3.56,92.07,68.07,22-05-23-08-37-20-944
29.68,2.53,91.94,68.12,22-05-23-08-37-20-979
29.14,1.54,91.79,68.13,22-05-23-08-37-21-014
28.73,1.19,91.75,67.99,22-05-23-08-37-21-048
28.38,1.26,91.77,67.40,22-05-23-08-37-21-079
28.10,1.48,91.66,65.73,22-05-23-08-37-21-116
27.86,1.77,91.24,63.52,22-05-23-08-37-21-146
27.65,2.13,90.25,59.76,22-05-23-08-37-21-179
27.39,2.36,88.66,55.98,22-05-23-08-37-21-214
26.96,2.41,86.04,51.78,22-05-23-08-37-21-245
26.38,2.22,82.44,48.45,22-05-23-08-37-21-283
25.88,2.11,79.85,45.73,22-05-23-08-37-21-314
25.39,2.00,75.12,41.32,22-05-23-08-37-21-347
24.84,1.85,70.92,38.45,22-05-23-08-37-21-377
24.20,1.72,66.50,35.40,22-05-23-08-37-21-413
23.27,1.34,62.76,32.76,22-05-23-08-37-21-448
22.15,1.36,666.00,28.21,22-05-23-08-37-21-475
21.10,1.53,666.00,25.38,22-05-23-08-37-21-514
19.89,1.81,666.00,21.08,22-05-23-08-37-21-548
18.79,2.22,666.00,16.43,22-05-23-08-37-21-578
17.61,2.28,666.00,15.13,22-05-23-08-37-21-615
16.52,2.16,666.00,14.89,22-05-23-08-37-21-650
15.55,1.50,666.00,15.09,22-05-23-08-37-21-677
14.56,0.33,666.00,15.80,22-05-23-08-37-21-713
13.66,-1.12,666.00,15.24,22-05-23-08-37-21-746
12.88,-2.77,666.00,15.61,22-05-23-08-37-21-778
12.20,-4.72,666.00,16.35,22-05-23-08-37-21-818
11.66,-6.66,666.00,17.22,22-05-23-08-37-21-844
11.25,-8.35,666.00,17.92,22-05-23-08-37-21-876
10.92,-9.94,666.00,21.61,22-05-23-08-37-21-916
10.65,-11.55,666.00,23.44,22-05-23-08-37-21-944
10.45,-12.93,666.00,24.61,22-05-23-08-37-21-979
10.29,-14.14,666.00,25.44,22-05-23-08-37-22-013
10.18,-15.09,666.00,26.01,22-05-23-08-37-22-045
10.10,-15.84,666.00,26.30,22-05-23-08-37-22-078
10.04,-16.41,666.00,26.34,22-05-23-08-37-22-116
9.99,-16.86,666.00,26.19,22-05-23-08-37-22-146
9.96,-17.14,666.00,25.96,22-05-23-08-37-22-177
9.93,-17.47,666.00,25.72,22-05-23-08-37-22-215
9.91,-17.73,666.00,24.01,22-05-23-08-37-22-249
9.89,-18.01,666.00,23.43,22-05-23-08-37-22-278
9.87,-18.29,666.00,23.13,22-05-23-08-37-22-317
9.84,-18.78,666.00,22.94,22-05-23-08-37-22-347
9.80,-19.21,666.00,22.74,22-05-23-08-37-22-378
9.76,-19.60,666.00,22.64,22-05-23-08-37-22-414
9.71,-19.89,666.00,22.57,22-05-23-08-37-22-443
9.67,-20.10,666.00,22.55,22-05-23-08-37-22-482
9.63,-20.36,666.00,22.60,22-05-23-08-37-22-513
9.61,-20.56,666.00,22.31,22-05-23-08-37-22-544
9.59,-20.71,666.00,22.37,22-05-23-08-37-22-579
9.58,-20.84,666.00,22.58,22-05-23-08-37-22-618
9.57,-20.95,666.00,22.84,22-05-23-08-37-22-647
9.57,-21.03,666.00,23.13,22-05-23-08-37-22-679
9.56,-21.10,666.00,23.45,22-05-23-08-37-22-715
9.55,-21.11,666.00,23.70,22-05-23-08-37-22-744
9.54,-21.11,666.00,23.87,22-05-23-08-37-22-779
9.52,-21.09,666.00,24.32,22-05-23-08-37-22-816
9.50,-21.02,666.00,24.64,22-05-23-08-37-22-845
9.47,-20.92,666.00,24.85,22-05-23-08-37-22-879
