Timestamp,Kinect_LeftShoulder_Ext.-Flex.,Kinect_LeftShoulder_Abd.-Add.,Kinect_LeftShoulder_Int.-Ext.,Kinect_LeftElbow_Ext.-Flex.,Kinect_RightShoulder_Ext.-Flex.,Kinect_RightShoulder_Abd.-Add.,Kinect_RightShoulder_Int.-Ext.,Kinect_RightElbow_Ext.-Flex.,18.92,-28.49,21:05:08:182,666.00,12.79
17.81,-27.64,21:05:09:741,666.00,12.47
17.60,-26.43,21:05:10:064,666.00,12.60
18.02,-25.18,21:05:10:385,666.00,12.05
18.24,-26.42,21:05:10:547,666.00,12.39
18.44,-27.21,21:05:10:698,666.00,12.41
18.49,-27.43,21:05:10:828,666.00,12.89
18.58,-27.52,21:05:10:954,666.00,12.84
18.67,-26.89,21:05:11:075,666.00,12.41
19.17,-27.31,21:05:11:195,666.00,12.38
19.53,-28.26,21:05:11:333,666.00,11.84
19.72,-28.77,21:05:11:451,666.00,11.74
19.85,-28.77,21:05:11:571,666.00,11.98
19.98,-28.91,21:05:11:688,666.00,11.80
19.67,-28.48,21:05:11:810,666.00,12.07
19.47,-28.83,21:05:11:931,666.00,12.23
19.45,-28.68,21:05:12:054,666.00,12.14
19.58,-28.74,21:05:12:171,666.00,11.98
19.83,-28.69,21:05:12:290,666.00,11.73
19.80,-28.48,21:05:12:408,666.00,11.67
19.74,-28.27,21:05:12:525,666.00,11.68
19.73,-28.48,21:05:12:638,666.00,12.27
19.55,-28.67,21:05:12:786,666.00,12.49
19.52,-28.43,21:05:12:910,666.00,12.25
19.53,-28.09,21:05:13:027,666.00,12.44
19.62,-28.28,21:05:13:149,666.00,12.42
19.59,-28.07,21:05:13:279,666.00,12.53
19.70,-28.22,21:05:13:401,666.00,12.19
19.66,-28.19,21:05:13:517,666.00,12.04
19.63,-28.21,21:05:13:632,666.00,11.93
19.72,-28.69,21:05:13:746,666.00,11.91
19.97,-28.82,21:05:13:869,666.00,11.36
23.39,-23.36,21:05:13:999,666.00,14.05
35.22,-13.46,21:05:14:123,666.00,14.11
46.48,-10.02,21:05:14:243,666.00,13.70
61.86,-6.47,21:05:14:375,666.00,17.24
79.09,-2.19,21:05:14:509,666.00,15.84
93.99,0.63,21:05:14:633,666.00,14.85
108.51,4.36,21:05:14:757,666.00,9.03
115.26,6.50,21:05:14:876,666.00,15.82
126.15,10.10,21:05:15:006,666.00,8.22
134.26,13.61,21:05:15:124,666.00,4.62
140.58,17.54,21:05:15:250,666.00,15.32
142.75,19.75,21:05:15:368,666.00,9.68
145.00,21.95,21:05:15:503,666.00,10.61
144.91,22.63,21:05:15:627,666.00,8.28
141.60,21.09,21:05:15:750,666.00,8.30
135.20,18.12,21:05:15:869,666.00,7.22
126.19,14.88,21:05:15:986,666.00,5.53
116.26,11.96,21:05:16:112,666.00,9.26
97.04,8.63,21:05:16:231,666.00,18.83
84.70,5.27,21:05:16:349,666.00,14.78
76.73,2.65,21:05:16:471,666.00,11.73
63.62,-1.57,21:05:16:589,666.00,11.90
55.43,-4.31,21:05:16:706,666.00,9.23
44.52,-6.80,21:05:16:830,666.00,10.90
34.98,-12.27,21:05:16:952,666.00,2.65
25.49,-21.02,21:05:17:079,666.00,8.02
16.43,-28.96,21:05:17:202,666.00,8.63
15.97,-28.70,21:05:17:323,666.00,11.89
17.72,-27.04,21:05:17:449,666.00,11.97
19.17,-25.18,21:05:17:579,666.00,10.99
25.32,-16.00,21:05:17:708,666.00,13.01
40.56,-9.44,21:05:17:833,666.00,17.44
58.29,-3.80,21:05:17:955,666.00,16.77
80.26,-1.03,21:05:18:090,666.00,10.46
96.91,1.89,21:05:18:223,666.00,12.20
110.59,3.98,21:05:18:353,666.00,13.50
119.92,5.57,21:05:18:483,666.00,9.35
129.76,9.36,21:05:18:604,666.00,7.86
137.11,12.01,21:05:18:732,666.00,10.90
142.02,16.54,21:05:18:858,666.00,9.15
143.38,17.76,21:05:18:979,666.00,12.24
143.43,18.76,21:05:19:102,666.00,10.62
143.54,19.52,21:05:19:220,666.00,8.22
139.34,17.62,21:05:19:347,666.00,8.28
128.45,14.26,21:05:19:469,666.00,8.50
114.15,11.60,21:05:19:590,666.00,10.40
104.56,11.78,21:05:19:711,666.00,8.55
88.55,7.58,21:05:19:831,666.00,10.33
72.28,5.84,21:05:19:960,666.00,8.42
56.43,2.13,21:05:20:086,666.00,12.69
47.14,-1.95,21:05:20:210,666.00,9.46
36.28,-6.92,21:05:20:334,666.00,6.48
27.22,-14.91,21:05:20:458,666.00,4.23
21.47,-20.25,21:05:20:576,666.00,7.76
19.21,-21.18,21:05:20:702,666.00,10.36
19.70,-20.79,21:05:20:829,666.00,11.69
21.23,-19.41,21:05:20:955,666.00,15.68
26.27,-13.74,21:05:21:094,666.00,14.31
37.18,-10.90,21:05:21:221,666.00,18.23
52.86,-5.13,21:05:21:352,666.00,17.74
68.73,1.66,21:05:21:472,666.00,2.52
78.41,2.14,21:05:21:591,666.00,14.25
94.11,3.53,21:05:21:720,666.00,12.38
105.85,5.66,21:05:21:836,666.00,14.30
118.41,8.72,21:05:21:961,666.00,10.37
129.43,13.13,21:05:22:086,666.00,13.62
136.46,17.22,21:05:22:211,666.00,6.47
141.31,21.01,21:05:22:333,666.00,8.32
142.09,23.22,21:05:22:468,666.00,9.28
141.52,23.49,21:05:22:592,666.00,9.33
140.77,23.33,21:05:22:712,666.00,9.86
137.81,21.27,21:05:22:833,666.00,7.95
133.59,17.97,21:05:22:955,666.00,8.06
123.12,14.83,21:05:23:085,666.00,6.17
111.20,12.14,21:05:23:208,666.00,8.30
94.57,7.92,21:05:23:337,666.00,8.81
77.61,3.15,21:05:23:460,666.00,8.69
66.84,0.31,21:05:23:583,666.00,1.87
48.27,-6.81,21:05:23:724,666.00,7.76
36.32,-11.37,21:05:23:856,666.00,3.97
28.29,-14.78,21:05:23:977,666.00,3.60
22.78,-16.93,21:05:24:099,666.00,6.48
21.78,-16.39,21:05:24:221,666.00,8.42
22.25,-14.64,21:05:24:353,666.00,9.34
23.93,-12.76,21:05:24:480,666.00,11.32
32.47,-7.92,21:05:24:597,666.00,13.10
46.90,-4.01,21:05:24:723,666.00,13.56
62.71,-3.76,21:05:24:854,666.00,15.59
73.62,-0.42,21:05:24:983,666.00,13.23
88.28,1.05,21:05:25:108,666.00,13.45
102.23,2.98,21:05:25:227,666.00,12.41
111.26,5.24,21:05:25:344,666.00,10.46
120.21,8.69,21:05:25:472,666.00,10.54
130.20,12.72,21:05:25:587,666.00,8.25
136.09,16.03,21:05:25:703,666.00,6.70
142.55,22.06,21:05:25:816,666.00,8.92
142.31,23.01,21:05:25:932,666.00,10.98
141.84,23.50,21:05:26:054,666.00,10.23
141.31,23.23,21:05:26:180,666.00,7.63
140.03,22.35,21:05:26:310,666.00,8.10
140.08,21.99,21:05:26:432,666.00,6.94
136.12,16.75,21:05:26:556,666.00,6.70
128.14,12.03,21:05:26:674,666.00,7.39
112.49,7.02,21:05:26:793,666.00,14.70
97.31,3.99,21:05:26:920,666.00,12.54
87.18,2.22,21:05:27:049,666.00,7.18
68.50,-0.16,21:05:27:189,666.00,3.22
52.00,-6.71,21:05:27:325,666.00,5.65
41.02,-9.49,21:05:27:442,666.00,5.31
30.27,-17.31,21:05:27:560,666.00,4.50
26.22,-20.30,21:05:27:682,666.00,4.95
26.41,-20.03,21:05:27:805,666.00,9.80
27.09,-19.62,21:05:27:926,666.00,9.98
27.40,-19.85,21:05:28:044,666.00,9.81
30.27,-18.66,21:05:28:168,666.00,12.83
41.26,-14.91,21:05:28:292,666.00,14.91
55.80,-10.53,21:05:28:420,666.00,20.22
70.23,-5.47,21:05:28:548,666.00,19.98
86.61,-3.15,21:05:28:678,666.00,14.05
103.97,0.77,21:05:28:801,666.00,11.80
120.43,4.17,21:05:28:926,666.00,6.36
130.69,7.73,21:05:29:052,666.00,10.05
136.89,11.09,21:05:29:176,666.00,11.96
141.94,15.89,21:05:29:303,666.00,9.47
143.53,19.38,21:05:29:426,666.00,12.59
143.60,20.95,21:05:29:545,666.00,10.26
145.53,22.17,21:05:29:662,666.00,8.90
143.74,20.55,21:05:29:781,666.00,9.07
144.78,20.77,21:05:29:899,666.00,8.13
139.32,16.75,21:05:30:023,666.00,7.02
133.55,13.18,21:05:30:143,666.00,8.22
120.16,9.13,21:05:30:274,666.00,6.23
101.51,3.14,21:05:30:395,666.00,12.37
87.56,0.54,21:05:30:528,666.00,7.46
72.34,-2.52,21:05:30:668,666.00,6.91
55.50,-5.00,21:05:30:790,666.00,4.80
46.62,-9.77,21:05:30:908,666.00,6.98
35.96,-12.79,21:05:31:026,666.00,6.02
29.67,-18.08,21:05:31:149,666.00,6.81
28.45,-18.99,21:05:31:267,666.00,7.80
28.46,-18.51,21:05:31:392,666.00,8.85
28.94,-18.06,21:05:31:508,666.00,9.97
29.20,-17.93,21:05:31:625,666.00,12.71
35.08,-12.44,21:05:31:750,666.00,12.31
47.09,-8.06,21:05:31:873,666.00,11.11
66.50,-2.30,21:05:31:992,666.00,9.30
77.45,-0.89,21:05:32:108,666.00,15.53
102.25,3.68,21:05:32:228,666.00,9.84
116.12,6.94,21:05:32:356,666.00,12.22
126.95,11.42,21:05:32:475,666.00,15.09
141.11,18.58,21:05:32:594,666.00,5.19
142.11,21.58,21:05:32:723,666.00,10.38
143.54,23.74,21:05:32:849,666.00,10.00
142.57,23.10,21:05:32:980,666.00,10.51
142.84,24.31,21:05:33:100,666.00,7.94
140.02,22.81,21:05:33:219,666.00,6.21
133.86,17.51,21:05:33:352,666.00,6.39
120.82,12.83,21:05:33:480,666.00,6.51
104.38,8.98,21:05:33:606,666.00,8.90
87.71,4.75,21:05:33:724,666.00,14.33
70.50,0.56,21:05:33:863,666.00,8.35
54.76,-1.78,21:05:33:989,666.00,11.83
45.99,-4.23,21:05:34:108,666.00,7.69
32.79,-8.07,21:05:34:223,666.00,7.13
26.42,-11.92,21:05:34:346,666.00,6.58
23.57,-13.84,21:05:34:468,666.00,9.25
23.51,-14.61,21:05:34:587,666.00,11.45
25.13,-14.65,21:05:34:724,666.00,12.79
28.16,-13.04,21:05:34:844,666.00,18.01
41.09,-5.07,21:05:34:968,666.00,18.36
66.98,2.83,21:05:35:100,666.00,4.15
85.05,6.52,21:05:35:225,666.00,12.10
103.45,6.41,21:05:35:353,666.00,14.99
115.33,9.33,21:05:35:477,666.00,9.96
125.88,13.59,21:05:35:592,666.00,11.22
132.68,17.38,21:05:35:721,666.00,13.52
136.50,21.45,21:05:35:839,666.00,8.01
137.47,23.87,21:05:35:958,666.00,12.32
137.50,24.48,21:05:36:085,666.00,9.96
136.67,24.53,21:05:36:209,666.00,7.68
136.01,24.06,21:05:36:335,666.00,6.72
133.87,21.57,21:05:36:455,666.00,5.22
128.02,17.65,21:05:36:593,666.00,9.54
111.83,10.48,21:05:36:720,666.00,11.47
100.07,9.21,21:05:36:839,666.00,11.11
82.32,3.42,21:05:36:961,666.00,8.06
63.91,-1.24,21:05:37:087,666.00,9.31
50.66,-4.29,21:05:37:217,666.00,8.69
36.01,-6.54,21:05:37:356,666.00,7.50
26.72,-10.76,21:05:37:475,666.00,7.16
23.74,-12.53,21:05:37:593,666.00,8.48
23.95,-12.46,21:05:37:720,666.00,12.56
24.45,-11.61,21:05:37:844,666.00,13.17
24.75,-10.56,21:05:37:963,666.00,12.50
25.81,-10.84,21:05:38:087,666.00,13.10
35.71,-8.37,21:05:38:219,666.00,13.00
45.99,-5.09,21:05:38:336,666.00,13.43
65.74,0.62,21:05:38:457,666.00,8.96
77.37,2.88,21:05:38:588,666.00,14.65
94.29,5.49,21:05:38:709,666.00,5.61
104.00,6.76,21:05:38:835,666.00,12.38
115.82,11.20,21:05:38:957,666.00,10.17
124.38,13.52,21:05:39:072,666.00,9.69
132.57,18.25,21:05:39:190,666.00,7.01
134.11,18.18,21:05:39:315,666.00,10.77
135.36,19.61,21:05:39:437,666.00,4.75
135.84,20.17,21:05:39:568,666.00,11.04
135.57,19.84,21:05:39:692,666.00,9.36
134.05,20.33,21:05:39:831,666.00,9.15
129.38,19.55,21:05:39:956,666.00,6.47
116.96,14.83,21:05:40:085,666.00,6.83
107.80,11.96,21:05:40:203,666.00,2.63
89.89,6.69,21:05:40:325,666.00,10.38
75.27,2.32,21:05:40:453,666.00,11.27
66.39,-0.38,21:05:40:575,666.00,4.48
50.18,-6.27,21:05:40:698,666.00,7.25
37.86,-12.24,21:05:40:819,666.00,5.08
29.79,-17.74,21:05:40:961,666.00,4.61
26.62,-19.53,21:05:41:094,666.00,6.28
26.20,-18.60,21:05:41:223,666.00,10.11
26.35,-17.45,21:05:41:350,666.00,11.24
26.35,-16.80,21:05:41:475,666.00,11.27
26.39,-16.29,21:05:41:605,666.00,11.69
28.81,-14.09,21:05:41:724,666.00,14.93
39.80,-7.49,21:05:41:851,666.00,15.36
52.71,-3.26,21:05:41:972,666.00,13.76
70.28,0.73,21:05:42:092,666.00,13.53
87.47,4.75,21:05:42:213,666.00,6.40
102.34,7.57,21:05:42:336,666.00,10.35
118.33,11.54,21:05:42:465,666.00,5.58
127.24,14.01,21:05:42:588,666.00,6.40
133.31,16.02,21:05:42:707,666.00,5.28
136.19,18.09,21:05:42:824,666.00,10.80
138.22,20.49,21:05:42:952,666.00,7.32
138.48,21.16,21:05:43:079,666.00,7.22
138.58,22.50,21:05:43:205,666.00,7.41
138.05,22.34,21:05:43:331,666.00,7.55
136.47,21.36,21:05:43:460,666.00,8.44
134.46,18.51,21:05:43:586,666.00,7.01
131.45,16.75,21:05:43:715,666.00,5.54
118.45,11.94,21:05:43:843,666.00,12.47
107.22,9.76,21:05:43:965,666.00,6.17
89.37,2.63,21:05:44:096,666.00,10.45
74.45,-0.17,21:05:44:224,666.00,14.36
67.87,-2.34,21:05:44:340,666.00,2.08
49.39,-7.63,21:05:44:465,666.00,11.43
37.23,-12.52,21:05:44:592,666.00,5.14
26.25,-19.11,21:05:44:720,666.00,6.22
23.66,-21.02,21:05:44:840,666.00,6.36
23.30,-20.87,21:05:44:965,666.00,11.49
23.48,-19.88,21:05:45:106,666.00,11.54
23.71,-19.71,21:05:45:242,666.00,11.54
23.43,-18.96,21:05:45:361,666.00,11.62
24.46,-15.67,21:05:45:487,666.00,15.53
40.22,-6.27,21:05:45:622,666.00,10.13
56.16,-2.22,21:05:45:752,666.00,16.60
71.28,1.41,21:05:45:874,666.00,18.41
90.29,4.64,21:05:45:994,666.00,11.03
103.23,7.44,21:05:46:127,666.00,12.24
112.65,8.43,21:05:46:255,666.00,13.82
120.04,12.06,21:05:46:377,666.00,7.63
124.96,13.63,21:05:46:499,666.00,10.50
127.29,15.00,21:05:46:625,666.00,15.76
128.07,16.11,21:05:46:754,666.00,13.92
127.93,16.23,21:05:46:874,666.00,13.56
127.14,16.23,21:05:46:996,666.00,8.88
125.81,15.46,21:05:47:133,666.00,8.70
124.37,14.89,21:05:47:257,666.00,7.94
117.02,12.53,21:05:47:380,666.00,3.97
103.12,7.57,21:05:47:502,666.00,1.28
80.52,-0.18,21:05:47:620,666.00,6.04
62.42,-5.58,21:05:47:756,666.00,3.33
43.63,-15.40,21:05:47:890,666.00,9.39
33.63,-22.67,21:05:48:021,666.00,3.97
28.82,-27.62,21:05:48:145,666.00,5.81
26.21,-30.64,21:05:48:269,666.00,3.84
25.58,-30.54,21:05:48:390,666.00,7.98
25.22,-28.53,21:05:48:519,666.00,12.42
24.51,-25.79,21:05:48:638,666.00,9.58
24.42,-23.72,21:05:48:755,666.00,11.13
24.91,-21.75,21:05:48:876,666.00,11.23
31.85,-15.31,21:05:48:996,666.00,15.03
46.73,-10.34,21:05:49:116,666.00,14.37
61.57,-8.10,21:05:49:245,666.00,15.63
75.50,-2.94,21:05:49:369,666.00,18.79
98.77,3.36,21:05:49:494,666.00,9.05
110.59,6.94,21:05:49:625,666.00,11.88
122.82,11.43,21:05:49:758,666.00,9.04
128.36,13.65,21:05:49:878,666.00,15.59
132.66,17.27,21:05:50:000,666.00,13.28
134.40,19.18,21:05:50:124,666.00,11.77
134.69,20.46,21:05:50:247,666.00,9.94
134.71,21.55,21:05:50:371,666.00,7.21
134.20,21.52,21:05:50:494,666.00,5.40
133.60,20.86,21:05:50:619,666.00,6.58
132.40,20.55,21:05:50:734,666.00,5.02
125.91,16.69,21:05:50:856,666.00,7.91
113.65,12.82,21:05:51:002,666.00,7.60
99.96,11.12,21:05:51:137,666.00,10.84
83.16,5.84,21:05:51:260,666.00,16.52
71.12,2.00,21:05:51:392,666.00,4.01
56.79,-0.02,21:05:51:534,666.00,12.91
44.94,-1.91,21:05:51:668,666.00,10.53
33.49,-5.95,21:05:51:802,666.00,4.81
25.74,-13.11,21:05:51:939,666.00,7.32
21.72,-13.00,21:05:52:068,666.00,8.80
21.66,-12.05,21:05:52:193,666.00,14.38
21.91,-11.17,21:05:52:326,666.00,14.15
23.94,-9.82,21:05:52:469,666.00,14.11
37.48,-3.89,21:05:52:605,666.00,10.74
55.44,0.51,21:05:52:737,666.00,16.06
77.14,3.39,21:05:52:868,666.00,12.50
97.28,7.21,21:05:52:998,666.00,6.89
110.09,9.70,21:05:53:131,666.00,11.08
121.72,13.14,21:05:53:262,666.00,6.83
131.74,15.97,21:05:53:391,666.00,11.37
135.85,18.02,21:05:53:523,666.00,11.96
138.50,20.50,21:05:53:654,666.00,10.13
138.86,21.57,21:05:53:791,666.00,10.76
138.18,20.69,21:05:53:921,666.00,7.89
137.47,19.50,21:05:54:047,666.00,5.46
132.05,13.31,21:05:54:180,666.00,11.00
121.93,10.56,21:05:54:306,666.00,6.98
107.18,6.37,21:05:54:432,666.00,8.27
90.20,0.81,21:05:54:554,666.00,16.00
77.25,-1.75,21:05:54:671,666.00,16.29
63.93,-1.34,21:05:54:800,666.00,10.59
48.28,-4.11,21:05:54:924,666.00,9.64
35.37,-4.31,21:05:55:053,666.00,7.95
28.14,-7.91,21:05:55:175,666.00,7.62
24.62,-11.25,21:05:55:289,666.00,8.45
23.87,-11.50,21:05:55:421,666.00,9.96
24.19,-10.89,21:05:55:553,666.00,13.02
24.27,-10.23,21:05:55:680,666.00,12.32
24.83,-9.35,21:05:55:803,666.00,12.83
30.43,-9.73,21:05:55:924,666.00,15.85
42.83,-9.09,21:05:56:040,666.00,15.88
63.43,-3.84,21:05:56:156,666.00,10.30
74.97,-2.59,21:05:56:287,666.00,17.50
89.73,0.29,21:05:56:407,666.00,15.67
104.63,4.33,21:05:56:528,666.00,11.31
119.02,8.84,21:05:56:655,666.00,7.81
127.83,10.71,21:05:56:783,666.00,13.45
134.65,12.64,21:05:56:911,666.00,16.34
138.79,15.17,21:05:57:050,666.00,11.08
139.96,15.53,21:05:57:182,666.00,10.84
140.80,16.08,21:05:57:304,666.00,7.75
139.60,15.38,21:05:57:422,666.00,9.12
136.52,13.82,21:05:57:550,666.00,10.31
133.56,13.14,21:05:57:674,666.00,6.70
127.40,11.48,21:05:57:794,666.00,4.97
119.60,9.62,21:05:57:910,666.00,6.37
107.54,7.19,21:05:58:028,666.00,2.60
90.54,3.73,21:05:58:150,666.00,12.04
78.76,1.50,21:05:58:269,666.00,15.56
67.72,-2.87,21:05:58:393,666.00,5.65
49.70,-6.66,21:05:58:521,666.00,9.95
42.22,-8.66,21:05:58:640,666.00,7.56
30.79,-13.83,21:05:58:763,666.00,9.62
26.01,-14.80,21:05:58:889,666.00,6.17
24.19,-14.78,21:05:59:009,666.00,8.79
24.63,-14.49,21:05:59:130,666.00,12.78
24.83,-12.86,21:05:59:255,666.00,11.92
25.48,-12.67,21:05:59:381,666.00,12.30
29.54,-11.63,21:05:59:504,666.00,15.30
43.87,-8.33,21:05:59:622,666.00,14.25
55.82,-3.81,21:05:59:738,666.00,15.90
72.79,-2.09,21:05:59:857,666.00,12.76
93.42,2.32,21:05:59:988,666.00,8.08
106.71,5.65,21:06:00:122,666.00,13.16
116.43,7.21,21:06:00:245,666.00,12.89
129.80,13.38,21:06:00:368,666.00,8.07
136.92,16.86,21:06:00:488,666.00,11.69
138.05,17.92,21:06:00:608,666.00,11.92
138.35,19.36,21:06:00:733,666.00,9.93
136.95,19.47,21:06:00:858,666.00,8.83
135.12,19.14,21:06:00:975,666.00,7.40
131.92,17.38,21:06:01:105,666.00,8.31
122.69,13.31,21:06:01:239,666.00,5.03
105.00,8.47,21:06:01:363,666.00,9.77
87.51,2.10,21:06:01:488,666.00,15.24
76.13,0.71,21:06:01:606,666.00,13.39
63.91,-1.64,21:06:01:727,666.00,8.73
51.55,-4.91,21:06:01:849,666.00,8.89
39.16,-10.60,21:06:01:975,666.00,4.60
29.33,-15.72,21:06:02:099,666.00,5.74
23.12,-23.61,21:06:02:224,666.00,6.55
22.08,-24.81,21:06:02:339,666.00,8.72
22.42,-25.36,21:06:02:464,666.00,10.68
22.57,-25.18,21:06:02:584,666.00,14.31
22.45,-23.19,21:06:02:708,666.00,15.08
22.20,-18.66,21:06:02:837,666.00,14.86
23.72,-14.12,21:06:02:958,666.00,14.66
28.18,-11.20,21:06:03:074,666.00,18.64
41.21,-5.04,21:06:03:193,666.00,19.11
63.63,1.47,21:06:03:316,666.00,8.12
74.70,2.62,21:06:03:446,666.00,12.80
95.22,5.77,21:06:03:571,666.00,11.91
109.63,10.30,21:06:03:692,666.00,14.64
124.91,15.31,21:06:03:823,666.00,6.45
130.81,16.11,21:06:03:944,666.00,7.88
137.23,18.33,21:06:04:067,666.00,10.97
137.59,19.31,21:06:04:183,666.00,10.00
138.17,18.54,21:06:04:301,666.00,7.04
137.06,17.69,21:06:04:418,666.00,5.74
135.56,17.79,21:06:04:544,666.00,5.03
133.85,15.47,21:06:04:674,666.00,5.25
127.51,11.96,21:06:04:794,666.00,3.91
110.94,7.26,21:06:04:916,666.00,13.03
100.02,5.51,21:06:05:038,666.00,12.09
81.87,-0.85,21:06:05:169,666.00,11.52
67.53,-4.52,21:06:05:289,666.00,6.21
50.93,-9.75,21:06:05:423,666.00,9.73
41.29,-14.37,21:06:05:545,666.00,7.14
31.43,-21.46,21:06:05:671,666.00,4.23
25.90,-26.69,21:06:05:792,666.00,5.89
24.43,-26.61,21:06:05:913,666.00,10.15
24.14,-24.78,21:06:06:031,666.00,13.13
23.81,-21.48,21:06:06:154,666.00,12.86
23.69,-18.76,21:06:06:279,666.00,11.24
25.80,-16.80,21:06:06:403,666.00,13.16
36.59,-10.51,21:06:06:522,666.00,13.30
45.61,-8.21,21:06:06:649,666.00,15.31
67.98,-1.95,21:06:06:766,666.00,4.90
77.49,-1.07,21:06:06:882,666.00,18.40
90.45,1.99,21:06:07:000,666.00,12.10
107.67,6.39,21:06:07:133,666.00,7.11
118.11,10.84,21:06:07:249,666.00,7.75
126.12,11.42,21:06:07:369,666.00,8.53
132.66,14.01,21:06:07:498,666.00,9.43
135.10,15.00,21:06:07:616,666.00,9.16
136.08,15.86,21:06:07:744,666.00,12.12
135.71,15.80,21:06:07:869,666.00,4.11
135.13,15.12,21:06:07:989,666.00,9.12
134.05,14.35,21:06:08:117,666.00,8.19
131.81,13.92,21:06:08:251,666.00,5.62
122.95,11.64,21:06:08:377,666.00,3.39
102.57,7.74,21:06:08:494,666.00,15.30
88.60,3.46,21:06:08:620,666.00,7.66
74.68,-0.39,21:06:08:739,666.00,6.14
56.73,-4.43,21:06:08:862,666.00,7.87
42.28,-10.46,21:06:08:983,666.00,7.37
32.45,-18.74,21:06:09:095,666.00,5.62
23.77,-28.53,21:06:09:216,666.00,7.14
22.38,-29.88,21:06:09:342,666.00,10.20
22.94,-27.71,21:06:09:462,666.00,14.69
23.66,-22.91,21:06:09:586,666.00,13.10
24.08,-20.98,21:06:09:706,666.00,12.30
28.09,-15.01,21:06:09:826,666.00,16.96
41.02,-8.88,21:06:09:955,666.00,17.45
54.59,-4.00,21:06:10:079,666.00,14.22
72.57,-0.27,21:06:10:196,666.00,12.97
91.42,4.65,21:06:10:324,666.00,11.58
102.92,8.37,21:06:10:445,666.00,11.39
117.56,12.13,21:06:10:569,666.00,6.52
129.20,16.13,21:06:10:688,666.00,6.16
132.10,16.94,21:06:10:811,666.00,9.37
136.21,18.52,21:06:10:934,666.00,8.74
136.83,18.86,21:06:11:057,666.00,7.83
138.03,18.23,21:06:11:177,666.00,7.94
136.39,16.24,21:06:11:294,666.00,7.62
136.08,15.73,21:06:11:424,666.00,7.84
134.31,15.45,21:06:11:556,666.00,7.08
131.67,14.21,21:06:11:678,666.00,5.78
123.64,10.92,21:06:11:800,666.00,5.13
109.95,7.24,21:06:11:924,666.00,12.21
90.17,2.44,21:06:12:073,666.00,15.97
78.58,0.90,21:06:12:211,666.00,8.52
65.82,-2.04,21:06:12:353,666.00,5.07
43.75,-11.53,21:06:12:505,666.00,11.60
31.72,-15.96,21:06:12:633,666.00,4.72
23.74,-25.36,21:06:12:766,666.00,5.15
20.89,-28.17,21:06:12:893,666.00,9.17
22.03,-24.31,21:06:13:032,666.00,10.78
22.35,-20.34,21:06:13:166,666.00,12.19
22.38,-19.32,21:06:13:310,666.00,13.07
22.84,-18.64,21:06:13:458,666.00,12.19
26.81,-14.89,21:06:13:600,666.00,14.90
41.76,-5.94,21:06:13:741,666.00,16.83
66.38,1.43,21:06:13:879,666.00,11.49
89.14,7.85,21:06:14:021,666.00,13.65
105.48,11.89,21:06:14:155,666.00,9.51
119.74,15.37,21:06:14:294,666.00,10.58
128.60,18.10,21:06:14:437,666.00,9.38
134.79,18.64,21:06:14:587,666.00,7.91
136.87,18.28,21:06:14:725,666.00,8.70
137.25,19.15,21:06:14:857,666.00,7.69
135.50,18.41,21:06:14:992,666.00,9.21
134.56,18.31,21:06:15:149,666.00,11.24
130.97,16.42,21:06:15:283,666.00,5.93
117.54,11.88,21:06:15:416,666.00,4.95
104.48,8.57,21:06:15:542,666.00,8.28
85.87,2.42,21:06:15:673,666.00,7.99
67.78,-2.52,21:06:15:795,666.00,1.39
48.51,-10.17,21:06:15:921,666.00,8.12
38.30,-17.20,21:06:16:037,666.00,8.75
30.28,-21.74,21:06:16:157,666.00,4.06
26.11,-26.77,21:06:16:291,666.00,4.63
25.01,-27.86,21:06:16:418,666.00,6.21
24.76,-27.86,21:06:16:543,666.00,10.31
24.62,-26.36,21:06:16:668,666.00,10.96
24.23,-23.40,21:06:16:789,666.00,11.37
24.53,-22.45,21:06:16:909,666.00,12.52
27.62,-18.92,21:06:17:035,666.00,11.96
35.75,-13.16,21:06:17:158,666.00,14.77
50.49,-9.10,21:06:17:290,666.00,14.14
65.74,-3.38,21:06:17:416,666.00,6.17
78.01,-2.54,21:06:17:544,666.00,17.30
100.26,3.35,21:06:17:662,666.00,13.00
114.75,8.52,21:06:17:793,666.00,10.02
124.79,12.36,21:06:17:923,666.00,9.18
132.65,15.78,21:06:18:050,666.00,9.54
134.09,16.21,21:06:18:171,666.00,16.88
135.51,17.52,21:06:18:293,666.00,9.41
136.26,17.47,21:06:18:418,666.00,6.76
135.40,17.33,21:06:18:539,666.00,11.93
134.02,16.86,21:06:18:661,666.00,8.11
130.91,15.84,21:06:18:784,666.00,8.19
123.91,13.77,21:06:18:911,666.00,7.94
107.71,9.17,21:06:19:038,666.00,6.19
88.72,5.49,21:06:19:158,666.00,15.28
78.16,3.91,21:06:19:276,666.00,8.65
64.06,-0.00,21:06:19:413,666.00,5.55
47.34,-6.95,21:06:19:548,666.00,6.31
33.69,-12.56,21:06:19:663,666.00,4.67
27.17,-19.25,21:06:19:781,666.00,5.71
25.20,-22.89,21:06:19:898,666.00,8.44
25.09,-24.10,21:06:20:019,666.00,9.09
24.99,-23.54,21:06:20:139,666.00,9.52
24.92,-22.24,21:06:20:257,666.00,9.70
25.16,-21.49,21:06:20:385,666.00,10.90
26.45,-19.28,21:06:20:510,666.00,12.13
33.47,-14.35,21:06:20:627,666.00,16.50
49.55,-8.55,21:06:20:760,666.00,15.98
66.72,-3.04,21:06:20:878,666.00,4.09
77.81,-1.45,21:06:21:008,666.00,15.35
97.65,2.47,21:06:21:126,666.00,10.97
111.84,7.05,21:06:21:257,666.00,11.47
124.17,10.23,21:06:21:373,666.00,0.93
132.27,11.86,21:06:21:497,666.00,9.52
139.08,13.93,21:06:21:631,666.00,10.02
137.96,13.81,21:06:21:764,666.00,7.42
137.18,14.97,21:06:21:886,666.00,7.28
137.22,14.53,21:06:22:004,666.00,9.38
133.34,13.00,21:06:22:137,666.00,4.94
128.20,10.80,21:06:22:261,666.00,4.50
116.24,6.60,21:06:22:386,666.00,5.20
104.61,3.10,21:06:22:501,666.00,11.11
90.18,0.94,21:06:22:630,666.00,6.56
75.25,-4.54,21:06:22:749,666.00,11.57
65.49,-7.68,21:06:22:868,666.00,6.43
47.89,-13.12,21:06:22:984,666.00,8.35
36.86,-18.68,21:06:23:105,666.00,8.66
26.69,-22.73,21:06:23:224,666.00,4.04
23.21,-27.41,21:06:23:353,666.00,8.04
22.89,-27.54,21:06:23:470,666.00,7.65
23.43,-27.55,21:06:23:587,666.00,8.86
23.30,-26.11,21:06:23:719,666.00,10.01
22.83,-24.85,21:06:23:849,666.00,8.47
23.19,-25.81,21:06:23:976,666.00,9.25
23.32,-25.40,21:06:24:093,666.00,10.47
25.30,-22.06,21:06:24:217,666.00,13.03
31.50,-16.54,21:06:24:347,666.00,17.94
47.13,-7.36,21:06:24:466,666.00,15.37
66.53,0.54,21:06:24:590,666.00,13.09
76.26,2.15,21:06:24:708,666.00,19.02
97.59,7.64,21:06:24:825,666.00,18.60
110.13,10.17,21:06:24:947,666.00,9.56
117.66,12.25,21:06:25:072,666.00,12.84
124.54,14.50,21:06:25:192,666.00,9.24
127.85,13.98,21:06:25:318,666.00,8.76
128.78,13.91,21:06:25:440,666.00,12.22
127.76,13.51,21:06:25:559,666.00,8.85
125.99,12.50,21:06:25:683,666.00,9.10
124.31,11.97,21:06:25:811,666.00,11.40
115.46,7.93,21:06:25:938,666.00,5.20
108.04,5.33,21:06:26:058,666.00,6.31
93.11,-0.56,21:06:26:185,666.00,12.34
86.72,-3.54,21:06:26:306,666.00,4.65
72.32,-8.16,21:06:26:435,666.00,10.22
58.41,-13.08,21:06:26:552,666.00,7.12
48.97,-18.31,21:06:26:669,666.00,9.24
35.97,-23.47,21:06:26:786,666.00,3.69
29.52,-26.01,21:06:26:908,666.00,4.97
26.18,-26.64,21:06:27:026,666.00,6.13
25.61,-25.04,21:06:27:159,666.00,7.75
25.52,-23.76,21:06:27:288,666.00,8.97
24.87,-22.30,21:06:27:410,666.00,9.23
24.55,-21.90,21:06:27:530,666.00,9.45
24.34,-19.73,21:06:27:652,666.00,10.14
24.59,-19.35,21:06:27:774,666.00,10.80
26.51,-17.31,21:06:27:892,666.00,13.09
37.95,-11.27,21:06:28:023,666.00,11.86
52.11,-5.57,21:06:28:150,666.00,14.36
66.76,-2.21,21:06:28:270,666.00,11.24
80.78,1.32,21:06:28:397,666.00,16.11
99.46,4.88,21:06:28:520,666.00,4.01
105.41,6.06,21:06:28:637,666.00,11.15
118.53,9.95,21:06:28:759,666.00,9.80
123.77,11.89,21:06:28:893,666.00,7.82
128.13,13.58,21:06:29:014,666.00,8.34
128.16,14.55,21:06:29:133,666.00,10.42
128.96,14.55,21:06:29:256,666.00,10.26
129.04,15.48,21:06:29:386,666.00,7.80
127.34,14.65,21:06:29:502,666.00,2.56
119.86,13.24,21:06:29:619,666.00,3.73
110.75,10.37,21:06:29:739,666.00,5.30
95.20,6.16,21:06:29:853,666.00,5.08
82.05,2.48,21:06:29:969,666.00,11.32
69.28,-1.50,21:06:30:090,666.00,6.86
56.44,-5.74,21:06:30:209,666.00,7.62
45.89,-10.62,21:06:30:326,666.00,5.64
33.58,-16.76,21:06:30:457,666.00,2.62
27.09,-20.68,21:06:30:583,666.00,3.44
25.31,-22.12,21:06:30:713,666.00,4.84
25.14,-22.38,21:06:30:833,666.00,6.57
24.95,-22.35,21:06:30:956,666.00,8.06
24.34,-21.71,21:06:31:092,666.00,7.96
24.55,-21.61,21:06:31:218,666.00,8.53
24.82,-20.54,21:06:31:336,666.00,9.29
27.78,-17.05,21:06:31:457,666.00,13.90
38.53,-11.52,21:06:31:575,666.00,13.63
51.10,-5.24,21:06:31:698,666.00,8.63
68.58,0.01,21:06:31:823,666.00,10.17
88.42,4.82,21:06:31:950,666.00,8.38
101.72,8.02,21:06:32:069,666.00,16.25
116.89,12.66,21:06:32:196,666.00,9.46
125.86,15.10,21:06:32:323,666.00,11.29
129.13,16.72,21:06:32:443,666.00,14.19
130.25,17.90,21:06:32:562,666.00,5.04
129.58,18.33,21:06:32:688,666.00,7.19
129.75,17.94,21:06:32:811,666.00,7.24
129.30,17.36,21:06:32:932,666.00,5.71
129.19,16.83,21:06:33:060,666.00,7.09
128.96,16.46,21:06:33:175,666.00,6.08
127.29,16.55,21:06:33:296,666.00,5.96
125.08,14.85,21:06:33:416,666.00,6.45
116.68,12.44,21:06:33:547,666.00,6.20
102.29,8.72,21:06:33:680,666.00,11.35
86.54,3.17,21:06:33:798,666.00,11.42
70.56,-1.97,21:06:33:917,666.00,6.30
55.85,-6.41,21:06:34:039,666.00,11.19
41.79,-12.25,21:06:34:165,666.00,6.19
30.09,-21.59,21:06:34:287,666.00,3.96
24.60,-27.54,21:06:34:411,666.00,7.31
24.11,-26.98,21:06:34:534,666.00,10.17
24.99,-24.89,21:06:34:662,666.00,11.62
25.40,-22.70,21:06:34:790,666.00,11.33
25.38,-22.46,21:06:34:909,666.00,11.00
25.61,-22.23,21:06:35:037,666.00,10.59
26.71,-21.76,21:06:35:157,666.00,11.28
28.85,-21.28,21:06:35:278,666.00,16.00
39.92,-15.66,21:06:35:405,666.00,13.68
51.35,-12.47,21:06:35:526,666.00,18.82
66.26,-7.11,21:06:35:641,666.00,10.88
79.94,-2.72,21:06:35:757,666.00,16.12
97.95,0.88,21:06:35:885,666.00,12.80
110.85,4.48,21:06:36:003,666.00,11.46
122.61,8.96,21:06:36:125,666.00,15.18
130.81,10.43,21:06:36:245,666.00,13.65
133.57,12.21,21:06:36:368,666.00,7.48
134.60,12.04,21:06:36:488,666.00,6.59
135.19,12.51,21:06:36:617,666.00,6.68
134.19,12.09,21:06:36:747,666.00,6.54
133.83,12.30,21:06:36:879,666.00,5.87
128.58,10.67,21:06:37:003,666.00,3.95
126.29,9.76,21:06:37:129,666.00,6.30
121.96,8.40,21:06:37:254,666.00,4.41
110.01,5.16,21:06:37:375,666.00,10.08
96.87,1.92,21:06:37:497,666.00,8.85
80.33,-1.98,21:06:37:620,666.00,12.05
71.75,-6.06,21:06:37:748,666.00,10.04
55.25,-10.38,21:06:37:872,666.00,8.60
43.79,-14.48,21:06:37:990,666.00,4.05
31.88,-20.42,21:06:38:113,666.00,2.47
27.24,-23.74,21:06:38:234,666.00,3.72
26.05,-25.26,21:06:38:353,666.00,6.98
26.00,-24.10,21:06:38:476,666.00,9.22
25.71,-22.60,21:06:38:599,666.00,8.50
25.48,-21.94,21:06:38:723,666.00,8.38
25.31,-21.38,21:06:38:851,666.00,8.46
25.21,-21.05,21:06:38:970,666.00,8.99
27.11,-18.63,21:06:39:094,666.00,13.07
38.18,-11.56,21:06:39:217,666.00,14.04
50.57,-8.47,21:06:39:343,666.00,13.72
69.10,-2.43,21:06:39:469,666.00,13.56
88.14,0.84,21:06:39:585,666.00,13.28
103.28,3.88,21:06:39:710,666.00,7.98
119.98,7.40,21:06:39:830,666.00,4.57
129.01,9.77,21:06:39:954,666.00,15.16
135.01,12.84,21:06:40:082,666.00,7.12
136.28,14.14,21:06:40:205,666.00,15.25
137.48,14.14,21:06:40:330,666.00,15.61
138.80,14.91,21:06:40:453,666.00,10.69
138.34,15.87,21:06:40:580,666.00,13.16
138.93,15.50,21:06:40:705,666.00,8.46
137.03,14.33,21:06:40:836,666.00,5.61
131.31,12.00,21:06:40:960,666.00,4.44
124.43,8.69,21:06:41:081,666.00,3.79
108.82,5.63,21:06:41:208,666.00,3.56
89.18,-1.52,21:06:41:327,666.00,11.88
77.62,-3.78,21:06:41:441,666.00,10.30
65.86,-7.88,21:06:41:560,666.00,3.73
48.53,-15.45,21:06:41:682,666.00,4.11
37.62,-20.36,21:06:41:805,666.00,3.35
27.73,-25.92,21:06:41:935,666.00,5.77
23.34,-30.38,21:06:42:054,666.00,7.23
23.22,-30.23,21:06:42:176,666.00,11.71
23.21,-26.91,21:06:42:301,666.00,11.58
24.03,-25.71,21:06:42:417,666.00,12.46
24.08,-23.21,21:06:42:540,666.00,12.04
24.17,-20.73,21:06:42:661,666.00,10.35
24.71,-19.65,21:06:42:778,666.00,11.00
29.40,-15.71,21:06:42:895,666.00,15.74
46.77,-6.79,21:06:43:019,666.00,12.91
65.32,-1.19,21:06:43:144,666.00,5.28
81.66,0.69,21:06:43:273,666.00,14.58
102.51,3.37,21:06:43:388,666.00,10.85
113.60,6.45,21:06:43:506,666.00,7.40
128.71,9.03,21:06:43:627,666.00,6.95
135.22,11.65,21:06:43:770,666.00,18.02
137.50,13.19,21:06:43:889,666.00,7.26
136.75,14.14,21:06:44:023,666.00,7.65
136.92,13.73,21:06:44:144,666.00,5.50
136.97,13.07,21:06:44:265,666.00,7.26
134.74,12.78,21:06:44:389,666.00,8.19
132.37,11.34,21:06:44:509,666.00,7.87
124.00,10.00,21:06:44:629,666.00,5.50
111.05,6.24,21:06:44:752,666.00,5.62
101.58,2.28,21:06:44:874,666.00,12.79
80.23,-0.81,21:06:44:991,666.00,14.41
66.17,-7.50,21:06:45:121,666.00,7.50
52.02,-12.28,21:06:45:244,666.00,9.12
40.41,-18.50,21:06:45:370,666.00,4.28
27.93,-24.30,21:06:45:492,666.00,5.28
22.04,-26.51,21:06:45:621,666.00,6.67
21.29,-26.96,21:06:45:747,666.00,8.21
21.07,-26.43,21:06:45:868,666.00,10.94
20.60,-25.09,21:06:45:989,666.00,10.40
21.66,-22.07,21:06:46:117,666.00,10.32
25.18,-14.76,21:06:46:244,666.00,12.96
40.51,-6.67,21:06:46:374,666.00,15.95
65.44,-0.88,21:06:46:501,666.00,7.57
81.74,1.48,21:06:46:624,666.00,13.81
99.01,5.04,21:06:46:745,666.00,7.19
112.74,7.27,21:06:46:866,666.00,6.87
128.48,11.28,21:06:46:986,666.00,8.48
135.08,13.03,21:06:47:099,666.00,8.40
139.93,15.58,21:06:47:220,666.00,9.83
141.66,17.32,21:06:47:363,666.00,9.66
140.95,16.68,21:06:47:486,666.00,9.19
140.19,16.85,21:06:47:608,666.00,5.25
137.71,15.89,21:06:47:727,666.00,6.69
135.09,14.63,21:06:47:865,666.00,5.13
134.18,11.75,21:06:47:987,666.00,6.88
128.40,12.02,21:06:48:108,666.00,7.76
115.66,9.05,21:06:48:224,666.00,5.04
105.75,6.43,21:06:48:342,666.00,3.42
89.90,3.24,21:06:48:457,666.00,6.86
79.40,2.51,21:06:48:575,666.00,6.65
66.41,-2.41,21:06:48:702,666.00,0.70
50.09,-9.42,21:06:48:827,666.00,5.43
36.34,-15.05,21:06:48:951,666.00,6.35
28.64,-20.46,21:06:49:074,666.00,5.27
24.20,-24.64,21:06:49:196,666.00,7.69
23.98,-24.36,21:06:49:317,666.00,9.69
24.00,-23.50,21:06:49:439,666.00,11.90
23.84,-20.61,21:06:49:568,666.00,11.83
23.68,-19.28,21:06:49:702,666.00,10.88
23.07,-19.35,21:06:49:825,666.00,10.51
22.77,-20.09,21:06:49:954,666.00,10.26
22.75,-21.25,21:06:50:080,666.00,10.34
22.57,-22.23,21:06:50:199,666.00,10.13
22.48,-23.48,21:06:50:334,666.00,11.87
22.50,-25.05,21:06:50:468,666.00,12.09
22.30,-25.02,21:06:50:593,666.00,12.36
22.20,-24.84,21:06:50:723,666.00,14.04
22.27,-24.45,21:06:50:861,666.00,12.90
22.20,-24.44,21:06:50:989,666.00,12.78
22.10,-24.67,21:06:51:120,666.00,12.93
21.84,-24.98,21:06:51:252,666.00,12.97
21.80,-25.02,21:06:51:367,666.00,14.16
21.77,-24.96,21:06:51:484,666.00,12.87
21.58,-24.44,21:06:51:596,666.00,13.98
21.68,-24.14,21:06:51:719,666.00,10.61
21.85,-23.87,21:06:51:831,666.00,12.38
21.83,-23.82,21:06:51:939,666.00,12.88
21.58,-24.16,21:06:52:048,666.00,12.94
21.41,-25.51,21:06:52:163,666.00,14.09
21.38,-25.76,21:06:52:273,666.00,14.46
21.63,-25.45,21:06:52:396,666.00,14.78
21.54,-24.72,21:06:52:507,666.00,13.63
21.41,-25.09,21:06:52:622,666.00,12.55
21.20,-27.11,21:06:52:734,666.00,13.58
