Timestamp,Kinect_LeftShoulder_Ext.-Flex.,Kinect_LeftShoulder_Abd.-Add.,Kinect_LeftShoulder_Int.-Ext.,Kinect_LeftElbow_Ext.-Flex.,Kinect_RightShoulder_Ext.-Flex.,Kinect_RightShoulder_Abd.-Add.,Kinect_RightShoulder_Int.-Ext.,Kinect_RightElbow_Ext.-Flex.,11.66,-38.95,18:28:22:512,666.00,24.79
11.75,-40.41,18:28:23:296,666.00,25.31
11.94,-40.90,18:28:23:524,666.00,25.82
11.97,-40.60,18:28:23:851,666.00,25.83
12.11,-40.90,18:28:24:024,666.00,26.10
12.18,-41.35,18:28:24:188,666.00,26.32
12.10,-41.25,18:28:24:331,666.00,26.42
11.90,-41.12,18:28:24:463,666.00,26.18
11.85,-41.50,18:28:24:591,666.00,26.24
11.88,-41.34,18:28:24:714,666.00,26.13
11.85,-41.23,18:28:24:837,666.00,26.24
11.90,-40.96,18:28:24:956,666.00,26.17
11.86,-40.09,18:28:25:080,666.00,25.82
11.97,-40.49,18:28:25:211,666.00,25.90
12.00,-40.15,18:28:25:337,666.00,25.83
11.93,-39.46,18:28:25:457,666.00,25.69
12.27,-39.32,18:28:25:589,666.00,25.87
12.31,-40.14,18:28:25:710,666.00,26.31
12.22,-40.29,18:28:25:835,666.00,26.37
12.18,-40.62,18:28:25:962,666.00,26.41
12.26,-40.90,18:28:26:092,666.00,26.85
12.38,-41.73,18:28:26:222,666.00,26.96
12.48,-40.18,18:28:26:355,666.00,26.67
12.44,-40.29,18:28:26:498,666.00,26.69
12.62,-40.59,18:28:26:622,666.00,26.98
12.68,-40.80,18:28:26:753,666.00,26.94
12.43,-41.37,18:28:26:873,666.00,26.91
12.22,-42.97,18:28:27:010,666.00,27.01
12.26,-43.04,18:28:27:155,666.00,26.64
12.36,-43.47,18:28:27:285,666.00,26.69
12.43,-42.80,18:28:27:409,666.00,26.78
11.52,-34.33,18:28:27:541,666.00,27.46
12.08,11.71,18:28:27:662,666.00,29.70
20.70,47.15,18:28:27:792,7.99,33.99
34.42,61.84,18:28:27:941,12.98,37.55
53.57,67.55,18:28:28:066,28.49,31.29
65.75,69.91,18:28:28:187,666.00,26.85
84.42,70.03,18:28:28:316,666.00,14.12
96.10,69.74,18:28:28:443,666.00,20.61
108.24,60.80,18:28:28:586,666.00,24.32
115.54,60.49,18:28:28:720,666.00,24.66
133.99,57.14,18:28:28:875,666.00,15.04
143.23,52.91,18:28:29:031,666.00,16.50
148.97,47.81,18:28:29:166,666.00,16.90
153.04,39.89,18:28:29:297,666.00,17.61
154.35,35.28,18:28:29:427,666.00,17.94
155.28,33.33,18:28:29:548,666.00,17.20
152.51,37.79,18:28:29:705,666.00,17.10
148.29,44.84,18:28:29:848,666.00,17.45
138.01,54.38,18:28:29:990,666.00,21.11
132.98,59.00,18:28:30:111,666.00,19.15
119.11,64.45,18:28:30:246,666.00,22.60
105.98,66.47,18:28:30:380,666.00,19.77
83.39,68.08,18:28:30:520,29.12,33.92
82.44,66.76,18:28:30:643,666.00,21.75
75.53,65.82,18:28:30:776,666.00,22.79
72.32,64.52,18:28:30:932,142.57,36.50
34.30,46.25,18:28:31:057,39.71,30.77
22.96,25.66,18:28:31:192,27.09,34.76
18.56,9.44,18:28:31:325,24.60,31.51
16.52,-6.57,18:28:31:457,666.00,27.67
16.24,-12.91,18:28:31:585,666.00,27.89
16.25,-12.68,18:28:31:716,666.00,27.67
15.97,-9.89,18:28:31:842,666.00,27.55
15.72,-8.94,18:28:31:970,666.00,28.74
14.89,-4.65,18:28:32:102,14.48,31.41
16.33,20.55,18:28:32:235,16.32,32.20
20.09,33.80,18:28:32:370,15.09,40.06
36.56,55.20,18:28:32:512,29.13,37.23
52.69,66.64,18:28:32:650,666.00,29.31
58.67,68.78,18:28:32:781,21.29,35.75
81.85,70.34,18:28:32:924,666.00,16.61
97.27,71.36,18:28:33:057,666.00,17.55
108.16,68.50,18:28:33:178,666.00,22.31
122.17,68.35,18:28:33:317,666.00,17.80
130.87,62.96,18:28:33:477,666.00,18.05
135.38,55.69,18:28:33:616,666.00,21.29
140.01,50.00,18:28:33:744,666.00,21.53
145.91,41.63,18:28:33:872,666.00,18.55
147.98,35.07,18:28:34:006,666.00,19.33
149.62,30.98,18:28:34:138,666.00,19.54
149.80,30.88,18:28:34:263,666.00,19.38
148.74,31.90,18:28:34:384,666.00,20.13
140.32,43.84,18:28:34:529,666.00,23.42
128.76,55.97,18:28:34:662,666.00,20.70
114.76,62.35,18:28:34:789,666.00,19.10
93.44,65.11,18:28:34:923,37.54,32.94
81.24,67.10,18:28:35:045,666.00,26.65
75.74,67.96,18:28:35:170,666.00,14.75
56.27,57.45,18:28:35:305,34.66,37.16
45.48,53.82,18:28:35:422,35.37,32.96
38.29,53.99,18:28:35:556,666.00,25.33
26.20,44.12,18:28:35:693,666.00,29.31
16.03,23.38,18:28:35:828,666.00,29.41
12.45,2.41,18:28:35:958,666.00,27.86
12.80,-22.82,18:28:36:107,666.00,29.24
13.55,-27.98,18:28:36:240,666.00,28.60
14.09,-26.46,18:28:36:361,666.00,28.57
14.48,-23.58,18:28:36:490,666.00,28.73
14.36,-19.52,18:28:36:641,12.13,30.95
13.15,0.33,18:28:36:784,9.68,32.92
15.52,28.74,18:28:36:910,8.55,36.43
25.74,54.64,18:28:37:034,10.57,35.14
46.54,65.74,18:28:37:154,666.00,25.25
57.67,70.87,18:28:37:283,666.00,24.38
65.45,71.71,18:28:37:404,666.00,28.19
81.49,67.40,18:28:37:549,666.00,26.31
95.77,65.46,18:28:37:682,666.00,26.49
111.69,64.39,18:28:37:816,666.00,19.10
123.96,61.79,18:28:37:945,666.00,19.59
135.61,59.74,18:28:38:089,666.00,16.88
141.08,51.76,18:28:38:237,666.00,23.61
150.14,44.77,18:28:38:364,666.00,18.05
153.45,33.98,18:28:38:488,666.00,18.63
154.79,25.09,18:28:38:620,666.00,18.94
154.77,21.27,18:28:38:748,666.00,19.05
153.54,22.29,18:28:38:881,666.00,19.37
149.47,32.72,18:28:39:001,666.00,20.87
142.34,46.97,18:28:39:125,666.00,19.54
127.11,60.06,18:28:39:268,666.00,18.85
107.70,65.48,18:28:39:393,666.00,20.21
85.65,65.58,18:28:39:540,35.24,32.74
70.88,58.64,18:28:39:670,39.33,38.66
57.59,65.05,18:28:39:799,16.10,40.49
49.84,60.95,18:28:39:950,24.22,38.38
40.02,58.37,18:28:40:088,666.00,29.53
23.49,39.25,18:28:40:267,19.24,37.55
15.03,4.69,18:28:40:448,17.60,30.29
15.16,-10.10,18:28:40:583,666.00,29.81
15.25,-12.10,18:28:40:720,666.00,29.58
14.54,-13.11,18:28:40:859,14.16,30.61
14.45,-13.06,18:28:40:989,13.57,31.22
14.29,-11.34,18:28:41:115,13.77,31.30
13.82,-5.22,18:28:41:243,13.62,31.86
15.80,21.63,18:28:41:393,14.86,35.66
23.72,45.23,18:28:41:539,15.87,39.00
41.25,61.05,18:28:41:688,29.50,33.17
57.05,67.77,18:28:41:816,666.00,20.82
65.73,69.12,18:28:41:945,23.46,34.11
90.70,69.55,18:28:42:060,666.00,15.37
106.17,67.81,18:28:42:191,666.00,16.02
116.44,64.21,18:28:42:327,666.00,15.72
124.59,56.49,18:28:42:468,666.00,23.15
140.09,49.55,18:28:42:595,666.00,16.90
145.58,38.46,18:28:42:728,666.00,18.94
148.96,31.09,18:28:42:849,666.00,18.65
151.30,22.24,18:28:42:975,666.00,17.49
152.41,18.72,18:28:43:099,666.00,18.05
151.98,20.65,18:28:43:240,666.00,18.70
140.73,43.89,18:28:43:399,666.00,17.37
125.16,55.44,18:28:43:526,666.00,17.70
106.33,58.61,18:28:43:647,666.00,28.79
94.11,64.49,18:28:43:773,666.00,22.90
77.99,66.56,18:28:43:905,666.00,20.81
72.86,65.00,18:28:44:028,666.00,17.89
57.72,62.70,18:28:44:154,666.00,26.18
42.00,56.17,18:28:44:307,666.00,27.20
32.01,52.14,18:28:44:458,666.00,22.45
20.38,27.48,18:28:44:601,20.85,32.56
15.48,16.15,18:28:44:728,15.89,33.18
11.95,4.14,18:28:44:864,9.23,33.08
11.11,0.74,18:28:44:994,7.58,30.50
10.81,-0.87,18:28:45:124,6.51,31.05
10.23,0.95,18:28:45:265,6.72,30.40
9.46,-2.63,18:28:45:404,4.53,30.03
9.38,-1.93,18:28:45:540,4.04,31.59
12.75,21.70,18:28:45:689,8.02,33.38
26.46,52.51,18:28:45:830,12.03,41.62
50.74,66.99,18:28:45:960,26.28,36.46
70.21,69.78,18:28:46:087,666.00,27.00
77.04,78.60,18:28:46:213,666.00,27.73
102.66,71.40,18:28:46:357,666.00,18.30
122.37,67.55,18:28:46:496,666.00,13.25
128.93,62.06,18:28:46:623,666.00,17.75
135.75,58.07,18:28:46:750,666.00,17.56
143.15,49.63,18:28:46:882,666.00,20.02
149.93,40.27,18:28:47:004,666.00,18.47
153.65,30.06,18:28:47:128,666.00,18.29
154.06,22.83,18:28:47:260,666.00,19.14
154.05,22.91,18:28:47:390,666.00,19.13
152.41,27.37,18:28:47:527,666.00,19.91
139.61,38.48,18:28:47:661,666.00,29.47
132.17,53.43,18:28:47:801,666.00,22.26
120.18,59.92,18:28:47:939,666.00,23.84
102.20,65.40,18:28:48:066,666.00,26.04
80.73,67.22,18:28:48:206,666.00,28.62
67.93,64.25,18:28:48:341,666.00,21.40
51.42,55.18,18:28:48:466,30.62,31.25
38.86,52.75,18:28:48:593,22.00,32.62
29.40,50.48,18:28:48:737,666.00,25.48
19.47,35.22,18:28:48:861,10.90,32.37
16.39,22.75,18:28:48:998,666.00,28.68
14.41,5.20,18:28:49:130,666.00,27.28
12.83,-8.29,18:28:49:273,666.00,27.10
11.61,-19.28,18:28:49:405,666.00,28.26
11.05,-24.57,18:28:49:530,666.00,29.55
10.86,-25.13,18:28:49:644,666.00,29.83
10.61,-21.67,18:28:49:778,6.63,30.49
10.22,-6.92,18:28:49:909,7.87,30.66
12.04,21.65,18:28:50:038,10.10,33.06
22.04,47.66,18:28:50:175,13.73,37.57
41.56,62.72,18:28:50:296,26.73,32.72
58.96,70.21,18:28:50:423,666.00,19.72
64.36,69.72,18:28:50:550,666.00,25.83
70.12,68.08,18:28:50:686,18.29,38.70
89.39,67.19,18:28:50:813,666.00,27.84
103.58,65.72,18:28:50:944,666.00,18.02
117.09,62.09,18:28:51:084,666.00,21.42
127.68,60.01,18:28:51:208,666.00,18.45
135.52,56.69,18:28:51:339,666.00,17.28
140.82,51.55,18:28:51:464,666.00,18.00
148.14,41.11,18:28:51:598,666.00,18.14
149.82,33.84,18:28:51:738,666.00,19.92
152.63,25.06,18:28:51:863,666.00,21.00
152.89,22.19,18:28:51:999,666.00,19.62
152.23,22.64,18:28:52:136,666.00,19.31
149.46,30.72,18:28:52:265,666.00,19.19
140.97,47.02,18:28:52:392,666.00,19.13
133.73,52.11,18:28:52:515,666.00,17.78
119.01,59.11,18:28:52:635,666.00,16.51
103.73,61.77,18:28:52:758,666.00,19.54
83.75,63.43,18:28:52:889,666.00,28.27
76.21,62.57,18:28:53:031,666.00,24.38
71.77,61.59,18:28:53:160,666.00,19.81
53.69,62.34,18:28:53:295,666.00,23.01
38.27,59.17,18:28:53:422,15.45,30.92
31.14,57.75,18:28:53:548,666.00,29.09
18.15,50.25,18:28:53:678,-0.53,34.47
13.97,31.80,18:28:53:806,0.35,30.92
13.14,14.67,18:28:53:942,2.63,30.20
13.59,-4.06,18:28:54:086,6.25,30.74
13.08,-16.92,18:28:54:208,4.76,31.51
12.81,-17.00,18:28:54:331,5.50,31.84
12.52,-15.30,18:28:54:460,5.21,31.70
12.58,-10.39,18:28:54:589,5.87,31.17
12.44,-5.14,18:28:54:710,5.01,32.83
15.16,18.43,18:28:54:843,9.17,33.59
23.38,39.65,18:28:54:976,12.22,38.47
41.29,55.73,18:28:55:108,23.41,39.55
59.91,58.47,18:28:55:243,40.39,35.06
74.67,59.24,18:28:55:369,49.92,32.22
91.96,68.26,18:28:55:494,666.00,15.28
105.89,66.39,18:28:55:631,666.00,17.05
120.07,62.80,18:28:55:770,666.00,20.73
123.79,58.35,18:28:55:897,666.00,22.32
134.88,55.06,18:28:56:034,666.00,18.66
140.51,50.15,18:28:56:161,666.00,20.56
147.04,41.70,18:28:56:278,666.00,18.22
150.60,30.55,18:28:56:410,666.00,19.10
151.13,24.42,18:28:56:556,666.00,18.45
151.42,17.97,18:28:56:719,666.00,18.42
150.43,16.21,18:28:56:867,666.00,18.32
148.52,22.85,18:28:57:021,666.00,22.19
146.01,32.80,18:28:57:150,666.00,22.41
137.71,46.50,18:28:57:281,666.00,21.97
123.44,57.81,18:28:57:407,666.00,26.13
108.98,62.42,18:28:57:544,666.00,21.44
89.92,58.93,18:28:57:685,47.17,37.75
77.33,62.90,18:28:57:818,666.00,24.61
70.57,60.52,18:28:57:944,666.00,25.53
51.24,53.39,18:28:58:070,31.06,31.38
39.51,44.56,18:28:58:207,666.00,29.20
31.16,37.03,18:28:58:329,666.00,29.64
25.45,24.90,18:28:58:458,22.19,32.61
18.75,6.10,18:28:58:596,15.05,31.10
15.52,-9.17,18:28:58:727,666.00,29.53
14.45,-19.77,18:28:58:853,666.00,29.10
14.79,-24.71,18:28:58:973,4.48,30.14
14.87,-27.61,18:28:59:101,3.70,30.10
14.94,-28.72,18:28:59:228,3.50,30.38
14.85,-28.64,18:28:59:363,3.53,30.30
14.11,-22.02,18:28:59:488,4.05,31.89
14.25,5.54,18:28:59:617,6.56,33.20
21.52,40.80,18:28:59:752,8.31,38.74
48.53,65.11,18:28:59:884,24.10,31.34
64.83,69.13,18:29:00:026,666.00,23.59
83.93,70.26,18:29:00:157,666.00,19.00
96.55,64.79,18:29:00:278,666.00,23.46
112.70,67.84,18:29:00:405,666.00,16.03
123.63,65.79,18:29:00:540,666.00,20.89
133.15,60.22,18:29:00:667,666.00,25.18
146.41,54.28,18:29:00:788,666.00,16.96
147.97,45.44,18:29:00:924,666.00,19.62
150.69,39.83,18:29:01:052,666.00,17.96
152.27,33.72,18:29:01:174,666.00,18.51
152.82,31.35,18:29:01:296,666.00,18.89
153.07,34.21,18:29:01:434,666.00,18.18
148.66,40.71,18:29:01:560,666.00,19.38
137.52,51.42,18:29:01:696,666.00,23.92
128.17,56.98,18:29:01:838,666.00,20.17
117.65,61.12,18:29:01:962,666.00,19.89
103.98,61.32,18:29:02:095,666.00,22.87
96.28,64.82,18:29:02:216,666.00,27.08
82.75,60.28,18:29:02:337,47.41,30.50
75.73,59.78,18:29:02:484,64.52,30.39
53.20,53.49,18:29:02:617,30.96,43.87
42.70,58.81,18:29:02:757,666.00,28.44
33.54,53.09,18:29:02:878,666.00,29.95
26.91,50.83,18:29:03:007,666.00,29.17
19.91,41.22,18:29:03:138,17.43,33.23
16.70,31.27,18:29:03:267,19.96,30.37
13.41,17.13,18:29:03:403,666.00,29.80
13.04,-0.38,18:29:03:530,666.00,29.53
13.81,-9.73,18:29:03:655,666.00,29.26
13.56,-14.92,18:29:03:781,15.46,30.18
13.02,-19.12,18:29:03:905,11.32,31.54
12.70,-17.89,18:29:04:042,10.11,31.64
12.33,-16.31,18:29:04:179,8.93,31.39
12.68,0.92,18:29:04:314,11.11,31.42
19.08,39.04,18:29:04:450,17.41,34.01
32.07,58.53,18:29:04:577,19.67,39.78
51.26,62.93,18:29:04:698,31.69,51.15
67.49,74.83,18:29:04:827,666.00,28.44
85.85,72.73,18:29:04:961,666.00,4.58
94.07,69.25,18:29:05:099,666.00,18.05
110.62,64.53,18:29:05:227,666.00,15.16
118.43,64.59,18:29:05:362,666.00,17.45
127.82,62.65,18:29:05:490,666.00,16.28
136.37,61.58,18:29:05:625,666.00,15.22
142.03,60.37,18:29:05:754,666.00,15.35
150.90,52.81,18:29:05:883,666.00,14.67
153.16,43.37,18:29:06:026,666.00,18.45
154.66,35.09,18:29:06:154,666.00,17.98
155.30,29.50,18:29:06:293,666.00,17.19
155.17,32.95,18:29:06:428,666.00,17.19
153.16,37.66,18:29:06:568,666.00,17.50
149.67,47.22,18:29:06:700,666.00,16.57
143.73,53.42,18:29:06:822,666.00,17.43
134.70,59.25,18:29:06:954,666.00,18.38
124.14,59.98,18:29:07:095,666.00,22.07
112.32,67.93,18:29:07:232,666.00,17.72
99.07,67.81,18:29:07:372,666.00,20.68
83.24,66.51,18:29:07:510,666.00,26.87
72.92,66.75,18:29:07:663,666.00,24.28
68.27,65.44,18:29:07:796,666.00,20.49
44.50,59.45,18:29:07:939,20.68,38.03
40.31,60.90,18:29:08:083,26.43,32.24
24.83,54.10,18:29:08:245,666.00,28.86
13.95,30.88,18:29:08:382,3.07,34.52
12.28,7.31,18:29:08:506,1.93,34.42
11.67,-13.19,18:29:08:641,3.02,31.30
11.13,-26.73,18:29:08:777,0.36,30.55
11.22,-33.28,18:29:08:905,-1.69,30.93
12.24,-29.61,18:29:09:030,1.54,30.86
12.46,-27.89,18:29:09:159,0.36,31.13
11.91,-18.19,18:29:09:293,-0.07,32.81
12.80,19.64,18:29:09:429,2.11,34.65
21.69,47.62,18:29:09:567,4.17,41.69
40.46,62.54,18:29:09:690,17.38,36.97
56.06,67.45,18:29:09:810,20.01,32.57
63.20,65.55,18:29:09:942,28.67,31.69
83.01,70.42,18:29:10:070,666.00,11.56
91.35,69.30,18:29:10:203,666.00,25.35
106.10,67.33,18:29:10:333,666.00,17.72
117.11,64.98,18:29:10:455,666.00,16.09
118.96,61.29,18:29:10:594,666.00,21.70
129.31,61.69,18:29:10:723,666.00,17.84
134.99,59.56,18:29:10:856,666.00,17.67
141.45,57.25,18:29:10:986,666.00,17.04
147.96,52.97,18:29:11:120,666.00,17.68
157.75,50.05,18:29:11:270,666.00,16.63
155.38,38.18,18:29:11:403,666.00,21.80
155.28,32.29,18:29:11:531,666.00,22.33
154.41,32.68,18:29:11:656,666.00,21.82
152.39,37.31,18:29:11:789,666.00,21.46
143.45,53.44,18:29:11:927,666.00,17.58
134.53,59.18,18:29:12:053,666.00,16.72
117.88,64.82,18:29:12:178,666.00,19.38
96.90,68.30,18:29:12:312,666.00,18.46
82.57,62.12,18:29:12:440,666.00,20.13
71.05,60.94,18:29:12:560,666.00,19.55
40.81,56.08,18:29:12:694,11.31,41.79
40.94,58.68,18:29:12:818,666.00,29.17
29.27,52.02,18:29:12:949,666.00,29.98
20.08,38.26,18:29:13:086,13.48,31.01
17.66,23.13,18:29:13:217,666.00,27.31
12.23,-4.33,18:29:13:349,5.66,31.65
10.48,-17.40,18:29:13:478,1.10,31.43
10.66,-26.62,18:29:13:604,-2.17,31.19
10.71,-26.27,18:29:13:733,666.00,29.53
10.93,-29.05,18:29:13:871,-2.60,30.80
9.55,-26.19,18:29:13:999,-2.10,31.62
8.28,-6.71,18:29:14:126,0.61,36.36
14.78,42.86,18:29:14:257,7.94,34.40
30.31,60.36,18:29:14:397,17.50,32.78
47.27,69.00,18:29:14:527,666.00,29.23
59.89,67.30,18:29:14:674,33.20,32.65
66.31,65.53,18:29:14:812,30.95,36.18
82.05,65.14,18:29:14:942,666.00,24.04
47.58,-49.62,18:29:15:061,-45.06,140.38
58.33,-55.67,18:29:15:192,-72.14,148.34
91.12,-61.67,18:29:15:326,-134.50,140.05
125.22,62.43,18:29:15:455,666.00,18.49
133.59,55.13,18:29:15:591,666.00,24.24
140.43,49.26,18:29:15:731,666.00,21.63
146.19,41.68,18:29:15:868,666.00,18.33
148.68,33.95,18:29:16:008,666.00,18.80
149.85,28.91,18:29:16:129,666.00,18.77
150.88,27.56,18:29:16:270,666.00,18.59
150.64,29.01,18:29:16:401,666.00,18.19
147.66,36.02,18:29:16:531,666.00,19.34
139.07,47.39,18:29:16:661,666.00,19.47
133.09,54.61,18:29:16:794,666.00,20.32
122.24,61.97,18:29:16:922,666.00,21.79
107.25,64.56,18:29:17:060,666.00,20.27
91.15,61.41,18:29:17:186,53.40,31.49
79.85,67.77,18:29:17:313,666.00,23.43
70.77,70.63,18:29:17:433,666.00,23.63
66.36,70.16,18:29:17:559,666.00,16.12
44.05,65.82,18:29:17:693,666.00,28.12
32.66,59.10,18:29:17:837,23.66,35.27
20.71,55.01,18:29:17:972,14.49,35.91
17.10,48.93,18:29:18:093,666.00,28.02
13.33,29.67,18:29:18:222,666.00,27.03
11.45,14.29,18:29:18:366,666.00,25.23
9.74,-23.42,18:29:18:498,-2.52,30.58
10.39,-29.35,18:29:18:635,666.00,28.48
11.24,-27.14,18:29:18:769,666.00,28.29
11.55,-24.04,18:29:18:897,666.00,27.91
11.42,-21.51,18:29:19:026,666.00,27.86
11.05,-17.04,18:29:19:154,666.00,29.26
11.98,27.20,18:29:19:291,8.07,31.84
16.88,53.64,18:29:19:410,6.74,35.25
35.76,67.08,18:29:19:550,666.00,26.96
52.61,69.85,18:29:19:676,19.10,34.45
64.38,69.83,18:29:19:815,15.57,30.21
73.18,69.03,18:29:19:934,666.00,28.38
43.69,-51.08,18:29:20:068,-39.35,134.89
52.84,-56.21,18:29:20:200,-59.69,144.63
110.44,66.23,18:29:20:326,666.00,18.37
120.32,66.71,18:29:20:448,666.00,12.99
125.47,65.44,18:29:20:592,666.00,17.51
133.89,64.75,18:29:20:718,666.00,16.24
138.96,64.20,18:29:20:843,666.00,14.37
145.06,59.77,18:29:20:966,666.00,15.12
148.78,54.01,18:29:21:099,666.00,19.15
150.44,48.90,18:29:21:217,666.00,16.05
150.46,45.91,18:29:21:354,666.00,16.67
149.78,45.29,18:29:21:497,666.00,16.71
145.02,50.60,18:29:21:649,666.00,17.06
138.91,57.48,18:29:21:778,666.00,16.61
128.18,64.80,18:29:21:900,666.00,16.13
116.30,70.09,18:29:22:021,666.00,15.67
101.42,69.17,18:29:22:141,666.00,23.32
85.38,67.50,18:29:22:264,31.27,30.33
94.75,71.91,18:29:22:394,666.00,13.69
91.72,69.86,18:29:22:528,666.00,21.68
52.17,68.09,18:29:22:664,4.10,30.31
39.32,69.15,18:29:22:798,-2.89,32.87
32.57,68.69,18:29:22:924,666.00,26.24
23.59,62.38,18:29:23:059,666.00,24.45
12.21,41.43,18:29:23:192,-0.69,34.44
9.95,21.80,18:29:23:313,-0.20,32.74
9.90,-9.05,18:29:23:444,0.16,30.52
10.76,-25.13,18:29:23:585,0.18,30.17
11.21,-30.59,18:29:23:716,0.97,30.54
10.78,-33.66,18:29:23:843,0.24,31.20
10.71,-34.15,18:29:23:973,0.92,31.09
10.60,-28.62,18:29:24:099,1.41,32.54
11.22,-4.37,18:29:24:225,4.02,34.02
13.34,20.27,18:29:24:364,8.42,33.72
17.58,28.67,18:29:24:501,14.66,36.54
25.66,51.20,18:29:24:638,13.72,40.06
46.86,65.56,18:29:24:770,666.00,26.28
53.27,66.32,18:29:24:888,17.03,39.54
61.06,69.73,18:29:25:008,10.90,31.97
69.32,70.87,18:29:25:138,0.85,38.32
49.80,-54.82,18:29:25:277,-50.42,140.99
59.85,-59.67,18:29:25:409,-76.31,147.27
113.21,60.63,18:29:25:544,666.00,20.78
128.91,59.05,18:29:25:681,666.00,15.33
134.18,56.07,18:29:25:810,666.00,14.36
138.36,54.61,18:29:25:930,666.00,15.24
144.80,46.78,18:29:26:058,666.00,14.78
148.45,41.29,18:29:26:190,666.00,16.11
150.89,36.30,18:29:26:332,666.00,17.60
151.71,34.83,18:29:26:462,666.00,17.81
151.56,34.99,18:29:26:596,666.00,17.81
149.85,38.77,18:29:26:737,666.00,17.48
141.70,51.91,18:29:26:871,666.00,18.09
136.20,56.62,18:29:26:996,666.00,13.56
123.75,63.03,18:29:27:125,666.00,12.68
110.02,65.28,18:29:27:246,666.00,18.68
96.24,66.79,18:29:27:377,666.00,23.75
82.14,68.71,18:29:27:508,666.00,24.96
70.57,72.57,18:29:27:626,666.00,20.64
68.42,71.03,18:29:27:761,666.00,10.01
52.41,68.33,18:29:27:882,666.00,27.00
44.54,66.97,18:29:28:023,666.00,23.49
36.08,62.09,18:29:28:143,666.00,25.49
17.88,58.05,18:29:28:267,3.82,36.31
12.22,53.20,18:29:28:394,4.82,31.07
8.02,21.04,18:29:28:529,666.00,25.03
8.78,-12.77,18:29:28:659,666.00,29.28
11.64,-26.28,18:29:28:806,666.00,28.28
12.55,-31.54,18:29:28:937,666.00,28.55
12.49,-31.41,18:29:29:062,666.00,28.44
12.11,-30.99,18:29:29:194,666.00,29.02
11.52,-28.46,18:29:29:331,666.00,29.57
10.48,-17.85,18:29:29:477,1.47,34.26
15.74,34.67,18:29:29:636,7.25,33.69
26.51,55.28,18:29:29:775,11.69,37.57
52.01,69.90,18:29:29:917,666.00,12.99
60.22,68.31,18:29:30:055,10.88,36.03
82.49,70.58,18:29:30:195,666.00,9.79
50.84,-56.52,18:29:30:350,-49.45,142.66
113.09,63.41,18:29:30:493,666.00,15.26
119.78,60.59,18:29:30:650,666.00,18.64
134.05,57.98,18:29:30:818,666.00,16.46
141.93,52.72,18:29:30:987,666.00,16.80
148.95,44.09,18:29:31:147,666.00,16.17
153.24,38.62,18:29:31:290,666.00,17.64
152.90,29.64,18:29:31:430,666.00,17.88
152.73,29.23,18:29:31:575,666.00,17.95
152.51,29.40,18:29:31:722,666.00,17.95
149.55,43.70,18:29:31:866,666.00,18.68
143.57,50.99,18:29:32:015,666.00,16.10
135.72,59.91,18:29:32:171,666.00,15.96
123.35,67.62,18:29:32:330,666.00,15.44
106.18,66.65,18:29:32:478,666.00,19.76
94.28,70.42,18:29:32:620,666.00,19.61
82.01,70.03,18:29:32:753,666.00,22.26
75.29,69.15,18:29:32:890,666.00,19.07
38.82,57.99,18:29:33:027,14.06,43.93
41.57,65.62,18:29:33:157,666.00,21.58
30.97,64.50,18:29:33:293,666.00,26.71
21.91,59.85,18:29:33:427,11.02,33.96
11.53,49.36,18:29:33:548,-0.37,36.42
7.71,28.66,18:29:33:675,-0.66,32.28
7.45,-4.92,18:29:33:812,0.10,30.36
8.22,-24.26,18:29:33:949,666.00,28.82
9.47,-28.68,18:29:34:086,1.46,31.36
10.58,-27.76,18:29:34:225,1.80,32.60
11.32,-26.09,18:29:34:355,2.03,33.03
11.53,-24.35,18:29:34:476,1.98,33.72
11.59,-12.26,18:29:34:603,5.13,35.59
12.94,25.50,18:29:34:725,6.23,35.95
25.13,56.57,18:29:34:857,11.57,37.39
43.62,69.01,18:29:34:982,666.00,24.27
57.51,73.10,18:29:35:122,666.00,19.50
65.50,68.94,18:29:35:262,666.00,28.89
71.07,64.84,18:29:35:389,18.81,34.70
87.01,67.16,18:29:35:511,666.00,20.27
99.75,64.41,18:29:35:657,666.00,16.00
107.32,63.51,18:29:35:787,666.00,14.94
118.62,60.91,18:29:35:919,666.00,16.40
124.05,62.58,18:29:36:045,666.00,17.24
129.09,62.26,18:29:36:176,666.00,17.38
134.88,62.07,18:29:36:325,666.00,14.91
142.89,61.78,18:29:36:473,666.00,13.72
147.19,58.15,18:29:36:620,666.00,15.54
158.81,50.17,18:29:36:757,666.00,12.39
160.44,48.71,18:29:36:887,666.00,12.48
161.55,44.53,18:29:37:028,666.00,13.11
160.87,43.86,18:29:37:170,666.00,10.25
153.53,44.08,18:29:37:292,666.00,16.88
147.52,48.97,18:29:37:415,666.00,18.09
135.58,54.80,18:29:37:546,666.00,18.19
119.56,62.07,18:29:37:683,666.00,19.06
101.07,61.00,18:29:37:806,666.00,19.94
82.25,53.00,18:29:37:930,666.00,28.41
64.49,50.39,18:29:38:081,41.93,43.54
49.79,55.34,18:29:38:231,18.65,33.12
44.82,52.96,18:29:38:355,666.00,26.16
38.41,49.76,18:29:38:474,666.00,28.26
31.45,42.77,18:29:38:597,666.00,27.74
22.73,25.74,18:29:38:723,11.71,37.84
19.86,19.13,18:29:38:859,13.35,34.39
14.01,3.50,18:29:38:994,8.07,32.58
11.39,-18.51,18:29:39:129,1.12,32.52
11.11,-26.73,18:29:39:264,0.65,30.07
11.13,-29.27,18:29:39:402,1.17,30.38
12.11,-31.73,18:29:39:530,1.99,31.40
12.40,-30.84,18:29:39:661,1.99,31.42
12.17,-30.98,18:29:39:788,1.43,31.40
12.08,-30.82,18:29:39:920,0.92,32.06
12.03,-22.38,18:29:40:059,2.35,33.85
11.85,7.54,18:29:40:187,3.26,34.57
20.63,42.44,18:29:40:328,8.07,39.10
38.82,58.39,18:29:40:466,23.25,30.92
53.71,65.70,18:29:40:593,666.00,24.73
69.96,66.59,18:29:40:722,666.00,18.66
69.19,64.67,18:29:40:848,666.00,28.40
87.23,65.61,18:29:40:979,666.00,21.78
102.94,61.84,18:29:41:108,666.00,15.53
110.95,60.51,18:29:41:247,666.00,18.70
121.20,60.15,18:29:41:380,666.00,16.54
128.93,58.16,18:29:41:513,666.00,17.07
136.06,56.71,18:29:41:640,666.00,16.40
143.13,52.73,18:29:41:766,666.00,16.78
147.87,49.13,18:29:41:900,666.00,18.17
149.83,42.89,18:29:42:037,666.00,19.28
152.03,39.47,18:29:42:166,666.00,19.58
154.92,35.65,18:29:42:288,666.00,18.40
154.80,35.21,18:29:42:423,666.00,18.91
154.77,34.70,18:29:42:554,666.00,15.57
153.75,36.96,18:29:42:681,666.00,16.86
151.40,43.04,18:29:42:813,666.00,17.16
145.08,55.93,18:29:42:941,666.00,15.72
134.31,59.94,18:29:43:064,666.00,16.50
121.53,65.29,18:29:43:193,666.00,16.59
106.78,66.14,18:29:43:315,666.00,19.42
92.46,67.47,18:29:43:452,666.00,21.83
84.57,65.43,18:29:43:585,666.00,17.40
95.88,63.82,18:29:43:711,144.60,34.03
92.99,62.34,18:29:43:834,158.58,52.08
40.54,65.63,18:29:43:956,-6.38,45.02
42.10,66.54,18:29:44:084,666.00,20.12
32.00,60.85,18:29:44:216,666.00,22.07
17.67,44.96,18:29:44:344,-0.88,32.51
13.26,21.93,18:29:44:468,0.44,32.76
12.14,1.09,18:29:44:595,-0.40,30.73
13.11,-19.42,18:29:44:727,1.08,30.96
13.53,-26.91,18:29:44:852,0.45,30.50
13.65,-29.63,18:29:44:972,666.00,29.92
13.52,-32.95,18:29:45:092,1.05,30.75
13.34,-31.28,18:29:45:226,1.95,30.41
13.29,-28.41,18:29:45:368,1.55,31.13
12.55,-4.83,18:29:45:496,3.29,33.76
18.01,32.51,18:29:45:625,9.83,36.05
22.11,42.36,18:29:45:749,7.09,45.06
42.86,62.45,18:29:45:878,666.00,28.56
63.37,68.70,18:29:45:996,666.00,17.00
69.99,70.18,18:29:46:126,25.90,31.37
96.90,77.01,18:29:46:255,666.00,3.08
67.37,96.20,18:29:46:379,-27.59,67.60
114.11,66.67,18:29:46:504,666.00,14.23
120.76,63.31,18:29:46:632,666.00,18.94
129.41,59.94,18:29:46:771,666.00,22.12
139.16,57.70,18:29:46:902,666.00,17.10
144.25,49.57,18:29:47:026,666.00,20.10
149.27,39.62,18:29:47:158,666.00,19.14
153.93,30.95,18:29:47:292,666.00,18.76
155.56,25.03,18:29:47:413,666.00,18.93
155.62,23.65,18:29:47:543,666.00,19.36
153.53,25.55,18:29:47:679,666.00,19.63
148.31,34.79,18:29:47:808,666.00,20.12
142.90,42.40,18:29:47:944,666.00,22.90
131.72,54.01,18:29:48:074,666.00,21.86
118.92,59.47,18:29:48:197,666.00,23.15
109.89,61.67,18:29:48:324,666.00,17.18
96.88,63.24,18:29:48:457,666.00,20.36
86.98,62.55,18:29:48:579,666.00,18.25
80.72,62.22,18:29:48:714,666.00,18.40
61.26,60.05,18:29:48:840,26.70,30.19
53.25,62.61,18:29:48:978,666.00,23.15
43.66,61.49,18:29:49:109,666.00,19.96
34.44,59.19,18:29:49:246,666.00,24.98
22.22,51.99,18:29:49:372,11.67,31.33
16.50,38.49,18:29:49:503,666.00,29.16
13.82,14.04,18:29:49:624,12.03,30.10
12.61,-4.20,18:29:49:750,7.67,32.00
11.81,-21.43,18:29:49:883,4.36,32.72
10.55,-30.58,18:29:50:025,1.76,30.98
9.71,-28.05,18:29:50:166,666.00,29.87
9.74,-27.80,18:29:50:296,0.64,30.13
10.28,-29.49,18:29:50:438,-1.22,30.78
10.77,-27.42,18:29:50:571,-2.96,30.66
11.80,-1.49,18:29:50:701,1.58,30.45
15.21,22.76,18:29:50:850,8.53,34.10
23.45,47.14,18:29:50:983,9.99,40.54
44.92,61.75,18:29:51:106,27.57,30.36
70.36,71.04,18:29:51:236,666.00,24.17
62.15,67.03,18:29:51:358,15.39,43.90
87.74,73.50,18:29:51:482,666.00,14.41
94.95,69.34,18:29:51:604,666.00,16.76
106.42,66.59,18:29:51:731,666.00,14.93
113.40,59.41,18:29:51:868,666.00,22.60
124.22,58.15,18:29:51:993,666.00,25.17
130.27,57.15,18:29:52:118,666.00,21.80
138.43,54.38,18:29:52:245,666.00,20.50
145.71,48.96,18:29:52:380,666.00,19.66
151.94,41.92,18:29:52:511,666.00,17.17
154.10,29.78,18:29:52:650,666.00,18.99
153.78,23.55,18:29:52:781,666.00,19.20
153.25,21.81,18:29:52:905,666.00,19.29
152.69,22.85,18:29:53:029,666.00,18.23
150.37,36.84,18:29:53:172,666.00,18.06
144.01,46.72,18:29:53:302,666.00,19.10
135.26,56.01,18:29:53:428,666.00,17.62
121.37,63.58,18:29:53:556,666.00,17.32
99.96,67.37,18:29:53:696,666.00,22.04
84.99,68.47,18:29:53:825,666.00,18.83
77.22,67.54,18:29:53:961,666.00,16.28
67.35,67.30,18:29:54:083,666.00,21.88
48.73,67.43,18:29:54:208,666.00,24.28
38.72,62.53,18:29:54:340,666.00,21.84
19.76,39.42,18:29:54:468,12.76,35.11
14.61,8.48,18:29:54:601,11.12,31.62
13.67,-17.56,18:29:54:736,7.86,32.51
13.57,-34.33,18:29:54:860,1.53,32.15
13.71,-40.72,18:29:54:995,-0.82,33.93
12.95,-39.32,18:29:55:126,-0.61,33.25
12.72,-38.17,18:29:55:245,0.14,32.88
12.70,-37.60,18:29:55:372,-0.29,32.56
12.73,-38.14,18:29:55:500,-0.54,33.86
11.98,-10.86,18:29:55:631,4.63,34.24
16.32,27.40,18:29:55:759,7.91,37.77
25.10,48.59,18:29:55:876,13.03,36.31
43.57,60.68,18:29:56:007,666.00,27.98
55.56,64.23,18:29:56:128,666.00,29.33
68.10,63.32,18:29:56:263,40.55,30.97
83.34,70.85,18:29:56:397,666.00,20.52
99.66,69.37,18:29:56:526,666.00,15.85
112.70,67.84,18:29:56:653,666.00,12.90
122.93,64.63,18:29:56:783,666.00,17.04
135.57,67.92,18:29:56:908,666.00,13.86
144.36,65.15,18:29:57:034,666.00,14.98
155.21,56.55,18:29:57:174,666.00,15.97
163.13,48.41,18:29:57:296,666.00,12.91
164.21,41.76,18:29:57:431,666.00,10.58
160.90,40.79,18:29:57:566,666.00,12.74
155.99,46.00,18:29:57:693,666.00,13.78
148.66,56.45,18:29:57:827,666.00,13.60
138.81,63.56,18:29:57:962,666.00,13.96
125.38,66.62,18:29:58:088,666.00,16.27
114.02,68.78,18:29:58:211,666.00,16.71
100.53,67.62,18:29:58:333,666.00,16.53
88.54,65.40,18:29:58:459,666.00,18.46
75.48,65.12,18:29:58:591,666.00,19.82
49.75,55.38,18:29:58:720,27.70,51.24
41.09,59.01,18:29:58:861,666.00,25.04
29.86,51.98,18:29:58:999,666.00,26.82
20.16,32.71,18:29:59:150,22.77,30.34
15.45,12.72,18:29:59:275,666.00,29.48
13.89,-5.85,18:29:59:406,15.31,30.02
12.64,-15.37,18:29:59:543,666.00,29.62
12.29,-18.99,18:29:59:666,666.00,28.43
11.73,-16.70,18:29:59:782,666.00,27.66
11.79,-19.52,18:29:59:913,666.00,28.10
12.32,-21.49,18:30:00:049,666.00,28.64
12.81,-19.69,18:30:00:174,666.00,29.65
13.18,1.87,18:30:00:303,8.53,35.11
19.25,35.73,18:30:00:442,11.14,39.77
38.59,62.01,18:30:00:563,18.21,33.57
52.67,70.96,18:30:00:692,666.00,28.80
60.21,73.74,18:30:00:824,7.57,43.10
86.35,71.79,18:30:00:943,666.00,23.65
103.48,68.43,18:30:01:082,666.00,21.72
120.67,63.80,18:30:01:208,666.00,14.93
126.18,60.68,18:30:01:336,666.00,17.27
134.08,59.88,18:30:01:468,666.00,17.03
141.47,57.82,18:30:01:597,666.00,16.72
149.88,52.85,18:30:01:731,666.00,15.11
153.25,47.11,18:30:01:862,666.00,17.47
157.80,34.60,18:30:01:989,666.00,15.80
156.66,24.65,18:30:02:120,666.00,18.83
156.07,26.16,18:30:02:251,666.00,18.97
155.17,27.00,18:30:02:392,666.00,18.20
151.70,31.51,18:30:02:532,666.00,19.64
146.73,39.51,18:30:02:675,666.00,20.86
140.84,48.31,18:30:02:809,666.00,18.79
127.41,56.52,18:30:02:939,666.00,19.04
115.69,59.31,18:30:03:080,666.00,21.70
102.59,63.32,18:30:03:220,666.00,18.80
82.51,61.81,18:30:03:357,666.00,25.09
63.37,60.86,18:30:03:486,14.87,37.85
59.47,52.33,18:30:03:614,26.44,43.24
50.88,57.95,18:30:03:744,666.00,26.36
41.04,56.11,18:30:03:868,666.00,25.18
31.21,49.54,18:30:03:989,20.58,30.26
22.31,41.44,18:30:04:115,13.95,35.40
16.74,32.07,18:30:04:249,666.00,29.58
13.76,12.15,18:30:04:377,666.00,29.48
12.86,-16.47,18:30:04:505,5.00,31.81
12.92,-26.95,18:30:04:627,666.00,29.25
13.45,-37.88,18:30:04:758,2.59,32.73
13.20,-37.31,18:30:04:881,3.49,31.95
13.02,-32.50,18:30:05:022,3.10,31.72
13.45,-30.02,18:30:05:146,3.58,31.47
13.50,-26.65,18:30:05:286,3.83,31.22
13.72,0.32,18:30:05:428,9.25,32.75
19.19,37.42,18:30:05:560,12.21,38.91
36.54,60.39,18:30:05:680,666.00,26.54
61.17,70.23,18:30:05:802,666.00,14.84
68.98,70.58,18:30:05:930,21.57,30.42
85.92,69.57,18:30:06:058,666.00,18.15
99.67,65.09,18:30:06:198,666.00,19.02
112.32,60.87,18:30:06:333,666.00,18.89
115.95,56.87,18:30:06:460,666.00,22.66
127.83,56.09,18:30:06:595,666.00,18.86
133.35,54.66,18:30:06:720,666.00,18.12
142.50,49.93,18:30:06:860,666.00,17.12
146.45,44.15,18:30:06:994,666.00,18.74
151.02,39.32,18:30:07:138,666.00,17.43
153.52,24.94,18:30:07:264,666.00,20.24
153.62,19.14,18:30:07:394,666.00,21.10
153.90,15.22,18:30:07:538,666.00,20.56
153.83,16.52,18:30:07:676,666.00,19.55
153.23,21.34,18:30:07:806,666.00,20.38
150.65,26.93,18:30:07:951,666.00,21.36
147.37,40.61,18:30:08:082,666.00,19.66
146.07,52.90,18:30:08:225,666.00,16.33
134.03,63.62,18:30:08:356,666.00,16.00
122.29,67.99,18:30:08:479,666.00,16.97
105.23,66.58,18:30:08:602,666.00,18.17
92.38,67.41,18:30:08:727,666.00,17.23
82.07,68.00,18:30:08:862,666.00,12.53
78.88,66.13,18:30:08:990,666.00,19.35
78.11,68.97,18:30:09:118,666.00,23.05
42.89,66.97,18:30:09:250,666.00,27.02
29.85,57.70,18:30:09:369,14.78,30.09
20.53,45.73,18:30:09:496,7.40,34.93
17.20,32.50,18:30:09:630,6.95,31.44
15.65,20.21,18:30:09:769,666.00,29.42
13.26,0.40,18:30:09:895,6.31,30.18
12.04,-28.74,18:30:10:024,-1.71,32.31
12.28,-35.12,18:30:10:143,-2.25,30.76
12.66,-36.69,18:30:10:275,-1.85,30.73
12.36,-30.01,18:30:10:406,666.00,29.42
12.64,-27.20,18:30:10:526,666.00,29.02
13.07,-27.22,18:30:10:648,666.00,29.00
13.39,-26.30,18:30:10:770,666.00,28.67
12.54,-6.51,18:30:10:903,1.09,32.27
17.63,36.74,18:30:11:028,2.93,35.88
36.44,60.57,18:30:11:159,666.00,28.77
52.03,65.58,18:30:11:285,666.00,24.01
60.41,64.30,18:30:11:412,666.00,28.63
77.25,60.88,18:30:11:530,666.00,26.81
94.51,63.11,18:30:11:661,666.00,20.38
109.50,61.79,18:30:11:791,666.00,14.44
120.31,58.36,18:30:11:927,666.00,17.86
129.03,57.39,18:30:12:066,666.00,18.37
138.20,57.05,18:30:12:198,666.00,15.01
142.70,53.99,18:30:12:341,666.00,15.02
146.61,50.75,18:30:12:479,666.00,15.13
149.65,46.05,18:30:12:615,666.00,15.89
153.31,36.51,18:30:12:741,666.00,16.75
153.51,27.86,18:30:12:873,666.00,20.07
154.84,31.13,18:30:13:000,666.00,19.23
154.63,33.72,18:30:13:127,666.00,18.26
153.60,32.04,18:30:13:261,666.00,19.33
152.40,31.30,18:30:13:395,666.00,20.03
151.26,31.04,18:30:13:527,666.00,20.91
149.02,39.49,18:30:13:657,666.00,19.16
141.60,55.52,18:30:13:793,666.00,12.75
129.49,63.16,18:30:13:925,666.00,13.87
109.28,67.65,18:30:14:060,666.00,22.88
93.17,70.89,18:30:14:189,666.00,22.45
79.71,68.45,18:30:14:325,666.00,15.45
71.92,66.25,18:30:14:458,666.00,18.78
51.44,66.94,18:30:14:601,666.00,21.93
41.83,65.75,18:30:14:740,666.00,16.23
28.80,59.39,18:30:14:878,666.00,25.15
17.21,43.36,18:30:15:025,2.79,30.99
13.18,14.02,18:30:15:159,666.00,29.57
11.46,-8.30,18:30:15:291,666.00,29.63
11.65,-19.50,18:30:15:415,666.00,27.26
12.08,-23.09,18:30:15:558,666.00,26.89
12.53,-21.75,18:30:15:701,666.00,27.24
12.29,-20.10,18:30:15:825,666.00,27.10
11.99,-19.47,18:30:15:964,666.00,26.32
11.92,-19.38,18:30:16:096,666.00,26.40
12.81,2.67,18:30:16:227,666.00,29.21
17.79,31.86,18:30:16:358,6.83,36.31
38.07,58.57,18:30:16:492,666.00,23.62
55.19,67.78,18:30:16:625,666.00,21.50
73.52,64.57,18:30:16:758,666.00,26.19
91.00,65.29,18:30:16:891,666.00,17.47
105.31,66.20,18:30:17:036,666.00,14.77
113.12,57.14,18:30:17:164,666.00,21.83
119.63,51.73,18:30:17:296,666.00,25.26
131.46,50.35,18:30:17:425,666.00,19.09
136.47,45.65,18:30:17:561,666.00,21.03
144.60,34.61,18:30:17:702,666.00,20.32
147.27,28.36,18:30:17:827,666.00,20.49
148.97,22.24,18:30:17:956,666.00,20.51
149.71,17.91,18:30:18:076,666.00,20.01
149.42,15.33,18:30:18:215,666.00,20.94
149.30,14.57,18:30:18:341,666.00,20.77
149.36,15.08,18:30:18:460,666.00,21.37
149.72,15.87,18:30:18:589,666.00,20.82
149.88,23.78,18:30:18:726,666.00,19.46
147.48,39.04,18:30:18:859,666.00,19.96
140.91,50.06,18:30:18:981,666.00,19.61
132.78,60.78,18:30:19:100,666.00,14.76
111.70,64.63,18:30:19:234,666.00,22.62
92.36,68.90,18:30:19:362,666.00,21.77
76.02,72.40,18:30:19:490,666.00,22.64
67.32,72.02,18:30:19:622,666.00,16.81
55.11,69.07,18:30:19:756,666.00,26.14
41.52,70.84,18:30:19:877,666.00,19.20
21.67,56.19,18:30:20:004,10.22,33.01
15.65,35.67,18:30:20:134,666.00,28.30
13.09,6.30,18:30:20:256,666.00,24.66
13.15,-12.50,18:30:20:397,666.00,25.40
12.98,-19.18,18:30:20:536,666.00,26.88
12.98,-20.32,18:30:20:673,666.00,27.40
13.13,-19.88,18:30:20:795,666.00,27.76
12.86,-17.04,18:30:20:929,666.00,27.32
12.34,-15.70,18:30:21:060,666.00,27.18
12.12,-14.32,18:30:21:182,666.00,27.73
11.60,-2.99,18:30:21:322,5.21,30.90
17.77,41.35,18:30:21:445,5.03,36.39
41.98,65.69,18:30:21:577,666.00,21.35
58.95,68.03,18:30:21:710,666.00,21.92
65.76,61.62,18:30:21:829,28.46,34.29
88.43,66.26,18:30:21:974,666.00,18.92
106.61,65.12,18:30:22:115,666.00,17.82
119.82,61.20,18:30:22:242,666.00,16.59
128.07,60.22,18:30:22:362,666.00,20.79
137.82,56.52,18:30:22:491,666.00,21.39
146.36,53.24,18:30:22:642,666.00,16.22
149.56,42.25,18:30:22:772,666.00,17.97
151.77,32.40,18:30:22:912,666.00,18.31
153.08,22.50,18:30:23:036,666.00,19.40
152.37,22.62,18:30:23:164,666.00,18.70
152.05,24.09,18:30:23:293,666.00,19.39
151.85,25.11,18:30:23:414,666.00,19.53
150.31,33.10,18:30:23:541,666.00,19.15
144.38,49.07,18:30:23:674,666.00,17.61
134.31,58.39,18:30:23:794,666.00,17.41
114.67,62.32,18:30:23:928,666.00,25.36
107.79,62.83,18:30:24:062,666.00,17.59
92.16,63.20,18:30:24:194,666.00,16.84
71.63,58.66,18:30:24:326,666.00,29.18
62.56,56.74,18:30:24:451,37.84,31.67
52.67,59.93,18:30:24:587,666.00,23.25
40.49,52.14,18:30:24:731,666.00,20.26
26.22,36.57,18:30:24:863,9.87,32.58
21.89,26.97,18:30:24:990,8.41,31.07
19.69,19.10,18:30:25:124,666.00,29.23
14.99,-0.45,18:30:25:260,3.12,30.26
14.75,-14.84,18:30:25:388,666.00,28.47
15.28,-21.31,18:30:25:523,666.00,28.42
14.71,-25.27,18:30:25:653,666.00,29.42
14.37,-25.88,18:30:25:776,666.00,29.81
14.47,-25.23,18:30:25:899,666.00,29.86
14.42,-22.18,18:30:26:027,666.00,29.05
14.88,-6.58,18:30:26:155,6.22,30.19
15.93,13.92,18:30:26:280,4.83,32.95
24.25,43.80,18:30:26:412,7.66,32.86
43.33,60.23,18:30:26:548,666.00,24.62
56.19,67.30,18:30:26:684,16.90,35.02
61.94,70.85,18:30:26:816,3.29,42.59
89.40,66.79,18:30:26:942,666.00,14.55
102.53,61.73,18:30:27:068,666.00,19.28
116.93,60.94,18:30:27:204,666.00,17.05
120.37,51.91,18:30:27:334,666.00,27.84
131.80,52.70,18:30:27:462,666.00,20.31
139.21,46.76,18:30:27:595,666.00,20.69
143.05,38.08,18:30:27:727,666.00,25.42
150.18,31.03,18:30:27:858,666.00,21.85
153.68,27.13,18:30:27:976,666.00,19.57
154.71,17.51,18:30:28:111,666.00,19.02
153.27,10.81,18:30:28:243,666.00,20.90
153.15,6.38,18:30:28:381,666.00,21.37
153.25,10.78,18:30:28:505,666.00,21.10
153.03,13.56,18:30:28:637,666.00,20.69
151.48,28.58,18:30:28:769,666.00,20.41
143.91,48.42,18:30:28:914,666.00,18.63
132.03,57.23,18:30:29:051,666.00,17.69
109.86,60.63,18:30:29:184,666.00,26.45
97.78,65.48,18:30:29:305,666.00,18.70
81.29,62.47,18:30:29:431,666.00,25.79
67.53,59.54,18:30:29:559,666.00,24.83
53.43,53.83,18:30:29:697,29.38,38.50
46.94,54.76,18:30:29:836,666.00,21.40
36.26,52.03,18:30:29:967,666.00,26.14
21.53,37.66,18:30:30:112,6.27,38.38
16.39,35.05,18:30:30:244,0.46,32.06
12.31,19.80,18:30:30:372,-1.93,30.27
11.83,0.51,18:30:30:504,2.80,30.20
11.91,-4.09,18:30:30:634,4.47,30.87
11.59,0.94,18:30:30:768,4.08,30.82
11.40,7.92,18:30:30:898,666.00,29.59
11.19,6.28,18:30:31:027,3.37,30.28
10.84,3.86,18:30:31:179,2.81,31.62
10.51,5.75,18:30:31:312,3.03,31.22
10.49,5.26,18:30:31:448,3.18,30.70
10.57,5.07,18:30:31:586,3.13,30.76
10.59,3.89,18:30:31:721,2.53,30.19
10.82,1.86,18:30:31:861,666.00,29.64
10.75,1.46,18:30:31:990,666.00,29.52
10.85,0.05,18:30:32:128,666.00,29.73
10.94,-0.23,18:30:32:254,666.00,29.96
11.08,-0.88,18:30:32:389,666.00,29.76
10.96,-0.76,18:30:32:509,666.00,29.52
10.93,-0.75,18:30:32:621,666.00,29.49
10.66,-1.32,18:30:32:732,1.87,30.05
10.51,-2.65,18:30:32:842,666.00,29.78
10.65,-4.06,18:30:32:958,1.24,30.23
11.37,-9.20,18:30:33:072,1.16,30.69
11.23,-8.81,18:30:33:189,1.69,30.65
11.30,-7.29,18:30:33:306,666.00,29.86
11.17,-6.30,18:30:33:421,666.00,29.27
11.48,-6.71,18:30:33:535,666.00,29.32
11.31,-6.44,18:30:33:654,666.00,29.15
11.44,-9.09,18:30:33:764,666.00,29.90
11.28,-8.22,18:30:33:877,666.00,28.82
11.42,-6.11,18:30:33:991,666.00,28.60
11.29,-5.15,18:30:34:108,666.00,28.77
