8.33,-7.33,666.00,17.54,02-03-23-10-21-19-836
8.32,-7.28,666.00,20.00,02-03-23-10-21-19-866
8.30,-7.14,666.00,21.81,02-03-23-10-21-19-900
8.27,-6.99,666.00,22.90,02-03-23-10-21-19-938
8.23,-6.90,666.00,23.59,02-03-23-10-21-19-966
8.19,-6.73,666.00,24.06,02-03-23-10-21-19-999
8.37,-7.23,666.00,24.51,02-03-23-10-21-20-033
8.47,-7.30,666.00,15.61,02-03-23-10-21-20-066
8.54,-7.47,666.00,11.91,02-03-23-10-21-20-098
9.45,-6.10,666.00,13.70,02-03-23-10-21-20-132
9.89,-5.67,666.00,15.71,02-03-23-10-21-20-165
10.06,-5.56,666.00,17.45,02-03-23-10-21-20-199
10.18,-5.53,666.00,18.27,02-03-23-10-21-20-231
10.14,-5.55,666.00,18.95,02-03-23-10-21-20-266
10.03,-5.94,666.00,19.53,02-03-23-10-21-20-301
10.01,-6.38,666.00,20.07,02-03-23-10-21-20-331
9.97,-7.32,666.00,20.55,02-03-23-10-21-20-366
9.84,-8.52,666.00,20.97,02-03-23-10-21-20-401
9.83,-9.10,666.00,21.22,02-03-23-10-21-20-432
10.33,-7.98,666.00,21.43,02-03-23-10-21-20-466
11.53,-9.24,666.00,21.72,02-03-23-10-21-20-502
12.47,-8.10,666.00,21.75,02-03-23-10-21-20-530
13.79,-5.70,666.00,22.08,02-03-23-10-21-20-566
15.03,-4.03,666.00,22.34,02-03-23-10-21-20-600
16.18,-2.23,666.00,24.42,02-03-23-10-21-20-631
16.83,-0.57,666.00,24.72,02-03-23-10-21-20-666
17.35,0.66,666.00,25.05,02-03-23-10-21-20-701
17.81,1.57,666.00,25.49,02-03-23-10-21-20-733
18.06,1.25,666.00,25.77,02-03-23-10-21-20-767
18.16,0.87,666.00,25.91,02-03-23-10-21-20-796
18.36,0.69,666.00,26.00,02-03-23-10-21-20-830
18.58,0.55,666.00,26.01,02-03-23-10-21-20-868
18.83,0.43,666.00,25.91,02-03-23-10-21-20-901
19.37,0.31,666.00,25.75,02-03-23-10-21-20-932
20.24,0.53,666.00,25.58,02-03-23-10-21-20-965
20.79,0.46,666.00,25.45,02-03-23-10-21-20-998
21.23,0.06,666.00,25.38,02-03-23-10-21-21-028
21.50,-0.11,666.00,25.23,02-03-23-10-21-21-064
21.67,-0.02,666.00,24.98,02-03-23-10-21-21-099
21.73,-0.09,666.00,24.72,02-03-23-10-21-21-136
21.69,0.02,666.00,24.37,02-03-23-10-21-21-181
21.56,0.13,666.00,24.05,02-03-23-10-21-21-200
21.25,0.74,666.00,23.55,02-03-23-10-21-21-239
20.87,1.35,666.00,22.96,02-03-23-10-21-21-271
19.46,1.23,666.00,22.50,02-03-23-10-21-21-299
18.46,0.47,666.00,14.64,02-03-23-10-21-21-332
17.44,-2.14,666.00,10.98,02-03-23-10-21-21-368
16.93,-1.78,666.00,11.08,02-03-23-10-21-21-399
16.76,-0.73,666.00,12.34,02-03-23-10-21-21-431
16.72,0.68,666.00,13.88,02-03-23-10-21-21-467
17.01,2.43,666.00,14.77,02-03-23-10-21-21-500
17.31,7.41,666.00,28.58,02-03-23-10-21-21-531
19.22,12.85,-23.21,37.82,02-03-23-10-21-21-564
20.93,15.10,-25.37,41.96,02-03-23-10-21-21-599
21.86,18.10,-27.96,44.26,02-03-23-10-21-21-630
21.70,16.44,-23.73,46.12,02-03-23-10-21-21-667
21.74,17.47,-18.66,51.49,02-03-23-10-21-21-698
17.78,25.69,-16.61,55.57,02-03-23-10-21-21-732
16.05,31.86,-16.00,58.74,02-03-23-10-21-21-767
15.33,36.21,-15.70,60.43,02-03-23-10-21-21-798
15.85,46.67,-14.87,59.09,02-03-23-10-21-21-833
16.70,53.51,-12.80,59.16,02-03-23-10-21-21-866
19.74,68.28,-9.73,56.27,02-03-23-10-21-21-906
24.39,55.90,-11.01,57.39,02-03-23-10-21-21-933
27.58,48.20,-8.94,56.18,02-03-23-10-21-21-966
32.85,29.39,-15.06,59.29,02-03-23-10-21-21-998
36.25,21.70,-17.14,64.78,02-03-23-10-21-22-033
38.93,14.84,-17.01,71.23,02-03-23-10-21-22-066
41.38,7.51,-15.31,78.08,02-03-23-10-21-22-097
43.15,2.56,-12.78,84.32,02-03-23-10-21-22-133
44.67,-1.77,-10.31,89.45,02-03-23-10-21-22-165
47.72,-8.76,-5.70,96.46,02-03-23-10-21-22-198
49.06,-11.36,-3.71,99.61,02-03-23-10-21-22-232
48.31,54.67,-36.26,51.61,02-03-23-10-21-22-265
51.19,62.42,-53.38,57.06,02-03-23-10-21-22-298
53.37,68.44,-60.01,63.81,02-03-23-10-21-22-332
53.22,69.37,-38.85,64.07,02-03-23-10-21-22-368
52.44,70.13,-32.44,66.10,02-03-23-10-21-22-400
51.09,70.24,-25.98,67.79,02-03-23-10-21-22-431
48.99,68.86,-22.05,70.50,02-03-23-10-21-22-469
47.57,67.99,-22.35,69.69,02-03-23-10-21-22-497
46.35,67.34,-28.19,67.05,02-03-23-10-21-22-533
45.48,66.99,-30.03,66.04,02-03-23-10-21-22-564
44.88,66.77,-31.76,65.26,02-03-23-10-21-22-600
34.44,23.79,-22.42,83.02,02-03-23-10-21-22-629
36.09,-1.14,-13.83,93.79,02-03-23-10-21-22-668
38.91,-12.75,-8.55,99.87,02-03-23-10-21-22-698
41.13,-19.19,-5.02,103.55,02-03-23-10-21-22-731
43.09,-23.69,-2.08,106.25,02-03-23-10-21-22-768
43.11,-25.44,-0.99,106.73,02-03-23-10-21-22-798
42.27,-25.39,-0.01,105.50,02-03-23-10-21-22-832
42.32,-25.64,1.68,104.93,02-03-23-10-21-22-866
42.37,-25.67,9.74,105.85,02-03-23-10-21-22-899
42.34,-25.48,13.55,105.81,02-03-23-10-21-22-932
42.33,-25.35,15.21,104.35,02-03-23-10-21-22-964
33.97,-7.19,10.47,87.73,02-03-23-10-21-22-999
24.70,24.49,17.79,73.52,02-03-23-10-21-23-032
24.49,34.65,20.88,69.80,02-03-23-10-21-23-065
24.79,41.84,27.49,68.52,02-03-23-10-21-23-099
25.22,46.33,31.53,68.25,02-03-23-10-21-23-130
25.47,47.75,36.73,67.02,02-03-23-10-21-23-165
27.46,40.62,36.64,71.05,02-03-23-10-21-23-200
28.55,37.07,36.63,73.20,02-03-23-10-21-23-230
29.18,34.83,36.57,74.22,02-03-23-10-21-23-266
29.61,32.54,42.96,81.59,02-03-23-10-21-23-300
29.84,30.54,44.68,83.28,02-03-23-10-21-23-331
28.97,25.76,45.22,80.54,02-03-23-10-21-23-364
28.53,22.83,46.06,79.42,02-03-23-10-21-23-399
27.43,21.71,47.51,77.82,02-03-23-10-21-23-430
26.78,21.25,48.93,75.88,02-03-23-10-21-23-464
26.61,20.64,47.31,68.02,02-03-23-10-21-23-499
26.53,20.25,50.49,70.66,02-03-23-10-21-23-531
28.28,18.53,49.63,73.15,02-03-23-10-21-23-564
28.83,18.05,49.53,73.14,02-03-23-10-21-23-599
29.38,18.09,41.96,68.63,02-03-23-10-21-23-632
29.75,18.00,40.45,68.13,02-03-23-10-21-23-665
30.10,18.13,39.28,68.04,02-03-23-10-21-23-699
30.30,18.93,39.04,70.14,02-03-23-10-21-23-731
30.42,19.84,38.03,71.21,02-03-23-10-21-23-766
29.72,21.95,36.37,71.33,02-03-23-10-21-23-798
29.26,24.59,34.69,71.05,02-03-23-10-21-23-831
28.91,26.62,24.94,65.17,02-03-23-10-21-23-865
28.80,27.60,15.08,63.09,02-03-23-10-21-23-900
28.67,28.59,11.79,62.00,02-03-23-10-21-23-934
28.48,29.40,9.71,60.36,02-03-23-10-21-23-966
28.29,29.99,7.10,64.53,02-03-23-10-21-23-999
27.94,30.26,5.65,65.95,02-03-23-10-21-24-032
31.04,19.11,-0.46,69.84,02-03-23-10-21-24-065
24.87,39.79,7.68,64.47,02-03-23-10-21-24-099
23.36,54.93,9.15,63.15,02-03-23-10-21-24-132
29.12,22.79,-9.81,71.11,02-03-23-10-21-24-166
34.29,12.08,-19.31,79.98,02-03-23-10-21-24-198
36.60,8.37,-22.81,84.52,02-03-23-10-21-24-230
37.36,8.63,-29.06,89.50,02-03-23-10-21-24-266
36.82,11.17,-34.63,91.43,02-03-23-10-21-24-298
36.16,13.65,-41.89,94.43,02-03-23-10-21-24-332
35.03,18.01,-46.20,93.96,02-03-23-10-21-24-365
34.38,21.03,-50.42,93.85,02-03-23-10-21-24-399
34.04,23.52,-53.45,92.54,02-03-23-10-21-24-435
34.02,25.32,-54.80,69.48,02-03-23-10-21-24-465
33.93,28.43,-58.28,56.39,02-03-23-10-21-24-497
34.14,30.25,-60.27,47.54,02-03-23-10-21-24-531
34.37,33.11,-63.35,41.06,02-03-23-10-21-24-566
34.61,34.72,-64.54,38.35,02-03-23-10-21-24-599
34.88,35.85,-64.51,38.28,02-03-23-10-21-24-630
35.10,36.59,-64.13,39.44,02-03-23-10-21-24-666
35.36,37.12,-62.78,39.03,02-03-23-10-21-24-698
35.55,38.03,-63.40,40.67,02-03-23-10-21-24-734
35.71,38.63,-63.77,48.98,02-03-23-10-21-24-767
35.82,38.89,-64.10,50.33,02-03-23-10-21-24-799
35.91,38.98,-64.45,51.07,02-03-23-10-21-24-831
36.00,38.96,-65.04,51.03,02-03-23-10-21-24-864
36.07,38.70,-65.52,50.48,02-03-23-10-21-24-898
36.06,38.60,-65.86,49.54,02-03-23-10-21-24-933
35.99,38.44,-65.89,48.65,02-03-23-10-21-24-967
35.80,37.88,-65.15,47.80,02-03-23-10-21-24-999
35.56,37.14,-64.02,47.43,02-03-23-10-21-25-031
35.28,36.22,-54.63,72.68,02-03-23-10-21-25-065
35.03,35.37,-50.72,81.21,02-03-23-10-21-25-098
34.75,33.53,-44.04,84.91,02-03-23-10-21-25-132
34.68,28.39,-37.31,86.07,02-03-23-10-21-25-166
34.84,24.24,-27.42,83.80,02-03-23-10-21-25-198
36.16,14.29,-18.56,85.06,02-03-23-10-21-25-228
37.68,7.63,-12.49,85.61,02-03-23-10-21-25-266
38.18,5.35,-8.06,83.99,02-03-23-10-21-25-295
28.13,23.48,1.17,73.42,02-03-23-10-21-25-330
25.41,31.48,8.49,70.31,02-03-23-10-21-25-365
22.17,43.70,20.77,64.35,02-03-23-10-21-25-399
21.46,46.09,25.41,63.85,02-03-23-10-21-25-429
26.38,25.94,16.65,61.09,02-03-23-10-21-25-467
28.08,21.80,16.62,60.36,02-03-23-10-21-25-498
29.04,19.66,18.33,59.31,02-03-23-10-21-25-532
29.71,19.14,20.16,58.07,02-03-23-10-21-25-566
30.18,19.08,22.23,56.82,02-03-23-10-21-25-610
30.43,19.22,24.91,55.75,02-03-23-10-21-25-632
30.52,19.51,36.69,58.87,02-03-23-10-21-25-665
30.48,19.75,40.78,60.42,02-03-23-10-21-25-700
30.37,20.08,44.27,61.98,02-03-23-10-21-25-730
30.24,20.12,44.89,59.94,02-03-23-10-21-25-767
30.08,19.97,48.89,42.84,02-03-23-10-21-25-800
29.99,19.51,57.73,59.99,02-03-23-10-21-25-833
29.92,19.10,53.72,45.08,02-03-23-10-21-25-867
29.90,18.68,49.14,37.81,02-03-23-10-21-25-902
29.92,18.34,46.18,34.94,02-03-23-10-21-25-932
29.92,18.05,44.08,33.44,02-03-23-10-21-25-967
29.92,17.83,42.56,32.47,02-03-23-10-21-25-999
29.95,17.54,40.97,32.00,02-03-23-10-21-26-032
29.96,17.35,39.42,39.23,02-03-23-10-21-26-066
30.00,17.17,35.56,52.57,02-03-23-10-21-26-097
30.06,17.06,33.58,58.79,02-03-23-10-21-26-131
30.12,17.01,32.55,61.44,02-03-23-10-21-26-168
30.19,17.00,30.55,63.92,02-03-23-10-21-26-197
30.24,17.14,28.54,64.97,02-03-23-10-21-26-231
30.34,17.41,25.94,64.92,02-03-23-10-21-26-263
30.23,18.35,22.63,63.75,02-03-23-10-21-26-298
30.10,19.53,18.85,62.80,02-03-23-10-21-26-340
29.89,20.76,14.84,62.32,02-03-23-10-21-26-366
29.49,22.60,10.94,63.06,02-03-23-10-21-26-400
27.95,27.46,9.26,63.23,02-03-23-10-21-26-433
21.35,51.11,17.90,69.09,02-03-23-10-21-26-466
20.34,62.26,17.65,69.67,02-03-23-10-21-26-499
21.93,72.41,17.76,64.42,02-03-23-10-21-26-534
29.64,28.49,-13.58,67.60,02-03-23-10-21-26-563
30.89,32.54,-22.47,69.76,02-03-23-10-21-26-600
34.60,21.14,-27.33,77.81,02-03-23-10-21-26-631
36.25,17.13,-29.53,82.80,02-03-23-10-21-26-666
36.96,15.44,-35.10,90.50,02-03-23-10-21-26-699
36.72,16.07,-39.71,94.11,02-03-23-10-21-26-732
35.84,18.68,-43.23,94.31,02-03-23-10-21-26-766
34.83,21.93,-47.42,93.79,02-03-23-10-21-26-800
34.06,25.29,-51.20,93.12,02-03-23-10-21-26-830
33.60,28.30,-54.20,92.38,02-03-23-10-21-26-865
33.52,30.71,-56.60,91.07,02-03-23-10-21-26-898
33.57,32.57,-58.41,89.80,02-03-23-10-21-26-932
33.61,35.17,-60.07,88.02,02-03-23-10-21-26-967
33.72,37.56,-61.48,86.25,02-03-23-10-21-26-999
33.88,38.99,-62.95,72.69,02-03-23-10-21-27-031
34.15,39.73,-64.80,51.77,02-03-23-10-21-27-068
34.41,40.58,-66.98,39.17,02-03-23-10-21-27-099
34.63,41.16,-69.05,33.60,02-03-23-10-21-27-133
34.87,41.55,-70.02,31.89,02-03-23-10-21-27-166
35.12,41.63,-70.13,32.31,02-03-23-10-21-27-198
35.17,42.06,-69.73,34.86,02-03-23-10-21-27-231
34.95,42.99,-69.45,37.16,02-03-23-10-21-27-264
34.50,44.18,-69.08,38.79,02-03-23-10-21-27-299
34.10,45.32,-68.91,39.91,02-03-23-10-21-27-331
33.76,46.25,-68.74,40.73,02-03-23-10-21-27-365
33.51,46.96,-64.08,56.70,02-03-23-10-21-27-397
33.26,46.48,-59.62,74.06,02-03-23-10-21-27-432
33.04,45.24,-57.68,81.13,02-03-23-10-21-27-466
32.77,44.34,-57.69,86.38,02-03-23-10-21-27-499
32.50,43.31,-56.97,88.13,02-03-23-10-21-27-531
32.23,42.45,-55.38,87.69,02-03-23-10-21-27-564
33.58,44.20,-58.49,85.23,02-03-23-10-21-27-599
34.34,42.82,-56.71,82.59,02-03-23-10-21-27-633
34.75,40.86,-52.24,79.68,02-03-23-10-21-27-664
35.06,38.92,-44.25,76.25,02-03-23-10-21-27-697
35.57,33.09,-37.43,76.90,02-03-23-10-21-27-732
36.50,26.69,-30.89,78.05,02-03-23-10-21-27-768
37.53,22.17,-26.61,78.54,02-03-23-10-21-27-798
37.98,20.28,-21.44,76.90,02-03-23-10-21-27-830
38.26,18.92,-18.88,76.46,02-03-23-10-21-27-868
36.37,20.45,-14.74,73.31,02-03-23-10-21-27-897
33.98,23.11,-10.73,69.67,02-03-23-10-21-27-933
31.49,26.71,-5.92,66.47,02-03-23-10-21-27-968
29.27,35.03,0.82,60.99,02-03-23-10-21-27-998
28.26,39.48,6.99,57.75,02-03-23-10-21-28-032
27.71,41.66,12.31,56.19,02-03-23-10-21-28-064
27.36,43.11,17.54,55.88,02-03-23-10-21-28-098
27.12,43.53,22.03,55.89,02-03-23-10-21-28-132
27.57,40.74,23.44,55.81,02-03-23-10-21-28-164
28.00,38.44,25.20,55.41,02-03-23-10-21-28-197
28.39,35.49,25.33,55.47,02-03-23-10-21-28-229
28.75,33.15,25.63,55.23,02-03-23-10-21-28-266
29.24,30.70,33.64,61.81,02-03-23-10-21-28-298
29.66,28.85,33.18,58.25,02-03-23-10-21-28-330
29.96,27.79,32.72,57.80,02-03-23-10-21-28-364
30.19,27.10,37.68,64.03,02-03-23-10-21-28-397
30.36,26.66,34.66,63.12,02-03-23-10-21-28-429
30.47,26.49,36.49,68.25,02-03-23-10-21-28-468
30.56,26.38,36.68,69.32,02-03-23-10-21-28-497
30.61,26.33,28.95,65.74,02-03-23-10-21-28-530
30.64,26.36,24.02,62.47,02-03-23-10-21-28-568
30.66,26.38,21.13,61.32,02-03-23-10-21-28-600
30.68,26.42,18.80,60.44,02-03-23-10-21-28-631
30.53,26.48,17.06,60.10,02-03-23-10-21-28-667
30.27,26.58,14.81,60.13,02-03-23-10-21-28-697
29.86,26.88,12.25,60.44,02-03-23-10-21-28-732
29.35,27.23,9.47,61.01,02-03-23-10-21-28-764
28.83,27.94,5.77,62.22,02-03-23-10-21-28-798
28.46,28.93,0.81,62.22,02-03-23-10-21-28-833
27.90,29.44,-2.35,62.35,02-03-23-10-21-28-864
27.33,30.13,-5.30,62.51,02-03-23-10-21-28-897
24.16,42.10,-1.32,58.44,02-03-23-10-21-28-931
23.12,60.80,0.07,59.65,02-03-23-10-21-28-966
28.08,29.46,-18.32,71.71,02-03-23-10-21-28-997
33.82,15.27,-25.27,84.89,02-03-23-10-21-29-030
35.84,15.08,-29.80,89.14,02-03-23-10-21-29-068
36.28,16.77,-33.42,90.42,02-03-23-10-21-29-099
35.96,19.74,-37.96,90.30,02-03-23-10-21-29-133
35.62,22.21,-42.49,90.80,02-03-23-10-21-29-165
34.45,27.69,-54.42,87.27,02-03-23-10-21-29-198
33.96,30.80,-57.38,86.31,02-03-23-10-21-29-234
33.73,32.73,-59.19,85.86,02-03-23-10-21-29-264
33.61,34.07,-60.69,85.55,02-03-23-10-21-29-299
33.56,35.02,-64.34,89.11,02-03-23-10-21-29-335
33.32,38.83,-67.01,88.90,02-03-23-10-21-29-367
33.26,41.29,-68.64,88.54,02-03-23-10-21-29-402
33.35,42.49,-64.84,54.80,02-03-23-10-21-29-433
33.46,43.36,-65.03,41.67,02-03-23-10-21-29-466
33.61,43.87,-64.44,31.97,02-03-23-10-21-29-498
33.75,44.32,666.00,26.75,02-03-23-10-21-29-532
33.86,45.06,666.00,26.02,02-03-23-10-21-29-567
33.95,45.81,666.00,27.15,02-03-23-10-21-29-599
33.75,46.80,666.00,29.78,02-03-23-10-21-29-632
33.65,48.29,-70.34,31.87,02-03-23-10-21-29-668
33.55,49.66,-71.42,33.31,02-03-23-10-21-29-697
33.10,52.85,-73.05,34.30,02-03-23-10-21-29-732
32.96,54.11,-73.76,35.00,02-03-23-10-21-29-769
32.86,55.01,-74.23,35.51,02-03-23-10-21-29-798
32.70,54.28,-73.25,36.83,02-03-23-10-21-29-834
32.58,54.51,-73.12,37.24,02-03-23-10-21-29-872
32.43,54.64,-72.99,37.52,02-03-23-10-21-29-900
32.28,54.71,-72.77,37.70,02-03-23-10-21-29-933
32.10,54.78,-72.43,37.79,02-03-23-10-21-29-968
31.69,54.60,-71.09,37.83,02-03-23-10-21-29-998
31.20,53.89,-69.20,38.45,02-03-23-10-21-30-031
30.52,51.81,-66.11,39.94,02-03-23-10-21-30-067
30.42,49.08,-61.74,41.74,02-03-23-10-21-30-100
32.53,44.78,-60.31,43.26,02-03-23-10-21-30-131
33.37,42.03,-58.05,44.48,02-03-23-10-21-30-166
34.07,38.34,-55.13,46.74,02-03-23-10-21-30-198
34.54,27.50,-47.90,55.60,02-03-23-10-21-30-231
35.69,20.39,-34.56,69.24,02-03-23-10-21-30-268
36.61,16.25,-25.29,77.62,02-03-23-10-21-30-299
36.82,13.87,-15.41,83.18,02-03-23-10-21-30-331
35.59,14.63,-11.67,77.98,02-03-23-10-21-30-367
27.18,30.93,-0.70,72.21,02-03-23-10-21-30-398
25.48,35.36,4.30,71.26,02-03-23-10-21-30-434
24.28,38.71,11.33,64.71,02-03-23-10-21-30-465
23.29,42.31,17.67,61.04,02-03-23-10-21-30-502
22.66,44.42,22.07,59.41,02-03-23-10-21-30-531
22.68,42.11,23.68,58.39,02-03-23-10-21-30-566
23.06,38.44,23.81,57.59,02-03-23-10-21-30-598
23.61,34.92,23.86,57.18,02-03-23-10-21-30-632
24.30,31.34,23.76,56.87,02-03-23-10-21-30-666
24.90,28.90,24.45,56.22,02-03-23-10-21-30-698
25.46,27.09,25.94,56.35,02-03-23-10-21-30-734
25.91,25.86,27.18,55.91,02-03-23-10-21-30-770
26.35,25.21,27.91,55.46,02-03-23-10-21-30-800
26.62,24.70,29.12,54.88,02-03-23-10-21-30-833
26.84,24.32,30.45,54.32,02-03-23-10-21-30-868
27.02,24.03,31.48,53.76,02-03-23-10-21-30-899
27.14,23.87,45.36,64.70,02-03-23-10-21-30-932
27.21,23.55,43.63,57.16,02-03-23-10-21-30-964
27.25,23.30,44.05,57.74,02-03-23-10-21-30-999
27.28,23.23,42.33,55.90,02-03-23-10-21-31-032
27.30,23.16,40.33,54.37,02-03-23-10-21-31-068
27.32,23.13,38.23,53.10,02-03-23-10-21-31-096
27.34,23.13,36.45,52.24,02-03-23-10-21-31-131
27.36,23.12,34.52,51.82,02-03-23-10-21-31-169
27.45,23.28,29.86,55.68,02-03-23-10-21-31-199
27.50,23.24,27.34,57.37,02-03-23-10-21-31-231
27.55,23.19,24.38,58.21,02-03-23-10-21-31-269
27.59,23.15,21.87,58.68,02-03-23-10-21-31-300
27.65,23.27,17.77,59.60,02-03-23-10-21-31-333
28.42,22.26,12.12,60.66,02-03-23-10-21-31-368
28.70,21.05,6.75,61.89,02-03-23-10-21-31-398
28.22,18.60,4.01,68.41,02-03-23-10-21-31-432
27.65,19.07,0.71,69.28,02-03-23-10-21-31-465
25.21,33.76,2.33,63.31,02-03-23-10-21-31-498
31.59,17.57,-10.35,68.32,02-03-23-10-21-31-531
34.25,13.17,-17.27,76.83,02-03-23-10-21-31-568
35.75,10.93,-20.40,81.16,02-03-23-10-21-31-599
33.85,19.49,-25.73,80.75,02-03-23-10-21-31-631
33.19,23.95,-31.63,81.48,02-03-23-10-21-31-666
33.02,26.46,-35.08,81.59,02-03-23-10-21-31-700
33.03,27.93,-40.41,83.56,02-03-23-10-21-31-729
33.75,29.03,-45.23,84.85,02-03-23-10-21-31-765
34.17,30.48,-49.00,85.46,02-03-23-10-21-31-798
35.02,31.64,-52.68,85.90,02-03-23-10-21-31-834
35.60,32.41,-57.09,87.07,02-03-23-10-21-31-868
36.03,32.73,-59.29,87.44,02-03-23-10-21-31-898
36.36,32.83,-61.04,87.76,02-03-23-10-21-31-933
36.65,32.94,-62.47,85.37,02-03-23-10-21-31-967
36.94,33.18,-63.77,69.80,02-03-23-10-21-32-004
37.31,33.31,-65.05,56.87,02-03-23-10-21-32-032
37.67,33.10,-68.63,40.00,02-03-23-10-21-32-067
37.81,33.95,-72.77,32.78,02-03-23-10-21-32-100
38.01,33.88,666.00,29.60,02-03-23-10-21-32-133
36.52,34.98,666.00,29.59,02-03-23-10-21-32-165
34.99,37.60,-72.32,31.99,02-03-23-10-21-32-198
34.20,39.02,-70.87,34.55,02-03-23-10-21-32-230
33.79,40.07,-70.12,36.65,02-03-23-10-21-32-266
33.56,41.18,-70.18,38.24,02-03-23-10-21-32-298
33.41,42.03,-70.38,39.45,02-03-23-10-21-32-330
33.18,43.15,-70.65,40.04,02-03-23-10-21-32-367
32.89,44.17,-70.66,40.33,02-03-23-10-21-32-398
32.64,44.79,-70.46,40.48,02-03-23-10-21-32-431
32.26,44.28,-69.00,41.04,02-03-23-10-21-32-470
31.73,42.49,-66.26,42.10,02-03-23-10-21-32-499
31.28,40.65,-57.39,73.84,02-03-23-10-21-32-534
30.89,39.17,-54.27,83.36,02-03-23-10-21-32-565
30.92,37.59,-52.96,87.92,02-03-23-10-21-32-598
31.49,36.38,-49.98,89.20,02-03-23-10-21-32-632
31.96,34.44,-43.79,88.93,02-03-23-10-21-32-666
32.85,28.77,-41.11,86.71,02-03-23-10-21-32-700
34.08,23.32,-30.74,81.50,02-03-23-10-21-32-734
35.04,20.01,-22.77,79.84,02-03-23-10-21-32-764
40.66,2.57,-14.00,85.18,02-03-23-10-21-32-799
31.49,20.59,-7.76,69.82,02-03-23-10-21-32-836
28.05,37.88,0.71,59.82,02-03-23-10-21-32-864
27.42,42.27,4.76,56.70,02-03-23-10-21-32-898
27.25,44.67,7.46,54.49,02-03-23-10-21-32-932
27.22,45.37,10.45,53.22,02-03-23-10-21-32-965
27.52,43.08,11.69,52.99,02-03-23-10-21-33-000
27.82,39.30,14.50,53.01,02-03-23-10-21-33-034
28.24,35.83,16.98,53.28,02-03-23-10-21-33-063
28.63,33.22,20.33,44.26,02-03-23-10-21-33-099
28.92,31.40,24.87,43.52,02-03-23-10-21-33-131
29.14,30.05,36.57,53.17,02-03-23-10-21-33-166
29.26,29.03,38.67,54.64,02-03-23-10-21-33-195
29.26,27.88,40.85,45.85,02-03-23-10-21-33-230
29.15,26.82,41.53,40.38,02-03-23-10-21-33-267
29.02,25.57,40.84,38.08,02-03-23-10-21-33-297
28.81,24.65,40.18,36.83,02-03-23-10-21-33-332
28.60,23.93,39.72,36.11,02-03-23-10-21-33-365
28.38,23.40,39.33,35.76,02-03-23-10-21-33-399
28.18,22.83,38.70,35.78,02-03-23-10-21-33-434
28.30,20.51,35.67,35.96,02-03-23-10-21-33-467
28.29,19.12,33.83,36.28,02-03-23-10-21-33-501
28.28,18.41,32.65,36.64,02-03-23-10-21-33-531
28.22,18.12,31.62,37.26,02-03-23-10-21-33-567
28.09,18.31,30.45,38.08,02-03-23-10-21-33-598
27.99,18.53,28.96,39.38,02-03-23-10-21-33-633
27.94,19.41,30.72,56.64,02-03-23-10-21-33-664
27.98,20.63,26.13,59.03,02-03-23-10-21-33-704
27.99,21.94,22.96,59.74,02-03-23-10-21-33-731
28.03,23.09,16.95,56.96,02-03-23-10-21-33-765
28.08,24.46,17.14,62.78,02-03-23-10-21-33-798
28.11,25.60,12.59,61.45,02-03-23-10-21-33-830
28.14,26.61,9.73,60.77,02-03-23-10-21-33-863
28.14,27.58,7.45,60.48,02-03-23-10-21-33-899
28.39,28.11,2.06,59.96,02-03-23-10-21-33-931
28.71,28.48,-4.84,60.55,02-03-23-10-21-33-965
29.58,25.99,-11.02,68.83,02-03-23-10-21-33-998
31.96,18.57,-14.41,78.56,02-03-23-10-21-34-032
33.00,15.40,-16.31,82.68,02-03-23-10-21-34-066
32.46,24.13,-21.03,79.64,02-03-23-10-21-34-096
32.34,29.03,-28.55,77.61,02-03-23-10-21-34-132
32.39,31.51,-32.88,77.00,02-03-23-10-21-34-166
32.55,32.70,-39.06,78.19,02-03-23-10-21-34-199
32.65,33.56,-43.14,79.25,02-03-23-10-21-34-232
32.84,34.43,-47.33,80.56,02-03-23-10-21-34-267
33.15,34.96,-51.70,82.03,02-03-23-10-21-34-296
33.50,35.31,-54.55,82.45,02-03-23-10-21-34-331
33.49,39.30,-57.36,81.02,02-03-23-10-21-34-368
33.50,42.60,-59.51,79.81,02-03-23-10-21-34-396
33.45,45.60,-61.45,78.79,02-03-23-10-21-34-434
33.42,49.60,-64.14,66.97,02-03-23-10-21-34-467
33.52,53.03,-66.81,64.80,02-03-23-10-21-34-499
33.58,55.16,-68.69,64.41,02-03-23-10-21-34-531
33.78,55.68,-76.87,42.52,02-03-23-10-21-34-565
33.94,55.70,666.00,27.50,02-03-23-10-21-34-600
34.25,54.77,666.00,23.88,02-03-23-10-21-34-632
34.55,53.34,666.00,22.75,02-03-23-10-21-34-667
34.62,52.96,666.00,23.13,02-03-23-10-21-34-700
34.65,52.66,666.00,24.95,02-03-23-10-21-34-732
34.65,51.77,666.00,27.20,02-03-23-10-21-34-768
34.60,51.09,666.00,28.98,02-03-23-10-21-34-800
34.49,50.66,666.00,29.86,02-03-23-10-21-34-829
34.29,50.09,-80.66,30.08,02-03-23-10-21-34-865
34.00,49.60,-79.62,30.31,02-03-23-10-21-34-903
33.53,48.78,-77.14,30.78,02-03-23-10-21-34-932
32.87,47.52,-73.62,31.64,02-03-23-10-21-34-966
32.30,46.29,-64.51,33.99,02-03-23-10-21-35-000
32.39,46.31,-52.49,67.73,02-03-23-10-21-35-032
32.49,45.77,-47.15,77.94,02-03-23-10-21-35-065
32.58,44.85,-40.52,79.02,02-03-23-10-21-35-099
32.95,37.91,-31.75,79.57,02-03-23-10-21-35-136
34.75,20.22,-24.43,85.86,02-03-23-10-21-35-166
36.57,13.30,-18.60,85.55,02-03-23-10-21-35-199
38.97,7.87,-14.81,79.76,02-03-23-10-21-35-231
32.48,19.08,-9.31,65.72,02-03-23-10-21-35-266
30.44,24.89,-4.85,60.47,02-03-23-10-21-35-297
29.76,26.77,-2.18,58.15,02-03-23-10-21-35-332
29.20,28.41,4.39,57.41,02-03-23-10-21-35-364
29.78,34.64,8.50,52.81,02-03-23-10-21-35-397
29.81,36.98,11.53,51.14,02-03-23-10-21-35-432
29.79,38.26,17.47,52.17,02-03-23-10-21-35-467
29.77,39.04,21.46,53.11,02-03-23-10-21-35-497
29.93,38.48,24.71,52.25,02-03-23-10-21-35-532
30.08,37.60,27.89,42.49,02-03-23-10-21-35-564
30.16,36.61,29.59,41.38,02-03-23-10-21-35-599
30.18,35.35,33.52,46.98,02-03-23-10-21-35-635
30.18,34.28,34.21,47.54,02-03-23-10-21-35-666
29.83,31.53,34.26,49.97,02-03-23-10-21-35-698
29.49,29.10,34.64,44.99,02-03-23-10-21-35-733
29.19,27.24,45.81,58.66,02-03-23-10-21-35-771
28.96,25.92,42.29,48.47,02-03-23-10-21-35-801
28.83,25.14,39.26,43.01,02-03-23-10-21-35-830
28.78,24.65,35.30,48.70,02-03-23-10-21-35-865
28.72,24.40,31.77,46.31,02-03-23-10-21-35-900
28.66,24.29,29.23,53.50,02-03-23-10-21-35-934
28.65,24.29,28.15,57.03,02-03-23-10-21-35-966
28.66,24.37,26.79,58.07,02-03-23-10-21-35-999
28.63,24.45,16.77,53.60,02-03-23-10-21-36-032
28.61,24.64,13.25,53.74,02-03-23-10-21-36-067
28.60,24.84,10.32,54.35,02-03-23-10-21-36-098
28.58,25.09,6.58,56.64,02-03-23-10-21-36-133
29.00,23.84,1.20,58.90,02-03-23-10-21-36-164
29.79,23.80,-4.81,60.87,02-03-23-10-21-36-197
30.56,25.23,-10.68,66.49,02-03-23-10-21-36-232
25.27,46.17,-4.47,60.29,02-03-23-10-21-36-267
30.98,27.49,-18.77,69.27,02-03-23-10-21-36-298
33.46,23.62,-24.09,76.26,02-03-23-10-21-36-334
34.55,22.48,-26.22,79.21,02-03-23-10-21-36-368
35.06,23.76,-27.87,80.08,02-03-23-10-21-36-398
35.13,26.17,-38.88,83.94,02-03-23-10-21-36-429
35.05,28.05,-47.33,86.58,02-03-23-10-21-36-466
34.79,30.19,-52.27,87.74,02-03-23-10-21-36-498
34.56,32.11,-55.78,88.24,02-03-23-10-21-36-533
34.36,33.53,-59.08,88.32,02-03-23-10-21-36-565
34.02,37.00,-64.14,88.85,02-03-23-10-21-36-599
33.52,45.69,-68.79,85.48,02-03-23-10-21-36-634
33.58,49.05,-72.81,84.93,02-03-23-10-21-36-666
33.69,50.78,-72.03,79.70,02-03-23-10-21-36-698
33.84,51.80,-71.35,76.54,02-03-23-10-21-36-731
33.99,52.29,-70.75,74.47,02-03-23-10-21-36-766
34.04,51.70,-69.27,73.11,02-03-23-10-21-36-798
34.07,51.46,-68.28,72.23,02-03-23-10-21-36-830
34.16,51.32,-67.79,71.66,02-03-23-10-21-36-867
34.21,51.30,-67.40,71.31,02-03-23-10-21-36-899
34.09,51.93,-67.20,71.13,02-03-23-10-21-36-935
34.11,51.57,-73.77,42.66,02-03-23-10-21-36-966
34.03,51.57,666.00,28.23,02-03-23-10-21-36-999
33.93,51.45,666.00,22.67,02-03-23-10-21-37-029
33.83,51.27,666.00,19.49,02-03-23-10-21-37-066
33.73,51.34,666.00,18.98,02-03-23-10-21-37-098
33.36,50.42,666.00,20.87,02-03-23-10-21-37-132
32.81,47.58,666.00,25.00,02-03-23-10-21-37-166
32.38,45.23,666.00,28.66,02-03-23-10-21-37-196
32.02,43.35,-69.05,31.98,02-03-23-10-21-37-229
31.70,42.00,-48.83,49.42,02-03-23-10-21-37-265
31.32,40.43,-41.41,73.01,02-03-23-10-21-37-308
32.33,42.78,-43.67,82.64,02-03-23-10-21-37-330
32.98,43.11,-42.64,84.48,02-03-23-10-21-37-366
34.02,36.17,-35.73,86.43,02-03-23-10-21-37-402
34.94,32.23,-30.57,83.92,02-03-23-10-21-37-430
37.69,21.91,-26.45,83.98,02-03-23-10-21-37-465
39.20,18.22,-21.77,79.23,02-03-23-10-21-37-500
40.01,16.28,-20.18,74.60,02-03-23-10-21-37-532
28.42,36.61,-3.00,63.88,02-03-23-10-21-37-564
27.07,38.37,1.66,63.55,02-03-23-10-21-37-601
26.39,37.62,4.27,63.71,02-03-23-10-21-37-632
26.32,35.18,6.27,62.17,02-03-23-10-21-37-664
30.15,25.31,0.52,61.91,02-03-23-10-21-37-698
33.02,17.91,-2.61,63.53,02-03-23-10-21-37-730
35.07,12.72,-3.28,64.40,02-03-23-10-21-37-764
35.72,10.93,0.10,64.63,02-03-23-10-21-37-798
34.39,13.59,4.65,63.39,02-03-23-10-21-37-830
33.16,16.32,8.92,59.34,02-03-23-10-21-37-867
32.17,18.72,12.36,56.86,02-03-23-10-21-37-898
31.54,20.40,15.14,55.49,02-03-23-10-21-37-930
31.13,21.58,17.37,54.66,02-03-23-10-21-37-967
30.82,22.34,15.90,47.21,02-03-23-10-21-37-996
30.55,23.09,15.97,43.55,02-03-23-10-21-38-031
30.32,23.65,19.97,44.21,02-03-23-10-21-38-065
30.13,24.14,22.92,45.43,02-03-23-10-21-38-096
29.91,24.53,23.35,44.67,02-03-23-10-21-38-132
29.75,24.84,23.78,46.90,02-03-23-10-21-38-164
29.69,24.92,22.95,47.27,02-03-23-10-21-38-199
29.63,25.05,21.39,47.45,02-03-23-10-21-38-234
29.59,25.20,18.30,48.27,02-03-23-10-21-38-265
29.55,25.32,14.54,50.50,02-03-23-10-21-38-300
29.46,25.36,10.28,54.62,02-03-23-10-21-38-334
29.65,24.68,5.34,62.25,02-03-23-10-21-38-364
30.49,25.79,-3.18,63.03,02-03-23-10-21-38-398
30.36,26.64,-7.62,64.11,02-03-23-10-21-38-435
36.51,11.83,-15.69,77.69,02-03-23-10-21-38-466
39.28,7.17,-18.82,85.33,02-03-23-10-21-38-496
39.87,6.89,-22.78,87.64,02-03-23-10-21-38-530
39.01,9.78,-28.78,89.65,02-03-23-10-21-38-564
37.30,14.60,-33.11,89.20,02-03-23-10-21-38-598
35.56,20.92,-39.06,88.29,02-03-23-10-21-38-632
34.83,25.18,-43.69,88.05,02-03-23-10-21-38-667
34.67,28.04,-47.71,87.00,02-03-23-10-21-38-698
34.60,33.56,-53.04,86.03,02-03-23-10-21-38-732
34.79,36.99,-56.39,85.40,02-03-23-10-21-38-764
35.11,38.42,-59.11,85.30,02-03-23-10-21-38-801
35.47,39.27,-61.26,85.13,02-03-23-10-21-38-830
35.73,40.33,-63.32,85.04,02-03-23-10-21-38-867
34.29,42.65,-62.94,85.12,02-03-23-10-21-38-899
33.62,45.04,-63.79,84.89,02-03-23-10-21-38-931
33.54,46.59,-64.99,84.62,02-03-23-10-21-38-966
33.54,47.99,-66.15,80.49,02-03-23-10-21-38-997
33.73,49.04,-67.35,78.02,02-03-23-10-21-39-032
33.97,49.85,-68.26,76.39,02-03-23-10-21-39-066
34.22,50.05,-68.81,75.33,02-03-23-10-21-39-098
34.41,50.15,-69.21,74.58,02-03-23-10-21-39-131
34.53,50.45,-69.51,73.97,02-03-23-10-21-39-166
34.61,51.15,-69.74,73.43,02-03-23-10-21-39-197
34.59,51.74,-69.64,73.06,02-03-23-10-21-39-231
34.53,52.23,-69.35,72.86,02-03-23-10-21-39-265
34.44,52.54,-68.77,72.81,02-03-23-10-21-39-298
34.30,52.81,-67.24,73.38,02-03-23-10-21-39-330
33.77,51.89,-64.66,76.61,02-03-23-10-21-39-367
32.84,53.26,-58.78,66.94,02-03-23-10-21-39-400
31.70,54.99,-56.02,71.82,02-03-23-10-21-39-435
30.70,55.42,-54.43,74.63,02-03-23-10-21-39-465
29.87,54.42,-52.61,76.48,02-03-23-10-21-39-497
32.12,49.50,-54.11,77.93,02-03-23-10-21-39-532
33.22,47.19,-50.09,78.17,02-03-23-10-21-39-565
33.79,43.64,-44.81,77.56,02-03-23-10-21-39-599
34.33,37.04,-34.33,72.64,02-03-23-10-21-39-630
35.79,28.19,-29.66,71.63,02-03-23-10-21-39-665
37.48,21.03,-33.33,64.28,02-03-23-10-21-39-698
38.92,16.44,-38.53,59.92,02-03-23-10-21-39-732
27.81,31.75,-19.60,47.41,02-03-23-10-21-39-764
25.29,36.44,-12.68,44.43,02-03-23-10-21-39-799
23.20,41.78,7.90,58.84,02-03-23-10-21-39-832
23.92,37.03,11.35,65.13,02-03-23-10-21-39-868
24.44,36.14,14.20,65.12,02-03-23-10-21-39-898
25.06,35.22,15.95,64.05,02-03-23-10-21-39-931
25.65,34.30,17.26,62.22,02-03-23-10-21-39-965
26.13,33.44,18.50,60.86,02-03-23-10-21-39-999
26.55,32.63,20.29,58.62,02-03-23-10-21-40-032
26.99,31.61,22.43,55.05,02-03-23-10-21-40-074
27.20,30.56,23.66,54.18,02-03-23-10-21-40-099
27.28,29.66,24.77,53.04,02-03-23-10-21-40-132
27.27,28.84,25.56,52.52,02-03-23-10-21-40-165
27.28,27.98,25.97,52.52,02-03-23-10-21-40-198
27.28,27.22,26.66,52.65,02-03-23-10-21-40-233
27.25,26.65,29.66,55.00,02-03-23-10-21-40-268
27.23,26.22,31.29,56.65,02-03-23-10-21-40-299
27.19,25.85,31.94,56.91,02-03-23-10-21-40-332
27.16,25.49,32.30,57.13,02-03-23-10-21-40-366
27.12,25.19,32.46,57.22,02-03-23-10-21-40-398
27.09,24.96,31.81,56.86,02-03-23-10-21-40-431
27.09,24.76,30.14,56.40,02-03-23-10-21-40-467
27.05,24.61,27.35,56.14,02-03-23-10-21-40-499
27.02,24.49,22.07,56.07,02-03-23-10-21-40-531
26.98,24.35,15.30,56.21,02-03-23-10-21-40-566
26.92,24.18,8.15,58.15,02-03-23-10-21-40-599
27.14,23.64,0.74,60.03,02-03-23-10-21-40-631
27.39,23.06,-6.63,66.72,02-03-23-10-21-40-667
23.90,49.72,-1.19,58.02,02-03-23-10-21-40-700
28.86,24.60,-15.11,69.33,02-03-23-10-21-40-730
33.10,14.90,-20.69,78.60,02-03-23-10-21-40-768
34.18,14.59,-23.65,80.89,02-03-23-10-21-40-803
34.38,14.77,-26.71,84.01,02-03-23-10-21-40-833
34.13,16.90,-29.94,84.42,02-03-23-10-21-40-868
33.71,19.51,-34.79,86.08,02-03-23-10-21-40-900
33.41,21.94,-38.62,86.74,02-03-23-10-21-40-932
33.24,23.68,-42.00,87.24,02-03-23-10-21-40-968
32.48,31.17,-46.44,84.93,02-03-23-10-21-40-999
32.33,36.15,-50.59,83.92,02-03-23-10-21-41-032
32.35,39.29,-54.40,83.68,02-03-23-10-21-41-065
32.43,41.62,-58.41,84.24,02-03-23-10-21-41-100
32.61,42.78,-65.31,86.24,02-03-23-10-21-41-132
32.85,43.89,-69.92,82.89,02-03-23-10-21-41-165
33.03,44.58,-73.12,84.22,02-03-23-10-21-41-198
33.21,44.84,-73.58,46.92,02-03-23-10-21-41-235
33.38,44.98,-76.33,31.10,02-03-23-10-21-41-265
33.72,44.66,666.00,24.63,02-03-23-10-21-41-301
34.05,44.18,666.00,22.70,02-03-23-10-21-41-332
34.30,43.88,666.00,22.26,02-03-23-10-21-41-366
34.45,43.79,666.00,23.54,02-03-23-10-21-41-398
34.55,43.73,666.00,26.01,02-03-23-10-21-41-432
34.62,43.68,-69.87,39.73,02-03-23-10-21-41-467
34.67,43.64,-68.40,44.46,02-03-23-10-21-41-498
34.70,43.62,-70.66,41.48,02-03-23-10-21-41-531
34.70,43.67,-72.78,38.67,02-03-23-10-21-41-565
34.68,43.77,-76.56,33.82,02-03-23-10-21-41-596
34.63,43.92,-78.74,31.41,02-03-23-10-21-41-631
34.54,43.99,666.00,29.99,02-03-23-10-21-41-665
34.42,44.01,666.00,29.28,02-03-23-10-21-41-699
34.01,41.75,-75.24,30.47,02-03-23-10-21-41-731
33.60,39.22,-58.01,72.22,02-03-23-10-21-41-764
33.27,37.06,-50.42,80.33,02-03-23-10-21-41-798
33.04,35.44,-47.13,85.34,02-03-23-10-21-41-832
32.87,34.16,-40.91,84.22,02-03-23-10-21-41-867
33.01,30.85,-31.88,81.75,02-03-23-10-21-41-898
33.58,22.05,-23.82,81.27,02-03-23-10-21-41-934
35.22,12.56,-13.64,76.40,02-03-23-10-21-41-966
37.54,5.70,-9.97,75.54,02-03-23-10-21-41-998
38.17,3.90,-8.48,74.17,02-03-23-10-21-42-032
29.06,15.69,0.72,64.77,02-03-23-10-21-42-064
25.52,23.61,7.70,61.27,02-03-23-10-21-42-099
24.65,28.39,12.56,58.25,02-03-23-10-21-42-130
24.19,31.00,17.36,56.37,02-03-23-10-21-42-167
24.22,32.39,23.88,54.53,02-03-23-10-21-42-196
24.57,32.43,29.41,53.81,02-03-23-10-21-42-231
25.31,30.65,34.30,53.14,02-03-23-10-21-42-264
25.91,28.78,44.28,60.21,02-03-23-10-21-42-306
26.32,27.11,46.73,61.70,02-03-23-10-21-42-331
26.27,26.06,53.11,48.89,02-03-23-10-21-42-367
26.02,25.20,56.65,39.78,02-03-23-10-21-42-402
26.02,22.55,55.68,34.88,02-03-23-10-21-42-432
25.94,21.15,54.65,32.50,02-03-23-10-21-42-468
26.14,19.32,52.05,30.86,02-03-23-10-21-42-501
26.28,18.08,666.00,29.73,02-03-23-10-21-42-528
26.33,17.30,666.00,29.30,02-03-23-10-21-42-567
26.35,17.07,666.00,29.45,02-03-23-10-21-42-599
26.34,16.76,44.17,30.14,02-03-23-10-21-42-630
26.34,16.54,41.80,31.46,02-03-23-10-21-42-667
26.35,16.40,38.27,33.69,02-03-23-10-21-42-697
26.32,16.41,35.79,35.43,02-03-23-10-21-42-731
26.20,16.72,26.50,49.96,02-03-23-10-21-42-767
26.14,17.13,22.15,61.42,02-03-23-10-21-42-800
26.07,18.03,20.52,65.05,02-03-23-10-21-42-831
26.01,19.02,16.90,65.76,02-03-23-10-21-42-866
25.86,20.25,12.25,67.55,02-03-23-10-21-42-897
26.21,20.63,6.91,69.68,02-03-23-10-21-42-932
27.81,18.24,-0.78,69.62,02-03-23-10-21-42-965
28.92,17.04,-8.43,70.58,02-03-23-10-21-42-997
29.83,17.03,-14.09,70.59,02-03-23-10-21-43-030
30.92,16.48,-19.35,74.11,02-03-23-10-21-43-066
31.69,16.28,-23.18,77.55,02-03-23-10-21-43-097
31.72,21.24,-28.04,79.11,02-03-23-10-21-43-132
31.57,26.75,-33.09,79.28,02-03-23-10-21-43-164
31.75,30.69,-37.14,79.04,02-03-23-10-21-43-200
32.71,32.22,-43.68,81.62,02-03-23-10-21-43-230
33.72,32.65,-46.89,82.50,02-03-23-10-21-43-265
34.61,32.56,-50.16,83.37,02-03-23-10-21-43-298
35.31,31.86,-52.61,84.42,02-03-23-10-21-43-330
35.85,31.11,-54.95,85.14,02-03-23-10-21-43-366
36.25,31.06,-56.55,85.39,02-03-23-10-21-43-399
36.56,31.06,-57.59,84.96,02-03-23-10-21-43-430
36.77,31.03,-58.51,84.75,02-03-23-10-21-43-465
36.94,31.31,-59.30,84.00,02-03-23-10-21-43-498
37.11,31.77,-59.99,83.19,02-03-23-10-21-43-530
37.24,32.22,-60.59,82.29,02-03-23-10-21-43-565
37.34,33.23,-61.41,81.28,02-03-23-10-21-43-598
37.41,34.06,-62.08,80.39,02-03-23-10-21-43-633
37.45,34.43,-62.54,79.69,02-03-23-10-21-43-666
37.48,34.69,-62.93,79.10,02-03-23-10-21-43-699
37.53,34.82,-63.25,78.61,02-03-23-10-21-43-733
37.52,34.85,-63.41,78.22,02-03-23-10-21-43-766
37.45,35.06,-63.54,77.94,02-03-23-10-21-43-798
37.37,35.19,-63.66,77.46,02-03-23-10-21-43-831
37.22,35.21,-63.46,77.35,02-03-23-10-21-43-867
36.99,35.02,-62.94,77.44,02-03-23-10-21-43-900
36.66,34.50,-61.95,80.36,02-03-23-10-21-43-932
36.29,33.79,-61.40,82.59,02-03-23-10-21-43-967
35.85,32.69,-60.00,83.79,02-03-23-10-21-43-999
35.39,31.42,-57.11,84.29,02-03-23-10-21-44-030
34.99,30.41,-53.50,84.04,02-03-23-10-21-44-067
34.39,30.25,-48.92,83.09,02-03-23-10-21-44-096
33.73,30.49,-40.24,80.79,02-03-23-10-21-44-131
34.32,22.12,-28.99,82.31,02-03-23-10-21-44-166
34.71,17.75,-20.06,78.79,02-03-23-10-21-44-197
34.81,14.77,-15.77,78.85,02-03-23-10-21-44-230
34.57,13.69,-11.37,77.30,02-03-23-10-21-44-263
33.25,15.05,-8.08,73.46,02-03-23-10-21-44-298
32.47,17.05,-4.82,64.17,02-03-23-10-21-44-331
31.73,18.39,-1.86,58.40,02-03-23-10-21-44-365
30.75,20.51,8.59,55.95,02-03-23-10-21-44-399
29.98,22.08,13.97,54.36,02-03-23-10-21-44-434
29.40,23.29,19.31,50.53,02-03-23-10-21-44-468
28.86,24.38,23.88,49.53,02-03-23-10-21-44-500
28.40,25.17,27.88,48.76,02-03-23-10-21-44-531
27.95,25.68,32.19,49.52,02-03-23-10-21-44-567
27.22,25.63,41.20,41.09,02-03-23-10-21-44-597
26.92,23.20,42.80,38.75,02-03-23-10-21-44-630
26.82,21.25,43.22,38.87,02-03-23-10-21-44-667
26.94,19.23,42.56,38.66,02-03-23-10-21-44-700
27.18,17.80,41.50,38.49,02-03-23-10-21-44-730
27.37,17.09,40.68,38.38,02-03-23-10-21-44-766
27.49,16.68,40.02,38.29,02-03-23-10-21-44-799
27.62,16.35,39.37,38.24,02-03-23-10-21-44-830
27.75,16.09,38.58,38.20,02-03-23-10-21-44-866
27.85,15.99,37.82,38.21,02-03-23-10-21-44-900
27.87,15.97,37.04,38.28,02-03-23-10-21-44-933
27.92,16.00,35.59,38.49,02-03-23-10-21-44-965
27.98,16.05,32.52,39.60,02-03-23-10-21-44-999
28.03,16.10,29.89,57.87,02-03-23-10-21-45-031
28.01,16.37,21.11,61.26,02-03-23-10-21-45-063
27.92,16.88,16.41,62.30,02-03-23-10-21-45-099
27.73,17.97,9.76,61.34,02-03-23-10-21-45-132
27.74,19.47,2.26,62.96,02-03-23-10-21-45-164
27.66,21.50,-1.62,63.01,02-03-23-10-21-45-199
27.91,22.81,-7.42,67.94,02-03-23-10-21-45-232
29.35,20.23,-11.58,71.21,02-03-23-10-21-45-264
31.45,17.59,-16.89,74.08,02-03-23-10-21-45-298
32.74,15.96,-20.57,77.17,02-03-23-10-21-45-333
32.66,23.55,-26.09,79.31,02-03-23-10-21-45-367
32.84,27.72,-34.65,81.85,02-03-23-10-21-45-399
33.11,29.86,-41.95,85.61,02-03-23-10-21-45-438
33.29,31.13,-46.79,87.07,02-03-23-10-21-45-465
33.25,31.91,-53.42,90.29,02-03-23-10-21-45-500
33.15,32.65,-56.01,91.37,02-03-23-10-21-45-533
33.02,33.74,-58.15,91.72,02-03-23-10-21-45-568
32.85,39.08,-61.17,90.48,02-03-23-10-21-45-599
32.89,42.12,-62.62,84.92,02-03-23-10-21-45-631
33.07,43.61,-63.55,81.68,02-03-23-10-21-45-666
33.26,44.66,-64.33,80.78,02-03-23-10-21-45-697
33.42,45.46,-65.07,79.51,02-03-23-10-21-45-733
33.59,46.69,-65.96,78.28,02-03-23-10-21-45-764
33.85,51.14,-67.92,76.02,02-03-23-10-21-45-799
34.04,52.77,-68.94,74.95,02-03-23-10-21-45-831
34.11,52.59,-68.44,74.24,02-03-23-10-21-45-866
34.01,52.20,-67.42,73.73,02-03-23-10-21-45-900
33.94,52.78,-67.55,73.38,02-03-23-10-21-45-934
33.92,53.33,-67.81,73.14,02-03-23-10-21-45-965
33.91,53.72,-67.99,73.04,02-03-23-10-21-45-998
33.89,54.04,-68.11,73.07,02-03-23-10-21-46-032
33.84,54.35,-68.34,73.17,02-03-23-10-21-46-068
33.76,54.63,-66.40,61.60,02-03-23-10-21-46-097
33.43,54.70,-63.06,67.77,02-03-23-10-21-46-129
32.80,53.50,-62.42,74.17,02-03-23-10-21-46-166
32.21,51.92,-61.82,77.42,02-03-23-10-21-46-199
31.77,50.06,-60.92,79.58,02-03-23-10-21-46-229
31.49,48.45,-59.29,80.92,02-03-23-10-21-46-266
31.36,47.16,-52.10,80.51,02-03-23-10-21-46-298
31.32,46.13,-43.46,79.25,02-03-23-10-21-46-332
31.35,44.95,-34.38,76.12,02-03-23-10-21-46-368
32.14,30.01,-26.99,77.10,02-03-23-10-21-46-398
33.63,21.29,-19.15,73.74,02-03-23-10-21-46-431
35.99,13.14,-15.65,75.79,02-03-23-10-21-46-465
37.41,8.69,-20.72,69.32,02-03-23-10-21-46-495
40.03,2.63,-21.76,70.35,02-03-23-10-21-46-530
32.25,12.30,-15.85,55.46,02-03-23-10-21-46-566
28.83,19.50,-9.66,48.00,02-03-23-10-21-46-599
28.15,20.97,-6.43,45.51,02-03-23-10-21-46-630
27.57,23.80,12.61,55.90,02-03-23-10-21-46-667
27.25,25.86,21.34,62.51,02-03-23-10-21-46-697
27.12,27.47,25.33,64.57,02-03-23-10-21-46-733
27.18,28.67,29.36,64.57,02-03-23-10-21-46-767
27.32,29.39,33.32,60.85,02-03-23-10-21-46-797
27.38,29.85,35.92,57.87,02-03-23-10-21-46-831
27.34,30.08,37.92,55.38,02-03-23-10-21-46-867
27.13,30.05,39.45,53.49,02-03-23-10-21-46-897
26.97,29.67,40.71,51.33,02-03-23-10-21-46-934
26.91,29.07,41.18,49.88,02-03-23-10-21-46-964
26.79,28.10,42.55,45.80,02-03-23-10-21-46-998
26.71,27.19,42.96,43.15,02-03-23-10-21-47-032
26.64,26.44,42.92,41.53,02-03-23-10-21-47-072
26.60,25.89,42.58,40.56,02-03-23-10-21-47-098
26.58,25.54,42.15,39.97,02-03-23-10-21-47-131
26.56,25.11,39.53,42.37,02-03-23-10-21-47-164
26.55,24.85,37.05,43.04,02-03-23-10-21-47-200
26.58,24.70,32.08,48.42,02-03-23-10-21-47-230
26.63,24.60,28.20,53.35,02-03-23-10-21-47-267
26.71,24.32,22.21,55.81,02-03-23-10-21-47-299
26.80,24.22,17.27,57.95,02-03-23-10-21-47-330
26.93,23.85,11.95,60.40,02-03-23-10-21-47-365
26.67,24.30,7.18,62.36,02-03-23-10-21-47-398
23.95,33.67,5.94,62.30,02-03-23-10-21-47-431
22.38,42.77,2.91,67.30,02-03-23-10-21-47-465
21.80,49.45,0.89,68.40,02-03-23-10-21-47-499
29.55,22.73,-14.96,75.67,02-03-23-10-21-47-529
36.04,12.27,-22.76,84.11,02-03-23-10-21-47-566
37.18,15.03,-27.99,86.65,02-03-23-10-21-47-596
36.70,20.84,-35.17,84.49,02-03-23-10-21-47-629
36.22,25.24,-38.83,83.19,02-03-23-10-21-47-666
35.80,28.38,-44.61,86.19,02-03-23-10-21-47-697
35.48,30.40,-47.72,87.48,02-03-23-10-21-47-730
35.07,32.61,-52.15,88.95,02-03-23-10-21-47-766
34.20,37.30,-55.57,88.63,02-03-23-10-21-47-800
33.94,39.13,-58.01,88.59,02-03-23-10-21-47-833
33.79,40.27,-60.01,88.54,02-03-23-10-21-47-865
33.69,41.05,-61.28,85.17,02-03-23-10-21-47-895
33.64,41.68,-61.93,82.52,02-03-23-10-21-47-934
33.64,42.17,-62.29,80.52,02-03-23-10-21-47-967
33.67,42.30,-62.38,79.14,02-03-23-10-21-47-996
33.69,42.49,-62.51,78.12,02-03-23-10-21-48-031
33.77,42.23,-62.35,77.33,02-03-23-10-21-48-064
34.13,43.39,-63.24,76.50,02-03-23-10-21-48-100
34.42,44.41,-64.07,75.86,02-03-23-10-21-48-131
34.68,45.53,-64.93,75.42,02-03-23-10-21-48-166
34.87,46.55,-65.70,75.13,02-03-23-10-21-48-197
35.00,47.38,-66.29,74.92,02-03-23-10-21-48-230
35.07,47.77,-66.71,75.33,02-03-23-10-21-48-266
35.11,48.07,-67.00,75.38,02-03-23-10-21-48-297
35.06,48.62,-67.14,75.31,02-03-23-10-21-48-329
34.97,49.29,-67.31,75.16,02-03-23-10-21-48-367
34.84,49.82,-64.98,79.06,02-03-23-10-21-48-398
34.04,45.95,-62.80,80.81,02-03-23-10-21-48-429
33.51,42.66,-60.12,82.32,02-03-23-10-21-48-467
33.26,40.52,-55.68,82.33,02-03-23-10-21-48-497
33.12,38.61,-48.54,81.33,02-03-23-10-21-48-531
33.16,37.63,-41.36,77.33,02-03-23-10-21-48-566
33.26,36.99,-36.77,74.39,02-03-23-10-21-48-598
33.63,34.39,-27.90,69.04,02-03-23-10-21-48-630
36.32,16.00,-17.77,73.53,02-03-23-10-21-48-669
38.35,9.71,-13.58,75.54,02-03-23-10-21-48-698
39.34,6.97,-10.72,76.11,02-03-23-10-21-48-731
36.68,10.03,-6.33,73.26,02-03-23-10-21-48-767
34.74,12.84,-3.09,68.25,02-03-23-10-21-48-798
33.74,14.68,-0.75,64.98,02-03-23-10-21-48-830
32.79,16.89,2.22,61.97,02-03-23-10-21-48-866
32.08,18.74,5.13,59.44,02-03-23-10-21-48-898
31.61,20.17,12.43,57.20,02-03-23-10-21-48-936
31.28,21.23,16.90,56.36,02-03-23-10-21-48-963
30.83,22.73,21.09,56.17,02-03-23-10-21-48-997
30.41,24.69,26.00,55.06,02-03-23-10-21-49-029
29.29,25.99,29.93,54.94,02-03-23-10-21-49-065
28.50,27.11,33.84,52.91,02-03-23-10-21-49-098
27.94,27.93,37.16,40.83,02-03-23-10-21-49-129
27.57,28.46,51.34,56.64,02-03-23-10-21-49-167
27.29,28.64,52.39,56.82,02-03-23-10-21-49-199
27.03,28.71,52.81,45.58,02-03-23-10-21-49-230
26.84,28.74,56.20,57.50,02-03-23-10-21-49-265
26.75,28.74,51.80,59.58,02-03-23-10-21-49-300
26.73,28.58,51.96,63.97,02-03-23-10-21-49-332
26.79,28.21,44.63,63.94,02-03-23-10-21-49-364
26.87,27.89,40.90,63.98,02-03-23-10-21-49-400
26.93,27.63,39.57,65.09,02-03-23-10-21-49-431
26.98,27.34,32.42,64.34,02-03-23-10-21-49-469
27.03,27.12,22.31,56.89,02-03-23-10-21-49-499
27.07,27.01,18.34,55.96,02-03-23-10-21-49-531
27.10,26.92,12.64,54.75,02-03-23-10-21-49-564
27.16,26.87,9.92,63.56,02-03-23-10-21-49-598
28.31,25.57,3.97,64.18,02-03-23-10-21-49-631
29.18,24.93,0.08,64.47,02-03-23-10-21-49-666
29.37,25.32,-4.41,65.24,02-03-23-10-21-49-695
29.27,29.13,-8.49,63.86,02-03-23-10-21-49-731
26.22,52.90,-4.03,60.46,02-03-23-10-21-49-768
31.19,37.69,-19.38,67.35,02-03-23-10-21-49-799
33.27,33.60,-27.08,75.00,02-03-23-10-21-49-830
34.30,31.85,-31.05,78.58,02-03-23-10-21-49-863
35.03,32.48,-36.61,80.58,02-03-23-10-21-49-898
35.21,33.29,-42.89,81.92,02-03-23-10-21-49-934
35.19,33.78,-46.90,83.29,02-03-23-10-21-49-963
35.11,33.93,-49.67,83.84,02-03-23-10-21-50-002
34.09,41.23,-54.42,81.18,02-03-23-10-21-50-032
33.96,42.63,-57.09,81.05,02-03-23-10-21-50-068
33.80,44.90,-59.09,80.12,02-03-23-10-21-50-098
33.72,46.30,-62.90,79.88,02-03-23-10-21-50-132
33.70,47.37,-64.57,79.11,02-03-23-10-21-50-168
33.69,48.06,-65.63,78.26,02-03-23-10-21-50-200
33.57,48.60,-65.99,77.41,02-03-23-10-21-50-234
33.45,48.93,-66.04,76.65,02-03-23-10-21-50-269
33.36,49.23,-66.01,75.84,02-03-23-10-21-50-300
33.27,49.56,-66.00,75.12,02-03-23-10-21-50-330
33.02,49.90,-65.63,74.57,02-03-23-10-21-50-366
32.97,49.89,-66.58,75.36,02-03-23-10-21-50-396
32.94,49.97,-67.29,76.61,02-03-23-10-21-50-431
32.83,50.20,-67.67,77.68,02-03-23-10-21-50-467
32.92,49.98,-67.24,75.86,02-03-23-10-21-50-496
32.99,49.76,-66.76,74.42,02-03-23-10-21-50-532
33.04,49.66,-66.63,73.75,02-03-23-10-21-50-566
33.09,49.52,-66.30,72.98,02-03-23-10-21-50-598
33.03,49.77,-65.97,72.49,02-03-23-10-21-50-630
32.94,50.07,-65.59,72.23,02-03-23-10-21-50-665
32.77,49.52,-64.77,72.35,02-03-23-10-21-50-700
32.59,49.19,-63.48,75.17,02-03-23-10-21-50-730
32.39,49.01,-62.56,76.73,02-03-23-10-21-50-767
32.14,48.61,-60.61,77.56,02-03-23-10-21-50-797
31.87,47.99,-57.60,77.84,02-03-23-10-21-50-832
31.50,48.21,-54.84,77.99,02-03-23-10-21-50-865
31.57,47.97,-52.22,77.82,02-03-23-10-21-50-897
31.76,47.55,-45.08,77.08,02-03-23-10-21-50-929
32.15,46.68,-37.72,76.21,02-03-23-10-21-50-967
32.64,42.63,-30.91,75.85,02-03-23-10-21-51-000
34.39,44.96,-27.81,71.65,02-03-23-10-21-51-032
35.61,24.65,-22.46,74.81,02-03-23-10-21-51-064
36.26,21.34,-19.67,73.92,02-03-23-10-21-51-101
28.79,37.08,-6.35,56.99,02-03-23-10-21-51-133
25.58,48.80,5.27,52.09,02-03-23-10-21-51-164
24.88,50.14,12.05,56.06,02-03-23-10-21-51-197
24.86,46.07,13.13,56.35,02-03-23-10-21-51-234
28.52,25.99,3.02,60.03,02-03-23-10-21-51-265
31.28,17.79,-0.32,62.23,02-03-23-10-21-51-301
32.82,11.11,-0.93,64.65,02-03-23-10-21-51-332
32.56,9.04,2.50,65.12,02-03-23-10-21-51-366
30.92,9.50,7.53,64.75,02-03-23-10-21-51-398
28.85,12.23,12.18,64.12,02-03-23-10-21-51-433
27.32,14.84,15.77,58.22,02-03-23-10-21-51-466
26.29,17.57,18.66,55.24,02-03-23-10-21-51-499
25.67,19.96,20.24,50.12,02-03-23-10-21-51-530
25.77,22.37,20.62,46.63,02-03-23-10-21-51-567
26.00,23.73,39.82,60.47,02-03-23-10-21-51-597
26.22,24.62,39.87,58.42,02-03-23-10-21-51-632
26.40,25.18,38.75,56.77,02-03-23-10-21-51-673
26.53,25.57,38.13,57.18,02-03-23-10-21-51-698
26.61,25.84,37.51,57.93,02-03-23-10-21-51-731
26.75,26.08,36.56,57.64,02-03-23-10-21-51-768
26.85,26.24,34.68,56.74,02-03-23-10-21-51-798
27.00,26.35,32.77,55.83,02-03-23-10-21-51-833
27.05,26.44,30.90,55.12,02-03-23-10-21-51-866
27.07,26.44,29.01,54.87,02-03-23-10-21-51-897
27.07,26.35,26.81,54.87,02-03-23-10-21-51-936
27.05,26.14,23.68,55.35,02-03-23-10-21-51-966
27.02,25.97,18.49,56.52,02-03-23-10-21-51-999
26.96,25.81,13.09,59.95,02-03-23-10-21-52-034
26.88,25.69,8.54,62.20,02-03-23-10-21-52-064
26.81,25.75,4.14,63.90,02-03-23-10-21-52-098
26.65,27.13,-1.42,70.89,02-03-23-10-21-52-131
26.30,32.34,-2.51,70.26,02-03-23-10-21-52-169
24.44,46.37,-2.65,67.79,02-03-23-10-21-52-197
29.90,29.31,-18.60,73.20,02-03-23-10-21-52-230
33.42,21.16,-26.55,78.00,02-03-23-10-21-52-263
34.61,20.91,-31.62,80.82,02-03-23-10-21-52-299
35.07,22.65,-36.15,82.16,02-03-23-10-21-52-330
35.02,25.33,-41.02,84.21,02-03-23-10-21-52-366
34.83,27.60,-44.32,85.70,02-03-23-10-21-52-400
34.66,28.90,-49.13,87.74,02-03-23-10-21-52-430
34.48,30.18,-51.78,88.41,02-03-23-10-21-52-468
33.67,38.18,-56.30,86.01,02-03-23-10-21-52-499
33.83,51.47,-62.56,81.97,02-03-23-10-21-52-533
34.23,54.52,-64.80,81.25,02-03-23-10-21-52-566
34.48,56.17,-66.74,78.74,02-03-23-10-21-52-597
34.69,57.06,-67.82,76.71,02-03-23-10-21-52-631
34.83,57.37,-68.46,75.15,02-03-23-10-21-52-663
34.98,57.03,-68.87,73.90,02-03-23-10-21-52-697
35.13,56.30,-69.14,72.96,02-03-23-10-21-52-733
35.30,55.29,-69.32,72.33,02-03-23-10-21-52-764
35.45,54.25,-69.43,71.98,02-03-23-10-21-52-798
35.57,53.30,-69.47,71.81,02-03-23-10-21-52-830
35.71,52.23,-69.44,71.75,02-03-23-10-21-52-865
35.75,51.36,-69.34,71.75,02-03-23-10-21-52-898
35.88,49.23,-69.45,73.23,02-03-23-10-21-52-935
35.92,48.30,-70.01,61.65,02-03-23-10-21-52-967
35.93,47.64,-68.85,64.59,02-03-23-10-21-52-999
35.93,47.16,-68.05,67.47,02-03-23-10-21-53-031
35.90,46.72,-67.48,69.49,02-03-23-10-21-53-064
35.83,46.30,-66.89,71.00,02-03-23-10-21-53-101
35.74,45.95,-66.21,72.01,02-03-23-10-21-53-129
35.62,45.64,-65.24,72.89,02-03-23-10-21-53-164
35.17,43.63,-62.28,76.35,02-03-23-10-21-53-209
34.79,42.56,-59.05,77.74,02-03-23-10-21-53-230
34.37,41.40,-55.49,78.08,02-03-23-10-21-53-266
33.89,39.08,-47.07,77.06,02-03-23-10-21-53-301
33.61,37.34,-39.08,75.19,02-03-23-10-21-53-330
33.49,36.32,-31.48,72.91,02-03-23-10-21-53-364
33.51,34.50,-22.40,69.37,02-03-23-10-21-53-399
34.14,26.27,-17.02,70.84,02-03-23-10-21-53-431
36.01,16.59,-14.03,68.75,02-03-23-10-21-53-468
36.90,13.90,-13.25,67.81,02-03-23-10-21-53-500
36.53,13.30,-11.88,66.74,02-03-23-10-21-53-530
35.82,13.57,-8.18,67.31,02-03-23-10-21-53-565
35.41,14.30,-3.54,66.51,02-03-23-10-21-53-599
33.93,17.19,1.06,64.51,02-03-23-10-21-53-629
32.47,20.12,5.26,62.87,02-03-23-10-21-53-665
31.45,22.38,10.16,61.58,02-03-23-10-21-53-700
30.67,24.20,15.21,59.41,02-03-23-10-21-53-731
30.12,25.55,19.84,55.02,02-03-23-10-21-53-766
29.69,26.50,23.71,53.51,02-03-23-10-21-53-800
29.14,27.08,27.32,52.44,02-03-23-10-21-53-831
28.76,27.30,29.29,42.05,02-03-23-10-21-53-866
28.46,27.29,31.53,40.58,02-03-23-10-21-53-903
28.21,27.01,48.29,58.65,02-03-23-10-21-53-930
27.92,26.72,49.72,63.94,02-03-23-10-21-53-963
27.23,26.34,50.48,66.46,02-03-23-10-21-53-999
26.22,27.11,50.11,67.77,02-03-23-10-21-54-029
25.28,28.02,44.35,50.24,02-03-23-10-21-54-064
24.51,28.63,42.42,53.49,02-03-23-10-21-54-098
23.93,29.43,45.73,60.52,02-03-23-10-21-54-133
23.49,30.06,46.98,64.09,02-03-23-10-21-54-165
23.22,30.48,39.35,63.97,02-03-23-10-21-54-198
23.05,30.77,38.59,65.55,02-03-23-10-21-54-232
22.94,31.02,31.20,62.77,02-03-23-10-21-54-264
22.87,31.23,26.90,61.32,02-03-23-10-21-54-297
22.82,31.46,20.36,58.26,02-03-23-10-21-54-331
22.80,31.68,15.98,57.14,02-03-23-10-21-54-365
22.79,31.86,10.70,57.64,02-03-23-10-21-54-401
22.78,32.09,5.18,63.58,02-03-23-10-21-54-433
20.51,49.15,6.69,60.26,02-03-23-10-21-54-468
23.82,50.19,0.22,56.54,02-03-23-10-21-54-500
25.24,51.71,-5.52,61.80,02-03-23-10-21-54-533
30.82,24.10,-23.11,75.16,02-03-23-10-21-54-567
32.63,22.96,-26.90,77.64,02-03-23-10-21-54-606
34.04,23.99,-29.71,78.30,02-03-23-10-21-54-633
34.74,25.71,-31.59,77.87,02-03-23-10-21-54-667
35.07,27.98,-37.36,78.85,02-03-23-10-21-54-701
35.15,30.07,-43.85,83.41,02-03-23-10-21-54-731
35.12,31.95,-46.51,84.29,02-03-23-10-21-54-765
35.23,33.52,-49.74,84.69,02-03-23-10-21-54-800
35.41,34.52,-52.43,84.90,02-03-23-10-21-54-832
35.44,38.61,-55.85,83.25,02-03-23-10-21-54-865
35.74,48.03,-61.50,79.29,02-03-23-10-21-54-901
36.19,50.78,-63.90,76.01,02-03-23-10-21-54-931
36.61,51.14,-65.18,73.82,02-03-23-10-21-54-967
37.03,50.37,-67.38,75.33,02-03-23-10-21-54-998
37.36,49.39,-68.51,73.71,02-03-23-10-21-55-031
37.55,48.37,-68.90,72.49,02-03-23-10-21-55-067
37.67,46.97,-68.62,71.83,02-03-23-10-21-55-099
37.73,45.99,-68.66,73.50,02-03-23-10-21-55-133
37.76,45.26,-68.46,72.17,02-03-23-10-21-55-164
37.57,44.89,-68.24,71.55,02-03-23-10-21-55-196
37.38,44.73,-68.00,71.15,02-03-23-10-21-55-232
37.19,45.20,-68.26,70.92,02-03-23-10-21-55-268
37.03,45.54,-68.41,70.88,02-03-23-10-21-55-296
36.87,45.67,-68.25,70.90,02-03-23-10-21-55-332
36.65,45.66,-67.94,71.01,02-03-23-10-21-55-367
36.65,45.15,-67.77,71.51,02-03-23-10-21-55-398
36.63,44.77,-67.61,71.78,02-03-23-10-21-55-432
36.66,44.43,-67.47,72.05,02-03-23-10-21-55-464
36.70,44.11,-67.30,72.29,02-03-23-10-21-55-495
36.70,43.74,-64.27,72.20,02-03-23-10-21-55-532
36.63,43.46,-58.56,69.28,02-03-23-10-21-55-566
36.48,42.47,-56.17,71.09,02-03-23-10-21-55-597
36.28,40.87,-54.41,72.79,02-03-23-10-21-55-630
35.88,40.96,-52.65,74.71,02-03-23-10-21-55-664
35.46,41.41,-49.39,75.89,02-03-23-10-21-55-700
35.15,41.36,-45.17,75.75,02-03-23-10-21-55-731
35.05,41.17,-37.09,71.35,02-03-23-10-21-55-766
34.91,38.35,-30.99,70.56,02-03-23-10-21-55-801
36.00,23.66,-23.26,76.17,02-03-23-10-21-55-831
38.45,10.88,-14.88,79.28,02-03-23-10-21-55-868
39.42,5.93,-10.66,80.73,02-03-23-10-21-55-902
33.02,18.23,-5.61,71.71,02-03-23-10-21-55-931
26.22,37.13,6.51,65.64,02-03-23-10-21-55-965
24.70,41.82,11.53,62.82,02-03-23-10-21-56-001
23.94,43.80,13.87,61.01,02-03-23-10-21-56-029
26.42,36.76,9.59,58.57,02-03-23-10-21-56-066
29.21,23.45,4.34,61.87,02-03-23-10-21-56-097
30.60,17.13,4.62,64.01,02-03-23-10-21-56-132
29.42,17.52,9.53,64.26,02-03-23-10-21-56-168
28.15,18.82,15.51,64.56,02-03-23-10-21-56-197
27.11,22.11,20.26,64.09,02-03-23-10-21-56-232
26.41,24.44,24.45,63.65,02-03-23-10-21-56-265
25.88,26.07,27.81,63.33,02-03-23-10-21-56-299
25.65,27.10,30.43,63.00,02-03-23-10-21-56-331
25.44,27.96,32.72,62.61,02-03-23-10-21-56-367
25.40,28.77,34.35,62.33,02-03-23-10-21-56-398
25.35,29.31,35.78,61.94,02-03-23-10-21-56-432
25.40,29.64,36.82,61.66,02-03-23-10-21-56-465
26.16,30.15,36.09,61.38,02-03-23-10-21-56-500
26.84,30.59,36.64,61.91,02-03-23-10-21-56-530
27.18,30.48,37.12,62.06,02-03-23-10-21-56-564
27.25,29.94,38.16,62.15,02-03-23-10-21-56-598
27.25,29.26,39.61,62.18,02-03-23-10-21-56-631
26.98,28.78,40.10,62.28,02-03-23-10-21-56-668
26.71,28.71,36.07,62.54,02-03-23-10-21-56-698
26.50,28.84,29.71,65.70,02-03-23-10-21-56-732
26.39,29.28,25.53,67.44,02-03-23-10-21-56-765
26.29,29.88,19.52,71.19,02-03-23-10-21-56-798
26.04,30.96,16.15,71.75,02-03-23-10-21-56-830
24.47,38.54,11.22,70.39,02-03-23-10-21-56-866
23.64,44.78,3.43,64.13,02-03-23-10-21-56-899
23.36,52.31,-1.28,64.00,02-03-23-10-21-56-931
28.90,20.77,-17.02,74.06,02-03-23-10-21-56-967
33.42,11.52,-22.46,80.76,02-03-23-10-21-56-998
35.10,9.90,-25.47,83.24,02-03-23-10-21-57-031
34.48,20.13,-30.82,81.05,02-03-23-10-21-57-069
34.26,25.59,-38.48,86.25,02-03-23-10-21-57-098
33.81,31.22,-44.91,91.94,02-03-23-10-21-57-132
34.01,35.21,-48.26,92.83,02-03-23-10-21-57-167
34.27,37.66,-51.48,93.07,02-03-23-10-21-57-198
34.39,41.24,-55.07,92.63,02-03-23-10-21-57-230
34.52,43.37,-57.48,92.31,02-03-23-10-21-57-265
34.63,45.09,-60.25,94.14,02-03-23-10-21-57-297
34.90,48.07,-62.56,94.31,02-03-23-10-21-57-329
35.19,50.48,-64.24,94.36,02-03-23-10-21-57-364
35.48,52.36,-65.46,94.41,02-03-23-10-21-57-396
35.65,53.36,-66.21,94.50,02-03-23-10-21-57-433
35.77,54.03,-66.69,94.55,02-03-23-10-21-57-464
35.87,54.20,-67.70,84.19,02-03-23-10-21-57-497
35.93,54.25,-68.35,77.15,02-03-23-10-21-57-538
36.06,53.67,-68.44,74.05,02-03-23-10-21-57-565
36.19,53.20,-68.60,72.20,02-03-23-10-21-57-600
36.30,52.71,-68.70,70.95,02-03-23-10-21-57-630
36.39,52.36,-68.84,70.41,02-03-23-10-21-57-666
36.45,51.99,-68.88,70.54,02-03-23-10-21-57-699
36.49,51.67,-68.85,70.98,02-03-23-10-21-57-730
36.51,51.39,-71.68,78.14,02-03-23-10-21-57-767
36.51,51.18,-70.21,78.63,02-03-23-10-21-57-799
36.49,50.95,-67.95,77.93,02-03-23-10-21-57-830
36.45,50.91,-65.89,77.29,02-03-23-10-21-57-867
36.34,50.58,-61.84,75.83,02-03-23-10-21-57-899
36.03,48.47,-56.88,77.79,02-03-23-10-21-57-932
35.89,47.27,-53.11,77.18,02-03-23-10-21-57-967
35.85,46.58,-43.32,76.11,02-03-23-10-21-57-996
35.97,44.58,-33.83,72.88,02-03-23-10-21-58-031
36.58,41.06,-28.56,70.89,02-03-23-10-21-58-068
39.61,21.21,-21.81,79.28,02-03-23-10-21-58-096
30.52,74.19,9.66,55.92,02-03-23-10-21-58-130
29.20,67.33,15.92,48.62,02-03-23-10-21-58-164
28.17,69.79,21.78,58.64,02-03-23-10-21-58-196
26.27,70.23,30.45,57.72,02-03-23-10-21-58-232
27.28,58.02,24.86,58.40,02-03-23-10-21-58-266
26.21,40.03,15.78,60.62,02-03-23-10-21-58-299
29.60,20.66,6.63,63.79,02-03-23-10-21-58-333
30.63,16.44,6.99,64.55,02-03-23-10-21-58-364
31.29,14.24,10.17,62.84,02-03-23-10-21-58-397
31.01,15.14,12.96,60.93,02-03-23-10-21-58-433
29.99,18.24,16.84,59.02,02-03-23-10-21-58-467
29.04,21.53,28.25,60.01,02-03-23-10-21-58-499
28.31,24.15,33.74,60.74,02-03-23-10-21-58-530
27.67,26.10,37.94,61.80,02-03-23-10-21-58-567
27.23,27.35,40.54,62.45,02-03-23-10-21-58-598
26.98,28.00,53.98,65.53,02-03-23-10-21-58-631
26.67,28.19,53.55,64.97,02-03-23-10-21-58-666
26.41,28.29,53.41,60.29,02-03-23-10-21-58-699
26.20,28.11,57.05,64.37,02-03-23-10-21-58-729
26.05,27.82,47.86,55.30,02-03-23-10-21-58-763
25.96,27.64,43.19,57.88,02-03-23-10-21-58-798
25.92,27.53,38.16,56.60,02-03-23-10-21-58-832
25.88,27.49,35.01,55.97,02-03-23-10-21-58-865
26.01,27.48,31.24,56.66,02-03-23-10-21-58-900
26.36,28.09,28.06,57.24,02-03-23-10-21-58-932
26.69,28.77,24.11,59.14,02-03-23-10-21-58-966
27.17,29.30,19.00,62.58,02-03-23-10-21-58-998
27.48,29.87,13.77,63.59,02-03-23-10-21-59-031
28.96,30.77,5.87,62.41,02-03-23-10-21-59-065
32.42,20.23,-6.28,68.95,02-03-23-10-21-59-098
35.23,16.14,-11.83,74.13,02-03-23-10-21-59-131
27.81,41.55,-6.11,64.59,02-03-23-10-21-59-167
26.92,50.99,-8.30,64.48,02-03-23-10-21-59-198
30.81,39.77,-20.22,68.12,02-03-23-10-21-59-233
32.58,38.08,-25.99,69.14,02-03-23-10-21-59-263
33.96,37.35,-33.53,72.03,02-03-23-10-21-59-299
35.01,37.26,-40.27,74.15,02-03-23-10-21-59-331
36.05,36.74,-48.42,80.94,02-03-23-10-21-59-367
36.57,36.80,-52.95,83.46,02-03-23-10-21-59-399
36.63,36.97,-56.36,85.17,02-03-23-10-21-59-431
36.20,42.75,-60.45,84.09,02-03-23-10-21-59-467
35.97,45.78,-67.45,85.13,02-03-23-10-21-59-499
35.81,47.50,-70.27,85.47,02-03-23-10-21-59-529
35.66,48.49,-71.75,85.58,02-03-23-10-21-59-564
35.51,49.17,-71.22,80.37,02-03-23-10-21-59-600
35.39,49.55,-70.64,77.31,02-03-23-10-21-59-634
35.22,49.76,-69.78,75.28,02-03-23-10-21-59-668
35.10,49.72,-68.27,77.43,02-03-23-10-21-59-700
34.86,49.52,-66.76,79.22,02-03-23-10-21-59-731
34.48,49.89,-65.76,79.69,02-03-23-10-21-59-767
33.58,51.39,-64.75,78.61,02-03-23-10-21-59-798
33.25,51.94,-64.69,77.51,02-03-23-10-21-59-834
33.01,52.25,-64.61,76.61,02-03-23-10-21-59-869
32.82,52.48,-64.60,75.81,02-03-23-10-21-59-897
32.72,52.64,-64.70,75.38,02-03-23-10-21-59-932
32.67,52.88,-64.90,74.84,02-03-23-10-21-59-964
32.58,52.85,-64.91,74.23,02-03-23-10-21-59-999
32.51,52.77,-64.85,73.74,02-03-23-10-22-00-036
32.43,52.67,-65.48,72.77,02-03-23-10-22-00-068
32.36,52.56,-65.05,76.20,02-03-23-10-22-00-100
32.22,52.28,-63.35,76.01,02-03-23-10-22-00-130
32.08,52.02,-62.22,76.86,02-03-23-10-22-00-166
31.77,51.05,-60.98,77.58,02-03-23-10-22-00-198
31.45,50.07,-58.68,78.27,02-03-23-10-22-00-232
30.89,47.80,-53.90,76.17,02-03-23-10-22-00-263
30.36,45.23,-48.78,75.76,02-03-23-10-22-00-299
30.54,42.54,-43.12,76.49,02-03-23-10-22-00-331
30.69,39.14,-38.06,78.69,02-03-23-10-22-00-365
31.33,33.17,-29.82,77.56,02-03-23-10-22-00-399
32.12,28.81,-25.87,75.96,02-03-23-10-22-00-431
33.04,25.36,-23.85,68.95,02-03-23-10-22-00-466
34.87,17.01,-19.74,72.70,02-03-23-10-22-00-497
27.02,33.44,-6.66,61.02,02-03-23-10-22-00-532
26.15,36.87,-3.93,59.37,02-03-23-10-22-00-569
25.49,39.48,3.61,62.07,02-03-23-10-22-00-599
25.22,40.26,8.58,59.33,02-03-23-10-22-00-629
25.28,39.33,10.52,58.21,02-03-23-10-22-00-671
25.64,37.18,12.99,56.12,02-03-23-10-22-00-699
26.16,34.34,16.05,57.52,02-03-23-10-22-00-733
26.64,31.98,17.70,57.13,02-03-23-10-22-00-764
26.95,30.19,18.99,57.07,02-03-23-10-22-00-801
27.26,28.62,20.89,57.10,02-03-23-10-22-00-830
27.51,27.16,23.14,57.04,02-03-23-10-22-00-866
27.64,25.74,25.51,55.81,02-03-23-10-22-00-897
27.76,24.43,25.47,44.14,02-03-23-10-22-00-932
27.81,23.37,24.49,39.02,02-03-23-10-22-00-965
27.60,22.52,29.40,42.35,02-03-23-10-22-00-997
27.44,22.05,30.95,41.91,02-03-23-10-22-01-031
27.14,21.63,31.42,43.66,02-03-23-10-22-01-066
25.42,18.13,47.02,61.10,02-03-23-10-22-01-098
24.48,17.69,40.90,59.16,02-03-23-10-22-01-133
24.02,17.64,37.62,61.55,02-03-23-10-22-01-165
23.71,17.58,34.74,62.53,02-03-23-10-22-01-198
23.48,17.63,31.18,63.08,02-03-23-10-22-01-232
23.34,17.79,26.63,63.97,02-03-23-10-22-01-264
23.25,18.09,20.14,67.73,02-03-23-10-22-01-299
23.19,18.44,16.81,69.23,02-03-23-10-22-01-333
23.16,18.96,12.90,70.96,02-03-23-10-22-01-366
23.41,19.33,6.71,73.49,02-03-23-10-22-01-398
23.57,20.08,1.70,74.03,02-03-23-10-22-01-434
22.85,31.17,-4.74,73.79,02-03-23-10-22-01-466
29.50,22.89,-16.18,76.92,02-03-23-10-22-01-498
32.22,22.34,-23.49,79.15,02-03-23-10-22-01-532
34.11,21.81,-27.81,79.73,02-03-23-10-22-01-566
34.48,25.38,-31.01,77.59,02-03-23-10-22-01-597
34.67,27.52,-36.60,78.07,02-03-23-10-22-01-629
34.67,29.55,-39.87,78.05,02-03-23-10-22-01-667
34.51,30.25,-41.16,77.81,02-03-23-10-22-01-697
34.38,31.11,-46.95,81.66,02-03-23-10-22-01-730
33.88,35.43,-53.37,83.57,02-03-23-10-22-01-766
33.65,38.02,-59.84,85.74,02-03-23-10-22-01-799
33.45,43.62,-63.07,84.25,02-03-23-10-22-01-831
33.43,46.69,-64.07,80.68,02-03-23-10-22-01-864
33.42,48.45,-63.96,77.64,02-03-23-10-22-01-897
33.40,49.38,-63.62,75.66,02-03-23-10-22-01-933
33.36,49.83,-63.46,74.61,02-03-23-10-22-01-966
33.32,50.00,-62.97,73.62,02-03-23-10-22-01-997
33.29,50.02,-62.62,72.89,02-03-23-10-22-02-033
33.30,49.81,-62.37,72.41,02-03-23-10-22-02-066
33.29,49.54,-62.10,72.11,02-03-23-10-22-02-098
33.16,49.59,-61.82,71.90,02-03-23-10-22-02-135
33.07,49.62,-61.65,71.75,02-03-23-10-22-02-163
32.96,49.73,-61.38,71.65,02-03-23-10-22-02-201
32.89,49.68,-61.11,71.55,02-03-23-10-22-02-231
32.79,49.79,-60.84,71.47,02-03-23-10-22-02-265
32.73,49.67,-60.61,71.37,02-03-23-10-22-02-299
32.66,49.55,-57.94,64.79,02-03-23-10-22-02-331
32.58,49.47,-55.94,67.70,02-03-23-10-22-02-366
32.32,48.34,-55.91,71.88,02-03-23-10-22-02-398
31.91,46.28,-54.94,74.44,02-03-23-10-22-02-433
31.50,43.93,-52.89,76.24,02-03-23-10-22-02-464
31.15,41.01,-49.18,77.61,02-03-23-10-22-02-499
31.13,39.19,-42.46,77.70,02-03-23-10-22-02-533
31.40,37.95,-37.41,76.71,02-03-23-10-22-02-565
31.81,36.79,-27.33,72.70,02-03-23-10-22-02-598
33.19,18.88,-20.77,73.51,02-03-23-10-22-02-629
34.71,12.07,-11.26,71.68,02-03-23-10-22-02-666
36.72,6.22,-7.96,73.22,02-03-23-10-22-02-697
29.52,23.17,0.51,61.67,02-03-23-10-22-02-730
23.70,38.54,13.30,59.62,02-03-23-10-22-02-766
24.83,37.20,13.06,57.10,02-03-23-10-22-02-796
25.77,34.42,11.85,56.71,02-03-23-10-22-02-830
26.50,33.20,15.50,58.87,02-03-23-10-22-02-867
26.96,31.68,17.21,60.52,02-03-23-10-22-02-901
27.35,29.75,21.43,56.83,02-03-23-10-22-02-931
26.97,29.14,23.09,54.88,02-03-23-10-22-02-964
26.52,28.36,25.41,50.44,02-03-23-10-22-02-998
26.16,27.65,26.41,48.86,02-03-23-10-22-03-031
25.68,26.96,27.44,43.04,02-03-23-10-22-03-066
25.35,26.01,27.15,40.22,02-03-23-10-22-03-098
25.10,25.42,43.44,58.19,02-03-23-10-22-03-131
24.84,25.01,42.78,52.21,02-03-23-10-22-03-165
24.64,24.82,48.79,64.05,02-03-23-10-22-03-197
24.48,24.83,46.82,65.41,02-03-23-10-22-03-232
24.36,24.93,43.96,65.52,02-03-23-10-22-03-267
24.25,25.04,38.14,52.49,02-03-23-10-22-03-300
24.15,25.08,43.06,61.27,02-03-23-10-22-03-338
24.08,25.25,38.86,61.50,02-03-23-10-22-03-364
24.06,25.41,26.75,50.75,02-03-23-10-22-03-396
24.04,25.49,14.39,41.93,02-03-23-10-22-03-430
24.04,25.66,14.62,50.64,02-03-23-10-22-03-468
24.04,25.95,9.00,51.36,02-03-23-10-22-03-497
23.99,26.28,6.49,53.77,02-03-23-10-22-03-530
23.92,26.54,3.84,55.25,02-03-23-10-22-03-566
24.28,26.26,-1.48,59.40,02-03-23-10-22-03-598
24.46,26.76,-6.71,62.59,02-03-23-10-22-03-630
22.25,49.34,-5.68,63.28,02-03-23-10-22-03-667
26.22,33.22,-17.85,74.37,02-03-23-10-22-03-697
28.33,29.34,-21.09,78.08,02-03-23-10-22-03-729
30.04,27.34,-25.25,80.41,02-03-23-10-22-03-765
31.18,27.40,-32.72,81.33,02-03-23-10-22-03-799
31.88,29.79,-38.17,81.76,02-03-23-10-22-03-832
32.61,30.83,-42.23,82.12,02-03-23-10-22-03-865
34.01,31.07,-48.77,83.37,02-03-23-10-22-03-897
34.57,34.60,-53.24,82.74,02-03-23-10-22-03-933
34.97,36.23,-56.80,82.65,02-03-23-10-22-03-963
35.25,37.27,-62.75,85.10,02-03-23-10-22-03-995
35.47,37.97,-65.62,86.10,02-03-23-10-22-04-033
35.63,38.62,-67.25,86.17,02-03-23-10-22-04-065
35.25,40.41,-66.72,81.21,02-03-23-10-22-04-098
34.72,42.60,-66.09,77.98,02-03-23-10-22-04-130
33.71,45.02,-64.78,75.85,02-03-23-10-22-04-165
33.22,47.10,-64.35,74.40,02-03-23-10-22-04-198
33.13,47.90,-64.09,73.41,02-03-23-10-22-04-233
33.09,48.46,-64.63,69.00,02-03-23-10-22-04-266
33.09,48.92,-64.76,68.14,02-03-23-10-22-04-296
33.10,49.26,-64.86,67.59,02-03-23-10-22-04-331
33.14,49.65,-67.70,55.32,02-03-23-10-22-04-364
33.18,49.96,-66.12,62.40,02-03-23-10-22-04-397
33.21,50.23,-65.30,65.26,02-03-23-10-22-04-431
33.27,50.42,-64.20,72.01,02-03-23-10-22-04-464
33.28,50.53,-63.60,76.43,02-03-23-10-22-04-500
33.13,50.49,-63.02,79.04,02-03-23-10-22-04-532
32.89,50.09,-74.60,40.37,02-03-23-10-22-04-567
32.62,49.85,666.00,28.11,02-03-23-10-22-04-601
32.33,49.62,666.00,19.34,02-03-23-10-22-04-630
32.08,49.33,666.00,16.63,02-03-23-10-22-04-666
31.81,48.93,666.00,16.73,02-03-23-10-22-04-701
31.28,47.16,666.00,21.08,02-03-23-10-22-04-732
31.95,46.89,666.00,23.50,02-03-23-10-22-04-767
32.28,44.16,-59.97,32.53,02-03-23-10-22-04-808
32.52,41.31,-55.24,37.61,02-03-23-10-22-04-830
32.79,36.88,-51.13,42.19,02-03-23-10-22-04-865
33.38,32.42,-45.12,49.58,02-03-23-10-22-04-900
29.42,69.79,666.00,22.40,02-03-23-10-22-04-929
29.07,72.43,666.00,23.59,02-03-23-10-22-04-964
28.23,72.57,15.59,39.64,02-03-23-10-22-04-997
26.14,67.04,20.45,59.59,02-03-23-10-22-05-031
24.44,40.79,16.95,69.07,02-03-23-10-22-05-065
25.85,28.73,18.23,72.33,02-03-23-10-22-05-098
27.02,22.66,21.05,72.90,02-03-23-10-22-05-131
27.87,19.30,23.72,65.76,02-03-23-10-22-05-165
28.51,17.14,24.98,59.73,02-03-23-10-22-05-199
28.95,15.66,25.88,57.78,02-03-23-10-22-05-232
29.29,14.50,26.52,56.74,02-03-23-10-22-05-265
29.48,13.81,27.08,56.02,02-03-23-10-22-05-298
29.57,13.36,27.55,55.67,02-03-23-10-22-05-332
29.62,13.66,25.66,50.68,02-03-23-10-22-05-365
29.61,14.01,24.32,47.95,02-03-23-10-22-05-401
29.56,14.42,23.45,46.45,02-03-23-10-22-05-429
29.48,14.87,22.82,45.49,02-03-23-10-22-05-467
29.39,15.27,22.23,44.78,02-03-23-10-22-05-497
29.31,15.61,23.71,52.07,02-03-23-10-22-05-531
29.23,15.92,24.01,55.20,02-03-23-10-22-05-564
29.17,16.20,23.88,56.83,02-03-23-10-22-05-601
29.11,16.48,22.91,57.74,02-03-23-10-22-05-631
29.05,16.75,19.05,58.79,02-03-23-10-22-05-664
29.00,17.01,13.10,60.76,02-03-23-10-22-05-696
28.92,17.05,6.53,61.19,02-03-23-10-22-05-733
28.83,17.09,2.07,71.04,02-03-23-10-22-05-765
28.77,17.33,-5.61,73.85,02-03-23-10-22-05-801
36.05,4.91,-14.92,81.78,02-03-23-10-22-05-832
37.96,3.16,-19.58,87.30,02-03-23-10-22-05-864
36.91,8.39,-25.76,89.47,02-03-23-10-22-05-896
36.36,11.79,-29.60,89.65,02-03-23-10-22-05-933
35.64,14.13,-34.02,89.85,02-03-23-10-22-05-967
34.94,16.83,-37.90,89.28,02-03-23-10-22-05-997
34.48,19.22,-43.57,88.94,02-03-23-10-22-06-030
31.04,64.31,-56.47,62.13,02-03-23-10-22-06-066
36.07,89.19,-63.12,45.64,02-03-23-10-22-06-099
31.96,58.86,-63.95,70.43,02-03-23-10-22-06-131
32.39,54.30,-67.21,76.85,02-03-23-10-22-06-165
32.72,46.94,-67.67,83.44,02-03-23-10-22-06-200
32.72,44.58,-69.78,84.89,02-03-23-10-22-06-230
32.60,43.41,-72.27,84.39,02-03-23-10-22-06-264
32.35,42.81,-73.43,84.33,02-03-23-10-22-06-300
32.18,42.44,-74.42,85.78,02-03-23-10-22-06-333
32.08,42.24,-75.28,85.02,02-03-23-10-22-06-368
32.01,42.25,-75.54,85.91,02-03-23-10-22-06-401
32.04,42.56,-75.11,84.98,02-03-23-10-22-06-430
32.10,42.97,-75.09,83.44,02-03-23-10-22-06-468
32.14,43.45,-75.03,81.89,02-03-23-10-22-06-498
32.19,43.95,-74.92,80.42,02-03-23-10-22-06-528
32.15,44.63,-74.87,79.15,02-03-23-10-22-06-563
32.11,45.19,-75.62,45.53,02-03-23-10-22-06-598
32.07,45.65,-76.66,30.53,02-03-23-10-22-06-630
32.04,45.98,666.00,24.98,02-03-23-10-22-06-665
32.01,46.17,666.00,21.83,02-03-23-10-22-06-698
31.96,46.39,666.00,20.79,02-03-23-10-22-06-734
31.89,46.56,666.00,21.76,02-03-23-10-22-06-766
31.59,44.62,666.00,25.89,02-03-23-10-22-06-799
31.29,44.08,666.00,27.27,02-03-23-10-22-06-830
30.75,43.20,666.00,28.87,02-03-23-10-22-06-865
30.18,42.14,-66.80,30.54,02-03-23-10-22-06-899
29.69,41.26,-64.66,31.95,02-03-23-10-22-06-936
29.89,41.67,-65.55,33.19,02-03-23-10-22-06-966
30.18,41.20,-60.09,34.21,02-03-23-10-22-06-997
30.58,39.86,-33.44,69.88,02-03-23-10-22-07-031
31.96,30.08,-26.22,79.89,02-03-23-10-22-07-067
35.86,14.76,-23.20,80.26,02-03-23-10-22-07-096
25.79,30.51,-12.64,63.73,02-03-23-10-22-07-132
22.75,38.68,-2.53,60.71,02-03-23-10-22-07-169
21.30,44.09,4.30,59.89,02-03-23-10-22-07-198
16.85,68.91,21.88,66.93,02-03-23-10-22-07-229
19.54,44.51,21.07,69.31,02-03-23-10-22-07-265
26.06,35.72,18.32,64.94,02-03-23-10-22-07-297
28.65,33.15,18.20,62.29,02-03-23-10-22-07-331
29.96,31.81,19.06,59.61,02-03-23-10-22-07-366
30.87,30.52,20.68,58.47,02-03-23-10-22-07-397
31.46,29.70,22.60,57.92,02-03-23-10-22-07-431
31.79,29.07,25.80,53.10,02-03-23-10-22-07-468
31.39,28.44,42.32,61.86,02-03-23-10-22-07-498
30.81,28.08,44.86,63.22,02-03-23-10-22-07-529
30.28,27.71,44.01,54.04,02-03-23-10-22-07-565
29.78,27.22,42.06,54.52,02-03-23-10-22-07-601
29.30,26.80,39.75,55.64,02-03-23-10-22-07-630
28.84,26.47,37.78,56.91,02-03-23-10-22-07-667
28.44,26.25,36.21,58.12,02-03-23-10-22-07-698
28.10,26.11,34.70,57.91,02-03-23-10-22-07-731
27.82,26.02,32.92,57.60,02-03-23-10-22-07-767
27.62,25.85,30.90,57.49,02-03-23-10-22-07-797
27.47,25.70,26.19,56.68,02-03-23-10-22-07-831
27.36,25.59,19.85,55.74,02-03-23-10-22-07-867
27.19,25.29,13.43,63.60,02-03-23-10-22-07-899
26.92,25.12,10.29,67.46,02-03-23-10-22-07-931
26.76,25.08,0.83,66.63,02-03-23-10-22-07-967
24.28,33.85,-1.95,69.29,02-03-23-10-22-07-996
24.27,34.92,-4.71,69.53,02-03-23-10-22-08-030
23.20,46.56,-5.81,68.81,02-03-23-10-22-08-065
29.64,30.33,-20.57,75.31,02-03-23-10-22-08-097
32.08,26.73,-28.82,85.13,02-03-23-10-22-08-131
33.26,26.04,-35.55,81.86,02-03-23-10-22-08-163
34.15,25.43,-38.72,82.09,02-03-23-10-22-08-197
34.42,25.60,-40.60,82.05,02-03-23-10-22-08-231
34.48,26.44,-45.06,83.83,02-03-23-10-22-08-274
34.58,27.45,-50.13,88.13,02-03-23-10-22-08-297
33.78,35.92,-54.64,86.63,02-03-23-10-22-08-331
33.65,41.49,-58.16,86.24,02-03-23-10-22-08-367
33.72,44.50,-61.39,86.75,02-03-23-10-22-08-397
33.74,46.37,-63.81,82.65,02-03-23-10-22-08-431
33.81,47.50,-65.69,82.68,02-03-23-10-22-08-465
33.87,48.23,-66.81,82.36,02-03-23-10-22-08-499
33.94,48.73,-70.18,82.86,02-03-23-10-22-08-531
34.07,48.89,-71.86,82.95,02-03-23-10-22-08-563
34.26,48.76,-72.83,82.88,02-03-23-10-22-08-597
34.42,48.67,-73.42,82.82,02-03-23-10-22-08-633
34.56,48.57,-69.13,77.88,02-03-23-10-22-08-663
34.72,48.36,-67.88,75.95,02-03-23-10-22-08-698
34.87,48.04,-66.44,74.17,02-03-23-10-22-08-732
34.93,47.55,-65.70,73.83,02-03-23-10-22-08-763
34.96,47.23,-65.16,73.22,02-03-23-10-22-08-798
34.96,46.90,-64.67,72.84,02-03-23-10-22-08-831
34.92,46.55,-64.22,72.57,02-03-23-10-22-08-864
34.85,46.30,-63.86,72.45,02-03-23-10-22-08-898
34.45,44.96,-62.10,76.86,02-03-23-10-22-08-933
34.08,43.42,-60.50,78.72,02-03-23-10-22-08-968
33.70,41.26,-58.50,79.74,02-03-23-10-22-08-996
33.27,38.89,-56.41,80.64,02-03-23-10-22-09-034
32.89,36.34,-50.69,79.46,02-03-23-10-22-09-065
32.62,35.07,-46.02,78.51,02-03-23-10-22-09-099
32.44,34.68,-39.28,77.05,02-03-23-10-22-09-133
32.12,34.38,-30.20,73.26,02-03-23-10-22-09-166
32.01,33.12,-20.97,68.03,02-03-23-10-22-09-199
32.61,23.64,-16.31,69.22,02-03-23-10-22-09-230
34.87,11.49,-11.93,75.49,02-03-23-10-22-09-264
28.92,31.42,-3.17,61.25,02-03-23-10-22-09-298
26.99,39.73,3.46,57.47,02-03-23-10-22-09-333
26.33,35.06,7.05,60.48,02-03-23-10-22-09-366
26.19,33.33,9.73,61.46,02-03-23-10-22-09-400
25.00,33.09,15.85,57.06,02-03-23-10-22-09-432
24.31,32.98,19.01,55.96,02-03-23-10-22-09-465
23.45,33.71,21.34,56.70,02-03-23-10-22-09-501
22.93,36.41,25.68,58.89,02-03-23-10-22-09-531
22.65,36.68,28.40,59.69,02-03-23-10-22-09-565
22.59,36.40,30.68,60.35,02-03-23-10-22-09-598
22.55,36.10,33.90,60.05,02-03-23-10-22-09-630
22.50,35.61,36.78,59.33,02-03-23-10-22-09-671
22.45,34.94,38.54,59.40,02-03-23-10-22-09-697
22.37,34.10,42.08,44.10,02-03-23-10-22-09-730
22.31,33.32,43.60,35.41,02-03-23-10-22-09-764
22.27,32.70,44.18,32.12,02-03-23-10-22-09-795
22.25,32.02,43.94,30.22,02-03-23-10-22-09-830
22.25,31.42,41.96,40.35,02-03-23-10-22-09-865
22.46,30.70,40.54,46.33,02-03-23-10-22-09-897
23.14,31.02,36.31,46.47,02-03-23-10-22-09-933
23.68,30.80,32.70,46.63,02-03-23-10-22-09-969
24.12,30.42,27.69,58.03,02-03-23-10-22-09-997
24.56,29.44,23.68,59.63,02-03-23-10-22-10-030
24.95,28.49,20.72,60.35,02-03-23-10-22-10-066
25.27,27.82,16.30,62.35,02-03-23-10-22-10-098
25.61,27.28,12.62,67.68,02-03-23-10-22-10-131
25.98,27.03,8.93,68.92,02-03-23-10-22-10-164
26.67,27.32,3.59,70.43,02-03-23-10-22-10-197
27.89,27.59,-2.59,71.74,02-03-23-10-22-10-231
28.08,42.19,-5.80,65.99,02-03-23-10-22-10-266
28.57,49.21,-12.04,63.65,02-03-23-10-22-10-297
32.79,33.38,-25.56,72.51,02-03-23-10-22-10-332
34.30,30.86,-30.26,75.27,02-03-23-10-22-10-371
35.19,29.62,-34.19,77.73,02-03-23-10-22-10-397
35.90,28.73,-36.57,79.39,02-03-23-10-22-10-430
36.25,28.27,-38.93,81.16,02-03-23-10-22-10-471
36.25,28.49,-41.81,82.75,02-03-23-10-22-10-498
36.20,28.79,-45.20,84.79,02-03-23-10-22-10-531
36.11,29.33,-47.37,85.91,02-03-23-10-22-10-564
35.76,32.36,-51.03,86.71,02-03-23-10-22-10-599
35.56,34.91,-53.58,86.35,02-03-23-10-22-10-631
35.54,36.05,-59.28,88.71,02-03-23-10-22-10-664
35.57,37.69,-62.00,87.83,02-03-23-10-22-10-698
35.67,38.89,-64.12,86.70,02-03-23-10-22-10-731
35.69,39.29,-63.80,81.52,02-03-23-10-22-10-765
33.32,42.75,-61.43,78.23,02-03-23-10-22-10-799
32.25,45.81,-60.89,76.41,02-03-23-10-22-10-829
31.81,47.59,-60.68,74.90,02-03-23-10-22-10-865
31.47,48.75,-60.05,74.52,02-03-23-10-22-10-899
31.25,49.64,-59.64,74.34,02-03-23-10-22-10-930
31.10,50.41,-59.37,73.82,02-03-23-10-22-10-967
31.00,50.97,-59.34,73.50,02-03-23-10-22-11-000
30.95,51.41,-59.10,73.20,02-03-23-10-22-11-031
30.91,51.69,-58.80,72.99,02-03-23-10-22-11-065
30.91,51.43,-59.24,76.97,02-03-23-10-22-11-099
30.88,51.48,-59.67,78.69,02-03-23-10-22-11-130
30.90,51.50,-59.66,79.33,02-03-23-10-22-11-165
30.93,51.58,-59.48,79.50,02-03-23-10-22-11-199
30.65,50.10,-57.34,79.42,02-03-23-10-22-11-230
30.27,47.91,-53.51,78.66,02-03-23-10-22-11-268
30.01,46.15,-48.61,77.10,02-03-23-10-22-11-299
30.74,43.28,-43.91,74.85,02-03-23-10-22-11-330
31.57,40.53,-35.88,71.46,02-03-23-10-22-11-365
32.30,38.38,-26.35,65.15,02-03-23-10-22-11-397
32.99,36.38,-22.29,63.88,02-03-23-10-22-11-433
34.40,25.29,-18.70,68.25,02-03-23-10-22-11-466
36.98,13.42,-15.96,74.69,02-03-23-10-22-11-498
38.88,7.57,-13.12,75.26,02-03-23-10-22-11-530
38.33,6.16,-12.82,75.47,02-03-23-10-22-11-564
35.34,8.44,-9.48,73.44,02-03-23-10-22-11-598
32.82,11.58,-6.02,71.54,02-03-23-10-22-11-633
30.72,14.31,-2.82,68.50,02-03-23-10-22-11-663
28.77,17.34,2.28,64.97,02-03-23-10-22-11-696
26.92,21.19,6.95,62.57,02-03-23-10-22-11-734
25.83,25.24,11.98,57.35,02-03-23-10-22-11-766
25.90,28.23,14.68,51.34,02-03-23-10-22-11-801
26.15,29.32,17.11,44.29,02-03-23-10-22-11-838
26.40,29.69,19.46,40.66,02-03-23-10-22-11-865
26.44,29.74,21.99,37.97,02-03-23-10-22-11-897
26.46,29.34,23.93,36.73,02-03-23-10-22-11-932
26.48,28.51,25.21,36.10,02-03-23-10-22-11-964
26.93,24.83,23.86,37.12,02-03-23-10-22-12-001
27.27,22.25,45.77,56.53,02-03-23-10-22-12-031
27.39,20.50,51.51,64.65,02-03-23-10-22-12-067
27.38,18.66,39.31,50.50,02-03-23-10-22-12-095
27.28,17.37,37.23,48.44,02-03-23-10-22-12-131
27.13,16.34,28.14,43.39,02-03-23-10-22-12-162
26.76,15.86,22.72,41.59,02-03-23-10-22-12-198
26.30,15.89,18.77,40.71,02-03-23-10-22-12-231
25.79,16.26,15.56,40.31,02-03-23-10-22-12-268
25.44,16.68,10.52,44.93,02-03-23-10-22-12-296
25.20,17.18,7.35,49.93,02-03-23-10-22-12-330
25.09,18.27,4.86,55.52,02-03-23-10-22-12-366
25.02,19.69,3.01,58.06,02-03-23-10-22-12-397
25.16,23.65,1.01,69.80,02-03-23-10-22-12-431
26.26,26.71,-3.46,72.82,02-03-23-10-22-12-469
27.22,28.77,-8.75,73.10,02-03-23-10-22-12-497
24.87,55.26,-9.51,65.56,02-03-23-10-22-12-532
29.94,41.91,-26.03,66.12,02-03-23-10-22-12-564
32.47,38.06,-32.36,67.26,02-03-23-10-22-12-598
33.98,36.91,-38.84,70.57,02-03-23-10-22-12-629
35.03,35.93,-44.97,74.28,02-03-23-10-22-12-666
35.95,35.64,-49.58,77.30,02-03-23-10-22-12-697
36.48,35.16,-52.69,79.49,02-03-23-10-22-12-731
36.82,34.57,-55.06,81.39,02-03-23-10-22-12-765
36.61,42.04,-60.46,79.81,02-03-23-10-22-12-798
36.68,44.54,-63.01,79.47,02-03-23-10-22-12-832
36.66,45.75,-67.29,81.48,02-03-23-10-22-12-869
36.55,45.67,-68.36,81.99,02-03-23-10-22-12-897
36.36,45.47,-68.32,80.73,02-03-23-10-22-12-930
36.30,45.23,-67.78,79.01,02-03-23-10-22-12-964
36.29,44.87,-66.87,77.03,02-03-23-10-22-12-995
35.27,44.77,-63.92,75.31,02-03-23-10-22-13-029
34.21,46.31,-62.35,73.98,02-03-23-10-22-13-065
33.53,47.35,-61.29,72.93,02-03-23-10-22-13-099
33.08,48.23,-60.65,72.21,02-03-23-10-22-13-130
32.82,48.77,-60.26,71.69,02-03-23-10-22-13-166
32.65,49.19,-60.18,71.29,02-03-23-10-22-13-200
32.54,49.61,-60.31,71.08,02-03-23-10-22-13-232
32.46,50.02,-60.53,70.95,02-03-23-10-22-13-268
32.45,50.37,-60.81,70.90,02-03-23-10-22-13-301
32.43,50.67,-62.15,74.03,02-03-23-10-22-13-331
32.41,51.05,-62.48,75.56,02-03-23-10-22-13-367
32.38,51.42,-62.54,76.58,02-03-23-10-22-13-398
32.35,51.52,-62.53,77.06,02-03-23-10-22-13-430
32.31,51.56,-62.27,77.35,02-03-23-10-22-13-465
32.03,50.21,-60.63,77.54,02-03-23-10-22-13-497
31.49,47.60,-57.05,78.06,02-03-23-10-22-13-531
31.04,45.23,-52.64,77.72,02-03-23-10-22-13-568
30.69,43.44,-47.30,76.62,02-03-23-10-22-13-601
31.23,41.48,-39.01,74.88,02-03-23-10-22-13-632
31.74,39.46,-32.02,73.19,02-03-23-10-22-13-666
32.26,37.55,-27.71,70.03,02-03-23-10-22-13-698
32.78,35.67,-20.58,64.79,02-03-23-10-22-13-731
35.34,17.21,-16.81,71.79,02-03-23-10-22-13-763
37.21,12.49,-14.68,72.93,02-03-23-10-22-13-795
28.16,47.81,5.14,54.89,02-03-23-10-22-13-831
28.21,47.35,7.21,55.46,02-03-23-10-22-13-864
27.86,50.29,11.46,55.76,02-03-23-10-22-13-898
27.02,51.92,20.46,52.36,02-03-23-10-22-13-930
25.23,51.91,23.88,52.60,02-03-23-10-22-13-965
23.35,51.25,30.29,57.67,02-03-23-10-22-13-997
22.44,46.40,30.50,60.74,02-03-23-10-22-14-034
22.28,40.92,30.93,62.07,02-03-23-10-22-14-064
22.37,36.92,32.19,62.41,02-03-23-10-22-14-096
22.65,33.60,33.23,61.86,02-03-23-10-22-14-131
22.88,31.53,34.40,60.09,02-03-23-10-22-14-166
23.13,29.78,34.94,57.78,02-03-23-10-22-14-199
23.26,29.95,32.85,40.64,02-03-23-10-22-14-230
23.38,29.91,29.94,31.42,02-03-23-10-22-14-265
23.45,29.96,666.00,27.55,02-03-23-10-22-14-298
23.51,30.00,30.65,37.94,02-03-23-10-22-14-331
23.52,30.06,31.24,44.17,02-03-23-10-22-14-367
23.54,30.09,31.29,47.64,02-03-23-10-22-14-398
23.53,30.19,43.01,63.93,02-03-23-10-22-14-434
23.35,33.04,38.82,64.74,02-03-23-10-22-14-465
23.43,34.51,28.68,58.20,02-03-23-10-22-14-496
23.72,35.07,24.86,61.20,02-03-23-10-22-14-531
24.01,35.10,18.27,60.62,02-03-23-10-22-14-564
24.32,34.72,14.50,60.37,02-03-23-10-22-14-598
25.20,33.35,9.31,60.34,02-03-23-10-22-14-633
25.92,32.46,3.53,60.89,02-03-23-10-22-14-662
23.57,48.03,4.56,63.87,02-03-23-10-22-14-698
23.33,55.63,2.74,65.11,02-03-23-10-22-14-731
23.48,58.73,-3.43,62.08,02-03-23-10-22-14-767
28.65,34.98,-19.17,69.36,02-03-23-10-22-14-799
30.80,30.60,-22.22,71.74,02-03-23-10-22-14-832
32.69,27.34,-27.95,75.50,02-03-23-10-22-14-868
35.40,26.89,-35.56,77.83,02-03-23-10-22-14-896
37.06,27.75,-43.62,77.37,02-03-23-10-22-14-929
37.91,30.04,-51.88,80.12,02-03-23-10-22-14-968
37.66,43.73,-60.90,77.53,02-03-23-10-22-14-997
37.98,48.86,-70.24,78.87,02-03-23-10-22-15-036
38.17,51.28,-74.12,80.43,02-03-23-10-22-15-064
38.29,52.74,-78.90,84.03,02-03-23-10-22-15-096
38.32,53.42,-85.46,89.47,02-03-23-10-22-15-134
38.25,53.62,-87.19,90.70,02-03-23-10-22-15-166
38.21,53.66,-88.06,91.24,02-03-23-10-22-15-199
38.21,54.32,-88.91,91.38,02-03-23-10-22-15-233
38.04,54.70,-86.84,94.19,02-03-23-10-22-15-262
37.53,55.82,-84.67,94.73,02-03-23-10-22-15-299
37.15,57.80,-83.54,95.20,02-03-23-10-22-15-331
36.80,58.95,-82.58,95.65,02-03-23-10-22-15-363
36.45,60.30,-81.99,95.99,02-03-23-10-22-15-399
36.21,61.08,-81.46,96.23,02-03-23-10-22-15-435
36.04,61.18,-84.03,94.88,02-03-23-10-22-15-467
35.86,61.10,-85.65,93.95,02-03-23-10-22-15-498
35.69,60.90,-83.48,88.83,02-03-23-10-22-15-532
35.46,60.51,-82.17,86.34,02-03-23-10-22-15-565
35.18,59.96,-80.79,84.60,02-03-23-10-22-15-598
34.88,59.36,-78.98,83.34,02-03-23-10-22-15-630
34.55,58.68,-69.66,78.44,02-03-23-10-22-15-663
33.79,56.73,-67.04,77.85,02-03-23-10-22-15-697
33.18,55.36,-55.85,76.07,02-03-23-10-22-15-731
31.62,49.39,-47.57,77.52,02-03-23-10-22-15-764
30.49,43.92,-40.82,79.19,02-03-23-10-22-15-802
30.40,40.30,-33.20,77.79,02-03-23-10-22-15-830
30.85,37.39,-29.42,76.57,02-03-23-10-22-15-864
31.56,34.83,-21.57,69.02,02-03-23-10-22-15-898
32.78,28.06,-16.96,70.37,02-03-23-10-22-15-932
34.83,19.98,-13.13,71.99,02-03-23-10-22-15-967
35.84,17.11,-11.09,72.40,02-03-23-10-22-15-999
36.60,15.18,-9.25,72.82,02-03-23-10-22-16-032
27.71,29.40,5.11,69.00,02-03-23-10-22-16-064
24.10,40.19,16.96,67.84,02-03-23-10-22-16-097
23.34,41.56,22.73,67.49,02-03-23-10-22-16-133
23.42,40.57,25.95,66.22,02-03-23-10-22-16-163
24.04,38.04,29.46,64.68,02-03-23-10-22-16-198
24.96,34.74,33.55,63.61,02-03-23-10-22-16-231
25.74,32.31,38.47,51.46,02-03-23-10-22-16-266
26.42,30.26,40.59,43.32,02-03-23-10-22-16-297
26.91,28.75,53.11,61.31,02-03-23-10-22-16-331
27.24,27.28,54.58,58.89,02-03-23-10-22-16-365
27.47,26.14,53.73,59.83,02-03-23-10-22-16-399
27.62,25.28,51.91,60.47,02-03-23-10-22-16-433
27.70,24.61,50.00,51.45,02-03-23-10-22-16-465
27.72,23.97,48.22,47.04,02-03-23-10-22-16-499
27.73,23.52,46.62,43.33,02-03-23-10-22-16-530
27.70,23.20,43.72,50.48,02-03-23-10-22-16-567
27.65,22.96,51.21,63.79,02-03-23-10-22-16-598
27.59,22.77,44.88,59.58,02-03-23-10-22-16-635
27.53,22.63,47.04,67.17,02-03-23-10-22-16-666
27.48,22.54,37.09,65.50,02-03-23-10-22-16-696
27.44,22.44,30.07,64.39,02-03-23-10-22-16-729
27.39,22.31,16.77,59.51,02-03-23-10-22-16-765
27.37,22.30,9.82,60.19,02-03-23-10-22-16-796
27.42,23.13,7.30,65.98,02-03-23-10-22-16-829
27.69,24.39,5.75,67.21,02-03-23-10-22-16-866
27.99,26.22,-1.12,70.39,02-03-23-10-22-16-897
27.16,36.95,-2.88,67.30,02-03-23-10-22-16-932
34.85,22.55,-16.47,72.83,02-03-23-10-22-16-968
36.21,26.53,-22.69,71.68,02-03-23-10-22-16-999
36.78,30.20,-28.78,71.05,02-03-23-10-22-17-033
36.98,32.28,-36.72,74.48,02-03-23-10-22-17-064
37.03,33.86,-42.10,76.01,02-03-23-10-22-17-098
36.91,34.52,-48.27,80.35,02-03-23-10-22-17-133
36.81,34.36,-50.86,82.66,02-03-23-10-22-17-163
36.67,34.28,-53.24,84.80,02-03-23-10-22-17-196
35.96,37.48,-55.20,84.48,02-03-23-10-22-17-229
35.44,39.40,-56.72,84.52,02-03-23-10-22-17-266
35.12,40.66,-59.28,84.62,02-03-23-10-22-17-297
34.96,41.14,-60.78,84.72,02-03-23-10-22-17-330
34.91,41.23,-61.67,84.75,02-03-23-10-22-17-366
34.89,41.32,-62.21,81.60,02-03-23-10-22-17-397
34.93,41.40,-62.66,80.61,02-03-23-10-22-17-432
34.99,41.64,-63.52,79.15,02-03-23-10-22-17-467
35.10,41.73,-64.23,76.17,02-03-23-10-22-17-499
35.20,41.73,-64.94,74.52,02-03-23-10-22-17-530
35.30,41.75,-66.58,70.41,02-03-23-10-22-17-564
35.39,41.75,-67.15,69.34,02-03-23-10-22-17-604
35.49,41.74,-67.46,68.86,02-03-23-10-22-17-630
35.56,41.73,-67.69,68.55,02-03-23-10-22-17-665
34.35,43.21,-66.39,68.57,02-03-23-10-22-17-699
33.58,44.60,-65.79,68.80,02-03-23-10-22-17-730
33.16,45.58,-64.73,72.02,02-03-23-10-22-17-767
32.87,46.23,-64.04,73.11,02-03-23-10-22-17-801
32.66,46.77,-63.61,76.23,02-03-23-10-22-17-829
32.50,47.53,-62.72,79.06,02-03-23-10-22-17-863
32.22,47.62,-61.49,80.94,02-03-23-10-22-17-899
31.92,47.51,-56.94,82.14,02-03-23-10-22-17-931
31.73,47.40,-52.81,81.92,02-03-23-10-22-17-964
31.68,47.22,-46.06,82.73,02-03-23-10-22-17-999
31.68,46.55,-38.81,78.40,02-03-23-10-22-18-031
31.59,40.57,-28.92,71.57,02-03-23-10-22-18-068
32.22,33.75,-23.79,70.06,02-03-23-10-22-18-097
35.31,14.87,-18.66,76.80,02-03-23-10-22-18-130
36.50,11.57,-16.15,77.13,02-03-23-10-22-18-165
28.33,28.48,-4.13,62.15,02-03-23-10-22-18-198
24.34,41.84,10.86,61.09,02-03-23-10-22-18-232
22.98,49.30,21.56,64.18,02-03-23-10-22-18-265
22.65,51.22,26.29,65.98,02-03-23-10-22-18-300
25.63,44.96,27.04,66.10,02-03-23-10-22-18-330
26.98,41.60,30.97,65.58,02-03-23-10-22-18-367
27.97,39.54,35.38,65.74,02-03-23-10-22-18-399
28.56,38.15,37.81,65.66,02-03-23-10-22-18-430
28.90,36.87,40.70,65.52,02-03-23-10-22-18-469
29.09,35.57,42.63,65.30,02-03-23-10-22-18-496
29.24,34.85,46.80,66.18,02-03-23-10-22-18-532
29.04,31.90,63.10,70.65,02-03-23-10-22-18-565
28.80,29.76,59.05,64.70,02-03-23-10-22-18-601
28.56,27.90,57.59,61.65,02-03-23-10-22-18-633
28.33,26.60,54.94,59.29,02-03-23-10-22-18-666
28.12,25.67,53.02,57.98,02-03-23-10-22-18-696
27.95,25.06,51.38,57.41,02-03-23-10-22-18-731
27.91,24.80,47.11,49.57,02-03-23-10-22-18-767
27.95,24.40,44.12,52.86,02-03-23-10-22-18-798
28.00,24.12,41.49,52.93,02-03-23-10-22-18-831
28.03,23.95,38.18,54.71,02-03-23-10-22-18-867
28.21,24.05,34.65,55.39,02-03-23-10-22-18-896
28.38,24.22,31.69,56.30,02-03-23-10-22-18-931
28.54,24.42,26.02,58.55,02-03-23-10-22-18-966
28.71,24.66,18.27,59.47,02-03-23-10-22-18-998
29.47,28.34,12.27,63.81,02-03-23-10-22-19-031
32.10,31.15,5.71,64.20,02-03-23-10-22-19-065
28.02,42.69,8.37,64.73,02-03-23-10-22-19-101
26.52,49.91,5.93,67.04,02-03-23-10-22-19-130
26.20,56.08,1.80,65.92,02-03-23-10-22-19-166
32.25,31.31,-13.90,73.23,02-03-23-10-22-19-196
34.95,26.23,-18.58,77.06,02-03-23-10-22-19-231
38.12,17.32,-20.20,82.95,02-03-23-10-22-19-265
36.98,24.85,-33.31,81.98,02-03-23-10-22-19-300
36.36,29.66,-42.86,81.41,02-03-23-10-22-19-332
35.96,32.84,-49.15,84.89,02-03-23-10-22-19-365
35.97,33.69,-51.71,85.99,02-03-23-10-22-19-400
35.28,38.64,-55.88,86.41,02-03-23-10-22-19-429
34.53,48.58,-59.51,82.65,02-03-23-10-22-19-463
34.35,52.19,-61.52,81.46,02-03-23-10-22-19-495
34.20,53.88,-61.92,76.89,02-03-23-10-22-19-529
34.07,54.86,-61.77,73.70,02-03-23-10-22-19-564
34.08,55.09,-61.93,71.90,02-03-23-10-22-19-598
34.11,54.75,-61.26,63.27,02-03-23-10-22-19-630
34.16,54.07,-60.80,44.58,02-03-23-10-22-19-666
34.22,53.12,-63.37,61.24,02-03-23-10-22-19-699
34.26,52.15,-64.13,64.78,02-03-23-10-22-19-733
34.29,51.25,-64.39,68.74,02-03-23-10-22-19-766
34.32,50.46,-64.47,70.33,02-03-23-10-22-19-799
34.35,49.79,-64.47,71.47,02-03-23-10-22-19-835
34.35,49.22,-64.41,72.30,02-03-23-10-22-19-864
34.35,48.77,-64.36,72.93,02-03-23-10-22-19-904
34.29,48.58,-64.34,73.40,02-03-23-10-22-19-932
34.19,48.87,-65.42,75.42,02-03-23-10-22-19-966
34.10,49.19,-67.03,73.24,02-03-23-10-22-19-999
34.02,49.22,-67.53,72.66,02-03-23-10-22-20-033
33.93,49.19,-67.75,72.38,02-03-23-10-22-20-063
33.81,49.17,-64.57,77.49,02-03-23-10-22-20-098
33.36,47.07,-62.41,79.87,02-03-23-10-22-20-130
33.07,46.17,-59.92,80.77,02-03-23-10-22-20-163
32.74,45.01,-56.07,81.06,02-03-23-10-22-20-198
32.48,44.00,-49.75,79.73,02-03-23-10-22-20-231
32.36,42.13,-38.31,79.70,02-03-23-10-22-20-264
32.36,39.32,-30.60,74.83,02-03-23-10-22-20-298
32.67,31.24,-22.50,70.30,02-03-23-10-22-20-331
33.67,24.93,-18.02,71.52,02-03-23-10-22-20-364
29.60,81.14,20.74,52.23,02-03-23-10-22-20-399
28.18,78.16,26.95,47.58,02-03-23-10-22-20-430
27.06,79.17,31.71,56.46,02-03-23-10-22-20-468
25.34,76.67,35.55,58.39,02-03-23-10-22-20-499
23.92,69.60,34.19,59.53,02-03-23-10-22-20-536
23.00,64.15,33.65,60.74,02-03-23-10-22-20-566
23.84,47.66,27.55,61.76,02-03-23-10-22-20-596
24.85,40.91,26.70,61.09,02-03-23-10-22-20-630
25.69,37.09,26.98,59.56,02-03-23-10-22-20-667
26.36,34.87,30.73,50.23,02-03-23-10-22-20-699
26.84,33.39,32.27,48.29,02-03-23-10-22-20-730
27.17,32.25,37.35,52.74,02-03-23-10-22-20-766
27.28,31.08,39.16,55.54,02-03-23-10-22-20-798
27.25,29.99,40.31,57.66,02-03-23-10-22-20-832
27.10,28.92,41.56,57.88,02-03-23-10-22-20-865
26.89,27.89,42.44,58.35,02-03-23-10-22-20-898
26.66,27.02,43.23,58.77,02-03-23-10-22-20-933
26.40,26.18,43.42,55.54,02-03-23-10-22-20-966
26.09,25.52,54.25,64.94,02-03-23-10-22-20-999
25.82,25.10,51.31,66.46,02-03-23-10-22-21-031
25.59,24.90,47.75,66.81,02-03-23-10-22-21-067
25.41,24.81,36.64,56.06,02-03-23-10-22-21-100
25.28,24.80,31.12,56.97,02-03-23-10-22-21-131
25.22,24.80,27.58,57.79,02-03-23-10-22-21-167
25.18,24.86,23.10,61.00,02-03-23-10-22-21-196
23.52,30.40,22.38,66.62,02-03-23-10-22-21-232
23.28,32.42,20.51,68.10,02-03-23-10-22-21-264
23.32,33.98,17.36,72.56,02-03-23-10-22-21-296
22.87,38.94,12.31,73.67,02-03-23-10-22-21-333
22.72,45.68,6.41,72.94,02-03-23-10-22-21-365
22.96,51.04,1.73,70.96,02-03-23-10-22-21-398
30.68,25.99,-15.95,74.77,02-03-23-10-22-21-432
34.18,22.01,-22.90,77.38,02-03-23-10-22-21-466
36.20,21.56,-29.97,77.16,02-03-23-10-22-21-495
36.97,23.28,-35.58,74.25,02-03-23-10-22-21-529
37.67,25.12,-43.31,76.05,02-03-23-10-22-21-564
37.87,26.91,-46.59,76.97,02-03-23-10-22-21-600
37.42,29.27,-49.92,78.40,02-03-23-10-22-21-630
36.23,35.60,-54.32,79.73,02-03-23-10-22-21-664
35.57,39.21,-56.91,80.61,02-03-23-10-22-21-701
35.13,42.65,-58.91,80.70,02-03-23-10-22-21-731
34.76,45.44,-64.08,82.71,02-03-23-10-22-21-766
34.42,47.43,-65.79,82.67,02-03-23-10-22-21-800
34.19,48.88,-66.97,82.46,02-03-23-10-22-21-835
34.07,50.09,-66.40,78.58,02-03-23-10-22-21-863
33.98,50.98,-65.95,76.02,02-03-23-10-22-21-899
33.89,51.55,-65.62,74.18,02-03-23-10-22-21-931
33.79,51.70,-65.04,72.94,02-03-23-10-22-21-963
33.84,51.86,-64.95,71.98,02-03-23-10-22-21-997
33.81,51.72,-64.54,71.34,02-03-23-10-22-22-031
32.02,55.93,-62.19,70.78,02-03-23-10-22-22-066
31.40,58.11,-63.07,72.71,02-03-23-10-22-22-096
31.14,59.26,-63.16,72.69,02-03-23-10-22-22-133
31.00,60.62,-64.06,74.04,02-03-23-10-22-22-165
30.91,61.79,-64.97,74.79,02-03-23-10-22-22-198
31.24,61.65,-66.36,75.50,02-03-23-10-22-22-231
31.52,61.39,-68.15,78.20,02-03-23-10-22-22-265
31.72,60.81,-67.82,78.30,02-03-23-10-22-22-299
31.83,60.20,-66.68,78.02,02-03-23-10-22-22-329
31.87,59.67,-62.47,76.28,02-03-23-10-22-22-364
31.38,56.14,-56.83,75.68,02-03-23-10-22-22-395
31.80,50.25,-50.14,75.58,02-03-23-10-22-22-432
32.22,45.89,-39.18,75.99,02-03-23-10-22-22-464
32.81,40.22,-29.13,75.84,02-03-23-10-22-22-498
33.48,30.42,-23.02,76.89,02-03-23-10-22-22-532
35.68,20.62,-19.35,81.70,02-03-23-10-22-22-562
36.90,17.24,-14.59,76.73,02-03-23-10-22-22-606
28.56,70.11,19.83,54.72,02-03-23-10-22-22-629
26.74,65.61,21.00,56.41,02-03-23-10-22-22-664
25.56,66.59,28.14,57.98,02-03-23-10-22-22-697
24.35,63.50,36.59,57.28,02-03-23-10-22-22-733
23.83,57.25,37.36,59.39,02-03-23-10-22-22-764
28.85,40.02,27.33,61.19,02-03-23-10-22-22-796
31.43,34.57,26.24,65.34,02-03-23-10-22-22-833
32.42,30.34,27.59,66.04,02-03-23-10-22-22-865
33.00,27.86,29.29,65.75,02-03-23-10-22-22-898
32.99,25.71,32.05,65.67,02-03-23-10-22-22-928
32.37,23.58,38.04,66.57,02-03-23-10-22-22-963
31.65,22.04,41.65,66.30,02-03-23-10-22-22-998
30.90,20.88,46.68,67.09,02-03-23-10-22-23-033
30.29,19.99,48.87,66.90,02-03-23-10-22-23-065
29.68,19.46,50.17,66.68,02-03-23-10-22-23-097
28.92,19.34,51.00,66.53,02-03-23-10-22-23-130
28.25,19.37,51.49,66.42,02-03-23-10-22-23-165
27.62,19.43,51.66,65.94,02-03-23-10-22-23-196
27.10,19.52,51.61,65.71,02-03-23-10-22-23-232
26.70,19.62,50.98,65.20,02-03-23-10-22-23-264
26.45,19.75,50.21,65.00,02-03-23-10-22-23-299
26.27,19.90,47.10,64.41,02-03-23-10-22-23-333
26.15,20.05,44.45,63.81,02-03-23-10-22-23-363
26.18,20.46,30.72,55.80,02-03-23-10-22-23-398
26.30,20.97,23.24,57.88,02-03-23-10-22-23-428
26.93,24.13,20.62,63.67,02-03-23-10-22-23-463
28.03,28.07,19.24,66.38,02-03-23-10-22-23-496
29.98,35.89,18.77,66.57,02-03-23-10-22-23-530
28.92,35.66,17.17,66.46,02-03-23-10-22-23-565
27.26,39.59,14.45,68.87,02-03-23-10-22-23-600
26.44,43.00,10.29,69.40,02-03-23-10-22-23-630
27.14,71.32,12.60,60.33,02-03-23-10-22-23-665
31.74,88.27,18.53,53.98,02-03-23-10-22-23-696
37.16,97.51,24.00,49.04,02-03-23-10-22-23-734
32.32,51.69,-20.58,61.00,02-03-23-10-22-23-766
34.97,38.41,-32.15,63.81,02-03-23-10-22-23-798
36.88,30.42,-46.41,58.05,02-03-23-10-22-23-830
38.38,25.94,-52.25,57.88,02-03-23-10-22-23-865
39.01,23.30,-56.56,56.05,02-03-23-10-22-23-896
37.62,26.69,-60.21,50.34,02-03-23-10-22-23-932
35.75,33.75,-64.07,42.11,02-03-23-10-22-23-964
34.76,37.89,-54.48,60.70,02-03-23-10-22-23-999
34.03,40.80,-53.26,63.95,02-03-23-10-22-24-032
33.71,42.40,-52.05,66.28,02-03-23-10-22-24-065
33.51,43.90,-51.46,65.87,02-03-23-10-22-24-100
33.42,45.12,-51.06,64.30,02-03-23-10-22-24-132
33.38,45.73,-50.87,63.30,02-03-23-10-22-24-164
33.44,46.06,-50.99,61.45,02-03-23-10-22-24-201
33.56,46.13,-51.42,59.35,02-03-23-10-22-24-231
33.57,46.36,-51.85,57.62,02-03-23-10-22-24-264
33.58,46.58,-52.33,56.19,02-03-23-10-22-24-298
33.66,46.64,-53.00,54.52,02-03-23-10-22-24-333
33.67,46.78,-53.48,53.35,02-03-23-10-22-24-364
33.67,47.35,-54.29,52.43,02-03-23-10-22-24-398
33.69,47.50,-54.72,51.67,02-03-23-10-22-24-433
33.71,47.64,-55.08,51.05,02-03-23-10-22-24-469
33.71,47.79,-55.38,50.61,02-03-23-10-22-24-500
33.72,47.97,-55.65,50.32,02-03-23-10-22-24-528
33.73,48.16,-55.89,50.19,02-03-23-10-22-24-565
33.75,48.35,-56.02,50.18,02-03-23-10-22-24-596
33.76,48.57,-56.02,50.30,02-03-23-10-22-24-632
33.77,48.74,-55.84,50.58,02-03-23-10-22-24-667
33.75,48.74,-54.43,50.35,02-03-23-10-22-24-697
33.62,47.71,-50.27,72.88,02-03-23-10-22-24-729
33.50,46.24,-48.92,81.16,02-03-23-10-22-24-763
33.37,44.48,-46.22,84.15,02-03-23-10-22-24-798
33.36,43.08,-37.46,83.36,02-03-23-10-22-24-831
33.57,39.46,-29.78,83.11,02-03-23-10-22-24-865
33.88,37.09,-21.43,74.00,02-03-23-10-22-24-898
35.21,20.00,-16.40,73.72,02-03-23-10-22-24-930
37.53,9.44,-12.75,75.13,02-03-23-10-22-24-967
38.26,6.55,-10.91,74.97,02-03-23-10-22-24-998
38.74,4.78,-9.67,74.95,02-03-23-10-22-25-032
33.92,15.58,-5.31,66.48,02-03-23-10-22-25-068
31.87,22.70,1.42,61.81,02-03-23-10-22-25-096
27.24,31.84,15.79,60.05,02-03-23-10-22-25-130
27.77,42.42,25.55,64.35,02-03-23-10-22-25-164
28.24,43.36,38.39,70.21,02-03-23-10-22-25-200
28.34,40.10,42.29,71.29,02-03-23-10-22-25-233
28.21,33.79,42.93,70.54,02-03-23-10-22-25-266
28.29,29.39,45.14,66.65,02-03-23-10-22-25-296
28.22,25.39,46.52,63.05,02-03-23-10-22-25-332
28.15,22.33,48.51,62.71,02-03-23-10-22-25-365
28.19,20.39,49.43,62.49,02-03-23-10-22-25-398
28.16,18.84,49.76,62.32,02-03-23-10-22-25-430
28.10,17.85,50.71,62.35,02-03-23-10-22-25-468
28.04,17.54,51.23,62.51,02-03-23-10-22-25-502
27.97,17.49,51.47,62.72,02-03-23-10-22-25-530
27.89,17.60,51.45,62.69,02-03-23-10-22-25-567
27.67,18.22,51.15,62.66,02-03-23-10-22-25-596
27.46,19.17,50.69,62.60,02-03-23-10-22-25-631
27.23,20.12,50.11,62.63,02-03-23-10-22-25-669
27.04,20.92,48.76,60.35,02-03-23-10-22-25-698
26.91,21.56,47.33,61.28,02-03-23-10-22-25-732
26.79,22.09,43.96,58.27,02-03-23-10-22-25-764
26.60,22.49,41.53,56.77,02-03-23-10-22-25-796
25.61,22.68,40.55,55.95,02-03-23-10-22-25-829
25.10,23.07,37.45,58.34,02-03-23-10-22-25-864
24.82,23.53,34.87,60.34,02-03-23-10-22-25-898
24.59,23.99,31.96,62.34,02-03-23-10-22-25-931
24.47,24.56,24.32,65.16,02-03-23-10-22-25-965
25.26,28.50,20.84,67.23,02-03-23-10-22-25-996
26.58,33.33,18.70,66.98,02-03-23-10-22-26-031
27.21,35.69,16.92,67.19,02-03-23-10-22-26-066
27.47,37.58,14.36,68.93,02-03-23-10-22-26-099
28.24,38.88,13.41,67.98,02-03-23-10-22-26-134
27.68,45.19,14.44,67.15,02-03-23-10-22-26-166
27.44,50.21,14.62,66.50,02-03-23-10-22-26-197
28.21,53.56,13.07,64.47,02-03-23-10-22-26-228
28.55,55.43,8.62,62.94,02-03-23-10-22-26-264
29.01,56.09,5.98,61.61,02-03-23-10-22-26-295
29.35,56.71,3.62,60.53,02-03-23-10-22-26-331
31.43,75.87,14.87,53.80,02-03-23-10-22-26-364
32.82,82.02,19.23,51.83,02-03-23-10-22-26-399
33.69,84.89,21.29,50.35,02-03-23-10-22-26-431
34.24,86.31,22.73,49.42,02-03-23-10-22-26-465
34.51,86.96,23.46,48.70,02-03-23-10-22-26-501
31.67,31.87,-12.82,69.26,02-03-23-10-22-26-530
36.26,14.83,-16.54,82.34,02-03-23-10-22-26-564
38.66,9.16,-16.59,88.02,02-03-23-10-22-26-598
40.16,6.03,-16.40,91.48,02-03-23-10-22-26-631
39.54,7.46,-16.70,89.81,02-03-23-10-22-26-666
38.23,10.20,-16.87,86.51,02-03-23-10-22-26-698
36.21,14.50,-16.53,81.23,02-03-23-10-22-26-730
34.71,17.77,-15.92,76.63,02-03-23-10-22-26-764
33.62,20.25,-17.34,66.27,02-03-23-10-22-26-799
32.61,22.44,-16.51,55.96,02-03-23-10-22-26-828
31.30,26.96,-21.62,50.52,02-03-23-10-22-26-864
30.39,30.19,-23.23,45.71,02-03-23-10-22-26-899
29.79,32.31,-23.86,43.22,02-03-23-10-22-26-932
29.39,33.48,-27.26,37.60,02-03-23-10-22-26-964
29.05,34.13,-29.21,35.84,02-03-23-10-22-26-997
28.78,34.54,-29.16,35.41,02-03-23-10-22-27-031
28.47,34.46,-29.51,35.21,02-03-23-10-22-27-063
28.10,34.16,-29.80,35.06,02-03-23-10-22-27-098
27.69,33.72,-30.03,35.17,02-03-23-10-22-27-130
27.25,33.44,-31.97,34.38,02-03-23-10-22-27-164
26.88,33.41,-33.24,33.22,02-03-23-10-22-27-198
26.53,33.18,-38.20,30.37,02-03-23-10-22-27-230
26.20,32.93,666.00,28.18,02-03-23-10-22-27-264
25.87,32.78,666.00,27.01,02-03-23-10-22-27-298
25.39,32.99,666.00,25.14,02-03-23-10-22-27-329
24.77,33.85,666.00,24.02,02-03-23-10-22-27-366
24.54,32.92,666.00,22.61,02-03-23-10-22-27-397
24.30,32.83,666.00,23.16,02-03-23-10-22-27-429
23.33,34.37,666.00,24.77,02-03-23-10-22-27-466
22.27,36.72,666.00,22.86,02-03-23-10-22-27-498
21.90,35.03,666.00,19.73,02-03-23-10-22-27-531
21.70,34.01,666.00,18.35,02-03-23-10-22-27-565
21.21,29.85,666.00,17.50,02-03-23-10-22-27-595
19.83,29.02,666.00,17.62,02-03-23-10-22-27-629
17.54,29.73,666.00,18.14,02-03-23-10-22-27-670
15.48,32.69,666.00,18.15,02-03-23-10-22-27-699
14.18,35.41,666.00,17.66,02-03-23-10-22-27-729
13.19,37.62,666.00,17.15,02-03-23-10-22-27-767
12.51,38.86,666.00,16.91,02-03-23-10-22-27-799
12.04,39.35,666.00,16.80,02-03-23-10-22-27-830
11.66,39.03,666.00,16.77,02-03-23-10-22-27-865
11.35,38.92,666.00,16.54,02-03-23-10-22-27-896
11.37,36.87,666.00,16.49,02-03-23-10-22-27-930
11.67,34.96,666.00,16.49,02-03-23-10-22-27-965
13.31,27.56,666.00,18.92,02-03-23-10-22-27-997
14.45,24.73,666.00,20.37,02-03-23-10-22-28-030
15.18,22.93,666.00,21.20,02-03-23-10-22-28-064
15.67,21.72,666.00,21.83,02-03-23-10-22-28-096
16.43,21.04,666.00,22.26,02-03-23-10-22-28-132
16.95,20.74,666.00,22.53,02-03-23-10-22-28-164
16.94,21.02,666.00,22.86,02-03-23-10-22-28-197
17.07,20.28,666.00,20.71,02-03-23-10-22-28-234
17.06,20.14,666.00,20.91,02-03-23-10-22-28-262
17.12,19.74,666.00,21.12,02-03-23-10-22-28-298
17.11,19.40,666.00,21.38,02-03-23-10-22-28-332
17.42,18.49,666.00,13.75,02-03-23-10-22-28-362
17.68,17.84,666.00,12.78,02-03-23-10-22-28-398
17.76,17.51,666.00,12.06,02-03-23-10-22-28-433
17.81,17.19,666.00,11.71,02-03-23-10-22-28-464
17.84,17.04,666.00,11.53,02-03-23-10-22-28-498
17.89,16.90,666.00,11.44,02-03-23-10-22-28-531
17.91,16.81,666.00,11.44,02-03-23-10-22-28-564
17.93,16.78,666.00,11.54,02-03-23-10-22-28-601
17.93,16.82,666.00,11.68,02-03-23-10-22-28-631
17.93,16.76,666.00,12.00,02-03-23-10-22-28-665
17.93,16.71,666.00,12.20,02-03-23-10-22-28-699
17.89,16.65,666.00,12.27,02-03-23-10-22-28-731
17.38,16.55,666.00,11.50,02-03-23-10-22-28-767
16.41,18.23,666.00,11.21,02-03-23-10-22-28-797
16.53,18.75,666.00,10.11,02-03-23-10-22-28-830
16.66,18.81,666.00,9.37,02-03-23-10-22-28-868
16.85,18.73,666.00,8.92,02-03-23-10-22-28-899
17.12,18.39,666.00,7.46,02-03-23-10-22-28-929
17.41,18.06,666.00,6.89,02-03-23-10-22-28-964
17.66,17.73,666.00,6.63,02-03-23-10-22-28-999
17.89,17.46,666.00,6.21,02-03-23-10-22-29-030
18.06,17.19,666.00,5.93,02-03-23-10-22-29-065
18.25,16.88,666.00,5.67,02-03-23-10-22-29-102
18.40,16.59,666.00,5.55,02-03-23-10-22-29-130
18.39,16.52,666.00,7.45,02-03-23-10-22-29-164
16.58,17.72,666.00,8.32,02-03-23-10-22-29-203
15.50,18.62,666.00,8.18,02-03-23-10-22-29-234
11.58,24.72,666.00,7.96,02-03-23-10-22-29-265
10.08,30.22,666.00,6.50,02-03-23-10-22-29-304
9.38,34.91,666.00,5.78,02-03-23-10-22-29-332
8.97,39.03,666.00,5.82,02-03-23-10-22-29-364
8.72,41.10,666.00,6.11,02-03-23-10-22-29-400
8.65,41.86,666.00,6.42,02-03-23-10-22-29-434
8.72,41.22,666.00,6.64,02-03-23-10-22-29-465
8.81,40.36,666.00,6.77,02-03-23-10-22-29-510
8.93,39.02,666.00,6.83,02-03-23-10-22-29-547
9.03,37.58,666.00,6.83,02-03-23-10-22-29-577
8.84,39.50,666.00,6.58,02-03-23-10-22-29-607
8.80,40.00,666.00,6.42,02-03-23-10-22-29-633
9.37,38.04,666.00,6.38,02-03-23-10-22-29-675
9.59,38.50,666.00,6.45,02-03-23-10-22-29-708
9.76,38.09,666.00,6.42,02-03-23-10-22-29-736
9.85,36.58,666.00,6.21,02-03-23-10-22-29-766
9.91,35.37,666.00,2.27,02-03-23-10-22-29-799
9.96,34.46,666.00,5.85,02-03-23-10-22-29-829
9.98,33.70,666.00,6.51,02-03-23-10-22-29-867
9.96,33.10,666.00,7.00,02-03-23-10-22-29-899
9.93,32.25,666.00,7.36,02-03-23-10-22-29-932
9.90,31.31,666.00,7.55,02-03-23-10-22-29-966
9.86,30.07,666.00,7.95,02-03-23-10-22-29-997
9.80,29.10,666.00,6.02,02-03-23-10-22-30-034
9.74,28.45,666.00,4.66,02-03-23-10-22-30-070
9.70,28.00,666.00,3.98,02-03-23-10-22-30-096
9.67,27.57,666.00,3.41,02-03-23-10-22-30-131
