Timestamp,Kinect_LeftShoulder_Ext.-Flex.,Kinect_LeftShoulder_Abd.-Add.,Kinect_LeftShoulder_Int.-Ext.,Kinect_LeftElbow_Ext.-Flex.,Kinect_RightShoulder_Ext.-Flex.,Kinect_RightShoulder_Abd.-Add.,Kinect_RightShoulder_Int.-Ext.,Kinect_RightElbow_Ext.-Flex.,3.86,-6.65,18:40:50:732,666.00,10.02
4.04,-8.02,18:40:51:288,666.00,10.42
4.24,-11.44,18:40:51:499,666.00,10.32
4.33,-15.50,18:40:51:833,666.00,10.47
4.50,-13.62,18:40:52:019,666.00,10.52
4.34,-12.26,18:40:52:169,666.00,10.21
4.29,-12.23,18:40:52:285,666.00,10.20
4.37,-14.21,18:40:52:407,666.00,10.57
4.33,-11.46,18:40:52:529,666.00,10.37
4.35,-9.20,18:40:52:654,666.00,10.18
4.35,-10.48,18:40:52:783,666.00,10.62
4.25,-10.06,18:40:52:924,666.00,10.55
4.37,-12.87,18:40:53:053,666.00,11.15
4.27,-8.50,18:40:54:280,666.00,10.50
4.37,-7.87,18:40:54:602,666.00,10.50
4.33,-7.82,18:40:54:783,666.00,10.44
4.21,-8.09,18:40:54:952,666.00,10.37
4.12,-6.96,18:40:55:085,666.00,10.61
4.08,-7.41,18:40:55:203,666.00,10.71
4.06,-8.37,18:40:55:335,666.00,10.20
4.04,-7.54,18:40:55:465,666.00,9.96
4.09,-7.96,18:40:55:580,666.00,9.98
4.07,-7.86,18:40:55:701,666.00,9.99
4.09,-7.94,18:40:55:824,666.00,10.21
4.13,-8.79,18:40:55:957,666.00,10.45
4.12,-8.09,18:40:56:092,666.00,10.59
4.17,-7.22,18:40:56:218,666.00,11.10
4.16,-7.01,18:40:56:346,666.00,10.89
4.34,-10.92,18:40:56:468,666.00,6.82
6.58,-12.60,18:40:56:592,666.00,6.27
6.63,-13.07,18:40:56:715,666.00,3.59
6.38,-14.13,18:40:56:841,666.00,3.42
5.94,-12.08,18:40:56:957,666.00,3.26
5.50,-9.92,18:40:57:084,666.00,3.25
5.40,-9.84,18:40:57:199,666.00,3.46
5.25,-8.90,18:40:57:318,666.00,3.38
5.12,-8.94,18:40:57:441,666.00,3.37
5.10,-10.88,18:40:57:569,666.00,3.54
5.01,-7.58,18:40:57:693,666.00,2.91
5.05,-10.24,18:40:57:816,666.00,3.30
5.05,-11.12,18:40:57:935,666.00,3.34
5.26,-14.95,18:40:58:071,666.00,3.70
5.23,-15.97,18:40:58:206,666.00,3.80
5.16,-15.25,18:40:58:333,666.00,3.74
5.19,-15.18,18:40:58:454,666.00,4.57
5.10,-15.67,18:40:58:580,666.00,4.29
5.10,-15.57,18:40:58:706,666.00,4.16
4.97,-14.94,18:40:58:832,666.00,3.92
4.84,-13.55,18:40:58:953,666.00,3.64
4.83,-13.90,18:40:59:070,666.00,3.78
4.85,-13.31,18:40:59:201,666.00,3.83
4.71,-12.66,18:40:59:340,666.00,4.04
4.65,-12.49,18:40:59:467,666.00,3.90
4.70,-11.23,18:40:59:589,666.00,3.71
4.70,-10.02,18:40:59:722,666.00,3.81
4.60,-8.98,18:40:59:856,666.00,3.70
4.64,-9.18,18:40:59:985,666.00,3.73
4.65,-9.64,18:41:00:117,666.00,3.68
4.73,-10.96,18:41:00:242,666.00,3.75
4.89,-10.74,18:41:00:367,666.00,3.54
7.11,-15.49,18:41:00:489,666.00,7.48
14.73,-5.66,18:41:00:624,666.00,8.74
25.93,0.54,18:41:00:752,666.00,11.61
36.11,5.02,18:41:00:874,666.00,13.32
52.32,11.02,18:41:00:999,666.00,8.26
65.33,12.64,18:41:01:134,666.00,7.70
79.08,14.87,18:41:01:263,666.00,5.44
94.38,16.22,18:41:01:407,666.00,2.73
102.53,17.45,18:41:01:543,666.00,4.38
112.43,17.73,18:41:01:675,666.00,2.33
121.27,20.28,18:41:01:804,666.00,1.28
131.48,22.03,18:41:01:936,666.00,1.46
136.75,22.89,18:41:02:061,666.00,4.95
143.45,24.19,18:41:02:194,666.00,6.54
147.81,28.26,18:41:02:339,666.00,8.67
155.42,38.02,18:41:02:477,666.00,2.90
157.73,52.70,18:41:02:605,666.00,3.96
158.26,66.65,18:41:02:734,666.00,6.98
158.12,73.21,18:41:02:878,666.00,6.71
158.16,73.98,18:41:03:010,666.00,6.83
157.11,67.50,18:41:03:275,666.00,7.33
153.11,43.28,18:41:03:410,666.00,4.26
144.64,30.48,18:41:03:537,666.00,4.43
136.85,24.38,18:41:03:667,666.00,2.60
125.49,20.04,18:41:03:805,666.00,3.53
115.20,16.68,18:41:03:932,666.00,3.84
101.52,15.87,18:41:04:075,666.00,2.64
84.31,15.17,18:41:04:223,666.00,5.68
70.25,14.04,18:41:04:353,666.00,0.75
54.69,10.84,18:41:04:491,666.00,5.23
42.10,8.26,18:41:04:626,666.00,5.10
33.07,5.14,18:41:04:757,666.00,6.48
23.17,-0.68,18:41:04:883,666.00,8.30
17.42,-5.05,18:41:05:010,666.00,7.45
10.65,-12.80,18:41:05:164,666.00,10.07
8.08,-14.80,18:41:05:292,666.00,12.39
7.37,-14.74,18:41:05:412,666.00,13.36
5.57,-6.71,18:41:05:532,666.00,12.58
4.99,-4.49,18:41:05:669,666.00,11.86
4.48,-0.80,18:41:05:791,666.00,11.10
4.31,0.76,18:41:05:931,666.00,10.26
6.17,-8.89,18:41:06:056,666.00,7.55
10.97,-3.45,18:41:06:187,666.00,9.35
19.36,0.17,18:41:06:319,666.00,11.59
33.47,4.59,18:41:06:456,666.00,10.73
49.49,9.16,18:41:06:588,666.00,8.76
64.20,12.07,18:41:06:720,666.00,5.40
73.63,14.10,18:41:06:848,666.00,4.74
89.46,17.32,18:41:06:997,666.00,4.86
100.38,19.49,18:41:07:132,666.00,4.11
109.92,21.07,18:41:07:269,666.00,3.55
120.09,23.95,18:41:07:401,666.00,7.82
128.49,23.84,18:41:07:525,666.00,6.23
134.17,23.50,18:41:07:658,666.00,4.90
137.06,25.20,18:41:07:786,666.00,4.94
139.67,26.23,18:41:07:918,666.00,6.84
142.91,28.11,18:41:08:048,666.00,7.80
150.57,35.48,18:41:08:182,666.00,1.07
153.70,46.58,18:41:08:310,666.00,2.17
155.03,57.40,18:41:08:440,666.00,4.40
156.68,64.67,18:41:08:571,666.00,5.65
157.42,73.90,18:41:08:694,666.00,5.97
157.07,75.19,18:41:08:824,666.00,6.35
155.44,73.51,18:41:08:971,666.00,7.68
155.03,66.76,18:41:09:110,666.00,4.64
150.53,48.21,18:41:09:233,666.00,2.66
140.91,36.25,18:41:09:358,666.00,3.96
130.20,27.62,18:41:09:489,666.00,6.46
121.14,21.38,18:41:09:608,666.00,5.01
106.51,18.45,18:41:09:733,666.00,4.82
90.35,16.13,18:41:09:868,666.00,3.57
76.36,14.75,18:41:10:012,666.00,2.30
59.49,12.82,18:41:10:150,666.00,4.04
47.23,9.08,18:41:10:292,666.00,6.56
38.80,6.60,18:41:10:420,666.00,4.84
27.36,0.79,18:41:10:541,666.00,9.92
19.35,-5.94,18:41:10:667,666.00,7.40
13.61,-13.24,18:41:10:802,666.00,8.09
9.84,-19.71,18:41:10:939,666.00,8.40
8.25,-19.26,18:41:11:090,666.00,7.52
6.95,-15.78,18:41:11:221,666.00,6.70
6.53,-13.75,18:41:11:351,666.00,6.40
6.35,-12.87,18:41:11:474,666.00,6.24
7.03,-14.05,18:41:11:607,666.00,8.19
12.98,-5.03,18:41:11:740,666.00,9.79
24.98,0.37,18:41:11:873,666.00,13.42
41.44,6.64,18:41:12:017,666.00,13.47
63.76,10.86,18:41:12:170,666.00,6.91
77.53,13.59,18:41:12:299,666.00,8.37
93.96,16.86,18:41:12:430,666.00,6.04
106.08,19.18,18:41:12:563,666.00,5.33
118.21,25.57,18:41:12:699,666.00,7.47
127.84,23.90,18:41:12:845,666.00,3.16
135.49,25.73,18:41:12:974,666.00,2.63
139.71,27.48,18:41:13:104,666.00,6.20
146.09,32.75,18:41:13:236,666.00,4.87
151.26,41.66,18:41:13:369,666.00,3.88
153.82,51.13,18:41:13:500,666.00,5.90
156.69,62.73,18:41:13:632,666.00,6.28
158.66,74.63,18:41:13:755,666.00,7.95
159.52,82.46,18:41:13:895,666.00,7.64
158.77,85.83,18:41:14:025,666.00,8.11
159.53,85.63,18:41:14:153,666.00,7.57
160.40,87.02,18:41:14:287,666.00,7.07
157.87,64.48,18:41:14:422,666.00,4.89
153.26,47.39,18:41:14:561,666.00,1.97
141.01,32.73,18:41:14:697,666.00,4.23
132.39,26.67,18:41:14:848,666.00,4.38
118.34,20.86,18:41:14:999,666.00,3.54
107.58,19.51,18:41:15:134,666.00,3.43
94.42,18.69,18:41:15:283,666.00,5.26
78.92,15.87,18:41:15:415,666.00,2.98
70.11,14.05,18:41:15:554,666.00,2.18
53.53,10.32,18:41:15:684,666.00,3.08
44.29,7.71,18:41:15:807,666.00,4.18
33.59,3.75,18:41:15:942,666.00,4.59
19.95,-2.82,18:41:16:082,666.00,7.43
14.06,-8.19,18:41:16:216,666.00,7.25
9.85,-13.36,18:41:16:339,666.00,6.36
6.98,-10.30,18:41:16:462,666.00,5.18
5.94,-7.06,18:41:16:586,666.00,5.13
5.62,-6.52,18:41:16:727,666.00,5.30
5.39,-3.60,18:41:16:869,666.00,5.16
7.03,-5.37,18:41:16:994,666.00,8.26
17.02,-2.30,18:41:17:120,666.00,11.97
30.07,0.42,18:41:17:242,666.00,12.25
46.98,6.26,18:41:17:376,666.00,10.04
62.41,10.03,18:41:17:504,666.00,6.65
75.51,13.43,18:41:17:632,666.00,6.97
91.94,17.25,18:41:17:774,666.00,3.55
105.36,19.75,18:41:17:918,666.00,2.34
114.92,21.73,18:41:18:046,666.00,1.56
124.40,24.70,18:41:18:165,666.00,3.84
132.88,27.29,18:41:18:288,666.00,2.77
138.06,29.29,18:41:18:427,666.00,6.61
144.04,32.23,18:41:18:559,666.00,6.44
149.39,39.39,18:41:18:694,666.00,8.75
154.61,53.94,18:41:18:837,666.00,5.17
155.43,65.42,18:41:18:964,666.00,8.33
157.53,75.77,18:41:19:091,666.00,9.27
157.97,82.31,18:41:19:221,666.00,8.74
157.26,78.21,18:41:19:360,666.00,8.52
156.79,69.69,18:41:19:492,666.00,6.72
154.04,51.85,18:41:19:619,666.00,3.73
143.51,37.26,18:41:19:757,666.00,6.41
132.95,30.20,18:41:19:884,666.00,6.12
120.75,25.18,18:41:20:009,666.00,4.30
106.69,22.95,18:41:20:133,666.00,5.17
85.50,19.93,18:41:20:255,666.00,6.14
71.40,16.75,18:41:20:391,666.00,4.22
56.69,12.30,18:41:20:518,666.00,5.61
44.71,9.46,18:41:20:658,666.00,2.58
32.75,4.18,18:41:20:787,666.00,4.43
20.36,1.22,18:41:20:922,666.00,5.50
11.53,-6.76,18:41:21:045,666.00,7.15
8.98,-8.91,18:41:21:170,666.00,5.01
7.44,-7.99,18:41:21:306,666.00,4.85
6.23,-3.77,18:41:21:431,666.00,4.51
5.37,1.14,18:41:21:557,666.00,4.97
5.07,3.79,18:41:21:694,666.00,4.99
4.90,5.12,18:41:21:819,666.00,5.08
4.89,6.12,18:41:21:946,666.00,5.00
6.56,0.45,18:41:22:073,666.00,8.27
17.00,4.31,18:41:22:204,666.00,9.73
35.31,9.49,18:41:22:341,666.00,10.87
57.21,12.68,18:41:22:481,666.00,8.22
74.62,14.73,18:41:22:614,666.00,7.39
91.70,16.44,18:41:22:739,666.00,3.58
105.19,19.29,18:41:22:863,666.00,4.29
116.48,23.66,18:41:22:996,666.00,5.42
123.53,24.69,18:41:23:125,666.00,2.91
130.67,26.32,18:41:23:253,666.00,2.45
135.86,28.39,18:41:23:389,666.00,3.84
140.07,29.91,18:41:23:530,666.00,7.92
148.40,36.26,18:41:23:671,666.00,5.81
153.66,44.79,18:41:23:804,666.00,3.69
156.61,56.59,18:41:23:934,666.00,6.11
158.20,76.96,18:41:24:102,666.00,8.64
159.49,81.12,18:41:24:252,666.00,9.15
159.15,76.40,18:41:24:401,666.00,7.48
157.79,62.94,18:41:24:536,666.00,5.21
149.73,42.17,18:41:24:682,666.00,5.48
137.66,30.50,18:41:24:824,666.00,4.02
126.10,24.76,18:41:24:958,666.00,3.55
114.29,21.65,18:41:25:089,666.00,3.39
99.06,20.23,18:41:25:227,666.00,3.16
81.61,17.65,18:41:25:357,666.00,1.01
65.46,14.00,18:41:25:495,666.00,2.77
49.08,9.63,18:41:25:620,666.00,7.14
38.29,7.50,18:41:25:760,666.00,3.83
27.05,2.49,18:41:25:896,666.00,7.19
19.18,0.67,18:41:26:023,666.00,5.68
12.63,-1.61,18:41:26:163,666.00,6.98
9.24,-3.09,18:41:26:291,666.00,6.15
7.14,-0.45,18:41:26:422,666.00,5.68
5.53,8.14,18:41:26:549,666.00,5.55
4.94,15.58,18:41:26:673,666.00,5.42
4.68,21.26,18:41:26:800,666.00,5.35
4.53,21.50,18:41:26:930,666.00,5.45
4.40,21.35,18:41:27:057,666.00,5.62
4.29,19.96,18:41:27:191,666.00,5.76
4.85,11.62,18:41:27:319,666.00,5.86
10.45,3.27,18:41:27:460,666.00,11.01
24.62,6.18,18:41:27:599,666.00,11.21
42.05,7.99,18:41:27:734,666.00,12.91
64.47,13.76,18:41:27:855,666.00,6.88
83.30,17.45,18:41:27:984,666.00,7.02
102.66,22.58,18:41:28:124,666.00,1.54
116.80,27.96,18:41:28:275,666.00,3.64
132.15,31.54,18:41:28:409,666.00,3.43
137.34,34.98,18:41:28:535,666.00,9.02
147.47,41.44,18:41:28:665,666.00,2.12
153.46,52.47,18:41:28:788,666.00,3.07
155.62,59.71,18:41:28:919,666.00,7.64
158.46,79.59,18:41:29:050,666.00,10.16
160.26,94.84,18:41:29:175,666.00,4.59
160.30,94.33,18:41:29:315,666.00,4.86
158.65,92.50,18:41:29:459,666.00,9.13
158.08,82.57,18:41:29:585,666.00,8.60
155.95,65.34,18:41:29:719,666.00,4.13
148.69,51.95,18:41:29:856,666.00,2.47
135.28,41.30,18:41:29:986,666.00,6.90
124.93,39.04,18:41:30:117,666.00,6.26
116.74,36.47,18:41:30:244,666.00,7.64
105.27,31.89,18:41:30:384,666.00,7.77
86.88,24.65,18:41:30:511,666.00,3.76
69.63,19.70,18:41:30:645,666.00,3.18
53.30,17.43,18:41:30:778,666.00,3.44
39.39,13.94,18:41:30:909,666.00,5.73
26.71,11.45,18:41:31:034,666.00,7.56
18.11,4.78,18:41:31:172,666.00,5.88
11.13,-2.44,18:41:31:322,666.00,6.14
7.98,-6.16,18:41:31:450,666.00,5.91
7.00,-3.51,18:41:31:578,666.00,5.92
5.94,4.67,18:41:31:698,666.00,6.16
5.44,9.21,18:41:31:824,666.00,6.44
5.43,11.54,18:41:31:948,666.00,6.37
5.29,13.19,18:41:32:067,666.00,6.48
7.44,4.40,18:41:32:191,666.00,9.43
23.52,0.76,18:41:32:331,666.00,12.90
43.77,6.55,18:41:32:452,666.00,10.61
66.27,11.74,18:41:32:587,666.00,7.87
88.59,17.20,18:41:32:721,666.00,3.00
105.25,20.98,18:41:32:852,666.00,5.88
115.90,25.14,18:41:32:973,666.00,4.92
130.25,27.37,18:41:33:103,666.00,0.67
137.02,30.43,18:41:33:236,666.00,4.58
143.47,35.31,18:41:33:367,666.00,6.70
149.87,42.83,18:41:33:495,666.00,6.81
154.13,54.26,18:41:33:627,666.00,9.56
160.49,75.96,18:41:33:760,666.00,8.48
161.41,92.25,18:41:33:908,666.00,9.21
161.18,93.88,18:41:34:057,666.00,8.70
159.52,80.28,18:41:34:186,666.00,9.53
158.23,63.56,18:41:34:325,666.00,5.36
153.35,49.76,18:41:34:465,666.00,3.41
142.31,35.70,18:41:34:601,666.00,3.74
134.00,31.17,18:41:34:733,666.00,5.23
121.72,25.88,18:41:34:854,666.00,5.69
111.30,24.26,18:41:34:992,666.00,4.26
94.28,24.86,18:41:35:129,666.00,3.74
76.66,21.65,18:41:35:256,666.00,4.21
62.33,17.09,18:41:35:399,666.00,2.90
46.84,10.64,18:41:35:532,666.00,3.91
35.67,6.64,18:41:35:662,666.00,4.06
26.12,2.15,18:41:35:800,666.00,7.18
18.64,-0.80,18:41:35:924,666.00,5.62
13.52,-9.25,18:41:36:052,666.00,5.67
10.76,-12.97,18:41:36:177,666.00,7.03
7.91,-9.98,18:41:36:314,666.00,5.41
6.33,-0.54,18:41:36:451,666.00,4.52
5.55,5.17,18:41:36:576,666.00,5.05
5.12,7.24,18:41:36:710,666.00,5.49
4.93,6.49,18:41:36:847,666.00,5.72
5.08,6.14,18:41:36:975,666.00,5.94
13.56,1.79,18:41:37:113,666.00,11.14
31.23,5.20,18:41:37:249,666.00,10.29
52.36,10.79,18:41:37:375,666.00,7.18
69.51,14.65,18:41:37:505,666.00,9.28
89.46,17.77,18:41:37:636,666.00,5.58
107.14,21.39,18:41:37:769,666.00,3.61
120.91,23.29,18:41:37:907,666.00,0.95
132.74,27.38,18:41:38:041,666.00,2.66
138.99,30.68,18:41:38:175,666.00,7.49
150.30,39.39,18:41:38:310,666.00,2.16
153.98,48.04,18:41:38:442,666.00,3.67
157.24,63.91,18:41:38:570,666.00,4.32
158.99,78.84,18:41:38:704,666.00,8.51
160.25,97.64,18:41:38:834,666.00,6.51
159.02,100.58,18:41:38:972,666.00,8.03
158.82,95.67,18:41:39:103,666.00,8.18
156.53,77.54,18:41:39:247,666.00,12.78
156.76,63.84,18:41:39:381,666.00,5.21
146.96,44.29,18:41:39:508,666.00,8.17
136.67,35.88,18:41:39:630,666.00,6.89
124.97,29.50,18:41:39:763,666.00,4.33
115.56,26.62,18:41:39:909,666.00,4.40
102.46,23.80,18:41:40:040,666.00,4.23
82.66,20.32,18:41:40:192,666.00,5.41
67.08,18.35,18:41:40:326,666.00,5.35
52.71,15.18,18:41:40:457,666.00,3.94
39.38,11.25,18:41:40:588,666.00,4.79
31.84,8.67,18:41:40:716,666.00,6.13
22.22,6.22,18:41:40:863,666.00,6.92
14.07,-0.05,18:41:40:999,666.00,5.55
10.14,-4.06,18:41:41:123,666.00,7.54
8.47,-4.88,18:41:41:251,666.00,7.78
6.99,2.23,18:41:41:374,666.00,6.51
5.35,17.09,18:41:41:500,666.00,5.43
4.92,24.16,18:41:41:621,666.00,5.22
4.71,26.62,18:41:41:752,666.00,5.21
4.68,25.09,18:41:41:885,666.00,5.40
4.74,24.74,18:41:42:014,666.00,5.31
6.55,9.31,18:41:42:153,666.00,9.52
19.00,7.68,18:41:42:287,666.00,14.93
40.39,9.75,18:41:42:420,666.00,13.59
62.13,14.51,18:41:42:548,666.00,7.04
75.41,17.08,18:41:42:688,666.00,8.40
99.36,22.40,18:41:42:826,666.00,5.82
116.78,27.60,18:41:42:950,666.00,7.75
131.50,28.35,18:41:43:105,666.00,1.89
140.42,34.73,18:41:43:261,666.00,6.29
148.99,42.00,18:41:43:395,666.00,7.07
154.90,51.03,18:41:43:520,666.00,10.63
160.72,79.26,18:41:43:653,666.00,11.39
160.49,100.97,18:41:43:792,666.00,9.97
160.65,101.87,18:41:43:917,666.00,10.12
161.92,100.21,18:41:44:057,666.00,9.22
160.60,89.01,18:41:44:198,666.00,10.19
157.93,65.91,18:41:44:323,666.00,5.53
151.94,47.84,18:41:44:455,666.00,3.41
136.59,35.69,18:41:44:583,666.00,6.88
123.51,28.78,18:41:44:725,666.00,2.61
111.53,24.57,18:41:44:854,666.00,4.54
93.99,21.05,18:41:44:994,666.00,4.50
76.30,15.71,18:41:45:125,666.00,6.04
61.24,9.69,18:41:45:250,666.00,4.19
50.52,5.65,18:41:45:372,666.00,6.52
37.59,1.36,18:41:45:496,666.00,6.79
26.87,-0.72,18:41:45:624,666.00,8.52
18.64,1.98,18:41:45:756,666.00,6.05
13.14,4.91,18:41:45:888,666.00,5.28
8.44,8.51,18:41:46:022,666.00,5.13
6.78,18.75,18:41:46:150,666.00,4.27
6.31,24.40,18:41:46:268,666.00,3.92
5.92,30.76,18:41:46:402,666.00,3.87
5.70,40.45,18:41:46:533,666.00,4.34
5.69,43.85,18:41:46:669,666.00,4.59
5.69,43.65,18:41:46:803,666.00,4.48
6.59,27.72,18:41:46:937,666.00,8.66
20.47,7.59,18:41:47:068,666.00,9.34
43.12,10.13,18:41:47:201,666.00,13.02
70.85,14.38,18:41:47:346,666.00,9.38
103.09,21.49,18:41:47:486,666.00,3.92
116.23,26.21,18:41:47:611,666.00,5.78
135.02,30.28,18:41:47:738,666.00,4.20
140.09,36.28,18:41:47:878,666.00,7.02
147.92,43.35,18:41:48:011,666.00,11.83
156.04,61.14,18:41:48:136,666.00,7.74
157.45,70.46,18:41:48:263,666.00,13.25
161.98,95.92,18:41:48:387,666.00,6.02
162.08,100.34,18:41:48:524,666.00,8.36
161.74,96.83,18:41:48:657,666.00,8.60
159.87,92.36,18:41:48:790,666.00,11.10
158.20,80.06,18:41:48:917,666.00,10.61
157.60,63.41,18:41:49:042,666.00,5.66
151.72,42.29,18:41:49:180,666.00,1.85
138.74,30.34,18:41:49:315,666.00,4.51
121.53,21.96,18:41:49:442,666.00,4.73
104.65,20.75,18:41:49:578,666.00,5.63
80.87,18.10,18:41:49:705,666.00,6.51
62.59,12.59,18:41:49:842,666.00,2.88
43.14,6.43,18:41:49:978,666.00,6.13
30.94,-2.79,18:41:50:104,666.00,7.40
19.84,-5.21,18:41:50:236,666.00,7.89
11.80,-5.40,18:41:50:357,666.00,7.97
8.37,-0.29,18:41:50:501,666.00,5.77
6.66,7.99,18:41:50:637,666.00,4.73
5.65,16.92,18:41:50:761,666.00,4.47
5.26,19.95,18:41:50:887,666.00,4.37
5.11,21.59,18:41:51:009,666.00,4.26
5.23,20.21,18:41:51:141,666.00,4.24
5.07,22.51,18:41:51:267,666.00,4.34
9.56,1.19,18:41:51:390,666.00,9.55
26.55,-2.60,18:41:51:520,666.00,13.06
48.66,2.67,18:41:51:651,666.00,9.55
65.76,5.36,18:41:51:791,666.00,4.71
91.62,12.13,18:41:51:919,666.00,3.33
106.65,17.49,18:41:52:049,666.00,4.40
117.63,24.62,18:41:52:182,666.00,5.69
130.39,26.74,18:41:52:317,666.00,1.22
140.73,33.76,18:41:52:460,666.00,5.35
148.89,44.53,18:41:52:585,666.00,3.89
152.84,51.78,18:41:52:707,666.00,9.04
158.60,81.83,18:41:52:830,666.00,7.93
160.01,97.74,18:41:52:953,666.00,5.63
159.92,104.85,18:41:53:073,666.00,5.83
159.52,108.77,18:41:53:208,666.00,5.14
159.56,95.90,18:41:53:352,666.00,9.60
158.54,81.90,18:41:53:486,666.00,9.89
157.71,61.22,18:41:53:611,666.00,6.42
149.73,38.24,18:41:53:745,666.00,4.00
136.21,29.69,18:41:53:881,666.00,5.81
119.31,23.10,18:41:54:017,666.00,6.01
98.06,20.52,18:41:54:140,666.00,3.78
74.86,18.67,18:41:54:271,666.00,3.28
55.37,13.99,18:41:54:397,666.00,3.92
38.41,6.24,18:41:54:522,666.00,3.51
24.49,-1.81,18:41:54:654,666.00,5.35
14.05,-5.79,18:41:54:785,666.00,3.59
9.03,-7.09,18:41:54:909,666.00,3.40
6.37,-1.36,18:41:55:027,666.00,3.70
5.19,5.34,18:41:55:162,666.00,4.23
4.71,10.25,18:41:55:291,666.00,4.09
4.52,10.29,18:41:55:425,666.00,4.36
4.33,12.17,18:41:55:554,666.00,4.49
4.72,9.24,18:41:55:683,666.00,4.33
8.44,-0.18,18:41:55:802,666.00,8.63
22.17,4.87,18:41:55:926,666.00,11.75
45.02,9.23,18:41:56:055,666.00,13.91
70.30,14.18,18:41:56:187,666.00,9.72
94.74,18.15,18:41:56:321,666.00,7.63
111.16,21.70,18:41:56:454,666.00,3.59
125.48,24.93,18:41:56:582,666.00,3.15
137.23,30.79,18:41:56:706,666.00,3.78
146.12,38.22,18:41:56:838,666.00,3.84
153.14,48.14,18:41:56:984,666.00,9.20
160.32,85.28,18:41:57:128,666.00,8.82
160.61,109.05,18:41:57:257,666.00,4.07
160.23,109.22,18:41:57:389,666.00,4.42
159.55,102.85,18:41:57:520,666.00,6.83
158.65,84.17,18:41:57:646,666.00,10.05
157.82,59.70,18:41:57:777,666.00,5.02
146.99,35.27,18:41:57:912,666.00,9.51
134.24,28.66,18:41:58:043,666.00,5.21
113.29,22.77,18:41:58:171,666.00,3.89
86.10,20.91,18:41:58:302,666.00,7.58
64.24,16.96,18:41:58:439,666.00,7.51
47.92,10.72,18:41:58:576,666.00,6.40
34.20,3.44,18:41:58:724,666.00,6.60
19.69,-3.90,18:41:58:867,666.00,7.29
11.43,-8.67,18:41:59:020,666.00,6.64
8.15,-4.82,18:41:59:166,666.00,4.88
5.98,3.27,18:41:59:299,666.00,5.70
4.83,9.94,18:41:59:445,666.00,5.92
4.54,11.16,18:41:59:585,666.00,6.20
4.46,11.48,18:41:59:718,666.00,6.26
4.79,9.62,18:41:59:852,666.00,5.98
13.01,2.49,18:42:00:002,666.00,13.31
39.59,7.68,18:42:00:174,666.00,14.22
63.67,11.69,18:42:00:325,666.00,8.75
92.71,17.08,18:42:00:459,666.00,4.12
113.62,19.50,18:42:00:603,666.00,5.47
129.31,25.09,18:42:00:750,666.00,6.05
141.09,35.18,18:42:00:891,666.00,6.68
148.99,44.75,18:42:01:028,666.00,7.14
153.58,54.23,18:42:01:172,666.00,9.44
158.29,75.91,18:42:01:328,666.00,8.89
158.48,100.97,18:42:01:469,666.00,7.12
159.60,106.36,18:42:01:610,666.00,5.56
159.60,98.48,18:42:01:740,666.00,6.91
158.16,75.25,18:42:01:885,666.00,9.02
150.52,43.64,18:42:02:028,666.00,4.51
133.32,31.12,18:42:02:171,666.00,5.07
114.44,23.87,18:42:02:308,666.00,3.67
92.68,21.46,18:42:02:441,666.00,3.91
70.30,17.63,18:42:02:563,666.00,2.51
52.08,12.59,18:42:02:692,666.00,3.39
36.04,5.64,18:42:02:814,666.00,2.96
23.22,-1.81,18:42:02:962,666.00,5.56
13.22,-6.45,18:42:03:088,666.00,6.80
8.42,-3.16,18:42:03:220,666.00,3.58
6.18,9.30,18:42:03:353,666.00,3.45
5.11,26.74,18:42:03:489,666.00,3.95
4.90,28.81,18:42:03:616,666.00,3.95
4.96,29.06,18:42:03:744,666.00,3.95
4.75,27.29,18:42:03:869,666.00,4.08
6.79,11.60,18:42:03:997,666.00,6.95
15.18,5.59,18:42:04:139,666.00,10.76
29.87,7.09,18:42:04:277,666.00,11.68
48.91,9.42,18:42:04:405,666.00,9.23
68.97,13.24,18:42:04:535,666.00,8.56
88.79,16.17,18:42:04:660,666.00,8.57
107.12,19.05,18:42:04:789,666.00,2.42
118.76,23.60,18:42:04:914,666.00,5.85
133.05,27.01,18:42:05:052,666.00,2.76
138.63,28.59,18:42:05:195,666.00,6.81
148.17,38.65,18:42:05:326,666.00,7.78
154.71,57.58,18:42:05:454,666.00,4.69
158.27,82.38,18:42:05:585,666.00,7.73
159.36,91.75,18:42:05:712,666.00,7.90
160.49,104.48,18:42:05:854,666.00,5.30
161.82,100.75,18:42:05:984,666.00,6.85
159.82,92.71,18:42:06:107,666.00,9.11
157.39,72.96,18:42:06:241,666.00,7.87
150.25,44.74,18:42:06:380,666.00,7.50
132.34,27.31,18:42:06:518,666.00,6.56
118.53,18.42,18:42:06:642,666.00,5.06
97.16,14.26,18:42:06:772,666.00,6.33
75.97,12.72,18:42:06:903,666.00,5.92
56.98,8.62,18:42:07:036,666.00,6.61
42.79,3.82,18:42:07:163,666.00,1.00
27.55,-2.39,18:42:07:300,666.00,6.09
15.14,-3.84,18:42:07:434,666.00,4.68
8.39,-1.76,18:42:07:565,666.00,3.65
5.87,6.10,18:42:07:687,666.00,3.92
4.77,17.65,18:42:07:815,666.00,4.60
4.53,20.65,18:42:07:937,666.00,4.56
4.36,24.37,18:42:08:067,666.00,4.60
4.26,24.55,18:42:08:189,666.00,4.68
6.67,4.70,18:42:08:323,666.00,7.50
21.50,2.80,18:42:08:451,666.00,10.93
44.53,7.51,18:42:08:583,666.00,11.43
66.66,12.06,18:42:08:706,666.00,7.43
92.62,16.75,18:42:08:834,666.00,7.82
117.80,24.57,18:42:08:962,666.00,6.51
134.81,27.74,18:42:09:092,666.00,2.38
145.04,33.07,18:42:09:229,666.00,8.69
155.75,53.45,18:42:09:364,666.00,1.55
156.51,72.88,18:42:09:487,666.00,11.10
157.17,96.90,18:42:09:624,666.00,6.34
154.30,98.92,18:42:09:767,666.00,9.83
153.98,98.25,18:42:09:898,666.00,10.52
156.17,85.79,18:42:10:020,666.00,10.16
157.05,67.28,18:42:10:152,666.00,5.00
150.84,45.40,18:42:10:290,666.00,2.42
134.94,33.24,18:42:10:420,666.00,3.47
117.93,26.21,18:42:10:548,666.00,2.92
103.14,25.27,18:42:10:673,666.00,4.18
81.20,23.27,18:42:10:805,666.00,4.45
62.47,19.43,18:42:10:936,666.00,3.09
44.82,11.27,18:42:11:076,666.00,4.92
29.58,2.08,18:42:11:210,666.00,5.16
17.59,-5.21,18:42:11:339,666.00,4.03
10.25,-11.01,18:42:11:475,666.00,5.53
7.62,-6.84,18:42:11:605,666.00,3.47
5.81,4.04,18:42:11:744,666.00,3.66
4.59,17.11,18:42:11:876,666.00,3.71
4.21,20.63,18:42:12:018,666.00,4.14
4.09,21.05,18:42:12:149,666.00,4.18
4.04,20.53,18:42:12:280,666.00,4.26
4.14,21.14,18:42:12:410,666.00,4.16
6.77,4.32,18:42:12:540,666.00,8.26
22.40,4.25,18:42:12:672,666.00,11.42
44.08,8.77,18:42:12:813,666.00,12.82
69.43,13.59,18:42:12:944,666.00,9.00
100.39,20.78,18:42:13:085,666.00,6.35
120.42,24.71,18:42:13:222,666.00,2.47
134.94,31.87,18:42:13:350,666.00,3.11
144.87,40.73,18:42:13:491,666.00,3.04
150.98,52.99,18:42:13:616,666.00,8.78
154.57,64.35,18:42:13:735,666.00,11.36
155.85,90.23,18:42:13:869,666.00,9.83
159.02,105.16,18:42:13:998,666.00,3.41
156.48,104.88,18:42:14:138,666.00,8.11
158.48,92.36,18:42:14:274,666.00,9.28
157.95,70.86,18:42:14:408,666.00,6.73
153.34,47.81,18:42:14:534,666.00,1.29
136.57,33.08,18:42:14:663,666.00,4.10
118.07,24.96,18:42:14:788,666.00,0.92
100.40,24.27,18:42:14:907,666.00,4.27
76.87,21.21,18:42:15:038,666.00,7.32
59.10,17.57,18:42:15:170,666.00,7.74
43.21,13.34,18:42:15:291,666.00,6.48
27.79,5.71,18:42:15:422,666.00,7.41
15.43,1.91,18:42:15:554,666.00,6.37
9.63,-4.54,18:42:15:682,666.00,6.74
7.83,-0.68,18:42:15:809,666.00,4.84
5.74,8.19,18:42:15:940,666.00,5.28
5.11,16.23,18:42:16:081,666.00,5.16
4.94,18.20,18:42:16:208,666.00,5.27
4.74,20.33,18:42:16:333,666.00,5.30
5.26,14.03,18:42:16:456,666.00,5.06
12.47,0.47,18:42:16:583,666.00,12.71
25.30,5.09,18:42:16:713,666.00,11.46
47.62,11.20,18:42:16:852,666.00,13.82
80.03,19.14,18:42:16:983,666.00,10.24
103.67,23.68,18:42:17:125,666.00,6.43
121.68,27.10,18:42:17:258,666.00,5.58
135.83,32.97,18:42:17:387,666.00,6.62
145.79,39.92,18:42:17:522,666.00,4.99
154.27,55.99,18:42:17:653,666.00,1.35
156.63,69.81,18:42:17:788,666.00,8.79
157.87,104.77,18:42:17:916,666.00,9.30
161.06,113.83,18:42:18:063,666.00,4.05
160.06,109.71,18:42:18:215,666.00,6.46
160.25,108.31,18:42:18:343,666.00,5.73
160.19,101.75,18:42:18:469,666.00,7.10
160.51,89.23,18:42:18:594,666.00,8.69
158.09,65.94,18:42:18:722,666.00,5.37
152.21,42.24,18:42:18:850,666.00,2.11
137.20,29.18,18:42:18:990,666.00,3.82
119.51,22.21,18:42:19:123,666.00,4.52
100.92,21.12,18:42:19:269,666.00,5.69
79.59,18.46,18:42:19:413,666.00,4.40
61.35,14.28,18:42:19:547,666.00,2.07
43.76,8.59,18:42:19:670,666.00,6.10
31.51,3.17,18:42:19:797,666.00,5.87
20.04,-2.40,18:42:19:933,666.00,7.88
13.07,-6.94,18:42:20:071,666.00,7.78
8.57,-3.08,18:42:20:206,666.00,5.83
6.48,6.23,18:42:20:326,666.00,4.64
5.78,12.70,18:42:20:460,666.00,4.55
5.29,17.13,18:42:20:585,666.00,4.66
5.05,21.25,18:42:20:716,666.00,4.40
5.03,19.30,18:42:20:836,666.00,4.90
5.22,19.11,18:42:20:963,666.00,4.60
10.42,3.83,18:42:21:099,666.00,8.04
22.26,2.25,18:42:21:228,666.00,12.44
39.90,5.13,18:42:21:354,666.00,11.96
58.20,9.30,18:42:21:488,666.00,8.54
72.28,12.61,18:42:21:619,666.00,7.81
95.09,20.22,18:42:21:762,666.00,5.50
113.06,24.15,18:42:21:893,666.00,0.98
127.76,28.91,18:42:22:034,666.00,4.43
140.53,32.33,18:42:22:158,666.00,8.29
148.52,39.19,18:42:22:287,666.00,7.72
155.80,56.17,18:42:22:429,666.00,6.32
155.28,79.91,18:42:22:561,666.00,11.73
157.96,94.10,18:42:22:696,666.00,6.83
157.57,96.55,18:42:22:827,666.00,7.06
157.51,99.04,18:42:22:963,666.00,7.56
157.14,92.50,18:42:23:105,666.00,9.47
157.52,83.67,18:42:23:238,666.00,7.98
155.38,65.23,18:42:23:370,666.00,5.22
146.80,43.27,18:42:23:502,666.00,4.89
136.29,30.91,18:42:23:632,666.00,4.18
118.89,21.16,18:42:23:774,666.00,3.47
103.71,19.56,18:42:23:913,666.00,2.95
80.88,17.33,18:42:24:043,666.00,7.20
61.92,14.11,18:42:24:172,666.00,5.79
45.08,10.05,18:42:24:306,666.00,4.83
31.22,3.73,18:42:24:446,666.00,7.07
18.75,-0.89,18:42:24:583,666.00,7.54
9.80,-6.54,18:42:24:718,666.00,5.59
7.75,-2.91,18:42:24:846,666.00,4.47
6.11,5.08,18:42:24:972,666.00,4.32
5.33,12.23,18:42:25:094,666.00,4.23
4.96,14.17,18:42:25:221,666.00,4.47
4.76,18.21,18:42:25:358,666.00,4.26
4.66,16.99,18:42:25:479,666.00,4.50
4.81,13.46,18:42:25:619,666.00,4.77
9.17,1.15,18:42:25:752,666.00,7.81
20.47,1.42,18:42:25:889,666.00,12.75
38.06,5.03,18:42:26:032,666.00,12.84
58.97,9.45,18:42:26:153,666.00,9.62
80.64,13.98,18:42:26:282,666.00,6.24
97.62,19.13,18:42:26:412,666.00,6.56
116.15,25.58,18:42:26:543,666.00,6.73
129.94,27.79,18:42:26:676,666.00,1.38
136.91,31.20,18:42:26:805,666.00,4.97
144.26,40.19,18:42:26:935,666.00,3.40
150.23,50.46,18:42:27:073,666.00,5.13
156.72,71.29,18:42:27:203,666.00,6.01
158.86,93.55,18:42:27:335,666.00,7.10
159.30,110.47,18:42:27:463,666.00,3.50
159.13,110.79,18:42:27:585,666.00,2.47
158.27,103.00,18:42:27:727,666.00,5.58
158.08,91.28,18:42:27:852,666.00,5.55
157.36,72.30,18:42:27:981,666.00,5.89
152.78,46.99,18:42:28:109,666.00,2.43
137.08,30.41,18:42:28:242,666.00,4.37
118.78,21.76,18:42:28:372,666.00,1.74
94.06,20.80,18:42:28:498,666.00,7.77
71.49,16.79,18:42:28:625,666.00,5.12
50.74,14.58,18:42:28:755,666.00,5.12
36.15,9.19,18:42:28:891,666.00,4.07
24.56,3.32,18:42:29:021,666.00,7.28
14.29,3.24,18:42:29:157,666.00,6.70
9.48,3.16,18:42:29:286,666.00,5.77
7.96,6.38,18:42:29:407,666.00,4.78
6.29,17.36,18:42:29:538,666.00,3.97
5.13,26.71,18:42:29:676,666.00,4.24
4.97,28.01,18:42:29:808,666.00,4.57
4.85,27.04,18:42:29:937,666.00,4.56
4.67,24.23,18:42:30:064,666.00,4.94
9.06,9.42,18:42:30:186,666.00,8.13
20.62,7.50,18:42:30:330,666.00,11.75
50.07,13.08,18:42:30:454,666.00,11.09
74.48,16.63,18:42:30:585,666.00,7.32
93.70,21.17,18:42:30:708,666.00,1.97
112.27,23.91,18:42:30:836,666.00,2.63
124.25,29.25,18:42:30:974,666.00,1.09
134.86,34.65,18:42:31:105,666.00,5.83
142.05,39.71,18:42:31:237,666.00,6.80
150.29,49.68,18:42:31:382,666.00,5.25
154.84,72.49,18:42:31:522,666.00,9.48
159.77,98.68,18:42:31:651,666.00,3.44
159.75,106.41,18:42:31:777,666.00,4.17
159.28,106.74,18:42:31:923,666.00,6.43
158.67,96.23,18:42:32:059,666.00,10.24
159.10,85.72,18:42:32:195,666.00,8.01
157.63,58.06,18:42:32:321,666.00,4.37
151.20,38.11,18:42:32:447,666.00,5.61
138.15,26.97,18:42:32:573,666.00,5.33
122.51,17.74,18:42:32:703,666.00,2.87
102.76,15.58,18:42:32:851,666.00,2.04
73.86,14.89,18:42:32:983,666.00,3.77
58.04,14.47,18:42:33:104,666.00,4.52
40.02,9.01,18:42:33:225,666.00,5.62
25.67,2.10,18:42:33:348,666.00,5.73
17.47,-2.02,18:42:33:476,666.00,3.91
10.12,-5.02,18:42:33:606,666.00,4.29
6.34,4.29,18:42:33:734,666.00,3.63
5.35,11.00,18:42:33:868,666.00,3.83
4.94,15.24,18:42:34:012,666.00,4.17
4.99,14.37,18:42:34:144,666.00,3.98
5.03,13.48,18:42:34:272,666.00,3.77
5.14,10.49,18:42:34:401,666.00,3.69
7.36,0.78,18:42:34:541,666.00,7.36
16.76,3.06,18:42:34:666,666.00,12.11
35.37,4.61,18:42:34:798,666.00,13.48
62.72,9.74,18:42:34:938,666.00,5.90
92.20,11.90,18:42:35:068,666.00,0.44
115.28,16.71,18:42:35:202,666.00,1.51
129.90,24.37,18:42:35:340,666.00,2.86
142.06,33.27,18:42:35:469,666.00,8.53
149.19,49.02,18:42:35:596,666.00,7.28
155.61,76.87,18:42:35:738,666.00,5.11
154.91,106.45,18:42:35:868,666.00,9.66
156.49,112.98,18:42:36:003,666.00,7.10
158.41,109.56,18:42:36:139,666.00,4.04
158.66,102.40,18:42:36:267,666.00,5.43
156.99,79.03,18:42:36:390,666.00,5.44
150.29,57.10,18:42:36:516,666.00,1.50
134.17,41.74,18:42:36:654,666.00,11.03
112.85,29.84,18:42:36:798,666.00,7.15
94.09,25.62,18:42:36:925,666.00,7.13
72.18,18.16,18:42:37:068,666.00,9.59
51.11,12.98,18:42:37:197,666.00,9.30
33.12,7.08,18:42:37:321,666.00,4.77
21.38,-0.74,18:42:37:445,666.00,7.88
11.02,-9.60,18:42:37:574,666.00,8.47
8.37,-6.76,18:42:37:706,666.00,3.93
6.71,-3.97,18:42:37:846,666.00,4.19
5.35,0.96,18:42:37:973,666.00,4.06
4.98,3.96,18:42:38:095,666.00,4.32
4.84,5.84,18:42:38:227,666.00,4.15
4.99,3.41,18:42:38:351,666.00,4.05
7.01,-1.96,18:42:38:497,666.00,7.59
18.97,-1.21,18:42:38:632,666.00,13.04
39.81,4.13,18:42:38:764,666.00,13.54
62.83,11.05,18:42:38:896,666.00,5.69
82.55,15.04,18:42:39:022,666.00,8.57
105.63,20.78,18:42:39:150,666.00,3.85
123.11,23.09,18:42:39:285,666.00,0.65
134.57,27.39,18:42:39:422,666.00,1.46
146.35,36.36,18:42:39:557,666.00,3.76
154.38,57.00,18:42:39:700,666.00,3.50
156.60,73.10,18:42:39:835,666.00,5.51
158.16,95.81,18:42:39:968,666.00,7.04
158.81,107.96,18:42:40:095,666.00,3.87
159.56,104.44,18:42:40:243,666.00,4.00
160.46,99.27,18:42:40:365,666.00,6.25
159.85,70.33,18:42:40:500,666.00,5.46
153.23,43.60,18:42:40:641,666.00,3.98
137.34,28.75,18:42:40:775,666.00,4.48
115.53,22.04,18:42:40:895,666.00,3.41
93.00,21.34,18:42:41:018,666.00,4.27
76.78,17.42,18:42:41:138,666.00,3.70
56.10,11.26,18:42:41:273,666.00,5.95
37.54,3.12,18:42:41:404,666.00,5.05
23.07,-5.76,18:42:41:536,666.00,4.88
11.11,-11.83,18:42:41:679,666.00,6.20
7.62,-5.40,18:42:41:802,666.00,3.67
5.87,4.15,18:42:41:928,666.00,3.69
5.34,7.18,18:42:42:050,666.00,4.16
5.04,8.52,18:42:42:170,666.00,3.80
4.92,8.02,18:42:42:297,666.00,3.89
4.92,7.72,18:42:42:436,666.00,4.29
6.88,1.59,18:42:42:560,666.00,7.77
16.48,4.04,18:42:42:683,666.00,10.86
31.65,6.14,18:42:42:819,666.00,5.97
58.13,9.03,18:42:42:966,666.00,9.01
82.61,12.71,18:42:43:090,666.00,7.86
106.85,18.62,18:42:43:217,666.00,3.98
123.41,24.12,18:42:43:352,666.00,2.05
136.45,31.35,18:42:43:489,666.00,5.97
145.65,42.85,18:42:43:623,666.00,5.52
152.71,59.13,18:42:43:751,666.00,3.50
154.85,78.03,18:42:43:876,666.00,6.55
157.26,96.98,18:42:44:006,666.00,6.26
155.89,105.45,18:42:44:130,666.00,6.79
156.63,107.87,18:42:44:253,666.00,5.58
156.81,107.11,18:42:44:404,666.00,7.05
159.51,89.32,18:42:44:547,666.00,4.02
155.36,60.76,18:42:44:672,666.00,3.43
141.59,38.63,18:42:44:803,666.00,5.23
117.65,22.91,18:42:44:928,666.00,5.45
94.93,19.55,18:42:45:056,666.00,5.58
71.46,15.42,18:42:45:187,666.00,4.09
51.09,10.04,18:42:45:319,666.00,5.35
37.64,3.29,18:42:45:466,666.00,6.31
24.66,-3.25,18:42:45:588,666.00,5.67
14.42,-7.27,18:42:45:731,666.00,7.66
10.20,-8.23,18:42:45:864,666.00,6.86
8.21,-1.83,18:42:45:986,666.00,5.59
7.16,2.62,18:42:46:102,666.00,5.28
6.05,7.47,18:42:46:242,666.00,4.73
5.79,9.12,18:42:46:374,666.00,4.55
11.20,1.04,18:42:46:499,666.00,9.39
23.40,2.26,18:42:46:617,666.00,11.71
36.02,5.97,18:42:46:744,666.00,13.40
58.30,10.72,18:42:46:875,666.00,8.90
77.00,13.05,18:42:47:008,666.00,8.20
94.07,16.97,18:42:47:136,666.00,5.22
110.36,20.29,18:42:47:272,666.00,1.15
123.04,24.15,18:42:47:409,666.00,3.45
135.13,29.58,18:42:47:542,666.00,2.30
142.28,35.81,18:42:47:677,666.00,2.95
148.85,47.86,18:42:47:805,666.00,6.77
154.10,62.26,18:42:47:929,666.00,5.42
157.70,94.65,18:42:48:062,666.00,4.76
158.60,107.09,18:42:48:196,666.00,3.89
154.83,118.48,18:42:48:336,666.00,10.11
155.12,110.50,18:42:48:467,666.00,8.30
158.22,101.71,18:42:48:592,666.00,6.20
158.21,80.32,18:42:48:717,666.00,6.81
154.89,55.60,18:42:48:838,666.00,1.88
138.08,34.10,18:42:48:966,666.00,6.28
116.67,22.83,18:42:49:092,666.00,3.87
94.84,22.09,18:42:49:225,666.00,3.16
71.02,19.22,18:42:49:352,666.00,1.70
46.74,13.18,18:42:49:484,666.00,4.43
33.29,8.15,18:42:49:603,666.00,2.84
17.74,0.73,18:42:49:734,666.00,6.33
9.65,-5.12,18:42:49:863,666.00,5.85
6.71,-0.41,18:42:49:986,666.00,4.41
5.54,5.22,18:42:50:109,666.00,5.04
4.85,9.94,18:42:50:243,666.00,5.06
4.62,10.62,18:42:50:367,666.00,5.19
4.49,9.32,18:42:50:488,666.00,5.55
4.30,9.58,18:42:50:617,666.00,5.95
4.33,9.88,18:42:50:742,666.00,5.96
6.38,6.30,18:42:50:869,666.00,8.11
22.34,12.60,18:42:50:994,666.00,12.38
53.11,18.25,18:42:51:137,666.00,7.44
82.03,21.64,18:42:51:276,666.00,7.73
107.96,24.20,18:42:51:405,666.00,5.50
125.29,27.38,18:42:51:538,666.00,2.49
136.87,32.07,18:42:51:677,666.00,4.03
146.26,41.67,18:42:51:813,666.00,2.45
152.58,55.09,18:42:51:943,666.00,4.21
155.06,74.29,18:42:52:080,666.00,9.73
153.84,106.14,18:42:52:223,666.00,7.14
154.81,111.64,18:42:52:349,666.00,4.05
155.00,110.11,18:42:52:475,666.00,4.23
156.20,100.02,18:42:52:601,666.00,6.89
156.49,83.11,18:42:52:733,666.00,7.60
153.63,58.06,18:42:52:866,666.00,3.68
139.48,36.15,18:42:52:998,666.00,4.46
123.67,24.70,18:42:53:119,666.00,6.33
112.36,20.05,18:42:53:246,666.00,2.75
94.36,20.20,18:42:53:370,666.00,7.19
73.79,16.62,18:42:53:497,666.00,2.27
48.15,13.14,18:42:53:622,666.00,7.40
32.60,8.33,18:42:53:756,666.00,6.19
19.68,4.21,18:42:53:891,666.00,6.03
12.07,4.27,18:42:54:032,666.00,4.48
8.30,9.11,18:42:54:164,666.00,3.49
6.38,15.18,18:42:54:289,666.00,3.19
5.23,23.08,18:42:54:421,666.00,3.71
4.73,25.74,18:42:54:550,666.00,3.98
4.62,25.68,18:42:54:677,666.00,4.11
4.43,26.85,18:42:54:815,666.00,4.14
6.08,14.63,18:42:54:955,666.00,7.59
12.52,5.32,18:42:55:082,666.00,10.35
28.83,5.54,18:42:55:207,666.00,9.61
47.78,8.83,18:42:55:344,666.00,9.64
64.14,13.17,18:42:55:468,666.00,7.58
78.88,16.72,18:42:55:592,666.00,7.98
94.95,23.16,18:42:55:728,666.00,3.04
110.77,26.37,18:42:55:855,666.00,2.78
121.59,28.22,18:42:55:986,666.00,5.68
133.21,32.93,18:42:56:107,666.00,1.88
139.77,39.03,18:42:56:246,666.00,6.67
147.47,51.42,18:42:56:386,666.00,8.02
152.26,67.34,18:42:56:511,666.00,5.92
157.08,95.43,18:42:56:638,666.00,6.11
157.36,109.36,18:42:56:783,666.00,4.06
157.86,110.06,18:42:56:914,666.00,4.40
158.32,102.23,18:42:57:042,666.00,6.30
156.14,83.33,18:42:57:168,666.00,8.24
146.63,52.08,18:42:57:301,666.00,3.80
123.05,32.63,18:42:57:431,666.00,11.98
101.30,27.62,18:42:57:564,666.00,9.84
79.13,24.52,18:42:57:696,666.00,5.85
57.37,18.51,18:42:57:830,666.00,9.43
41.92,11.99,18:42:57:956,666.00,7.00
25.46,4.75,18:42:58:084,666.00,7.99
17.36,1.55,18:42:58:210,666.00,5.68
9.94,-0.90,18:42:58:334,666.00,6.97
6.73,9.15,18:42:58:450,666.00,4.81
5.79,14.83,18:42:58:578,666.00,4.48
5.29,18.77,18:42:58:706,666.00,4.53
4.89,21.35,18:42:58:835,666.00,4.94
4.86,19.42,18:42:58:963,666.00,4.97
5.29,17.79,18:42:59:086,666.00,4.66
13.53,10.51,18:42:59:218,666.00,12.49
36.97,12.49,18:42:59:352,666.00,14.57
66.48,18.06,18:42:59:492,666.00,10.32
92.09,22.73,18:42:59:624,666.00,9.22
117.34,26.87,18:42:59:754,666.00,5.28
135.13,34.89,18:42:59:886,666.00,5.61
145.33,43.50,18:43:00:022,666.00,4.39
152.99,59.32,18:43:00:156,666.00,4.13
156.69,77.10,18:43:00:284,666.00,7.03
157.53,102.90,18:43:00:417,666.00,5.68
158.71,102.86,18:43:00:569,666.00,3.71
158.99,100.21,18:43:00:701,666.00,4.67
155.93,86.43,18:43:00:848,666.00,10.55
154.30,62.73,18:43:00:983,666.00,2.99
146.39,46.86,18:43:01:110,666.00,2.76
135.24,32.90,18:43:01:242,666.00,4.14
121.33,24.94,18:43:01:369,666.00,1.35
108.92,21.83,18:43:01:507,666.00,0.49
92.48,21.30,18:43:01:635,666.00,2.29
76.07,18.39,18:43:01:765,666.00,4.14
61.39,14.68,18:43:01:898,666.00,5.66
46.33,9.70,18:43:02:037,666.00,7.19
30.96,4.91,18:43:02:171,666.00,9.39
19.12,1.17,18:43:02:303,666.00,6.83
11.05,5.46,18:43:02:441,666.00,6.39
7.81,7.87,18:43:02:583,666.00,4.81
5.97,15.64,18:43:02:716,666.00,3.70
4.86,22.81,18:43:02:839,666.00,4.08
4.52,22.86,18:43:02:959,666.00,4.30
4.37,16.15,18:43:03:080,666.00,5.01
4.61,12.73,18:43:03:213,666.00,7.54
6.13,1.75,18:43:03:343,666.00,12.63
6.50,0.16,18:43:03:482,666.00,11.30
6.30,0.57,18:43:03:612,666.00,11.94
5.79,4.83,18:43:03:744,666.00,12.20
5.29,8.19,18:43:03:870,666.00,12.52
5.21,7.41,18:43:04:010,666.00,12.70
5.22,5.90,18:43:04:152,666.00,12.80
5.23,1.56,18:43:04:281,666.00,13.25
5.28,0.44,18:43:04:397,666.00,13.33
5.24,-1.73,18:43:04:519,666.00,13.14
5.24,-3.74,18:43:04:656,666.00,13.04
5.29,-5.04,18:43:04:786,666.00,13.23
5.25,-5.18,18:43:04:917,666.00,13.40
5.14,-6.29,18:43:05:062,666.00,13.61
5.22,-7.84,18:43:05:194,666.00,13.71
5.27,-9.83,18:43:05:324,666.00,14.20
5.40,-11.24,18:43:05:451,666.00,14.47
5.34,-11.29,18:43:05:565,666.00,14.50
5.22,-10.62,18:43:05:686,666.00,14.36
5.08,-10.98,18:43:05:818,666.00,14.03
5.15,-10.24,18:43:05:947,666.00,13.89
5.12,-9.14,18:43:06:070,666.00,13.86
