7.47,23.87,666.00,18.96,11-05-23-10-47-28-202
7.47,23.63,666.00,18.88,11-05-23-10-47-28-234
7.47,23.41,666.00,18.81,11-05-23-10-47-28-263
7.48,23.20,666.00,18.74,11-05-23-10-47-28-296
7.49,22.96,666.00,18.70,11-05-23-10-47-28-328
7.52,22.72,666.00,18.66,11-05-23-10-47-28-369
7.54,22.51,666.00,18.64,11-05-23-10-47-28-398
7.57,22.29,666.00,18.63,11-05-23-10-47-28-439
7.59,22.10,666.00,18.62,11-05-23-10-47-28-466
7.61,21.92,666.00,18.62,11-05-23-10-47-28-504
7.61,21.76,666.00,18.62,11-05-23-10-47-28-538
7.62,21.61,666.00,18.63,11-05-23-10-47-28-571
7.62,21.45,666.00,18.63,11-05-23-10-47-28-596
7.62,21.27,666.00,18.63,11-05-23-10-47-28-633
7.62,21.10,666.00,18.64,11-05-23-10-47-28-667
7.63,20.93,666.00,18.64,11-05-23-10-47-28-698
7.63,20.74,666.00,18.64,11-05-23-10-47-28-736
7.62,20.51,666.00,18.66,11-05-23-10-47-28-763
7.62,20.26,666.00,18.67,11-05-23-10-47-28-800
7.61,20.02,666.00,18.68,11-05-23-10-47-28-829
7.62,19.82,666.00,18.68,11-05-23-10-47-28-863
7.64,19.82,666.00,18.62,11-05-23-10-47-28-897
7.66,20.10,666.00,18.48,11-05-23-10-47-28-930
7.77,22.13,666.00,17.88,11-05-23-10-47-28-965
7.96,25.71,666.00,16.88,11-05-23-10-47-28-998
8.47,34.32,666.00,14.75,11-05-23-10-47-29-031
9.25,43.71,666.00,13.14,11-05-23-10-47-29-061
10.24,51.04,666.00,13.64,11-05-23-10-47-29-097
12.18,58.93,666.00,15.97,11-05-23-10-47-29-130
14.14,63.97,666.00,20.86,11-05-23-10-47-29-162
16.60,67.60,666.00,24.55,11-05-23-10-47-29-202
21.84,72.04,666.00,24.20,11-05-23-10-47-29-232
31.00,75.52,666.00,15.36,11-05-23-10-47-29-263
37.31,76.34,666.00,14.49,11-05-23-10-47-29-298
43.54,77.25,666.00,15.56,11-05-23-10-47-29-334
50.90,77.38,666.00,14.79,11-05-23-10-47-29-363
60.63,77.58,666.00,8.02,11-05-23-10-47-29-399
65.81,77.85,666.00,11.69,11-05-23-10-47-29-435
68.03,77.54,666.00,22.36,11-05-23-10-47-29-464
76.94,79.53,666.00,17.71,11-05-23-10-47-29-506
79.49,79.37,666.00,16.32,11-05-23-10-47-29-530
79.23,79.77,666.00,20.57,11-05-23-10-47-29-562
69.15,80.37,13.55,37.13,11-05-23-10-47-29-599
64.32,79.92,13.40,42.75,11-05-23-10-47-29-632
62.23,79.08,13.55,44.48,11-05-23-10-47-29-665
60.93,78.26,13.92,45.18,11-05-23-10-47-29-698
60.07,77.45,14.35,45.53,11-05-23-10-47-29-731
59.20,75.88,14.48,45.85,11-05-23-10-47-29-765
94.77,73.92,666.00,23.56,11-05-23-10-47-29-804
111.62,72.39,666.00,2.05,11-05-23-10-47-29-828
118.90,71.16,666.00,5.08,11-05-23-10-47-29-863
90.01,72.76,6.12,48.05,11-05-23-10-47-29-902
90.01,72.07,7.23,48.00,11-05-23-10-47-29-930
81.35,71.65,9.56,58.39,11-05-23-10-47-29-972
77.13,70.97,11.18,60.81,11-05-23-10-47-29-997
74.68,70.27,12.52,61.05,11-05-23-10-47-30-030
72.93,69.70,13.86,60.38,11-05-23-10-47-30-065
71.64,69.17,15.87,55.95,11-05-23-10-47-30-095
70.65,68.81,17.21,53.04,11-05-23-10-47-30-131
69.72,68.50,18.11,50.27,11-05-23-10-47-30-165
67.75,67.73,17.60,50.13,11-05-23-10-47-30-199
65.52,67.05,17.01,50.73,11-05-23-10-47-30-231
61.87,66.08,16.62,52.79,11-05-23-10-47-30-275
58.54,65.30,16.59,54.82,11-05-23-10-47-30-295
55.58,64.66,16.90,56.30,11-05-23-10-47-30-329
52.83,64.12,17.44,57.42,11-05-23-10-47-30-363
50.32,63.75,22.93,50.84,11-05-23-10-47-30-399
26.41,70.41,33.20,68.19,11-05-23-10-47-30-429
52.02,58.60,666.00,17.44,11-05-23-10-47-30-467
51.47,55.03,666.00,8.51,11-05-23-10-47-30-496
52.80,51.99,666.00,6.42,11-05-23-10-47-30-536
51.37,49.03,666.00,12.00,11-05-23-10-47-30-572
46.55,47.20,666.00,11.15,11-05-23-10-47-30-598
40.27,45.58,666.00,8.65,11-05-23-10-47-30-633
30.75,43.09,666.00,6.32,11-05-23-10-47-30-661
24.10,39.43,666.00,8.78,11-05-23-10-47-30-698
20.19,34.73,666.00,9.84,11-05-23-10-47-30-729
17.08,28.67,666.00,10.73,11-05-23-10-47-30-762
14.99,22.46,666.00,10.65,11-05-23-10-47-30-794
13.50,15.26,666.00,8.24,11-05-23-10-47-30-832
12.36,3.75,666.00,9.54,11-05-23-10-47-30-862
11.89,-10.28,666.00,11.40,11-05-23-10-47-30-894
12.02,-21.40,666.00,12.45,11-05-23-10-47-30-935
12.49,-30.08,666.00,13.26,11-05-23-10-47-30-964
13.19,-37.76,666.00,13.01,11-05-23-10-47-30-997
13.91,-43.74,666.00,11.19,11-05-23-10-47-31-032
14.49,-48.10,666.00,11.74,11-05-23-10-47-31-076
14.87,-51.14,666.00,12.57,11-05-23-10-47-31-097
15.04,-52.78,666.00,13.25,11-05-23-10-47-31-131
15.06,-53.73,666.00,14.17,11-05-23-10-47-31-167
14.95,-54.37,666.00,15.32,11-05-23-10-47-31-195
14.72,-55.00,666.00,16.36,11-05-23-10-47-31-231
14.40,-55.47,666.00,19.46,11-05-23-10-47-31-263
14.00,-55.72,666.00,20.67,11-05-23-10-47-31-296
13.53,-55.76,666.00,21.14,11-05-23-10-47-31-340
12.92,-55.29,666.00,21.23,11-05-23-10-47-31-362
12.11,-54.06,666.00,25.24,11-05-23-10-47-31-396
11.01,-51.37,666.00,25.30,11-05-23-10-47-31-431
9.37,-44.95,666.00,22.97,11-05-23-10-47-31-468
7.78,-33.62,666.00,20.47,11-05-23-10-47-31-497
6.62,-12.05,666.00,17.89,11-05-23-10-47-31-528
6.61,10.92,666.00,18.36,11-05-23-10-47-31-564
7.69,32.07,666.00,19.34,11-05-23-10-47-31-595
9.41,45.81,666.00,21.18,11-05-23-10-47-31-629
12.16,56.34,666.00,23.75,11-05-23-10-47-31-663
14.70,62.46,666.00,28.98,11-05-23-10-47-31-698
22.95,71.12,666.00,21.91,11-05-23-10-47-31-731
29.20,73.96,666.00,20.77,11-05-23-10-47-31-761
38.16,75.68,666.00,14.56,11-05-23-10-47-31-800
43.34,75.95,666.00,15.37,11-05-23-10-47-31-830
51.29,76.92,666.00,11.65,11-05-23-10-47-31-864
54.01,76.49,666.00,16.95,11-05-23-10-47-31-899
55.65,75.61,666.00,27.65,11-05-23-10-47-31-927
64.56,77.92,666.00,17.58,11-05-23-10-47-31-965
66.98,77.70,666.00,21.78,11-05-23-10-47-31-995
68.81,77.13,666.00,21.63,11-05-23-10-47-32-033
69.29,77.03,666.00,21.76,11-05-23-10-47-32-062
53.76,79.38,16.31,35.36,11-05-23-10-47-32-102
51.57,79.65,17.65,37.01,11-05-23-10-47-32-127
53.04,80.04,19.08,38.91,11-05-23-10-47-32-162
55.76,80.03,20.49,37.85,11-05-23-10-47-32-196
57.93,79.54,21.26,36.44,11-05-23-10-47-32-230
59.61,78.87,21.57,35.23,11-05-23-10-47-32-263
60.80,78.21,21.59,34.44,11-05-23-10-47-32-299
61.66,77.62,21.54,33.97,11-05-23-10-47-32-330
62.39,76.65,20.95,33.42,11-05-23-10-47-32-363
62.93,75.85,20.53,33.02,11-05-23-10-47-32-403
63.32,75.23,20.29,32.70,11-05-23-10-47-32-430
63.59,74.68,20.07,32.42,11-05-23-10-47-32-462
63.73,74.15,19.77,32.21,11-05-23-10-47-32-497
63.74,73.62,19.40,32.06,11-05-23-10-47-32-529
63.66,73.09,18.93,32.00,11-05-23-10-47-32-562
63.51,72.61,18.48,32.02,11-05-23-10-47-32-597
63.34,72.18,18.10,32.06,11-05-23-10-47-32-630
63.22,71.75,17.63,32.07,11-05-23-10-47-32-665
63.13,71.35,17.19,32.06,11-05-23-10-47-32-705
63.05,71.02,16.85,32.06,11-05-23-10-47-32-729
62.96,70.75,16.60,32.07,11-05-23-10-47-32-765
62.87,70.54,16.43,32.09,11-05-23-10-47-32-798
62.77,70.39,16.31,32.13,11-05-23-10-47-32-829
62.67,70.28,16.23,32.16,11-05-23-10-47-32-864
62.56,70.24,16.21,32.21,11-05-23-10-47-32-899
62.45,70.24,16.23,32.25,11-05-23-10-47-32-931
62.35,70.27,16.25,32.29,11-05-23-10-47-32-965
62.21,70.35,16.32,32.37,11-05-23-10-47-32-998
62.06,70.44,16.40,32.45,11-05-23-10-47-33-030
61.93,70.54,16.50,32.52,11-05-23-10-47-33-064
61.79,70.69,16.55,32.59,11-05-23-10-47-33-098
61.66,70.84,16.61,32.65,11-05-23-10-47-33-130
61.53,70.99,16.66,32.70,11-05-23-10-47-33-169
61.42,71.15,16.70,32.75,11-05-23-10-47-33-197
61.30,71.30,16.74,32.79,11-05-23-10-47-33-227
61.18,71.45,16.77,32.84,11-05-23-10-47-33-265
61.06,71.59,16.81,32.89,11-05-23-10-47-33-297
60.95,71.73,16.85,32.93,11-05-23-10-47-33-329
60.81,71.88,16.90,33.00,11-05-23-10-47-33-364
81.35,69.73,666.00,8.85,11-05-23-10-47-33-398
68.69,71.54,666.00,17.38,11-05-23-10-47-33-429
66.07,72.09,666.00,22.24,11-05-23-10-47-33-473
62.18,72.80,666.00,29.36,11-05-23-10-47-33-500
60.25,73.22,18.59,32.77,11-05-23-10-47-33-531
59.14,73.52,18.75,34.71,11-05-23-10-47-33-563
58.41,73.75,18.84,35.95,11-05-23-10-47-33-600
57.92,73.83,18.78,36.80,11-05-23-10-47-33-630
57.67,73.79,18.64,37.22,11-05-23-10-47-33-664
57.64,73.49,18.30,37.25,11-05-23-10-47-33-700
57.78,73.12,17.90,37.00,11-05-23-10-47-33-730
58.03,72.81,17.55,36.56,11-05-23-10-47-33-773
58.59,72.52,17.23,35.68,11-05-23-10-47-33-799
59.11,72.28,16.93,34.93,11-05-23-10-47-33-830
59.59,72.03,16.62,34.28,11-05-23-10-47-33-864
60.15,71.82,16.28,33.56,11-05-23-10-47-33-898
60.68,71.62,15.89,32.92,11-05-23-10-47-33-930
61.11,71.42,15.51,32.45,11-05-23-10-47-33-964
61.43,71.23,15.17,32.12,11-05-23-10-47-33-996
61.68,71.06,14.91,31.89,11-05-23-10-47-34-030
61.85,70.90,14.71,31.71,11-05-23-10-47-34-063
61.94,70.76,14.58,31.62,11-05-23-10-47-34-097
61.79,70.61,14.42,31.71,11-05-23-10-47-34-133
79.94,68.09,666.00,7.97,11-05-23-10-47-34-166
85.64,66.97,666.00,25.63,11-05-23-10-47-34-197
63.09,67.73,666.00,20.25,11-05-23-10-47-34-233
73.56,66.21,666.00,5.95,11-05-23-10-47-34-265
59.05,66.21,666.00,22.07,11-05-23-10-47-34-297
47.14,66.19,18.05,43.80,11-05-23-10-47-34-331
40.86,66.32,23.95,49.85,11-05-23-10-47-34-371
48.32,57.44,10.84,34.11,11-05-23-10-47-34-398
50.84,54.13,666.00,24.60,11-05-23-10-47-34-429
51.83,52.97,666.00,13.70,11-05-23-10-47-34-464
51.22,51.54,666.00,9.91,11-05-23-10-47-34-496
43.97,49.20,666.00,11.23,11-05-23-10-47-34-540
41.11,48.18,666.00,10.94,11-05-23-10-47-34-561
32.30,44.21,666.00,16.39,11-05-23-10-47-34-598
28.08,41.97,666.00,18.20,11-05-23-10-47-34-631
24.09,39.13,666.00,17.49,11-05-23-10-47-34-664
21.84,37.19,666.00,15.84,11-05-23-10-47-34-695
19.01,32.88,666.00,15.66,11-05-23-10-47-34-732
16.31,26.27,666.00,18.38,11-05-23-10-47-34-764
14.80,21.89,666.00,17.06,11-05-23-10-47-34-796
13.80,18.16,666.00,16.25,11-05-23-10-47-34-840
12.96,13.89,666.00,15.42,11-05-23-10-47-34-865
12.36,10.68,666.00,14.69,11-05-23-10-47-34-900
11.79,7.05,666.00,14.13,11-05-23-10-47-34-931
11.32,3.35,666.00,14.06,11-05-23-10-47-34-963
10.92,-1.22,666.00,14.76,11-05-23-10-47-34-996
10.65,-4.95,666.00,15.41,11-05-23-10-47-35-033
10.48,-7.94,666.00,16.07,11-05-23-10-47-35-064
10.36,-10.26,666.00,16.68,11-05-23-10-47-35-097
10.27,-12.10,666.00,17.22,11-05-23-10-47-35-139
10.19,-13.25,666.00,17.65,11-05-23-10-47-35-168
10.11,-13.84,666.00,18.05,11-05-23-10-47-35-197
10.01,-14.07,666.00,18.51,11-05-23-10-47-35-232
9.93,-14.04,666.00,19.29,11-05-23-10-47-35-264
9.83,-13.80,666.00,20.26,11-05-23-10-47-35-296
9.74,-13.45,666.00,21.24,11-05-23-10-47-35-331
9.67,-13.00,666.00,22.18,11-05-23-10-47-35-365
9.60,-12.38,666.00,22.80,11-05-23-10-47-35-396
9.54,-11.41,666.00,23.10,11-05-23-10-47-35-439
9.49,-10.39,666.00,23.22,11-05-23-10-47-35-466
9.43,-9.33,666.00,23.22,11-05-23-10-47-35-496
9.37,-8.27,666.00,23.15,11-05-23-10-47-35-533
9.32,-7.33,666.00,23.06,11-05-23-10-47-35-562
9.28,-6.50,666.00,22.96,11-05-23-10-47-35-598
9.24,-5.71,666.00,22.85,11-05-23-10-47-35-632
9.21,-4.98,666.00,22.73,11-05-23-10-47-35-664
9.18,-4.21,666.00,22.59,11-05-23-10-47-35-697
9.16,-3.45,666.00,22.44,11-05-23-10-47-35-731
9.15,-2.68,666.00,22.30,11-05-23-10-47-35-764
9.14,-1.79,666.00,22.18,11-05-23-10-47-35-797
9.15,-0.74,666.00,22.29,11-05-23-10-47-35-831
9.19,0.78,666.00,22.45,11-05-23-10-47-35-862
9.25,2.71,666.00,23.12,11-05-23-10-47-35-904
9.33,5.02,666.00,23.95,11-05-23-10-47-35-930
9.44,7.23,666.00,25.24,11-05-23-10-47-35-961
9.60,10.03,666.00,26.13,11-05-23-10-47-35-999
9.81,13.12,666.00,26.43,11-05-23-10-47-36-031
10.00,15.51,666.00,26.65,11-05-23-10-47-36-064
10.19,17.72,666.00,27.57,11-05-23-10-47-36-099
10.36,19.51,666.00,29.00,11-05-23-10-47-36-131
10.51,20.91,3.02,33.18,11-05-23-10-47-36-166
10.62,21.33,3.11,37.69,11-05-23-10-47-36-205
10.69,18.36,3.67,44.64,11-05-23-10-47-36-230
10.64,8.49,3.76,51.09,11-05-23-10-47-36-262
10.89,-3.78,5.96,59.99,11-05-23-10-47-36-296
11.38,-9.97,8.94,66.63,11-05-23-10-47-36-330
11.80,-12.88,10.11,69.85,11-05-23-10-47-36-364
12.43,-12.77,10.13,71.41,11-05-23-10-47-36-397
13.11,-11.19,9.69,72.88,11-05-23-10-47-36-431
13.70,-13.22,8.48,78.86,11-05-23-10-47-36-464
14.31,-16.12,7.52,84.09,11-05-23-10-47-36-504
14.07,-23.39,10.73,97.25,11-05-23-10-47-36-531
14.54,3.01,11.79,106.84,11-05-23-10-47-36-563
15.39,13.56,14.65,114.65,11-05-23-10-47-36-597
15.82,16.70,16.65,122.98,11-05-23-10-47-36-632
15.98,19.24,18.05,127.91,11-05-23-10-47-36-662
12.77,-7.61,20.91,136.77,11-05-23-10-47-36-698
20.24,40.38,18.49,130.99,11-05-23-10-47-36-732
19.46,43.62,19.21,132.52,11-05-23-10-47-36-764
19.44,46.98,19.58,132.75,11-05-23-10-47-36-794
18.15,47.53,20.34,133.41,11-05-23-10-47-36-832
15.50,44.60,20.24,133.53,11-05-23-10-47-36-866
13.63,39.14,18.14,128.51,11-05-23-10-47-36-895
11.40,20.11,14.55,120.78,11-05-23-10-47-36-933
10.73,7.93,13.23,110.70,11-05-23-10-47-36-968
10.52,1.89,10.68,97.80,11-05-23-10-47-36-995
10.70,-6.21,9.84,94.44,11-05-23-10-47-37-031
16.76,-26.87,8.76,97.58,11-05-23-10-47-37-064
19.43,-30.66,5.30,84.64,11-05-23-10-47-37-096
20.96,-28.37,0.33,70.49,11-05-23-10-47-37-133
21.68,-25.95,-5.38,57.12,11-05-23-10-47-37-163
21.77,-23.33,-10.89,47.73,11-05-23-10-47-37-197
20.40,-17.95,-14.31,40.80,11-05-23-10-47-37-232
18.68,-12.88,-16.69,34.20,11-05-23-10-47-37-265
16.69,-10.09,-14.68,30.20,11-05-23-10-47-37-297
15.17,-7.96,666.00,27.15,11-05-23-10-47-37-331
14.04,-6.81,666.00,24.45,11-05-23-10-47-37-363
13.13,-6.41,666.00,22.20,11-05-23-10-47-37-397
12.41,-6.93,666.00,20.58,11-05-23-10-47-37-431
11.89,-7.92,666.00,19.72,11-05-23-10-47-37-466
11.46,-9.42,666.00,19.35,11-05-23-10-47-37-497
11.10,-11.89,666.00,19.64,11-05-23-10-47-37-530
10.85,-13.95,666.00,20.12,11-05-23-10-47-37-574
10.65,-15.90,666.00,20.73,11-05-23-10-47-37-598
10.51,-17.55,666.00,21.40,11-05-23-10-47-37-631
10.37,-18.77,666.00,22.54,11-05-23-10-47-37-662
10.13,-19.76,666.00,24.11,11-05-23-10-47-37-693
9.83,-20.65,666.00,25.95,11-05-23-10-47-37-734
9.52,-21.49,666.00,28.06,11-05-23-10-47-37-761
9.23,-22.29,0.05,30.38,11-05-23-10-47-37-797
8.93,-22.86,-1.15,32.60,11-05-23-10-47-37-832
8.57,-22.88,-1.87,34.07,11-05-23-10-47-37-877
8.25,-22.75,-2.23,34.90,11-05-23-10-47-37-894
7.93,-22.28,-2.43,35.22,11-05-23-10-47-37-930
7.59,-21.12,-2.52,35.01,11-05-23-10-47-37-963
7.24,-19.47,-2.52,34.56,11-05-23-10-47-37-996
6.97,-18.16,-2.51,34.12,11-05-23-10-47-38-033
6.77,-17.12,-2.45,33.57,11-05-23-10-47-38-062
6.64,-16.52,-2.42,33.07,11-05-23-10-47-38-096
6.50,-15.06,-2.36,32.38,11-05-23-10-47-38-131
6.39,-13.95,-2.39,31.80,11-05-23-10-47-38-165
6.36,-13.81,-2.65,31.39,11-05-23-10-47-38-195
6.34,-14.50,-2.86,31.12,11-05-23-10-47-38-231
6.35,-15.48,-3.03,30.89,11-05-23-10-47-38-264
6.39,-16.61,-3.09,30.65,11-05-23-10-47-38-294
6.50,-18.72,-3.22,30.57,11-05-23-10-47-38-338
6.63,-21.11,-3.09,30.55,11-05-23-10-47-38-362
6.80,-23.44,-2.84,30.46,11-05-23-10-47-38-398
7.04,-26.14,-2.37,30.42,11-05-23-10-47-38-430
7.34,-28.93,-2.04,30.48,11-05-23-10-47-38-465
7.65,-31.52,-1.67,30.50,11-05-23-10-47-38-498
7.93,-33.78,-1.25,30.45,11-05-23-10-47-38-529
8.21,-35.90,-0.84,30.42,11-05-23-10-47-38-564
8.50,-37.66,-0.55,30.42,11-05-23-10-47-38-600
8.75,-39.04,-0.35,30.41,11-05-23-10-47-38-639
8.90,-39.94,-0.25,30.32,11-05-23-10-47-38-663
8.97,-40.29,-0.29,30.17,11-05-23-10-47-38-698
9.01,-40.28,-0.68,30.02,11-05-23-10-47-38-729
9.01,-40.48,666.00,29.95,11-05-23-10-47-38-764
9.01,-40.76,666.00,29.93,11-05-23-10-47-38-796
9.06,-41.48,-1.61,30.09,11-05-23-10-47-38-834
9.14,-42.50,-1.88,30.36,11-05-23-10-47-38-864
9.25,-43.79,-2.16,30.71,11-05-23-10-47-38-901
9.37,-45.24,-2.44,31.08,11-05-23-10-47-38-941
9.49,-46.66,-2.64,31.42,11-05-23-10-47-38-966
9.59,-48.02,-2.84,31.69,11-05-23-10-47-38-997
9.67,-49.29,-3.03,31.90,11-05-23-10-47-39-034
9.75,-50.33,-3.24,31.99,11-05-23-10-47-39-065
9.82,-51.41,-3.44,31.94,11-05-23-10-47-39-100
9.88,-52.39,-3.75,31.70,11-05-23-10-47-39-132
9.97,-53.51,-3.99,31.04,11-05-23-10-47-39-165
10.23,-54.90,-4.18,30.61,11-05-23-10-47-39-196
10.57,-56.05,-4.33,30.47,11-05-23-10-47-39-233
10.92,-57.07,-4.38,30.36,11-05-23-10-47-39-265
11.26,-58.23,-4.22,30.36,11-05-23-10-47-39-299
11.54,-59.25,-4.09,30.43,11-05-23-10-47-39-330
11.90,-60.44,-3.95,30.72,11-05-23-10-47-39-363
12.23,-61.28,-3.99,31.05,11-05-23-10-47-39-406
12.61,-61.97,-4.09,31.63,11-05-23-10-47-39-429
12.97,-62.56,-4.22,32.28,11-05-23-10-47-39-464
13.22,-62.98,-4.32,32.73,11-05-23-10-47-39-499
13.35,-63.19,-4.42,33.02,11-05-23-10-47-39-529
13.32,-63.00,-4.52,33.17,11-05-23-10-47-39-561
13.17,-62.49,-4.62,33.18,11-05-23-10-47-39-598
12.93,-61.74,-4.70,33.08,11-05-23-10-47-39-632
12.64,-60.79,-4.82,32.90,11-05-23-10-47-39-664
12.28,-59.69,-4.95,32.62,11-05-23-10-47-39-707
11.89,-58.40,-5.10,32.27,11-05-23-10-47-39-733
11.53,-57.05,-5.20,31.97,11-05-23-10-47-39-764
11.18,-55.66,-5.29,31.69,11-05-23-10-47-39-797
10.88,-54.33,-5.52,31.67,11-05-23-10-47-39-832
10.63,-53.07,-5.76,31.71,11-05-23-10-47-39-865
10.38,-51.73,-5.90,31.70,11-05-23-10-47-39-896
10.15,-50.40,-5.98,31.70,11-05-23-10-47-39-945
9.96,-49.23,-6.01,31.73,11-05-23-10-47-39-972
9.81,-48.26,-5.99,31.82,11-05-23-10-47-40-011
9.69,-47.40,-5.95,31.89,11-05-23-10-47-40-030
9.60,-46.67,-5.89,31.95,11-05-23-10-47-40-072
9.52,-45.98,-5.80,32.01,11-05-23-10-47-40-103
9.40,-45.17,-5.72,31.99,11-05-23-10-47-40-131
9.28,-44.32,-5.64,31.91,11-05-23-10-47-40-164
9.15,-43.50,-5.55,31.82,11-05-23-10-47-40-198
9.02,-42.69,-5.43,31.70,11-05-23-10-47-40-233
8.90,-42.00,-5.26,31.60,11-05-23-10-47-40-266
8.85,-41.61,-4.98,31.55,11-05-23-10-47-40-296
8.84,-41.25,-4.76,31.53,11-05-23-10-47-40-330
8.84,-40.95,-4.48,31.50,11-05-23-10-47-40-360
8.84,-40.76,-4.13,31.45,11-05-23-10-47-40-397
8.84,-40.61,-3.74,31.38,11-05-23-10-47-40-437
8.86,-40.51,-3.38,31.32,11-05-23-10-47-40-469
8.88,-40.43,-3.04,31.25,11-05-23-10-47-40-497
8.89,-40.39,-2.73,31.19,11-05-23-10-47-40-531
8.91,-40.36,-2.46,31.15,11-05-23-10-47-40-565
8.96,-40.30,-2.30,31.17,11-05-23-10-47-40-596
9.03,-40.35,-2.19,31.23,11-05-23-10-47-40-631
9.09,-40.42,-2.11,31.30,11-05-23-10-47-40-662
9.17,-40.59,-2.07,31.41,11-05-23-10-47-40-694
9.24,-40.79,-2.01,31.52,11-05-23-10-47-40-730
9.30,-41.03,-1.94,31.63,11-05-23-10-47-40-773
9.35,-41.25,-1.90,31.74,11-05-23-10-47-40-796
9.39,-41.44,-1.85,31.84,11-05-23-10-47-40-829
9.41,-41.61,-1.82,31.92,11-05-23-10-47-40-863
9.43,-41.79,-1.79,32.02,11-05-23-10-47-40-897
9.43,-41.98,-1.75,32.10,11-05-23-10-47-40-928
9.40,-42.10,-1.71,32.16,11-05-23-10-47-40-964
9.38,-42.24,-1.66,32.22,11-05-23-10-47-40-997
9.34,-42.36,-1.61,32.26,11-05-23-10-47-41-029
9.29,-42.38,-1.59,32.28,11-05-23-10-47-41-062
9.24,-42.44,-1.55,32.31,11-05-23-10-47-41-097
9.17,-42.39,-1.52,32.30,11-05-23-10-47-41-131
9.09,-42.24,-1.47,32.28,11-05-23-10-47-41-166
9.01,-42.20,-1.38,32.28,11-05-23-10-47-41-194
8.92,-42.07,-1.31,32.25,11-05-23-10-47-41-246
8.82,-41.84,-1.22,32.21,11-05-23-10-47-41-261
8.72,-41.56,-1.14,32.17,11-05-23-10-47-41-295
8.60,-41.24,-1.06,32.11,11-05-23-10-47-41-331
8.47,-40.76,-1.00,32.03,11-05-23-10-47-41-365
8.34,-40.21,-0.95,31.93,11-05-23-10-47-41-399
8.21,-39.60,-0.91,31.81,11-05-23-10-47-41-438
8.10,-38.99,-0.90,31.69,11-05-23-10-47-41-468
8.00,-38.37,-0.96,31.56,11-05-23-10-47-41-495
7.91,-37.71,-1.03,31.42,11-05-23-10-47-41-531
7.83,-37.05,-1.13,31.29,11-05-23-10-47-41-562
7.77,-36.35,-1.26,31.16,11-05-23-10-47-41-598
7.72,-35.68,-1.42,31.05,11-05-23-10-47-41-630
7.68,-34.92,-1.60,30.94,11-05-23-10-47-41-664
7.66,-34.17,-1.76,30.83,11-05-23-10-47-41-701
7.64,-33.44,-1.88,30.73,11-05-23-10-47-41-729
7.62,-32.79,-1.91,30.63,11-05-23-10-47-41-763
7.59,-32.14,-1.92,30.55,11-05-23-10-47-41-796
7.54,-31.57,-1.92,30.49,11-05-23-10-47-41-829
7.47,-31.36,-1.86,30.50,11-05-23-10-47-41-864
7.41,-31.16,-1.78,30.48,11-05-23-10-47-41-897
7.32,-30.99,-1.63,30.43,11-05-23-10-47-41-928
7.23,-30.78,-1.40,30.34,11-05-23-10-47-41-963
7.15,-30.61,-1.19,30.29,11-05-23-10-47-42-002
7.06,-30.45,-1.01,30.26,11-05-23-10-47-42-032
6.98,-30.28,-0.82,30.25,11-05-23-10-47-42-063
6.90,-30.10,-0.62,30.22,11-05-23-10-47-42-098
6.83,-29.85,-0.40,30.20,11-05-23-10-47-42-132
6.78,-29.57,-0.17,30.17,11-05-23-10-47-42-164
6.74,-29.30,0.09,30.14,11-05-23-10-47-42-196
6.71,-29.02,0.37,30.10,11-05-23-10-47-42-229
6.67,-28.74,0.65,30.06,11-05-23-10-47-42-264
6.64,-28.46,666.00,30.00,11-05-23-10-47-42-307
6.62,-28.18,666.00,29.94,11-05-23-10-47-42-328
6.58,-27.90,666.00,29.87,11-05-23-10-47-42-362
