14.16,18.79,666.00,20.58,28-04-23-08-23-12-904
14.12,18.98,666.00,20.53,28-04-23-08-23-12-922
14.06,18.93,666.00,20.54,28-04-23-08-23-12-951
14.02,19.04,666.00,20.52,28-04-23-08-23-12-984
13.97,19.14,666.00,20.49,28-04-23-08-23-13-018
13.92,19.18,666.00,20.48,28-04-23-08-23-13-051
13.89,20.52,666.00,20.18,28-04-23-08-23-13-084
13.90,21.47,666.00,19.99,28-04-23-08-23-13-121
13.90,21.82,666.00,19.92,28-04-23-08-23-13-155
13.90,22.06,666.00,19.88,28-04-23-08-23-13-184
13.90,22.21,666.00,19.85,28-04-23-08-23-13-220
13.89,22.33,666.00,19.83,28-04-23-08-23-13-256
13.89,22.47,666.00,19.81,28-04-23-08-23-13-285
13.88,22.56,666.00,19.79,28-04-23-08-23-13-322
13.87,22.63,666.00,19.78,28-04-23-08-23-13-354
13.87,22.58,666.00,19.80,28-04-23-08-23-13-390
13.85,22.57,666.00,19.81,28-04-23-08-23-13-420
13.83,22.55,666.00,19.83,28-04-23-08-23-13-451
13.82,22.52,666.00,19.85,28-04-23-08-23-13-485
13.80,22.50,666.00,19.86,28-04-23-08-23-13-521
13.80,22.30,666.00,19.92,28-04-23-08-23-13-554
13.80,22.10,666.00,19.97,28-04-23-08-23-13-585
13.81,21.99,666.00,20.02,28-04-23-08-23-13-621
13.82,21.87,666.00,20.06,28-04-23-08-23-13-653
13.83,21.72,666.00,20.10,28-04-23-08-23-13-689
13.83,21.56,666.00,20.13,28-04-23-08-23-13-721
13.84,21.42,666.00,20.16,28-04-23-08-23-13-750
13.84,21.27,666.00,20.19,28-04-23-08-23-13-784
13.84,21.06,666.00,20.23,28-04-23-08-23-13-821
13.83,20.91,666.00,20.26,28-04-23-08-23-13-855
13.82,20.77,666.00,20.30,28-04-23-08-23-13-884
13.80,20.63,666.00,20.34,28-04-23-08-23-13-920
13.79,20.47,666.00,20.39,28-04-23-08-23-13-953
13.77,20.32,666.00,20.43,28-04-23-08-23-13-985
13.75,20.13,666.00,20.48,28-04-23-08-23-14-023
13.73,19.96,666.00,20.52,28-04-23-08-23-14-054
13.69,19.72,666.00,20.52,28-04-23-08-23-14-088
13.61,19.32,666.00,20.51,28-04-23-08-23-14-121
13.53,18.71,666.00,20.37,28-04-23-08-23-14-154
13.47,18.00,666.00,20.10,28-04-23-08-23-14-186
13.37,17.25,666.00,19.72,28-04-23-08-23-14-221
13.29,16.50,666.00,19.31,28-04-23-08-23-14-255
13.10,15.15,666.00,16.84,28-04-23-08-23-14-286
12.88,13.42,666.00,14.69,28-04-23-08-23-14-329
12.78,11.16,666.00,11.99,28-04-23-08-23-14-354
12.87,6.09,666.00,12.04,28-04-23-08-23-14-386
13.14,1.17,666.00,14.34,28-04-23-08-23-14-421
13.75,-1.66,666.00,17.64,28-04-23-08-23-14-452
15.69,-2.56,666.00,21.24,28-04-23-08-23-14-487
20.05,1.60,666.00,18.76,28-04-23-08-23-14-519
23.77,3.94,666.00,17.78,28-04-23-08-23-14-554
27.40,5.38,666.00,19.18,28-04-23-08-23-14-587
31.60,6.21,666.00,17.62,28-04-23-08-23-14-619
38.60,7.38,666.00,11.87,28-04-23-08-23-14-654
42.55,7.82,666.00,12.82,28-04-23-08-23-14-686
46.89,8.16,666.00,11.36,28-04-23-08-23-14-719
51.13,8.36,666.00,9.50,28-04-23-08-23-14-751
54.30,8.09,666.00,9.81,28-04-23-08-23-14-786
58.37,8.12,666.00,9.98,28-04-23-08-23-14-822
61.70,7.95,666.00,10.68,28-04-23-08-23-14-852
65.52,7.69,666.00,11.48,28-04-23-08-23-14-887
69.62,7.31,666.00,11.75,28-04-23-08-23-14-921
74.00,7.10,666.00,11.03,28-04-23-08-23-14-955
78.67,7.28,666.00,10.91,28-04-23-08-23-14-983
81.47,7.29,666.00,10.70,28-04-23-08-23-15-019
84.47,7.25,666.00,9.95,28-04-23-08-23-15-054
86.70,7.14,666.00,9.63,28-04-23-08-23-15-085
88.46,6.73,666.00,9.64,28-04-23-08-23-15-119
91.39,6.34,666.00,9.37,28-04-23-08-23-15-153
96.04,5.97,666.00,9.37,28-04-23-08-23-15-187
98.90,5.55,666.00,9.25,28-04-23-08-23-15-221
101.82,5.02,666.00,9.36,28-04-23-08-23-15-256
103.75,4.64,666.00,9.76,28-04-23-08-23-15-285
106.88,3.39,666.00,11.87,28-04-23-08-23-15-320
109.81,2.42,666.00,12.75,28-04-23-08-23-15-355
112.97,2.01,666.00,12.32,28-04-23-08-23-15-389
116.90,2.02,666.00,11.04,28-04-23-08-23-15-424
119.11,2.04,666.00,11.60,28-04-23-08-23-15-454
121.08,1.59,666.00,14.47,28-04-23-08-23-15-486
126.68,0.02,666.00,9.97,28-04-23-08-23-15-519
129.35,-0.31,666.00,9.60,28-04-23-08-23-15-555
131.87,-0.65,666.00,9.78,28-04-23-08-23-15-588
130.10,2.06,666.00,11.93,28-04-23-08-23-15-620
131.65,2.19,666.00,14.29,28-04-23-08-23-15-655
133.38,2.40,666.00,14.44,28-04-23-08-23-15-686
135.34,2.26,666.00,15.15,28-04-23-08-23-15-720
137.45,2.16,666.00,15.75,28-04-23-08-23-15-751
139.86,2.22,666.00,16.75,28-04-23-08-23-15-784
142.50,2.30,666.00,15.49,28-04-23-08-23-15-819
145.03,2.36,666.00,14.55,28-04-23-08-23-15-854
147.49,2.11,666.00,12.94,28-04-23-08-23-15-887
148.09,-4.48,666.00,15.86,28-04-23-08-23-15-921
152.62,2.15,666.00,10.29,28-04-23-08-23-15-955
154.46,5.72,666.00,10.27,28-04-23-08-23-15-984
152.51,0.59,666.00,14.81,28-04-23-08-23-16-019
156.83,9.19,666.00,11.56,28-04-23-08-23-16-054
156.11,2.50,666.00,12.34,28-04-23-08-23-16-086
160.82,15.36,666.00,13.08,28-04-23-08-23-16-120
156.65,2.92,666.00,20.13,28-04-23-08-23-16-153
162.20,13.75,666.00,14.94,28-04-23-08-23-16-184
162.57,10.02,666.00,18.02,28-04-23-08-23-16-220
157.53,1.31,666.00,25.25,28-04-23-08-23-16-252
162.55,4.09,666.00,21.43,28-04-23-08-23-16-289
162.18,1.25,666.00,23.20,28-04-23-08-23-16-320
161.99,-1.29,666.00,23.05,28-04-23-08-23-16-352
161.69,-3.59,666.00,24.64,28-04-23-08-23-16-388
161.39,-5.94,666.00,26.15,28-04-23-08-23-16-422
160.87,-9.57,666.00,28.45,28-04-23-08-23-16-452
160.84,-10.68,-95.51,30.38,28-04-23-08-23-16-486
160.95,-11.51,-93.73,31.89,28-04-23-08-23-16-520
161.57,-11.37,-91.08,32.40,28-04-23-08-23-16-552
162.03,-11.08,-89.08,32.78,28-04-23-08-23-16-587
162.37,-10.67,-87.41,33.22,28-04-23-08-23-16-620
163.00,-10.48,-86.04,32.71,28-04-23-08-23-16-652
165.42,2.91,-78.91,34.20,28-04-23-08-23-16-686
167.14,32.68,-66.88,32.08,28-04-23-08-23-16-719
167.30,39.74,666.00,29.14,28-04-23-08-23-16-753
167.45,41.95,666.00,27.68,28-04-23-08-23-16-787
167.79,39.49,666.00,22.11,28-04-23-08-23-16-822
168.19,22.41,666.00,18.58,28-04-23-08-23-16-852
167.40,11.82,666.00,11.71,28-04-23-08-23-16-887
166.56,6.78,666.00,7.98,28-04-23-08-23-16-919
165.74,3.06,666.00,5.01,28-04-23-08-23-16-951
165.81,15.78,666.00,3.24,28-04-23-08-23-16-986
162.60,47.73,666.00,10.48,28-04-23-08-23-17-021
154.19,70.53,666.00,19.95,28-04-23-08-23-17-053
151.67,70.68,666.00,22.05,28-04-23-08-23-17-088
155.69,13.17,666.00,14.34,28-04-23-08-23-17-122
153.32,6.96,666.00,14.50,28-04-23-08-23-17-153
148.86,-5.10,666.00,17.46,28-04-23-08-23-17-188
152.65,-5.50,666.00,11.08,28-04-23-08-23-17-219
144.66,-11.00,666.00,16.43,28-04-23-08-23-17-254
144.27,-9.79,666.00,12.72,28-04-23-08-23-17-286
144.55,-8.21,666.00,10.90,28-04-23-08-23-17-319
145.27,-5.66,666.00,7.96,28-04-23-08-23-17-353
145.20,-3.26,666.00,6.81,28-04-23-08-23-17-389
143.72,-2.61,666.00,5.19,28-04-23-08-23-17-421
142.30,-2.81,666.00,6.23,28-04-23-08-23-17-454
139.13,-2.75,666.00,9.84,28-04-23-08-23-17-486
137.31,-3.04,666.00,10.00,28-04-23-08-23-17-521
135.74,-3.58,666.00,10.10,28-04-23-08-23-17-555
134.91,-3.42,666.00,6.35,28-04-23-08-23-17-585
132.98,-3.43,666.00,7.10,28-04-23-08-23-17-621
131.71,-3.24,666.00,6.82,28-04-23-08-23-17-654
130.77,-3.00,666.00,5.60,28-04-23-08-23-17-684
129.72,-2.55,666.00,2.30,28-04-23-08-23-17-720
128.70,-2.32,666.00,2.88,28-04-23-08-23-17-754
125.83,-2.10,666.00,2.01,28-04-23-08-23-17-786
119.93,-1.00,666.00,4.94,28-04-23-08-23-17-824
117.36,-0.44,666.00,2.73,28-04-23-08-23-17-852
116.11,-0.35,666.00,2.15,28-04-23-08-23-17-885
116.00,-0.84,666.00,1.45,28-04-23-08-23-17-921
116.61,-1.88,666.00,5.00,28-04-23-08-23-17-951
115.52,-2.68,666.00,4.88,28-04-23-08-23-17-985
114.25,-3.26,666.00,5.92,28-04-23-08-23-18-019
110.25,-3.27,666.00,6.26,28-04-23-08-23-18-053
109.84,-6.25,666.00,10.74,28-04-23-08-23-18-087
105.35,-7.80,666.00,9.75,28-04-23-08-23-18-118
100.83,-8.62,666.00,8.77,28-04-23-08-23-18-153
95.46,-6.59,666.00,6.26,28-04-23-08-23-18-185
89.82,-7.66,666.00,9.33,28-04-23-08-23-18-219
87.95,-7.85,666.00,12.00,28-04-23-08-23-18-255
85.52,-8.91,666.00,15.20,28-04-23-08-23-18-286
81.85,-7.75,666.00,15.86,28-04-23-08-23-18-321
76.25,-11.58,666.00,20.58,28-04-23-08-23-18-353
72.61,-13.59,666.00,24.30,28-04-23-08-23-18-387
68.73,-10.48,666.00,17.78,28-04-23-08-23-18-419
65.54,-9.64,666.00,15.57,28-04-23-08-23-18-454
62.99,-8.79,666.00,14.26,28-04-23-08-23-18-490
61.05,-8.02,666.00,12.70,28-04-23-08-23-18-519
58.25,-8.47,666.00,12.18,28-04-23-08-23-18-553
55.47,-9.07,666.00,13.60,28-04-23-08-23-18-587
49.64,-8.45,666.00,9.91,28-04-23-08-23-18-619
45.28,-9.36,666.00,11.94,28-04-23-08-23-18-654
43.11,-9.15,666.00,9.81,28-04-23-08-23-18-686
41.51,-9.07,666.00,9.23,28-04-23-08-23-18-719
39.08,-10.74,666.00,11.18,28-04-23-08-23-18-753
37.53,-11.88,666.00,12.65,28-04-23-08-23-18-783
36.37,-12.59,666.00,13.55,28-04-23-08-23-18-819
34.76,-14.83,666.00,15.93,28-04-23-08-23-18-853
33.49,-16.33,666.00,17.15,28-04-23-08-23-18-889
32.05,-18.64,666.00,19.25,28-04-23-08-23-18-919
30.88,-19.89,666.00,20.11,28-04-23-08-23-18-954
29.83,-20.97,666.00,20.92,28-04-23-08-23-18-985
27.22,-24.47,666.00,23.38,28-04-23-08-23-19-020
25.79,-26.37,666.00,23.79,28-04-23-08-23-19-055
23.81,-26.42,666.00,21.30,28-04-23-08-23-19-086
22.47,-26.29,666.00,20.01,28-04-23-08-23-19-119
21.62,-26.13,666.00,19.35,28-04-23-08-23-19-154
20.89,-25.83,666.00,18.79,28-04-23-08-23-19-185
20.27,-25.39,666.00,18.31,28-04-23-08-23-19-220
19.82,-24.91,666.00,18.23,28-04-23-08-23-19-254
19.48,-24.43,666.00,18.41,28-04-23-08-23-19-287
18.99,-24.05,666.00,18.67,28-04-23-08-23-19-320
18.54,-23.36,666.00,18.85,28-04-23-08-23-19-354
18.17,-22.66,666.00,19.03,28-04-23-08-23-19-386
17.84,-21.79,666.00,19.20,28-04-23-08-23-19-421
17.51,-20.91,666.00,19.36,28-04-23-08-23-19-455
17.18,-19.95,666.00,19.47,28-04-23-08-23-19-489
16.86,-19.10,666.00,19.36,28-04-23-08-23-19-521
16.48,-18.18,666.00,19.15,28-04-23-08-23-19-555
16.18,-17.33,666.00,18.92,28-04-23-08-23-19-586
15.96,-16.60,666.00,18.76,28-04-23-08-23-19-620
15.54,-14.48,666.00,18.26,28-04-23-08-23-19-655
15.33,-13.15,666.00,17.99,28-04-23-08-23-19-684
15.27,-12.33,666.00,17.92,28-04-23-08-23-19-718
15.52,-11.87,666.00,18.13,28-04-23-08-23-19-755
15.97,-11.62,666.00,18.97,28-04-23-08-23-19-786
18.94,-15.84,666.00,23.33,28-04-23-08-23-19-822
21.18,-15.58,666.00,24.22,28-04-23-08-23-19-856
22.67,-15.94,666.00,25.31,28-04-23-08-23-19-884
24.05,-15.45,666.00,25.70,28-04-23-08-23-19-920
26.62,-11.97,666.00,23.57,28-04-23-08-23-19-955
28.76,-9.52,666.00,22.40,28-04-23-08-23-19-990
30.70,-6.67,666.00,20.04,28-04-23-08-23-20-020
33.71,-3.89,666.00,16.53,28-04-23-08-23-20-054
35.40,-2.30,666.00,16.47,28-04-23-08-23-20-085
36.98,-1.13,666.00,16.07,28-04-23-08-23-20-121
38.21,-0.57,666.00,16.60,28-04-23-08-23-20-153
40.28,0.41,666.00,16.84,28-04-23-08-23-20-185
42.01,0.75,666.00,16.82,28-04-23-08-23-20-221
44.06,1.23,666.00,16.60,28-04-23-08-23-20-256
49.40,0.27,666.00,14.10,28-04-23-08-23-20-285
52.06,-0.10,666.00,14.07,28-04-23-08-23-20-320
53.97,-0.12,666.00,14.00,28-04-23-08-23-20-351
55.32,-0.07,666.00,13.91,28-04-23-08-23-20-387
56.56,0.18,666.00,13.50,28-04-23-08-23-20-423
57.55,0.45,666.00,13.89,28-04-23-08-23-20-450
58.41,0.73,666.00,13.91,28-04-23-08-23-20-487
59.24,1.05,666.00,13.53,28-04-23-08-23-20-520
60.21,1.42,666.00,12.85,28-04-23-08-23-20-551
61.03,1.64,666.00,12.44,28-04-23-08-23-20-585
62.04,1.75,666.00,12.14,28-04-23-08-23-20-620
63.36,1.75,666.00,11.87,28-04-23-08-23-20-652
64.63,1.75,666.00,11.38,28-04-23-08-23-20-685
65.95,1.80,666.00,10.72,28-04-23-08-23-20-719
67.06,1.71,666.00,10.56,28-04-23-08-23-20-752
68.13,1.68,666.00,10.36,28-04-23-08-23-20-786
68.99,1.64,666.00,10.35,28-04-23-08-23-20-822
69.92,1.57,666.00,10.20,28-04-23-08-23-20-850
70.97,1.55,666.00,10.03,28-04-23-08-23-20-886
71.85,1.53,666.00,9.90,28-04-23-08-23-20-921
72.77,1.49,666.00,9.64,28-04-23-08-23-20-953
73.55,1.41,666.00,9.53,28-04-23-08-23-20-985
74.45,1.33,666.00,9.30,28-04-23-08-23-21-018
75.25,1.27,666.00,9.20,28-04-23-08-23-21-051
75.90,1.18,666.00,9.14,28-04-23-08-23-21-086
76.55,1.01,666.00,9.11,28-04-23-08-23-21-120
77.19,0.84,666.00,9.25,28-04-23-08-23-21-153
77.83,0.64,666.00,9.42,28-04-23-08-23-21-187
78.52,0.48,666.00,9.58,28-04-23-08-23-21-220
79.34,0.40,666.00,9.48,28-04-23-08-23-21-250
80.06,0.30,666.00,9.43,28-04-23-08-23-21-287
80.66,0.22,666.00,9.34,28-04-23-08-23-21-320
81.33,0.15,666.00,9.37,28-04-23-08-23-21-351
81.89,0.08,666.00,9.28,28-04-23-08-23-21-386
82.71,-1.19,666.00,11.37,28-04-23-08-23-21-418
83.46,-1.78,666.00,11.47,28-04-23-08-23-21-453
84.10,-2.19,666.00,11.39,28-04-23-08-23-21-485
84.72,-2.54,666.00,12.48,28-04-23-08-23-21-521
85.93,-2.73,666.00,12.34,28-04-23-08-23-21-553
87.82,-2.81,666.00,11.76,28-04-23-08-23-21-586
89.39,-3.36,666.00,12.81,28-04-23-08-23-21-620
91.34,-5.74,666.00,16.46,28-04-23-08-23-21-652
94.03,-5.55,666.00,15.60,28-04-23-08-23-21-690
95.69,-5.34,666.00,14.90,28-04-23-08-23-21-720
97.05,-5.05,666.00,14.12,28-04-23-08-23-21-753
99.11,-4.48,666.00,12.93,28-04-23-08-23-21-785
100.68,-4.08,666.00,11.93,28-04-23-08-23-21-821
102.08,-3.64,666.00,10.12,28-04-23-08-23-21-854
103.10,-3.27,666.00,9.54,28-04-23-08-23-21-884
104.07,-2.97,666.00,8.84,28-04-23-08-23-21-920
105.19,-2.64,666.00,8.35,28-04-23-08-23-21-952
106.71,-3.71,666.00,9.88,28-04-23-08-23-21-986
108.14,-3.91,666.00,10.21,28-04-23-08-23-22-018
108.46,-3.73,666.00,10.63,28-04-23-08-23-22-053
109.26,-3.52,666.00,10.71,28-04-23-08-23-22-086
110.34,-3.27,666.00,10.76,28-04-23-08-23-22-119
111.67,-3.03,666.00,10.60,28-04-23-08-23-22-152
113.19,-2.61,666.00,10.07,28-04-23-08-23-22-187
114.31,-2.27,666.00,9.97,28-04-23-08-23-22-221
115.37,-1.98,666.00,9.76,28-04-23-08-23-22-252
116.97,-1.58,666.00,8.72,28-04-23-08-23-22-285
117.90,-1.54,666.00,8.67,28-04-23-08-23-22-320
118.64,-1.47,666.00,8.79,28-04-23-08-23-22-351
119.19,-1.38,666.00,10.95,28-04-23-08-23-22-385
119.66,-1.23,666.00,11.61,28-04-23-08-23-22-420
120.21,-1.08,666.00,11.46,28-04-23-08-23-22-451
120.65,-0.98,666.00,11.33,28-04-23-08-23-22-485
121.20,-0.82,666.00,11.01,28-04-23-08-23-22-522
121.63,-0.32,666.00,10.32,28-04-23-08-23-22-553
122.19,0.04,666.00,10.00,28-04-23-08-23-22-585
122.96,0.58,666.00,9.66,28-04-23-08-23-22-620
124.55,1.13,666.00,7.74,28-04-23-08-23-22-653
125.58,1.56,666.00,7.10,28-04-23-08-23-22-687
126.65,2.00,666.00,7.18,28-04-23-08-23-22-724
127.62,2.46,666.00,7.31,28-04-23-08-23-22-752
128.72,2.81,666.00,8.36,28-04-23-08-23-22-787
128.43,3.21,666.00,10.14,28-04-23-08-23-22-825
129.21,3.21,666.00,10.92,28-04-23-08-23-22-852
130.15,3.23,666.00,11.95,28-04-23-08-23-22-886
131.63,3.26,666.00,11.67,28-04-23-08-23-22-921
133.08,3.07,666.00,13.14,28-04-23-08-23-22-954
134.62,2.98,666.00,13.28,28-04-23-08-23-22-987
136.18,3.09,666.00,13.11,28-04-23-08-23-23-020
137.78,3.27,666.00,13.25,28-04-23-08-23-23-053
139.21,3.62,666.00,14.69,28-04-23-08-23-23-087
140.76,4.19,666.00,14.78,28-04-23-08-23-23-119
142.21,4.83,666.00,14.06,28-04-23-08-23-23-154
143.98,5.70,666.00,12.56,28-04-23-08-23-23-187
145.55,6.54,666.00,11.81,28-04-23-08-23-23-223
147.07,7.23,666.00,10.74,28-04-23-08-23-23-253
148.52,7.64,666.00,10.08,28-04-23-08-23-23-286
150.34,7.47,666.00,11.96,28-04-23-08-23-23-319
151.80,7.38,666.00,11.79,28-04-23-08-23-23-351
152.83,6.82,666.00,13.01,28-04-23-08-23-23-386
157.44,10.74,666.00,7.27,28-04-23-08-23-23-419
158.67,8.52,666.00,8.94,28-04-23-08-23-23-456
159.29,8.22,666.00,12.94,28-04-23-08-23-23-485
159.34,8.03,666.00,14.46,28-04-23-08-23-23-521
159.43,39.30,666.00,15.33,28-04-23-08-23-23-554
160.93,54.48,666.00,12.14,28-04-23-08-23-23-585
161.98,41.60,666.00,11.62,28-04-23-08-23-23-621
162.53,39.08,666.00,11.50,28-04-23-08-23-23-655
162.06,51.72,666.00,12.39,28-04-23-08-23-23-686
162.09,50.82,666.00,14.04,28-04-23-08-23-23-720
165.15,32.49,666.00,15.43,28-04-23-08-23-23-755
166.67,22.21,666.00,16.32,28-04-23-08-23-23-785
167.41,16.77,666.00,16.89,28-04-23-08-23-23-819
167.94,14.89,666.00,17.69,28-04-23-08-23-23-854
167.84,36.26,666.00,18.32,28-04-23-08-23-23-884
168.05,60.20,666.00,17.30,28-04-23-08-23-23-920
168.25,70.93,666.00,16.72,28-04-23-08-23-23-952
168.25,78.65,666.00,18.03,28-04-23-08-23-23-984
168.03,82.82,666.00,18.89,28-04-23-08-23-24-020
167.38,88.42,666.00,19.34,28-04-23-08-23-24-055
166.79,91.79,666.00,19.96,28-04-23-08-23-24-086
166.33,93.26,666.00,19.34,28-04-23-08-23-24-118
166.10,93.98,666.00,15.94,28-04-23-08-23-24-156
165.98,100.15,666.00,13.82,28-04-23-08-23-24-185
166.28,97.21,666.00,11.71,28-04-23-08-23-24-219
166.49,91.94,666.00,9.78,28-04-23-08-23-24-255
165.90,81.37,666.00,9.57,28-04-23-08-23-24-285
165.07,72.58,666.00,9.51,28-04-23-08-23-24-319
164.25,65.10,666.00,10.03,28-04-23-08-23-24-354
164.31,63.66,666.00,9.73,28-04-23-08-23-24-384
162.60,73.97,666.00,9.85,28-04-23-08-23-24-421
161.25,77.13,666.00,9.61,28-04-23-08-23-24-453
160.11,78.60,666.00,8.19,28-04-23-08-23-24-484
159.04,77.16,666.00,7.05,28-04-23-08-23-24-519
155.26,64.91,666.00,14.13,28-04-23-08-23-24-556
154.02,62.37,666.00,13.25,28-04-23-08-23-24-585
150.31,56.63,666.00,16.76,28-04-23-08-23-24-619
148.92,55.73,666.00,17.26,28-04-23-08-23-24-653
148.08,55.10,666.00,17.30,28-04-23-08-23-24-689
147.52,55.65,666.00,16.80,28-04-23-08-23-24-720
147.32,56.32,666.00,15.11,28-04-23-08-23-24-752
147.25,27.55,666.00,13.68,28-04-23-08-23-24-785
147.20,6.12,666.00,12.29,28-04-23-08-23-24-821
146.11,0.21,666.00,12.89,28-04-23-08-23-24-851
145.70,-4.01,666.00,7.57,28-04-23-08-23-24-885
144.96,-6.68,666.00,6.64,28-04-23-08-23-24-922
143.97,-8.26,666.00,7.31,28-04-23-08-23-24-953
143.22,-8.35,666.00,7.38,28-04-23-08-23-24-986
142.61,-6.69,666.00,7.35,28-04-23-08-23-25-021
141.86,-4.37,666.00,7.17,28-04-23-08-23-25-051
141.22,-2.18,666.00,7.12,28-04-23-08-23-25-084
140.68,-0.22,666.00,6.74,28-04-23-08-23-25-119
139.60,0.68,666.00,7.42,28-04-23-08-23-25-154
138.25,1.05,666.00,6.23,28-04-23-08-23-25-184
136.81,1.17,666.00,6.52,28-04-23-08-23-25-220
135.72,1.54,666.00,6.46,28-04-23-08-23-25-254
134.67,1.68,666.00,6.03,28-04-23-08-23-25-285
133.53,1.89,666.00,6.11,28-04-23-08-23-25-320
132.57,2.12,666.00,4.18,28-04-23-08-23-25-354
130.75,1.39,666.00,4.57,28-04-23-08-23-25-389
127.93,0.76,666.00,5.72,28-04-23-08-23-25-422
125.32,0.20,666.00,7.45,28-04-23-08-23-25-452
123.46,0.04,666.00,2.22,28-04-23-08-23-25-485
122.04,0.17,666.00,0.97,28-04-23-08-23-25-519
120.49,-0.01,666.00,0.97,28-04-23-08-23-25-555
119.92,-0.58,666.00,1.90,28-04-23-08-23-25-586
119.37,-0.87,666.00,2.45,28-04-23-08-23-25-621
115.67,-2.44,666.00,2.90,28-04-23-08-23-25-653
113.69,-2.89,666.00,3.72,28-04-23-08-23-25-684
110.51,-3.40,666.00,2.90,28-04-23-08-23-25-720
107.49,-3.53,666.00,2.92,28-04-23-08-23-25-751
102.21,-7.37,666.00,13.07,28-04-23-08-23-25-788
100.01,-12.28,666.00,22.95,28-04-23-08-23-25-819
97.15,-15.84,123.57,32.45,28-04-23-08-23-25-854
95.24,-12.25,666.00,24.59,28-04-23-08-23-25-886
94.09,-12.63,666.00,25.58,28-04-23-08-23-25-921
91.19,-22.03,100.08,41.85,28-04-23-08-23-25-953
88.83,-17.60,100.97,31.53,28-04-23-08-23-25-986
88.22,-17.76,666.00,27.26,28-04-23-08-23-26-019
87.26,-17.93,666.00,23.85,28-04-23-08-23-26-054
82.71,-12.27,666.00,12.21,28-04-23-08-23-26-085
79.17,-15.84,666.00,17.01,28-04-23-08-23-26-121
77.27,-15.63,666.00,13.97,28-04-23-08-23-26-154
75.78,-14.91,666.00,14.29,28-04-23-08-23-26-183
71.43,-19.38,666.00,24.76,28-04-23-08-23-26-219
69.87,-19.53,666.00,24.85,28-04-23-08-23-26-253
67.90,-16.76,666.00,19.74,28-04-23-08-23-26-284
66.50,-14.39,666.00,15.22,28-04-23-08-23-26-320
65.73,-13.04,666.00,12.69,28-04-23-08-23-26-357
64.56,-12.28,666.00,10.05,28-04-23-08-23-26-386
61.28,-14.29,666.00,13.80,28-04-23-08-23-26-420
58.96,-16.27,666.00,17.17,28-04-23-08-23-26-453
57.64,-16.94,666.00,18.54,28-04-23-08-23-26-486
56.68,-17.39,666.00,16.57,28-04-23-08-23-26-519
55.12,-17.09,666.00,14.31,28-04-23-08-23-26-554
53.16,-16.69,666.00,12.87,28-04-23-08-23-26-587
51.45,-16.08,666.00,11.30,28-04-23-08-23-26-620
49.91,-15.62,666.00,9.93,28-04-23-08-23-26-651
48.17,-16.65,666.00,10.89,28-04-23-08-23-26-688
46.89,-20.05,666.00,13.40,28-04-23-08-23-26-719
45.95,-21.45,666.00,14.50,28-04-23-08-23-26-752
45.31,-22.24,666.00,15.58,28-04-23-08-23-26-786
42.33,-24.96,666.00,19.17,28-04-23-08-23-26-821
40.45,-24.04,666.00,23.04,28-04-23-08-23-26-850
39.47,-24.57,666.00,24.84,28-04-23-08-23-26-887
38.57,-24.05,666.00,25.03,28-04-23-08-23-26-919
37.73,-22.98,666.00,24.45,28-04-23-08-23-26-952
37.09,-21.80,666.00,23.16,28-04-23-08-23-26-987
36.43,-20.84,666.00,22.00,28-04-23-08-23-27-019
36.01,-20.30,666.00,20.93,28-04-23-08-23-27-053
34.83,-20.31,666.00,20.76,28-04-23-08-23-27-087
33.95,-20.30,666.00,20.53,28-04-23-08-23-27-119
33.16,-20.19,666.00,20.10,28-04-23-08-23-27-153
31.79,-21.60,666.00,21.35,28-04-23-08-23-27-190
30.60,-22.39,666.00,21.36,28-04-23-08-23-27-220
29.83,-22.76,666.00,22.94,28-04-23-08-23-27-254
29.22,-22.86,666.00,23.73,28-04-23-08-23-27-286
28.79,-22.83,666.00,24.15,28-04-23-08-23-27-319
28.08,-22.10,666.00,23.29,28-04-23-08-23-27-352
27.40,-21.00,666.00,22.14,28-04-23-08-23-27-385
27.07,-20.73,666.00,22.27,28-04-23-08-23-27-421
26.79,-20.56,666.00,22.50,28-04-23-08-23-27-451
26.39,-19.85,666.00,22.07,28-04-23-08-23-27-488
25.95,-19.25,666.00,21.53,28-04-23-08-23-27-522
25.54,-18.96,666.00,21.36,28-04-23-08-23-27-553
25.20,-18.73,666.00,21.29,28-04-23-08-23-27-584
24.85,-18.49,666.00,21.34,28-04-23-08-23-27-621
24.13,-20.76,666.00,23.56,28-04-23-08-23-27-653
23.27,-20.88,666.00,23.87,28-04-23-08-23-27-685
21.95,-19.56,666.00,23.12,28-04-23-08-23-27-721
20.74,-17.46,666.00,21.51,28-04-23-08-23-27-752
19.88,-15.65,666.00,20.58,28-04-23-08-23-27-787
18.91,-13.17,666.00,19.20,28-04-23-08-23-27-819
18.27,-11.21,666.00,18.22,28-04-23-08-23-27-855
17.77,-9.71,666.00,17.53,28-04-23-08-23-27-883
17.39,-8.61,666.00,17.19,28-04-23-08-23-27-920
16.80,-8.03,666.00,17.17,28-04-23-08-23-27-950
15.81,-4.43,666.00,14.88,28-04-23-08-23-27-988
15.25,-1.60,666.00,13.68,28-04-23-08-23-28-020
14.87,0.61,666.00,13.38,28-04-23-08-23-28-052
14.62,2.24,666.00,14.41,28-04-23-08-23-28-086
14.42,3.61,666.00,16.19,28-04-23-08-23-28-120
14.26,4.92,666.00,17.60,28-04-23-08-23-28-152
14.09,6.13,666.00,18.48,28-04-23-08-23-28-185
13.90,7.56,666.00,18.67,28-04-23-08-23-28-219
13.75,8.89,666.00,18.73,28-04-23-08-23-28-252
13.60,10.20,666.00,18.73,28-04-23-08-23-28-291
13.48,11.19,666.00,18.58,28-04-23-08-23-28-321
13.37,12.04,666.00,18.23,28-04-23-08-23-28-352
13.25,12.75,666.00,17.78,28-04-23-08-23-28-384
13.13,13.09,666.00,17.38,28-04-23-08-23-28-421
13.06,13.41,666.00,17.27,28-04-23-08-23-28-453
13.00,13.59,666.00,17.25,28-04-23-08-23-28-485
12.94,13.50,666.00,17.31,28-04-23-08-23-28-522
12.88,13.12,666.00,17.47,28-04-23-08-23-28-554
12.84,12.76,666.00,17.65,28-04-23-08-23-28-583
12.81,12.05,666.00,17.90,28-04-23-08-23-28-619
12.81,11.69,666.00,18.09,28-04-23-08-23-28-653
12.80,11.65,666.00,18.20,28-04-23-08-23-28-687
12.73,12.05,666.00,18.13,28-04-23-08-23-28-720
12.67,12.57,666.00,18.04,28-04-23-08-23-28-755
12.63,13.24,666.00,17.92,28-04-23-08-23-28-786
12.58,14.08,666.00,17.75,28-04-23-08-23-28-819
12.59,14.47,666.00,17.69,28-04-23-08-23-28-853
12.60,14.65,666.00,17.65,28-04-23-08-23-28-885
12.62,14.63,666.00,17.65,28-04-23-08-23-28-919
12.64,14.60,666.00,17.64,28-04-23-08-23-28-954
12.67,14.67,666.00,17.61,28-04-23-08-23-28-984
12.71,13.84,666.00,17.79,28-04-23-08-23-29-019
12.76,13.15,666.00,17.93,28-04-23-08-23-29-051
12.80,12.06,666.00,18.15,28-04-23-08-23-29-083
12.84,11.06,666.00,18.33,28-04-23-08-23-29-120
12.87,10.03,666.00,18.52,28-04-23-08-23-29-154
12.91,9.50,666.00,18.59,28-04-23-08-23-29-186
12.95,9.02,666.00,18.64,28-04-23-08-23-29-219
13.01,8.33,666.00,18.74,28-04-23-08-23-29-253
13.06,7.77,666.00,18.80,28-04-23-08-23-29-287
13.11,7.59,666.00,18.74,28-04-23-08-23-29-321
13.16,7.58,666.00,18.59,28-04-23-08-23-29-351
13.22,7.69,666.00,18.42,28-04-23-08-23-29-388
13.26,7.73,666.00,18.18,28-04-23-08-23-29-421
13.29,7.82,666.00,17.76,28-04-23-08-23-29-452
13.33,7.91,666.00,17.22,28-04-23-08-23-29-485
13.37,8.85,666.00,16.20,28-04-23-08-23-29-520
13.40,9.31,666.00,15.39,28-04-23-08-23-29-552
13.43,9.57,666.00,14.61,28-04-23-08-23-29-586
13.44,9.84,666.00,13.82,28-04-23-08-23-29-619
13.48,9.76,666.00,13.32,28-04-23-08-23-29-653
13.49,9.66,666.00,12.96,28-04-23-08-23-29-686
13.50,9.51,666.00,12.73,28-04-23-08-23-29-718
13.50,9.17,666.00,12.66,28-04-23-08-23-29-751
13.49,9.16,666.00,12.56,28-04-23-08-23-29-786
13.37,10.58,666.00,12.11,28-04-23-08-23-29-819
13.27,11.89,666.00,11.68,28-04-23-08-23-29-853
13.20,12.59,666.00,11.67,28-04-23-08-23-29-885
13.15,12.59,666.00,12.10,28-04-23-08-23-29-919
13.11,12.57,666.00,12.50,28-04-23-08-23-29-951
13.08,12.29,666.00,13.18,28-04-23-08-23-29-987
13.08,11.42,666.00,14.47,28-04-23-08-23-30-019
13.17,9.47,666.00,16.49,28-04-23-08-23-30-052
13.41,7.59,666.00,18.46,28-04-23-08-23-30-089
13.72,6.12,666.00,20.67,28-04-23-08-23-30-119
14.72,4.62,666.00,22.60,28-04-23-08-23-30-153
16.92,2.32,666.00,24.06,28-04-23-08-23-30-187
20.56,1.21,666.00,22.17,28-04-23-08-23-30-221
22.79,0.39,666.00,23.23,28-04-23-08-23-30-251
26.23,0.34,666.00,21.07,28-04-23-08-23-30-286
28.65,0.79,666.00,20.00,28-04-23-08-23-30-320
30.99,2.09,666.00,18.68,28-04-23-08-23-30-352
33.24,2.79,666.00,17.80,28-04-23-08-23-30-387
35.72,3.01,666.00,16.78,28-04-23-08-23-30-423
38.08,3.77,666.00,16.39,28-04-23-08-23-30-453
40.88,4.40,666.00,15.37,28-04-23-08-23-30-486
43.80,5.08,666.00,13.35,28-04-23-08-23-30-519
47.01,4.92,666.00,12.50,28-04-23-08-23-30-554
50.23,5.28,666.00,10.89,28-04-23-08-23-30-587
53.01,5.54,666.00,10.86,28-04-23-08-23-30-619
56.00,6.14,666.00,11.22,28-04-23-08-23-30-652
58.90,6.70,666.00,9.64,28-04-23-08-23-30-684
61.60,6.98,666.00,8.53,28-04-23-08-23-30-720
64.81,7.09,666.00,7.53,28-04-23-08-23-30-753
67.85,6.98,666.00,6.84,28-04-23-08-23-30-787
71.09,6.86,666.00,6.96,28-04-23-08-23-30-821
74.52,6.62,666.00,5.98,28-04-23-08-23-30-852
77.46,6.04,666.00,6.97,28-04-23-08-23-30-888
80.05,5.66,666.00,7.48,28-04-23-08-23-30-921
82.87,5.43,666.00,9.22,28-04-23-08-23-30-953
85.48,5.06,666.00,8.79,28-04-23-08-23-30-983
87.79,4.68,666.00,7.56,28-04-23-08-23-31-020
90.28,4.31,666.00,6.87,28-04-23-08-23-31-053
92.72,2.47,666.00,10.19,28-04-23-08-23-31-086
96.49,2.90,666.00,9.30,28-04-23-08-23-31-120
98.75,2.95,666.00,9.19,28-04-23-08-23-31-152
100.33,2.92,666.00,8.53,28-04-23-08-23-31-186
101.93,2.91,666.00,8.47,28-04-23-08-23-31-220
104.16,3.00,666.00,8.26,28-04-23-08-23-31-251
106.34,3.03,666.00,8.41,28-04-23-08-23-31-286
108.27,2.66,666.00,8.29,28-04-23-08-23-31-319
110.40,2.35,666.00,8.63,28-04-23-08-23-31-355
112.28,2.21,666.00,8.82,28-04-23-08-23-31-386
114.20,2.23,666.00,9.11,28-04-23-08-23-31-423
115.67,2.18,666.00,9.11,28-04-23-08-23-31-452
118.62,1.89,666.00,8.02,28-04-23-08-23-31-487
120.45,1.64,666.00,11.02,28-04-23-08-23-31-520
121.72,1.41,666.00,11.38,28-04-23-08-23-31-552
126.92,0.56,666.00,6.09,28-04-23-08-23-31-587
129.08,0.23,666.00,5.39,28-04-23-08-23-31-620
130.54,-0.04,666.00,5.11,28-04-23-08-23-31-650
131.56,0.01,666.00,4.52,28-04-23-08-23-31-687
132.08,0.22,666.00,4.75,28-04-23-08-23-31-719
132.73,0.40,666.00,5.79,28-04-23-08-23-31-752
133.43,0.56,666.00,6.53,28-04-23-08-23-31-787
134.43,0.69,666.00,6.87,28-04-23-08-23-31-818
133.35,2.58,666.00,9.30,28-04-23-08-23-31-851
133.64,3.33,666.00,10.55,28-04-23-08-23-31-886
134.19,3.63,666.00,11.64,28-04-23-08-23-31-920
134.98,4.01,666.00,11.98,28-04-23-08-23-31-955
135.95,4.38,666.00,13.59,28-04-23-08-23-31-988
136.98,4.39,666.00,14.33,28-04-23-08-23-32-021
138.07,4.43,666.00,14.85,28-04-23-08-23-32-055
139.20,4.41,666.00,15.70,28-04-23-08-23-32-083
140.54,4.41,666.00,15.11,28-04-23-08-23-32-118
142.15,4.53,666.00,14.80,28-04-23-08-23-32-152
143.61,4.63,666.00,13.52,28-04-23-08-23-32-186
144.71,4.69,666.00,12.68,28-04-23-08-23-32-220
145.87,4.71,666.00,11.48,28-04-23-08-23-32-254
146.87,4.59,666.00,10.80,28-04-23-08-23-32-286
147.95,4.60,666.00,9.99,28-04-23-08-23-32-322
148.96,4.87,666.00,9.14,28-04-23-08-23-32-354
149.85,5.13,666.00,9.26,28-04-23-08-23-32-390
150.90,5.46,666.00,9.41,28-04-23-08-23-32-424
151.93,4.57,666.00,9.83,28-04-23-08-23-32-453
153.04,2.25,666.00,10.95,28-04-23-08-23-32-487
153.84,0.85,666.00,12.70,28-04-23-08-23-32-522
154.49,0.36,666.00,14.58,28-04-23-08-23-32-551
156.55,3.49,666.00,13.15,28-04-23-08-23-32-587
157.35,5.22,666.00,13.30,28-04-23-08-23-32-621
157.65,6.54,666.00,14.56,28-04-23-08-23-32-656
157.64,7.31,666.00,15.65,28-04-23-08-23-32-687
157.56,7.73,666.00,20.72,28-04-23-08-23-32-720
160.17,9.08,666.00,18.78,28-04-23-08-23-32-752
161.29,9.84,666.00,18.56,28-04-23-08-23-32-786
161.75,9.61,666.00,18.88,28-04-23-08-23-32-821
162.00,9.14,666.00,19.80,28-04-23-08-23-32-853
162.19,7.77,666.00,20.82,28-04-23-08-23-32-887
162.38,7.08,666.00,22.00,28-04-23-08-23-32-921
163.20,19.69,666.00,21.28,28-04-23-08-23-32-954
162.98,31.34,666.00,22.57,28-04-23-08-23-32-986
161.97,53.91,666.00,28.14,28-04-23-08-23-33-021
159.38,72.96,666.00,29.59,28-04-23-08-23-33-052
157.61,81.86,-23.92,30.92,28-04-23-08-23-33-085
159.84,77.33,-31.40,31.21,28-04-23-08-23-33-123
160.94,67.68,-42.30,32.15,28-04-23-08-23-33-151
161.51,59.62,-50.71,32.71,28-04-23-08-23-33-185
161.95,54.31,-56.40,33.13,28-04-23-08-23-33-220
162.39,51.40,-60.03,33.40,28-04-23-08-23-33-254
162.81,49.58,-62.68,33.59,28-04-23-08-23-33-289
163.22,48.13,-64.78,33.69,28-04-23-08-23-33-318
163.45,46.67,-68.82,33.58,28-04-23-08-23-33-353
163.58,45.64,-71.22,33.83,28-04-23-08-23-33-388
163.80,45.43,-72.71,33.96,28-04-23-08-23-33-421
164.04,45.33,-73.74,33.97,28-04-23-08-23-33-451
164.25,45.41,-74.37,33.86,28-04-23-08-23-33-485
164.36,45.46,-74.77,33.80,28-04-23-08-23-33-519
164.45,45.44,-75.04,33.52,28-04-23-08-23-33-553
164.51,45.36,-75.08,32.94,28-04-23-08-23-33-586
160.89,41.85,-71.41,34.83,28-04-23-08-23-33-620
157.92,38.30,-70.01,34.78,28-04-23-08-23-33-652
156.84,36.24,666.00,28.73,28-04-23-08-23-33-687
157.13,31.67,666.00,23.45,28-04-23-08-23-33-719
157.34,27.95,666.00,20.26,28-04-23-08-23-33-753
157.54,24.96,666.00,18.39,28-04-23-08-23-33-789
158.13,24.03,666.00,16.06,28-04-23-08-23-33-822
158.49,22.57,666.00,14.40,28-04-23-08-23-33-853
158.63,19.12,666.00,15.92,28-04-23-08-23-33-884
158.36,18.00,666.00,17.04,28-04-23-08-23-33-924
158.24,17.54,666.00,17.28,28-04-23-08-23-33-952
157.95,17.22,666.00,17.68,28-04-23-08-23-33-984
157.30,16.32,666.00,18.00,28-04-23-08-23-34-020
156.27,14.71,666.00,17.01,28-04-23-08-23-34-051
154.84,11.71,666.00,15.13,28-04-23-08-23-34-085
153.70,9.83,666.00,13.34,28-04-23-08-23-34-124
152.85,8.58,666.00,11.76,28-04-23-08-23-34-154
151.82,6.13,666.00,6.73,28-04-23-08-23-34-185
150.59,5.19,666.00,5.77,28-04-23-08-23-34-221
149.08,4.70,666.00,6.10,28-04-23-08-23-34-251
147.76,4.41,666.00,5.93,28-04-23-08-23-34-288
146.09,4.00,666.00,6.33,28-04-23-08-23-34-320
142.73,3.18,666.00,8.33,28-04-23-08-23-34-351
141.00,2.81,666.00,8.42,28-04-23-08-23-34-386
139.74,2.79,666.00,6.95,28-04-23-08-23-34-420
138.46,3.10,666.00,6.22,28-04-23-08-23-34-451
137.18,3.46,666.00,3.38,28-04-23-08-23-34-487
135.49,3.96,666.00,3.99,28-04-23-08-23-34-521
133.12,4.26,666.00,6.11,28-04-23-08-23-34-553
131.26,4.51,666.00,5.91,28-04-23-08-23-34-588
128.59,3.05,666.00,7.26,28-04-23-08-23-34-619
126.29,2.44,666.00,6.79,28-04-23-08-23-34-652
123.41,2.11,666.00,2.09,28-04-23-08-23-34-686
121.85,1.41,666.00,0.76,28-04-23-08-23-34-718
120.39,0.26,666.00,1.75,28-04-23-08-23-34-754
119.10,-0.64,666.00,2.38,28-04-23-08-23-34-786
117.41,-1.08,666.00,1.82,28-04-23-08-23-34-819
110.80,-2.77,666.00,6.90,28-04-23-08-23-34-855
110.43,-5.77,666.00,5.62,28-04-23-08-23-34-887
107.58,-6.89,666.00,7.78,28-04-23-08-23-34-920
106.05,-8.40,666.00,8.95,28-04-23-08-23-34-954
102.98,-11.75,666.00,14.45,28-04-23-08-23-34-985
101.64,-12.87,666.00,14.06,28-04-23-08-23-35-021
100.23,-14.78,666.00,17.25,28-04-23-08-23-35-054
96.88,-11.71,666.00,13.49,28-04-23-08-23-35-086
95.77,-10.70,666.00,11.50,28-04-23-08-23-35-119
90.91,-14.73,666.00,22.97,28-04-23-08-23-35-154
89.66,-15.02,666.00,24.62,28-04-23-08-23-35-185
88.90,-14.71,666.00,22.30,28-04-23-08-23-35-222
87.30,-15.47,666.00,22.84,28-04-23-08-23-35-252
83.65,-13.86,666.00,12.99,28-04-23-08-23-35-285
79.54,-14.79,666.00,15.96,28-04-23-08-23-35-322
77.75,-14.88,666.00,17.31,28-04-23-08-23-35-353
75.51,-15.54,666.00,23.50,28-04-23-08-23-35-389
71.45,-18.06,666.00,24.04,28-04-23-08-23-35-420
67.78,-15.71,666.00,18.40,28-04-23-08-23-35-451
65.71,-14.57,666.00,15.21,28-04-23-08-23-35-485
64.00,-14.27,666.00,15.44,28-04-23-08-23-35-519
62.17,-13.39,666.00,16.35,28-04-23-08-23-35-554
59.24,-13.46,666.00,17.68,28-04-23-08-23-35-587
55.98,-13.25,666.00,15.46,28-04-23-08-23-35-621
52.78,-11.67,666.00,11.74,28-04-23-08-23-35-652
50.94,-11.28,666.00,11.97,28-04-23-08-23-35-685
45.58,-16.90,666.00,14.93,28-04-23-08-23-35-719
43.85,-17.86,666.00,21.44,28-04-23-08-23-35-753
42.98,-18.51,666.00,25.25,28-04-23-08-23-35-786
39.51,-19.82,666.00,23.13,28-04-23-08-23-35-818
35.54,-15.74,666.00,22.94,28-04-23-08-23-35-853
33.58,-14.31,666.00,19.37,28-04-23-08-23-35-886
31.32,-14.59,666.00,19.59,28-04-23-08-23-35-920
29.77,-14.26,666.00,18.92,28-04-23-08-23-35-955
28.24,-14.12,666.00,17.20,28-04-23-08-23-35-987
26.95,-13.94,666.00,15.24,28-04-23-08-23-36-019
25.06,-15.01,666.00,15.67,28-04-23-08-23-36-054
22.19,-16.55,666.00,16.90,28-04-23-08-23-36-087
20.14,-17.07,666.00,18.34,28-04-23-08-23-36-118
18.49,-16.50,666.00,18.12,28-04-23-08-23-36-153
17.04,-15.38,666.00,17.51,28-04-23-08-23-36-186
15.92,-14.26,666.00,16.69,28-04-23-08-23-36-219
15.00,-12.98,666.00,16.05,28-04-23-08-23-36-254
14.26,-11.57,666.00,15.51,28-04-23-08-23-36-288
13.63,-9.89,666.00,14.93,28-04-23-08-23-36-317
13.01,-7.70,666.00,14.19,28-04-23-08-23-36-352
12.53,-5.60,666.00,13.57,28-04-23-08-23-36-391
11.52,4.11,666.00,10.73,28-04-23-08-23-36-427
11.17,7.39,666.00,10.40,28-04-23-08-23-36-455
10.95,9.72,666.00,10.30,28-04-23-08-23-36-486
10.77,11.78,666.00,10.11,28-04-23-08-23-36-519
10.71,10.51,666.00,10.03,28-04-23-08-23-36-556
10.80,7.78,666.00,10.34,28-04-23-08-23-36-584
10.89,5.97,666.00,10.77,28-04-23-08-23-36-621
11.00,4.72,666.00,11.34,28-04-23-08-23-36-653
11.08,4.38,666.00,12.14,28-04-23-08-23-36-685
11.12,5.12,666.00,13.00,28-04-23-08-23-36-721
11.16,6.48,666.00,14.05,28-04-23-08-23-36-750
11.18,9.38,666.00,14.51,28-04-23-08-23-36-785
11.18,12.60,666.00,14.44,28-04-23-08-23-36-822
11.19,15.41,666.00,14.26,28-04-23-08-23-36-852
11.23,17.77,666.00,14.15,28-04-23-08-23-36-886
11.26,19.56,666.00,14.06,28-04-23-08-23-36-919
11.32,20.76,666.00,14.07,28-04-23-08-23-36-952
11.38,21.75,666.00,14.04,28-04-23-08-23-36-983
11.44,22.45,666.00,14.01,28-04-23-08-23-37-018
11.50,22.94,666.00,14.00,28-04-23-08-23-37-052
11.55,23.25,666.00,13.99,28-04-23-08-23-37-086
11.60,23.27,666.00,14.03,28-04-23-08-23-37-118
11.64,23.23,666.00,14.06,28-04-23-08-23-37-150
11.68,23.29,666.00,14.06,28-04-23-08-23-37-188
11.71,23.33,666.00,14.06,28-04-23-08-23-37-219
11.76,23.35,666.00,14.07,28-04-23-08-23-37-253
11.79,23.43,666.00,14.06,28-04-23-08-23-37-286
11.83,23.49,666.00,14.04,28-04-23-08-23-37-321
11.87,23.51,666.00,14.01,28-04-23-08-23-37-352
11.90,23.54,666.00,13.97,28-04-23-08-23-37-390
11.93,23.58,666.00,13.87,28-04-23-08-23-37-419
11.95,23.57,666.00,13.79,28-04-23-08-23-37-452
11.98,23.52,666.00,13.72,28-04-23-08-23-37-487
12.00,23.46,666.00,13.66,28-04-23-08-23-37-519
12.01,23.27,666.00,13.64,28-04-23-08-23-37-552
12.03,23.09,666.00,13.64,28-04-23-08-23-37-586
12.04,22.88,666.00,13.63,28-04-23-08-23-37-620
12.06,22.68,666.00,13.63,28-04-23-08-23-37-652
12.07,22.45,666.00,13.65,28-04-23-08-23-37-689
12.09,22.29,666.00,13.65,28-04-23-08-23-37-719
12.10,22.20,666.00,13.65,28-04-23-08-23-37-752
12.13,22.08,666.00,13.63,28-04-23-08-23-37-784
12.16,21.99,666.00,13.59,28-04-23-08-23-37-820
12.19,21.89,666.00,13.48,28-04-23-08-23-37-854
12.25,21.61,666.00,13.30,28-04-23-08-23-37-885
12.30,21.35,666.00,12.89,28-04-23-08-23-37-918
12.33,21.17,666.00,12.28,28-04-23-08-23-37-953
12.37,20.86,666.00,11.41,28-04-23-08-23-37-984
12.44,19.91,666.00,9.11,28-04-23-08-23-38-020
12.63,17.94,666.00,9.05,28-04-23-08-23-38-054
12.84,16.04,666.00,10.82,28-04-23-08-23-38-083
13.95,10.25,666.00,15.10,28-04-23-08-23-38-120
14.87,6.47,666.00,19.73,28-04-23-08-23-38-153
16.98,4.84,666.00,22.02,28-04-23-08-23-38-185
20.01,6.66,666.00,22.91,28-04-23-08-23-38-220
24.38,9.10,666.00,21.98,28-04-23-08-23-38-253
30.06,14.27,666.00,14.63,28-04-23-08-23-38-285
33.49,15.80,666.00,13.44,28-04-23-08-23-38-321
39.51,18.44,666.00,9.02,28-04-23-08-23-38-356
43.17,19.35,666.00,9.46,28-04-23-08-23-38-386
46.73,15.89,666.00,10.52,28-04-23-08-23-38-420
51.60,14.09,666.00,8.87,28-04-23-08-23-38-452
56.26,13.18,666.00,7.58,28-04-23-08-23-38-484
59.69,12.19,666.00,10.27,28-04-23-08-23-38-520
63.94,11.62,666.00,8.97,28-04-23-08-23-38-551
67.18,11.03,666.00,9.53,28-04-23-08-23-38-587
70.55,10.66,666.00,10.51,28-04-23-08-23-38-622
74.84,10.46,666.00,9.81,28-04-23-08-23-38-652
78.66,10.26,666.00,8.79,28-04-23-08-23-38-687
81.77,9.89,666.00,9.59,28-04-23-08-23-38-720
84.51,9.51,666.00,9.95,28-04-23-08-23-38-754
87.99,9.08,666.00,8.98,28-04-23-08-23-38-787
92.25,8.81,666.00,9.24,28-04-23-08-23-38-819
95.90,8.62,666.00,8.59,28-04-23-08-23-38-854
99.26,8.14,666.00,5.94,28-04-23-08-23-38-886
101.52,7.73,666.00,8.47,28-04-23-08-23-38-919
104.03,7.46,666.00,8.21,28-04-23-08-23-38-952
106.37,6.86,666.00,7.61,28-04-23-08-23-38-986
108.43,5.99,666.00,6.24,28-04-23-08-23-39-021
111.06,5.05,666.00,4.80,28-04-23-08-23-39-052
112.81,4.28,666.00,4.86,28-04-23-08-23-39-086
114.38,3.62,666.00,5.21,28-04-23-08-23-39-117
116.18,3.07,666.00,6.19,28-04-23-08-23-39-153
119.14,2.40,666.00,7.36,28-04-23-08-23-39-187
120.55,1.95,666.00,7.20,28-04-23-08-23-39-219
124.60,0.09,666.00,5.14,28-04-23-08-23-39-253
126.56,-0.98,666.00,6.31,28-04-23-08-23-39-285
127.30,-1.45,666.00,6.18,28-04-23-08-23-39-319
127.75,-1.59,666.00,5.71,28-04-23-08-23-39-350
128.03,-1.63,666.00,6.76,28-04-23-08-23-39-386
128.43,-1.56,666.00,8.62,28-04-23-08-23-39-421
129.36,-1.72,666.00,9.96,28-04-23-08-23-39-453
127.10,1.76,666.00,14.71,28-04-23-08-23-39-486
127.41,2.48,666.00,16.19,28-04-23-08-23-39-520
128.84,2.66,666.00,15.52,28-04-23-08-23-39-550
130.56,2.63,666.00,14.59,28-04-23-08-23-39-586
132.17,2.62,666.00,15.39,28-04-23-08-23-39-621
133.95,2.83,666.00,15.63,28-04-23-08-23-39-651
135.28,3.21,666.00,15.85,28-04-23-08-23-39-685
136.78,3.56,666.00,15.88,28-04-23-08-23-39-718
138.30,3.71,666.00,15.41,28-04-23-08-23-39-753
139.94,3.77,666.00,19.56,28-04-23-08-23-39-787
143.11,3.64,666.00,16.84,28-04-23-08-23-39-820
145.39,3.71,666.00,15.30,28-04-23-08-23-39-853
147.36,3.84,666.00,13.82,28-04-23-08-23-39-887
149.09,4.00,666.00,13.03,28-04-23-08-23-39-921
150.47,3.86,666.00,13.39,28-04-23-08-23-39-951
151.74,-4.84,666.00,17.82,28-04-23-08-23-39-987
156.77,-1.32,666.00,12.26,28-04-23-08-23-40-019
158.14,-0.63,666.00,13.32,28-04-23-08-23-40-054
158.90,0.05,666.00,15.03,28-04-23-08-23-40-087
160.20,2.12,666.00,19.68,28-04-23-08-23-40-119
160.95,3.32,666.00,21.53,28-04-23-08-23-40-153
161.47,4.37,666.00,22.69,28-04-23-08-23-40-187
161.95,9.43,666.00,21.06,28-04-23-08-23-40-219
162.19,10.58,666.00,22.09,28-04-23-08-23-40-253
162.34,11.06,666.00,22.96,28-04-23-08-23-40-284
162.53,11.58,666.00,23.65,28-04-23-08-23-40-320
162.80,9.23,-87.90,30.47,28-04-23-08-23-40-352
163.11,7.50,-88.33,33.02,28-04-23-08-23-40-384
167.21,14.33,666.00,28.04,28-04-23-08-23-40-421
168.98,18.98,666.00,26.57,28-04-23-08-23-40-456
170.01,21.85,666.00,25.99,28-04-23-08-23-40-485
170.89,24.68,666.00,25.90,28-04-23-08-23-40-520
171.58,27.24,666.00,26.08,28-04-23-08-23-40-554
171.92,27.47,666.00,27.09,28-04-23-08-23-40-583
171.39,44.04,666.00,28.84,28-04-23-08-23-40-620
171.11,52.66,-68.37,30.18,28-04-23-08-23-40-653
170.93,56.03,-67.01,31.11,28-04-23-08-23-40-684
170.68,57.66,-67.02,31.79,28-04-23-08-23-40-721
170.33,59.51,-67.09,32.24,28-04-23-08-23-40-752
170.46,66.16,-66.02,30.91,28-04-23-08-23-40-786
170.43,70.90,666.00,29.66,28-04-23-08-23-40-819
170.33,68.58,666.00,28.05,28-04-23-08-23-40-851
170.25,65.23,666.00,26.36,28-04-23-08-23-40-886
170.18,63.59,666.00,24.25,28-04-23-08-23-40-920
170.04,76.00,666.00,21.53,28-04-23-08-23-40-954
169.77,75.81,666.00,18.14,28-04-23-08-23-40-984
169.31,73.74,666.00,15.92,28-04-23-08-23-41-021
167.59,66.95,666.00,15.91,28-04-23-08-23-41-054
166.64,63.59,666.00,10.18,28-04-23-08-23-41-085
165.95,60.85,666.00,8.36,28-04-23-08-23-41-119
165.31,59.48,666.00,6.71,28-04-23-08-23-41-154
164.40,57.62,666.00,7.61,28-04-23-08-23-41-187
163.62,60.98,666.00,8.20,28-04-23-08-23-41-221
162.58,51.59,666.00,9.46,28-04-23-08-23-41-253
162.73,25.22,666.00,9.81,28-04-23-08-23-41-285
161.55,14.30,666.00,10.15,28-04-23-08-23-41-319
159.39,3.96,666.00,11.24,28-04-23-08-23-41-354
158.06,-1.87,666.00,10.66,28-04-23-08-23-41-386
157.13,-5.46,666.00,9.28,28-04-23-08-23-41-423
156.26,-7.16,666.00,8.41,28-04-23-08-23-41-453
155.05,-8.38,666.00,9.57,28-04-23-08-23-41-487
153.69,-6.88,666.00,9.58,28-04-23-08-23-41-520
151.79,-3.43,666.00,8.33,28-04-23-08-23-41-553
149.51,-0.05,666.00,6.87,28-04-23-08-23-41-586
147.33,1.96,666.00,5.62,28-04-23-08-23-41-620
145.30,3.50,666.00,4.00,28-04-23-08-23-41-653
142.85,4.78,666.00,3.40,28-04-23-08-23-41-683
140.60,5.55,666.00,0.96,28-04-23-08-23-41-719
138.51,5.91,666.00,0.44,28-04-23-08-23-41-753
135.95,5.99,666.00,1.67,28-04-23-08-23-41-785
131.93,3.56,666.00,5.10,28-04-23-08-23-41-818
129.63,2.59,666.00,5.11,28-04-23-08-23-41-853
129.33,0.48,666.00,4.47,28-04-23-08-23-41-885
128.64,-0.38,666.00,8.59,28-04-23-08-23-41-920
123.85,-0.43,666.00,3.97,28-04-23-08-23-41-956
121.38,-0.53,666.00,7.23,28-04-23-08-23-41-984
118.70,-0.63,666.00,7.33,28-04-23-08-23-42-022
113.10,0.30,666.00,5.13,28-04-23-08-23-42-051
108.99,-1.26,666.00,8.82,28-04-23-08-23-42-086
107.37,-2.23,666.00,11.27,28-04-23-08-23-42-123
104.34,-3.10,666.00,13.93,28-04-23-08-23-42-160
102.63,-3.78,666.00,16.69,28-04-23-08-23-42-188
101.30,-3.43,666.00,17.22,28-04-23-08-23-42-220
99.59,-3.62,666.00,18.59,28-04-23-08-23-42-252
98.53,-3.38,666.00,19.01,28-04-23-08-23-42-286
97.62,-2.79,666.00,18.22,28-04-23-08-23-42-318
96.73,-2.15,666.00,16.54,28-04-23-08-23-42-353
96.03,-1.53,666.00,15.07,28-04-23-08-23-42-387
93.95,-0.90,666.00,13.22,28-04-23-08-23-42-418
92.20,-0.05,666.00,11.34,28-04-23-08-23-42-455
90.97,0.40,666.00,9.66,28-04-23-08-23-42-484
89.99,0.74,666.00,8.76,28-04-23-08-23-42-519
86.64,-0.19,666.00,9.09,28-04-23-08-23-42-553
82.19,-2.89,666.00,12.07,28-04-23-08-23-42-585
78.11,-2.11,666.00,11.79,28-04-23-08-23-42-621
75.23,-2.86,666.00,12.42,28-04-23-08-23-42-654
73.38,-3.51,666.00,13.31,28-04-23-08-23-42-685
71.31,-3.05,666.00,12.58,28-04-23-08-23-42-718
70.10,-2.96,666.00,12.51,28-04-23-08-23-42-756
67.71,-2.75,666.00,11.62,28-04-23-08-23-42-785
64.60,-2.26,666.00,10.44,28-04-23-08-23-42-820
61.58,-1.89,666.00,9.47,28-04-23-08-23-42-855
58.60,-1.45,666.00,10.00,28-04-23-08-23-42-885
56.07,-1.07,666.00,10.04,28-04-23-08-23-42-920
53.83,-0.88,666.00,9.98,28-04-23-08-23-42-952
50.83,-0.81,666.00,10.97,28-04-23-08-23-42-985
48.11,-0.95,666.00,11.07,28-04-23-08-23-43-018
45.76,-1.20,666.00,10.83,28-04-23-08-23-43-052
41.69,-1.27,666.00,10.12,28-04-23-08-23-43-087
39.99,-1.23,666.00,9.43,28-04-23-08-23-43-118
38.83,-1.35,666.00,9.49,28-04-23-08-23-43-157
37.67,-1.79,666.00,9.82,28-04-23-08-23-43-192
36.60,-2.50,666.00,9.95,28-04-23-08-23-43-220
35.18,-4.14,666.00,10.65,28-04-23-08-23-43-251
33.59,-6.46,666.00,12.65,28-04-23-08-23-43-288
32.16,-9.49,666.00,15.31,28-04-23-08-23-43-319
31.30,-11.17,666.00,16.31,28-04-23-08-23-43-352
30.60,-12.23,666.00,16.96,28-04-23-08-23-43-388
29.46,-12.85,666.00,17.49,28-04-23-08-23-43-420
27.60,-16.35,666.00,20.26,28-04-23-08-23-43-451
26.67,-17.97,666.00,21.59,28-04-23-08-23-43-486
25.80,-19.02,666.00,22.27,28-04-23-08-23-43-521
24.92,-19.46,666.00,22.60,28-04-23-08-23-43-551
24.23,-19.61,666.00,22.70,28-04-23-08-23-43-586
23.55,-19.45,666.00,22.59,28-04-23-08-23-43-620
22.88,-18.97,666.00,21.93,28-04-23-08-23-43-653
22.32,-18.50,666.00,21.30,28-04-23-08-23-43-687
21.81,-18.10,666.00,20.76,28-04-23-08-23-43-720
21.35,-17.74,666.00,20.26,28-04-23-08-23-43-752
20.91,-17.45,666.00,19.93,28-04-23-08-23-43-787
20.51,-17.19,666.00,19.61,28-04-23-08-23-43-820
20.14,-16.96,666.00,19.32,28-04-23-08-23-43-852
19.64,-17.84,666.00,19.72,28-04-23-08-23-43-887
19.23,-18.85,666.00,20.17,28-04-23-08-23-43-920
18.86,-19.41,666.00,20.46,28-04-23-08-23-43-951
18.49,-19.59,666.00,20.54,28-04-23-08-23-43-985
18.20,-19.55,666.00,20.47,28-04-23-08-23-44-021
17.84,-19.13,666.00,20.00,28-04-23-08-23-44-051
17.68,-18.85,666.00,19.98,28-04-23-08-23-44-087
17.58,-18.68,666.00,20.17,28-04-23-08-23-44-119
17.50,-18.51,666.00,20.54,28-04-23-08-23-44-155
17.42,-17.93,666.00,20.81,28-04-23-08-23-44-187
17.31,-16.86,666.00,20.82,28-04-23-08-23-44-220
17.23,-15.59,666.00,20.74,28-04-23-08-23-44-254
17.16,-14.43,666.00,20.74,28-04-23-08-23-44-286
17.08,-13.32,666.00,20.79,28-04-23-08-23-44-320
16.99,-12.18,666.00,20.76,28-04-23-08-23-44-356
16.89,-11.01,666.00,20.65,28-04-23-08-23-44-385
13.06,17.73,666.00,12.68,28-04-23-08-23-44-421
12.93,25.80,666.00,11.01,28-04-23-08-23-44-456
13.00,31.78,666.00,9.78,28-04-23-08-23-44-486
13.13,35.96,666.00,8.90,28-04-23-08-23-44-519
13.12,22.56,666.00,11.98,28-04-23-08-23-44-554
13.42,15.85,666.00,13.57,28-04-23-08-23-44-586
13.75,11.57,666.00,14.64,28-04-23-08-23-44-622
14.02,8.98,666.00,15.33,28-04-23-08-23-44-653
14.20,7.52,666.00,15.76,28-04-23-08-23-44-684
14.35,6.77,666.00,15.98,28-04-23-08-23-44-722
14.51,5.97,666.00,16.15,28-04-23-08-23-44-755
14.63,5.27,666.00,16.09,28-04-23-08-23-44-786
14.76,4.60,666.00,16.18,28-04-23-08-23-44-820
15.06,1.90,666.00,18.06,28-04-23-08-23-44-854
15.22,0.19,666.00,19.51,28-04-23-08-23-44-886
15.28,-0.17,666.00,20.28,28-04-23-08-23-44-920
15.36,-0.01,666.00,20.79,28-04-23-08-23-44-955
15.31,0.99,666.00,20.79,28-04-23-08-23-44-987
15.23,2.72,666.00,20.51,28-04-23-08-23-45-022
15.23,4.50,666.00,20.06,28-04-23-08-23-45-051
15.30,6.08,666.00,19.49,28-04-23-08-23-45-095
15.42,7.57,666.00,18.87,28-04-23-08-23-45-121
15.59,8.75,666.00,18.29,28-04-23-08-23-45-150
15.92,8.14,666.00,18.44,28-04-23-08-23-45-188
16.89,7.01,666.00,18.06,28-04-23-08-23-45-221
18.27,7.30,666.00,16.80,28-04-23-08-23-45-254
20.40,8.95,666.00,15.33,28-04-23-08-23-45-285
23.28,9.74,666.00,13.95,28-04-23-08-23-45-322
26.73,9.99,666.00,13.04,28-04-23-08-23-45-352
30.64,10.29,666.00,13.02,28-04-23-08-23-45-384
36.43,10.94,666.00,10.12,28-04-23-08-23-45-422
40.20,10.50,666.00,12.68,28-04-23-08-23-45-453
44.97,9.40,666.00,10.71,28-04-23-08-23-45-487
51.54,8.22,666.00,8.44,28-04-23-08-23-45-519
56.58,7.48,666.00,10.91,28-04-23-08-23-45-551
61.39,7.12,666.00,9.56,28-04-23-08-23-45-585
66.52,7.11,666.00,7.75,28-04-23-08-23-45-620
70.70,6.98,666.00,8.30,28-04-23-08-23-45-652
75.37,7.21,666.00,7.43,28-04-23-08-23-45-687
79.47,7.26,666.00,7.23,28-04-23-08-23-45-721
83.76,7.13,666.00,5.15,28-04-23-08-23-45-752
86.93,6.89,666.00,5.26,28-04-23-08-23-45-784
89.65,5.94,666.00,4.44,28-04-23-08-23-45-821
92.28,5.24,666.00,4.82,28-04-23-08-23-45-851
96.02,4.69,666.00,4.29,28-04-23-08-23-45-884
97.93,4.01,666.00,4.63,28-04-23-08-23-45-919
100.56,3.33,666.00,5.02,28-04-23-08-23-45-952
102.35,2.89,666.00,5.35,28-04-23-08-23-45-984
104.17,2.34,666.00,6.32,28-04-23-08-23-46-019
106.35,2.09,666.00,7.40,28-04-23-08-23-46-053
108.34,1.41,666.00,7.20,28-04-23-08-23-46-085
110.07,0.86,666.00,7.14,28-04-23-08-23-46-124
111.81,0.33,666.00,6.74,28-04-23-08-23-46-154
113.57,-0.04,666.00,8.55,28-04-23-08-23-46-186
118.52,-1.00,666.00,4.90,28-04-23-08-23-46-225
121.03,-1.73,666.00,5.41,28-04-23-08-23-46-250
122.84,-2.34,666.00,5.91,28-04-23-08-23-46-287
124.31,-3.03,666.00,5.35,28-04-23-08-23-46-320
125.88,-3.56,666.00,5.38,28-04-23-08-23-46-352
127.42,-3.99,666.00,5.45,28-04-23-08-23-46-387
128.96,-4.40,666.00,5.46,28-04-23-08-23-46-419
130.62,-4.85,666.00,6.51,28-04-23-08-23-46-452
132.41,-5.59,666.00,6.86,28-04-23-08-23-46-485
134.25,-6.87,666.00,6.94,28-04-23-08-23-46-520
135.45,-7.36,666.00,6.96,28-04-23-08-23-46-552
136.33,-7.67,666.00,7.61,28-04-23-08-23-46-585
136.62,-5.95,666.00,6.88,28-04-23-08-23-46-621
136.99,-4.47,666.00,7.96,28-04-23-08-23-46-652
137.35,-3.09,666.00,8.83,28-04-23-08-23-46-683
137.86,-1.85,666.00,9.93,28-04-23-08-23-46-720
137.90,0.00,666.00,11.02,28-04-23-08-23-46-754
139.19,0.39,666.00,11.42,28-04-23-08-23-46-787
140.49,0.92,666.00,10.98,28-04-23-08-23-46-819
141.47,1.35,666.00,11.08,28-04-23-08-23-46-851
142.76,-0.53,666.00,10.94,28-04-23-08-23-46-886
143.93,-2.42,666.00,10.62,28-04-23-08-23-46-920
144.91,-4.20,666.00,10.60,28-04-23-08-23-46-953
145.87,-5.93,666.00,10.10,28-04-23-08-23-46-987
146.41,-6.68,666.00,10.02,28-04-23-08-23-47-022
146.76,-7.15,666.00,12.47,28-04-23-08-23-47-053
146.96,-7.48,666.00,13.43,28-04-23-08-23-47-087
147.02,-7.55,666.00,14.45,28-04-23-08-23-47-120
147.03,-7.44,666.00,15.35,28-04-23-08-23-47-153
147.18,-7.23,666.00,15.65,28-04-23-08-23-47-185
147.55,-7.32,666.00,15.55,28-04-23-08-23-47-218
148.04,-7.79,666.00,15.62,28-04-23-08-23-47-252
148.59,-8.77,666.00,15.89,28-04-23-08-23-47-283
150.07,-10.04,666.00,15.10,28-04-23-08-23-47-319
151.01,-11.17,666.00,14.92,28-04-23-08-23-47-353
151.56,-12.23,666.00,15.81,28-04-23-08-23-47-387
151.88,-13.63,666.00,17.28,28-04-23-08-23-47-418
152.20,-14.92,666.00,18.36,28-04-23-08-23-47-458
151.96,-14.78,666.00,20.49,28-04-23-08-23-47-485
151.79,-14.81,666.00,21.65,28-04-23-08-23-47-523
151.70,-14.92,666.00,22.45,28-04-23-08-23-47-551
151.53,-14.88,666.00,23.17,28-04-23-08-23-47-585
154.05,-11.60,666.00,19.44,28-04-23-08-23-47-622
155.03,-9.11,666.00,18.21,28-04-23-08-23-47-651
155.45,-7.44,666.00,18.29,28-04-23-08-23-47-686
155.68,-6.32,666.00,19.87,28-04-23-08-23-47-721
155.84,-5.57,666.00,20.79,28-04-23-08-23-47-750
155.98,-5.06,666.00,21.49,28-04-23-08-23-47-786
156.23,-4.70,666.00,21.91,28-04-23-08-23-47-822
156.50,-4.66,666.00,22.59,28-04-23-08-23-47-851
157.01,-4.78,666.00,27.37,28-04-23-08-23-47-886
157.51,-4.92,666.00,28.63,28-04-23-08-23-47-919
157.96,-5.17,666.00,29.07,28-04-23-08-23-47-952
158.51,-5.75,-102.25,31.05,28-04-23-08-23-47-988
160.75,-6.59,666.00,27.77,28-04-23-08-23-48-019
163.01,-7.12,666.00,24.71,28-04-23-08-23-48-053
165.89,-6.21,666.00,22.08,28-04-23-08-23-48-087
171.17,34.94,666.00,20.37,28-04-23-08-23-48-120
170.64,57.09,666.00,21.05,28-04-23-08-23-48-152
170.01,67.50,666.00,22.35,28-04-23-08-23-48-184
169.42,71.85,666.00,23.24,28-04-23-08-23-48-219
168.89,75.83,666.00,23.76,28-04-23-08-23-48-251
168.43,77.27,666.00,23.68,28-04-23-08-23-48-286
168.09,79.33,666.00,23.03,28-04-23-08-23-48-322
167.84,82.69,666.00,22.46,28-04-23-08-23-48-351
169.78,82.27,666.00,19.46,28-04-23-08-23-48-386
170.15,82.71,666.00,19.03,28-04-23-08-23-48-423
170.40,82.72,666.00,18.77,28-04-23-08-23-48-453
170.09,78.02,666.00,20.07,28-04-23-08-23-48-484
170.18,77.30,666.00,20.07,28-04-23-08-23-48-520
170.22,76.80,666.00,20.15,28-04-23-08-23-48-552
170.23,76.25,666.00,19.64,28-04-23-08-23-48-585
170.10,75.36,666.00,18.22,28-04-23-08-23-48-618
169.98,72.26,666.00,15.30,28-04-23-08-23-48-653
169.22,71.66,666.00,13.44,28-04-23-08-23-48-684
177.02,86.35,666.00,7.02,28-04-23-08-23-48-718
167.27,75.51,666.00,9.41,28-04-23-08-23-48-753
168.06,69.37,666.00,6.73,28-04-23-08-23-48-787
171.94,17.31,666.00,8.02,28-04-23-08-23-48-819
170.81,-10.77,666.00,9.70,28-04-23-08-23-48-853
170.71,7.05,666.00,7.07,28-04-23-08-23-48-883
166.05,52.35,666.00,7.59,28-04-23-08-23-48-919
164.80,54.42,666.00,8.45,28-04-23-08-23-48-954
164.03,55.77,666.00,8.70,28-04-23-08-23-48-984
168.08,18.51,666.00,5.29,28-04-23-08-23-49-018
169.31,15.92,666.00,4.04,28-04-23-08-23-49-054
162.62,52.31,666.00,8.04,28-04-23-08-23-49-084
164.28,32.66,666.00,4.70,28-04-23-08-23-49-119
163.77,8.85,666.00,6.44,28-04-23-08-23-49-153
162.20,1.75,666.00,7.91,28-04-23-08-23-49-184
160.37,-2.02,666.00,8.87,28-04-23-08-23-49-218
158.45,-7.63,666.00,10.09,28-04-23-08-23-49-253
157.30,-8.24,666.00,9.91,28-04-23-08-23-49-284
156.30,-4.20,666.00,9.15,28-04-23-08-23-49-323
155.38,0.57,666.00,8.12,28-04-23-08-23-49-354
154.60,2.15,666.00,7.35,28-04-23-08-23-49-387
153.66,3.66,666.00,6.01,28-04-23-08-23-49-417
152.79,4.41,666.00,4.87,28-04-23-08-23-49-451
151.72,4.25,666.00,2.69,28-04-23-08-23-49-486
149.11,3.59,666.00,4.37,28-04-23-08-23-49-519
147.41,3.24,666.00,3.90,28-04-23-08-23-49-552
145.91,2.81,666.00,2.86,28-04-23-08-23-49-585
143.96,2.08,666.00,3.19,28-04-23-08-23-49-618
141.93,1.54,666.00,3.52,28-04-23-08-23-49-652
139.76,0.64,666.00,4.10,28-04-23-08-23-49-686
138.36,0.50,666.00,4.12,28-04-23-08-23-49-719
134.10,-2.95,666.00,6.29,28-04-23-08-23-49-754
131.77,-3.97,666.00,3.26,28-04-23-08-23-49-784
129.73,-4.41,666.00,3.12,28-04-23-08-23-49-818
126.48,-4.28,666.00,2.74,28-04-23-08-23-49-852
123.91,-5.10,666.00,4.63,28-04-23-08-23-49-885
122.17,-5.16,666.00,1.55,28-04-23-08-23-49-921
120.66,-4.97,666.00,0.66,28-04-23-08-23-49-953
119.23,-4.29,666.00,1.47,28-04-23-08-23-49-986
118.01,-4.06,666.00,2.10,28-04-23-08-23-50-019
117.72,-5.19,666.00,2.09,28-04-23-08-23-50-052
119.37,-17.21,666.00,12.82,28-04-23-08-23-50-085
118.52,-18.94,666.00,14.14,28-04-23-08-23-50-119
116.91,-19.57,666.00,15.15,28-04-23-08-23-50-151
115.92,-20.41,666.00,15.09,28-04-23-08-23-50-186
110.82,-22.18,666.00,16.23,28-04-23-08-23-50-220
108.43,-21.32,666.00,13.48,28-04-23-08-23-50-251
105.99,-22.17,666.00,14.27,28-04-23-08-23-50-286
104.13,-22.97,666.00,16.62,28-04-23-08-23-50-321
100.99,-24.39,666.00,21.45,28-04-23-08-23-50-355
97.27,-22.38,666.00,22.28,28-04-23-08-23-50-387
91.22,-29.73,92.13,37.93,28-04-23-08-23-50-418
87.31,-24.68,666.00,26.76,28-04-23-08-23-50-453
82.57,-22.62,666.00,21.41,28-04-23-08-23-50-487
78.88,-23.30,666.00,22.13,28-04-23-08-23-50-519
75.53,-22.49,666.00,20.23,28-04-23-08-23-50-551
72.31,-22.10,666.00,19.92,28-04-23-08-23-50-586
66.53,-17.46,666.00,12.45,28-04-23-08-23-50-620
63.88,-16.33,666.00,11.88,28-04-23-08-23-50-652
62.38,-15.79,666.00,10.54,28-04-23-08-23-50-685
60.22,-16.49,666.00,10.61,28-04-23-08-23-50-719
59.80,-17.23,666.00,11.94,28-04-23-08-23-50-752
59.46,-17.90,666.00,12.07,28-04-23-08-23-50-788
58.13,-19.06,666.00,12.38,28-04-23-08-23-50-821
56.76,-19.85,666.00,12.33,28-04-23-08-23-50-850
55.21,-20.66,666.00,15.39,28-04-23-08-23-50-886
49.69,-29.96,666.00,23.13,28-04-23-08-23-50-919
47.81,-34.45,666.00,28.59,28-04-23-08-23-50-951
46.82,-36.87,33.03,31.66,28-04-23-08-23-50-985
45.52,-34.37,666.00,28.73,28-04-23-08-23-51-020
44.72,-31.03,666.00,25.27,28-04-23-08-23-51-054
44.35,-29.08,666.00,23.30,28-04-23-08-23-51-084
43.84,-27.67,666.00,21.57,28-04-23-08-23-51-118
43.23,-26.79,666.00,20.47,28-04-23-08-23-51-154
42.32,-26.58,666.00,20.54,28-04-23-08-23-51-185
41.06,-26.20,666.00,19.57,28-04-23-08-23-51-220
39.89,-26.45,666.00,19.39,28-04-23-08-23-51-252
38.38,-27.30,666.00,19.14,28-04-23-08-23-51-287
36.86,-27.67,666.00,19.26,28-04-23-08-23-51-318
34.61,-28.61,666.00,18.64,28-04-23-08-23-51-352
33.21,-29.15,666.00,18.57,28-04-23-08-23-51-387
31.97,-29.58,666.00,18.35,28-04-23-08-23-51-419
30.66,-29.70,666.00,22.45,28-04-23-08-23-51-456
29.21,-29.75,666.00,23.61,28-04-23-08-23-51-487
27.29,-29.34,666.00,22.71,28-04-23-08-23-51-519
25.25,-27.96,666.00,20.24,28-04-23-08-23-51-551
23.87,-26.78,666.00,18.78,28-04-23-08-23-51-586
22.68,-25.70,666.00,19.95,28-04-23-08-23-51-620
21.37,-23.72,666.00,18.59,28-04-23-08-23-51-653
19.89,-20.95,666.00,16.14,28-04-23-08-23-51-687
18.82,-18.24,666.00,16.63,28-04-23-08-23-51-718
18.01,-15.44,666.00,16.17,28-04-23-08-23-51-751
17.44,-13.02,666.00,15.53,28-04-23-08-23-51-787
16.97,-10.84,666.00,14.85,28-04-23-08-23-51-819
16.48,-8.86,666.00,14.43,28-04-23-08-23-51-852
16.10,-6.98,666.00,14.05,28-04-23-08-23-51-887
15.82,-5.40,666.00,13.97,28-04-23-08-23-51-919
15.64,-4.08,666.00,13.99,28-04-23-08-23-51-953
15.52,-2.97,666.00,14.14,28-04-23-08-23-51-989
15.46,-1.97,666.00,14.40,28-04-23-08-23-52-020
15.44,-1.14,666.00,14.81,28-04-23-08-23-52-053
15.40,-0.41,666.00,15.59,28-04-23-08-23-52-087
15.35,0.33,666.00,16.31,28-04-23-08-23-52-120
15.36,0.94,666.00,16.91,28-04-23-08-23-52-153
15.37,1.48,666.00,17.48,28-04-23-08-23-52-187
15.38,1.97,666.00,18.80,28-04-23-08-23-52-217
15.37,2.43,666.00,19.68,28-04-23-08-23-52-252
15.34,2.69,666.00,20.37,28-04-23-08-23-52-285
15.32,2.94,666.00,20.93,28-04-23-08-23-52-322
15.29,3.23,666.00,21.29,28-04-23-08-23-52-353
15.26,3.47,666.00,21.54,28-04-23-08-23-52-387
15.22,3.70,666.00,21.69,28-04-23-08-23-52-420
15.18,3.94,666.00,21.78,28-04-23-08-23-52-454
15.14,4.12,666.00,21.82,28-04-23-08-23-52-488
15.09,4.24,666.00,21.83,28-04-23-08-23-52-520
15.05,4.32,666.00,21.83,28-04-23-08-23-52-551
14.99,4.33,666.00,21.83,28-04-23-08-23-52-585
14.95,4.38,666.00,21.80,28-04-23-08-23-52-621
14.88,4.43,666.00,21.75,28-04-23-08-23-52-652
14.79,4.52,666.00,21.70,28-04-23-08-23-52-685
14.71,4.63,666.00,21.61,28-04-23-08-23-52-721
14.57,4.79,666.00,21.41,28-04-23-08-23-52-750
14.45,4.93,666.00,21.16,28-04-23-08-23-52-785
14.40,5.07,666.00,20.94,28-04-23-08-23-52-820
14.38,5.20,666.00,20.52,28-04-23-08-23-52-852
14.34,5.32,666.00,19.93,28-04-23-08-23-52-886
14.32,5.40,666.00,18.82,28-04-23-08-23-52-918
14.33,5.41,666.00,17.55,28-04-23-08-23-52-952
14.38,5.37,666.00,16.28,28-04-23-08-23-52-986
14.46,4.88,666.00,14.95,28-04-23-08-23-53-020
14.60,4.51,666.00,14.20,28-04-23-08-23-53-054
14.74,4.32,666.00,14.91,28-04-23-08-23-53-086
15.06,4.57,666.00,15.91,28-04-23-08-23-53-119
15.67,4.83,666.00,17.01,28-04-23-08-23-53-153
16.77,5.52,666.00,17.35,28-04-23-08-23-53-186
18.40,5.66,666.00,18.12,28-04-23-08-23-53-219
21.10,6.95,666.00,16.78,28-04-23-08-23-53-255
23.21,6.57,666.00,16.80,28-04-23-08-23-53-284
27.15,7.25,666.00,13.70,28-04-23-08-23-53-321
29.78,7.66,666.00,12.02,28-04-23-08-23-53-355
32.56,8.23,666.00,10.62,28-04-23-08-23-53-385
34.54,8.27,666.00,10.29,28-04-23-08-23-53-422
38.60,8.67,666.00,7.74,28-04-23-08-23-53-451
41.05,8.73,666.00,6.77,28-04-23-08-23-53-487
42.61,8.59,666.00,7.61,28-04-23-08-23-53-520
44.62,8.25,666.00,7.15,28-04-23-08-23-53-555
46.30,7.76,666.00,6.84,28-04-23-08-23-53-585
48.01,7.36,666.00,6.55,28-04-23-08-23-53-621
50.00,6.18,666.00,7.45,28-04-23-08-23-53-653
51.34,5.42,666.00,7.89,28-04-23-08-23-53-688
52.50,4.95,666.00,7.86,28-04-23-08-23-53-721
53.58,4.66,666.00,7.62,28-04-23-08-23-53-755
54.78,4.46,666.00,7.26,28-04-23-08-23-53-785
55.96,4.39,666.00,6.74,28-04-23-08-23-53-821
57.70,4.46,666.00,6.27,28-04-23-08-23-53-850
59.36,4.55,666.00,6.01,28-04-23-08-23-53-883
61.22,4.66,666.00,5.99,28-04-23-08-23-53-920
63.39,4.53,666.00,5.62,28-04-23-08-23-53-954
66.25,4.48,666.00,4.55,28-04-23-08-23-53-987
69.20,4.39,666.00,4.85,28-04-23-08-23-54-021
72.23,4.26,666.00,3.93,28-04-23-08-23-54-052
75.82,4.26,666.00,1.79,28-04-23-08-23-54-085
77.79,4.20,666.00,1.54,28-04-23-08-23-54-119
79.58,4.16,666.00,2.36,28-04-23-08-23-54-151
81.49,4.24,666.00,3.95,28-04-23-08-23-54-185
83.56,2.21,666.00,7.42,28-04-23-08-23-54-218
86.03,2.03,666.00,6.85,28-04-23-08-23-54-253
88.04,1.89,666.00,6.86,28-04-23-08-23-54-286
90.18,1.24,666.00,7.63,28-04-23-08-23-54-319
92.79,1.39,666.00,6.38,28-04-23-08-23-54-351
94.32,1.48,666.00,6.63,28-04-23-08-23-54-384
95.66,1.48,666.00,6.55,28-04-23-08-23-54-419
96.77,1.45,666.00,6.57,28-04-23-08-23-54-456
98.15,1.47,666.00,5.81,28-04-23-08-23-54-485
100.01,1.08,666.00,7.59,28-04-23-08-23-54-520
101.81,0.79,666.00,6.61,28-04-23-08-23-54-553
103.37,0.54,666.00,5.52,28-04-23-08-23-54-585
104.84,0.03,666.00,4.53,28-04-23-08-23-54-620
105.94,-0.50,666.00,4.34,28-04-23-08-23-54-652
107.48,-1.40,666.00,7.21,28-04-23-08-23-54-685
109.11,-1.99,666.00,7.56,28-04-23-08-23-54-720
110.38,-2.31,666.00,7.83,28-04-23-08-23-54-754
112.18,-2.51,666.00,7.40,28-04-23-08-23-54-786
114.52,-2.53,666.00,6.93,28-04-23-08-23-54-819
116.97,-2.74,666.00,6.20,28-04-23-08-23-54-852
122.29,-3.36,666.00,8.90,28-04-23-08-23-54-884
124.62,-3.53,666.00,6.35,28-04-23-08-23-54-922
126.75,-3.93,666.00,7.82,28-04-23-08-23-54-951
127.79,-3.68,666.00,6.82,28-04-23-08-23-54-985
128.41,-3.45,666.00,5.50,28-04-23-08-23-55-019
128.03,-2.31,666.00,4.75,28-04-23-08-23-55-052
128.50,-1.52,666.00,8.75,28-04-23-08-23-55-087
129.31,-1.06,666.00,11.14,28-04-23-08-23-55-119
131.66,-0.44,666.00,9.64,28-04-23-08-23-55-154
133.34,0.03,666.00,9.33,28-04-23-08-23-55-187
134.86,0.08,666.00,10.62,28-04-23-08-23-55-219
136.74,0.29,666.00,10.90,28-04-23-08-23-55-254
138.46,0.71,666.00,11.08,28-04-23-08-23-55-287
139.49,1.32,666.00,12.07,28-04-23-08-23-55-319
140.63,2.20,666.00,14.57,28-04-23-08-23-55-353
142.39,3.38,666.00,14.32,28-04-23-08-23-55-388
143.88,4.14,666.00,15.03,28-04-23-08-23-55-420
145.41,4.79,666.00,13.97,28-04-23-08-23-55-454
147.04,4.45,666.00,14.64,28-04-23-08-23-55-485
148.44,3.35,666.00,15.01,28-04-23-08-23-55-520
150.19,3.16,666.00,13.46,28-04-23-08-23-55-552
151.19,2.94,666.00,13.69,28-04-23-08-23-55-587
152.54,0.44,666.00,14.97,28-04-23-08-23-55-618
157.04,10.45,666.00,7.74,28-04-23-08-23-55-655
157.81,7.81,666.00,13.44,28-04-23-08-23-55-684
160.11,7.48,666.00,13.23,28-04-23-08-23-55-719
159.53,16.39,666.00,14.09,28-04-23-08-23-55-752
161.57,16.36,666.00,12.31,28-04-23-08-23-55-786
162.60,16.04,666.00,12.09,28-04-23-08-23-55-820
163.17,-5.05,666.00,12.35,28-04-23-08-23-55-852
162.91,-14.99,666.00,14.66,28-04-23-08-23-55-884
162.93,-18.49,666.00,15.34,28-04-23-08-23-55-921
163.18,-23.37,666.00,15.52,28-04-23-08-23-55-951
163.29,-24.41,666.00,17.36,28-04-23-08-23-55-986
163.83,-24.50,666.00,17.57,28-04-23-08-23-56-019
164.06,9.75,666.00,18.18,28-04-23-08-23-56-052
164.42,27.17,666.00,18.13,28-04-23-08-23-56-086
168.73,86.29,666.00,14.55,28-04-23-08-23-56-120
166.00,115.85,666.00,15.14,28-04-23-08-23-56-153
162.53,127.00,666.00,16.89,28-04-23-08-23-56-186
161.04,129.76,666.00,18.12,28-04-23-08-23-56-220
160.61,129.80,666.00,18.84,28-04-23-08-23-56-255
161.26,126.16,666.00,19.25,28-04-23-08-23-56-284
162.15,121.92,666.00,21.37,28-04-23-08-23-56-318
163.01,112.71,666.00,22.03,28-04-23-08-23-56-353
164.48,104.19,666.00,22.61,28-04-23-08-23-56-390
165.35,100.72,666.00,22.56,28-04-23-08-23-56-419
165.81,103.26,666.00,21.99,28-04-23-08-23-56-451
166.08,104.06,666.00,19.70,28-04-23-08-23-56-485
166.22,104.39,666.00,18.15,28-04-23-08-23-56-520
166.15,103.68,666.00,18.40,28-04-23-08-23-56-552
166.07,102.88,666.00,15.84,28-04-23-08-23-56-585
162.81,100.14,666.00,15.86,28-04-23-08-23-56-620
161.50,108.08,666.00,16.65,28-04-23-08-23-56-650
160.75,111.23,666.00,17.22,28-04-23-08-23-56-682
160.33,106.90,666.00,15.10,28-04-23-08-23-56-718
166.21,62.11,666.00,8.59,28-04-23-08-23-56-751
166.96,12.75,666.00,8.48,28-04-23-08-23-56-784
166.35,-4.83,666.00,9.48,28-04-23-08-23-56-819
164.14,3.83,666.00,9.22,28-04-23-08-23-56-853
164.94,-18.90,666.00,10.02,28-04-23-08-23-56-887
164.31,-17.93,666.00,9.22,28-04-23-08-23-56-919
162.91,-5.68,666.00,8.49,28-04-23-08-23-56-950
161.03,5.20,666.00,8.58,28-04-23-08-23-56-985
158.48,-6.02,666.00,12.27,28-04-23-08-23-57-020
153.48,-3.37,666.00,18.81,28-04-23-08-23-57-053
149.33,-4.17,666.00,21.26,28-04-23-08-23-57-086
147.25,-3.86,666.00,21.59,28-04-23-08-23-57-122
145.92,-3.66,666.00,21.21,28-04-23-08-23-57-152
144.91,-3.49,666.00,16.73,28-04-23-08-23-57-186
144.28,-2.25,666.00,14.22,28-04-23-08-23-57-220
143.50,-1.70,666.00,13.30,28-04-23-08-23-57-250
142.75,-0.60,666.00,10.10,28-04-23-08-23-57-283
142.20,0.41,666.00,8.17,28-04-23-08-23-57-320
141.64,1.56,666.00,5.54,28-04-23-08-23-57-354
140.99,2.31,666.00,3.82,28-04-23-08-23-57-387
140.11,2.62,666.00,4.06,28-04-23-08-23-57-421
138.84,2.83,666.00,5.52,28-04-23-08-23-57-451
137.07,2.02,666.00,7.98,28-04-23-08-23-57-484
134.99,1.23,666.00,8.29,28-04-23-08-23-57-521
133.46,0.76,666.00,9.05,28-04-23-08-23-57-550
132.12,0.59,666.00,9.85,28-04-23-08-23-57-586
130.88,0.23,666.00,8.27,28-04-23-08-23-57-617
129.19,-0.83,666.00,8.79,28-04-23-08-23-57-653
124.79,-2.83,666.00,11.05,28-04-23-08-23-57-686
122.34,-4.26,666.00,11.78,28-04-23-08-23-57-721
120.45,-4.22,666.00,7.87,28-04-23-08-23-57-753
119.06,-4.29,666.00,5.29,28-04-23-08-23-57-783
117.96,-4.22,666.00,4.16,28-04-23-08-23-57-819
115.74,-4.28,666.00,5.41,28-04-23-08-23-57-853
114.19,-4.50,666.00,5.78,28-04-23-08-23-57-885
115.75,-8.98,666.00,1.17,28-04-23-08-23-57-919
116.47,-12.19,666.00,6.32,28-04-23-08-23-57-953
112.92,-14.42,666.00,5.29,28-04-23-08-23-57-986
111.19,-15.58,666.00,6.68,28-04-23-08-23-58-018
109.25,-16.19,666.00,6.59,28-04-23-08-23-58-054
107.67,-17.60,666.00,6.63,28-04-23-08-23-58-085
102.65,-21.91,666.00,11.76,28-04-23-08-23-58-120
100.75,-23.30,666.00,19.95,28-04-23-08-23-58-155
97.82,-21.83,666.00,17.64,28-04-23-08-23-58-185
96.04,-22.27,666.00,19.61,28-04-23-08-23-58-221
93.06,-24.21,666.00,25.93,28-04-23-08-23-58-254
90.75,-22.20,666.00,22.34,28-04-23-08-23-58-285
87.16,-23.05,666.00,25.41,28-04-23-08-23-58-319
84.86,-22.37,666.00,23.18,28-04-23-08-23-58-363
83.49,-21.72,666.00,21.74,28-04-23-08-23-58-385
81.87,-20.60,666.00,22.66,28-04-23-08-23-58-418
79.73,-19.55,666.00,21.31,28-04-23-08-23-58-453
77.98,-18.84,666.00,19.84,28-04-23-08-23-58-486
75.30,-18.17,666.00,18.10,28-04-23-08-23-58-520
72.45,-18.04,666.00,17.03,28-04-23-08-23-58-554
69.07,-13.85,666.00,11.85,28-04-23-08-23-58-587
68.68,-13.57,666.00,13.05,28-04-23-08-23-58-619
64.55,-9.75,666.00,4.82,28-04-23-08-23-58-650
62.64,-7.81,666.00,2.32,28-04-23-08-23-58-685
60.95,-6.83,666.00,2.04,28-04-23-08-23-58-721
62.39,-10.56,666.00,5.63,28-04-23-08-23-58-751
62.75,-12.44,666.00,7.97,28-04-23-08-23-58-786
62.75,-13.38,666.00,10.71,28-04-23-08-23-58-820
62.52,-13.91,666.00,11.81,28-04-23-08-23-58-852
61.66,-14.14,666.00,11.61,28-04-23-08-23-58-886
61.08,-14.25,666.00,12.66,28-04-23-08-23-58-920
59.72,-14.73,666.00,12.62,28-04-23-08-23-58-953
58.65,-15.15,666.00,13.30,28-04-23-08-23-58-986
57.65,-15.23,666.00,13.88,28-04-23-08-23-59-022
56.73,-15.08,666.00,14.06,28-04-23-08-23-59-053
55.77,-14.88,666.00,15.70,28-04-23-08-23-59-084
54.88,-14.41,666.00,17.34,28-04-23-08-23-59-121
49.90,-24.97,666.00,29.35,28-04-23-08-23-59-152
47.31,-19.78,666.00,23.11,28-04-23-08-23-59-187
46.14,-17.06,666.00,17.80,28-04-23-08-23-59-220
45.37,-16.07,666.00,21.13,28-04-23-08-23-59-251
44.55,-15.00,666.00,22.11,28-04-23-08-23-59-286
43.24,-12.64,666.00,20.57,28-04-23-08-23-59-322
42.35,-10.84,666.00,18.74,28-04-23-08-23-59-351
40.89,-8.55,666.00,15.94,28-04-23-08-23-59-385
39.18,-6.83,666.00,13.18,28-04-23-08-23-59-421
38.08,-5.92,666.00,11.09,28-04-23-08-23-59-454
36.16,-6.84,666.00,9.42,28-04-23-08-23-59-486
34.32,-7.98,666.00,10.12,28-04-23-08-23-59-519
32.50,-9.75,666.00,12.17,28-04-23-08-23-59-553
31.36,-11.01,666.00,12.57,28-04-23-08-23-59-586
30.32,-12.16,666.00,13.37,28-04-23-08-23-59-620
29.19,-13.21,666.00,14.08,28-04-23-08-23-59-653
28.45,-14.04,666.00,14.68,28-04-23-08-23-59-685
26.90,-26.31,666.00,26.59,28-04-23-08-23-59-720
25.86,-27.26,666.00,27.02,28-04-23-08-23-59-754
25.07,-27.26,666.00,26.61,28-04-23-08-23-59-784
24.37,-26.60,666.00,25.59,28-04-23-08-23-59-819
23.58,-25.57,666.00,24.47,28-04-23-08-23-59-854
22.08,-23.26,666.00,22.97,28-04-23-08-23-59-885
20.91,-21.28,666.00,21.96,28-04-23-08-23-59-919
19.61,-20.08,666.00,21.51,28-04-23-08-23-59-953
18.48,-19.43,666.00,21.63,28-04-23-08-23-59-986
17.61,-19.00,666.00,21.68,28-04-23-08-24-00-019
16.87,-18.62,666.00,21.81,28-04-23-08-24-00-054
16.28,-18.12,666.00,21.85,28-04-23-08-24-00-086
15.72,-17.56,666.00,21.78,28-04-23-08-24-00-120
14.89,-16.25,666.00,20.75,28-04-23-08-24-00-154
14.06,-14.07,666.00,19.39,28-04-23-08-24-00-186
13.37,-11.75,666.00,18.13,28-04-23-08-24-00-219
12.85,-9.62,666.00,17.19,28-04-23-08-24-00-254
12.31,-6.82,666.00,16.26,28-04-23-08-24-00-285
11.92,-4.51,666.00,15.53,28-04-23-08-24-00-316
11.64,-2.67,666.00,14.98,28-04-23-08-24-00-355
11.43,-1.13,666.00,14.59,28-04-23-08-24-00-386
11.26,0.16,666.00,14.29,28-04-23-08-24-00-420
11.12,1.25,666.00,14.07,28-04-23-08-24-00-454
11.04,2.32,666.00,13.84,28-04-23-08-24-00-483
10.98,3.33,666.00,13.64,28-04-23-08-24-00-520
10.94,4.20,666.00,13.48,28-04-23-08-24-00-558
10.92,4.95,666.00,13.37,28-04-23-08-24-00-584
10.83,6.14,666.00,13.17,28-04-23-08-24-00-621
10.76,7.27,666.00,13.00,28-04-23-08-24-00-652
10.69,8.39,666.00,12.83,28-04-23-08-24-00-687
10.65,9.44,666.00,12.69,28-04-23-08-24-00-717
10.57,10.93,666.00,12.46,28-04-23-08-24-00-752
10.49,12.65,666.00,12.28,28-04-23-08-24-00-784
10.47,13.83,666.00,12.63,28-04-23-08-24-00-819
10.49,15.07,666.00,13.26,28-04-23-08-24-00-854
10.54,16.07,666.00,14.27,28-04-23-08-24-00-886
10.92,14.85,666.00,16.24,28-04-23-08-24-00-919
11.57,13.13,666.00,18.02,28-04-23-08-24-00-956
12.24,11.08,666.00,19.67,28-04-23-08-24-00-985
12.97,9.45,666.00,20.61,28-04-23-08-24-01-021
13.75,8.10,666.00,21.41,28-04-23-08-24-01-052
14.75,5.92,666.00,22.06,28-04-23-08-24-01-085
16.29,3.89,666.00,23.61,28-04-23-08-24-01-121
19.50,6.01,666.00,20.27,28-04-23-08-24-01-152
22.85,7.85,666.00,17.10,28-04-23-08-24-01-184
25.97,8.90,666.00,14.65,28-04-23-08-24-01-220
29.05,9.80,666.00,13.39,28-04-23-08-24-01-254
31.75,10.05,666.00,14.62,28-04-23-08-24-01-285
37.14,12.08,666.00,10.91,28-04-23-08-24-01-321
40.74,12.28,666.00,12.03,28-04-23-08-24-01-351
44.54,12.06,666.00,12.20,28-04-23-08-24-01-385
49.50,10.96,666.00,10.76,28-04-23-08-24-01-419
53.96,9.98,666.00,9.49,28-04-23-08-24-01-455
59.40,9.30,666.00,8.42,28-04-23-08-24-01-483
63.89,8.99,666.00,5.88,28-04-23-08-24-01-521
67.76,8.71,666.00,7.71,28-04-23-08-24-01-552
71.78,8.65,666.00,6.39,28-04-23-08-24-01-586
76.17,8.66,666.00,3.71,28-04-23-08-24-01-621
79.68,8.00,666.00,3.54,28-04-23-08-24-01-652
82.62,7.51,666.00,3.34,28-04-23-08-24-01-686
85.25,7.10,666.00,4.20,28-04-23-08-24-01-721
87.80,6.66,666.00,3.90,28-04-23-08-24-01-751
90.18,6.24,666.00,3.95,28-04-23-08-24-01-785
91.56,5.11,666.00,4.88,28-04-23-08-24-01-823
95.69,6.31,666.00,3.36,28-04-23-08-24-01-851
98.70,5.92,666.00,6.25,28-04-23-08-24-01-883
100.35,5.40,666.00,6.28,28-04-23-08-24-01-921
100.46,4.48,666.00,4.57,28-04-23-08-24-01-952
101.03,3.51,666.00,3.98,28-04-23-08-24-01-982
101.70,2.56,666.00,4.81,28-04-23-08-24-02-019
102.33,1.79,666.00,5.94,28-04-23-08-24-02-052
103.09,1.09,666.00,6.80,28-04-23-08-24-02-084
103.86,0.29,666.00,8.37,28-04-23-08-24-02-121
104.88,0.09,666.00,8.47,28-04-23-08-24-02-151
107.13,-0.17,666.00,7.44,28-04-23-08-24-02-185
108.62,-0.24,666.00,7.38,28-04-23-08-24-02-221
109.90,-0.47,666.00,7.76,28-04-23-08-24-02-251
112.10,-0.26,666.00,7.89,28-04-23-08-24-02-284
115.26,0.49,666.00,7.29,28-04-23-08-24-02-319
117.41,1.47,666.00,5.65,28-04-23-08-24-02-351
118.65,2.54,666.00,9.17,28-04-23-08-24-02-385
120.49,2.63,666.00,5.67,28-04-23-08-24-02-421
121.43,3.15,666.00,5.94,28-04-23-08-24-02-452
122.86,3.72,666.00,5.39,28-04-23-08-24-02-482
124.21,4.34,666.00,6.56,28-04-23-08-24-02-522
125.39,4.99,666.00,9.38,28-04-23-08-24-02-552
127.20,5.51,666.00,8.03,28-04-23-08-24-02-587
129.48,5.99,666.00,11.65,28-04-23-08-24-02-623
131.78,5.35,666.00,11.28,28-04-23-08-24-02-654
133.40,4.95,666.00,10.78,28-04-23-08-24-02-684
134.63,4.70,666.00,10.70,28-04-23-08-24-02-720
135.57,4.41,666.00,10.93,28-04-23-08-24-02-753
136.36,4.04,666.00,11.72,28-04-23-08-24-02-784
137.62,4.06,666.00,11.78,28-04-23-08-24-02-819
138.46,4.14,666.00,13.03,28-04-23-08-24-02-855
139.26,4.29,666.00,13.68,28-04-23-08-24-02-883
140.69,3.43,666.00,14.69,28-04-23-08-24-02-921
141.29,3.63,666.00,15.25,28-04-23-08-24-02-953
141.76,3.94,666.00,15.38,28-04-23-08-24-02-985
142.99,4.74,666.00,14.53,28-04-23-08-24-03-018
143.76,5.29,666.00,14.56,28-04-23-08-24-03-050
144.32,5.81,666.00,14.58,28-04-23-08-24-03-084
144.82,6.29,666.00,14.80,28-04-23-08-24-03-117
145.40,6.58,666.00,15.33,28-04-23-08-24-03-152
148.72,8.97,666.00,8.35,28-04-23-08-24-03-182
149.62,9.10,666.00,7.97,28-04-23-08-24-03-221
150.25,9.23,666.00,8.23,28-04-23-08-24-03-252
150.58,9.09,666.00,9.21,28-04-23-08-24-03-283
151.96,10.35,666.00,9.58,28-04-23-08-24-03-320
152.24,9.32,666.00,11.34,28-04-23-08-24-03-351
152.35,8.68,666.00,13.43,28-04-23-08-24-03-387
152.42,8.55,666.00,15.07,28-04-23-08-24-03-419
152.51,8.82,666.00,16.57,28-04-23-08-24-03-452
152.74,9.58,666.00,17.90,28-04-23-08-24-03-486
152.84,10.50,666.00,18.59,28-04-23-08-24-03-523
152.90,11.54,666.00,19.34,28-04-23-08-24-03-551
153.04,12.33,666.00,20.24,28-04-23-08-24-03-586
153.23,12.98,666.00,21.16,28-04-23-08-24-03-622
153.50,13.70,666.00,21.61,28-04-23-08-24-03-654
153.80,14.47,666.00,21.98,28-04-23-08-24-03-686
154.14,15.19,666.00,22.40,28-04-23-08-24-03-718
154.92,15.70,666.00,23.41,28-04-23-08-24-03-751
155.80,16.24,666.00,22.05,28-04-23-08-24-03-787
157.16,17.74,666.00,22.30,28-04-23-08-24-03-819
158.73,16.75,666.00,20.47,28-04-23-08-24-03-853
159.59,15.77,666.00,20.88,28-04-23-08-24-03-887
160.12,15.18,666.00,22.79,28-04-23-08-24-03-918
160.55,14.56,-95.46,30.05,28-04-23-08-24-03-953
161.35,13.47,-97.04,32.42,28-04-23-08-24-03-988
161.86,14.31,-92.90,36.71,28-04-23-08-24-04-017
162.82,16.01,-91.50,38.61,28-04-23-08-24-04-055
163.21,19.59,-89.77,39.76,28-04-23-08-24-04-087
163.89,26.83,-89.41,42.09,28-04-23-08-24-04-120
163.93,34.58,-89.02,42.42,28-04-23-08-24-04-154
163.72,40.05,-86.76,43.83,28-04-23-08-24-04-185
163.31,45.63,-83.86,44.59,28-04-23-08-24-04-219
162.91,52.31,-79.38,44.95,28-04-23-08-24-04-254
162.53,57.36,-75.46,44.99,28-04-23-08-24-04-285
162.25,61.02,-72.43,44.86,28-04-23-08-24-04-319
161.96,63.09,-70.57,44.65,28-04-23-08-24-04-354
161.75,62.69,-70.97,44.28,28-04-23-08-24-04-386
161.60,62.77,-70.09,44.41,28-04-23-08-24-04-421
161.50,62.34,-69.52,44.58,28-04-23-08-24-04-450
161.46,61.09,-69.57,44.80,28-04-23-08-24-04-485
161.47,59.83,-69.69,45.00,28-04-23-08-24-04-520
161.50,58.77,-69.71,45.17,28-04-23-08-24-04-553
161.50,58.00,-69.72,45.27,28-04-23-08-24-04-583
161.53,57.47,-69.62,45.31,28-04-23-08-24-04-619
161.58,57.26,-69.26,45.26,28-04-23-08-24-04-655
161.60,56.96,-68.22,41.78,28-04-23-08-24-04-685
161.61,56.42,-67.59,39.80,28-04-23-08-24-04-720
161.63,53.59,-69.45,38.68,28-04-23-08-24-04-752
161.60,50.77,-65.54,36.81,28-04-23-08-24-04-787
161.65,44.48,-69.27,35.56,28-04-23-08-24-04-817
161.06,36.05,-74.11,35.42,28-04-23-08-24-04-853
160.74,32.77,-75.83,35.23,28-04-23-08-24-04-887
160.22,30.30,-76.88,35.13,28-04-23-08-24-04-927
158.16,28.16,-76.11,34.06,28-04-23-08-24-04-962
156.82,26.19,-75.87,31.58,28-04-23-08-24-04-987
156.01,24.71,666.00,24.76,28-04-23-08-24-05-020
154.64,23.47,666.00,26.20,28-04-23-08-24-05-063
154.15,22.71,666.00,25.18,28-04-23-08-24-05-085
154.43,21.22,666.00,21.33,28-04-23-08-24-05-118
154.48,20.22,666.00,19.88,28-04-23-08-24-05-154
154.45,19.36,666.00,19.16,28-04-23-08-24-05-183
154.25,18.49,666.00,18.51,28-04-23-08-24-05-217
153.70,17.04,666.00,13.59,28-04-23-08-24-05-254
149.46,7.45,666.00,17.45,28-04-23-08-24-05-286
148.27,4.74,666.00,17.39,28-04-23-08-24-05-317
146.43,4.54,666.00,17.68,28-04-23-08-24-05-350
144.35,5.10,666.00,17.31,28-04-23-08-24-05-384
142.76,5.35,666.00,15.56,28-04-23-08-24-05-421
141.42,5.49,666.00,14.21,28-04-23-08-24-05-454
139.84,4.95,666.00,13.74,28-04-23-08-24-05-485
135.37,4.42,666.00,16.50,28-04-23-08-24-05-522
133.49,4.25,666.00,16.38,28-04-23-08-24-05-554
132.21,4.21,666.00,14.77,28-04-23-08-24-05-586
130.93,3.87,666.00,11.63,28-04-23-08-24-05-620
129.72,3.36,666.00,11.28,28-04-23-08-24-05-652
128.56,3.14,666.00,11.45,28-04-23-08-24-05-683
127.35,2.60,666.00,10.26,28-04-23-08-24-05-717
126.05,2.04,666.00,9.46,28-04-23-08-24-05-753
122.48,1.62,666.00,11.37,28-04-23-08-24-05-786
120.47,1.44,666.00,8.75,28-04-23-08-24-05-819
116.77,-0.06,666.00,5.06,28-04-23-08-24-05-854
115.18,-1.41,666.00,4.09,28-04-23-08-24-05-884
109.88,-4.36,666.00,11.95,28-04-23-08-24-05-917
108.49,-4.81,666.00,8.47,28-04-23-08-24-05-952
106.29,-4.91,666.00,7.12,28-04-23-08-24-05-984
103.01,-4.70,666.00,10.64,28-04-23-08-24-06-020
100.76,-7.31,666.00,7.73,28-04-23-08-24-06-051
97.47,-11.19,666.00,13.30,28-04-23-08-24-06-084
93.53,-10.35,666.00,14.66,28-04-23-08-24-06-119
92.27,-9.30,666.00,13.00,28-04-23-08-24-06-151
90.93,-10.24,666.00,13.11,28-04-23-08-24-06-185
90.06,-10.44,666.00,12.59,28-04-23-08-24-06-217
88.30,-8.76,666.00,9.02,28-04-23-08-24-06-251
86.29,-7.78,666.00,6.74,28-04-23-08-24-06-283
80.82,-13.28,666.00,18.92,28-04-23-08-24-06-319
78.14,-14.28,666.00,17.65,28-04-23-08-24-06-351
76.54,-11.30,666.00,13.29,28-04-23-08-24-06-386
72.08,-11.86,666.00,17.07,28-04-23-08-24-06-422
69.08,-9.90,666.00,16.05,28-04-23-08-24-06-452
66.53,-7.75,666.00,12.81,28-04-23-08-24-06-485
64.83,-6.07,666.00,7.97,28-04-23-08-24-06-521
62.43,-4.19,666.00,6.74,28-04-23-08-24-06-550
60.66,-3.24,666.00,6.27,28-04-23-08-24-06-584
56.44,-5.48,666.00,7.15,28-04-23-08-24-06-622
54.37,-5.85,666.00,7.97,28-04-23-08-24-06-652
51.53,-6.94,666.00,9.93,28-04-23-08-24-06-684
49.80,-7.03,666.00,9.95,28-04-23-08-24-06-720
44.75,-16.49,666.00,24.63,28-04-23-08-24-06-750
42.90,-20.98,666.00,29.90,28-04-23-08-24-06-785
40.94,-20.84,666.00,27.56,28-04-23-08-24-06-821
39.68,-21.04,666.00,27.63,28-04-23-08-24-06-851
38.60,-19.65,666.00,26.45,28-04-23-08-24-06-883
37.58,-19.18,666.00,25.39,28-04-23-08-24-06-918
36.21,-16.72,666.00,22.97,28-04-23-08-24-06-950
35.24,-15.79,666.00,21.82,28-04-23-08-24-06-985
33.42,-15.97,666.00,19.70,28-04-23-08-24-07-019
31.53,-16.79,666.00,19.27,28-04-23-08-24-07-050
30.08,-18.01,666.00,18.14,28-04-23-08-24-07-086
28.58,-19.44,666.00,18.11,28-04-23-08-24-07-120
26.69,-22.12,666.00,18.87,28-04-23-08-24-07-151
24.07,-23.37,666.00,23.20,28-04-23-08-24-07-186
21.80,-23.47,666.00,24.44,28-04-23-08-24-07-218
19.39,-22.70,666.00,23.16,28-04-23-08-24-07-252
17.97,-22.27,666.00,23.45,28-04-23-08-24-07-286
16.46,-21.73,666.00,22.56,28-04-23-08-24-07-320
15.07,-19.06,666.00,20.58,28-04-23-08-24-07-351
14.34,-17.60,666.00,19.52,28-04-23-08-24-07-386
13.86,-16.42,666.00,18.61,28-04-23-08-24-07-420
13.56,-15.47,666.00,18.16,28-04-23-08-24-07-452
13.30,-13.73,666.00,17.70,28-04-23-08-24-07-486
13.11,-10.86,666.00,16.85,28-04-23-08-24-07-519
13.01,-8.43,666.00,17.08,28-04-23-08-24-07-549
12.98,-6.61,666.00,17.62,28-04-23-08-24-07-587
12.93,-4.08,666.00,17.92,28-04-23-08-24-07-621
12.88,-1.55,666.00,18.13,28-04-23-08-24-07-651
12.72,1.20,666.00,18.11,28-04-23-08-24-07-686
12.39,4.76,666.00,17.82,28-04-23-08-24-07-718
12.23,7.46,666.00,17.68,28-04-23-08-24-07-751
12.12,9.78,666.00,17.48,28-04-23-08-24-07-786
12.06,11.49,666.00,17.34,28-04-23-08-24-07-819
11.95,13.37,666.00,17.11,28-04-23-08-24-07-851
11.93,14.97,666.00,16.91,28-04-23-08-24-07-885
11.83,17.29,666.00,16.53,28-04-23-08-24-07-922
11.82,18.55,666.00,16.35,28-04-23-08-24-07-953
11.82,19.55,666.00,16.20,28-04-23-08-24-07-987
11.77,20.89,666.00,15.96,28-04-23-08-24-08-020
11.65,22.87,666.00,15.57,28-04-23-08-24-08-051
11.63,23.69,666.00,15.42,28-04-23-08-24-08-087
11.61,24.39,666.00,15.30,28-04-23-08-24-08-119
11.60,24.98,666.00,15.21,28-04-23-08-24-08-151
11.58,25.45,666.00,15.15,28-04-23-08-24-08-187
11.58,25.76,666.00,15.12,28-04-23-08-24-08-219
11.58,25.98,666.00,15.11,28-04-23-08-24-08-252
11.60,26.11,666.00,15.12,28-04-23-08-24-08-287
11.57,26.66,666.00,15.04,28-04-23-08-24-08-318
11.45,29.68,666.00,14.44,28-04-23-08-24-08-353
11.37,31.97,666.00,13.98,28-04-23-08-24-08-388
11.32,33.92,666.00,13.59,28-04-23-08-24-08-419
11.30,35.33,666.00,13.30,28-04-23-08-24-08-452
11.26,37.84,666.00,12.81,28-04-23-08-24-08-484
11.21,28.99,666.00,14.49,28-04-23-08-24-08-520
11.28,26.61,666.00,14.95,28-04-23-08-24-08-550
11.40,24.74,666.00,15.32,28-04-23-08-24-08-588
11.54,22.95,666.00,15.68,28-04-23-08-24-08-621
11.64,21.68,666.00,15.94,28-04-23-08-24-08-652
11.70,21.03,666.00,16.07,28-04-23-08-24-08-688
11.77,20.50,666.00,16.16,28-04-23-08-24-08-719
11.85,19.88,666.00,16.28,28-04-23-08-24-08-751
11.92,19.24,666.00,16.42,28-04-23-08-24-08-785
11.98,18.81,666.00,16.51,28-04-23-08-24-08-819
12.03,18.41,666.00,16.58,28-04-23-08-24-08-852
11.98,19.69,666.00,16.29,28-04-23-08-24-08-885
11.94,20.73,666.00,16.03,28-04-23-08-24-08-920
11.91,21.32,666.00,15.85,28-04-23-08-24-08-950
11.96,18.08,666.00,16.43,28-04-23-08-24-08-986
11.96,16.70,666.00,16.63,28-04-23-08-24-09-021
11.97,15.49,666.00,16.81,28-04-23-08-24-09-053
11.98,14.52,666.00,16.96,28-04-23-08-24-09-086
12.00,13.71,666.00,17.08,28-04-23-08-24-09-119
12.01,12.77,666.00,17.24,28-04-23-08-24-09-151
12.03,12.08,666.00,17.36,28-04-23-08-24-09-186
12.05,11.58,666.00,17.45,28-04-23-08-24-09-221
12.06,11.29,666.00,17.50,28-04-23-08-24-09-254
12.15,9.96,666.00,17.77,28-04-23-08-24-09-288
12.20,9.52,666.00,17.87,28-04-23-08-24-09-319
12.33,8.11,666.00,18.19,28-04-23-08-24-09-355
12.43,7.27,666.00,18.38,28-04-23-08-24-09-389
12.50,6.72,666.00,18.52,28-04-23-08-24-09-421
12.55,6.43,666.00,18.59,28-04-23-08-24-09-449
12.34,8.25,666.00,18.16,28-04-23-08-24-09-485
12.00,11.45,666.00,17.41,28-04-23-08-24-09-518
11.87,13.25,666.00,17.03,28-04-23-08-24-09-554
11.60,15.77,666.00,16.44,28-04-23-08-24-09-584
11.36,17.68,666.00,15.99,28-04-23-08-24-09-619
11.19,18.97,666.00,15.65,28-04-23-08-24-09-655
11.08,19.82,666.00,15.37,28-04-23-08-24-09-686
11.09,20.22,666.00,15.16,28-04-23-08-24-09-720
10.77,17.89,666.00,15.35,28-04-23-08-24-09-753
10.70,15.95,666.00,15.48,28-04-23-08-24-09-782
10.85,14.43,666.00,15.58,28-04-23-08-24-09-820
9.12,11.06,666.00,15.81,28-04-23-08-24-09-854
7.86,9.77,666.00,15.83,28-04-23-08-24-09-884
6.76,12.69,666.00,15.46,28-04-23-08-24-09-917
6.21,17.60,666.00,15.06,28-04-23-08-24-09-949
6.08,23.23,666.00,14.67,28-04-23-08-24-09-987
6.51,26.19,666.00,14.47,28-04-23-08-24-10-019
6.77,29.27,666.00,14.34,28-04-23-08-24-10-050
6.94,32.23,666.00,14.23,28-04-23-08-24-10-084
6.66,37.00,666.00,14.08,28-04-23-08-24-10-118
6.68,39.80,666.00,13.86,28-04-23-08-24-10-151
6.58,42.97,666.00,13.53,28-04-23-08-24-10-182
6.75,43.83,666.00,13.35,28-04-23-08-24-10-219
7.10,44.77,666.00,12.95,28-04-23-08-24-10-250
7.47,44.54,666.00,12.51,28-04-23-08-24-10-285
7.82,43.81,666.00,12.03,28-04-23-08-24-10-322
8.22,41.14,666.00,11.98,28-04-23-08-24-10-350
8.59,38.71,666.00,11.98,28-04-23-08-24-10-385
8.93,36.45,666.00,12.04,28-04-23-08-24-10-419
9.30,33.53,666.00,12.36,28-04-23-08-24-10-451
9.94,22.44,666.00,14.41,28-04-23-08-24-10-485
10.71,14.97,666.00,16.07,28-04-23-08-24-10-520
11.27,10.58,666.00,17.19,28-04-23-08-24-10-551
11.48,8.82,666.00,17.23,28-04-23-08-24-10-586
13.66,-11.20,666.00,21.38,28-04-23-08-24-10-618
14.84,-18.44,666.00,22.78,28-04-23-08-24-10-652
15.30,-21.69,666.00,23.11,28-04-23-08-24-10-686
15.50,-24.44,666.00,23.08,28-04-23-08-24-10-720
14.72,-25.00,666.00,21.44,28-04-23-08-24-10-754
15.94,-32.57,666.00,23.69,28-04-23-08-24-10-785
16.16,-35.01,666.00,24.47,28-04-23-08-24-10-821
16.20,-36.56,666.00,24.81,28-04-23-08-24-10-855
16.23,-37.07,666.00,24.40,28-04-23-08-24-10-885
16.34,-37.68,666.00,24.82,28-04-23-08-24-10-919
15.99,-37.66,666.00,24.59,28-04-23-08-24-10-958
14.72,-36.51,666.00,23.16,28-04-23-08-24-10-984
13.13,-34.45,666.00,20.13,28-04-23-08-24-11-020
12.62,-31.93,666.00,21.33,28-04-23-08-24-11-057
12.74,-32.15,666.00,21.75,28-04-23-08-24-11-085
13.82,-33.80,666.00,26.70,28-04-23-08-24-11-121
12.87,-30.05,666.00,24.93,28-04-23-08-24-11-154
12.20,-27.09,666.00,23.87,28-04-23-08-24-11-184
11.53,-23.08,666.00,23.39,28-04-23-08-24-11-217
11.10,-19.49,666.00,24.02,28-04-23-08-24-11-257
10.72,-16.62,666.00,25.68,28-04-23-08-24-11-284
9.74,-9.07,666.00,24.15,28-04-23-08-24-11-321
9.03,-0.65,666.00,24.22,28-04-23-08-24-11-353
8.76,4.74,666.00,24.75,28-04-23-08-24-11-388
8.78,10.39,666.00,24.83,28-04-23-08-24-11-420
8.99,15.29,666.00,25.36,28-04-23-08-24-11-453
9.36,18.93,666.00,26.05,28-04-23-08-24-11-484
9.82,22.38,666.00,27.04,28-04-23-08-24-11-524
12.12,20.54,666.00,28.61,28-04-23-08-24-11-551
12.76,23.91,666.00,29.67,28-04-23-08-24-11-585
13.14,27.86,-47.15,31.87,28-04-23-08-24-11-621
13.42,30.38,-51.82,34.83,28-04-23-08-24-11-654
13.28,34.12,-55.82,38.04,28-04-23-08-24-11-685
13.09,40.71,-60.46,41.63,28-04-23-08-24-11-720
13.01,46.27,-62.79,43.39,28-04-23-08-24-11-753
13.05,51.58,-64.47,47.35,28-04-23-08-24-11-789
13.22,54.85,-65.34,47.95,28-04-23-08-24-11-821
13.37,56.89,-65.64,47.79,28-04-23-08-24-11-850
13.51,58.27,-65.30,47.13,28-04-23-08-24-11-887
13.63,59.35,-65.07,46.54,28-04-23-08-24-11-919
13.74,59.87,-64.95,45.99,28-04-23-08-24-11-961
13.86,60.34,-64.97,45.56,28-04-23-08-24-11-987
13.96,61.13,-67.27,46.06,28-04-23-08-24-12-022
14.03,62.19,-66.94,46.59,28-04-23-08-24-12-053
14.15,63.33,-67.35,46.89,28-04-23-08-24-12-084
14.40,63.07,-67.49,47.08,28-04-23-08-24-12-120
14.66,62.83,-67.87,47.73,28-04-23-08-24-12-156
14.94,62.40,-68.24,48.11,28-04-23-08-24-12-183
15.20,62.20,-68.65,48.74,28-04-23-08-24-12-220
15.41,62.33,-68.92,49.04,28-04-23-08-24-12-251
15.59,62.66,-69.15,49.00,28-04-23-08-24-12-285
15.83,63.44,-69.22,48.54,28-04-23-08-24-12-318
16.07,64.69,-69.42,48.14,28-04-23-08-24-12-352
16.36,65.73,-68.82,47.47,28-04-23-08-24-12-387
16.69,66.60,-69.12,46.78,28-04-23-08-24-12-420
17.01,67.85,-68.20,46.37,28-04-23-08-24-12-452
17.35,68.84,-67.56,45.98,28-04-23-08-24-12-484
17.75,70.44,-67.29,45.33,28-04-23-08-24-12-518
18.24,72.08,-67.44,46.58,28-04-23-08-24-12-552
18.79,73.73,-67.92,47.34,28-04-23-08-24-12-585
19.40,74.92,-68.28,46.85,28-04-23-08-24-12-623
20.08,75.99,-68.47,47.60,28-04-23-08-24-12-652
20.70,76.37,-68.06,50.42,28-04-23-08-24-12-683
21.23,76.30,-69.19,49.53,28-04-23-08-24-12-717
21.71,76.26,-70.47,48.52,28-04-23-08-24-12-753
22.09,76.35,-71.31,47.86,28-04-23-08-24-12-784
22.38,76.34,-71.77,47.44,28-04-23-08-24-12-818
22.61,76.47,-72.14,47.02,28-04-23-08-24-12-851
