10.80,39.05,666.00,11.83,06-04-23-07-45-00-871
10.83,38.84,666.00,11.88,06-04-23-07-45-00-884
10.86,38.66,666.00,11.93,06-04-23-07-45-00-918
10.87,38.46,666.00,11.98,06-04-23-07-45-00-953
10.89,38.29,666.00,12.02,06-04-23-07-45-00-985
10.91,38.07,666.00,12.08,06-04-23-07-45-01-016
10.92,37.86,666.00,12.13,06-04-23-07-45-01-051
10.92,37.67,666.00,12.18,06-04-23-07-45-01-083
10.93,37.46,666.00,12.23,06-04-23-07-45-01-119
10.93,37.30,666.00,12.27,06-04-23-07-45-01-150
10.93,37.16,666.00,12.31,06-04-23-07-45-01-182
10.93,36.99,666.00,12.34,06-04-23-07-45-01-217
10.92,36.84,666.00,12.38,06-04-23-07-45-01-249
10.92,36.71,666.00,12.41,06-04-23-07-45-01-281
10.92,36.62,666.00,12.43,06-04-23-07-45-01-319
10.91,36.52,666.00,12.44,06-04-23-07-45-01-353
10.91,36.44,666.00,12.46,06-04-23-07-45-01-382
10.90,36.37,666.00,12.47,06-04-23-07-45-01-418
10.90,36.31,666.00,12.48,06-04-23-07-45-01-451
10.89,36.27,666.00,12.49,06-04-23-07-45-01-483
10.89,36.23,666.00,12.49,06-04-23-07-45-01-517
10.89,36.20,666.00,12.51,06-04-23-07-45-01-550
10.89,36.19,666.00,12.56,06-04-23-07-45-01-584
10.89,36.18,666.00,12.72,06-04-23-07-45-01-617
10.88,36.15,666.00,13.21,06-04-23-07-45-01-652
10.87,36.13,666.00,14.38,06-04-23-07-45-01-683
10.87,36.12,666.00,16.33,06-04-23-07-45-01-718
10.85,36.15,666.00,19.35,06-04-23-07-45-01-751
10.84,36.18,666.00,24.25,06-04-23-07-45-01-786
10.83,36.18,666.00,29.97,06-04-23-07-45-01-820
10.82,36.24,-15.95,35.48,06-04-23-07-45-01-850
10.80,36.52,-14.67,41.74,06-04-23-07-45-01-885
10.81,37.61,-12.40,48.72,06-04-23-07-45-01-919
11.05,39.00,-12.12,53.56,06-04-23-07-45-01-952
11.36,40.71,-8.02,61.81,06-04-23-07-45-01-983
12.26,42.44,-14.32,67.72,06-04-23-07-45-02-017
14.07,44.06,-18.35,68.75,06-04-23-07-45-02-053
15.27,44.86,-21.79,69.86,06-04-23-07-45-02-085
16.08,45.00,-22.50,74.99,06-04-23-07-45-02-116
17.40,46.10,-22.16,83.17,06-04-23-07-45-02-151
18.46,46.61,-22.24,86.01,06-04-23-07-45-02-185
19.58,47.32,-22.47,87.73,06-04-23-07-45-02-218
20.34,47.55,-22.61,88.78,06-04-23-07-45-02-252
20.98,47.49,-22.69,89.57,06-04-23-07-45-02-283
21.52,47.25,-22.73,90.16,06-04-23-07-45-02-318
21.94,46.84,-22.71,90.59,06-04-23-07-45-02-350
22.39,46.28,-22.78,91.03,06-04-23-07-45-02-385
22.86,45.40,-22.88,91.87,06-04-23-07-45-02-417
23.20,44.60,-22.91,92.75,06-04-23-07-45-02-452
23.32,44.34,-22.73,94.04,06-04-23-07-45-02-489
24.19,77.64,-4.65,79.08,06-04-23-07-45-02-518
27.72,91.36,8.42,74.18,06-04-23-07-45-02-550
29.16,94.85,15.69,72.96,06-04-23-07-45-02-583
29.48,96.45,27.72,74.72,06-04-23-07-45-02-618
28.76,96.16,36.16,74.85,06-04-23-07-45-02-652
27.01,93.84,38.41,75.97,06-04-23-07-45-02-683
21.69,98.73,39.80,81.48,06-04-23-07-45-02-716
19.26,101.86,42.07,84.69,06-04-23-07-45-02-752
17.65,98.69,42.68,85.21,06-04-23-07-45-02-785
16.87,99.04,45.81,87.12,06-04-23-07-45-02-818
16.45,99.78,48.87,88.46,06-04-23-07-45-02-853
16.24,100.67,52.63,90.44,06-04-23-07-45-02-881
16.17,101.49,57.05,91.93,06-04-23-07-45-02-918
16.25,102.38,60.99,92.95,06-04-23-07-45-02-953
16.35,103.33,63.99,93.54,06-04-23-07-45-02-985
16.59,104.22,67.39,93.99,06-04-23-07-45-03-020
16.83,105.03,70.61,94.39,06-04-23-07-45-03-054
17.06,105.62,74.51,95.01,06-04-23-07-45-03-085
15.93,54.30,71.63,79.23,06-04-23-07-45-03-118
21.35,28.73,68.85,68.60,06-04-23-07-45-03-151
23.82,23.78,69.15,64.93,06-04-23-07-45-03-185
25.42,21.55,69.62,62.57,06-04-23-07-45-03-218
25.93,20.52,70.82,61.78,06-04-23-07-45-03-255
25.39,20.51,72.00,62.53,06-04-23-07-45-03-284
23.84,21.10,72.93,64.64,06-04-23-07-45-03-319
22.11,22.09,73.54,66.81,06-04-23-07-45-03-350
20.85,23.32,73.86,68.37,06-04-23-07-45-03-382
20.13,24.30,73.83,69.31,06-04-23-07-45-03-416
19.68,25.19,73.63,69.90,06-04-23-07-45-03-459
19.37,25.96,73.28,70.29,06-04-23-07-45-03-483
19.15,26.71,72.74,70.57,06-04-23-07-45-03-516
19.02,27.42,72.26,70.75,06-04-23-07-45-03-555
19.00,28.28,71.51,70.87,06-04-23-07-45-03-583
19.08,29.22,70.11,71.02,06-04-23-07-45-03-616
19.21,30.17,68.10,71.12,06-04-23-07-45-03-652
19.33,31.20,64.91,71.08,06-04-23-07-45-03-682
19.42,32.22,61.15,71.14,06-04-23-07-45-03-718
19.53,33.49,55.83,71.18,06-04-23-07-45-03-752
19.64,35.41,51.01,70.82,06-04-23-07-45-03-783
19.76,37.95,47.08,70.53,06-04-23-07-45-03-820
19.98,41.35,40.87,70.28,06-04-23-07-45-03-850
20.27,45.11,37.52,69.81,06-04-23-07-45-03-885
20.75,49.55,34.99,69.25,06-04-23-07-45-03-918
21.06,53.96,31.82,68.95,06-04-23-07-45-03-951
20.38,64.36,31.71,70.53,06-04-23-07-45-03-983
20.15,70.61,29.53,71.66,06-04-23-07-45-04-016
20.02,74.42,26.46,72.57,06-04-23-07-45-04-054
20.09,77.28,20.82,73.36,06-04-23-07-45-04-085
20.44,79.92,15.89,73.15,06-04-23-07-45-04-118
21.10,82.24,10.53,73.52,06-04-23-07-45-04-152
21.46,85.91,6.63,73.55,06-04-23-07-45-04-183
21.59,88.06,2.73,73.64,06-04-23-07-45-04-218
21.28,67.56,4.94,82.79,06-04-23-07-45-04-252
23.59,54.20,-0.72,81.97,06-04-23-07-45-04-284
24.28,51.01,-23.96,78.20,06-04-23-07-45-04-318
25.56,58.13,-35.66,75.95,06-04-23-07-45-04-350
25.94,59.78,-45.53,78.12,06-04-23-07-45-04-385
26.76,67.79,-49.18,75.88,06-04-23-07-45-04-416
23.50,72.66,-46.80,77.07,06-04-23-07-45-04-451
25.03,80.24,-48.41,74.35,06-04-23-07-45-04-485
25.91,83.52,-49.56,73.19,06-04-23-07-45-04-517
26.73,85.98,-52.99,73.70,06-04-23-07-45-04-549
27.57,87.80,-55.11,73.40,06-04-23-07-45-04-586
28.11,87.07,-57.21,73.70,06-04-23-07-45-04-619
29.09,87.73,-63.28,74.82,06-04-23-07-45-04-651
29.96,88.11,-66.05,74.17,06-04-23-07-45-04-686
30.59,88.25,-67.80,73.33,06-04-23-07-45-04-718
30.94,88.20,-68.90,72.80,06-04-23-07-45-04-752
31.12,87.98,-69.66,72.50,06-04-23-07-45-04-782
31.18,87.71,-70.15,72.29,06-04-23-07-45-04-816
31.16,87.39,-70.41,72.11,06-04-23-07-45-04-852
31.09,87.07,-70.49,71.95,06-04-23-07-45-04-884
31.00,86.75,-70.43,71.80,06-04-23-07-45-04-919
30.88,86.44,-70.28,71.66,06-04-23-07-45-04-952
30.70,86.10,-70.01,71.60,06-04-23-07-45-04-982
30.49,85.77,-69.67,71.58,06-04-23-07-45-05-016
30.27,85.44,-69.26,71.62,06-04-23-07-45-05-050
29.92,85.06,-68.69,71.76,06-04-23-07-45-05-082
29.42,84.97,-67.36,71.80,06-04-23-07-45-05-118
28.96,84.99,-65.70,71.88,06-04-23-07-45-05-150
28.55,85.10,-64.01,71.95,06-04-23-07-45-05-185
27.96,85.27,-56.67,70.68,06-04-23-07-45-05-217
27.35,85.40,-44.18,66.96,06-04-23-07-45-05-250
26.74,85.42,-38.12,66.22,06-04-23-07-45-05-284
26.27,85.41,-34.56,66.12,06-04-23-07-45-05-327
25.79,85.34,-31.83,66.53,06-04-23-07-45-05-350
25.55,85.45,-28.99,66.18,06-04-23-07-45-05-383
24.42,84.19,-26.24,66.48,06-04-23-07-45-05-421
21.37,67.48,-26.78,75.08,06-04-23-07-45-05-452
21.08,62.90,-25.95,76.79,06-04-23-07-45-05-482
20.94,59.91,-25.36,77.74,06-04-23-07-45-05-516
20.80,57.56,-24.66,80.01,06-04-23-07-45-05-551
20.44,57.05,-15.22,76.28,06-04-23-07-45-05-584
20.28,56.71,-12.29,75.23,06-04-23-07-45-05-619
19.19,63.24,-8.25,73.39,06-04-23-07-45-05-655
25.44,82.00,1.52,66.05,06-04-23-07-45-05-684
28.70,87.06,9.85,64.62,06-04-23-07-45-05-717
29.66,88.81,23.25,67.45,06-04-23-07-45-05-752
22.46,96.96,33.77,78.86,06-04-23-07-45-05-783
18.57,103.38,36.79,84.32,06-04-23-07-45-05-819
17.12,106.32,40.37,86.07,06-04-23-07-45-05-852
16.24,108.70,43.45,87.68,06-04-23-07-45-05-882
15.69,110.65,45.26,88.74,06-04-23-07-45-05-916
15.48,112.31,47.73,89.43,06-04-23-07-45-05-952
15.58,113.42,49.99,89.57,06-04-23-07-45-05-985
15.81,113.97,53.98,89.80,06-04-23-07-45-06-018
16.14,114.14,56.73,89.76,06-04-23-07-45-06-052
16.42,114.38,59.29,90.03,06-04-23-07-45-06-085
16.57,114.56,62.11,90.43,06-04-23-07-45-06-120
16.48,114.68,64.41,90.58,06-04-23-07-45-06-151
16.11,113.82,67.47,90.46,06-04-23-07-45-06-182
19.49,62.16,69.96,74.21,06-04-23-07-45-06-216
26.07,43.81,69.51,63.76,06-04-23-07-45-06-249
28.80,39.08,70.06,60.11,06-04-23-07-45-06-284
30.44,36.83,70.55,57.95,06-04-23-07-45-06-318
30.99,35.65,71.26,57.23,06-04-23-07-45-06-352
30.35,35.29,72.20,57.92,06-04-23-07-45-06-383
28.84,35.35,72.89,59.42,06-04-23-07-45-06-419
27.19,35.19,73.44,61.07,06-04-23-07-45-06-454
25.90,35.18,73.90,62.34,06-04-23-07-45-06-487
24.98,35.06,74.43,63.25,06-04-23-07-45-06-518
24.26,35.10,74.89,64.05,06-04-23-07-45-06-549
23.74,35.27,75.11,64.66,06-04-23-07-45-06-586
23.39,35.54,75.20,65.12,06-04-23-07-45-06-619
23.09,35.92,75.27,65.57,06-04-23-07-45-06-651
22.88,36.39,75.29,65.92,06-04-23-07-45-06-687
22.74,36.84,75.27,66.21,06-04-23-07-45-06-720
22.65,37.24,75.18,66.45,06-04-23-07-45-06-748
22.60,37.61,74.67,66.76,06-04-23-07-45-06-785
22.61,37.99,73.04,67.13,06-04-23-07-45-06-819
22.68,38.47,69.40,67.53,06-04-23-07-45-06-850
22.76,39.35,63.43,67.76,06-04-23-07-45-06-888
22.67,41.10,58.67,67.83,06-04-23-07-45-06-917
22.61,42.88,51.00,67.26,06-04-23-07-45-06-950
22.55,44.92,46.62,66.78,06-04-23-07-45-06-983
22.53,47.25,43.64,66.36,06-04-23-07-45-07-017
22.56,49.89,41.68,65.96,06-04-23-07-45-07-055
22.59,52.26,38.55,65.54,06-04-23-07-45-07-087
22.64,54.89,34.76,65.12,06-04-23-07-45-07-118
22.62,57.59,32.13,64.81,06-04-23-07-45-07-151
22.58,60.96,27.94,63.54,06-04-23-07-45-07-182
18.59,86.58,34.77,71.89,06-04-23-07-45-07-220
18.12,99.68,32.82,74.89,06-04-23-07-45-07-252
18.19,105.60,31.79,76.22,06-04-23-07-45-07-286
18.36,108.38,30.12,76.39,06-04-23-07-45-07-319
19.75,102.72,26.94,73.56,06-04-23-07-45-07-351
20.15,101.67,21.96,72.76,06-04-23-07-45-07-385
20.27,101.02,18.70,72.89,06-04-23-07-45-07-417
20.18,100.70,17.18,73.15,06-04-23-07-45-07-450
20.06,100.56,16.21,73.28,06-04-23-07-45-07-491
19.25,86.51,13.61,81.80,06-04-23-07-45-07-517
20.19,55.00,8.34,83.48,06-04-23-07-45-07-551
22.14,45.95,7.71,84.03,06-04-23-07-45-07-583
23.45,43.59,5.43,81.20,06-04-23-07-45-07-619
25.99,53.19,-17.12,76.08,06-04-23-07-45-07-650
27.99,60.60,-33.70,67.62,06-04-23-07-45-07-691
29.27,65.38,-44.03,67.59,06-04-23-07-45-07-716
29.94,67.97,-46.82,66.79,06-04-23-07-45-07-750
30.29,69.47,-47.63,66.72,06-04-23-07-45-07-783
30.43,70.67,-49.88,67.62,06-04-23-07-45-07-818
30.42,71.51,-50.20,68.50,06-04-23-07-45-07-854
30.28,72.31,-50.47,68.75,06-04-23-07-45-07-885
30.03,73.33,-50.45,68.85,06-04-23-07-45-07-917
29.80,74.82,-50.58,68.90,06-04-23-07-45-07-954
29.67,76.88,-53.99,71.00,06-04-23-07-45-07-983
29.65,79.18,-55.72,71.55,06-04-23-07-45-08-018
29.58,79.81,-57.26,72.45,06-04-23-07-45-08-050
30.23,84.87,-58.97,70.84,06-04-23-07-45-08-084
30.69,87.75,-60.33,70.16,06-04-23-07-45-08-116
30.95,89.38,-61.23,69.84,06-04-23-07-45-08-152
31.13,90.44,-63.62,70.35,06-04-23-07-45-08-185
31.25,91.12,-64.95,70.59,06-04-23-07-45-08-226
30.75,89.45,-65.64,70.31,06-04-23-07-45-08-248
30.71,89.17,-66.19,70.26,06-04-23-07-45-08-284
30.55,88.23,-66.60,70.19,06-04-23-07-45-08-319
30.53,88.17,-66.85,70.25,06-04-23-07-45-08-354
30.66,88.52,-67.11,70.37,06-04-23-07-45-08-383
30.05,86.98,-66.81,70.92,06-04-23-07-45-08-417
30.67,89.15,-67.02,70.77,06-04-23-07-45-08-451
29.95,87.37,-66.30,71.26,06-04-23-07-45-08-483
29.36,85.81,-61.76,69.66,06-04-23-07-45-08-519
29.23,85.52,-59.72,69.18,06-04-23-07-45-08-551
29.16,85.38,-57.86,68.89,06-04-23-07-45-08-586
29.14,85.37,-55.60,68.55,06-04-23-07-45-08-617
29.15,85.32,-54.36,68.43,06-04-23-07-45-08-650
29.10,85.12,-53.54,68.59,06-04-23-07-45-08-686
27.99,82.18,-45.41,67.84,06-04-23-07-45-08-717
27.72,80.94,-42.57,68.20,06-04-23-07-45-08-750
27.41,80.12,-38.75,67.82,06-04-23-07-45-08-785
27.59,79.87,-35.39,68.21,06-04-23-07-45-08-816
27.80,79.63,-32.52,67.97,06-04-23-07-45-08-850
23.90,73.19,-19.46,71.94,06-04-23-07-45-08-883
22.07,69.27,-15.38,73.82,06-04-23-07-45-08-917
19.47,59.04,-13.95,77.23,06-04-23-07-45-08-950
18.82,56.09,-13.40,79.10,06-04-23-07-45-08-985
18.39,54.16,-13.66,80.73,06-04-23-07-45-09-020
18.13,84.84,-2.12,75.49,06-04-23-07-45-09-050
19.75,98.30,5.70,74.66,06-04-23-07-45-09-085
26.72,95.18,13.22,68.85,06-04-23-07-45-09-117
25.54,98.05,9.41,68.98,06-04-23-07-45-09-150
24.17,99.90,24.29,71.87,06-04-23-07-45-09-184
22.90,100.97,33.60,74.67,06-04-23-07-45-09-216
21.76,101.47,36.87,76.19,06-04-23-07-45-09-253
20.12,105.57,40.49,80.28,06-04-23-07-45-09-284
19.20,108.87,42.82,82.96,06-04-23-07-45-09-319
18.60,111.44,44.75,84.87,06-04-23-07-45-09-355
18.25,113.43,46.56,86.26,06-04-23-07-45-09-383
18.05,114.86,48.57,87.65,06-04-23-07-45-09-417
17.97,115.89,50.26,88.55,06-04-23-07-45-09-449
17.97,116.76,52.13,89.25,06-04-23-07-45-09-484
18.06,117.44,53.92,89.58,06-04-23-07-45-09-517
18.24,118.04,56.05,89.76,06-04-23-07-45-09-549
18.38,118.47,61.09,90.72,06-04-23-07-45-09-584
18.60,118.68,63.01,90.96,06-04-23-07-45-09-617
18.82,118.79,64.15,91.05,06-04-23-07-45-09-652
19.02,118.97,65.32,91.12,06-04-23-07-45-09-682
19.17,119.15,66.47,91.15,06-04-23-07-45-09-719
19.10,119.17,67.57,91.25,06-04-23-07-45-09-750
17.82,75.27,63.91,76.90,06-04-23-07-45-09-783
14.57,90.91,64.51,86.25,06-04-23-07-45-09-822
18.89,56.20,65.36,74.98,06-04-23-07-45-09-851
22.11,46.87,65.04,69.71,06-04-23-07-45-09-888
23.78,43.48,65.20,66.81,06-04-23-07-45-09-919
24.90,41.58,65.48,65.24,06-04-23-07-45-09-951
25.68,40.57,65.69,64.13,06-04-23-07-45-09-984
26.01,40.42,66.03,63.61,06-04-23-07-45-10-017
25.73,41.11,66.47,63.78,06-04-23-07-45-10-055
25.36,41.92,66.82,64.12,06-04-23-07-45-10-084
24.94,42.89,67.06,64.58,06-04-23-07-45-10-118
24.63,43.69,67.17,64.94,06-04-23-07-45-10-153
24.14,44.72,65.41,64.93,06-04-23-07-45-10-183
23.65,45.78,64.06,65.09,06-04-23-07-45-10-217
23.15,46.90,62.72,65.31,06-04-23-07-45-10-251
22.77,47.83,61.27,65.56,06-04-23-07-45-10-282
22.34,48.91,58.99,65.94,06-04-23-07-45-10-318
22.02,49.86,56.12,66.33,06-04-23-07-45-10-350
21.70,51.03,52.74,66.73,06-04-23-07-45-10-383
21.46,52.23,50.33,67.15,06-04-23-07-45-10-415
21.20,53.75,47.06,67.62,06-04-23-07-45-10-450
21.05,55.64,42.40,68.03,06-04-23-07-45-10-484
21.04,57.70,37.94,68.23,06-04-23-07-45-10-519
21.05,60.05,34.80,68.21,06-04-23-07-45-10-552
21.13,62.63,30.17,67.07,06-04-23-07-45-10-581
21.25,65.45,27.95,66.34,06-04-23-07-45-10-616
21.39,68.18,26.01,65.72,06-04-23-07-45-10-648
19.44,77.85,25.18,69.65,06-04-23-07-45-10-683
18.87,83.57,22.66,70.78,06-04-23-07-45-10-719
18.58,87.12,20.75,72.37,06-04-23-07-45-10-751
18.52,89.22,13.44,72.95,06-04-23-07-45-10-783
18.47,90.74,11.21,73.36,06-04-23-07-45-10-817
18.45,91.84,9.81,73.58,06-04-23-07-45-10-850
17.31,103.75,10.30,76.21,06-04-23-07-45-10-882
16.71,82.10,5.97,82.85,06-04-23-07-45-10-919
20.34,71.31,3.36,80.53,06-04-23-07-45-10-951
22.28,67.41,2.12,78.88,06-04-23-07-45-10-983
23.44,65.57,1.44,76.56,06-04-23-07-45-11-018
25.62,61.82,-2.32,74.19,06-04-23-07-45-11-048
26.53,61.91,-3.39,71.04,06-04-23-07-45-11-082
27.32,63.23,-29.81,68.14,06-04-23-07-45-11-121
27.84,64.78,-39.56,69.84,06-04-23-07-45-11-149
28.14,66.32,-44.58,70.56,06-04-23-07-45-11-186
28.31,68.42,-47.10,70.58,06-04-23-07-45-11-221
28.39,70.26,-48.87,70.69,06-04-23-07-45-11-249
28.40,71.61,-49.96,70.89,06-04-23-07-45-11-286
28.41,72.87,-50.74,71.06,06-04-23-07-45-11-321
28.41,73.81,-51.18,71.12,06-04-23-07-45-11-348
28.36,74.49,-51.54,71.56,06-04-23-07-45-11-382
28.31,75.00,-51.67,71.91,06-04-23-07-45-11-418
28.27,75.39,-52.74,73.02,06-04-23-07-45-11-451
28.21,75.81,-54.63,74.68,06-04-23-07-45-11-481
28.17,76.24,-55.90,75.76,06-04-23-07-45-11-520
28.19,76.94,-56.93,76.44,06-04-23-07-45-11-549
28.20,77.51,-57.67,76.93,06-04-23-07-45-11-583
28.21,77.95,-58.30,77.33,06-04-23-07-45-11-617
28.21,78.29,-58.70,77.58,06-04-23-07-45-11-651
28.06,77.71,-59.16,78.09,06-04-23-07-45-11-683
27.87,76.86,-59.59,78.66,06-04-23-07-45-11-721
27.53,76.14,-59.64,78.35,06-04-23-07-45-11-751
27.21,75.71,-59.66,78.08,06-04-23-07-45-11-784
26.97,75.49,-59.67,77.83,06-04-23-07-45-11-824
26.77,75.37,-59.64,77.62,06-04-23-07-45-11-850
26.85,76.01,-59.80,77.13,06-04-23-07-45-11-883
27.13,77.05,-59.87,76.52,06-04-23-07-45-11-918
27.48,78.30,-59.56,75.94,06-04-23-07-45-11-949
27.76,79.30,-58.68,75.47,06-04-23-07-45-11-984
27.98,79.98,-57.75,75.14,06-04-23-07-45-12-022
28.14,80.45,-56.58,74.80,06-04-23-07-45-12-052
28.24,80.76,-55.19,74.38,06-04-23-07-45-12-083
28.31,80.95,-53.81,73.95,06-04-23-07-45-12-116
28.35,81.00,-52.02,73.62,06-04-23-07-45-12-151
28.37,80.95,-46.80,71.90,06-04-23-07-45-12-184
28.38,80.86,-43.00,70.35,06-04-23-07-45-12-218
22.49,70.73,-34.96,78.27,06-04-23-07-45-12-249
22.62,69.37,-31.90,77.20,06-04-23-07-45-12-284
22.28,67.80,-30.37,76.38,06-04-23-07-45-12-318
22.30,66.90,-29.14,75.74,06-04-23-07-45-12-351
22.62,64.67,-29.48,73.58,06-04-23-07-45-12-384
22.87,63.09,-30.14,71.93,06-04-23-07-45-12-416
22.99,62.19,-30.79,70.78,06-04-23-07-45-12-452
23.08,61.60,-31.85,69.70,06-04-23-07-45-12-484
23.19,61.19,-32.87,68.88,06-04-23-07-45-12-516
19.96,84.26,-30.25,64.37,06-04-23-07-45-12-553
19.76,95.74,-29.59,62.33,06-04-23-07-45-12-584
21.32,99.04,-2.00,68.37,06-04-23-07-45-12-616
21.28,102.36,14.17,75.74,06-04-23-07-45-12-650
21.28,104.22,28.05,78.93,06-04-23-07-45-12-683
21.15,104.97,33.03,80.62,06-04-23-07-45-12-715
20.90,104.86,35.84,81.45,06-04-23-07-45-12-749
20.54,106.04,37.93,82.74,06-04-23-07-45-12-785
20.01,108.01,40.41,83.30,06-04-23-07-45-12-817
19.62,108.63,42.25,83.12,06-04-23-07-45-12-851
19.29,109.88,44.46,83.68,06-04-23-07-45-12-884
19.04,111.89,46.77,84.70,06-04-23-07-45-12-917
18.88,113.47,49.52,86.17,06-04-23-07-45-12-951
18.83,114.80,51.97,87.39,06-04-23-07-45-12-985
18.87,115.98,54.33,88.40,06-04-23-07-45-13-019
18.95,116.96,59.29,90.64,06-04-23-07-45-13-052
19.10,117.88,61.20,91.59,06-04-23-07-45-13-083
19.24,118.78,63.90,92.71,06-04-23-07-45-13-117
19.40,119.55,65.56,93.34,06-04-23-07-45-13-150
19.54,120.17,66.84,93.85,06-04-23-07-45-13-182
19.15,75.81,63.51,77.34,06-04-23-07-45-13-220
17.08,93.45,65.96,86.70,06-04-23-07-45-13-250
19.10,63.33,65.23,76.37,06-04-23-07-45-13-284
21.82,51.66,64.78,71.19,06-04-23-07-45-13-315
23.21,47.47,65.02,68.70,06-04-23-07-45-13-350
24.12,45.13,65.09,67.11,06-04-23-07-45-13-383
24.78,43.69,65.67,66.04,06-04-23-07-45-13-417
25.19,42.84,66.21,65.19,06-04-23-07-45-13-450
25.30,42.62,66.70,64.93,06-04-23-07-45-13-483
25.18,42.86,67.04,64.98,06-04-23-07-45-13-520
24.94,43.28,67.29,65.24,06-04-23-07-45-13-549
24.32,44.15,67.35,65.96,06-04-23-07-45-13-585
23.83,45.09,67.28,66.59,06-04-23-07-45-13-617
23.35,46.00,66.69,67.02,06-04-23-07-45-13-650
23.06,46.71,65.79,67.25,06-04-23-07-45-13-683
22.79,47.43,63.84,67.32,06-04-23-07-45-13-718
22.48,48.55,61.19,67.41,06-04-23-07-45-13-752
22.24,49.61,56.98,67.60,06-04-23-07-45-13-783
21.97,51.04,53.64,67.88,06-04-23-07-45-13-817
21.79,52.58,49.95,68.54,06-04-23-07-45-13-850
21.72,54.10,46.02,68.88,06-04-23-07-45-13-888
21.60,57.07,43.53,69.20,06-04-23-07-45-13-917
21.67,60.60,40.15,69.56,06-04-23-07-45-13-951
21.81,64.04,36.09,69.37,06-04-23-07-45-13-983
22.10,68.27,32.61,67.96,06-04-23-07-45-14-015
22.32,71.57,30.48,66.95,06-04-23-07-45-14-053
22.09,80.74,32.35,69.83,06-04-23-07-45-14-085
18.98,105.24,34.27,82.82,06-04-23-07-45-14-115
19.18,110.90,32.87,84.49,06-04-23-07-45-14-152
19.51,113.91,31.42,85.09,06-04-23-07-45-14-182
21.98,108.61,24.75,80.86,06-04-23-07-45-14-216
22.78,108.12,20.23,78.79,06-04-23-07-45-14-250
23.27,107.84,16.46,77.23,06-04-23-07-45-14-286
23.39,108.91,14.77,76.35,06-04-23-07-45-14-318
23.43,109.60,13.68,75.60,06-04-23-07-45-14-352
23.37,110.28,13.11,75.10,06-04-23-07-45-14-385
23.80,95.96,10.36,72.79,06-04-23-07-45-14-421
24.31,88.62,9.93,72.71,06-04-23-07-45-14-450
24.68,84.48,-5.33,70.21,06-04-23-07-45-14-481
24.95,82.06,-19.62,67.57,06-04-23-07-45-14-518
26.84,81.32,-37.04,66.77,06-04-23-07-45-14-552
27.95,81.39,-45.56,68.22,06-04-23-07-45-14-583
28.58,81.66,-48.93,68.92,06-04-23-07-45-14-617
28.95,82.16,-51.28,69.47,06-04-23-07-45-14-652
29.19,83.24,-55.07,71.46,06-04-23-07-45-14-684
29.47,85.15,-56.68,71.65,06-04-23-07-45-14-718
29.48,85.24,-58.44,72.89,06-04-23-07-45-14-751
30.28,89.27,-59.99,71.60,06-04-23-07-45-14-788
30.79,91.60,-60.90,70.71,06-04-23-07-45-14-816
31.12,93.00,-61.66,70.18,06-04-23-07-45-14-851
31.33,93.84,-62.28,69.85,06-04-23-07-45-14-883
31.52,94.48,-62.87,69.54,06-04-23-07-45-14-925
31.66,94.92,-63.41,69.31,06-04-23-07-45-14-952
31.75,95.20,-63.94,69.20,06-04-23-07-45-14-982
31.15,94.01,-64.20,68.46,06-04-23-07-45-15-017
31.09,93.94,-64.48,68.20,06-04-23-07-45-15-051
30.65,92.95,-64.60,68.04,06-04-23-07-45-15-082
30.66,92.87,-64.83,67.80,06-04-23-07-45-15-118
30.42,92.47,-64.82,67.67,06-04-23-07-45-15-152
30.51,92.61,-64.99,67.44,06-04-23-07-45-15-184
30.36,92.47,-64.83,67.24,06-04-23-07-45-15-215
30.31,92.46,-64.73,67.10,06-04-23-07-45-15-251
30.29,92.55,-64.46,66.89,06-04-23-07-45-15-284
30.38,92.82,-63.81,66.44,06-04-23-07-45-15-316
30.48,93.12,-62.86,65.87,06-04-23-07-45-15-351
30.74,93.55,-62.38,65.46,06-04-23-07-45-15-384
30.89,93.61,-59.75,64.54,06-04-23-07-45-15-417
30.97,93.50,-57.77,64.06,06-04-23-07-45-15-450
30.76,92.42,-55.58,64.34,06-04-23-07-45-15-485
30.49,91.12,-53.62,64.84,06-04-23-07-45-15-519
30.26,89.79,-51.80,65.38,06-04-23-07-45-15-554
29.96,88.00,-49.36,65.89,06-04-23-07-45-15-584
29.70,86.31,-47.19,66.08,06-04-23-07-45-15-618
29.58,85.09,-40.44,65.09,06-04-23-07-45-15-649
29.52,84.21,-35.73,64.14,06-04-23-07-45-15-683
29.47,83.34,-32.75,63.77,06-04-23-07-45-15-716
28.01,81.27,-29.80,63.93,06-04-23-07-45-15-753
25.98,74.05,-20.07,63.09,06-04-23-07-45-15-784
25.01,70.67,-16.89,63.22,06-04-23-07-45-15-819
24.40,68.54,-15.04,63.45,06-04-23-07-45-15-851
23.86,67.28,-13.89,65.12,06-04-23-07-45-15-882
23.50,66.49,-12.91,66.38,06-04-23-07-45-15-916
23.18,66.20,-12.15,66.99,06-04-23-07-45-15-955
18.31,94.81,-2.74,67.90,06-04-23-07-45-15-985
18.08,100.58,-1.06,68.09,06-04-23-07-45-16-016
26.97,95.18,8.61,62.05,06-04-23-07-45-16-050
26.51,94.51,19.35,68.20,06-04-23-07-45-16-082
23.48,95.95,25.99,77.00,06-04-23-07-45-16-117
21.41,96.77,33.22,82.04,06-04-23-07-45-16-155
19.30,98.44,35.77,85.63,06-04-23-07-45-16-183
17.65,100.47,37.38,88.02,06-04-23-07-45-16-217
16.64,101.76,38.98,88.61,06-04-23-07-45-16-249
15.94,104.41,40.62,89.24,06-04-23-07-45-16-283
15.55,107.70,42.41,90.01,06-04-23-07-45-16-319
15.40,108.79,43.62,89.92,06-04-23-07-45-16-355
15.40,109.92,45.55,90.27,06-04-23-07-45-16-383
15.90,112.22,47.50,90.65,06-04-23-07-45-16-417
16.41,114.01,49.45,91.27,06-04-23-07-45-16-450
16.89,115.32,51.54,91.77,06-04-23-07-45-16-483
17.41,116.58,53.67,92.23,06-04-23-07-45-16-518
17.89,117.56,56.07,92.64,06-04-23-07-45-16-559
18.29,118.39,58.58,93.07,06-04-23-07-45-16-582
18.68,119.11,61.26,93.63,06-04-23-07-45-16-619
18.97,119.91,63.40,94.68,06-04-23-07-45-16-651
19.13,120.40,65.18,95.61,06-04-23-07-45-16-683
19.21,120.81,67.09,96.74,06-04-23-07-45-16-717
18.43,75.82,65.28,79.62,06-04-23-07-45-16-750
15.58,71.00,65.22,81.34,06-04-23-07-45-16-786
18.62,54.09,64.25,73.99,06-04-23-07-45-16-818
20.63,47.82,64.80,71.04,06-04-23-07-45-16-852
21.78,44.84,64.73,69.14,06-04-23-07-45-16-883
22.63,43.06,64.99,67.83,06-04-23-07-45-16-920
23.20,42.24,65.41,67.05,06-04-23-07-45-16-951
23.53,42.12,65.86,66.68,06-04-23-07-45-16-983
23.50,42.78,66.29,66.47,06-04-23-07-45-17-018
23.30,43.95,66.74,66.87,06-04-23-07-45-17-050
23.21,44.95,67.03,67.16,06-04-23-07-45-17-084
23.19,45.83,67.26,67.36,06-04-23-07-45-17-116
23.18,46.61,67.39,67.56,06-04-23-07-45-17-153
23.18,47.29,67.50,67.72,06-04-23-07-45-17-183
23.19,47.88,67.24,67.56,06-04-23-07-45-17-220
23.18,48.45,67.11,67.65,06-04-23-07-45-17-250
23.19,49.01,67.03,67.76,06-04-23-07-45-17-286
23.19,49.49,66.91,67.86,06-04-23-07-45-17-319
23.20,49.89,65.90,67.78,06-04-23-07-45-17-350
23.17,50.33,64.77,67.78,06-04-23-07-45-17-388
23.11,50.81,63.15,67.62,06-04-23-07-45-17-416
23.01,51.35,61.57,67.50,06-04-23-07-45-17-448
22.86,51.92,59.50,67.42,06-04-23-07-45-17-483
22.72,52.46,56.36,67.12,06-04-23-07-45-17-519
22.53,53.06,53.32,67.00,06-04-23-07-45-17-550
22.27,54.01,49.28,67.16,06-04-23-07-45-17-582
22.03,54.98,44.87,67.43,06-04-23-07-45-17-617
21.85,56.19,39.78,67.56,06-04-23-07-45-17-649
21.70,57.46,36.63,67.77,06-04-23-07-45-17-682
21.46,59.29,33.84,68.16,06-04-23-07-45-17-717
21.24,61.40,30.90,68.59,06-04-23-07-45-17-752
21.01,63.76,26.91,69.04,06-04-23-07-45-17-784
19.39,72.66,22.99,70.83,06-04-23-07-45-17-816
17.77,94.97,25.79,75.54,06-04-23-07-45-17-850
17.76,102.90,25.10,77.45,06-04-23-07-45-17-883
17.85,106.98,22.93,78.28,06-04-23-07-45-17-917
17.94,109.69,16.64,79.16,06-04-23-07-45-17-951
18.46,109.07,14.42,78.74,06-04-23-07-45-17-983
18.94,107.98,12.73,78.41,06-04-23-07-45-18-018
19.67,111.16,12.47,79.19,06-04-23-07-45-18-051
22.00,90.76,-5.80,68.74,06-04-23-07-45-18-081
18.95,50.56,-19.10,78.33,06-04-23-07-45-18-118
22.50,40.44,-24.63,80.65,06-04-23-07-45-18-149
26.58,54.97,-34.64,76.35,06-04-23-07-45-18-184
29.31,63.95,-40.42,73.46,06-04-23-07-45-18-218
30.57,67.62,-42.85,72.05,06-04-23-07-45-18-257
30.81,70.09,-46.78,72.93,06-04-23-07-45-18-281
30.78,71.67,-54.10,74.66,06-04-23-07-45-18-319
30.52,72.82,-55.65,74.73,06-04-23-07-45-18-348
30.26,73.82,-56.40,74.62,06-04-23-07-45-18-384
29.93,74.59,-56.48,74.38,06-04-23-07-45-18-419
29.63,75.15,-56.38,74.18,06-04-23-07-45-18-450
29.42,75.76,-56.36,73.92,06-04-23-07-45-18-485
29.24,76.19,-56.37,73.80,06-04-23-07-45-18-518
29.21,77.10,-56.70,73.52,06-04-23-07-45-18-553
29.28,78.14,-61.40,74.23,06-04-23-07-45-18-585
29.21,78.12,-62.63,74.51,06-04-23-07-45-18-619
29.52,80.92,-63.60,73.04,06-04-23-07-45-18-652
29.78,82.90,-64.16,71.93,06-04-23-07-45-18-683
30.00,84.39,-64.59,71.14,06-04-23-07-45-18-717
30.16,85.43,-64.88,70.56,06-04-23-07-45-18-750
30.28,86.15,-65.05,70.14,06-04-23-07-45-18-782
30.37,86.64,-65.85,70.87,06-04-23-07-45-18-817
30.45,87.00,-66.02,70.77,06-04-23-07-45-18-850
30.51,87.25,-66.23,70.92,06-04-23-07-45-18-885
30.55,87.41,-66.02,70.92,06-04-23-07-45-18-918
30.60,87.56,-65.92,71.09,06-04-23-07-45-18-951
30.61,87.61,-64.44,70.60,06-04-23-07-45-18-982
30.62,87.62,-63.99,70.65,06-04-23-07-45-19-019
30.60,87.58,-62.42,70.19,06-04-23-07-45-19-051
30.57,87.48,-61.05,69.82,06-04-23-07-45-19-083
30.52,87.34,-59.66,69.43,06-04-23-07-45-19-117
29.82,86.28,-57.44,68.76,06-04-23-07-45-19-151
28.88,84.43,-54.95,69.51,06-04-23-07-45-19-184
27.45,80.96,-52.50,70.24,06-04-23-07-45-19-217
26.81,78.75,-49.12,70.50,06-04-23-07-45-19-250
26.42,77.11,-44.31,69.92,06-04-23-07-45-19-283
26.21,75.89,-41.97,70.06,06-04-23-07-45-19-318
23.43,69.41,-34.87,74.23,06-04-23-07-45-19-349
23.02,67.63,-29.56,74.85,06-04-23-07-45-19-383
23.91,67.57,-26.91,75.11,06-04-23-07-45-19-417
24.81,67.87,-25.88,74.13,06-04-23-07-45-19-451
24.63,66.86,-25.00,74.13,06-04-23-07-45-19-484
24.53,66.03,-24.59,74.20,06-04-23-07-45-19-519
24.35,64.98,-17.99,70.06,06-04-23-07-45-19-552
24.24,64.42,-15.89,68.73,06-04-23-07-45-19-581
24.10,63.91,-14.58,67.95,06-04-23-07-45-19-618
19.85,80.34,-6.97,65.46,06-04-23-07-45-19-650
19.11,88.54,-5.10,63.43,06-04-23-07-45-19-684
18.86,93.32,-4.50,61.95,06-04-23-07-45-19-718
12.73,97.61,-5.42,67.34,06-04-23-07-45-19-752
14.29,89.30,7.02,74.33,06-04-23-07-45-19-787
18.22,84.02,16.44,75.54,06-04-23-07-45-19-816
18.16,88.82,28.60,79.26,06-04-23-07-45-19-850
18.05,93.30,33.96,81.49,06-04-23-07-45-19-887
17.97,96.65,37.19,83.11,06-04-23-07-45-19-915
17.90,99.56,39.39,84.12,06-04-23-07-45-19-954
17.94,100.86,41.01,84.02,06-04-23-07-45-19-987
17.94,103.10,42.47,84.36,06-04-23-07-45-20-020
18.05,105.59,53.11,83.73,06-04-23-07-45-20-052
18.00,106.16,54.57,83.69,06-04-23-07-45-20-081
18.07,107.14,54.90,83.75,06-04-23-07-45-20-120
18.17,108.12,54.82,83.97,06-04-23-07-45-20-151
18.28,109.06,55.09,84.26,06-04-23-07-45-20-188
18.38,109.91,55.38,84.54,06-04-23-07-45-20-219
18.63,111.04,55.86,84.88,06-04-23-07-45-20-252
18.86,112.03,56.68,85.35,06-04-23-07-45-20-287
19.07,113.11,57.68,86.07,06-04-23-07-45-20-318
19.30,114.07,59.21,86.90,06-04-23-07-45-20-350
19.62,115.21,61.54,88.16,06-04-23-07-45-20-386
19.93,116.14,63.34,89.20,06-04-23-07-45-20-417
20.34,117.05,65.20,90.36,06-04-23-07-45-20-451
18.60,76.80,59.99,75.81,06-04-23-07-45-20-485
18.76,93.69,64.95,82.91,06-04-23-07-45-20-516
19.82,66.86,60.30,71.75,06-04-23-07-45-20-552
17.20,89.25,65.37,81.80,06-04-23-07-45-20-587
18.22,63.51,64.93,74.71,06-04-23-07-45-20-619
21.40,49.49,63.95,69.40,06-04-23-07-45-20-652
23.01,45.22,63.65,67.30,06-04-23-07-45-20-682
23.97,43.17,63.62,66.17,06-04-23-07-45-20-717
24.65,41.94,63.62,65.38,06-04-23-07-45-20-751
25.14,41.21,63.74,64.84,06-04-23-07-45-20-788
25.44,40.99,63.95,64.57,06-04-23-07-45-20-817
25.55,41.01,64.19,64.49,06-04-23-07-45-20-852
25.49,41.23,64.52,64.55,06-04-23-07-45-20-886
25.35,41.62,65.05,64.61,06-04-23-07-45-20-916
25.14,42.01,65.50,64.73,06-04-23-07-45-20-951
24.15,42.95,65.89,65.42,06-04-23-07-45-20-985
23.56,43.59,66.08,65.75,06-04-23-07-45-21-016
23.16,44.12,66.20,65.96,06-04-23-07-45-21-052
22.95,44.57,66.21,66.10,06-04-23-07-45-21-087
22.80,44.97,65.98,66.18,06-04-23-07-45-21-117
22.59,45.50,65.20,66.37,06-04-23-07-45-21-152
22.41,46.10,63.51,66.82,06-04-23-07-45-21-182
22.25,46.73,61.36,67.35,06-04-23-07-45-21-219
22.03,47.70,55.87,67.71,06-04-23-07-45-21-249
21.84,48.69,51.99,67.92,06-04-23-07-45-21-283
21.65,50.02,49.25,67.93,06-04-23-07-45-21-319
21.48,51.72,47.09,67.80,06-04-23-07-45-21-351
21.34,53.77,44.74,67.62,06-04-23-07-45-21-385
21.27,55.60,42.24,67.40,06-04-23-07-45-21-416
21.26,57.39,38.49,66.99,06-04-23-07-45-21-450
21.27,59.34,33.92,66.68,06-04-23-07-45-21-484
19.63,72.81,37.00,71.17,06-04-23-07-45-21-519
19.20,79.68,36.83,73.13,06-04-23-07-45-21-554
19.00,83.43,35.77,73.99,06-04-23-07-45-21-583
18.43,96.18,37.33,77.07,06-04-23-07-45-21-618
18.35,102.59,36.92,78.24,06-04-23-07-45-21-649
18.29,106.12,34.97,78.53,06-04-23-07-45-21-687
18.19,108.25,32.35,78.43,06-04-23-07-45-21-716
18.31,106.64,26.95,76.09,06-04-23-07-45-21-751
19.94,98.51,19.50,67.35,06-04-23-07-45-21-785
18.70,97.75,11.40,69.30,06-04-23-07-45-21-816
18.62,96.77,8.16,71.05,06-04-23-07-45-21-850
18.15,93.65,6.29,74.57,06-04-23-07-45-21-883
18.26,82.02,5.55,82.69,06-04-23-07-45-21-920
19.34,72.78,4.76,84.78,06-04-23-07-45-21-949
20.40,67.50,4.02,84.10,06-04-23-07-45-21-986
21.16,64.07,3.73,82.85,06-04-23-07-45-22-018
21.66,61.84,-14.57,72.94,06-04-23-07-45-22-051
24.76,63.43,-29.09,68.80,06-04-23-07-45-22-084
26.61,64.64,-36.56,66.94,06-04-23-07-45-22-118
27.29,64.81,-40.97,66.71,06-04-23-07-45-22-151
27.85,65.45,-44.11,67.12,06-04-23-07-45-22-181
28.12,65.78,-46.70,68.20,06-04-23-07-45-22-216
28.28,66.67,-49.03,68.82,06-04-23-07-45-22-252
28.33,67.27,-51.22,69.92,06-04-23-07-45-22-284
28.29,67.86,-52.51,70.69,06-04-23-07-45-22-320
26.03,67.35,-52.13,74.82,06-04-23-07-45-22-351
25.59,67.42,-52.59,76.01,06-04-23-07-45-22-384
25.35,67.65,-53.29,76.79,06-04-23-07-45-22-416
25.19,67.87,-53.53,77.33,06-04-23-07-45-22-448
25.05,68.02,-54.15,77.89,06-04-23-07-45-22-483
24.94,68.11,-54.48,78.34,06-04-23-07-45-22-518
25.30,69.34,-55.18,77.94,06-04-23-07-45-22-550
25.60,70.33,-55.64,77.58,06-04-23-07-45-22-585
26.02,71.71,-56.11,76.72,06-04-23-07-45-22-616
26.34,72.66,-56.67,76.19,06-04-23-07-45-22-650
26.78,73.95,-57.22,75.33,06-04-23-07-45-22-685
27.18,75.09,-57.58,74.49,06-04-23-07-45-22-717
27.49,76.02,-57.82,73.77,06-04-23-07-45-22-750
27.72,76.76,-57.93,73.16,06-04-23-07-45-22-785
27.88,77.23,-57.94,72.69,06-04-23-07-45-22-817
27.99,77.53,-58.25,72.42,06-04-23-07-45-22-852
28.07,77.77,-58.33,72.20,06-04-23-07-45-22-883
28.11,77.92,-55.64,70.81,06-04-23-07-45-22-916
24.46,71.16,-51.66,75.49,06-04-23-07-45-22-951
22.67,66.63,-49.68,78.08,06-04-23-07-45-22-982
21.65,63.54,-46.32,79.22,06-04-23-07-45-23-017
21.29,62.07,-44.68,78.62,06-04-23-07-45-23-049
21.18,60.83,-43.68,78.77,06-04-23-07-45-23-084
19.10,52.04,-40.10,82.72,06-04-23-07-45-23-119
19.37,50.98,-39.06,82.46,06-04-23-07-45-23-151
20.85,54.45,-32.85,79.03,06-04-23-07-45-23-182
22.58,58.58,-30.69,75.50,06-04-23-07-45-23-216
23.07,59.76,-25.04,71.44,06-04-23-07-45-23-250
24.04,61.35,-23.81,69.22,06-04-23-07-45-23-286
24.44,62.20,-22.31,68.30,06-04-23-07-45-23-320
24.31,63.50,-20.64,67.37,06-04-23-07-45-23-350
24.24,64.24,-19.71,66.85,06-04-23-07-45-23-381
19.11,90.74,-13.45,61.78,06-04-23-07-45-23-420
18.90,96.50,-11.66,60.45,06-04-23-07-45-23-451
18.84,99.32,-11.07,59.63,06-04-23-07-45-23-485
18.55,100.91,-10.97,58.95,06-04-23-07-45-23-517
18.67,98.48,17.85,72.82,06-04-23-07-45-23-551
18.49,97.09,26.91,77.74,06-04-23-07-45-23-582
18.15,96.89,34.32,83.03,06-04-23-07-45-23-616
17.93,97.46,36.77,84.84,06-04-23-07-45-23-650
17.70,97.95,39.84,85.95,06-04-23-07-45-23-683
17.52,98.85,41.65,86.00,06-04-23-07-45-23-718
17.41,99.93,43.37,86.09,06-04-23-07-45-23-751
17.36,100.61,44.65,85.78,06-04-23-07-45-23-783
20.32,77.61,41.39,75.06,06-04-23-07-45-23-819
19.59,95.91,48.17,82.95,06-04-23-07-45-23-853
20.22,105.77,52.69,87.33,06-04-23-07-45-23-883
20.82,110.64,55.98,89.69,06-04-23-07-45-23-918
21.50,114.05,59.22,91.44,06-04-23-07-45-23-950
22.25,116.17,62.26,90.74,06-04-23-07-45-23-983
22.37,117.00,64.35,91.06,06-04-23-07-45-24-021
22.52,117.59,66.93,91.86,06-04-23-07-45-24-052
19.92,79.84,62.46,77.24,06-04-23-07-45-24-082
18.69,76.46,64.77,79.06,06-04-23-07-45-24-117
21.17,56.41,62.79,71.74,06-04-23-07-45-24-150
22.64,50.32,62.47,69.20,06-04-23-07-45-24-183
23.69,47.10,62.47,67.71,06-04-23-07-45-24-222
24.41,45.14,62.76,66.78,06-04-23-07-45-24-251
24.91,44.14,63.39,66.27,06-04-23-07-45-24-285
25.03,44.06,64.25,66.23,06-04-23-07-45-24-321
24.85,44.67,65.28,66.58,06-04-23-07-45-24-350
24.61,45.27,66.08,66.96,06-04-23-07-45-24-382
24.38,45.75,66.62,67.31,06-04-23-07-45-24-424
24.20,46.09,66.96,67.59,06-04-23-07-45-24-450
24.06,46.36,67.17,67.83,06-04-23-07-45-24-484
23.80,46.64,67.25,68.20,06-04-23-07-45-24-516
23.65,46.85,67.26,68.46,06-04-23-07-45-24-551
23.59,46.96,67.16,68.59,06-04-23-07-45-24-584
23.48,47.06,66.77,68.72,06-04-23-07-45-24-618
23.30,47.26,65.80,68.77,06-04-23-07-45-24-651
23.09,47.58,62.50,68.58,06-04-23-07-45-24-685
22.76,48.16,59.32,68.62,06-04-23-07-45-24-718
22.31,49.15,53.56,68.43,06-04-23-07-45-24-752
21.82,50.32,49.81,68.67,06-04-23-07-45-24-785
21.44,51.31,45.50,68.97,06-04-23-07-45-24-816
21.17,52.31,41.55,69.40,06-04-23-07-45-24-852
20.96,53.33,37.21,69.92,06-04-23-07-45-24-882
20.83,54.84,33.42,70.34,06-04-23-07-45-24-918
20.29,59.76,31.33,71.34,06-04-23-07-45-24-950
15.84,89.98,34.43,81.18,06-04-23-07-45-24-986
15.49,105.37,34.42,85.21,06-04-23-07-45-25-019
15.85,113.27,33.66,86.98,06-04-23-07-45-25-048
16.20,117.73,31.10,87.68,06-04-23-07-45-25-084
16.35,118.18,27.40,86.87,06-04-23-07-45-25-119
16.35,114.20,24.62,84.63,06-04-23-07-45-25-151
16.60,110.67,13.01,76.40,06-04-23-07-45-25-186
16.78,109.11,8.99,73.82,06-04-23-07-45-25-217
16.94,107.48,6.57,72.31,06-04-23-07-45-25-252
15.85,53.63,-15.17,77.27,06-04-23-07-45-25-282
27.07,56.17,-27.98,70.91,06-04-23-07-45-25-320
32.18,58.03,-35.15,69.17,06-04-23-07-45-25-351
33.35,58.65,-38.41,69.15,06-04-23-07-45-25-384
33.92,62.46,-40.50,68.31,06-04-23-07-45-25-418
33.79,65.89,-40.21,67.25,06-04-23-07-45-25-455
33.33,68.37,-39.38,66.69,06-04-23-07-45-25-485
32.26,70.13,-45.08,70.17,06-04-23-07-45-25-519
30.93,71.22,-45.65,70.85,06-04-23-07-45-25-552
29.69,71.81,-45.90,71.24,06-04-23-07-45-25-583
28.76,72.05,-45.90,71.51,06-04-23-07-45-25-616
28.12,72.93,-45.79,72.40,06-04-23-07-45-25-651
27.70,73.40,-45.92,73.26,06-04-23-07-45-25-684
27.42,73.60,-45.99,73.98,06-04-23-07-45-25-718
27.27,73.75,-46.67,74.80,06-04-23-07-45-25-753
27.33,73.99,-47.37,75.20,06-04-23-07-45-25-783
27.45,74.16,-48.45,75.57,06-04-23-07-45-25-817
27.59,74.30,-50.18,75.96,06-04-23-07-45-25-850
27.73,74.35,-51.28,76.18,06-04-23-07-45-25-885
27.86,74.37,-52.02,76.25,06-04-23-07-45-25-919
27.99,74.37,-52.57,76.26,06-04-23-07-45-25-951
28.17,74.60,-53.31,76.16,06-04-23-07-45-25-984
28.37,74.94,-54.09,75.97,06-04-23-07-45-26-020
28.53,75.25,-57.11,76.11,06-04-23-07-45-26-051
28.68,75.60,-58.58,76.04,06-04-23-07-45-26-084
28.80,75.93,-59.47,75.92,06-04-23-07-45-26-119
28.91,76.25,-60.03,75.75,06-04-23-07-45-26-150
28.98,76.51,-61.25,75.64,06-04-23-07-45-26-181
29.04,76.72,-61.72,75.56,06-04-23-07-45-26-219
29.08,76.89,-62.00,75.48,06-04-23-07-45-26-252
29.11,76.97,-62.18,75.46,06-04-23-07-45-26-282
29.13,77.03,-62.25,75.44,06-04-23-07-45-26-320
29.14,77.11,-62.22,75.42,06-04-23-07-45-26-349
29.14,77.11,-62.02,75.45,06-04-23-07-45-26-384
29.14,77.11,-61.60,75.51,06-04-23-07-45-26-419
29.12,77.09,-60.93,75.58,06-04-23-07-45-26-450
29.11,77.06,-59.96,75.60,06-04-23-07-45-26-487
29.08,77.00,-58.64,75.49,06-04-23-07-45-26-519
25.17,71.75,-49.98,79.32,06-04-23-07-45-26-551
24.45,70.22,-46.82,80.35,06-04-23-07-45-26-585
24.07,69.29,-44.68,80.83,06-04-23-07-45-26-616
23.63,68.07,-42.63,81.35,06-04-23-07-45-26-651
23.66,67.29,-41.06,79.71,06-04-23-07-45-26-684
24.40,67.59,-39.15,77.70,06-04-23-07-45-26-716
25.11,67.93,-37.58,76.13,06-04-23-07-45-26-751
25.67,68.15,-35.00,75.18,06-04-23-07-45-26-785
26.09,68.20,-32.29,74.40,06-04-23-07-45-26-816
26.52,68.25,-18.21,72.19,06-04-23-07-45-26-851
26.65,67.96,-19.63,74.05,06-04-23-07-45-26-882
26.73,67.44,-16.53,71.28,06-04-23-07-45-26-916
26.78,66.86,-15.84,71.23,06-04-23-07-45-26-951
26.49,64.40,-15.85,71.52,06-04-23-07-45-26-982
26.04,61.49,-16.16,72.41,06-04-23-07-45-27-018
25.84,60.11,-16.41,72.77,06-04-23-07-45-27-053
25.67,59.05,-16.81,73.07,06-04-23-07-45-27-082
20.06,76.87,-12.37,70.79,06-04-23-07-45-27-124
16.51,94.30,-10.85,69.24,06-04-23-07-45-27-149
16.17,100.08,-10.74,67.84,06-04-23-07-45-27-182
16.14,103.49,-8.00,68.85,06-04-23-07-45-27-219
16.35,103.95,18.28,84.95,06-04-23-07-45-27-251
16.65,102.66,25.73,88.15,06-04-23-07-45-27-283
16.88,101.31,32.28,90.88,06-04-23-07-45-27-320
17.39,102.28,36.48,91.70,06-04-23-07-45-27-351
17.80,103.16,39.79,91.29,06-04-23-07-45-27-384
18.06,103.91,42.58,89.87,06-04-23-07-45-27-417
18.02,101.85,43.95,88.33,06-04-23-07-45-27-450
17.81,97.54,44.34,86.14,06-04-23-07-45-27-484
17.71,94.43,45.53,84.50,06-04-23-07-45-27-517
17.69,93.99,47.18,84.03,06-04-23-07-45-27-549
17.68,94.97,48.88,84.07,06-04-23-07-45-27-583
17.82,97.67,51.36,84.64,06-04-23-07-45-27-617
18.13,101.03,54.40,85.62,06-04-23-07-45-27-652
18.49,103.82,57.41,86.65,06-04-23-07-45-27-683
18.71,107.14,60.39,88.95,06-04-23-07-45-27-715
18.89,109.46,62.37,90.58,06-04-23-07-45-27-751
19.06,111.13,64.25,91.92,06-04-23-07-45-27-782
19.08,112.52,65.72,92.79,06-04-23-07-45-27-815
18.71,114.05,66.93,93.43,06-04-23-07-45-27-852
17.95,115.15,67.82,93.92,06-04-23-07-45-27-884
15.71,112.58,68.01,92.60,06-04-23-07-45-27-917
13.60,109.66,67.52,91.67,06-04-23-07-45-27-950
17.38,56.44,65.70,76.25,06-04-23-07-45-27-983
23.49,41.20,63.51,67.38,06-04-23-07-45-28-017
25.91,37.39,62.67,64.18,06-04-23-07-45-28-051
27.49,35.29,62.08,62.13,06-04-23-07-45-28-084
27.84,34.80,62.20,61.56,06-04-23-07-45-28-118
27.32,35.44,63.21,62.05,06-04-23-07-45-28-151
26.75,36.06,64.19,62.75,06-04-23-07-45-28-187
26.12,36.78,65.03,63.57,06-04-23-07-45-28-218
25.64,37.24,65.66,64.23,06-04-23-07-45-28-251
25.32,37.52,66.06,64.70,06-04-23-07-45-28-281
25.04,37.73,66.36,65.11,06-04-23-07-45-28-321
24.81,37.93,66.58,65.44,06-04-23-07-45-28-355
24.60,38.13,66.74,65.75,06-04-23-07-45-28-383
24.42,38.33,66.84,65.99,06-04-23-07-45-28-418
24.27,38.51,66.90,66.21,06-04-23-07-45-28-452
24.14,38.71,66.91,66.39,06-04-23-07-45-28-483
23.90,39.03,66.75,66.71,06-04-23-07-45-28-518
23.71,39.33,66.07,67.03,06-04-23-07-45-28-549
23.41,39.72,64.68,67.41,06-04-23-07-45-28-582
22.92,40.30,60.73,68.13,06-04-23-07-45-28-617
22.39,40.92,52.83,67.77,06-04-23-07-45-28-654
21.91,41.64,48.58,68.01,06-04-23-07-45-28-682
21.48,42.62,43.97,68.48,06-04-23-07-45-28-717
21.16,43.62,40.26,68.97,06-04-23-07-45-28-750
20.80,45.33,37.44,69.58,06-04-23-07-45-28-783
20.53,47.32,34.19,70.09,06-04-23-07-45-28-817
20.23,49.88,30.66,70.64,06-04-23-07-45-28-856
19.92,52.54,26.88,70.66,06-04-23-07-45-28-884
19.66,55.02,24.37,70.84,06-04-23-07-45-28-916
19.45,57.12,21.62,71.11,06-04-23-07-45-28-951
17.00,66.65,20.39,74.64,06-04-23-07-45-28-985
15.82,73.12,19.05,76.82,06-04-23-07-45-29-017
15.22,77.48,14.09,78.24,06-04-23-07-45-29-056
15.19,80.65,12.92,78.58,06-04-23-07-45-29-083
15.19,82.73,4.48,76.61,06-04-23-07-45-29-115
15.11,84.55,2.39,76.11,06-04-23-07-45-29-154
15.03,85.81,1.34,75.88,06-04-23-07-45-29-182
13.42,3.25,-10.11,90.28,06-04-23-07-45-29-217
22.26,40.46,-20.73,78.50,06-04-23-07-45-29-259
26.69,49.70,-26.16,74.33,06-04-23-07-45-29-282
28.96,53.69,-31.65,74.01,06-04-23-07-45-29-317
30.32,55.92,-35.04,72.04,06-04-23-07-45-29-349
31.20,58.21,-33.53,70.41,06-04-23-07-45-29-384
31.91,61.00,-37.02,70.86,06-04-23-07-45-29-419
32.15,62.45,-38.44,71.20,06-04-23-07-45-29-449
32.38,64.55,-41.38,71.36,06-04-23-07-45-29-483
32.53,66.01,-44.63,71.70,06-04-23-07-45-29-518
32.61,66.96,-46.72,71.66,06-04-23-07-45-29-552
32.65,67.58,-48.21,71.70,06-04-23-07-45-29-585
32.66,67.97,-49.88,72.09,06-04-23-07-45-29-617
32.65,68.22,-51.56,72.77,06-04-23-07-45-29-650
32.62,68.57,-53.12,73.62,06-04-23-07-45-29-686
32.58,68.87,-54.05,74.19,06-04-23-07-45-29-717
32.52,69.13,-56.19,75.78,06-04-23-07-45-29-749
32.55,70.44,-60.05,77.26,06-04-23-07-45-29-781
32.57,71.63,-61.83,77.59,06-04-23-07-45-29-819
32.59,72.60,-62.60,77.49,06-04-23-07-45-29-851
32.59,73.22,-63.03,77.37,06-04-23-07-45-29-884
32.60,73.70,-63.42,77.28,06-04-23-07-45-29-919
32.59,74.07,-63.71,77.17,06-04-23-07-45-29-951
32.59,74.37,-63.92,77.04,06-04-23-07-45-29-983
32.57,74.54,-63.54,76.72,06-04-23-07-45-30-016
32.56,74.72,-63.38,76.45,06-04-23-07-45-30-051
32.54,74.83,-63.01,76.12,06-04-23-07-45-30-081
32.51,74.90,-61.71,75.55,06-04-23-07-45-30-116
32.47,74.94,-59.88,74.87,06-04-23-07-45-30-153
32.43,74.95,-59.07,74.51,06-04-23-07-45-30-183
32.37,74.91,-58.15,74.19,06-04-23-07-45-30-215
32.30,74.85,-57.07,73.74,06-04-23-07-45-30-252
32.13,74.60,-55.59,73.09,06-04-23-07-45-30-284
31.91,74.26,-53.99,72.22,06-04-23-07-45-30-321
31.72,73.95,-52.21,71.20,06-04-23-07-45-30-351
31.62,73.77,-50.51,70.24,06-04-23-07-45-30-382
25.63,63.56,-40.57,77.48,06-04-23-07-45-30-417
25.47,63.08,-38.38,77.68,06-04-23-07-45-30-452
25.95,63.98,-36.68,76.70,06-04-23-07-45-30-483
26.38,64.75,-35.71,75.65,06-04-23-07-45-30-518
26.80,65.43,-30.89,73.12,06-04-23-07-45-30-549
27.02,65.81,-18.67,70.11,06-04-23-07-45-30-582
27.20,66.11,-18.29,70.01,06-04-23-07-45-30-616
27.04,66.57,-18.65,71.02,06-04-23-07-45-30-649
27.11,66.73,-11.77,61.56,06-04-23-07-45-30-688
27.18,66.85,-11.31,61.73,06-04-23-07-45-30-719
27.23,66.95,-10.15,62.02,06-04-23-07-45-30-750
22.80,86.63,-6.11,63.59,06-04-23-07-45-30-782
26.08,91.56,2.44,63.44,06-04-23-07-45-30-816
24.55,97.46,16.92,71.89,06-04-23-07-45-30-852
23.81,100.54,28.22,77.83,06-04-23-07-45-30-887
23.27,102.69,34.96,81.19,06-04-23-07-45-30-916
22.84,104.47,39.70,83.51,06-04-23-07-45-30-951
22.51,106.13,42.81,85.30,06-04-23-07-45-30-982
22.31,107.83,45.75,86.94,06-04-23-07-45-31-018
22.25,109.00,49.40,88.97,06-04-23-07-45-31-051
22.03,110.31,51.90,90.73,06-04-23-07-45-31-083
21.86,111.25,53.92,92.14,06-04-23-07-45-31-121
22.88,111.75,57.60,91.59,06-04-23-07-45-31-149
22.71,112.54,59.80,92.80,06-04-23-07-45-31-184
22.51,113.20,61.90,93.81,06-04-23-07-45-31-216
22.45,113.58,64.06,94.45,06-04-23-07-45-31-253
22.51,75.40,67.05,80.57,06-04-23-07-45-31-282
26.93,55.08,67.10,70.18,06-04-23-07-45-31-316
29.05,49.79,68.60,67.18,06-04-23-07-45-31-352
30.55,46.97,69.07,64.40,06-04-23-07-45-31-381
31.25,45.48,69.94,63.16,06-04-23-07-45-31-417
31.01,45.38,70.49,63.25,06-04-23-07-45-31-450
30.42,45.92,70.73,63.80,06-04-23-07-45-31-484
29.04,47.03,70.48,65.00,06-04-23-07-45-31-516
27.97,48.21,70.25,65.86,06-04-23-07-45-31-550
27.58,48.75,70.25,65.01,06-04-23-07-45-31-585
27.26,49.36,70.59,65.33,06-04-23-07-45-31-618
26.99,49.94,70.79,65.65,06-04-23-07-45-31-650
26.92,50.39,70.89,65.82,06-04-23-07-45-31-684
26.87,50.79,70.92,65.96,06-04-23-07-45-31-718
26.83,51.14,70.88,66.08,06-04-23-07-45-31-749
26.81,51.46,70.78,66.18,06-04-23-07-45-31-784
26.79,51.76,70.60,66.29,06-04-23-07-45-31-815
26.79,52.02,70.15,66.37,06-04-23-07-45-31-848
26.79,52.28,65.22,64.90,06-04-23-07-45-31-883
26.71,52.54,61.97,65.14,06-04-23-07-45-31-919
26.56,52.86,58.55,64.90,06-04-23-07-45-31-951
26.31,53.26,55.64,64.74,06-04-23-07-45-31-982
26.06,53.67,52.53,64.55,06-04-23-07-45-32-019
25.83,54.12,47.99,64.39,06-04-23-07-45-32-054
25.54,54.76,44.27,64.45,06-04-23-07-45-32-082
25.27,55.56,37.66,64.67,06-04-23-07-45-32-115
24.86,56.96,34.59,65.23,06-04-23-07-45-32-157
20.07,70.68,35.28,73.49,06-04-23-07-45-32-181
18.87,77.92,34.94,75.88,06-04-23-07-45-32-219
18.14,84.02,33.39,77.46,06-04-23-07-45-32-248
17.77,89.38,32.33,78.55,06-04-23-07-45-32-284
17.53,92.78,30.61,79.24,06-04-23-07-45-32-318
17.45,95.22,27.87,79.74,06-04-23-07-45-32-351
17.39,96.98,20.66,79.20,06-04-23-07-45-32-384
18.17,93.19,17.58,77.82,06-04-23-07-45-32-416
19.01,90.73,15.63,77.39,06-04-23-07-45-32-453
19.38,89.72,14.79,78.38,06-04-23-07-45-32-482
20.01,67.26,11.04,85.55,06-04-23-07-45-32-517
22.91,62.53,-12.55,74.69,06-04-23-07-45-32-548
18.54,21.98,-22.15,86.50,06-04-23-07-45-32-582
26.20,55.99,-36.14,74.39,06-04-23-07-45-32-618
27.65,59.89,-34.62,72.27,06-04-23-07-45-32-648
29.62,65.12,-41.87,69.72,06-04-23-07-45-32-683
30.56,67.73,-45.34,69.39,06-04-23-07-45-32-715
31.30,70.81,-47.88,68.96,06-04-23-07-45-32-754
31.73,73.17,-50.39,69.48,06-04-23-07-45-32-783
32.04,74.74,-51.88,69.89,06-04-23-07-45-32-817
32.41,76.38,-52.82,69.35,06-04-23-07-45-32-848
32.75,78.68,-55.56,71.19,06-04-23-07-45-32-883
32.97,80.28,-56.87,72.03,06-04-23-07-45-32-918
33.10,81.25,-57.97,72.70,06-04-23-07-45-32-950
33.17,81.84,-58.94,73.24,06-04-23-07-45-32-985
33.19,82.18,-65.80,76.61,06-04-23-07-45-33-017
33.19,82.37,-67.39,77.22,06-04-23-07-45-33-050
33.19,82.62,-69.04,77.69,06-04-23-07-45-33-085
32.65,82.05,-69.42,77.48,06-04-23-07-45-33-118
32.15,81.45,-69.33,77.12,06-04-23-07-45-33-152
31.78,80.96,-68.89,76.73,06-04-23-07-45-33-183
31.45,80.22,-68.29,76.52,06-04-23-07-45-33-218
31.20,79.62,-67.51,76.22,06-04-23-07-45-33-250
31.01,79.08,-66.62,75.90,06-04-23-07-45-33-286
31.06,78.98,-66.01,75.54,06-04-23-07-45-33-322
31.22,79.02,-65.69,75.26,06-04-23-07-45-33-350
31.44,79.14,-64.39,74.49,06-04-23-07-45-33-384
31.68,79.33,-63.14,73.93,06-04-23-07-45-33-417
31.89,79.47,-62.42,73.59,06-04-23-07-45-33-454
32.06,79.58,-61.20,72.75,06-04-23-07-45-33-490
32.19,79.57,-59.96,71.98,06-04-23-07-45-33-518
32.28,79.39,-57.35,70.57,06-04-23-07-45-33-550
32.34,79.01,-54.52,69.68,06-04-23-07-45-33-582
32.38,78.51,-52.44,69.30,06-04-23-07-45-33-616
32.39,77.90,-51.08,69.16,06-04-23-07-45-33-649
32.37,77.16,-50.14,69.11,06-04-23-07-45-33-687
32.35,76.41,-48.64,68.53,06-04-23-07-45-33-718
32.32,75.54,-45.53,67.85,06-04-23-07-45-33-753
32.29,74.33,-43.16,67.74,06-04-23-07-45-33-783
31.87,71.20,-36.77,68.51,06-04-23-07-45-33-816
31.55,68.29,-29.86,69.51,06-04-23-07-45-33-854
31.38,66.27,-27.86,70.33,06-04-23-07-45-33-892
31.27,64.67,-27.30,71.16,06-04-23-07-45-33-918
31.33,63.49,-26.09,70.22,06-04-23-07-45-33-953
27.53,54.72,-24.16,76.10,06-04-23-07-45-33-984
23.49,24.32,-21.31,87.32,06-04-23-07-45-34-019
23.88,16.51,-20.46,90.49,06-04-23-07-45-34-049
24.31,11.75,-19.85,92.47,06-04-23-07-45-34-085
17.44,24.43,-18.58,93.07,06-04-23-07-45-34-117
14.71,57.75,-18.60,85.67,06-04-23-07-45-34-156
15.38,72.86,3.72,78.76,06-04-23-07-45-34-183
15.74,79.00,15.11,74.97,06-04-23-07-45-34-217
16.02,83.32,26.78,74.90,06-04-23-07-45-34-250
16.29,86.42,31.62,75.87,06-04-23-07-45-34-281
15.78,89.31,34.81,77.98,06-04-23-07-45-34-316
14.88,91.11,36.53,79.94,06-04-23-07-45-34-353
13.96,93.40,37.79,81.68,06-04-23-07-45-34-383
13.52,96.13,39.18,83.10,06-04-23-07-45-34-418
13.26,98.57,40.56,84.05,06-04-23-07-45-34-452
13.21,99.41,42.55,85.14,06-04-23-07-45-34-481
13.23,100.45,43.80,85.91,06-04-23-07-45-34-517
13.32,101.54,44.94,86.47,06-04-23-07-45-34-551
13.55,102.92,46.66,87.05,06-04-23-07-45-34-585
13.95,104.58,49.08,87.62,06-04-23-07-45-34-616
14.45,106.18,51.64,87.97,06-04-23-07-45-34-652
15.34,108.27,55.24,88.22,06-04-23-07-45-34-683
16.76,111.10,58.85,89.37,06-04-23-07-45-34-716
17.87,113.06,62.19,90.28,06-04-23-07-45-34-752
18.92,74.43,64.45,78.41,06-04-23-07-45-34-782
18.55,72.23,66.22,79.32,06-04-23-07-45-34-817
21.44,57.51,65.91,73.08,06-04-23-07-45-34-850
23.05,52.34,66.10,70.39,06-04-23-07-45-34-883
24.02,49.78,66.50,69.03,06-04-23-07-45-34-917
24.70,48.19,66.90,68.18,06-04-23-07-45-34-950
25.12,47.17,67.33,67.67,06-04-23-07-45-34-985
25.55,46.23,67.56,67.21,06-04-23-07-45-35-017
28.33,41.83,67.57,64.86,06-04-23-07-45-35-052
29.15,40.56,67.61,64.14,06-04-23-07-45-35-082
29.80,39.60,67.65,63.66,06-04-23-07-45-35-116
30.19,39.07,67.65,63.34,06-04-23-07-45-35-151
30.40,38.71,67.59,63.17,06-04-23-07-45-35-183
30.60,38.39,67.52,63.03,06-04-23-07-45-35-215
30.68,38.18,67.44,62.97,06-04-23-07-45-35-251
30.13,38.27,67.27,63.21,06-04-23-07-45-35-284
28.42,39.01,66.83,64.46,06-04-23-07-45-35-321
26.74,39.94,65.55,65.65,06-04-23-07-45-35-349
25.42,40.84,63.55,66.72,06-04-23-07-45-35-382
24.44,41.65,60.28,67.46,06-04-23-07-45-35-420
23.59,42.58,52.50,67.45,06-04-23-07-45-35-450
22.96,43.50,48.17,67.80,06-04-23-07-45-35-484
22.49,44.41,44.97,68.11,06-04-23-07-45-35-517
22.11,45.27,41.58,68.25,06-04-23-07-45-35-549
21.78,46.42,38.07,68.40,06-04-23-07-45-35-583
21.48,48.07,34.28,68.64,06-04-23-07-45-35-618
21.11,50.13,30.10,68.74,06-04-23-07-45-35-649
20.05,55.44,27.23,69.82,06-04-23-07-45-35-683
19.35,59.70,25.42,70.65,06-04-23-07-45-35-718
17.86,65.54,21.74,73.26,06-04-23-07-45-35-752
17.06,69.39,18.81,74.81,06-04-23-07-45-35-785
16.47,72.11,14.61,75.94,06-04-23-07-45-35-818
16.28,74.23,12.50,76.69,06-04-23-07-45-35-854
15.38,81.18,11.82,78.15,06-04-23-07-45-35-883
15.00,84.66,10.97,78.77,06-04-23-07-45-35-918
17.88,59.76,6.81,83.14,06-04-23-07-45-35-950
25.77,42.67,-14.25,80.21,06-04-23-07-45-35-982
29.26,38.25,-35.83,81.31,06-04-23-07-45-36-016
29.91,38.40,-38.67,70.94,06-04-23-07-45-36-050
29.16,40.51,-41.09,72.01,06-04-23-07-45-36-082
28.97,47.66,-42.33,69.63,06-04-23-07-45-36-117
28.93,52.15,-42.95,69.33,06-04-23-07-45-36-152
28.86,54.89,-44.71,71.36,06-04-23-07-45-36-185
29.80,72.92,-44.28,63.92,06-04-23-07-45-36-216
30.44,76.54,-48.44,65.05,06-04-23-07-45-36-252
30.80,78.43,-50.43,65.44,06-04-23-07-45-36-282
30.79,78.69,-51.88,66.42,06-04-23-07-45-36-317
30.50,77.63,-53.12,68.02,06-04-23-07-45-36-353
30.08,75.87,-55.19,68.53,06-04-23-07-45-36-382
29.71,74.09,-56.89,70.26,06-04-23-07-45-36-417
29.42,72.57,-57.81,71.35,06-04-23-07-45-36-450
29.21,71.38,-59.57,73.12,06-04-23-07-45-36-481
29.04,70.45,-59.57,74.16,06-04-23-07-45-36-519
28.90,69.67,-59.75,74.95,06-04-23-07-45-36-550
28.80,69.03,-59.87,75.55,06-04-23-07-45-36-582
28.70,68.47,-59.93,76.01,06-04-23-07-45-36-619
28.63,68.02,-59.93,76.35,06-04-23-07-45-36-649
28.55,67.61,-58.86,76.66,06-04-23-07-45-36-684
28.49,67.24,-58.07,76.83,06-04-23-07-45-36-720
28.43,66.95,-54.95,75.83,06-04-23-07-45-36-750
28.40,66.78,-51.40,74.66,06-04-23-07-45-36-784
28.37,66.55,-49.96,74.31,06-04-23-07-45-36-818
28.35,66.31,-48.74,73.98,06-04-23-07-45-36-849
28.19,65.46,-46.77,73.64,06-04-23-07-45-36-884
28.10,64.81,-37.79,70.64,06-04-23-07-45-36-918
25.02,61.30,-29.40,71.97,06-04-23-07-45-36-953
24.61,59.46,-29.10,72.51,06-04-23-07-45-36-982
24.81,57.95,-24.95,71.71,06-04-23-07-45-37-016
23.56,51.08,-23.88,76.67,06-04-23-07-45-37-051
22.96,45.80,-23.50,80.73,06-04-23-07-45-37-082
22.76,42.89,-23.46,83.54,06-04-23-07-45-37-118
14.98,93.62,-20.46,75.95,06-04-23-07-45-37-150
15.15,102.68,-20.77,73.90,06-04-23-07-45-37-185
15.87,108.20,-20.64,72.11,06-04-23-07-45-37-217
24.21,92.33,-1.48,68.38,06-04-23-07-45-37-250
23.22,92.59,-1.96,72.75,06-04-23-07-45-37-287
21.65,92.64,18.81,79.87,06-04-23-07-45-37-322
21.35,91.19,30.79,82.88,06-04-23-07-45-37-352
20.72,91.24,35.08,84.88,06-04-23-07-45-37-385
20.05,92.16,38.79,85.89,06-04-23-07-45-37-417
19.42,93.96,41.52,86.51,06-04-23-07-45-37-450
18.97,97.93,44.26,87.81,06-04-23-07-45-37-488
18.74,100.85,46.61,88.89,06-04-23-07-45-37-522
18.84,104.09,48.80,89.63,06-04-23-07-45-37-551
18.98,107.15,50.75,90.84,06-04-23-07-45-37-582
21.37,78.93,49.06,76.48,06-04-23-07-45-37-619
19.77,95.37,54.57,86.01,06-04-23-07-45-37-653
19.86,104.24,60.62,88.13,06-04-23-07-45-37-683
20.45,110.41,64.79,91.55,06-04-23-07-45-37-722
20.41,112.36,67.52,92.95,06-04-23-07-45-37-751
18.56,79.10,65.30,79.48,06-04-23-07-45-37-784
17.14,91.98,67.97,85.20,06-04-23-07-45-37-815
19.29,59.46,68.97,74.69,06-04-23-07-45-37-849
21.95,47.94,68.87,69.48,06-04-23-07-45-37-882
23.38,43.51,69.10,67.04,06-04-23-07-45-37-923
24.36,40.93,69.45,65.48,06-04-23-07-45-37-948
25.08,39.26,69.68,64.36,06-04-23-07-45-37-982
25.49,38.28,70.06,63.74,06-04-23-07-45-38-021
25.51,37.84,70.52,63.73,06-04-23-07-45-38-051
25.16,37.80,71.19,64.21,06-04-23-07-45-38-084
24.73,38.00,71.77,64.85,06-04-23-07-45-38-115
23.99,38.52,72.18,65.83,06-04-23-07-45-38-147
23.56,38.84,72.38,66.49,06-04-23-07-45-38-182
23.26,39.15,72.49,66.97,06-04-23-07-45-38-220
23.03,39.46,72.56,67.35,06-04-23-07-45-38-250
22.92,39.73,72.59,67.57,06-04-23-07-45-38-285
22.78,40.15,72.54,67.82,06-04-23-07-45-38-318
22.70,40.53,72.29,67.98,06-04-23-07-45-38-351
22.66,40.90,71.49,68.00,06-04-23-07-45-38-383
22.41,41.79,69.74,68.16,06-04-23-07-45-38-415
22.15,42.80,67.05,68.28,06-04-23-07-45-38-453
21.92,43.83,63.19,68.41,06-04-23-07-45-38-483
21.70,44.98,58.99,68.27,06-04-23-07-45-38-517
21.47,46.15,53.67,67.71,06-04-23-07-45-38-552
21.32,47.15,49.16,67.76,06-04-23-07-45-38-581
21.23,48.03,44.50,67.95,06-04-23-07-45-38-618
21.17,48.95,40.50,68.13,06-04-23-07-45-38-651
21.03,50.55,38.24,68.56,06-04-23-07-45-38-683
17.09,63.73,37.97,76.44,06-04-23-07-45-38-716
15.94,70.78,35.94,79.10,06-04-23-07-45-38-751
15.03,79.96,34.18,81.42,06-04-23-07-45-38-792
14.98,95.00,34.03,82.12,06-04-23-07-45-38-816
15.08,99.66,30.25,82.74,06-04-23-07-45-38-852
16.39,97.50,24.90,79.92,06-04-23-07-45-38-882
17.22,95.85,19.48,78.53,06-04-23-07-45-38-916
17.74,95.18,17.48,77.43,06-04-23-07-45-38-951
18.11,95.36,16.23,76.72,06-04-23-07-45-38-985
18.31,95.57,15.36,76.67,06-04-23-07-45-39-021
21.45,74.51,-6.94,70.04,06-04-23-07-45-39-049
29.92,65.50,-22.48,66.41,06-04-23-07-45-39-084
32.92,63.39,-33.66,69.41,06-04-23-07-45-39-117
33.63,62.60,-42.67,71.82,06-04-23-07-45-39-148
33.90,63.26,-45.33,71.42,06-04-23-07-45-39-181
33.50,64.75,-50.29,69.48,06-04-23-07-45-39-217
32.38,66.06,-49.71,69.48,06-04-23-07-45-39-254
31.38,68.48,-48.66,69.38,06-04-23-07-45-39-282
30.63,70.10,-48.21,70.04,06-04-23-07-45-39-319
29.97,71.18,-47.72,70.65,06-04-23-07-45-39-351
29.50,71.99,-47.56,71.17,06-04-23-07-45-39-382
28.93,73.02,-48.71,72.09,06-04-23-07-45-39-415
28.59,73.67,-49.56,72.76,06-04-23-07-45-39-451
28.35,74.15,-50.31,73.21,06-04-23-07-45-39-491
28.18,74.46,-53.43,74.27,06-04-23-07-45-39-515
28.05,74.66,-55.64,74.88,06-04-23-07-45-39-550
28.06,75.09,-58.11,75.18,06-04-23-07-45-39-584
28.16,75.64,-59.98,75.23,06-04-23-07-45-39-618
28.34,76.28,-61.46,75.08,06-04-23-07-45-39-652
28.26,75.85,-62.82,75.56,06-04-23-07-45-39-686
28.24,75.86,-63.60,75.67,06-04-23-07-45-39-717
28.24,75.89,-64.06,75.72,06-04-23-07-45-39-751
28.27,76.00,-64.02,75.61,06-04-23-07-45-39-782
28.35,76.25,-64.11,75.43,06-04-23-07-45-39-817
28.43,76.52,-64.10,75.25,06-04-23-07-45-39-853
28.48,76.63,-63.98,75.11,06-04-23-07-45-39-881
28.51,76.67,-62.11,74.53,06-04-23-07-45-39-916
28.53,76.68,-59.59,73.93,06-04-23-07-45-39-950
28.54,76.68,-57.16,73.23,06-04-23-07-45-39-984
28.56,76.65,-54.64,72.43,06-04-23-07-45-40-018
28.52,76.34,-52.03,72.39,06-04-23-07-45-40-049
28.48,75.98,-49.81,72.38,06-04-23-07-45-40-083
28.44,75.58,-47.34,72.04,06-04-23-07-45-40-120
28.45,75.26,-44.74,71.57,06-04-23-07-45-40-150
28.48,74.93,-42.49,71.47,06-04-23-07-45-40-187
28.56,74.49,-40.01,71.33,06-04-23-07-45-40-218
28.59,73.45,-35.55,68.85,06-04-23-07-45-40-248
28.46,71.42,-24.85,68.70,06-04-23-07-45-40-285
28.43,69.83,-15.09,77.82,06-04-23-07-45-40-315
28.41,68.44,-16.46,76.31,06-04-23-07-45-40-350
28.46,67.35,-16.07,75.72,06-04-23-07-45-40-383
27.76,65.53,-18.36,72.48,06-04-23-07-45-40-417
26.45,62.67,-18.51,73.01,06-04-23-07-45-40-451
25.76,61.15,-16.24,73.26,06-04-23-07-45-40-485
25.15,59.99,-15.01,71.91,06-04-23-07-45-40-521
17.19,80.93,-6.52,70.23,06-04-23-07-45-40-553
15.04,95.31,2.62,74.46,06-04-23-07-45-40-581
14.37,102.59,4.98,74.25,06-04-23-07-45-40-619
14.27,106.09,12.33,78.30,06-04-23-07-45-40-652
14.36,106.80,22.81,80.82,06-04-23-07-45-40-682
14.47,106.53,28.33,82.79,06-04-23-07-45-40-715
14.60,107.18,31.97,84.31,06-04-23-07-45-40-752
14.71,107.34,34.54,85.38,06-04-23-07-45-40-784
14.85,107.03,36.37,86.28,06-04-23-07-45-40-816
15.02,106.69,38.39,86.96,06-04-23-07-45-40-852
15.17,106.36,40.18,87.43,06-04-23-07-45-40-883
15.28,106.13,41.84,87.83,06-04-23-07-45-40-915
15.43,106.43,44.00,88.32,06-04-23-07-45-40-954
15.59,106.85,46.13,88.88,06-04-23-07-45-40-987
15.80,107.55,48.36,89.46,06-04-23-07-45-41-016
16.07,108.52,50.69,90.04,06-04-23-07-45-41-052
16.33,109.48,52.39,90.69,06-04-23-07-45-41-081
16.56,110.31,55.82,91.84,06-04-23-07-45-41-118
16.32,109.44,57.80,91.25,06-04-23-07-45-41-154
16.52,111.09,60.31,92.18,06-04-23-07-45-41-184
16.64,112.01,62.56,92.04,06-04-23-07-45-41-216
16.70,112.69,65.20,92.12,06-04-23-07-45-41-250
16.50,112.66,68.69,92.43,06-04-23-07-45-41-284
17.55,69.54,68.05,79.08,06-04-23-07-45-41-321
21.56,52.09,66.93,71.40,06-04-23-07-45-41-353
23.51,47.18,66.89,68.47,06-04-23-07-45-41-384
24.78,44.58,66.94,66.64,06-04-23-07-45-41-416
25.92,42.81,67.13,65.19,06-04-23-07-45-41-453
26.72,41.67,67.28,64.22,06-04-23-07-45-41-483
30.34,38.90,67.92,62.33,06-04-23-07-45-41-517
31.24,38.21,68.14,61.70,06-04-23-07-45-41-556
30.79,38.20,68.45,62.22,06-04-23-07-45-41-582
30.08,38.53,68.83,62.97,06-04-23-07-45-41-620
29.34,38.99,69.19,63.74,06-04-23-07-45-41-649
28.66,39.53,69.50,64.47,06-04-23-07-45-41-682
28.02,40.19,69.53,64.47,06-04-23-07-45-41-718
27.55,40.84,69.65,64.78,06-04-23-07-45-41-753
27.00,41.56,69.57,65.19,06-04-23-07-45-41-783
26.53,42.34,69.19,65.55,06-04-23-07-45-41-819
25.66,43.66,67.93,66.31,06-04-23-07-45-41-851
24.69,45.43,64.07,66.46,06-04-23-07-45-41-881
23.84,47.10,59.96,67.15,06-04-23-07-45-41-915
23.23,48.55,52.69,66.44,06-04-23-07-45-41-949
22.80,49.84,48.98,66.48,06-04-23-07-45-41-984
22.54,51.16,45.91,66.81,06-04-23-07-45-42-017
22.42,52.55,42.72,67.14,06-04-23-07-45-42-052
22.42,54.16,38.99,67.62,06-04-23-07-45-42-087
22.53,55.91,35.14,68.06,06-04-23-07-45-42-117
22.68,57.78,31.81,68.07,06-04-23-07-45-42-148
22.73,61.39,29.69,67.90,06-04-23-07-45-42-190
18.38,86.86,34.03,77.48,06-04-23-07-45-42-218
17.70,100.22,34.56,81.87,06-04-23-07-45-42-252
17.77,107.24,33.48,83.79,06-04-23-07-45-42-283
17.83,111.22,31.97,84.94,06-04-23-07-45-42-317
17.88,113.82,30.98,85.72,06-04-23-07-45-42-351
18.77,106.14,28.52,81.63,06-04-23-07-45-42-383
19.23,102.85,26.62,79.74,06-04-23-07-45-42-417
19.49,100.97,24.92,79.28,06-04-23-07-45-42-452
19.58,100.22,23.58,79.90,06-04-23-07-45-42-483
19.70,59.50,-7.88,75.27,06-04-23-07-45-42-515
19.54,17.47,-16.48,88.74,06-04-23-07-45-42-549
26.86,55.61,-26.08,72.33,06-04-23-07-45-42-583
27.92,56.19,-32.49,74.82,06-04-23-07-45-42-620
30.67,64.73,-38.33,70.02,06-04-23-07-45-42-649
31.93,67.94,-36.58,70.38,06-04-23-07-45-42-682
32.36,70.03,-39.48,66.79,06-04-23-07-45-42-719
32.50,72.07,-40.68,64.62,06-04-23-07-45-42-751
32.39,73.34,-41.25,64.13,06-04-23-07-45-42-783
32.18,74.18,-42.11,64.24,06-04-23-07-45-42-816
31.90,74.68,-43.66,64.96,06-04-23-07-45-42-849
31.51,74.91,-45.16,65.91,06-04-23-07-45-42-883
30.35,74.86,-46.83,67.10,06-04-23-07-45-42-919
29.25,74.47,-49.79,69.26,06-04-23-07-45-42-950
28.67,74.41,-51.39,70.64,06-04-23-07-45-42-983
28.27,74.31,-52.12,71.44,06-04-23-07-45-43-015
27.99,74.23,-52.78,72.06,06-04-23-07-45-43-050
27.77,74.14,-53.18,72.50,06-04-23-07-45-43-085
27.61,74.06,-55.02,73.08,06-04-23-07-45-43-118
27.49,73.97,-55.97,73.45,06-04-23-07-45-43-149
27.42,74.02,-57.26,73.86,06-04-23-07-45-43-182
27.38,74.05,-57.84,74.11,06-04-23-07-45-43-215
27.34,74.06,-58.26,74.32,06-04-23-07-45-43-251
27.31,74.07,-58.50,74.48,06-04-23-07-45-43-283
27.29,74.07,-58.66,74.62,06-04-23-07-45-43-319
27.27,74.06,-58.51,74.66,06-04-23-07-45-43-352
27.26,74.05,-57.92,74.60,06-04-23-07-45-43-382
27.24,74.00,-56.87,74.56,06-04-23-07-45-43-417
27.23,73.96,-55.40,74.25,06-04-23-07-45-43-449
27.19,73.81,-53.65,74.24,06-04-23-07-45-43-482
27.15,73.54,-51.69,74.24,06-04-23-07-45-43-518
27.12,73.28,-49.40,74.26,06-04-23-07-45-43-549
27.16,73.08,-45.57,74.27,06-04-23-07-45-43-584
27.29,72.88,-41.19,73.62,06-04-23-07-45-43-616
27.44,72.67,-38.12,72.74,06-04-23-07-45-43-650
27.56,71.90,-32.43,71.02,06-04-23-07-45-43-682
27.66,71.20,-29.81,72.41,06-04-23-07-45-43-716
27.78,70.62,-28.44,72.25,06-04-23-07-45-43-749
25.73,66.21,-20.78,70.46,06-04-23-07-45-43-783
18.08,24.08,-15.79,85.76,06-04-23-07-45-43-815
25.37,47.97,-21.53,75.51,06-04-23-07-45-43-857
23.64,39.26,-19.45,81.91,06-04-23-07-45-43-882
23.43,37.48,-18.95,84.42,06-04-23-07-45-43-916
14.74,71.56,-15.67,77.64,06-04-23-07-45-43-948
13.94,86.32,-13.96,77.13,06-04-23-07-45-43-982
13.97,93.76,-0.69,78.77,06-04-23-07-45-44-019
14.12,98.68,12.35,81.55,06-04-23-07-45-44-049
14.34,101.08,26.78,84.72,06-04-23-07-45-44-084
14.37,101.10,32.48,86.57,06-04-23-07-45-44-115
14.60,99.91,35.77,87.30,06-04-23-07-45-44-148
14.73,98.81,38.62,87.37,06-04-23-07-45-44-182
14.79,98.24,40.73,87.57,06-04-23-07-45-44-217
14.97,95.31,42.00,86.85,06-04-23-07-45-44-251
15.12,92.34,43.07,86.22,06-04-23-07-45-44-282
15.27,89.92,44.11,85.72,06-04-23-07-45-44-318
15.77,95.11,46.86,85.93,06-04-23-07-45-44-352
16.43,99.56,51.07,86.41,06-04-23-07-45-44-382
17.05,102.80,54.98,87.11,06-04-23-07-45-44-418
17.67,105.69,58.08,88.16,06-04-23-07-45-44-454
18.22,108.11,61.53,89.68,06-04-23-07-45-44-481
18.66,109.97,64.57,91.01,06-04-23-07-45-44-520
18.96,73.11,65.93,78.32,06-04-23-07-45-44-551
17.39,71.46,66.44,79.87,06-04-23-07-45-44-586
15.70,72.58,66.67,81.95,06-04-23-07-45-44-616
20.88,51.29,65.92,72.17,06-04-23-07-45-44-650
23.48,45.96,66.11,68.19,06-04-23-07-45-44-682
24.86,43.58,66.74,66.17,06-04-23-07-45-44-715
25.79,42.20,67.94,64.86,06-04-23-07-45-44-750
26.47,41.38,69.00,63.90,06-04-23-07-45-44-783
26.82,41.01,70.38,63.45,06-04-23-07-45-44-815
27.03,40.93,71.44,63.23,06-04-23-07-45-44-849
27.13,41.01,72.61,63.21,06-04-23-07-45-44-882
27.19,41.11,73.50,63.25,06-04-23-07-45-44-916
27.13,41.10,74.21,63.39,06-04-23-07-45-44-949
27.02,41.12,74.66,63.57,06-04-23-07-45-44-981
26.88,41.19,74.95,63.77,06-04-23-07-45-45-015
26.73,41.28,75.10,63.99,06-04-23-07-45-45-056
26.57,41.39,75.17,64.20,06-04-23-07-45-45-086
26.45,41.50,75.19,64.38,06-04-23-07-45-45-117
26.36,41.60,75.17,64.52,06-04-23-07-45-45-149
26.29,41.70,75.00,64.62,06-04-23-07-45-45-185
26.23,41.81,73.93,64.61,06-04-23-07-45-45-217
26.17,41.92,72.00,64.53,06-04-23-07-45-45-250
26.12,42.03,69.28,64.26,06-04-23-07-45-45-285
26.06,42.16,65.75,63.77,06-04-23-07-45-45-320
25.87,42.49,59.05,62.84,06-04-23-07-45-45-350
25.55,43.10,52.65,61.70,06-04-23-07-45-45-383
25.13,44.15,42.17,59.99,06-04-23-07-45-45-418
24.63,45.87,38.93,60.00,06-04-23-07-45-45-452
24.01,48.60,37.80,60.32,06-04-23-07-45-45-482
23.44,51.97,37.73,60.65,06-04-23-07-45-45-518
23.07,54.73,35.51,60.43,06-04-23-07-45-45-550
22.51,58.07,33.73,60.82,06-04-23-07-45-45-588
17.56,82.57,36.53,71.54,06-04-23-07-45-45-618
16.70,97.03,34.57,74.35,06-04-23-07-45-45-649
16.50,104.32,33.74,75.77,06-04-23-07-45-45-683
16.30,108.94,32.03,76.56,06-04-23-07-45-45-719
16.09,111.12,30.00,76.57,06-04-23-07-45-45-750
15.99,108.14,27.93,75.04,06-04-23-07-45-45-788
17.58,96.63,24.56,69.86,06-04-23-07-45-45-818
19.34,88.96,21.42,65.97,06-04-23-07-45-45-852
21.95,72.89,13.63,63.74,06-04-23-07-45-45-887
23.56,66.15,10.23,63.94,06-04-23-07-45-45-918
25.04,58.92,4.96,63.73,06-04-23-07-45-45-952
25.90,54.10,1.64,64.39,06-04-23-07-45-45-988
29.42,60.12,-26.52,61.70,06-04-23-07-45-46-016
29.73,62.24,-35.71,61.78,06-04-23-07-45-46-050
29.52,64.22,-41.39,62.68,06-04-23-07-45-46-085
29.80,65.44,-47.77,68.01,06-04-23-07-45-46-116
29.97,66.43,-49.85,69.52,06-04-23-07-45-46-151
30.03,67.15,-51.31,70.54,06-04-23-07-45-46-189
30.02,67.96,-52.74,71.23,06-04-23-07-45-46-217
29.97,68.50,-53.93,71.68,06-04-23-07-45-46-253
29.88,68.83,-55.18,71.97,06-04-23-07-45-46-282
29.86,69.48,-57.49,72.48,06-04-23-07-45-46-316
29.86,70.14,-59.51,72.95,06-04-23-07-45-46-349
29.98,71.68,-61.03,72.78,06-04-23-07-45-46-388
30.14,73.25,-62.26,72.38,06-04-23-07-45-46-417
30.27,74.41,-63.16,72.07,06-04-23-07-45-46-450
30.36,75.28,-63.87,71.83,06-04-23-07-45-46-481
30.42,75.87,-64.44,71.71,06-04-23-07-45-46-517
30.46,76.26,-64.84,71.62,06-04-23-07-45-46-549
30.47,76.54,-65.10,71.55,06-04-23-07-45-46-581
30.46,76.71,-65.25,71.51,06-04-23-07-45-46-615
30.46,76.82,-65.34,71.47,06-04-23-07-45-46-648
30.44,76.88,-65.37,71.44,06-04-23-07-45-46-684
30.40,76.91,-65.34,71.42,06-04-23-07-45-46-718
30.36,76.92,-65.27,71.40,06-04-23-07-45-46-750
30.29,76.94,-64.79,71.32,06-04-23-07-45-46-784
30.23,76.98,-63.99,71.18,06-04-23-07-45-46-816
30.09,76.91,-61.33,70.58,06-04-23-07-45-46-851
29.87,76.68,-58.94,70.10,06-04-23-07-45-46-881
29.44,76.03,-56.39,69.90,06-04-23-07-45-46-917
29.09,75.46,-54.72,69.90,06-04-23-07-45-46-954
28.64,74.61,-51.69,69.92,06-04-23-07-45-46-988
27.09,70.17,-46.87,71.56,06-04-23-07-45-47-016
26.26,67.15,-43.37,72.28,06-04-23-07-45-47-050
26.07,65.58,-26.90,74.80,06-04-23-07-45-47-082
24.47,59.03,-22.26,76.82,06-04-23-07-45-47-115
22.55,56.92,-19.75,80.95,06-04-23-07-45-47-152
21.25,54.61,-17.24,81.69,06-04-23-07-45-47-183
20.72,53.46,-15.95,81.85,06-04-23-07-45-47-215
20.23,51.87,-15.42,82.06,06-04-23-07-45-47-249
17.62,46.41,-14.97,86.86,06-04-23-07-45-47-283
15.23,53.94,-13.88,86.41,06-04-23-07-45-47-317
14.18,63.21,-13.95,84.05,06-04-23-07-45-47-353
13.75,73.13,-14.75,79.03,06-04-23-07-45-47-383
16.30,80.37,2.03,74.50,06-04-23-07-45-47-418
16.80,84.30,12.87,74.53,06-04-23-07-45-47-450
17.00,87.54,26.56,74.80,06-04-23-07-45-47-482
16.99,90.29,32.60,76.01,06-04-23-07-45-47-523
16.91,92.39,36.65,77.32,06-04-23-07-45-47-549
16.72,94.12,39.97,78.79,06-04-23-07-45-47-582
16.60,94.68,43.01,79.91,06-04-23-07-45-47-616
16.57,98.18,46.60,81.21,06-04-23-07-45-47-649
16.98,101.81,49.47,82.38,06-04-23-07-45-47-684
17.44,105.50,51.91,83.68,06-04-23-07-45-47-717
17.93,108.50,54.17,85.48,06-04-23-07-45-47-749
18.36,110.50,56.35,87.18,06-04-23-07-45-47-784
18.67,112.15,58.64,89.01,06-04-23-07-45-47-816
19.08,113.21,61.77,90.43,06-04-23-07-45-47-849
19.55,114.04,64.28,91.32,06-04-23-07-45-47-885
19.73,114.59,67.16,92.34,06-04-23-07-45-47-915
18.44,77.99,66.02,77.37,06-04-23-07-45-47-950
21.45,56.08,66.33,68.42,06-04-23-07-45-47-984
24.50,46.86,66.38,63.59,06-04-23-07-45-48-016
26.64,42.71,66.78,60.98,06-04-23-07-45-48-049
27.95,40.88,66.99,59.46,06-04-23-07-45-48-085
28.82,40.17,67.31,58.69,06-04-23-07-45-48-116
29.24,39.98,67.95,58.71,06-04-23-07-45-48-151
29.33,40.25,68.74,59.24,06-04-23-07-45-48-182
29.22,40.69,69.59,60.00,06-04-23-07-45-48-215
29.03,41.37,70.38,60.92,06-04-23-07-45-48-248
28.80,42.11,71.00,61.78,06-04-23-07-45-48-284
28.59,42.78,71.45,62.50,06-04-23-07-45-48-317
28.42,43.39,71.77,63.08,06-04-23-07-45-48-352
28.29,43.92,71.96,63.53,06-04-23-07-45-48-383
28.19,44.37,72.07,63.88,06-04-23-07-45-48-416
28.12,44.76,72.08,64.15,06-04-23-07-45-48-446
28.07,45.09,71.99,64.37,06-04-23-07-45-48-483
27.98,45.43,71.26,64.52,06-04-23-07-45-48-517
27.90,45.74,68.92,64.39,06-04-23-07-45-48-550
27.82,46.01,66.32,64.22,06-04-23-07-45-48-583
27.56,46.48,63.41,64.10,06-04-23-07-45-48-619
27.18,47.15,58.95,63.78,06-04-23-07-45-48-650
26.43,48.63,49.67,61.13,06-04-23-07-45-48-681
25.76,50.45,45.91,60.82,06-04-23-07-45-48-718
25.11,52.93,43.41,61.19,06-04-23-07-45-48-758
24.67,55.66,39.83,61.90,06-04-23-07-45-48-794
24.48,58.87,37.93,62.56,06-04-23-07-45-48-817
24.63,63.01,35.82,62.95,06-04-23-07-45-48-853
24.86,66.51,33.60,63.39,06-04-23-07-45-48-885
25.13,69.28,30.50,63.73,06-04-23-07-45-48-915
22.87,86.00,33.40,71.72,06-04-23-07-45-48-949
22.53,94.69,32.69,75.05,06-04-23-07-45-48-984
22.20,102.91,31.05,78.55,06-04-23-07-45-49-015
22.29,106.29,27.80,79.11,06-04-23-07-45-49-049
22.45,108.21,24.48,79.20,06-04-23-07-45-49-082
23.33,106.65,22.29,76.97,06-04-23-07-45-49-117
24.06,104.98,20.43,74.86,06-04-23-07-45-49-151
24.51,103.65,18.94,73.20,06-04-23-07-45-49-181
24.40,103.01,3.57,68.63,06-04-23-07-45-49-218
26.20,90.09,-10.47,62.91,06-04-23-07-45-49-250
33.08,80.45,-24.09,57.18,06-04-23-07-45-49-282
33.26,76.87,-33.49,59.57,06-04-23-07-45-49-317
33.93,75.06,-38.47,60.83,06-04-23-07-45-49-350
34.09,74.29,-40.95,61.87,06-04-23-07-45-49-388
33.91,74.72,-47.49,66.42,06-04-23-07-45-49-416
33.36,75.66,-49.30,68.17,06-04-23-07-45-49-451
32.79,76.73,-49.88,69.15,06-04-23-07-45-49-483
32.29,77.70,-50.26,69.76,06-04-23-07-45-49-515
31.86,78.53,-52.10,70.47,06-04-23-07-45-49-553
27.80,77.17,-50.49,74.92,06-04-23-07-45-49-582
28.13,79.65,-52.60,74.10,06-04-23-07-45-49-615
28.66,81.47,-54.57,73.23,06-04-23-07-45-49-650
28.98,81.97,-56.33,73.06,06-04-23-07-45-49-683
28.96,81.29,-58.93,72.87,06-04-23-07-45-49-719
31.45,88.07,-63.99,68.84,06-04-23-07-45-49-750
31.91,89.41,-65.51,68.55,06-04-23-07-45-49-781
32.27,90.23,-66.52,68.29,06-04-23-07-45-49-817
32.40,90.70,-67.03,68.39,06-04-23-07-45-49-849
30.95,87.30,-67.76,70.87,06-04-23-07-45-49-883
30.02,84.79,-67.61,71.81,06-04-23-07-45-49-916
29.42,82.99,-67.77,72.83,06-04-23-07-45-49-950
29.01,81.76,-67.63,73.17,06-04-23-07-45-49-981
28.74,80.91,-67.22,73.20,06-04-23-07-45-50-017
28.54,80.31,-66.37,72.95,06-04-23-07-45-50-049
30.89,86.34,-67.43,69.97,06-04-23-07-45-50-082
30.97,86.79,-66.75,69.24,06-04-23-07-45-50-117
30.86,86.90,-65.75,68.89,06-04-23-07-45-50-149
30.87,86.43,-65.08,68.95,06-04-23-07-45-50-183
29.38,77.75,-62.28,73.47,06-04-23-07-45-50-219
29.26,75.84,-60.35,74.47,06-04-23-07-45-50-250
29.23,74.65,-58.73,75.12,06-04-23-07-45-50-286
29.30,73.99,-57.05,75.42,06-04-23-07-45-50-318
29.48,73.77,-55.46,75.38,06-04-23-07-45-50-348
29.64,73.78,-53.07,74.72,06-04-23-07-45-50-383
29.79,73.93,-49.38,73.23,06-04-23-07-45-50-417
29.93,74.16,-47.47,72.45,06-04-23-07-45-50-449
30.07,74.37,-45.56,71.65,06-04-23-07-45-50-482
30.22,74.55,-43.06,70.47,06-04-23-07-45-50-520
30.34,74.64,-38.93,68.43,06-04-23-07-45-50-551
30.43,74.66,-36.88,67.43,06-04-23-07-45-50-583
30.66,74.68,-35.72,67.60,06-04-23-07-45-50-616
30.86,74.65,-26.04,67.34,06-04-23-07-45-50-649
31.13,74.52,-24.82,68.36,06-04-23-07-45-50-685
31.38,74.36,-24.13,68.37,06-04-23-07-45-50-717
31.58,74.10,-24.75,68.19,06-04-23-07-45-50-749
31.79,73.82,-25.33,67.91,06-04-23-07-45-50-784
29.38,70.49,-25.01,69.44,06-04-23-07-45-50-818
29.50,69.28,-24.63,66.84,06-04-23-07-45-50-856
28.37,64.75,-24.82,68.36,06-04-23-07-45-50-883
28.29,63.48,-24.80,68.09,06-04-23-07-45-50-918
28.38,62.59,-24.90,68.61,06-04-23-07-45-50-948
28.48,62.07,-24.60,68.14,06-04-23-07-45-50-982
28.65,61.78,-24.10,67.56,06-04-23-07-45-51-019
26.50,55.55,-22.14,78.37,06-04-23-07-45-51-048
25.76,53.01,-21.30,83.55,06-04-23-07-45-51-083
17.44,81.93,-14.77,82.28,06-04-23-07-45-51-118
16.18,98.22,-13.91,81.69,06-04-23-07-45-51-147
15.61,106.12,-13.64,78.16,06-04-23-07-45-51-184
16.12,108.75,-13.47,75.85,06-04-23-07-45-51-223
18.06,103.91,-14.92,72.15,06-04-23-07-45-51-249
19.01,102.26,-15.61,70.26,06-04-23-07-45-51-281
17.53,95.90,-17.30,72.29,06-04-23-07-45-51-321
18.03,92.14,-14.95,72.56,06-04-23-07-45-51-359
18.50,89.52,7.49,78.60,06-04-23-07-45-51-386
18.68,87.94,15.39,80.48,06-04-23-07-45-51-430
18.69,87.00,21.90,79.01,06-04-23-07-45-51-449
18.62,86.37,24.85,78.30,06-04-23-07-45-51-485
18.46,85.94,25.43,76.29,06-04-23-07-45-51-518
18.41,85.00,24.42,74.00,06-04-23-07-45-51-549
18.34,84.16,23.63,71.94,06-04-23-07-45-51-585
18.24,83.38,22.84,69.91,06-04-23-07-45-51-618
17.75,82.44,21.55,68.50,06-04-23-07-45-51-652
17.70,81.22,20.25,67.40,06-04-23-07-45-51-683
17.36,78.95,17.90,66.10,06-04-23-07-45-51-718
17.27,77.06,15.86,64.74,06-04-23-07-45-51-751
17.57,74.50,16.67,55.24,06-04-23-07-45-51-783
18.63,71.23,18.82,45.74,06-04-23-07-45-51-817
19.47,69.17,13.44,44.98,06-04-23-07-45-51-850
20.24,67.51,11.34,41.75,06-04-23-07-45-51-884
21.28,65.78,8.18,39.86,06-04-23-07-45-51-918
21.38,64.24,5.35,39.22,06-04-23-07-45-51-950
21.20,62.47,2.38,38.67,06-04-23-07-45-51-984
21.19,61.40,-4.97,39.11,06-04-23-07-45-52-017
18.41,57.59,-5.63,43.57,06-04-23-07-45-52-051
16.61,54.63,-5.45,46.52,06-04-23-07-45-52-081
16.27,53.63,-6.74,48.07,06-04-23-07-45-52-118
15.46,52.28,-7.12,49.56,06-04-23-07-45-52-154
14.85,51.34,-6.32,49.41,06-04-23-07-45-52-182
14.40,50.69,-5.77,48.51,06-04-23-07-45-52-220
14.04,50.34,-5.23,47.28,06-04-23-07-45-52-250
13.74,50.11,-4.88,45.85,06-04-23-07-45-52-285
13.53,50.09,-5.06,43.16,06-04-23-07-45-52-316
13.37,50.30,-6.34,39.49,06-04-23-07-45-52-349
13.23,50.62,-7.81,36.33,06-04-23-07-45-52-386
13.10,50.89,-8.99,34.06,06-04-23-07-45-52-421
12.96,50.93,-10.00,32.36,06-04-23-07-45-52-452
12.80,50.71,-10.90,31.14,06-04-23-07-45-52-489
12.60,50.15,666.00,29.89,06-04-23-07-45-52-519
12.40,49.54,666.00,28.51,06-04-23-07-45-52-551
12.14,48.61,666.00,26.48,06-04-23-07-45-52-582
11.86,47.56,666.00,24.56,06-04-23-07-45-52-617
11.57,46.61,666.00,23.12,06-04-23-07-45-52-650
11.29,45.51,666.00,21.93,06-04-23-07-45-52-682
11.07,44.58,666.00,20.85,06-04-23-07-45-52-717
10.89,43.79,666.00,19.77,06-04-23-07-45-52-754
10.74,43.14,666.00,18.80,06-04-23-07-45-52-783
10.61,42.52,666.00,17.47,06-04-23-07-45-52-820
10.50,41.90,666.00,16.30,06-04-23-07-45-52-850
10.39,41.26,666.00,15.33,06-04-23-07-45-52-885
10.28,40.56,666.00,14.13,06-04-23-07-45-52-915
10.17,39.70,666.00,13.25,06-04-23-07-45-52-949
10.04,38.67,666.00,12.44,06-04-23-07-45-52-988
9.87,37.52,666.00,12.00,06-04-23-07-45-53-016
9.69,36.23,666.00,11.78,06-04-23-07-45-53-050
9.50,34.75,666.00,11.78,06-04-23-07-45-53-088
9.29,32.94,666.00,11.87,06-04-23-07-45-53-117
9.08,31.12,666.00,12.00,06-04-23-07-45-53-151
8.87,29.31,666.00,12.12,06-04-23-07-45-53-185
8.59,26.72,666.00,12.53,06-04-23-07-45-53-219
8.33,24.19,666.00,12.89,06-04-23-07-45-53-252
8.12,22.20,666.00,12.99,06-04-23-07-45-53-287
7.95,20.34,666.00,13.06,06-04-23-07-45-53-322
7.81,18.81,666.00,13.07,06-04-23-07-45-53-350
7.68,17.47,666.00,12.99,06-04-23-07-45-53-384
7.57,16.21,666.00,12.97,06-04-23-07-45-53-417
7.46,15.16,666.00,12.97,06-04-23-07-45-53-449
7.36,14.17,666.00,13.01,06-04-23-07-45-53-485
7.29,13.15,666.00,13.10,06-04-23-07-45-53-516
7.23,12.17,666.00,13.22,06-04-23-07-45-53-550
7.18,11.26,666.00,13.34,06-04-23-07-45-53-586
7.14,10.45,666.00,13.38,06-04-23-07-45-53-618
7.12,9.76,666.00,13.37,06-04-23-07-45-53-650
7.12,8.92,666.00,13.37,06-04-23-07-45-53-688
7.13,8.28,666.00,13.37,06-04-23-07-45-53-719
7.14,8.15,666.00,13.35,06-04-23-07-45-53-750
7.15,8.35,666.00,13.29,06-04-23-07-45-53-782
7.15,8.76,666.00,13.21,06-04-23-07-45-53-816
7.20,8.75,666.00,13.16,06-04-23-07-45-53-851
7.23,8.88,666.00,13.09,06-04-23-07-45-53-882
7.27,9.18,666.00,13.01,06-04-23-07-45-53-916
7.29,9.50,666.00,12.96,06-04-23-07-45-53-951
7.31,10.06,666.00,12.89,06-04-23-07-45-53-984
7.32,10.58,666.00,12.81,06-04-23-07-45-54-017
7.30,10.99,666.00,12.80,06-04-23-07-45-54-053
7.21,10.59,666.00,13.04,06-04-23-07-45-54-084
7.10,10.09,666.00,13.27,06-04-23-07-45-54-118
7.00,9.71,666.00,13.45,06-04-23-07-45-54-147
6.90,9.41,666.00,13.54,06-04-23-07-45-54-183
6.71,8.81,666.00,13.71,06-04-23-07-45-54-220
6.51,8.44,666.00,13.78,06-04-23-07-45-54-253
6.37,8.65,666.00,13.73,06-04-23-07-45-54-282
6.17,8.79,666.00,13.68,06-04-23-07-45-54-319
6.01,9.26,666.00,13.58,06-04-23-07-45-54-349
5.81,9.95,666.00,13.52,06-04-23-07-45-54-385
5.68,11.00,666.00,13.36,06-04-23-07-45-54-416
5.61,12.26,666.00,13.17,06-04-23-07-45-54-459
5.62,13.38,666.00,12.99,06-04-23-07-45-54-483
5.73,14.39,666.00,12.80,06-04-23-07-45-54-516
5.83,15.31,666.00,12.64,06-04-23-07-45-54-549
5.92,16.30,666.00,12.67,06-04-23-07-45-54-585
6.08,17.71,666.00,12.93,06-04-23-07-45-54-618
6.30,19.59,666.00,13.24,06-04-23-07-45-54-654
6.57,21.88,666.00,13.52,06-04-23-07-45-54-684
6.91,23.52,666.00,14.05,06-04-23-07-45-54-718
7.28,26.60,666.00,13.72,06-04-23-07-45-54-747
7.65,29.75,666.00,13.64,06-04-23-07-45-54-786
7.97,31.70,666.00,13.44,06-04-23-07-45-54-821
8.27,33.27,666.00,12.90,06-04-23-07-45-54-852
8.49,34.13,666.00,12.43,06-04-23-07-45-54-881
8.67,34.28,666.00,12.08,06-04-23-07-45-54-919
8.82,34.81,666.00,11.60,06-04-23-07-45-54-952
8.93,34.17,666.00,11.00,06-04-23-07-45-55-437
9.04,33.28,666.00,10.59,06-04-23-07-45-55-453
9.10,32.64,666.00,10.32,06-04-23-07-45-55-484
9.11,32.24,666.00,10.14,06-04-23-07-45-55-516
9.13,31.92,666.00,10.02,06-04-23-07-45-55-550
9.14,31.71,666.00,9.91,06-04-23-07-45-55-583
9.14,31.71,666.00,9.83,06-04-23-07-45-55-616
9.12,31.94,666.00,9.77,06-04-23-07-45-55-649
9.13,32.25,666.00,9.73,06-04-23-07-45-55-681
9.12,32.50,666.00,9.70,06-04-23-07-45-55-717
9.12,32.54,666.00,9.71,06-04-23-07-45-55-751
9.11,33.01,666.00,9.70,06-04-23-07-45-55-788
9.10,34.10,666.00,9.67,06-04-23-07-45-55-823
9.09,35.07,666.00,9.69,06-04-23-07-45-55-857
9.07,35.80,666.00,9.72,06-04-23-07-45-55-883
9.05,36.38,666.00,9.73,06-04-23-07-45-55-923
8.92,35.01,666.00,10.33,06-04-23-07-45-55-952
