13.45,53.86,666.00,6.40,06-04-23-07-04-26-092
13.44,53.84,666.00,6.41,06-04-23-07-04-26-123
13.47,54.00,666.00,6.37,06-04-23-07-04-26-156
13.51,54.12,666.00,6.33,06-04-23-07-04-26-189
13.54,54.21,666.00,6.30,06-04-23-07-04-26-223
13.57,54.29,666.00,6.27,06-04-23-07-04-26-256
13.61,54.41,666.00,6.23,06-04-23-07-04-26-292
13.65,54.46,666.00,6.20,06-04-23-07-04-26-320
13.67,54.46,666.00,6.19,06-04-23-07-04-26-359
13.68,54.43,666.00,6.19,06-04-23-07-04-26-385
13.70,54.36,666.00,6.19,06-04-23-07-04-26-422
13.71,54.29,666.00,6.19,06-04-23-07-04-26-459
13.72,54.24,666.00,6.19,06-04-23-07-04-26-490
13.72,54.17,666.00,6.20,06-04-23-07-04-26-522
13.73,54.08,666.00,6.21,06-04-23-07-04-26-563
13.73,54.00,666.00,6.20,06-04-23-07-04-26-591
13.72,53.92,666.00,6.21,06-04-23-07-04-26-634
13.71,53.81,666.00,6.23,06-04-23-07-04-26-656
13.69,53.73,666.00,6.22,06-04-23-07-04-26-694
13.68,53.65,666.00,6.22,06-04-23-07-04-26-727
13.66,53.62,666.00,6.21,06-04-23-07-04-26-753
13.66,53.63,666.00,6.20,06-04-23-07-04-26-789
13.65,53.63,666.00,6.19,06-04-23-07-04-26-820
13.64,53.62,666.00,6.16,06-04-23-07-04-26-857
13.62,53.61,666.00,6.14,06-04-23-07-04-26-892
13.60,53.60,666.00,6.13,06-04-23-07-04-26-921
13.57,53.59,666.00,6.11,06-04-23-07-04-26-959
13.54,53.58,666.00,6.09,06-04-23-07-04-26-988
13.51,53.57,666.00,6.06,06-04-23-07-04-27-023
13.46,53.58,666.00,6.02,06-04-23-07-04-27-056
13.42,53.59,666.00,5.98,06-04-23-07-04-27-092
13.38,53.60,666.00,5.93,06-04-23-07-04-27-122
13.33,53.65,666.00,5.87,06-04-23-07-04-27-157
13.26,53.56,666.00,5.82,06-04-23-07-04-27-187
13.17,53.42,666.00,5.80,06-04-23-07-04-27-221
13.09,53.43,666.00,5.75,06-04-23-07-04-27-255
13.07,53.68,666.00,5.71,06-04-23-07-04-27-291
13.14,54.28,666.00,6.60,06-04-23-07-04-27-323
13.57,55.97,666.00,10.61,06-04-23-07-04-27-355
14.73,58.87,666.00,11.49,06-04-23-07-04-27-390
16.69,62.48,666.00,13.30,06-04-23-07-04-27-428
18.84,65.40,666.00,18.47,06-04-23-07-04-27-455
21.12,68.11,666.00,19.90,06-04-23-07-04-27-493
24.18,70.49,666.00,24.15,06-04-23-07-04-27-523
27.50,72.12,666.00,22.96,06-04-23-07-04-27-553
30.23,73.23,666.00,26.78,06-04-23-07-04-27-589
40.58,76.82,666.00,11.91,06-04-23-07-04-27-625
45.78,77.54,666.00,8.55,06-04-23-07-04-27-656
54.28,79.40,666.00,4.59,06-04-23-07-04-27-689
57.42,79.36,666.00,4.63,06-04-23-07-04-27-720
60.73,78.26,666.00,7.26,06-04-23-07-04-27-756
62.76,76.79,666.00,10.31,06-04-23-07-04-27-787
65.10,75.68,666.00,12.92,06-04-23-07-04-27-823
66.98,74.65,666.00,16.19,06-04-23-07-04-27-857
67.82,73.30,666.00,19.43,06-04-23-07-04-27-890
68.38,72.13,666.00,28.94,06-04-23-07-04-27-919
68.92,71.25,-25.46,31.87,06-04-23-07-04-27-955
72.65,70.68,666.00,28.47,06-04-23-07-04-27-989
75.72,70.05,666.00,25.56,06-04-23-07-04-28-022
78.15,69.50,666.00,23.49,06-04-23-07-04-28-056
80.09,68.57,666.00,22.69,06-04-23-07-04-28-087
81.50,67.84,666.00,22.56,06-04-23-07-04-28-120
82.48,67.49,666.00,24.30,06-04-23-07-04-28-158
83.15,67.40,-35.86,31.92,06-04-23-07-04-28-188
89.83,70.46,666.00,26.86,06-04-23-07-04-28-224
93.07,71.65,666.00,23.17,06-04-23-07-04-28-258
95.98,72.63,666.00,22.79,06-04-23-07-04-28-288
102.39,74.00,666.00,16.87,06-04-23-07-04-28-322
104.64,74.34,666.00,16.21,06-04-23-07-04-28-357
106.07,74.52,666.00,17.09,06-04-23-07-04-28-388
107.56,74.17,666.00,18.48,06-04-23-07-04-28-422
108.96,73.60,666.00,18.75,06-04-23-07-04-28-457
110.08,73.08,666.00,18.67,06-04-23-07-04-28-489
111.80,72.60,666.00,20.38,06-04-23-07-04-28-523
113.81,72.27,666.00,19.96,06-04-23-07-04-28-557
116.14,72.17,666.00,18.66,06-04-23-07-04-28-589
118.14,72.24,666.00,17.88,06-04-23-07-04-28-619
119.81,72.71,666.00,17.14,06-04-23-07-04-28-657
121.16,73.34,666.00,16.47,06-04-23-07-04-28-690
122.46,74.15,666.00,15.78,06-04-23-07-04-28-719
123.40,75.02,666.00,15.30,06-04-23-07-04-28-754
124.29,75.86,666.00,14.92,06-04-23-07-04-28-790
125.02,76.73,666.00,14.37,06-04-23-07-04-28-824
125.71,77.36,666.00,14.10,06-04-23-07-04-28-857
126.42,77.74,666.00,13.75,06-04-23-07-04-28-890
127.12,77.87,666.00,13.44,06-04-23-07-04-28-924
127.85,77.74,666.00,13.30,06-04-23-07-04-28-955
128.23,77.72,666.00,13.32,06-04-23-07-04-28-989
128.44,77.72,666.00,13.41,06-04-23-07-04-29-022
128.57,77.71,666.00,13.53,06-04-23-07-04-29-059
128.64,77.70,666.00,13.64,06-04-23-07-04-29-089
128.66,77.69,666.00,13.75,06-04-23-07-04-29-122
128.67,77.70,666.00,13.79,06-04-23-07-04-29-156
128.58,77.66,666.00,13.90,06-04-23-07-04-29-189
128.36,77.58,666.00,13.95,06-04-23-07-04-29-218
127.76,77.45,666.00,13.95,06-04-23-07-04-29-261
126.60,77.30,666.00,13.83,06-04-23-07-04-29-291
124.73,77.13,666.00,14.05,06-04-23-07-04-29-321
121.89,76.96,666.00,14.71,06-04-23-07-04-29-357
118.35,77.04,666.00,14.81,06-04-23-07-04-29-393
113.00,78.48,666.00,14.91,06-04-23-07-04-29-421
107.84,77.80,666.00,18.21,06-04-23-07-04-29-457
105.40,77.11,666.00,18.73,06-04-23-07-04-29-492
103.28,76.76,666.00,18.38,06-04-23-07-04-29-522
101.83,76.24,666.00,12.33,06-04-23-07-04-29-555
101.01,75.85,666.00,17.20,06-04-23-07-04-29-592
100.53,75.53,666.00,19.88,06-04-23-07-04-29-622
100.29,75.18,666.00,21.37,06-04-23-07-04-29-654
79.08,73.85,666.00,24.91,06-04-23-07-04-29-690
68.25,73.40,-35.35,37.41,06-04-23-07-04-29-722
70.05,72.86,-41.73,35.22,06-04-23-07-04-29-753
74.48,72.19,-52.12,31.51,06-04-23-07-04-29-789
76.33,71.65,666.00,18.27,06-04-23-07-04-29-823
72.14,68.15,666.00,20.26,06-04-23-07-04-29-857
68.01,66.25,666.00,21.65,06-04-23-07-04-29-886
62.48,63.98,666.00,23.13,06-04-23-07-04-29-922
46.41,60.53,666.00,27.28,06-04-23-07-04-29-956
38.01,57.94,-23.68,32.12,06-04-23-07-04-29-989
27.26,53.22,-4.29,47.33,06-04-23-07-04-30-023
16.55,47.80,7.51,63.46,06-04-23-07-04-30-055
19.79,51.90,2.28,43.36,06-04-23-07-04-30-089
18.69,50.41,1.05,38.73,06-04-23-07-04-30-122
19.63,50.36,-3.89,30.00,06-04-23-07-04-30-157
20.46,50.54,666.00,24.43,06-04-23-07-04-30-190
21.01,51.00,666.00,14.06,06-04-23-07-04-30-222
21.19,51.01,666.00,9.83,06-04-23-07-04-30-259
21.23,51.19,666.00,7.13,06-04-23-07-04-30-289
20.76,50.52,666.00,6.06,06-04-23-07-04-30-323
19.64,48.21,666.00,5.28,06-04-23-07-04-30-357
18.37,45.47,666.00,4.81,06-04-23-07-04-30-389
16.96,42.27,666.00,5.03,06-04-23-07-04-30-419
15.63,38.96,666.00,5.99,06-04-23-07-04-30-456
14.75,36.38,666.00,6.69,06-04-23-07-04-30-488
14.12,34.38,666.00,7.00,06-04-23-07-04-30-523
13.60,32.42,666.00,7.25,06-04-23-07-04-30-556
13.18,30.66,666.00,7.36,06-04-23-07-04-30-589
12.84,28.65,666.00,7.13,06-04-23-07-04-30-622
12.55,26.83,666.00,6.40,06-04-23-07-04-30-656
12.29,24.83,666.00,5.83,06-04-23-07-04-30-691
12.02,22.48,666.00,4.88,06-04-23-07-04-30-720
11.76,19.60,666.00,4.53,06-04-23-07-04-30-756
11.52,16.82,666.00,4.22,06-04-23-07-04-30-789
11.32,13.75,666.00,3.90,06-04-23-07-04-30-822
11.10,7.31,666.00,4.90,06-04-23-07-04-30-852
11.05,3.05,666.00,5.02,06-04-23-07-04-30-890
11.05,0.24,666.00,4.73,06-04-23-07-04-30-922
11.07,-1.83,666.00,4.43,06-04-23-07-04-30-957
11.12,-3.36,666.00,4.00,06-04-23-07-04-30-989
11.15,-4.39,666.00,3.64,06-04-23-07-04-31-023
11.17,-5.11,666.00,3.37,06-04-23-07-04-31-057
11.18,-5.63,666.00,3.19,06-04-23-07-04-31-088
11.17,-5.96,666.00,3.08,06-04-23-07-04-31-122
11.16,-6.08,666.00,3.08,06-04-23-07-04-31-155
11.15,-5.40,666.00,3.73,06-04-23-07-04-31-191
11.16,-3.51,666.00,5.37,06-04-23-07-04-31-223
11.17,2.27,666.00,9.06,06-04-23-07-04-31-256
11.37,10.31,666.00,10.70,06-04-23-07-04-31-286
12.00,21.17,666.00,11.62,06-04-23-07-04-31-323
12.85,29.07,666.00,12.64,06-04-23-07-04-31-357
14.16,36.54,666.00,14.38,06-04-23-07-04-31-389
16.01,43.03,666.00,15.67,06-04-23-07-04-31-421
18.17,48.04,666.00,20.81,06-04-23-07-04-31-456
21.08,53.00,666.00,22.01,06-04-23-07-04-31-485
23.95,56.91,666.00,24.79,06-04-23-07-04-31-519
27.34,60.53,666.00,26.99,06-04-23-07-04-31-555
30.10,62.82,666.00,27.87,06-04-23-07-04-31-589
39.14,66.53,666.00,21.54,06-04-23-07-04-31-623
50.09,70.99,666.00,10.98,06-04-23-07-04-31-654
56.44,73.01,666.00,8.46,06-04-23-07-04-31-687
59.72,71.90,666.00,15.49,06-04-23-07-04-31-722
64.28,72.40,666.00,14.72,06-04-23-07-04-31-756
68.33,71.21,666.00,17.19,06-04-23-07-04-31-788
73.19,69.19,666.00,23.96,06-04-23-07-04-31-821
75.24,67.99,-82.55,31.39,06-04-23-07-04-31-855
76.55,66.96,-76.17,44.44,06-04-23-07-04-31-889
80.17,66.24,-69.54,47.42,06-04-23-07-04-31-921
81.89,65.66,-76.87,51.56,06-04-23-07-04-31-956
84.31,65.15,-87.12,54.78,06-04-23-07-04-31-990
86.10,64.67,-94.47,57.01,06-04-23-07-04-32-020
87.33,64.22,-99.60,58.55,06-04-23-07-04-32-058
88.19,63.79,-85.23,47.36,06-04-23-07-04-32-088
91.91,65.10,-74.59,40.69,06-04-23-07-04-32-119
96.33,68.93,666.00,25.93,06-04-23-07-04-32-154
101.78,75.95,666.00,6.53,06-04-23-07-04-32-189
103.66,78.10,666.00,5.40,06-04-23-07-04-32-222
104.81,79.09,666.00,11.68,06-04-23-07-04-32-255
105.87,79.36,666.00,16.30,06-04-23-07-04-32-288
107.31,78.19,666.00,17.68,06-04-23-07-04-32-322
110.10,76.61,666.00,17.35,06-04-23-07-04-32-355
112.31,75.18,666.00,17.87,06-04-23-07-04-32-391
114.63,73.79,666.00,19.04,06-04-23-07-04-32-424
116.49,72.77,666.00,19.72,06-04-23-07-04-32-455
118.28,72.03,666.00,20.79,06-04-23-07-04-32-489
119.75,71.44,666.00,21.01,06-04-23-07-04-32-522
121.03,71.02,666.00,20.99,06-04-23-07-04-32-557
122.04,70.76,666.00,21.19,06-04-23-07-04-32-591
122.94,70.58,666.00,21.32,06-04-23-07-04-32-623
123.88,70.47,666.00,21.17,06-04-23-07-04-32-655
124.67,70.38,666.00,21.02,06-04-23-07-04-32-688
125.39,70.25,666.00,20.83,06-04-23-07-04-32-720
126.10,70.01,666.00,20.62,06-04-23-07-04-32-755
126.64,69.85,666.00,20.53,06-04-23-07-04-32-788
127.22,69.70,666.00,20.36,06-04-23-07-04-32-823
128.00,69.37,666.00,20.12,06-04-23-07-04-32-857
128.57,69.18,666.00,19.95,06-04-23-07-04-32-890
128.92,69.13,666.00,19.83,06-04-23-07-04-32-923
129.14,69.12,666.00,19.76,06-04-23-07-04-32-955
129.29,69.11,666.00,19.72,06-04-23-07-04-32-988
129.36,69.08,666.00,19.72,06-04-23-07-04-33-023
129.36,69.08,666.00,19.74,06-04-23-07-04-33-057
129.29,69.05,666.00,19.75,06-04-23-07-04-33-090
128.95,69.02,666.00,19.48,06-04-23-07-04-33-122
127.66,69.13,666.00,19.11,06-04-23-07-04-33-159
125.77,69.29,666.00,18.70,06-04-23-07-04-33-188
122.87,69.35,666.00,18.05,06-04-23-07-04-33-220
120.10,69.28,666.00,18.43,06-04-23-07-04-33-255
116.70,69.16,666.00,19.44,06-04-23-07-04-33-289
111.89,68.82,666.00,21.45,06-04-23-07-04-33-323
104.90,68.19,666.00,26.99,06-04-23-07-04-33-356
101.88,68.41,666.00,26.89,06-04-23-07-04-33-390
99.52,69.17,666.00,24.96,06-04-23-07-04-33-421
97.42,69.78,666.00,22.55,06-04-23-07-04-33-457
90.85,69.93,666.00,23.97,06-04-23-07-04-33-488
88.87,70.01,666.00,21.51,06-04-23-07-04-33-521
87.59,70.07,666.00,21.17,06-04-23-07-04-33-557
63.85,69.90,-23.97,39.86,06-04-23-07-04-33-588
51.67,69.45,-14.16,52.94,06-04-23-07-04-33-621
46.92,69.24,-11.64,57.69,06-04-23-07-04-33-658
59.26,61.75,-30.60,56.61,06-04-23-07-04-33-688
60.23,58.54,-41.24,46.43,06-04-23-07-04-33-722
61.67,59.88,-56.08,32.16,06-04-23-07-04-33-753
61.25,59.18,666.00,27.84,06-04-23-07-04-33-787
59.52,58.26,666.00,27.67,06-04-23-07-04-33-820
52.73,57.73,666.00,25.58,06-04-23-07-04-33-855
49.16,57.42,666.00,24.97,06-04-23-07-04-33-892
45.38,57.50,666.00,24.55,06-04-23-07-04-33-925
42.14,57.04,666.00,24.14,06-04-23-07-04-33-956
39.15,56.29,666.00,24.13,06-04-23-07-04-33-990
27.28,52.92,666.00,29.11,06-04-23-07-04-34-023
21.96,50.40,-15.15,32.48,06-04-23-07-04-34-056
19.50,48.71,666.00,29.73,06-04-23-07-04-34-093
17.91,47.55,666.00,28.99,06-04-23-07-04-34-122
17.00,46.65,666.00,25.85,06-04-23-07-04-34-155
16.69,46.26,666.00,23.13,06-04-23-07-04-34-189
16.66,45.87,666.00,20.74,06-04-23-07-04-34-221
16.68,45.87,666.00,17.17,06-04-23-07-04-34-255
16.78,46.58,666.00,13.48,06-04-23-07-04-34-292
16.85,47.47,666.00,10.33,06-04-23-07-04-34-325
16.81,48.17,666.00,8.54,06-04-23-07-04-34-360
16.55,48.01,666.00,7.17,06-04-23-07-04-34-386
16.06,47.06,666.00,6.74,06-04-23-07-04-34-423
15.39,45.47,666.00,6.17,06-04-23-07-04-34-454
14.55,43.10,666.00,6.20,06-04-23-07-04-34-492
13.81,40.77,666.00,6.11,06-04-23-07-04-34-521
13.09,38.18,666.00,5.92,06-04-23-07-04-34-555
12.53,36.01,666.00,4.41,06-04-23-07-04-34-590
12.00,33.84,666.00,3.08,06-04-23-07-04-34-622
11.49,31.34,666.00,2.07,06-04-23-07-04-34-655
11.01,27.34,666.00,1.76,06-04-23-07-04-34-687
10.59,22.51,666.00,2.35,06-04-23-07-04-34-722
10.35,18.22,666.00,3.10,06-04-23-07-04-34-758
10.21,14.63,666.00,3.67,06-04-23-07-04-34-792
10.22,11.31,666.00,4.01,06-04-23-07-04-34-824
10.29,8.53,666.00,4.35,06-04-23-07-04-34-859
10.61,3.47,666.00,5.57,06-04-23-07-04-34-891
10.87,0.54,666.00,6.19,06-04-23-07-04-34-922
11.03,-1.20,666.00,6.55,06-04-23-07-04-34-957
11.18,-2.32,666.00,6.81,06-04-23-07-04-34-990
11.31,-3.13,666.00,7.03,06-04-23-07-04-35-024
11.42,-3.39,666.00,7.15,06-04-23-07-04-35-054
11.51,-3.03,666.00,7.29,06-04-23-07-04-35-087
11.56,-0.85,666.00,7.55,06-04-23-07-04-35-120
11.58,2.86,666.00,7.92,06-04-23-07-04-35-155
11.69,9.43,666.00,8.86,06-04-23-07-04-35-191
11.94,17.06,666.00,11.09,06-04-23-07-04-35-221
12.59,26.30,666.00,13.37,06-04-23-07-04-35-256
13.60,34.18,666.00,14.42,06-04-23-07-04-35-290
15.87,42.94,666.00,17.92,06-04-23-07-04-35-322
19.10,50.21,666.00,16.63,06-04-23-07-04-35-356
22.19,54.78,666.00,21.20,06-04-23-07-04-35-390
25.95,58.97,666.00,22.56,06-04-23-07-04-35-422
29.65,61.98,666.00,26.34,06-04-23-07-04-35-456
36.03,64.08,666.00,24.99,06-04-23-07-04-35-489
40.15,65.23,666.00,27.89,06-04-23-07-04-35-522
53.02,70.54,666.00,10.16,06-04-23-07-04-35-556
61.20,69.07,666.00,14.79,06-04-23-07-04-35-588
66.27,67.63,666.00,23.41,06-04-23-07-04-35-622
72.70,68.91,666.00,22.39,06-04-23-07-04-35-658
74.81,68.82,666.00,22.94,06-04-23-07-04-35-688
76.06,68.80,666.00,23.87,06-04-23-07-04-35-721
77.06,73.18,666.00,17.26,06-04-23-07-04-35-756
77.52,74.38,666.00,16.55,06-04-23-07-04-35-788
78.26,75.25,666.00,15.56,06-04-23-07-04-35-822
78.98,76.56,666.00,18.87,06-04-23-07-04-35-855
79.37,77.20,666.00,22.07,06-04-23-07-04-35-890
79.61,77.48,666.00,25.54,06-04-23-07-04-35-923
79.75,77.56,-11.53,36.62,06-04-23-07-04-35-954
90.52,79.43,666.00,23.19,06-04-23-07-04-35-989
95.88,79.80,666.00,21.37,06-04-23-07-04-36-021
100.53,78.98,666.00,16.49,06-04-23-07-04-36-057
102.80,78.51,666.00,15.10,06-04-23-07-04-36-088
104.31,78.14,666.00,15.20,06-04-23-07-04-36-119
105.41,77.79,666.00,16.18,06-04-23-07-04-36-155
106.26,77.50,666.00,17.21,06-04-23-07-04-36-190
106.91,77.24,666.00,17.99,06-04-23-07-04-36-221
107.39,77.04,666.00,18.67,06-04-23-07-04-36-252
107.98,76.69,666.00,18.81,06-04-23-07-04-36-290
108.45,76.44,666.00,19.25,06-04-23-07-04-36-324
108.86,76.24,666.00,19.63,06-04-23-07-04-36-355
109.48,76.10,666.00,19.16,06-04-23-07-04-36-389
110.22,76.00,666.00,18.45,06-04-23-07-04-36-422
111.23,75.87,666.00,18.85,06-04-23-07-04-36-455
112.62,75.79,666.00,18.25,06-04-23-07-04-36-489
113.98,75.73,666.00,17.55,06-04-23-07-04-36-522
115.34,75.72,666.00,16.77,06-04-23-07-04-36-556
116.38,75.66,666.00,16.22,06-04-23-07-04-36-586
117.21,75.60,666.00,16.25,06-04-23-07-04-36-620
117.93,75.53,666.00,16.21,06-04-23-07-04-36-656
118.57,75.46,666.00,16.10,06-04-23-07-04-36-689
119.09,75.38,666.00,16.33,06-04-23-07-04-36-724
119.56,75.30,666.00,16.49,06-04-23-07-04-36-756
120.00,75.21,666.00,16.43,06-04-23-07-04-36-790
120.33,75.11,666.00,16.45,06-04-23-07-04-36-820
120.59,75.04,666.00,16.48,06-04-23-07-04-36-856
120.79,75.01,666.00,16.47,06-04-23-07-04-36-889
120.91,74.98,666.00,16.48,06-04-23-07-04-36-923
120.90,74.95,666.00,16.55,06-04-23-07-04-36-955
120.89,74.95,666.00,16.39,06-04-23-07-04-36-988
120.81,74.92,666.00,16.02,06-04-23-07-04-37-020
120.46,74.81,666.00,15.40,06-04-23-07-04-37-052
119.68,74.64,666.00,14.75,06-04-23-07-04-37-088
116.51,74.01,666.00,16.43,06-04-23-07-04-37-122
114.11,73.53,666.00,16.75,06-04-23-07-04-37-156
111.51,73.23,666.00,17.45,06-04-23-07-04-37-186
109.29,73.05,666.00,17.12,06-04-23-07-04-37-222
106.62,73.06,666.00,17.16,06-04-23-07-04-37-256
103.75,73.15,666.00,16.14,06-04-23-07-04-37-285
96.67,73.07,666.00,20.08,06-04-23-07-04-37-321
93.22,73.18,666.00,23.27,06-04-23-07-04-37-355
90.44,73.51,666.00,23.79,06-04-23-07-04-37-389
88.52,73.90,666.00,25.93,06-04-23-07-04-37-421
69.22,75.62,-13.97,45.02,06-04-23-07-04-37-456
58.97,76.43,-7.68,56.41,06-04-23-07-04-37-488
54.43,76.87,-5.68,61.43,06-04-23-07-04-37-519
51.60,77.03,2.79,77.63,06-04-23-07-04-37-558
63.47,69.63,-8.29,31.64,06-04-23-07-04-37-588
66.10,66.58,666.00,14.04,06-04-23-07-04-37-621
67.13,65.06,666.00,15.46,06-04-23-07-04-37-655
64.91,63.81,666.00,17.08,06-04-23-07-04-37-687
57.64,65.16,666.00,11.47,06-04-23-07-04-37-722
45.82,61.02,666.00,24.35,06-04-23-07-04-37-753
38.55,57.53,666.00,27.30,06-04-23-07-04-37-788
36.08,56.27,666.00,26.30,06-04-23-07-04-37-821
34.46,55.63,666.00,20.57,06-04-23-07-04-37-855
29.10,52.78,666.00,25.54,06-04-23-07-04-37-888
26.40,51.09,666.00,21.53,06-04-23-07-04-37-925
24.46,49.31,666.00,15.82,06-04-23-07-04-37-955
22.54,47.01,666.00,15.49,06-04-23-07-04-37-988
20.97,44.65,666.00,12.97,06-04-23-07-04-38-022
19.47,42.08,666.00,13.02,06-04-23-07-04-38-057
18.03,39.43,666.00,9.72,06-04-23-07-04-38-090
16.83,37.54,666.00,9.10,06-04-23-07-04-38-123
15.57,35.58,666.00,8.62,06-04-23-07-04-38-156
14.30,33.37,666.00,8.39,06-04-23-07-04-38-193
13.24,31.53,666.00,8.19,06-04-23-07-04-38-222
12.35,29.74,666.00,7.37,06-04-23-07-04-38-255
11.53,27.87,666.00,6.61,06-04-23-07-04-38-290
10.85,25.82,666.00,6.27,06-04-23-07-04-38-323
10.25,23.97,666.00,5.85,06-04-23-07-04-38-355
9.76,22.33,666.00,5.52,06-04-23-07-04-38-388
9.35,21.09,666.00,5.22,06-04-23-07-04-38-420
9.03,19.71,666.00,5.05,06-04-23-07-04-38-455
8.77,18.64,666.00,4.90,06-04-23-07-04-38-488
8.58,17.89,666.00,4.78,06-04-23-07-04-38-529
8.42,17.42,666.00,4.73,06-04-23-07-04-38-555
8.28,17.29,666.00,4.69,06-04-23-07-04-38-588
8.16,17.79,666.00,4.60,06-04-23-07-04-38-623
8.10,17.99,666.00,4.58,06-04-23-07-04-38-655
8.04,18.87,666.00,4.52,06-04-23-07-04-38-689
8.00,19.91,666.00,4.58,06-04-23-07-04-38-724
7.97,21.11,666.00,4.82,06-04-23-07-04-38-758
7.98,22.84,666.00,5.17,06-04-23-07-04-38-789
8.04,23.87,666.00,5.83,06-04-23-07-04-38-819
8.15,24.80,666.00,6.47,06-04-23-07-04-38-856
8.34,26.14,666.00,7.10,06-04-23-07-04-38-890
8.55,27.74,666.00,7.78,06-04-23-07-04-38-927
8.79,29.39,666.00,8.36,06-04-23-07-04-38-955
9.06,31.10,666.00,8.90,06-04-23-07-04-38-992
9.34,32.89,666.00,9.19,06-04-23-07-04-39-025
9.63,34.80,666.00,9.28,06-04-23-07-04-39-056
9.91,36.67,666.00,9.19,06-04-23-07-04-39-088
10.18,38.34,666.00,9.01,06-04-23-07-04-39-124
10.43,39.71,666.00,8.93,06-04-23-07-04-39-157
10.62,40.99,666.00,8.83,06-04-23-07-04-39-190
10.79,41.70,666.00,8.81,06-04-23-07-04-39-220
10.93,42.22,666.00,8.82,06-04-23-07-04-39-256
11.06,42.61,666.00,8.86,06-04-23-07-04-39-289
11.16,42.96,666.00,8.88,06-04-23-07-04-39-322
11.25,43.23,666.00,8.91,06-04-23-07-04-39-355
11.29,43.69,666.00,8.89,06-04-23-07-04-39-391
11.34,43.90,666.00,8.91,06-04-23-07-04-39-422
11.38,43.89,666.00,8.94,06-04-23-07-04-39-455
11.41,43.72,666.00,8.99,06-04-23-07-04-39-491
11.42,43.39,666.00,9.07,06-04-23-07-04-39-522
11.42,42.98,666.00,9.17,06-04-23-07-04-39-555
11.39,42.73,666.00,9.24,06-04-23-07-04-39-593
11.38,42.58,666.00,9.30,06-04-23-07-04-39-623
11.37,42.43,666.00,9.35,06-04-23-07-04-39-656
11.37,42.45,666.00,9.35,06-04-23-07-04-39-690
11.36,42.50,666.00,9.34,06-04-23-07-04-39-722
11.34,42.59,666.00,9.33,06-04-23-07-04-39-752
11.33,42.65,666.00,9.33,06-04-23-07-04-39-789
11.30,42.74,666.00,9.32,06-04-23-07-04-39-823
11.26,42.83,666.00,9.32,06-04-23-07-04-39-855
11.20,42.92,666.00,9.31,06-04-23-07-04-39-889
11.12,42.98,666.00,9.30,06-04-23-07-04-39-919
11.04,43.05,666.00,9.30,06-04-23-07-04-39-954
10.93,43.06,666.00,9.29,06-04-23-07-04-39-988
10.82,43.24,666.00,9.25,06-04-23-07-04-40-023
10.72,43.47,666.00,9.20,06-04-23-07-04-40-055
10.60,43.59,666.00,9.15,06-04-23-07-04-40-087
10.50,43.68,666.00,9.10,06-04-23-07-04-40-121
10.38,43.54,666.00,9.07,06-04-23-07-04-40-154
10.30,43.45,666.00,9.03,06-04-23-07-04-40-188
10.24,43.46,666.00,9.00,06-04-23-07-04-40-221
10.18,43.41,666.00,9.00,06-04-23-07-04-40-258
10.15,43.55,666.00,8.99,06-04-23-07-04-40-287
10.19,44.24,666.00,8.84,06-04-23-07-04-40-327
10.25,44.83,666.00,8.74,06-04-23-07-04-40-354
10.31,45.20,666.00,8.71,06-04-23-07-04-40-390
10.38,45.29,666.00,8.75,06-04-23-07-04-40-427
10.43,45.57,666.00,8.77,06-04-23-07-04-40-459
10.48,45.95,666.00,8.86,06-04-23-07-04-40-487
10.52,46.38,666.00,9.00,06-04-23-07-04-40-524
10.66,47.22,666.00,9.12,06-04-23-07-04-40-557
10.84,48.17,666.00,9.21,06-04-23-07-04-40-589
11.00,48.88,666.00,9.34,06-04-23-07-04-40-623
11.32,50.45,666.00,9.21,06-04-23-07-04-40-657
11.61,51.79,666.00,9.17,06-04-23-07-04-40-686
11.86,52.75,666.00,9.19,06-04-23-07-04-40-723
12.10,53.84,666.00,9.08,06-04-23-07-04-40-759
12.36,55.01,666.00,8.96,06-04-23-07-04-40-789
14.14,66.26,666.00,7.44,06-04-23-07-04-41-202
14.87,69.31,666.00,7.17,06-04-23-07-04-41-224
15.13,70.11,666.00,7.25,06-04-23-07-04-41-255
15.26,70.48,666.00,7.33,06-04-23-07-04-41-289
15.35,70.81,666.00,7.37,06-04-23-07-04-41-322
15.33,70.90,666.00,7.45,06-04-23-07-04-41-355
15.23,70.70,666.00,7.60,06-04-23-07-04-41-388
15.06,70.33,666.00,7.78,06-04-23-07-04-41-420
14.88,69.94,666.00,7.95,06-04-23-07-04-41-455
14.69,69.50,666.00,8.11,06-04-23-07-04-41-488
14.52,69.00,666.00,8.24,06-04-23-07-04-41-523
14.37,68.43,666.00,8.34,06-04-23-07-04-41-556
14.21,67.78,666.00,8.41,06-04-23-07-04-41-588
14.03,67.02,666.00,8.49,06-04-23-07-04-41-621
13.88,66.40,666.00,8.54,06-04-23-07-04-41-655
13.70,65.68,666.00,8.59,06-04-23-07-04-41-687
