Timestamp,Kinect_LeftShoulder_Ext.-Flex.,Kinect_LeftShoulder_Abd.-Add.,Kinect_LeftShoulder_Int.-Ext.,Kinect_LeftElbow_Ext.-Flex.,Kinect_RightShoulder_Ext.-Flex.,Kinect_RightShoulder_Abd.-Add.,Kinect_RightShoulder_Int.-Ext.,Kinect_RightElbow_Ext.-Flex.,5.00,-31.84,18:43:38:984,666.00,15.49
4.78,-32.64,18:43:39:509,666.00,14.97
4.75,-31.58,18:43:39:716,666.00,14.72
4.90,-29.07,18:43:40:064,666.00,14.72
4.98,-29.35,18:43:40:245,666.00,14.66
4.89,-28.67,18:43:40:393,666.00,14.49
4.97,-30.38,18:43:40:520,666.00,14.76
5.02,-31.44,18:43:40:648,666.00,15.01
5.00,-31.42,18:43:40:775,666.00,15.05
4.87,-28.69,18:43:41:091,666.00,14.97
4.63,-27.12,18:43:42:310,666.00,14.43
4.68,-26.79,18:43:42:661,666.00,14.51
4.80,-28.91,18:43:42:864,666.00,14.72
4.76,-28.73,18:43:43:000,666.00,14.76
4.71,-28.88,18:43:43:120,666.00,14.78
4.69,-30.23,18:43:43:250,666.00,15.06
4.72,-29.73,18:43:43:366,666.00,15.08
4.71,-29.24,18:43:43:490,666.00,15.03
4.67,-29.10,18:43:43:616,666.00,14.85
4.81,-28.01,18:43:43:739,666.00,14.74
4.75,-27.48,18:43:43:862,666.00,14.59
4.78,-27.84,18:43:43:984,666.00,14.62
4.63,-28.07,18:43:44:105,666.00,14.49
4.76,-30.12,18:43:44:227,666.00,14.77
4.74,-30.02,18:43:44:352,666.00,14.69
4.76,-30.30,18:43:44:479,666.00,14.71
4.78,-30.63,18:43:44:601,666.00,14.77
4.95,-30.15,18:43:44:725,666.00,14.70
4.68,-30.43,18:43:44:860,666.00,14.52
4.74,-30.62,18:43:44:982,666.00,14.65
4.61,-30.04,18:43:45:110,666.00,14.57
4.75,-31.63,18:43:45:252,666.00,15.02
4.84,-30.85,18:43:45:386,666.00,14.98
4.86,-29.67,18:43:45:510,666.00,14.87
4.50,-14.73,18:43:45:629,666.00,12.62
14.45,52.87,18:43:45:749,666.00,10.55
35.67,63.82,18:43:45:894,666.00,13.57
64.65,66.51,18:43:46:017,666.00,6.55
89.81,67.63,18:43:46:147,666.00,4.32
105.26,69.19,18:43:46:272,666.00,4.28
115.12,67.50,18:43:46:410,666.00,11.12
124.05,72.38,18:43:46:540,666.00,10.97
136.03,78.37,18:43:46:672,666.00,7.78
142.65,84.32,18:43:46:796,666.00,11.27
153.66,92.36,18:43:46:920,666.00,5.29
157.66,97.67,18:43:47:059,666.00,6.96
160.45,99.00,18:43:47:206,666.00,7.32
161.74,99.73,18:43:47:340,666.00,7.98
162.40,99.67,18:43:47:474,666.00,9.15
163.26,98.36,18:43:47:594,666.00,7.95
163.95,98.43,18:43:47:716,666.00,7.25
165.06,96.42,18:43:47:848,666.00,5.96
165.48,89.96,18:43:47:979,666.00,5.81
163.14,81.15,18:43:48:104,666.00,5.97
156.47,80.51,18:43:48:232,666.00,8.79
138.28,78.46,18:43:48:372,666.00,6.84
118.81,68.54,18:43:48:504,666.00,14.20
101.49,63.79,18:43:48:630,666.00,11.53
72.78,55.94,18:43:48:753,666.00,22.08
50.44,51.22,18:43:48:884,666.00,22.24
29.57,44.23,18:43:49:023,666.00,25.00
22.05,37.66,18:43:49:156,666.00,16.31
13.23,22.03,18:43:49:295,666.00,13.13
7.81,0.66,18:43:49:442,666.00,10.62
6.56,-16.45,18:43:49:570,666.00,11.24
6.08,-27.56,18:43:49:692,666.00,10.65
5.73,-29.43,18:43:49:819,666.00,10.24
5.38,-30.07,18:43:49:954,666.00,9.88
5.15,-30.35,18:43:50:085,666.00,9.74
5.13,-30.65,18:43:50:221,666.00,9.58
4.72,-22.16,18:43:50:351,666.00,8.92
14.43,50.50,18:43:50:503,666.00,13.64
36.88,62.97,18:43:50:630,666.00,11.64
67.54,65.29,18:43:50:753,666.00,16.24
99.47,67.44,18:43:50:880,666.00,6.07
115.92,67.80,18:43:51:031,666.00,10.25
131.20,72.11,18:43:51:158,666.00,11.25
140.09,80.90,18:43:51:287,666.00,9.20
145.98,87.99,18:43:51:433,666.00,13.07
153.76,96.82,18:43:51:574,666.00,9.44
161.01,100.00,18:43:51:712,666.00,2.98
161.71,98.22,18:43:51:833,666.00,5.81
161.08,94.35,18:43:51:972,666.00,7.86
160.45,91.39,18:43:52:112,666.00,8.67
160.36,91.04,18:43:52:242,666.00,9.43
162.06,93.00,18:43:52:385,666.00,8.40
156.80,97.23,18:43:52:516,666.00,11.96
147.41,84.31,18:43:52:650,666.00,11.97
134.71,76.96,18:43:52:781,666.00,8.81
115.38,68.57,18:43:52:926,666.00,12.95
86.82,62.86,18:43:53:052,666.00,28.86
64.54,60.58,18:43:53:181,666.00,16.07
51.07,55.70,18:43:53:312,666.00,20.85
23.34,45.83,18:43:53:442,666.00,17.67
10.63,36.41,18:43:53:587,666.00,7.83
6.12,15.19,18:43:53:722,666.00,9.05
5.44,-6.68,18:43:53:858,666.00,10.83
5.20,-16.44,18:43:53:987,666.00,11.59
4.99,-18.81,18:43:54:118,666.00,11.44
4.79,-18.81,18:43:54:239,666.00,11.34
4.53,-18.56,18:43:54:386,666.00,10.92
4.40,-20.09,18:43:54:521,666.00,10.81
4.27,-19.58,18:43:54:655,666.00,10.65
3.92,-6.87,18:43:54:782,666.00,9.20
8.91,46.18,18:43:54:907,666.00,16.51
30.19,63.49,18:43:55:035,666.00,18.25
59.17,64.11,18:43:55:156,666.00,19.59
92.84,67.82,18:43:55:278,666.00,5.07
106.90,66.89,18:43:55:409,666.00,8.66
120.08,67.17,18:43:55:548,666.00,10.62
134.35,74.76,18:43:55:708,666.00,10.63
144.67,82.50,18:43:55:854,666.00,13.85
152.38,96.00,18:43:55:987,666.00,7.01
160.39,109.05,18:43:56:127,666.00,3.00
161.70,110.76,18:43:56:251,666.00,0.47
162.16,107.75,18:43:56:385,666.00,1.90
162.16,103.10,18:43:56:518,666.00,3.55
160.59,102.56,18:43:56:645,666.00,6.00
160.53,101.91,18:43:56:766,666.00,5.98
160.62,101.51,18:43:56:891,666.00,6.11
160.70,101.24,18:43:57:024,666.00,5.94
157.42,93.85,18:43:57:152,666.00,7.94
147.00,81.19,18:43:57:288,666.00,8.64
135.52,73.59,18:43:57:418,666.00,9.98
117.09,65.63,18:43:57:551,666.00,16.90
97.65,61.97,18:43:57:681,666.00,20.53
74.53,57.99,18:43:57:798,666.00,26.55
58.01,57.75,18:43:57:930,666.00,28.97
25.60,52.68,18:43:58:068,666.00,21.95
17.80,39.07,18:43:58:194,666.00,17.13
9.64,34.42,18:43:58:324,666.00,11.62
6.62,19.31,18:43:58:469,666.00,11.34
5.20,6.21,18:43:58:593,666.00,9.83
4.59,1.18,18:43:58:718,666.00,10.26
4.36,-3.53,18:43:58:850,666.00,10.55
4.19,-7.18,18:43:58:984,666.00,10.86
4.06,-7.79,18:43:59:105,666.00,10.78
4.45,-9.58,18:43:59:231,666.00,10.95
4.29,-8.70,18:43:59:353,666.00,10.85
4.22,-5.52,18:43:59:483,666.00,10.69
6.79,32.89,18:43:59:603,666.00,16.28
24.69,58.18,18:43:59:736,666.00,18.54
56.67,60.67,18:43:59:859,666.00,17.67
85.71,64.20,18:43:59:986,666.00,13.68
109.76,63.54,18:44:00:114,666.00,12.75
119.22,64.21,18:44:00:240,666.00,17.05
131.50,67.70,18:44:00:369,666.00,15.21
141.39,76.82,18:44:00:506,666.00,15.86
150.20,88.38,18:44:00:634,666.00,11.09
157.18,102.28,18:44:00:772,666.00,2.89
159.45,100.87,18:44:00:898,666.00,4.32
161.53,98.73,18:44:01:030,666.00,5.63
161.92,92.63,18:44:01:162,666.00,8.56
160.65,92.85,18:44:01:299,666.00,8.83
160.78,92.80,18:44:01:426,666.00,7.52
160.52,92.71,18:44:01:556,666.00,7.13
157.53,93.97,18:44:01:685,666.00,9.08
149.73,87.32,18:44:01:814,666.00,11.14
136.81,79.87,18:44:01:947,666.00,12.55
118.76,70.55,18:44:02:069,666.00,23.38
93.77,63.88,18:44:02:199,54.65,30.10
66.04,59.31,18:44:02:339,33.81,37.45
50.29,53.57,18:44:02:466,666.00,25.72
25.89,49.23,18:44:02:586,666.00,16.33
12.46,39.16,18:44:02:714,666.00,7.61
7.55,21.31,18:44:02:853,666.00,9.60
6.42,-12.60,18:44:02:987,666.00,12.14
6.13,-21.79,18:44:03:118,666.00,13.52
5.74,-21.83,18:44:03:251,666.00,13.52
5.58,-26.20,18:44:03:380,666.00,13.64
5.57,-25.55,18:44:03:515,666.00,14.05
5.55,-25.81,18:44:03:637,666.00,13.89
5.55,-26.74,18:44:03:769,666.00,14.12
5.55,-26.79,18:44:03:896,666.00,14.26
5.60,-25.64,18:44:04:013,666.00,14.20
5.21,-18.35,18:44:04:153,666.00,13.34
12.18,34.81,18:44:04:300,666.00,18.68
33.32,53.12,18:44:04:440,666.00,20.89
62.95,58.34,18:44:04:571,666.00,27.63
91.86,62.88,18:44:04:696,666.00,18.41
109.78,63.59,18:44:04:829,666.00,18.92
125.22,64.86,18:44:04:957,666.00,12.66
134.35,71.36,18:44:05:093,666.00,10.53
141.38,78.60,18:44:05:218,666.00,13.28
145.06,82.54,18:44:05:339,666.00,10.73
146.17,88.54,18:44:05:474,666.00,14.37
150.44,91.92,18:44:05:607,666.00,11.63
151.30,90.84,18:44:05:729,666.00,13.67
156.11,87.51,18:44:05:848,666.00,10.34
156.10,85.56,18:44:05:970,666.00,10.35
156.14,90.52,18:44:06:096,666.00,10.32
156.24,90.29,18:44:06:227,666.00,9.57
155.71,89.30,18:44:06:358,666.00,9.21
153.39,85.33,18:44:06:488,666.00,11.88
150.40,84.37,18:44:06:609,666.00,13.33
145.10,77.89,18:44:06:730,666.00,11.33
132.56,73.61,18:44:06:855,666.00,12.69
117.40,66.63,18:44:06:983,666.00,20.63
92.54,63.49,18:44:07:120,46.92,33.07
68.87,60.94,18:44:07:260,23.61,56.36
61.00,59.04,18:44:07:387,111.52,34.40
33.47,54.63,18:44:07:526,666.00,21.30
18.86,50.30,18:44:07:661,666.00,13.06
10.80,45.88,18:44:07:798,666.00,9.13
6.26,16.74,18:44:07:939,666.00,14.19
5.72,-5.24,18:44:08:078,666.00,14.75
6.01,-19.06,18:44:08:205,666.00,14.87
6.57,-29.28,18:44:08:327,666.00,14.68
6.91,-33.54,18:44:08:453,666.00,14.95
7.19,-35.87,18:44:08:579,666.00,15.54
7.16,-36.01,18:44:08:708,666.00,15.58
7.14,-35.69,18:44:08:830,666.00,15.51
7.23,-36.17,18:44:08:957,666.00,15.79
6.80,-34.47,18:44:09:084,666.00,15.40
6.33,-8.73,18:44:09:207,666.00,16.16
21.49,52.59,18:44:09:336,666.00,20.29
47.32,62.76,18:44:09:465,666.00,20.42
70.80,62.40,18:44:09:592,29.52,30.78
92.07,63.20,18:44:09:725,666.00,29.67
111.64,64.79,18:44:09:862,666.00,20.98
122.67,66.52,18:44:10:001,666.00,21.45
135.46,76.10,18:44:10:148,666.00,13.80
140.24,84.52,18:44:10:281,666.00,12.56
145.59,90.01,18:44:10:401,666.00,11.59
150.70,96.51,18:44:10:526,666.00,5.46
154.12,98.07,18:44:10:654,666.00,6.03
157.38,97.67,18:44:10:787,666.00,5.55
159.63,95.49,18:44:10:921,666.00,6.01
158.31,91.20,18:44:11:064,666.00,8.84
157.93,92.76,18:44:11:189,666.00,8.47
156.85,94.54,18:44:11:314,666.00,8.78
155.97,82.76,18:44:11:432,666.00,9.63
153.28,80.96,18:44:11:551,666.00,12.38
148.17,79.80,18:44:11:686,666.00,9.78
142.62,78.00,18:44:11:808,666.00,11.62
131.04,75.47,18:44:11:939,666.00,11.27
114.82,70.93,18:44:12:079,666.00,18.37
89.95,64.58,18:44:12:220,666.00,28.77
61.71,62.25,18:44:12:353,33.09,31.12
49.25,58.38,18:44:12:493,666.00,20.85
29.53,47.57,18:44:12:621,666.00,22.33
18.30,39.85,18:44:12:751,666.00,18.06
12.94,27.44,18:44:12:874,666.00,15.39
9.52,1.98,18:44:12:998,666.00,17.16
8.60,-21.30,18:44:13:134,666.00,16.07
8.52,-27.31,18:44:13:255,666.00,15.75
8.30,-29.79,18:44:13:386,666.00,16.92
8.49,-30.31,18:44:13:506,666.00,17.50
8.24,-30.15,18:44:13:627,666.00,17.50
8.03,-29.44,18:44:13:765,666.00,17.17
8.01,-29.30,18:44:13:912,666.00,17.29
7.82,-29.67,18:44:14:068,666.00,16.87
7.73,-29.71,18:44:14:199,666.00,17.49
7.11,8.77,18:44:14:329,666.00,15.43
24.09,57.24,18:44:14:463,666.00,20.56
49.69,67.92,18:44:14:583,666.00,21.91
71.03,71.41,18:44:14:705,666.00,15.14
100.84,69.75,18:44:14:833,666.00,16.33
116.90,69.55,18:44:14:964,666.00,15.74
131.85,75.33,18:44:15:106,666.00,10.51
140.97,82.68,18:44:15:230,666.00,8.93
144.85,88.10,18:44:15:357,666.00,8.87
154.17,95.24,18:44:15:483,666.00,6.30
155.23,93.45,18:44:15:614,666.00,9.63
159.43,89.40,18:44:15:735,666.00,7.35
158.95,89.22,18:44:15:857,666.00,7.83
159.24,89.09,18:44:16:001,666.00,7.41
158.92,90.82,18:44:16:131,666.00,7.58
155.70,90.18,18:44:16:264,666.00,10.74
147.81,84.02,18:44:16:393,666.00,8.40
134.90,76.89,18:44:16:523,666.00,11.60
116.24,68.51,18:44:16:653,666.00,17.38
95.85,63.51,18:44:16:773,666.00,25.93
69.15,61.15,18:44:16:905,31.00,36.68
61.03,56.46,18:44:17:035,111.01,30.15
33.33,51.66,18:44:17:179,666.00,27.58
19.60,49.17,18:44:17:318,666.00,15.22
13.59,45.19,18:44:17:440,666.00,13.70
8.44,28.91,18:44:17:566,666.00,11.46
6.71,3.43,18:44:17:702,666.00,11.55
6.67,-14.13,18:44:17:830,666.00,13.42
7.01,-23.28,18:44:17:959,666.00,14.00
6.89,-25.92,18:44:18:081,666.00,14.77
6.82,-26.43,18:44:18:203,666.00,14.89
6.82,-27.15,18:44:18:333,666.00,15.21
6.74,-26.92,18:44:18:453,666.00,15.15
6.68,-26.68,18:44:18:585,666.00,14.36
6.67,-26.86,18:44:18:721,666.00,14.52
6.34,-11.88,18:44:18:857,666.00,14.65
18.66,43.93,18:44:18:990,666.00,22.32
42.12,56.83,18:44:19:121,666.00,25.33
69.94,64.82,18:44:19:250,666.00,19.08
96.79,66.91,18:44:19:384,666.00,10.88
106.33,65.48,18:44:19:514,666.00,20.11
124.20,66.91,18:44:19:648,666.00,16.54
135.38,74.74,18:44:19:786,666.00,13.83
142.03,82.39,18:44:19:917,666.00,15.16
148.15,86.55,18:44:20:049,666.00,14.90
150.01,90.26,18:44:20:173,666.00,15.32
158.24,86.39,18:44:20:299,666.00,10.74
156.81,88.25,18:44:20:432,666.00,12.64
157.23,91.90,18:44:20:570,666.00,13.49
155.67,89.67,18:44:20:695,666.00,14.76
155.30,90.42,18:44:20:826,666.00,14.59
151.41,83.87,18:44:20:973,666.00,16.47
145.37,78.19,18:44:21:108,666.00,13.94
133.41,75.95,18:44:21:230,666.00,11.43
112.74,69.20,18:44:21:353,666.00,19.06
87.28,65.86,18:44:21:480,666.00,23.64
66.82,63.70,18:44:21:606,666.00,22.64
53.16,58.14,18:44:21:725,666.00,22.09
27.25,49.40,18:44:21:862,666.00,22.08
17.17,41.35,18:44:21:997,666.00,11.82
9.46,20.15,18:44:22:116,666.00,12.52
8.18,-7.90,18:44:22:249,666.00,13.43
8.18,-17.57,18:44:22:369,666.00,12.73
7.59,-25.58,18:44:22:489,666.00,13.81
7.08,-28.83,18:44:22:611,666.00,14.72
6.75,-28.38,18:44:22:738,666.00,14.81
6.75,-29.07,18:44:22:868,666.00,14.83
6.60,-28.33,18:44:23:011,666.00,14.78
6.30,-27.41,18:44:23:140,666.00,14.46
6.18,-26.76,18:44:23:265,666.00,14.37
5.42,-4.16,18:44:23:387,666.00,15.14
21.62,59.24,18:44:23:518,666.00,18.34
47.21,66.02,18:44:23:650,10.64,35.75
73.53,67.73,18:44:23:781,666.00,30.00
93.93,64.20,18:44:23:909,666.00,27.35
114.57,66.74,18:44:24:037,666.00,15.75
126.09,73.63,18:44:24:161,666.00,11.59
135.29,76.99,18:44:24:298,666.00,16.04
143.19,81.55,18:44:24:423,666.00,15.86
152.80,83.32,18:44:24:566,666.00,11.91
154.50,81.27,18:44:24:715,666.00,15.32
160.03,84.14,18:44:24:848,666.00,11.11
156.29,79.93,18:44:24:998,666.00,15.39
156.03,74.65,18:44:25:136,666.00,14.33
155.50,75.76,18:44:25:270,666.00,13.97
152.85,78.74,18:44:25:409,666.00,13.67
146.91,76.89,18:44:25:551,666.00,12.98
137.88,78.49,18:44:25:680,666.00,12.98
120.20,73.66,18:44:25:821,666.00,21.20
106.82,70.16,18:44:25:958,666.00,17.58
74.06,62.45,18:44:26:084,38.98,40.74
56.81,57.28,18:44:26:217,666.00,28.99
50.45,54.52,18:44:26:340,666.00,22.78
27.91,42.60,18:44:26:464,666.00,21.25
16.70,33.61,18:44:26:593,666.00,17.00
9.02,21.17,18:44:26:736,666.00,11.96
7.04,-10.22,18:44:26:863,666.00,14.57
7.26,-25.22,18:44:26:987,666.00,15.60
7.29,-27.93,18:44:27:105,666.00,15.74
7.21,-28.83,18:44:27:232,666.00,15.78
7.02,-29.64,18:44:27:358,666.00,15.64
7.04,-29.69,18:44:27:484,666.00,15.60
7.06,-30.32,18:44:27:615,666.00,15.37
7.17,-30.84,18:44:27:749,666.00,15.62
6.31,-17.44,18:44:27:880,666.00,18.33
13.40,40.22,18:44:28:004,666.00,17.34
37.46,60.24,18:44:28:134,12.80,31.17
73.96,65.65,18:44:28:258,666.00,21.27
96.44,66.25,18:44:28:385,666.00,21.00
115.52,66.40,18:44:28:519,666.00,17.55
124.87,70.23,18:44:28:651,666.00,18.36
138.05,77.01,18:44:28:792,666.00,14.01
145.29,83.56,18:44:28:923,666.00,13.07
151.73,90.31,18:44:29:051,666.00,9.66
154.88,89.00,18:44:29:178,666.00,8.28
157.09,90.43,18:44:29:299,666.00,7.68
157.90,89.32,18:44:29:421,666.00,9.13
158.22,91.19,18:44:29:553,666.00,9.18
155.84,92.21,18:44:29:689,666.00,11.81
153.52,85.73,18:44:29:815,666.00,13.94
148.23,78.98,18:44:29:946,666.00,14.72
137.14,75.36,18:44:30:075,666.00,12.88
121.13,68.07,18:44:30:202,666.00,18.98
96.35,63.78,18:44:30:326,666.00,27.41
65.58,60.12,18:44:30:452,25.16,62.41
57.68,61.24,18:44:30:591,666.00,28.98
46.09,60.39,18:44:30:720,666.00,17.44
26.47,54.25,18:44:30:854,666.00,17.78
16.60,44.35,18:44:30:983,666.00,19.40
11.49,31.32,18:44:31:114,666.00,14.15
9.28,14.85,18:44:31:238,666.00,15.23
8.13,-2.86,18:44:31:359,666.00,15.00
7.87,-18.28,18:44:31:479,666.00,15.99
8.04,-27.92,18:44:31:601,666.00,18.28
8.33,-30.37,18:44:31:735,666.00,18.94
8.52,-32.16,18:44:31:857,666.00,19.28
8.41,-33.94,18:44:31:983,666.00,19.21
8.53,-34.78,18:44:32:106,666.00,19.24
8.61,-36.38,18:44:32:236,666.00,19.54
7.74,-23.07,18:44:32:365,666.00,19.98
21.70,45.03,18:44:32:514,666.00,25.84
53.93,60.60,18:44:32:649,29.09,39.66
86.30,62.10,18:44:32:777,46.12,38.86
104.45,62.87,18:44:32:896,56.57,30.84
123.14,70.88,18:44:33:038,666.00,19.99
137.19,78.66,18:44:33:172,666.00,16.07
146.07,84.50,18:44:33:312,666.00,14.86
150.34,92.03,18:44:33:436,666.00,9.90
154.43,97.11,18:44:33:573,666.00,9.34
156.97,90.50,18:44:33:705,666.00,10.56
159.65,87.94,18:44:33:849,666.00,11.21
158.62,83.91,18:44:33:970,666.00,12.80
160.09,81.54,18:44:34:088,666.00,12.85
157.70,80.77,18:44:34:216,666.00,13.42
155.88,80.04,18:44:34:353,666.00,12.55
147.99,77.62,18:44:34:481,666.00,12.81
137.76,75.86,18:44:34:611,666.00,18.81
120.08,69.80,18:44:34:735,666.00,23.60
101.63,65.81,18:44:34:864,666.00,23.44
65.70,60.61,18:44:34:993,33.04,44.15
59.71,59.20,18:44:35:118,112.11,34.75
32.07,54.65,18:44:35:248,666.00,23.32
16.93,55.51,18:44:35:382,666.00,11.62
9.31,43.42,18:44:35:530,666.00,8.13
6.63,-23.65,18:44:35:686,666.00,11.57
7.40,-37.53,18:44:35:813,666.00,13.32
7.34,-38.23,18:44:35:938,666.00,13.94
7.44,-40.15,18:44:36:055,666.00,14.13
7.32,-39.07,18:44:36:188,666.00,14.28
7.23,-39.52,18:44:36:314,666.00,14.40
7.52,-40.07,18:44:36:449,666.00,14.67
7.43,-39.90,18:44:36:584,666.00,14.90
7.14,-39.76,18:44:36:730,666.00,14.24
7.18,-40.37,18:44:36:860,666.00,14.70
6.66,-37.64,18:44:36:983,666.00,13.91
12.21,49.10,18:44:37:115,666.00,15.85
31.55,61.99,18:44:37:242,666.00,15.63
65.58,72.10,18:44:37:369,666.00,9.21
84.25,69.24,18:44:37:496,666.00,20.08
107.42,66.61,18:44:37:623,666.00,19.14
122.26,67.83,18:44:37:757,666.00,18.27
138.09,75.43,18:44:37:883,666.00,13.49
143.27,82.51,18:44:38:015,666.00,15.16
151.91,86.72,18:44:38:146,666.00,11.42
156.19,87.37,18:44:38:271,666.00,10.73
160.05,90.59,18:44:38:397,666.00,10.15
158.23,90.05,18:44:38:523,666.00,12.13
157.23,86.66,18:44:38:653,666.00,11.71
156.53,83.01,18:44:38:781,666.00,12.15
155.96,79.70,18:44:38:918,666.00,13.73
154.83,81.51,18:44:39:051,666.00,12.63
149.85,80.87,18:44:39:179,666.00,14.05
140.20,77.53,18:44:39:316,666.00,9.48
123.74,72.55,18:44:39:449,666.00,16.10
89.52,65.33,18:44:39:585,666.00,27.47
62.30,62.73,18:44:39:727,666.00,26.94
47.19,58.92,18:44:39:855,666.00,18.77
22.62,49.22,18:44:39:981,666.00,17.42
13.80,43.82,18:44:40:108,666.00,8.35
7.68,25.16,18:44:40:230,666.00,10.61
6.24,-3.10,18:44:40:357,666.00,11.82
6.33,-22.18,18:44:40:493,666.00,13.49
6.43,-27.61,18:44:40:619,666.00,14.43
6.33,-26.67,18:44:40:738,666.00,14.40
6.15,-26.19,18:44:40:861,666.00,14.25
5.94,-25.14,18:44:40:980,666.00,13.88
5.91,-25.32,18:44:41:105,666.00,13.93
5.85,-25.86,18:44:41:237,666.00,13.99
5.63,-22.08,18:44:41:373,666.00,14.34
11.82,48.88,18:44:41:511,666.00,13.39
33.64,66.51,18:44:41:641,666.00,18.50
58.42,65.74,18:44:41:765,666.00,20.09
87.17,69.87,18:44:41:887,666.00,14.55
110.19,67.56,18:44:42:019,666.00,13.39
119.31,67.78,18:44:42:137,666.00,18.79
134.16,74.48,18:44:42:281,666.00,12.67
143.05,81.27,18:44:42:416,666.00,16.66
148.93,88.62,18:44:42:545,666.00,16.33
152.76,90.00,18:44:42:668,666.00,14.52
158.20,81.30,18:44:42:807,666.00,10.98
158.14,85.96,18:44:42:938,666.00,12.03
158.10,86.71,18:44:43:071,666.00,12.03
155.98,88.27,18:44:43:193,666.00,12.47
152.82,87.71,18:44:43:314,666.00,13.25
143.04,81.78,18:44:43:442,666.00,17.01
129.70,76.55,18:44:43:570,666.00,11.94
102.73,69.44,18:44:43:693,666.00,17.93
74.08,59.95,18:44:43:832,666.00,28.00
46.11,56.00,18:44:43:954,666.00,19.75
27.15,51.45,18:44:44:085,666.00,16.24
12.10,49.62,18:44:44:214,666.00,6.92
7.79,41.63,18:44:44:341,666.00,7.13
5.29,10.84,18:44:44:469,666.00,8.93
5.34,-15.84,18:44:44:613,666.00,11.33
5.41,-23.86,18:44:44:738,666.00,11.18
5.67,-28.47,18:44:44:861,666.00,11.49
5.75,-31.26,18:44:44:981,666.00,11.99
5.72,-31.02,18:44:45:100,666.00,11.91
5.64,-31.26,18:44:45:227,666.00,11.71
5.31,-30.49,18:44:45:354,666.00,11.19
5.18,-29.63,18:44:45:483,666.00,11.14
6.64,27.58,18:44:45:615,666.00,15.23
30.52,66.34,18:44:45:752,666.00,15.58
61.11,69.61,18:44:45:882,666.00,17.77
92.45,69.47,18:44:46:018,666.00,23.01
119.51,73.40,18:44:46:161,666.00,7.50
133.44,75.73,18:44:46:309,666.00,7.27
143.71,85.56,18:44:46:471,666.00,12.69
155.31,94.77,18:44:46:627,666.00,6.97
159.74,95.42,18:44:46:776,666.00,7.72
161.59,96.25,18:44:46:910,666.00,8.73
159.12,87.57,18:44:47:070,666.00,10.50
159.39,87.12,18:44:47:231,666.00,9.98
158.33,87.48,18:44:47:374,666.00,8.55
147.32,85.13,18:44:47:507,666.00,11.29
128.67,80.64,18:44:47:658,666.00,12.18
109.41,71.60,18:44:47:810,666.00,15.91
69.28,64.19,18:44:47:952,29.89,40.64
55.27,59.90,18:44:48:110,666.00,21.52
27.11,48.51,18:44:48:253,666.00,22.14
14.47,46.43,18:44:48:405,666.00,8.70
7.83,33.60,18:44:48:555,666.00,6.18
5.39,-6.10,18:44:48:706,666.00,10.46
6.25,-32.55,18:44:48:863,666.00,13.25
6.44,-37.48,18:44:49:007,666.00,12.74
6.05,-38.10,18:44:49:163,666.00,11.92
5.71,-36.32,18:44:49:299,666.00,11.69
5.34,-37.31,18:44:49:434,666.00,11.22
5.31,-36.83,18:44:49:572,666.00,11.32
11.48,52.83,18:44:49:725,666.00,14.76
33.56,68.95,18:44:49:864,666.00,16.25
59.41,70.63,18:44:49:985,-5.65,49.73
83.70,71.02,18:44:50:102,666.00,10.61
103.53,72.89,18:44:50:221,666.00,7.44
118.75,71.34,18:44:50:350,666.00,11.83
128.76,74.28,18:44:50:480,666.00,13.83
138.23,81.90,18:44:50:600,666.00,12.25
149.83,87.89,18:44:50:728,666.00,10.48
155.48,98.95,18:44:50:853,666.00,8.40
157.87,99.30,18:44:50:982,666.00,9.35
158.19,96.97,18:44:51:104,666.00,9.55
157.70,94.54,18:44:51:233,666.00,9.94
157.76,94.36,18:44:51:359,666.00,10.18
157.14,94.79,18:44:51:489,666.00,10.11
153.82,90.19,18:44:51:618,666.00,13.23
137.44,82.30,18:44:51:748,666.00,17.54
118.61,76.04,18:44:51:885,666.00,18.34
95.46,71.60,18:44:52:019,666.00,17.64
65.40,67.34,18:44:52:149,666.00,24.41
50.62,60.69,18:44:52:283,666.00,19.20
28.14,51.81,18:44:52:429,666.00,18.41
13.99,40.29,18:44:52:552,666.00,14.37
8.08,27.44,18:44:52:673,666.00,8.40
5.85,-6.55,18:44:52:799,666.00,8.83
6.25,-30.71,18:44:52:933,666.00,11.88
5.99,-31.03,18:44:53:064,666.00,11.76
5.91,-31.14,18:44:53:195,666.00,11.72
5.80,-32.47,18:44:53:319,666.00,11.61
5.33,-31.32,18:44:53:444,666.00,11.03
5.38,-31.38,18:44:53:579,666.00,11.03
5.41,-33.95,18:44:53:715,666.00,11.41
4.53,-11.64,18:44:53:838,666.00,8.74
14.77,59.72,18:44:53:964,666.00,14.74
35.73,68.88,18:44:54:098,666.00,19.68
66.83,71.60,18:44:54:222,666.00,13.63
97.20,69.61,18:44:54:348,666.00,10.73
116.76,70.51,18:44:54:469,666.00,9.51
126.89,74.20,18:44:54:599,666.00,12.81
141.36,81.26,18:44:54:736,666.00,10.32
147.14,84.35,18:44:54:862,666.00,11.84
150.00,88.24,18:44:54:989,666.00,14.99
152.44,85.86,18:44:55:118,666.00,13.93
153.29,87.18,18:44:55:258,666.00,13.25
153.47,87.21,18:44:55:385,666.00,12.51
149.89,85.13,18:44:55:519,666.00,14.05
144.94,83.96,18:44:55:652,666.00,12.83
134.05,82.28,18:44:55:782,666.00,11.28
116.24,76.48,18:44:55:905,666.00,17.84
95.66,72.04,18:44:56:026,666.00,14.85
68.47,67.67,18:44:56:150,666.00,15.97
59.52,62.78,18:44:56:269,666.00,25.64
32.08,53.90,18:44:56:399,666.00,15.26
14.07,48.67,18:44:56:552,666.00,5.73
7.26,22.49,18:44:56:679,666.00,8.76
6.28,-6.21,18:44:56:802,666.00,9.84
6.63,-26.70,18:44:56:927,666.00,12.67
6.06,-25.91,18:44:57:051,666.00,12.27
5.99,-25.65,18:44:57:183,666.00,12.28
5.91,-27.15,18:44:57:322,666.00,12.64
5.82,-27.44,18:44:57:466,666.00,12.50
5.79,-27.54,18:44:57:597,666.00,12.49
5.67,-26.00,18:44:57:741,666.00,12.44
8.35,44.73,18:44:57:886,666.00,11.65
35.32,68.33,18:44:58:020,666.00,17.77
58.80,67.64,18:44:58:147,666.00,20.04
71.91,67.62,18:44:58:265,666.00,18.42
101.89,67.64,18:44:58:394,666.00,23.13
120.58,70.01,18:44:58:529,666.00,15.33
135.27,77.33,18:44:58:657,666.00,9.21
142.09,83.60,18:44:58:792,666.00,11.87
150.54,92.80,18:44:58:914,666.00,7.35
153.05,97.16,18:44:59:039,666.00,6.70
159.22,104.21,18:44:59:168,666.00,1.03
159.61,99.62,18:44:59:292,666.00,2.61
157.15,91.53,18:44:59:434,666.00,8.10
157.07,93.81,18:44:59:555,666.00,7.73
158.92,95.76,18:44:59:684,666.00,5.45
155.93,95.18,18:44:59:820,666.00,4.99
143.65,85.00,18:44:59:957,666.00,14.52
128.84,79.94,18:45:00:082,666.00,15.40
108.02,72.23,18:45:00:214,666.00,18.06
69.99,63.42,18:45:00:335,31.30,50.63
48.76,63.25,18:45:00:470,666.00,16.72
27.50,51.29,18:45:00:601,666.00,21.75
14.24,47.17,18:45:00:731,666.00,7.92
6.86,25.53,18:45:00:861,666.00,6.45
6.19,-18.05,18:45:00:984,666.00,12.96
6.94,-34.02,18:45:01:101,666.00,13.44
6.74,-35.13,18:45:01:223,666.00,13.37
6.35,-32.40,18:45:01:345,666.00,14.14
5.34,-24.10,18:45:01:485,666.00,12.58
4.79,-21.17,18:45:01:617,666.00,11.85
4.45,-19.58,18:45:01:737,666.00,11.48
4.41,-16.90,18:45:01:872,666.00,11.19
5.28,10.22,18:45:02:018,666.00,8.83
19.30,59.54,18:45:02:153,666.00,13.99
43.98,69.09,18:45:02:280,666.00,19.65
69.67,70.64,18:45:02:420,666.00,26.08
101.85,67.74,18:45:02:550,666.00,22.20
120.94,71.19,18:45:02:671,666.00,11.63
136.34,77.75,18:45:02:798,666.00,8.54
145.79,84.54,18:45:02:924,666.00,10.12
150.06,92.50,18:45:03:055,666.00,8.41
155.71,98.57,18:45:03:184,666.00,4.29
156.81,97.68,18:45:03:309,666.00,4.67
157.90,96.93,18:45:03:430,666.00,4.72
157.50,95.00,18:45:03:558,666.00,5.67
155.02,93.10,18:45:03:678,666.00,6.77
145.38,83.83,18:45:03:816,666.00,12.03
125.38,74.39,18:45:03:954,666.00,17.10
107.36,69.55,18:45:04:079,666.00,18.29
88.27,65.07,18:45:04:198,666.00,27.72
62.60,64.18,18:45:04:326,666.00,23.45
41.81,62.25,18:45:04:455,666.00,14.19
21.59,55.02,18:45:04:584,666.00,12.14
11.38,43.84,18:45:04:714,666.00,9.65
6.45,13.21,18:45:04:848,666.00,10.05
5.95,-12.76,18:45:04:969,666.00,14.32
6.16,-22.40,18:45:05:095,666.00,13.93
5.95,-22.13,18:45:05:231,666.00,13.96
5.75,-22.49,18:45:05:370,666.00,13.80
5.66,-22.91,18:45:05:499,666.00,13.76
5.53,-24.20,18:45:05:632,666.00,13.75
5.34,-23.86,18:45:05:764,666.00,13.58
5.24,-22.08,18:45:05:886,666.00,13.39
7.65,40.97,18:45:06:009,666.00,11.90
25.78,68.15,18:45:06:133,666.00,14.59
58.79,72.28,18:45:06:262,0.21,41.80
96.69,71.95,18:45:06:396,666.00,12.85
120.78,75.30,18:45:06:532,666.00,10.74
136.99,79.61,18:45:06:665,666.00,15.11
146.55,86.89,18:45:06:796,666.00,11.66
154.98,104.57,18:45:06:920,666.00,2.46
155.00,110.97,18:45:07:045,666.00,3.75
157.65,106.57,18:45:07:164,666.00,6.21
157.83,105.95,18:45:07:291,666.00,5.57
157.09,104.86,18:45:07:417,666.00,4.59
157.20,103.54,18:45:07:550,666.00,5.13
155.70,99.35,18:45:07:683,666.00,5.65
142.50,84.08,18:45:07:808,666.00,14.36
128.73,76.04,18:45:07:932,666.00,19.98
102.29,69.13,18:45:08:051,666.00,23.78
62.30,60.08,18:45:08:182,20.94,60.42
51.91,58.38,18:45:08:315,666.00,24.99
28.91,52.44,18:45:08:459,666.00,19.34
14.97,42.20,18:45:08:606,666.00,15.38
8.04,15.87,18:45:08:746,666.00,11.21
7.03,-6.45,18:45:08:874,666.00,11.10
7.12,-28.05,18:45:09:000,666.00,13.55
7.24,-33.72,18:45:09:120,666.00,15.41
7.02,-33.83,18:45:09:238,666.00,15.59
6.87,-34.54,18:45:09:359,666.00,15.83
6.57,-34.68,18:45:09:481,666.00,15.31
6.52,-34.54,18:45:09:615,666.00,15.36
6.48,-34.41,18:45:09:749,666.00,15.26
6.41,-33.91,18:45:09:868,666.00,15.03
5.48,-16.66,18:45:09:985,666.00,11.78
18.77,60.46,18:45:10:113,666.00,15.64
39.89,69.77,18:45:10:236,666.00,19.12
72.13,75.99,18:45:10:354,666.00,7.70
102.29,74.32,18:45:10:482,666.00,11.57
120.11,75.65,18:45:10:618,666.00,10.99
138.18,82.87,18:45:10:765,666.00,6.98
143.94,87.44,18:45:10:892,666.00,8.46
150.40,99.90,18:45:11:017,666.00,5.99
153.91,102.97,18:45:11:141,666.00,4.16
154.35,103.24,18:45:11:261,666.00,4.88
154.17,102.13,18:45:11:392,666.00,4.34
153.42,101.67,18:45:11:530,666.00,5.24
152.61,98.64,18:45:11:666,666.00,5.93
148.10,91.65,18:45:11:800,666.00,7.47
132.73,80.89,18:45:11:922,666.00,13.01
109.99,73.53,18:45:12:050,666.00,21.68
86.10,65.42,18:45:12:172,57.15,36.03
64.07,64.03,18:45:12:299,666.00,20.99
43.05,61.43,18:45:12:422,666.00,15.65
18.25,49.24,18:45:12:553,666.00,11.25
8.36,24.72,18:45:12:686,666.00,8.59
6.13,-10.53,18:45:12:814,666.00,11.52
6.40,-24.91,18:45:12:934,666.00,11.36
7.13,-35.94,18:45:13:063,666.00,13.52
7.29,-36.50,18:45:13:179,666.00,12.44
7.25,-36.53,18:45:13:309,666.00,13.16
7.01,-35.57,18:45:13:431,666.00,13.57
6.98,-35.24,18:45:13:555,666.00,13.59
6.92,-34.98,18:45:13:680,666.00,13.63
6.75,-34.68,18:45:13:801,666.00,13.62
6.08,-28.21,18:45:13:926,666.00,12.87
11.11,41.06,18:45:14:051,666.00,13.70
35.63,64.87,18:45:14:182,666.00,21.48
60.19,68.17,18:45:14:307,666.00,20.98
98.16,72.26,18:45:14:428,666.00,8.35
117.43,71.75,18:45:14:556,666.00,14.02
133.53,76.22,18:45:14:682,666.00,9.35
144.09,81.78,18:45:14:825,666.00,13.34
151.41,92.83,18:45:14:954,666.00,6.73
154.69,91.56,18:45:15:079,666.00,7.85
155.09,93.91,18:45:15:210,666.00,9.31
154.92,87.09,18:45:15:341,666.00,9.73
154.80,89.07,18:45:15:474,666.00,9.93
152.16,90.21,18:45:15:617,666.00,13.78
144.99,80.14,18:45:15:750,666.00,9.02
136.51,78.80,18:45:15:870,666.00,9.35
116.81,73.36,18:45:16:004,666.00,11.84
78.85,65.70,18:45:16:128,34.07,42.53
61.55,62.01,18:45:16:253,134.72,33.86
27.62,51.22,18:45:16:380,666.00,17.68
12.32,36.74,18:45:16:519,666.00,12.97
6.60,3.06,18:45:16:654,666.00,11.70
7.16,-28.08,18:45:16:778,666.00,14.04
7.61,-35.56,18:45:16:909,666.00,15.50
7.51,-36.57,18:45:17:024,666.00,15.85
7.38,-35.42,18:45:17:153,666.00,16.03
7.11,-34.95,18:45:17:282,666.00,15.99
6.91,-35.27,18:45:17:403,666.00,16.14
6.78,-35.41,18:45:17:536,666.00,15.97
6.56,-35.01,18:45:17:677,666.00,15.79
5.98,-24.40,18:45:17:803,666.00,14.09
18.28,52.44,18:45:17:934,666.00,19.31
51.07,64.73,18:45:18:063,666.00,21.81
86.63,65.96,18:45:18:183,666.00,20.71
108.22,67.33,18:45:18:302,666.00,17.89
122.91,68.19,18:45:18:427,666.00,21.19
138.45,76.17,18:45:18:553,666.00,17.01
146.32,81.86,18:45:18:691,666.00,18.89
156.46,87.40,18:45:18:814,666.00,14.35
158.41,88.70,18:45:18:934,666.00,15.78
153.96,87.78,18:45:19:063,666.00,20.04
153.66,88.86,18:45:19:186,666.00,14.96
151.87,89.52,18:45:19:321,666.00,13.17
150.19,87.58,18:45:19:449,666.00,12.63
144.14,80.40,18:45:19:583,666.00,15.26
136.73,76.38,18:45:19:717,666.00,16.24
114.35,66.19,18:45:19:843,666.00,21.37
76.94,57.49,18:45:19:969,54.11,36.78
53.38,56.36,18:45:20:105,666.00,27.20
20.94,46.48,18:45:20:225,666.00,23.91
9.11,41.72,18:45:20:364,666.00,10.45
6.31,7.13,18:45:20:498,666.00,11.93
6.35,-13.86,18:45:20:621,666.00,13.97
6.23,-18.60,18:45:20:751,666.00,13.75
5.98,-18.82,18:45:20:874,666.00,13.75
5.73,-17.78,18:45:20:992,666.00,13.90
5.72,-20.53,18:45:21:115,666.00,14.63
5.61,-21.57,18:45:21:250,666.00,14.80
5.59,-19.32,18:45:21:382,666.00,14.38
7.68,33.61,18:45:21:513,666.00,5.69
40.59,63.75,18:45:21:655,666.00,17.40
72.75,68.81,18:45:21:780,6.32,34.13
98.49,69.48,18:45:21:908,666.00,15.01
117.39,68.59,18:45:22:032,666.00,16.61
130.64,73.90,18:45:22:163,666.00,13.26
138.30,79.81,18:45:22:294,666.00,16.69
144.43,81.69,18:45:22:432,666.00,15.77
152.44,81.35,18:45:22:562,666.00,12.49
156.13,76.81,18:45:22:682,666.00,12.97
157.73,76.77,18:45:22:802,666.00,11.09
156.99,82.32,18:45:22:919,666.00,10.27
153.55,84.18,18:45:23:045,666.00,11.94
151.55,80.44,18:45:23:171,666.00,12.10
140.21,75.30,18:45:23:300,666.00,14.35
122.16,68.16,18:45:23:430,666.00,21.26
96.47,65.52,18:45:23:557,666.00,22.47
59.78,59.70,18:45:23:679,666.00,25.27
45.82,57.77,18:45:23:803,666.00,16.98
18.67,47.56,18:45:23:922,666.00,15.65
7.34,23.50,18:45:24:046,666.00,6.71
6.01,-9.24,18:45:24:168,666.00,10.90
7.03,-33.24,18:45:24:305,666.00,13.38
7.34,-36.10,18:45:24:473,666.00,14.32
7.22,-36.01,18:45:24:596,666.00,15.07
7.18,-35.57,18:45:24:716,666.00,14.99
7.03,-35.49,18:45:24:846,666.00,14.83
6.94,-36.35,18:45:24:972,666.00,14.71
6.82,-37.58,18:45:25:093,666.00,14.90
6.32,-35.43,18:45:25:217,666.00,15.02
7.22,35.91,18:45:25:345,666.00,7.69
27.01,61.69,18:45:25:485,666.00,13.16
44.83,66.30,18:45:25:608,666.00,16.76
72.57,70.18,18:45:25:736,666.00,27.12
104.72,63.07,18:45:25:853,666.00,25.63
121.51,68.10,18:45:25:982,666.00,19.66
133.09,72.33,18:45:26:108,666.00,13.73
139.88,76.47,18:45:26:235,666.00,15.68
149.64,81.60,18:45:26:397,666.00,13.35
150.81,83.11,18:45:26:544,666.00,13.57
151.85,83.41,18:45:26:675,666.00,13.05
151.64,82.78,18:45:26:797,666.00,12.88
146.39,79.97,18:45:26:933,666.00,12.03
136.09,74.05,18:45:27:073,666.00,14.04
111.34,67.22,18:45:27:195,666.00,23.06
66.93,59.19,18:45:27:326,30.55,60.70
48.55,54.71,18:45:27:464,13.45,73.79
25.26,53.12,18:45:27:610,666.00,16.19
14.08,46.46,18:45:27:742,666.00,9.44
6.82,14.34,18:45:27:865,666.00,2.46
6.40,-16.91,18:45:27:983,666.00,7.84
6.77,-25.65,18:45:28:111,666.00,9.52
6.97,-28.29,18:45:28:232,666.00,10.69
6.91,-27.13,18:45:28:364,666.00,11.36
6.91,-26.79,18:45:28:488,666.00,11.65
6.76,-26.95,18:45:28:613,666.00,11.39
6.63,-23.95,18:45:28:748,666.00,10.39
8.91,19.55,18:45:28:878,666.00,13.36
24.33,57.65,18:45:29:002,666.00,12.04
50.58,64.06,18:45:29:130,666.00,11.28
80.66,66.72,18:45:29:262,666.00,11.72
109.30,67.88,18:45:29:394,666.00,10.01
126.11,71.25,18:45:29:524,666.00,9.44
138.32,75.25,18:45:29:648,666.00,12.23
144.72,86.93,18:45:29:766,666.00,12.61
152.32,99.02,18:45:29:889,666.00,4.17
156.04,101.62,18:45:30:016,666.00,4.25
157.80,101.15,18:45:30:150,666.00,4.27
158.18,100.46,18:45:30:298,666.00,4.16
158.14,101.03,18:45:30:428,666.00,4.15
157.89,100.32,18:45:30:550,666.00,3.75
149.26,93.29,18:45:30:691,666.00,9.71
136.64,82.24,18:45:30:830,666.00,11.41
115.17,74.90,18:45:30:961,666.00,15.50
87.13,67.05,18:45:31:084,53.15,34.78
65.15,64.38,18:45:31:207,28.54,54.02
32.19,54.43,18:45:31:348,666.00,24.85
18.15,48.32,18:45:31:484,666.00,13.71
10.26,35.30,18:45:31:605,666.00,11.18
6.04,6.79,18:45:31:721,666.00,7.75
5.55,-15.64,18:45:31:845,666.00,9.66
5.53,-19.70,18:45:31:963,666.00,10.62
5.52,-21.92,18:45:32:086,666.00,11.17
5.19,-22.53,18:45:32:224,666.00,11.11
5.10,-20.81,18:45:32:347,666.00,10.87
9.35,44.56,18:45:32:484,666.00,3.17
32.72,66.65,18:45:32:617,666.00,9.74
59.20,70.89,18:45:32:748,666.00,12.96
88.79,71.92,18:45:32:880,666.00,11.05
110.38,71.34,18:45:33:007,666.00,8.05
123.77,71.84,18:45:33:142,666.00,13.89
139.39,77.28,18:45:33:263,666.00,10.51
145.65,85.32,18:45:33:376,666.00,10.83
149.75,85.68,18:45:33:495,666.00,10.19
154.32,91.70,18:45:33:609,666.00,8.61
159.43,95.99,18:45:33:716,666.00,3.84
159.27,95.61,18:45:33:832,666.00,4.89
158.99,92.44,18:45:33:946,666.00,6.37
153.64,84.74,18:45:34:067,666.00,11.55
145.02,79.05,18:45:34:175,666.00,10.81
132.41,72.65,18:45:34:292,666.00,11.58
109.76,64.75,18:45:34:412,666.00,17.56
91.33,61.16,18:45:34:535,666.00,19.08
58.45,52.70,18:45:34:648,30.65,38.44
49.00,52.68,18:45:34:758,666.00,20.69
22.87,42.71,18:45:34:873,666.00,17.33
10.72,34.48,18:45:34:985,666.00,12.36
7.05,10.92,18:45:35:099,666.00,12.30
6.75,-22.07,18:45:35:211,666.00,15.00
6.68,-26.87,18:45:35:366,666.00,15.43
