19.04,14.92,666.00,13.51,13-03-23-07-35-16-126
19.32,14.72,666.00,13.66,13-03-23-07-35-16-152
19.54,14.59,666.00,13.77,13-03-23-07-35-16-183
19.82,14.50,666.00,14.00,13-03-23-07-35-16-212
20.01,14.60,666.00,14.12,13-03-23-07-35-16-249
20.17,14.66,666.00,14.26,13-03-23-07-35-16-279
20.30,14.76,666.00,14.38,13-03-23-07-35-16-314
20.42,14.76,666.00,14.54,13-03-23-07-35-16-346
20.55,14.85,666.00,14.68,13-03-23-07-35-16-383
20.69,14.99,666.00,14.84,13-03-23-07-35-16-415
20.64,15.91,666.00,14.64,13-03-23-07-35-16-446
20.61,16.77,666.00,14.45,13-03-23-07-35-16-482
20.60,17.44,666.00,14.42,13-03-23-07-35-16-514
20.97,16.91,666.00,15.23,13-03-23-07-35-16-546
21.39,16.19,666.00,16.15,13-03-23-07-35-16-582
21.63,15.94,666.00,16.64,13-03-23-07-35-16-614
21.74,15.84,666.00,16.91,13-03-23-07-35-16-648
21.83,15.75,666.00,17.11,13-03-23-07-35-16-682
21.88,15.74,666.00,17.22,13-03-23-07-35-16-718
21.96,15.74,666.00,17.32,13-03-23-07-35-16-749
22.01,15.77,666.00,17.37,13-03-23-07-35-16-780
22.13,15.79,666.00,17.51,13-03-23-07-35-16-814
22.23,15.79,666.00,17.60,13-03-23-07-35-16-847
22.29,15.62,666.00,17.64,13-03-23-07-35-16-882
22.54,15.01,666.00,17.95,13-03-23-07-35-16-912
22.69,14.55,666.00,18.08,13-03-23-07-35-16-948
22.85,14.25,666.00,18.23,13-03-23-07-35-16-979
23.02,13.92,666.00,18.34,13-03-23-07-35-17-011
23.13,13.66,666.00,18.37,13-03-23-07-35-17-047
23.23,13.92,666.00,18.39,13-03-23-07-35-17-079
23.29,14.25,666.00,18.35,13-03-23-07-35-17-114
23.32,14.43,666.00,18.28,13-03-23-07-35-17-147
23.35,14.56,666.00,18.17,13-03-23-07-35-17-179
23.40,14.50,666.00,18.22,13-03-23-07-35-17-213
23.41,14.51,666.00,18.22,13-03-23-07-35-17-247
23.38,14.58,666.00,18.15,13-03-23-07-35-17-281
23.35,14.67,666.00,18.05,13-03-23-07-35-17-312
23.31,14.77,666.00,17.95,13-03-23-07-35-17-348
23.27,14.97,666.00,17.77,13-03-23-07-35-17-381
23.21,15.35,666.00,17.58,13-03-23-07-35-17-412
23.13,15.74,666.00,17.38,13-03-23-07-35-17-445
23.07,16.15,666.00,17.17,13-03-23-07-35-17-481
23.02,16.47,666.00,17.03,13-03-23-07-35-17-513
23.05,16.79,666.00,17.01,13-03-23-07-35-17-545
23.10,17.00,666.00,17.02,13-03-23-07-35-17-589
23.18,17.00,666.00,17.14,13-03-23-07-35-17-618
23.30,17.05,666.00,17.34,13-03-23-07-35-17-646
23.34,17.43,666.00,17.27,13-03-23-07-35-17-683
23.39,17.76,666.00,17.24,13-03-23-07-35-17-713
23.44,18.02,666.00,17.21,13-03-23-07-35-17-746
23.52,18.22,666.00,17.24,13-03-23-07-35-17-780
23.55,18.33,666.00,17.24,13-03-23-07-35-17-814
23.61,18.41,666.00,17.25,13-03-23-07-35-17-846
23.65,18.47,666.00,17.12,13-03-23-07-35-17-881
23.67,18.51,666.00,16.92,13-03-23-07-35-17-913
23.70,18.53,666.00,16.71,13-03-23-07-35-17-946
23.69,18.51,666.00,16.51,13-03-23-07-35-17-981
23.68,18.50,666.00,16.38,13-03-23-07-35-18-014
23.71,18.38,666.00,16.96,13-03-23-07-35-18-046
23.82,18.02,666.00,16.26,13-03-23-07-35-18-080
23.91,17.57,666.00,16.30,13-03-23-07-35-18-113
24.00,17.06,666.00,16.42,13-03-23-07-35-18-147
24.18,16.12,666.00,15.56,13-03-23-07-35-18-181
24.49,14.82,666.00,15.00,13-03-23-07-35-18-213
26.28,10.87,666.00,17.72,13-03-23-07-35-18-247
27.10,9.27,666.00,18.73,13-03-23-07-35-18-278
27.37,8.75,666.00,18.65,13-03-23-07-35-18-313
27.52,8.13,666.00,18.89,13-03-23-07-35-18-347
27.34,7.72,666.00,16.36,13-03-23-07-35-18-380
26.91,8.27,666.00,15.31,13-03-23-07-35-18-415
26.80,8.42,666.00,15.04,13-03-23-07-35-18-449
26.74,8.48,666.00,14.65,13-03-23-07-35-18-480
26.81,8.40,666.00,14.32,13-03-23-07-35-18-512
26.98,8.14,666.00,13.13,13-03-23-07-35-18-546
27.21,7.88,666.00,12.31,13-03-23-07-35-18-578
27.36,7.64,666.00,11.11,13-03-23-07-35-18-615
27.60,7.16,666.00,10.38,13-03-23-07-35-18-649
28.06,6.23,666.00,9.95,13-03-23-07-35-18-680
28.48,5.42,666.00,9.82,13-03-23-07-35-18-715
28.85,4.85,666.00,9.41,13-03-23-07-35-18-745
29.17,4.38,666.00,9.61,13-03-23-07-35-18-782
29.52,3.94,666.00,11.49,13-03-23-07-35-18-813
29.84,3.64,666.00,10.01,13-03-23-07-35-18-844
30.23,3.50,666.00,11.85,13-03-23-07-35-18-881
30.62,3.38,666.00,12.95,13-03-23-07-35-18-917
31.02,3.35,666.00,13.43,13-03-23-07-35-18-947
31.47,3.34,666.00,13.54,13-03-23-07-35-18-979
32.14,3.35,666.00,13.83,13-03-23-07-35-19-014
32.78,3.52,666.00,13.86,13-03-23-07-35-19-046
33.39,3.77,666.00,14.16,13-03-23-07-35-19-082
34.14,4.73,666.00,16.20,13-03-23-07-35-19-117
34.85,5.61,666.00,16.67,13-03-23-07-35-19-147
35.47,6.45,666.00,16.64,13-03-23-07-35-19-180
36.10,7.15,666.00,16.47,13-03-23-07-35-19-215
36.86,8.32,666.00,15.76,13-03-23-07-35-19-245
37.50,9.29,666.00,15.25,13-03-23-07-35-19-279
38.08,10.13,666.00,14.75,13-03-23-07-35-19-320
38.64,10.72,666.00,14.77,13-03-23-07-35-19-346
39.15,11.17,666.00,14.77,13-03-23-07-35-19-380
39.64,11.65,666.00,15.19,13-03-23-07-35-19-413
40.07,11.95,666.00,15.82,13-03-23-07-35-19-445
41.61,12.50,666.00,15.42,13-03-23-07-35-19-480
42.10,12.91,666.00,16.26,13-03-23-07-35-19-515
42.41,14.64,666.00,16.80,13-03-23-07-35-19-549
42.64,15.71,666.00,17.25,13-03-23-07-35-19-580
42.87,15.81,666.00,17.96,13-03-23-07-35-19-615
43.08,15.97,666.00,18.44,13-03-23-07-35-19-647
43.23,16.13,666.00,19.20,13-03-23-07-35-19-678
43.34,16.09,666.00,19.87,13-03-23-07-35-19-717
43.39,16.08,666.00,20.31,13-03-23-07-35-19-747
43.49,16.01,666.00,20.59,13-03-23-07-35-19-781
43.77,15.65,666.00,20.68,13-03-23-07-35-19-814
43.95,15.34,666.00,21.16,13-03-23-07-35-19-847
43.96,15.12,666.00,21.69,13-03-23-07-35-19-881
44.00,14.93,666.00,22.11,13-03-23-07-35-19-915
44.00,14.77,666.00,23.60,13-03-23-07-35-19-945
43.92,14.96,666.00,24.41,13-03-23-07-35-19-979
43.76,15.04,666.00,25.76,13-03-23-07-35-20-015
43.62,15.05,666.00,28.45,13-03-23-07-35-20-049
43.47,15.07,76.41,31.09,13-03-23-07-35-20-081
43.26,15.08,70.43,40.34,13-03-23-07-35-20-114
43.00,15.04,69.86,42.59,13-03-23-07-35-20-147
42.71,15.07,69.33,44.25,13-03-23-07-35-20-178
42.40,15.23,70.33,47.25,13-03-23-07-35-20-213
42.10,15.40,70.02,48.72,13-03-23-07-35-20-245
41.83,15.52,70.05,49.31,13-03-23-07-35-20-280
41.57,15.68,69.75,49.22,13-03-23-07-35-20-315
41.33,15.84,69.71,49.04,13-03-23-07-35-20-346
41.05,16.08,67.47,62.93,13-03-23-07-35-20-379
40.81,16.30,66.41,70.89,13-03-23-07-35-20-414
40.64,16.51,66.13,74.45,13-03-23-07-35-20-446
40.42,16.91,65.92,73.66,13-03-23-07-35-20-483
40.22,17.31,66.10,72.92,13-03-23-07-35-20-512
39.99,17.68,66.54,73.75,13-03-23-07-35-20-549
39.79,18.34,66.63,75.53,13-03-23-07-35-20-581
39.36,19.29,70.36,93.77,13-03-23-07-35-20-612
39.27,19.99,71.12,100.84,13-03-23-07-35-20-646
39.04,20.56,71.67,105.69,13-03-23-07-35-20-680
38.86,20.95,71.97,108.72,13-03-23-07-35-20-713
38.75,21.30,72.13,110.85,13-03-23-07-35-20-748
38.68,21.52,72.13,112.14,13-03-23-07-35-20-780
38.57,21.79,68.90,107.84,13-03-23-07-35-20-814
38.49,22.03,67.33,104.56,13-03-23-07-35-20-850
38.46,22.25,66.70,103.90,13-03-23-07-35-20-881
38.49,22.41,66.45,103.23,13-03-23-07-35-20-913
38.52,22.41,66.57,102.52,13-03-23-07-35-20-947
38.54,22.42,67.24,101.13,13-03-23-07-35-20-979
38.64,22.33,67.77,99.53,13-03-23-07-35-21-016
38.76,22.31,68.53,97.29,13-03-23-07-35-21-046
38.86,22.23,67.51,85.31,13-03-23-07-35-21-080
39.05,22.12,70.54,82.97,13-03-23-07-35-21-113
39.20,22.00,71.71,73.88,13-03-23-07-35-21-145
39.34,21.71,72.05,64.17,13-03-23-07-35-21-181
39.43,21.53,72.06,59.37,13-03-23-07-35-21-213
39.52,21.34,70.54,59.08,13-03-23-07-35-21-244
39.65,21.12,69.22,59.80,13-03-23-07-35-21-280
39.79,20.84,68.79,58.53,13-03-23-07-35-21-312
39.91,20.50,69.58,54.01,13-03-23-07-35-21-344
40.08,20.24,69.94,50.80,13-03-23-07-35-21-382
40.28,20.20,70.77,52.20,13-03-23-07-35-21-414
40.41,20.05,71.06,50.06,13-03-23-07-35-21-447
40.53,19.82,72.13,46.97,13-03-23-07-35-21-481
40.62,19.37,72.89,44.14,13-03-23-07-35-21-512
40.94,18.25,74.11,42.13,13-03-23-07-35-21-545
41.14,17.03,75.51,40.77,13-03-23-07-35-21-579
41.30,15.99,76.70,39.66,13-03-23-07-35-21-614
41.60,15.05,78.65,37.73,13-03-23-07-35-21-645
41.84,14.32,80.01,36.52,13-03-23-07-35-21-680
42.12,13.58,80.63,33.66,13-03-23-07-35-21-714
42.32,13.00,81.28,31.71,13-03-23-07-35-21-746
42.63,12.39,666.00,29.34,13-03-23-07-35-21-782
42.90,11.71,666.00,27.19,13-03-23-07-35-21-812
43.22,10.73,666.00,25.44,13-03-23-07-35-21-844
43.47,10.12,666.00,20.80,13-03-23-07-35-21-881
43.76,9.18,666.00,18.50,13-03-23-07-35-21-913
43.95,8.60,666.00,17.19,13-03-23-07-35-21-949
44.12,8.30,666.00,16.35,13-03-23-07-35-21-979
44.22,8.08,666.00,15.81,13-03-23-07-35-22-013
44.27,7.93,666.00,15.44,13-03-23-07-35-22-046
44.30,7.90,666.00,15.38,13-03-23-07-35-22-079
44.15,7.81,666.00,15.93,13-03-23-07-35-22-114
43.99,7.72,666.00,16.67,13-03-23-07-35-22-146
43.81,7.62,666.00,17.70,13-03-23-07-35-22-180
43.64,7.54,666.00,21.87,13-03-23-07-35-22-213
43.47,7.57,666.00,24.68,13-03-23-07-35-22-248
43.29,7.59,666.00,26.70,13-03-23-07-35-22-281
43.10,7.60,85.12,41.89,13-03-23-07-35-22-312
42.87,7.85,82.99,46.85,13-03-23-07-35-22-346
42.61,8.64,80.76,49.32,13-03-23-07-35-22-382
42.26,9.88,81.00,63.20,13-03-23-07-35-22-414
41.93,10.98,79.78,70.37,13-03-23-07-35-22-446
41.63,12.08,74.26,65.93,13-03-23-07-35-22-479
41.36,13.11,71.03,64.22,13-03-23-07-35-22-514
41.14,13.89,68.87,62.63,13-03-23-07-35-22-549
40.99,14.71,67.52,62.17,13-03-23-07-35-22-579
40.88,15.14,66.16,60.51,13-03-23-07-35-22-613
40.79,15.69,67.96,75.21,13-03-23-07-35-22-645
40.73,16.14,67.36,77.32,13-03-23-07-35-22-680
40.68,16.61,70.14,92.25,13-03-23-07-35-22-713
40.64,17.03,70.84,98.35,13-03-23-07-35-22-749
40.63,17.28,71.16,101.24,13-03-23-07-35-22-781
40.68,17.51,71.58,105.68,13-03-23-07-35-22-812
40.76,17.79,71.63,107.84,13-03-23-07-35-22-847
40.81,18.06,68.33,102.95,13-03-23-07-35-22-880
40.84,18.23,65.98,93.80,13-03-23-07-35-22-911
40.85,18.45,65.07,92.03,13-03-23-07-35-22-952
40.87,18.48,66.71,103.33,13-03-23-07-35-22-980
40.88,18.49,67.78,109.52,13-03-23-07-35-23-014
40.89,18.56,65.74,104.87,13-03-23-07-35-23-046
40.90,18.46,64.03,94.93,13-03-23-07-35-23-078
40.90,18.42,66.32,100.90,13-03-23-07-35-23-114
40.90,18.42,67.50,103.48,13-03-23-07-35-23-151
40.90,18.42,68.21,104.43,13-03-23-07-35-23-191
40.89,18.42,67.53,95.65,13-03-23-07-35-23-211
40.88,18.36,67.21,87.81,13-03-23-07-35-23-246
40.87,18.27,66.40,74.86,13-03-23-07-35-23-282
40.84,18.11,66.18,68.69,13-03-23-07-35-23-312
41.04,17.89,66.24,64.99,13-03-23-07-35-23-347
41.13,17.69,67.56,59.60,13-03-23-07-35-23-383
41.17,17.48,68.56,56.63,13-03-23-07-35-23-413
41.19,17.27,69.29,54.90,13-03-23-07-35-23-446
41.28,17.11,69.88,53.65,13-03-23-07-35-23-479
41.34,16.91,70.54,52.90,13-03-23-07-35-23-511
41.38,16.59,71.01,52.55,13-03-23-07-35-23-547
41.35,16.23,71.47,52.37,13-03-23-07-35-23-584
41.27,15.85,71.78,51.88,13-03-23-07-35-23-614
41.18,15.48,72.97,48.75,13-03-23-07-35-23-646
41.32,15.05,73.67,46.46,13-03-23-07-35-23-679
41.45,14.84,74.01,44.87,13-03-23-07-35-23-712
41.52,14.72,76.31,41.44,13-03-23-07-35-23-744
41.54,14.72,76.99,35.37,13-03-23-07-35-23-781
41.53,14.72,78.44,31.34,13-03-23-07-35-23-813
41.48,14.63,77.19,35.95,13-03-23-07-35-23-846
41.43,14.51,76.87,38.00,13-03-23-07-35-23-883
41.45,14.39,76.82,38.31,13-03-23-07-35-23-915
41.49,14.36,77.85,33.07,13-03-23-07-35-23-946
41.55,14.30,666.00,28.73,13-03-23-07-35-23-980
41.61,14.23,666.00,26.33,13-03-23-07-35-24-013
41.62,14.14,666.00,23.50,13-03-23-07-35-24-046
41.62,14.17,666.00,13.21,13-03-23-07-35-24-082
41.55,14.25,666.00,9.00,13-03-23-07-35-24-114
41.44,14.36,666.00,7.10,13-03-23-07-35-24-150
41.24,14.67,666.00,6.17,13-03-23-07-35-24-180
41.04,14.89,666.00,6.13,13-03-23-07-35-24-211
40.96,14.67,666.00,4.15,13-03-23-07-35-24-247
41.19,16.47,666.00,5.05,13-03-23-07-35-24-283
41.40,17.61,666.00,6.11,13-03-23-07-35-24-314
41.57,18.00,666.00,7.27,13-03-23-07-35-24-346
41.70,17.81,666.00,9.22,13-03-23-07-35-24-379
41.83,17.30,666.00,11.28,13-03-23-07-35-24-414
41.86,16.71,666.00,13.25,13-03-23-07-35-24-447
41.81,16.34,666.00,15.07,13-03-23-07-35-24-479
41.73,16.02,666.00,16.83,13-03-23-07-35-24-514
41.65,15.78,666.00,27.83,13-03-23-07-35-24-548
41.58,15.71,78.43,36.10,13-03-23-07-35-24-582
41.34,15.31,77.95,39.27,13-03-23-07-35-24-613
41.14,15.05,77.21,41.39,13-03-23-07-35-24-645
41.04,14.91,76.14,43.37,13-03-23-07-35-24-680
40.93,14.98,73.37,50.26,13-03-23-07-35-24-712
40.85,15.02,72.01,53.34,13-03-23-07-35-24-747
40.82,15.07,71.22,54.98,13-03-23-07-35-24-780
40.81,15.08,69.79,68.66,13-03-23-07-35-24-818
40.83,15.16,70.84,82.77,13-03-23-07-35-24-849
40.91,15.21,69.25,82.72,13-03-23-07-35-24-881
40.99,15.27,67.68,79.82,13-03-23-07-35-24-914
41.14,15.41,66.93,84.86,13-03-23-07-35-24-948
41.27,15.54,66.35,87.20,13-03-23-07-35-24-979
41.39,15.61,66.02,88.95,13-03-23-07-35-25-013
41.56,15.83,66.95,99.45,13-03-23-07-35-25-045
41.72,16.12,67.31,103.36,13-03-23-07-35-25-083
41.91,16.46,67.35,105.28,13-03-23-07-35-25-115
42.03,16.82,67.28,106.48,13-03-23-07-35-25-145
42.16,17.13,67.20,107.28,13-03-23-07-35-25-181
42.00,17.81,66.73,107.66,13-03-23-07-35-25-215
41.72,18.43,66.34,107.61,13-03-23-07-35-25-244
41.43,18.88,66.15,107.20,13-03-23-07-35-25-280
41.19,19.08,66.21,106.54,13-03-23-07-35-25-313
41.00,19.29,66.95,106.70,13-03-23-07-35-25-346
40.86,19.45,65.89,103.07,13-03-23-07-35-25-383
40.75,19.55,64.64,93.86,13-03-23-07-35-25-416
40.66,19.63,64.54,91.43,13-03-23-07-35-25-448
40.59,19.77,64.55,84.44,13-03-23-07-35-25-482
40.53,19.78,64.99,82.27,13-03-23-07-35-25-512
40.49,19.77,62.86,72.16,13-03-23-07-35-25-547
40.46,19.75,66.38,74.53,13-03-23-07-35-25-580
40.42,19.72,66.74,62.99,13-03-23-07-35-25-612
40.39,19.67,67.26,60.77,13-03-23-07-35-25-648
40.51,20.02,66.32,53.77,13-03-23-07-35-25-681
40.59,20.22,65.84,50.19,13-03-23-07-35-25-714
40.63,20.28,65.75,45.93,13-03-23-07-35-25-747
40.70,19.97,65.70,43.56,13-03-23-07-35-25-778
40.82,19.47,65.54,41.86,13-03-23-07-35-25-813
40.94,19.19,65.71,40.16,13-03-23-07-35-25-846
41.03,18.95,65.53,39.21,13-03-23-07-35-25-879
41.09,18.74,68.84,34.18,13-03-23-07-35-25-915
41.15,18.55,69.75,33.28,13-03-23-07-35-25-949
41.00,19.10,68.62,32.14,13-03-23-07-35-25-981
41.10,18.94,67.07,31.50,13-03-23-07-35-26-011
41.17,18.64,67.22,32.21,13-03-23-07-35-26-049
41.30,18.17,67.72,32.42,13-03-23-07-35-26-079
41.39,17.80,68.30,32.39,13-03-23-07-35-26-115
41.50,17.48,666.00,26.68,13-03-23-07-35-26-144
41.58,17.14,666.00,24.74,13-03-23-07-35-26-179
41.64,16.76,666.00,23.53,13-03-23-07-35-26-211
41.68,16.38,666.00,15.35,13-03-23-07-35-26-246
41.79,16.08,666.00,12.05,13-03-23-07-35-26-278
41.86,15.77,666.00,8.72,13-03-23-07-35-26-313
41.92,15.95,666.00,5.68,13-03-23-07-35-26-347
42.00,15.97,666.00,4.48,13-03-23-07-35-26-382
42.15,15.83,666.00,4.29,13-03-23-07-35-26-413
42.33,15.67,666.00,4.74,13-03-23-07-35-26-446
42.50,15.41,666.00,5.95,13-03-23-07-35-26-482
42.61,15.09,666.00,6.68,13-03-23-07-35-26-516
42.73,14.70,666.00,6.97,13-03-23-07-35-26-547
42.77,14.44,666.00,6.94,13-03-23-07-35-26-585
42.78,14.15,666.00,6.56,13-03-23-07-35-26-612
42.80,14.44,666.00,5.57,13-03-23-07-35-26-645
42.71,14.48,666.00,3.96,13-03-23-07-35-26-681
42.66,14.57,666.00,2.76,13-03-23-07-35-26-713
42.60,14.64,666.00,1.68,13-03-23-07-35-26-746
42.49,14.55,666.00,0.61,13-03-23-07-35-26-782
42.31,14.59,666.00,11.67,13-03-23-07-35-26-812
42.17,14.58,666.00,23.69,13-03-23-07-35-26-846
41.93,14.55,666.00,28.52,13-03-23-07-35-26-879
41.75,14.58,73.10,32.31,13-03-23-07-35-26-913
41.61,14.78,72.59,34.65,13-03-23-07-35-26-947
41.51,14.95,71.93,36.42,13-03-23-07-35-26-985
41.43,15.12,70.95,42.00,13-03-23-07-35-27-012
41.37,15.37,71.18,49.50,13-03-23-07-35-27-045
41.35,15.57,70.96,52.12,13-03-23-07-35-27-080
41.34,15.71,70.43,56.79,13-03-23-07-35-27-112
41.36,15.96,68.07,67.46,13-03-23-07-35-27-148
41.41,16.18,66.82,76.11,13-03-23-07-35-27-183
41.47,16.39,69.70,89.26,13-03-23-07-35-27-213
41.56,16.64,69.02,89.18,13-03-23-07-35-27-249
41.65,17.07,68.43,91.25,13-03-23-07-35-27-282
41.79,17.54,67.52,90.72,13-03-23-07-35-27-312
41.92,17.97,65.36,88.45,13-03-23-07-35-27-347
42.05,18.53,64.45,88.84,13-03-23-07-35-27-379
42.18,19.07,65.62,100.99,13-03-23-07-35-27-414
42.32,19.44,66.61,108.20,13-03-23-07-35-27-447
42.46,19.63,63.10,94.66,13-03-23-07-35-27-480
42.47,20.08,61.47,88.61,13-03-23-07-35-27-513
42.38,20.62,61.37,88.03,13-03-23-07-35-27-547
42.20,21.23,60.37,86.24,13-03-23-07-35-27-581
41.96,21.67,62.84,100.34,13-03-23-07-35-27-611
41.75,21.98,61.00,94.45,13-03-23-07-35-27-645
41.55,22.55,62.13,96.02,13-03-23-07-35-27-680
41.37,22.90,63.43,102.29,13-03-23-07-35-27-714
41.23,23.15,63.75,99.27,13-03-23-07-35-27-746
41.10,23.24,64.57,97.85,13-03-23-07-35-27-780
40.97,23.25,65.67,88.74,13-03-23-07-35-27-814
40.84,23.17,66.07,84.09,13-03-23-07-35-27-847
40.69,22.95,64.97,76.01,13-03-23-07-35-27-877
40.51,22.68,64.09,71.75,13-03-23-07-35-27-916
40.33,22.45,67.10,73.77,13-03-23-07-35-27-946
40.11,22.15,67.19,69.20,13-03-23-07-35-27-982
39.86,21.92,68.29,53.95,13-03-23-07-35-28-015
39.61,21.72,68.56,45.67,13-03-23-07-35-28-044
39.29,21.39,67.53,43.30,13-03-23-07-35-28-081
39.08,21.26,67.29,46.93,13-03-23-07-35-28-114
38.91,21.30,67.21,49.05,13-03-23-07-35-28-145
38.77,21.20,66.90,50.19,13-03-23-07-35-28-182
38.69,21.26,67.11,51.03,13-03-23-07-35-28-213
38.65,21.36,67.36,51.79,13-03-23-07-35-28-246
38.63,21.46,65.36,42.19,13-03-23-07-35-28-281
38.61,21.49,66.08,34.76,13-03-23-07-35-28-313
38.58,21.67,66.31,31.99,13-03-23-07-35-28-348
38.52,21.73,666.00,28.57,13-03-23-07-35-28-381
38.47,21.61,666.00,27.57,13-03-23-07-35-28-411
38.42,21.49,666.00,26.07,13-03-23-07-35-28-448
38.34,21.37,666.00,25.40,13-03-23-07-35-28-482
38.27,21.21,666.00,24.82,13-03-23-07-35-28-512
38.21,21.18,666.00,22.46,13-03-23-07-35-28-546
38.15,21.23,666.00,11.99,13-03-23-07-35-28-579
38.06,21.32,666.00,8.25,13-03-23-07-35-28-611
37.98,21.39,666.00,6.51,13-03-23-07-35-28-647
37.91,21.45,666.00,5.43,13-03-23-07-35-28-680
37.88,21.51,666.00,4.86,13-03-23-07-35-28-713
37.85,21.57,666.00,4.78,13-03-23-07-35-28-748
37.97,21.56,666.00,4.85,13-03-23-07-35-28-780
38.07,21.58,666.00,5.05,13-03-23-07-35-28-815
38.24,21.57,666.00,5.37,13-03-23-07-35-28-847
38.37,21.58,666.00,5.71,13-03-23-07-35-28-880
38.46,21.60,666.00,6.05,13-03-23-07-35-28-914
38.54,21.61,666.00,14.22,13-03-23-07-35-28-946
38.56,21.69,666.00,16.84,13-03-23-07-35-28-978
38.56,21.84,666.00,23.60,13-03-23-07-35-29-013
38.53,22.00,666.00,27.20,13-03-23-07-35-29-046
37.34,22.48,666.00,29.86,13-03-23-07-35-29-079
36.89,22.83,65.82,31.66,13-03-23-07-35-29-111
36.68,23.09,65.02,33.91,13-03-23-07-35-29-146
36.61,23.27,62.02,41.13,13-03-23-07-35-29-181
36.60,23.42,61.25,43.25,13-03-23-07-35-29-212
36.77,23.43,57.71,54.76,13-03-23-07-35-29-247
36.84,23.50,56.91,60.52,13-03-23-07-35-29-280
37.06,23.57,56.56,63.75,13-03-23-07-35-29-313
37.34,23.63,56.27,65.57,13-03-23-07-35-29-349
37.60,23.98,56.05,66.52,13-03-23-07-35-29-381
37.80,24.39,56.21,66.62,13-03-23-07-35-29-417
38.00,24.90,56.46,67.15,13-03-23-07-35-29-448
38.18,25.44,56.67,68.40,13-03-23-07-35-29-482
38.35,26.00,61.52,89.63,13-03-23-07-35-29-512
38.50,26.54,62.55,99.15,13-03-23-07-35-29-546
38.68,27.10,59.41,100.11,13-03-23-07-35-29-579
38.78,27.62,58.35,102.25,13-03-23-07-35-29-616
38.87,28.10,57.94,103.65,13-03-23-07-35-29-644
38.96,28.51,57.75,104.94,13-03-23-07-35-29-681
39.04,28.79,58.06,108.72,13-03-23-07-35-29-717
39.13,28.94,58.27,109.93,13-03-23-07-35-29-744
39.19,29.04,57.68,107.37,13-03-23-07-35-29-780
39.36,29.08,57.24,103.18,13-03-23-07-35-29-816
39.43,29.13,57.15,101.39,13-03-23-07-35-29-847
39.53,29.19,57.11,100.86,13-03-23-07-35-29-881
39.56,29.17,57.25,100.56,13-03-23-07-35-29-917
39.56,29.12,57.54,100.21,13-03-23-07-35-29-946
39.56,29.11,57.74,99.20,13-03-23-07-35-29-981
39.56,29.08,58.44,89.84,13-03-23-07-35-30-013
39.54,29.04,58.94,87.11,13-03-23-07-35-30-048
39.53,28.93,58.65,76.10,13-03-23-07-35-30-083
39.51,28.45,57.50,63.54,13-03-23-07-35-30-113
39.49,28.08,57.48,58.55,13-03-23-07-35-30-146
39.52,27.66,57.85,55.42,13-03-23-07-35-30-180
39.53,27.38,57.92,53.22,13-03-23-07-35-30-212
39.52,27.18,57.94,51.73,13-03-23-07-35-30-247
39.50,27.00,58.09,50.85,13-03-23-07-35-30-283
39.49,26.43,58.61,50.09,13-03-23-07-35-30-312
39.49,25.87,59.03,49.62,13-03-23-07-35-30-346
39.47,25.39,58.67,49.15,13-03-23-07-35-30-379
39.49,25.03,57.79,48.37,13-03-23-07-35-30-415
39.47,24.71,56.91,47.66,13-03-23-07-35-30-448
39.41,24.51,56.95,43.09,13-03-23-07-35-30-481
39.35,24.35,62.04,33.45,13-03-23-07-35-30-514
39.29,24.09,63.90,30.38,13-03-23-07-35-30-547
39.22,23.79,666.00,28.90,13-03-23-07-35-30-581
39.16,23.48,666.00,28.02,13-03-23-07-35-30-618
39.09,23.10,666.00,27.81,13-03-23-07-35-30-645
38.90,22.55,666.00,28.97,13-03-23-07-35-30-680
38.74,21.95,666.00,29.28,13-03-23-07-35-30-712
38.63,21.07,666.00,29.56,13-03-23-07-35-30-745
38.54,20.24,666.00,27.95,13-03-23-07-35-30-781
38.46,19.62,666.00,19.60,13-03-23-07-35-30-812
38.40,19.13,666.00,20.96,13-03-23-07-35-30-846
38.35,18.68,666.00,19.49,13-03-23-07-35-30-882
38.33,18.32,666.00,22.99,13-03-23-07-35-30-912
38.33,18.01,666.00,14.04,13-03-23-07-35-30-945
38.39,17.73,666.00,14.74,13-03-23-07-35-30-983
38.40,17.55,666.00,10.39,13-03-23-07-35-31-011
38.42,17.40,666.00,9.01,13-03-23-07-35-31-048
38.41,17.20,666.00,8.37,13-03-23-07-35-31-082
38.41,17.01,666.00,7.86,13-03-23-07-35-31-114
38.41,16.82,666.00,9.55,13-03-23-07-35-31-148
38.37,16.55,666.00,9.61,13-03-23-07-35-31-188
38.35,16.28,666.00,13.34,13-03-23-07-35-31-214
38.32,16.07,666.00,15.92,13-03-23-07-35-31-248
38.34,15.91,666.00,16.06,13-03-23-07-35-31-282
38.35,15.88,666.00,17.04,13-03-23-07-35-31-313
38.37,16.09,666.00,24.61,13-03-23-07-35-31-347
38.33,16.37,666.00,28.50,13-03-23-07-35-31-380
38.29,16.78,75.52,31.24,13-03-23-07-35-31-411
38.24,17.24,72.77,39.10,13-03-23-07-35-31-447
38.22,17.73,71.63,41.73,13-03-23-07-35-31-482
38.18,18.24,67.38,44.04,13-03-23-07-35-31-512
38.18,18.42,66.18,46.04,13-03-23-07-35-31-547
38.20,18.63,61.99,53.38,13-03-23-07-35-31-581
38.25,18.78,61.54,59.37,13-03-23-07-35-31-613
38.42,18.85,60.96,61.70,13-03-23-07-35-31-646
38.61,18.95,60.60,64.56,13-03-23-07-35-31-680
38.76,19.19,60.31,66.86,13-03-23-07-35-31-715
38.95,19.50,60.03,67.09,13-03-23-07-35-31-744
39.11,19.89,59.95,67.05,13-03-23-07-35-31-779
39.25,20.25,59.69,77.57,13-03-23-07-35-31-812
39.37,20.52,63.54,91.94,13-03-23-07-35-31-846
39.50,20.80,65.12,97.35,13-03-23-07-35-31-881
39.67,20.93,60.89,91.51,13-03-23-07-35-31-913
39.69,21.00,62.65,98.59,13-03-23-07-35-31-943
39.71,20.93,62.79,101.04,13-03-23-07-35-31-981
39.70,20.91,63.49,107.34,13-03-23-07-35-32-015
39.71,20.85,63.70,108.63,13-03-23-07-35-32-047
39.68,20.97,62.96,107.25,13-03-23-07-35-32-081
39.67,20.97,63.17,108.46,13-03-23-07-35-32-114
39.65,20.95,62.53,104.41,13-03-23-07-35-32-146
39.68,20.68,62.98,103.05,13-03-23-07-35-32-181
39.69,20.48,63.01,98.05,13-03-23-07-35-32-213
39.66,20.29,63.28,94.82,13-03-23-07-35-32-248
39.58,20.24,64.15,93.08,13-03-23-07-35-32-279
39.50,20.26,64.74,91.74,13-03-23-07-35-32-315
39.44,20.28,65.92,84.27,13-03-23-07-35-32-348
39.37,20.35,66.90,84.40,13-03-23-07-35-32-378
39.30,20.40,66.75,69.35,13-03-23-07-35-32-413
39.28,20.40,66.66,61.99,13-03-23-07-35-32-448
39.31,20.42,66.97,56.50,13-03-23-07-35-32-479
39.44,20.45,67.71,47.31,13-03-23-07-35-32-514
39.57,20.45,69.17,54.31,13-03-23-07-35-32-546
39.68,20.37,71.02,60.90,13-03-23-07-35-32-581
40.01,20.29,71.80,62.92,13-03-23-07-35-32-611
40.35,20.04,71.97,59.48,13-03-23-07-35-32-646
40.64,19.87,69.93,55.26,13-03-23-07-35-32-682
40.92,19.37,70.17,53.33,13-03-23-07-35-32-713
41.13,18.94,70.65,51.73,13-03-23-07-35-32-746
41.26,18.59,70.59,50.81,13-03-23-07-35-32-777
41.34,18.29,70.40,50.10,13-03-23-07-35-32-810
41.39,18.06,70.17,49.54,13-03-23-07-35-32-848
41.44,17.68,70.08,48.58,13-03-23-07-35-32-880
41.47,17.17,74.79,40.93,13-03-23-07-35-32-925
41.47,16.78,76.70,37.82,13-03-23-07-35-32-947
41.47,16.47,78.70,35.60,13-03-23-07-35-32-980
41.56,16.15,80.86,34.05,13-03-23-07-35-33-013
41.68,15.85,82.05,33.13,13-03-23-07-35-33-044
41.81,15.64,83.00,32.39,13-03-23-07-35-33-079
41.92,15.53,666.00,27.96,13-03-23-07-35-33-112
41.95,15.38,666.00,26.49,13-03-23-07-35-33-145
41.95,15.20,666.00,25.63,13-03-23-07-35-33-178
41.93,15.05,666.00,24.76,13-03-23-07-35-33-213
41.89,14.93,666.00,16.38,13-03-23-07-35-33-245
41.83,14.80,666.00,9.66,13-03-23-07-35-33-278
41.77,14.72,666.00,7.02,13-03-23-07-35-33-312
41.71,14.65,666.00,5.62,13-03-23-07-35-33-346
41.65,14.60,666.00,4.56,13-03-23-07-35-33-381
41.59,14.57,666.00,3.93,13-03-23-07-35-33-414
41.55,14.36,666.00,3.84,13-03-23-07-35-33-444
41.52,14.16,666.00,4.18,13-03-23-07-35-33-480
41.47,14.02,666.00,5.01,13-03-23-07-35-33-514
41.42,13.95,666.00,5.62,13-03-23-07-35-33-544
41.37,14.50,666.00,6.39,13-03-23-07-35-33-579
41.32,14.84,666.00,20.71,13-03-23-07-35-33-612
41.27,15.13,83.00,33.02,13-03-23-07-35-33-645
41.22,15.42,79.72,36.38,13-03-23-07-35-33-678
41.16,15.75,77.59,38.78,13-03-23-07-35-33-714
41.09,16.03,76.19,40.71,13-03-23-07-35-33-745
40.97,16.31,69.47,38.87,13-03-23-07-35-33-780
40.93,16.62,67.84,40.47,13-03-23-07-35-33-816
40.87,16.88,65.90,48.20,13-03-23-07-35-33-845
40.82,17.14,64.90,51.70,13-03-23-07-35-33-881
40.76,17.33,64.09,53.66,13-03-23-07-35-33-916
40.70,17.49,63.55,55.02,13-03-23-07-35-33-945
40.73,17.77,62.68,56.05,13-03-23-07-35-33-980
40.85,18.16,67.35,76.99,13-03-23-07-35-34-015
40.99,18.71,69.88,87.13,13-03-23-07-35-34-045
41.11,19.61,69.45,91.81,13-03-23-07-35-34-080
41.21,20.48,62.06,82.80,13-03-23-07-35-34-115
41.29,21.23,62.30,93.33,13-03-23-07-35-34-146
41.38,22.17,60.23,94.81,13-03-23-07-35-34-181
41.46,22.91,58.61,95.55,13-03-23-07-35-34-214
41.52,23.48,57.22,95.82,13-03-23-07-35-34-246
41.61,24.06,57.26,100.49,13-03-23-07-35-34-288
41.67,24.81,57.25,102.53,13-03-23-07-35-34-314
41.71,25.49,56.41,102.81,13-03-23-07-35-34-345
41.78,26.15,54.50,94.72,13-03-23-07-35-34-382
41.83,26.80,53.93,93.52,13-03-23-07-35-34-414
41.87,27.37,51.40,84.49,13-03-23-07-35-34-450
41.91,27.81,50.53,80.93,13-03-23-07-35-34-479
41.94,27.98,50.56,78.83,13-03-23-07-35-34-512
41.96,28.09,50.86,76.88,13-03-23-07-35-34-548
41.96,28.16,50.27,67.34,13-03-23-07-35-34-582
41.96,28.15,49.58,58.65,13-03-23-07-35-34-614
41.95,28.16,51.48,53.92,13-03-23-07-35-34-649
41.90,28.13,52.77,42.78,13-03-23-07-35-34-681
41.82,28.03,54.33,37.04,13-03-23-07-35-34-715
41.72,27.90,62.23,46.56,13-03-23-07-35-34-746
41.60,27.66,65.12,53.86,13-03-23-07-35-34-782
41.48,27.34,65.57,57.11,13-03-23-07-35-34-817
41.32,27.00,64.93,54.85,13-03-23-07-35-34-850
41.16,26.67,64.15,52.80,13-03-23-07-35-34-883
41.02,26.42,64.04,50.39,13-03-23-07-35-34-914
40.94,25.93,63.92,49.79,13-03-23-07-35-34-944
40.88,25.48,64.96,37.72,13-03-23-07-35-34-980
40.79,25.14,67.11,33.29,13-03-23-07-35-35-013
40.69,24.81,666.00,29.87,13-03-23-07-35-35-046
40.43,24.31,71.74,31.92,13-03-23-07-35-35-080
40.18,23.88,72.66,30.31,13-03-23-07-35-35-113
39.97,23.47,73.43,30.07,13-03-23-07-35-35-148
39.72,23.12,74.51,30.24,13-03-23-07-35-35-179
39.52,22.57,666.00,29.64,13-03-23-07-35-35-213
39.33,22.09,666.00,29.53,13-03-23-07-35-35-247
39.49,23.94,666.00,29.60,13-03-23-07-35-35-284
39.65,25.05,666.00,27.74,13-03-23-07-35-35-315
39.74,25.32,666.00,26.44,13-03-23-07-35-35-347
39.76,25.72,666.00,23.89,13-03-23-07-35-35-382
39.76,25.95,666.00,14.32,13-03-23-07-35-35-412
39.73,26.16,666.00,12.21,13-03-23-07-35-35-447
39.70,26.28,666.00,10.85,13-03-23-07-35-35-481
39.77,26.10,666.00,9.20,13-03-23-07-35-35-511
39.78,25.94,666.00,8.21,13-03-23-07-35-35-546
39.74,25.88,666.00,7.38,13-03-23-07-35-35-582
39.66,25.50,666.00,6.76,13-03-23-07-35-35-612
39.58,25.30,666.00,6.44,13-03-23-07-35-35-647
39.48,25.13,666.00,20.64,13-03-23-07-35-35-679
39.39,24.97,666.00,28.43,13-03-23-07-35-35-714
39.30,24.84,66.60,36.48,13-03-23-07-35-35-747
39.25,24.48,65.70,42.09,13-03-23-07-35-35-782
39.18,24.24,65.55,44.85,13-03-23-07-35-35-812
39.12,24.03,65.37,46.44,13-03-23-07-35-35-844
39.06,23.78,65.24,47.11,13-03-23-07-35-35-882
39.01,23.51,64.03,51.68,13-03-23-07-35-35-914
38.98,23.20,63.17,54.11,13-03-23-07-35-35-946
39.05,22.86,62.33,56.72,13-03-23-07-35-35-981
39.13,22.69,60.72,70.87,13-03-23-07-35-36-014
39.21,22.63,60.07,77.26,13-03-23-07-35-36-046
39.42,22.58,59.73,78.83,13-03-23-07-35-36-080
39.57,22.58,59.65,78.89,13-03-23-07-35-36-113
39.73,22.29,61.80,86.21,13-03-23-07-35-36-145
39.86,22.07,62.72,89.13,13-03-23-07-35-36-180
40.02,22.17,62.99,90.59,13-03-23-07-35-36-211
40.24,22.40,63.96,98.32,13-03-23-07-35-36-246
40.48,22.92,64.01,101.24,13-03-23-07-35-36-280
40.71,23.51,63.86,102.78,13-03-23-07-35-36-312
41.01,24.16,63.67,103.70,13-03-23-07-35-36-344
41.25,24.88,62.89,103.99,13-03-23-07-35-36-382
41.42,25.30,62.14,103.81,13-03-23-07-35-36-411
41.57,25.37,58.31,97.94,13-03-23-07-35-36-445
41.69,25.39,57.02,95.17,13-03-23-07-35-36-480
41.78,25.25,58.77,107.56,13-03-23-07-35-36-513
41.88,25.18,58.07,100.39,13-03-23-07-35-36-546
41.95,25.11,58.02,96.07,13-03-23-07-35-36-579
41.98,24.97,60.03,97.96,13-03-23-07-35-36-611
42.01,24.81,61.50,99.38,13-03-23-07-35-36-646
42.03,24.65,62.57,100.22,13-03-23-07-35-36-679
42.05,24.48,63.39,100.63,13-03-23-07-35-36-711
42.09,24.22,64.27,100.70,13-03-23-07-35-36-745
42.32,23.47,66.62,100.21,13-03-23-07-35-36-778
42.59,23.29,67.09,90.70,13-03-23-07-35-36-812
42.86,22.87,67.56,84.57,13-03-23-07-35-36-845
43.08,22.52,67.81,82.19,13-03-23-07-35-36-879
43.17,21.98,64.65,71.28,13-03-23-07-35-36-913
43.18,22.04,63.09,66.73,13-03-23-07-35-36-945
43.19,22.23,65.76,54.92,13-03-23-07-35-36-978
43.16,22.71,65.57,52.95,13-03-23-07-35-37-013
43.13,23.18,63.62,42.82,13-03-23-07-35-37-044
43.00,23.51,62.06,39.94,13-03-23-07-35-37-081
42.90,23.71,61.49,38.17,13-03-23-07-35-37-116
42.82,23.80,61.42,36.99,13-03-23-07-35-37-145
42.75,23.87,64.79,33.05,13-03-23-07-35-37-179
42.70,23.83,65.94,31.12,13-03-23-07-35-37-215
42.62,23.73,66.24,30.12,13-03-23-07-35-37-247
42.55,23.63,666.00,29.47,13-03-23-07-35-37-280
42.47,23.57,666.00,29.06,13-03-23-07-35-37-311
42.39,23.43,666.00,28.91,13-03-23-07-35-37-345
42.31,23.29,666.00,28.89,13-03-23-07-35-37-379
42.26,23.13,666.00,28.94,13-03-23-07-35-37-414
42.22,22.96,666.00,29.17,13-03-23-07-35-37-446
42.24,22.85,666.00,29.16,13-03-23-07-35-37-480
42.26,22.64,666.00,19.45,13-03-23-07-35-37-516
42.25,22.45,666.00,15.57,13-03-23-07-35-37-546
42.21,22.24,666.00,13.15,13-03-23-07-35-37-580
42.08,21.87,666.00,11.38,13-03-23-07-35-37-612
41.78,21.41,666.00,10.51,13-03-23-07-35-37-650
41.43,20.86,666.00,9.85,13-03-23-07-35-37-679
41.11,20.46,666.00,9.40,13-03-23-07-35-37-716
40.65,20.14,666.00,9.57,13-03-23-07-35-37-745
40.29,19.97,666.00,9.75,13-03-23-07-35-37-780
40.01,19.89,666.00,10.09,13-03-23-07-35-37-823
39.81,19.92,666.00,10.42,13-03-23-07-35-37-844
39.66,20.00,666.00,12.43,13-03-23-07-35-37-881
39.53,20.20,666.00,14.28,13-03-23-07-35-37-913
39.42,20.45,666.00,15.46,13-03-23-07-35-37-947
39.32,20.69,71.52,30.88,13-03-23-07-35-37-981
39.23,20.97,65.14,39.05,13-03-23-07-35-38-015
39.14,21.67,66.33,46.46,13-03-23-07-35-38-044
39.10,22.28,64.13,49.64,13-03-23-07-35-38-081
39.10,22.77,59.67,50.51,13-03-23-07-35-38-111
39.20,22.95,57.11,50.65,13-03-23-07-35-38-145
39.31,23.09,57.37,57.15,13-03-23-07-35-38-183
39.44,23.17,56.46,59.01,13-03-23-07-35-38-214
39.56,23.25,55.77,60.21,13-03-23-07-35-38-245
39.72,23.45,55.26,61.74,13-03-23-07-35-38-281
39.88,23.54,54.88,63.19,13-03-23-07-35-38-315
40.07,23.62,54.76,63.51,13-03-23-07-35-38-346
40.21,23.72,55.42,73.12,13-03-23-07-35-38-383
40.33,23.88,54.27,76.78,13-03-23-07-35-38-413
40.46,24.05,56.85,93.27,13-03-23-07-35-38-448
40.61,24.22,58.03,100.74,13-03-23-07-35-38-481
40.90,24.50,58.30,103.65,13-03-23-07-35-38-513
41.23,24.85,57.96,105.15,13-03-23-07-35-38-547
41.46,25.14,57.43,106.07,13-03-23-07-35-38-584
41.68,25.48,56.43,105.46,13-03-23-07-35-38-614
41.81,25.72,50.18,99.07,13-03-23-07-35-38-647
41.93,25.87,49.72,98.56,13-03-23-07-35-38-682
42.04,25.96,49.99,98.40,13-03-23-07-35-38-713
42.16,26.05,52.88,111.81,13-03-23-07-35-38-750
42.29,26.18,56.40,117.18,13-03-23-07-35-38-780
42.39,26.20,57.77,118.50,13-03-23-07-35-38-812
42.46,26.14,57.49,109.77,13-03-23-07-35-38-847
42.52,26.07,57.58,105.24,13-03-23-07-35-38-881
42.57,25.98,58.82,102.21,13-03-23-07-35-38-913
42.60,25.91,57.14,96.46,13-03-23-07-35-38-945
42.61,25.92,57.09,87.99,13-03-23-07-35-38-980
42.61,25.94,57.09,84.43,13-03-23-07-35-39-013
42.57,25.98,57.12,82.37,13-03-23-07-35-39-044
42.53,26.00,57.93,81.20,13-03-23-07-35-39-085
42.46,25.99,57.67,71.48,13-03-23-07-35-39-112
42.38,26.01,59.60,58.67,13-03-23-07-35-39-145
42.30,26.03,60.43,53.79,13-03-23-07-35-39-181
42.22,26.10,59.24,54.19,13-03-23-07-35-39-213
42.12,26.12,58.54,49.83,13-03-23-07-35-39-248
41.99,26.13,58.17,47.60,13-03-23-07-35-39-282
41.85,26.08,57.89,45.82,13-03-23-07-35-39-311
41.69,25.95,57.62,44.96,13-03-23-07-35-39-345
41.53,25.80,57.48,44.44,13-03-23-07-35-39-381
41.37,25.64,57.48,42.14,13-03-23-07-35-39-415
41.11,25.33,57.61,41.10,13-03-23-07-35-39-445
40.85,25.05,57.92,40.04,13-03-23-07-35-39-483
40.64,24.87,58.17,38.14,13-03-23-07-35-39-513
40.46,24.64,56.80,34.19,13-03-23-07-35-39-545
40.47,24.41,56.18,31.90,13-03-23-07-35-39-579
40.18,24.25,55.90,30.33,13-03-23-07-35-39-614
39.88,24.16,666.00,29.29,13-03-23-07-35-39-646
39.55,24.12,666.00,26.48,13-03-23-07-35-39-682
39.24,24.34,666.00,25.30,13-03-23-07-35-39-713
39.03,24.53,666.00,14.19,13-03-23-07-35-39-747
38.81,24.60,666.00,11.78,13-03-23-07-35-39-781
38.59,24.61,666.00,10.67,13-03-23-07-35-39-813
38.37,24.48,666.00,9.14,13-03-23-07-35-39-847
38.07,24.41,666.00,8.58,13-03-23-07-35-39-884
37.90,24.37,666.00,8.37,13-03-23-07-35-39-915
37.71,24.30,666.00,8.61,13-03-23-07-35-39-948
37.49,24.26,666.00,9.01,13-03-23-07-35-39-978
37.31,24.21,666.00,9.52,13-03-23-07-35-40-015
37.13,24.17,666.00,9.67,13-03-23-07-35-40-047
36.97,24.15,666.00,19.80,13-03-23-07-35-40-082
36.83,24.11,666.00,25.05,13-03-23-07-35-40-111
36.71,24.08,64.44,33.67,13-03-23-07-35-40-148
36.64,24.60,64.75,43.93,13-03-23-07-35-40-183
36.65,25.14,64.89,49.80,13-03-23-07-35-40-211
36.66,25.54,64.86,52.99,13-03-23-07-35-40-248
36.67,25.83,64.81,55.03,13-03-23-07-35-40-282
35.95,26.29,65.07,56.35,13-03-23-07-35-40-312
35.80,26.53,63.82,56.26,13-03-23-07-35-40-348
35.71,26.67,59.51,61.15,13-03-23-07-35-40-383
35.66,26.88,58.46,63.07,13-03-23-07-35-40-414
35.73,27.04,57.23,65.15,13-03-23-07-35-40-447
35.81,27.16,56.71,66.93,13-03-23-07-35-40-479
35.92,27.30,56.04,70.97,13-03-23-07-35-40-512
36.04,27.44,59.88,91.86,13-03-23-07-35-40-546
36.18,27.57,61.30,103.28,13-03-23-07-35-40-581
36.36,27.77,60.17,108.80,13-03-23-07-35-40-614
36.53,28.01,60.69,112.41,13-03-23-07-35-40-646
36.73,28.26,59.88,113.21,13-03-23-07-35-40-681
36.97,28.59,52.72,106.20,13-03-23-07-35-40-715
37.15,28.94,54.98,116.11,13-03-23-07-35-40-746
37.30,29.32,50.89,107.14,13-03-23-07-35-40-781
37.58,29.86,50.76,106.12,13-03-23-07-35-40-814
37.69,30.21,51.13,105.86,13-03-23-07-35-40-848
37.77,30.48,51.53,105.71,13-03-23-07-35-40-879
37.61,31.37,52.38,107.45,13-03-23-07-35-40-916
37.41,31.95,51.05,103.28,13-03-23-07-35-40-946
37.40,32.08,54.47,112.19,13-03-23-07-35-40-982
37.42,32.23,52.69,102.36,13-03-23-07-35-41-014
37.44,32.38,51.94,95.62,13-03-23-07-35-41-046
37.50,32.47,52.34,88.91,13-03-23-07-35-41-079
37.58,32.50,52.70,83.89,13-03-23-07-35-41-112
37.82,32.41,54.69,74.15,13-03-23-07-35-41-146
38.05,32.32,56.82,67.39,13-03-23-07-35-41-180
38.22,31.78,58.44,63.13,13-03-23-07-35-41-213
38.37,31.41,60.54,57.04,13-03-23-07-35-41-247
38.49,31.09,60.87,55.82,13-03-23-07-35-41-280
38.55,30.77,60.15,52.96,13-03-23-07-35-41-313
38.57,30.48,60.07,51.42,13-03-23-07-35-41-345
38.54,30.21,59.78,47.52,13-03-23-07-35-41-382
38.52,29.84,59.67,46.31,13-03-23-07-35-41-414
38.48,29.58,60.43,45.51,13-03-23-07-35-41-447
38.43,29.39,64.19,40.74,13-03-23-07-35-41-479
38.37,29.19,64.29,36.36,13-03-23-07-35-41-513
38.32,28.90,64.61,32.88,13-03-23-07-35-41-546
38.24,28.62,66.15,32.79,13-03-23-07-35-41-581
38.15,28.35,66.36,32.14,13-03-23-07-35-41-623
38.00,28.05,66.54,31.15,13-03-23-07-35-41-645
37.84,27.74,66.49,30.52,13-03-23-07-35-41-683
37.63,27.36,66.06,30.41,13-03-23-07-35-41-712
37.45,27.09,66.05,30.34,13-03-23-07-35-41-747
37.27,26.76,666.00,23.24,13-03-23-07-35-41-781
37.10,26.49,666.00,19.05,13-03-23-07-35-41-814
36.99,26.28,666.00,13.49,13-03-23-07-35-41-847
36.88,26.08,666.00,8.25,13-03-23-07-35-41-880
36.34,25.85,666.00,7.45,13-03-23-07-35-41-913
35.90,25.67,666.00,7.20,13-03-23-07-35-41-948
35.60,25.50,666.00,7.40,13-03-23-07-35-41-981
35.39,25.39,666.00,7.85,13-03-23-07-35-42-013
35.24,25.30,666.00,8.85,13-03-23-07-35-42-046
35.13,25.15,666.00,9.90,13-03-23-07-35-42-081
35.06,25.05,666.00,10.29,13-03-23-07-35-42-112
35.00,25.02,666.00,10.53,13-03-23-07-35-42-148
34.97,25.01,666.00,24.78,13-03-23-07-35-42-181
34.99,24.98,72.62,33.80,13-03-23-07-35-42-211
35.02,24.92,72.19,37.40,13-03-23-07-35-42-247
35.05,24.87,71.52,39.52,13-03-23-07-35-42-281
35.07,24.85,69.23,41.08,13-03-23-07-35-42-313
35.80,24.93,63.87,36.90,13-03-23-07-35-42-347
36.38,24.85,59.90,33.68,13-03-23-07-35-42-383
36.72,24.70,56.06,33.20,13-03-23-07-35-42-413
37.06,24.50,51.74,42.76,13-03-23-07-35-42-445
37.33,24.25,50.02,48.19,13-03-23-07-35-42-480
37.52,24.19,49.45,49.74,13-03-23-07-35-42-512
37.67,24.18,51.16,53.39,13-03-23-07-35-42-547
37.76,24.25,51.65,55.71,13-03-23-07-35-42-580
37.83,24.51,53.23,58.95,13-03-23-07-35-42-614
37.89,24.74,53.34,60.14,13-03-23-07-35-42-645
37.96,24.98,53.37,60.93,13-03-23-07-35-42-682
38.01,25.26,53.39,61.61,13-03-23-07-35-42-713
38.04,25.50,53.40,62.33,13-03-23-07-35-42-746
38.05,26.17,53.98,67.79,13-03-23-07-35-42-779
38.03,26.67,55.68,83.53,13-03-23-07-35-42-811
38.10,27.12,58.19,98.86,13-03-23-07-35-42-849
38.13,27.61,59.03,104.43,13-03-23-07-35-42-881
38.13,28.10,59.43,107.27,13-03-23-07-35-42-912
38.10,28.43,59.78,109.38,13-03-23-07-35-42-944
38.09,28.71,59.77,110.68,13-03-23-07-35-42-981
38.06,28.95,59.47,111.48,13-03-23-07-35-43-017
37.98,29.21,59.09,112.09,13-03-23-07-35-43-047
37.90,29.26,59.11,112.39,13-03-23-07-35-43-080
37.81,29.18,59.33,112.48,13-03-23-07-35-43-115
37.73,29.22,59.41,112.38,13-03-23-07-35-43-147
37.67,29.26,59.53,112.16,13-03-23-07-35-43-180
37.58,29.32,57.51,109.49,13-03-23-07-35-43-213
37.47,29.24,56.70,100.79,13-03-23-07-35-43-250
37.38,29.05,54.62,84.82,13-03-23-07-35-43-285
37.31,28.93,57.81,85.64,13-03-23-07-35-43-311
37.25,28.69,59.62,85.85,13-03-23-07-35-43-344
37.19,28.22,59.90,82.67,13-03-23-07-35-43-383
37.14,27.73,60.09,73.26,13-03-23-07-35-43-411
37.09,27.25,60.52,69.65,13-03-23-07-35-43-448
37.05,26.82,59.95,63.85,13-03-23-07-35-43-484
37.04,26.39,59.30,60.41,13-03-23-07-35-43-513
37.03,25.92,58.97,58.59,13-03-23-07-35-43-545
37.05,25.51,58.51,57.43,13-03-23-07-35-43-579
37.06,25.18,57.32,45.04,13-03-23-07-35-43-614
37.10,24.89,56.46,40.58,13-03-23-07-35-43-645
37.14,24.64,55.82,38.47,13-03-23-07-35-43-683
37.18,24.31,55.31,36.97,13-03-23-07-35-43-716
37.22,24.07,54.89,35.97,13-03-23-07-35-43-744
37.25,23.84,54.73,35.60,13-03-23-07-35-43-784
37.28,23.64,62.51,37.39,13-03-23-07-35-43-814
37.30,23.21,65.94,38.23,13-03-23-07-35-43-846
37.33,22.83,69.23,37.73,13-03-23-07-35-43-878
37.37,22.60,71.19,37.67,13-03-23-07-35-43-915
37.46,22.16,70.03,33.45,13-03-23-07-35-43-948
37.54,21.76,69.05,31.46,13-03-23-07-35-43-980
37.59,21.37,666.00,27.02,13-03-23-07-35-44-012
37.64,21.09,666.00,25.19,13-03-23-07-35-44-047
37.67,20.88,666.00,24.34,13-03-23-07-35-44-081
37.69,20.75,666.00,21.53,13-03-23-07-35-44-118
37.70,20.64,666.00,19.95,13-03-23-07-35-44-149
37.70,20.65,666.00,19.12,13-03-23-07-35-44-178
37.69,20.67,666.00,18.58,13-03-23-07-35-44-215
37.72,20.70,666.00,16.06,13-03-23-07-35-44-245
37.77,20.82,666.00,14.96,13-03-23-07-35-44-279
37.85,20.85,666.00,14.15,13-03-23-07-35-44-316
37.94,20.88,666.00,12.90,13-03-23-07-35-44-346
38.05,20.94,666.00,11.78,13-03-23-07-35-44-380
38.09,21.00,666.00,11.16,13-03-23-07-35-44-413
38.11,21.31,666.00,11.13,13-03-23-07-35-44-445
38.12,21.66,666.00,11.69,13-03-23-07-35-44-479
38.12,21.97,666.00,26.09,13-03-23-07-35-44-518
38.16,22.23,53.39,34.41,13-03-23-07-35-44-548
38.25,22.44,53.85,37.94,13-03-23-07-35-44-581
38.32,22.64,53.98,39.97,13-03-23-07-35-44-613
38.41,22.81,61.67,51.74,13-03-23-07-35-44-647
38.49,23.09,62.10,54.17,13-03-23-07-35-44-679
38.50,23.42,62.50,58.91,13-03-23-07-35-44-712
38.48,23.72,62.46,61.39,13-03-23-07-35-44-747
38.75,24.96,62.04,57.29,13-03-23-07-35-44-779
38.89,25.62,61.75,56.07,13-03-23-07-35-44-812
38.86,26.44,61.51,60.86,13-03-23-07-35-44-845
38.82,27.15,60.89,65.90,13-03-23-07-35-44-880
38.73,27.65,59.51,71.75,13-03-23-07-35-44-911
38.63,28.09,58.53,76.67,13-03-23-07-35-44-945
38.58,28.42,57.63,85.22,13-03-23-07-35-44-980
38.52,28.61,62.02,103.76,13-03-23-07-35-45-014
38.45,28.86,63.64,112.36,13-03-23-07-35-45-048
38.51,29.33,62.12,116.74,13-03-23-07-35-45-082
38.47,29.71,61.61,118.75,13-03-23-07-35-45-112
38.65,30.12,61.26,115.27,13-03-23-07-35-45-147
38.78,30.50,60.90,112.69,13-03-23-07-35-45-180
38.90,30.81,60.61,110.49,13-03-23-07-35-45-215
38.96,31.08,58.79,107.30,13-03-23-07-35-45-249
38.97,31.34,58.00,105.93,13-03-23-07-35-45-280
38.97,31.52,57.91,103.96,13-03-23-07-35-45-313
38.96,31.67,55.91,86.96,13-03-23-07-35-45-347
38.79,31.80,56.30,84.55,13-03-23-07-35-45-380
38.57,31.87,57.81,86.37,13-03-23-07-35-45-413
38.35,31.86,59.24,88.44,13-03-23-07-35-45-448
38.15,31.85,59.92,89.55,13-03-23-07-35-45-479
37.96,31.83,60.81,79.29,13-03-23-07-35-45-513
37.83,31.38,61.11,74.57,13-03-23-07-35-45-545
37.72,30.98,61.07,66.20,13-03-23-07-35-45-579
37.64,30.64,61.02,59.99,13-03-23-07-35-45-612
37.58,30.40,60.70,57.19,13-03-23-07-35-45-648
37.55,30.23,60.28,55.23,13-03-23-07-35-45-681
37.54,30.05,59.76,53.96,13-03-23-07-35-45-714
37.56,29.85,59.17,53.07,13-03-23-07-35-45-747
37.64,29.48,58.78,52.43,13-03-23-07-35-45-780
37.72,29.11,58.03,44.79,13-03-23-07-35-45-813
37.79,28.70,57.46,41.19,13-03-23-07-35-45-850
37.88,28.27,59.78,34.95,13-03-23-07-35-45-879
37.98,27.83,60.02,32.62,13-03-23-07-35-45-913
38.07,27.43,59.89,31.24,13-03-23-07-35-45-948
38.15,27.03,59.97,31.81,13-03-23-07-35-45-980
38.21,26.54,60.39,31.57,13-03-23-07-35-46-015
38.26,26.04,61.16,31.86,13-03-23-07-35-46-046
38.30,25.52,61.77,32.75,13-03-23-07-35-46-081
38.28,25.14,63.68,32.74,13-03-23-07-35-46-113
38.29,24.68,64.57,32.72,13-03-23-07-35-46-146
38.27,24.26,666.00,15.30,13-03-23-07-35-46-182
38.24,23.93,666.00,4.13,13-03-23-07-35-46-210
38.18,23.66,666.00,1.37,13-03-23-07-35-46-246
38.07,23.40,666.00,2.07,13-03-23-07-35-46-279
37.95,23.22,666.00,2.47,13-03-23-07-35-46-313
37.83,23.07,666.00,1.50,13-03-23-07-35-46-345
37.71,22.90,666.00,1.89,13-03-23-07-35-46-385
37.62,22.80,666.00,3.24,13-03-23-07-35-46-414
37.54,22.72,666.00,4.32,13-03-23-07-35-46-447
37.49,22.35,666.00,5.26,13-03-23-07-35-46-479
37.45,22.04,666.00,21.11,13-03-23-07-35-46-514
37.42,21.77,666.00,22.84,13-03-23-07-35-46-546
37.39,21.53,666.00,23.57,13-03-23-07-35-46-580
37.37,21.31,666.00,24.21,13-03-23-07-35-46-613
37.34,21.15,666.00,24.40,13-03-23-07-35-46-645
37.31,21.03,77.05,36.26,13-03-23-07-35-46-681
37.28,20.88,74.96,41.36,13-03-23-07-35-46-713
37.24,20.76,70.36,43.02,13-03-23-07-35-46-746
37.21,20.57,65.28,44.17,13-03-23-07-35-46-781
37.18,20.44,63.04,44.94,13-03-23-07-35-46-814
37.15,20.31,63.75,55.99,13-03-23-07-35-46-843
37.12,20.19,64.13,61.30,13-03-23-07-35-46-881
37.11,20.10,64.19,64.75,13-03-23-07-35-46-914
37.08,20.05,67.03,77.52,13-03-23-07-35-46-948
37.06,19.93,68.10,83.18,13-03-23-07-35-46-980
37.05,19.87,68.05,85.06,13-03-23-07-35-47-014
37.03,20.00,67.65,85.14,13-03-23-07-35-47-046
37.05,20.21,65.87,86.99,13-03-23-07-35-47-080
37.09,20.62,64.68,91.43,13-03-23-07-35-47-112
37.14,21.15,66.04,100.82,13-03-23-07-35-47-145
37.17,21.62,66.15,104.33,13-03-23-07-35-47-178
37.21,21.95,66.20,107.45,13-03-23-07-35-47-213
37.20,22.25,65.98,109.59,13-03-23-07-35-47-245
37.17,22.54,65.40,111.31,13-03-23-07-35-47-277
37.12,22.86,64.73,112.81,13-03-23-07-35-47-311
37.08,23.22,64.13,113.78,13-03-23-07-35-47-346
37.03,23.63,63.61,114.54,13-03-23-07-35-47-380
37.06,23.81,63.33,114.81,13-03-23-07-35-47-417
37.11,23.91,63.12,114.75,13-03-23-07-35-47-448
37.14,24.00,61.55,111.87,13-03-23-07-35-47-481
37.16,24.05,57.34,97.88,13-03-23-07-35-47-512
37.19,23.97,55.61,88.53,13-03-23-07-35-47-551
37.22,23.80,56.33,85.48,13-03-23-07-35-47-578
37.24,23.61,59.39,85.86,13-03-23-07-35-47-611
37.24,23.48,61.69,86.52,13-03-23-07-35-47-644
37.24,23.37,62.25,82.72,13-03-23-07-35-47-680
37.26,23.28,62.54,80.33,13-03-23-07-35-47-713
37.27,23.19,62.69,74.55,13-03-23-07-35-47-744
37.29,23.20,61.83,60.48,13-03-23-07-35-47-782
37.31,23.17,60.95,54.84,13-03-23-07-35-47-813
37.31,23.20,60.67,52.03,13-03-23-07-35-47-844
37.34,23.35,60.44,50.04,13-03-23-07-35-47-877
37.44,23.40,60.22,49.08,13-03-23-07-35-47-914
37.53,23.40,60.08,48.58,13-03-23-07-35-47-948
37.60,23.43,58.99,47.79,13-03-23-07-35-47-979
37.66,23.44,58.47,47.35,13-03-23-07-35-48-013
37.71,23.50,58.05,47.05,13-03-23-07-35-48-045
37.76,23.58,58.17,43.21,13-03-23-07-35-48-081
37.79,23.76,62.16,41.31,13-03-23-07-35-48-111
37.89,23.17,65.42,39.94,13-03-23-07-35-48-147
38.40,21.71,68.71,38.76,13-03-23-07-35-48-180
38.88,19.85,72.37,38.19,13-03-23-07-35-48-212
39.25,19.34,75.43,35.56,13-03-23-07-35-48-244
39.52,19.07,77.19,34.09,13-03-23-07-35-48-279
39.68,19.21,78.33,31.36,13-03-23-07-35-48-311
39.79,19.40,666.00,21.08,13-03-23-07-35-48-354
39.85,19.66,666.00,16.55,13-03-23-07-35-48-388
39.93,19.63,666.00,14.33,13-03-23-07-35-48-411
39.91,19.65,666.00,9.64,13-03-23-07-35-48-446
39.80,19.68,666.00,10.00,13-03-23-07-35-48-481
39.52,18.92,666.00,11.56,13-03-23-07-35-48-512
39.14,18.20,666.00,13.23,13-03-23-07-35-48-547
38.76,17.72,666.00,25.18,13-03-23-07-35-48-579
38.20,18.18,92.49,30.66,13-03-23-07-35-48-611
37.68,18.87,90.55,34.57,13-03-23-07-35-48-646
37.25,19.91,81.11,39.10,13-03-23-07-35-48-679
36.93,20.52,76.53,41.58,13-03-23-07-35-48-711
36.66,21.29,73.53,44.27,13-03-23-07-35-48-748
36.54,22.51,70.89,46.39,13-03-23-07-35-48-780
36.46,23.60,64.77,49.17,13-03-23-07-35-48-811
36.41,24.10,62.48,50.49,13-03-23-07-35-48-846
36.40,24.50,60.73,51.34,13-03-23-07-35-48-883
36.47,24.85,59.69,53.43,13-03-23-07-35-48-914
36.56,25.17,60.50,62.44,13-03-23-07-35-48-945
36.67,25.61,60.06,65.80,13-03-23-07-35-48-982
36.84,25.89,60.60,77.98,13-03-23-07-35-49-014
37.04,26.05,60.17,83.43,13-03-23-07-35-49-046
37.28,26.09,59.96,85.72,13-03-23-07-35-49-082
37.46,26.12,60.30,94.87,13-03-23-07-35-49-112
37.62,26.11,61.85,99.20,13-03-23-07-35-49-147
37.68,26.18,61.81,101.61,13-03-23-07-35-49-181
37.69,26.34,61.83,104.35,13-03-23-07-35-49-213
37.67,26.49,61.94,106.13,13-03-23-07-35-49-246
38.45,25.86,61.66,103.08,13-03-23-07-35-49-280
38.76,25.78,61.53,102.66,13-03-23-07-35-49-314
38.69,25.99,61.31,103.81,13-03-23-07-35-49-346
38.71,26.15,61.04,104.65,13-03-23-07-35-49-384
38.66,26.31,60.74,105.33,13-03-23-07-35-49-412
38.54,26.51,60.55,106.16,13-03-23-07-35-49-449
38.41,26.71,60.40,106.88,13-03-23-07-35-49-481
38.30,26.88,59.46,106.52,13-03-23-07-35-49-513
38.23,27.04,59.05,106.06,13-03-23-07-35-49-548
38.17,27.27,59.95,101.25,13-03-23-07-35-49-580
38.11,27.47,60.18,97.72,13-03-23-07-35-49-611
38.08,28.42,58.72,93.55,13-03-23-07-35-49-646
38.06,29.01,57.52,76.83,13-03-23-07-35-49-680
38.19,28.75,58.45,70.38,13-03-23-07-35-49-713
38.34,28.19,59.08,67.02,13-03-23-07-35-49-745
38.52,27.66,58.14,55.11,13-03-23-07-35-49-779
38.68,27.20,57.90,50.38,13-03-23-07-35-49-813
38.82,27.37,56.80,46.65,13-03-23-07-35-49-846
38.90,27.32,58.53,36.17,13-03-23-07-35-49-880
38.94,27.26,58.29,33.10,13-03-23-07-35-49-913
38.96,27.13,57.87,31.04,13-03-23-07-35-49-945
38.94,26.87,57.00,30.05,13-03-23-07-35-49-981
38.84,26.57,57.46,34.12,13-03-23-07-35-50-012
38.74,26.36,56.84,34.40,13-03-23-07-35-50-046
38.56,26.25,56.47,34.71,13-03-23-07-35-50-079
38.49,26.70,56.74,34.82,13-03-23-07-35-50-112
38.38,27.00,57.11,34.81,13-03-23-07-35-50-148
38.23,27.14,57.42,34.99,13-03-23-07-35-50-182
38.06,27.10,58.26,35.09,13-03-23-07-35-50-216
37.87,26.98,59.08,35.12,13-03-23-07-35-50-244
37.70,26.88,61.18,34.67,13-03-23-07-35-50-279
37.50,26.86,65.01,31.41,13-03-23-07-35-50-314
37.23,26.81,666.00,29.26,13-03-23-07-35-50-345
36.95,26.69,666.00,16.36,13-03-23-07-35-50-384
36.68,26.53,666.00,11.07,13-03-23-07-35-50-421
36.36,26.38,666.00,8.92,13-03-23-07-35-50-447
35.99,26.39,666.00,7.75,13-03-23-07-35-50-481
35.61,26.19,666.00,7.44,13-03-23-07-35-50-513
35.23,25.99,666.00,8.13,13-03-23-07-35-50-546
34.94,25.86,666.00,9.84,13-03-23-07-35-50-581
34.70,25.74,666.00,10.98,13-03-23-07-35-50-613
34.53,25.62,666.00,15.32,13-03-23-07-35-50-647
32.24,23.41,666.00,19.91,13-03-23-07-35-50-680
32.16,23.07,666.00,21.77,13-03-23-07-35-50-715
32.32,22.64,60.51,34.29,13-03-23-07-35-50-747
32.62,22.43,61.68,39.89,13-03-23-07-35-50-780
31.44,23.51,62.77,45.10,13-03-23-07-35-50-813
31.30,23.85,62.68,47.32,13-03-23-07-35-50-846
31.33,24.38,61.53,48.63,13-03-23-07-35-50-879
31.55,24.78,59.45,48.96,13-03-23-07-35-50-913
31.84,25.07,57.52,49.73,13-03-23-07-35-50-946
32.15,25.45,55.80,50.92,13-03-23-07-35-50-982
32.46,25.88,52.54,55.70,13-03-23-07-35-51-013
32.72,26.34,52.06,67.95,13-03-23-07-35-51-045
33.00,26.85,51.87,74.19,13-03-23-07-35-51-080
33.41,27.63,53.08,86.80,13-03-23-07-35-51-111
33.73,28.35,53.00,91.88,13-03-23-07-35-51-145
34.00,28.96,52.69,95.68,13-03-23-07-35-51-181
34.28,29.49,52.53,98.15,13-03-23-07-35-51-213
34.57,29.94,45.61,100.07,13-03-23-07-35-51-247
35.78,30.52,53.13,109.48,13-03-23-07-35-51-279
36.47,31.11,52.54,112.50,13-03-23-07-35-51-312
36.99,31.54,52.93,112.70,13-03-23-07-35-51-345
37.29,31.73,53.25,112.76,13-03-23-07-35-51-379
37.46,31.86,53.57,112.49,13-03-23-07-35-51-412
37.07,32.86,54.12,113.78,13-03-23-07-35-51-446
36.79,33.22,52.18,117.54,13-03-23-07-35-51-480
36.52,33.48,51.91,115.46,13-03-23-07-35-51-512
36.29,33.00,52.68,114.11,13-03-23-07-35-51-544
36.13,32.51,53.53,113.14,13-03-23-07-35-51-582
36.07,31.89,53.08,110.12,13-03-23-07-35-51-612
36.05,30.95,54.56,108.02,13-03-23-07-35-51-646
36.04,30.27,55.67,106.56,13-03-23-07-35-51-680
36.04,29.52,57.41,103.62,13-03-23-07-35-51-714
36.14,29.01,57.40,88.06,13-03-23-07-35-51-745
36.22,28.64,56.82,77.03,13-03-23-07-35-51-783
36.28,28.30,57.08,68.61,13-03-23-07-35-51-812
36.32,27.79,57.55,63.81,13-03-23-07-35-51-848
36.36,27.10,58.03,61.06,13-03-23-07-35-51-882
36.26,26.45,58.58,58.92,13-03-23-07-35-51-914
36.20,26.49,59.06,57.08,13-03-23-07-35-51-945
36.17,26.53,61.21,49.39,13-03-23-07-35-51-979
36.16,26.26,62.14,44.82,13-03-23-07-35-52-012
36.16,26.06,62.44,42.62,13-03-23-07-35-52-047
36.17,25.77,61.43,40.34,13-03-23-07-35-52-082
36.23,24.92,61.66,39.41,13-03-23-07-35-52-114
36.47,24.05,61.49,38.89,13-03-23-07-35-52-148
36.69,23.71,60.80,38.71,13-03-23-07-35-52-179
36.90,23.47,62.17,38.40,13-03-23-07-35-52-210
36.92,23.31,62.70,38.36,13-03-23-07-35-52-247
36.87,23.18,62.89,38.51,13-03-23-07-35-52-278
36.79,23.13,63.11,38.35,13-03-23-07-35-52-311
36.72,23.07,63.17,38.33,13-03-23-07-35-52-345
36.64,23.13,666.00,28.08,13-03-23-07-35-52-381
36.56,22.80,666.00,14.73,13-03-23-07-35-52-412
36.46,22.69,666.00,9.63,13-03-23-07-35-52-446
36.54,22.57,666.00,7.52,13-03-23-07-35-52-479
36.55,22.48,666.00,6.26,13-03-23-07-35-52-511
36.54,22.43,666.00,6.12,13-03-23-07-35-52-545
36.47,22.38,666.00,4.26,13-03-23-07-35-52-580
36.41,22.64,666.00,7.10,13-03-23-07-35-52-615
36.30,22.96,666.00,21.51,13-03-23-07-35-52-647
36.13,23.51,68.71,30.70,13-03-23-07-35-52-680
35.98,23.93,70.07,35.22,13-03-23-07-35-52-713
35.84,24.45,70.03,37.75,13-03-23-07-35-52-748
35.69,25.06,69.43,39.55,13-03-23-07-35-52-780
35.56,25.47,68.53,40.90,13-03-23-07-35-52-815
35.47,25.85,66.12,41.96,13-03-23-07-35-52-847
35.50,26.19,63.55,42.64,13-03-23-07-35-52-878
35.55,26.39,61.19,42.98,13-03-23-07-35-52-912
35.61,26.31,57.01,55.89,13-03-23-07-35-52-948
35.69,26.15,55.90,58.18,13-03-23-07-35-52-982
35.81,25.80,54.03,61.79,13-03-23-07-35-53-011
35.91,25.54,55.46,76.28,13-03-23-07-35-53-046
36.06,25.46,53.95,77.88,13-03-23-07-35-53-081
36.24,25.42,53.41,79.12,13-03-23-07-35-53-115
36.41,25.44,53.04,85.66,13-03-23-07-35-53-146
36.54,25.42,52.82,87.15,13-03-23-07-35-53-180
36.67,25.47,52.66,88.06,13-03-23-07-35-53-216
36.79,25.67,55.59,103.10,13-03-23-07-35-53-245
37.06,26.03,57.64,107.64,13-03-23-07-35-53-285
37.21,26.30,58.58,110.24,13-03-23-07-35-53-313
37.32,26.50,59.15,111.79,13-03-23-07-35-53-345
37.36,26.79,59.30,112.69,13-03-23-07-35-53-381
37.37,27.12,59.09,112.97,13-03-23-07-35-53-413
37.36,27.47,58.85,113.07,13-03-23-07-35-53-443
37.29,27.81,58.62,113.21,13-03-23-07-35-53-479
37.23,28.07,56.79,112.20,13-03-23-07-35-53-511
37.18,28.26,57.38,109.69,13-03-23-07-35-53-544
37.13,28.41,57.69,107.51,13-03-23-07-35-53-584
37.07,28.46,57.14,102.02,13-03-23-07-35-53-611
37.02,28.50,56.74,98.32,13-03-23-07-35-53-645
36.95,28.45,56.78,94.71,13-03-23-07-35-53-679
36.86,28.43,56.93,93.25,13-03-23-07-35-53-710
36.76,28.36,56.83,85.85,13-03-23-07-35-53-748
36.67,28.21,57.35,82.32,13-03-23-07-35-53-779
36.56,28.08,56.22,64.36,13-03-23-07-35-53-812
36.45,27.95,55.72,56.00,13-03-23-07-35-53-845
36.35,27.83,55.51,52.14,13-03-23-07-35-53-878
36.22,27.73,55.09,50.60,13-03-23-07-35-53-914
36.11,27.44,54.57,49.18,13-03-23-07-35-53-945
36.00,27.17,51.20,43.89,13-03-23-07-35-53-979
35.89,26.98,50.22,40.39,13-03-23-07-35-54-021
35.79,26.86,49.63,38.91,13-03-23-07-35-54-045
35.70,26.75,49.25,37.97,13-03-23-07-35-54-080
35.81,25.62,51.92,36.55,13-03-23-07-35-54-113
35.73,25.46,54.01,35.99,13-03-23-07-35-54-149
35.59,25.41,55.80,35.73,13-03-23-07-35-54-181
35.34,25.57,58.70,35.72,13-03-23-07-35-54-213
35.10,25.67,666.00,19.49,13-03-23-07-35-54-247
34.35,24.83,666.00,9.32,13-03-23-07-35-54-279
33.84,25.12,666.00,5.89,13-03-23-07-35-54-315
29.20,31.56,666.00,14.07,13-03-23-07-35-54-345
27.90,34.25,666.00,11.75,13-03-23-07-35-54-380
29.58,31.29,666.00,14.48,13-03-23-07-35-54-413
30.64,30.18,666.00,19.48,13-03-23-07-35-54-447
30.99,29.80,666.00,21.33,13-03-23-07-35-54-479
31.15,29.59,666.00,22.27,13-03-23-07-35-54-511
31.34,29.50,666.00,23.18,13-03-23-07-35-54-546
31.56,29.41,666.00,22.35,13-03-23-07-35-54-582
31.78,29.51,666.00,20.92,13-03-23-07-35-54-614
31.92,29.61,666.00,20.06,13-03-23-07-35-54-646
32.06,29.65,666.00,19.76,13-03-23-07-35-54-679
32.12,29.68,666.00,20.43,13-03-23-07-35-54-713
32.17,29.69,666.00,21.27,13-03-23-07-35-54-746
32.20,29.70,666.00,21.38,13-03-23-07-35-54-781
32.23,29.67,63.84,35.44,13-03-23-07-35-54-811
32.22,29.74,64.58,42.78,13-03-23-07-35-54-848
32.21,29.83,64.60,45.86,13-03-23-07-35-54-881
32.18,29.96,64.52,47.60,13-03-23-07-35-54-911
32.16,30.09,64.03,48.67,13-03-23-07-35-54-947
32.15,30.19,62.96,49.41,13-03-23-07-35-54-979
32.17,30.32,59.84,53.20,13-03-23-07-35-55-013
29.86,35.60,63.16,58.20,13-03-23-07-35-55-046
31.12,35.44,60.04,67.54,13-03-23-07-35-55-077
32.25,35.03,54.62,72.49,13-03-23-07-35-55-114
33.03,34.65,52.61,74.67,13-03-23-07-35-55-145
33.62,34.31,51.35,76.01,13-03-23-07-35-55-180
34.07,34.14,53.67,87.88,13-03-23-07-35-55-211
34.36,34.04,54.10,90.13,13-03-23-07-35-55-246
34.57,33.99,54.29,94.87,13-03-23-07-35-55-280
34.71,33.98,54.31,96.96,13-03-23-07-35-55-313
34.81,33.97,54.31,98.27,13-03-23-07-35-55-344
34.91,34.00,55.79,109.47,13-03-23-07-35-55-383
34.98,34.06,56.99,114.70,13-03-23-07-35-55-412
35.05,34.11,57.68,117.37,13-03-23-07-35-55-445
35.10,34.08,58.23,119.13,13-03-23-07-35-55-481
35.30,33.98,58.34,119.77,13-03-23-07-35-55-512
35.49,33.81,58.33,119.58,13-03-23-07-35-55-544
35.60,33.70,58.18,119.28,13-03-23-07-35-55-580
35.67,33.75,55.90,116.60,13-03-23-07-35-55-613
35.73,33.79,55.58,115.80,13-03-23-07-35-55-644
35.77,33.81,55.39,115.22,13-03-23-07-35-55-680
35.80,33.84,52.55,112.96,13-03-23-07-35-55-711
35.83,33.87,52.25,111.45,13-03-23-07-35-55-748
35.89,33.84,52.90,108.90,13-03-23-07-35-55-779
35.89,33.77,53.47,107.13,13-03-23-07-35-55-812
35.89,33.72,55.96,101.99,13-03-23-07-35-55-846
35.85,33.65,56.67,97.19,13-03-23-07-35-55-880
35.83,33.22,59.70,87.38,13-03-23-07-35-55-913
35.81,32.77,60.47,80.85,13-03-23-07-35-55-945
35.79,32.27,60.94,76.90,13-03-23-07-35-55-982
35.76,31.71,61.17,74.28,13-03-23-07-35-56-010
35.74,31.25,57.20,63.20,13-03-23-07-35-56-044
35.72,30.57,52.95,48.39,13-03-23-07-35-56-082
35.73,29.55,54.86,40.27,13-03-23-07-35-56-113
35.92,26.64,56.77,37.22,13-03-23-07-35-56-144
35.95,25.44,58.54,36.47,13-03-23-07-35-56-180
35.98,24.47,58.87,35.25,13-03-23-07-35-56-215
36.00,23.89,58.91,34.79,13-03-23-07-35-56-245
36.00,23.50,59.11,34.70,13-03-23-07-35-56-282
33.24,24.24,63.23,40.28,13-03-23-07-35-56-313
32.73,24.20,64.21,41.29,13-03-23-07-35-56-345
33.18,22.91,63.55,36.02,13-03-23-07-35-56-383
33.77,22.29,63.64,36.72,13-03-23-07-35-56-411
34.18,22.12,64.41,36.94,13-03-23-07-35-56-446
34.45,22.18,68.53,36.55,13-03-23-07-35-56-480
34.62,22.42,70.93,36.62,13-03-23-07-35-56-511
34.75,22.77,666.00,23.06,13-03-23-07-35-56-545
35.81,22.18,666.00,11.06,13-03-23-07-35-56-580
36.06,23.04,666.00,7.80,13-03-23-07-35-56-614
36.13,24.00,666.00,6.15,13-03-23-07-35-56-646
36.07,24.47,666.00,5.59,13-03-23-07-35-56-678
35.96,24.71,666.00,5.98,13-03-23-07-35-56-714
35.83,24.91,666.00,6.73,13-03-23-07-35-56-749
35.68,25.04,666.00,7.88,13-03-23-07-35-56-780
35.51,25.12,666.00,9.58,13-03-23-07-35-56-810
35.33,25.26,666.00,11.04,13-03-23-07-35-56-848
35.16,25.34,666.00,27.50,13-03-23-07-35-56-878
35.01,25.29,74.37,37.42,13-03-23-07-35-56-913
34.90,25.30,74.65,41.41,13-03-23-07-35-56-946
34.77,25.35,73.80,44.02,13-03-23-07-35-56-981
35.13,22.07,62.73,35.19,13-03-23-07-35-57-013
35.07,21.59,56.99,36.07,13-03-23-07-35-57-049
35.05,21.82,52.09,39.64,13-03-23-07-35-57-077
35.04,22.31,49.57,42.22,13-03-23-07-35-57-112
35.09,22.74,47.96,44.14,13-03-23-07-35-57-144
35.19,23.13,46.90,47.17,13-03-23-07-35-57-181
35.40,23.52,49.07,62.17,13-03-23-07-35-57-215
35.60,23.88,51.39,73.19,13-03-23-07-35-57-243
35.79,24.23,53.06,81.92,13-03-23-07-35-57-283
35.98,24.62,53.19,84.89,13-03-23-07-35-57-313
36.12,25.09,54.15,90.84,13-03-23-07-35-57-344
36.22,25.51,54.57,93.56,13-03-23-07-35-57-380
36.35,25.86,56.28,101.11,13-03-23-07-35-57-413
37.16,25.30,50.88,92.15,13-03-23-07-35-57-449
37.54,25.19,50.38,93.86,13-03-23-07-35-57-481
37.68,25.20,50.36,95.96,13-03-23-07-35-57-512
37.78,25.21,50.47,97.55,13-03-23-07-35-57-549
37.79,25.44,50.79,99.45,13-03-23-07-35-57-579
37.71,25.77,53.01,104.19,13-03-23-07-35-57-614
37.63,26.09,54.40,107.33,13-03-23-07-35-57-646
37.72,26.07,55.32,107.89,13-03-23-07-35-57-682
37.80,26.05,55.92,108.28,13-03-23-07-35-57-717
37.71,25.91,56.32,109.36,13-03-23-07-35-57-747
37.64,25.80,55.93,110.39,13-03-23-07-35-57-779
37.63,25.62,56.19,107.74,13-03-23-07-35-57-815
37.58,25.09,56.49,103.64,13-03-23-07-35-57-846
37.53,24.90,57.15,101.39,13-03-23-07-35-57-885
37.51,24.65,57.47,97.38,13-03-23-07-35-57-914
37.53,24.40,58.58,86.48,13-03-23-07-35-57-949
37.55,24.15,59.37,80.11,13-03-23-07-35-57-978
37.55,23.89,59.46,65.23,13-03-23-07-35-58-016
37.55,23.57,59.08,56.12,13-03-23-07-35-58-045
37.56,23.25,58.52,52.46,13-03-23-07-35-58-080
37.58,22.89,57.97,50.35,13-03-23-07-35-58-113
37.57,22.48,57.34,47.89,13-03-23-07-35-58-147
37.57,22.18,58.20,46.97,13-03-23-07-35-58-181
37.60,21.87,58.19,46.57,13-03-23-07-35-58-215
37.60,21.61,58.34,46.69,13-03-23-07-35-58-245
37.55,21.40,53.99,40.46,13-03-23-07-35-58-279
37.46,21.28,51.64,37.86,13-03-23-07-35-58-312
37.35,21.18,50.74,36.51,13-03-23-07-35-58-345
37.21,21.14,58.75,34.29,13-03-23-07-35-58-383
37.11,21.18,63.49,33.13,13-03-23-07-35-58-417
36.99,21.30,65.50,32.32,13-03-23-07-35-58-444
36.84,21.40,666.00,24.88,13-03-23-07-35-58-481
36.61,21.50,666.00,15.09,13-03-23-07-35-58-514
36.37,21.64,666.00,11.90,13-03-23-07-35-58-549
35.40,22.30,666.00,8.23,13-03-23-07-35-58-583
34.29,22.78,666.00,9.31,13-03-23-07-35-58-615
33.71,23.10,666.00,10.66,13-03-23-07-35-58-645
33.34,23.35,666.00,12.03,13-03-23-07-35-58-687
33.13,23.56,666.00,4.68,13-03-23-07-35-58-712
33.02,23.68,666.00,6.45,13-03-23-07-35-58-746
33.32,22.61,666.00,8.64,13-03-23-07-35-58-781
33.51,22.08,666.00,9.69,13-03-23-07-35-58-812
33.61,21.87,666.00,10.19,13-03-23-07-35-58-846
33.67,21.75,666.00,10.53,13-03-23-07-35-58-879
33.70,21.67,666.00,10.95,13-03-23-07-35-58-911
33.73,21.64,666.00,11.36,13-03-23-07-35-58-946
31.55,23.82,666.00,27.02,13-03-23-07-35-58-980
30.77,25.22,61.19,38.60,13-03-23-07-35-59-012
30.47,25.85,62.15,43.52,13-03-23-07-35-59-049
30.35,26.22,61.94,46.38,13-03-23-07-35-59-082
30.35,26.52,60.80,48.37,13-03-23-07-35-59-114
30.41,26.76,59.16,49.77,13-03-23-07-35-59-149
30.52,26.98,56.27,51.01,13-03-23-07-35-59-183
30.80,27.18,52.97,55.57,13-03-23-07-35-59-212
31.13,27.41,51.29,58.93,13-03-23-07-35-59-249
31.57,27.72,50.41,62.24,13-03-23-07-35-59-281
32.00,28.06,51.63,77.96,13-03-23-07-35-59-310
32.73,28.63,50.99,82.60,13-03-23-07-35-59-346
33.53,29.41,50.30,93.87,13-03-23-07-35-59-380
34.28,30.26,49.73,95.79,13-03-23-07-35-59-411
33.88,34.17,51.11,98.01,13-03-23-07-35-59-448
34.16,35.43,51.62,102.61,13-03-23-07-35-59-480
34.36,36.03,52.59,107.25,13-03-23-07-35-59-514
34.58,36.26,53.16,109.75,13-03-23-07-35-59-548
34.77,36.22,53.50,111.65,13-03-23-07-35-59-581
34.91,36.19,53.65,113.04,13-03-23-07-35-59-613
35.01,36.09,53.74,114.02,13-03-23-07-35-59-648
35.14,35.90,53.81,114.58,13-03-23-07-35-59-678
35.23,35.67,53.85,114.77,13-03-23-07-35-59-711
35.29,35.34,53.99,114.64,13-03-23-07-35-59-747
35.34,35.03,54.28,112.79,13-03-23-07-35-59-781
35.40,34.73,54.51,110.69,13-03-23-07-35-59-812
35.49,34.45,51.19,94.57,13-03-23-07-35-59-845
35.53,34.21,51.87,92.01,13-03-23-07-35-59-880
35.54,33.89,52.12,90.34,13-03-23-07-35-59-912
35.54,33.66,52.48,89.37,13-03-23-07-35-59-948
35.55,33.43,53.81,86.19,13-03-23-07-35-59-981
35.54,33.20,56.06,68.98,13-03-23-07-36-00-012
35.53,32.86,56.82,60.39,13-03-23-07-36-00-046
35.51,32.44,56.86,56.25,13-03-23-07-36-00-081
35.73,31.40,56.73,53.71,13-03-23-07-36-00-113
35.88,30.03,56.08,52.79,13-03-23-07-36-00-145
36.01,28.92,55.46,52.53,13-03-23-07-36-00-181
36.10,28.19,52.89,42.13,13-03-23-07-36-00-213
36.17,27.41,52.23,40.59,13-03-23-07-36-00-249
36.21,26.86,52.99,37.33,13-03-23-07-36-00-280
36.23,26.40,52.96,35.87,13-03-23-07-36-00-311
36.20,26.06,54.08,34.64,13-03-23-07-36-00-354
36.16,25.74,55.16,33.93,13-03-23-07-36-00-381
36.04,25.30,59.33,33.36,13-03-23-07-36-00-412
35.89,24.94,666.00,20.16,13-03-23-07-36-00-448
35.64,24.69,666.00,14.48,13-03-23-07-36-00-479
35.41,24.47,666.00,12.22,13-03-23-07-36-00-514
32.13,27.47,666.00,15.72,13-03-23-07-36-00-544
32.08,26.96,666.00,15.74,13-03-23-07-36-00-580
33.38,23.62,666.00,10.90,13-03-23-07-36-00-614
33.57,23.89,666.00,11.73,13-03-23-07-36-00-645
33.58,24.02,666.00,12.96,13-03-23-07-36-00-680
33.58,24.26,666.00,14.13,13-03-23-07-36-00-714
33.58,24.31,666.00,14.48,13-03-23-07-36-00-746
33.56,24.33,666.00,14.65,13-03-23-07-36-00-779
33.50,24.44,666.00,14.72,13-03-23-07-36-00-812
33.45,24.58,666.00,14.81,13-03-23-07-36-00-846
33.41,24.73,666.00,15.03,13-03-23-07-36-00-881
33.46,24.82,666.00,24.90,13-03-23-07-36-00-913
33.48,24.93,666.00,28.08,13-03-23-07-36-00-943
33.51,24.93,62.77,36.93,13-03-23-07-36-00-978
33.56,24.87,63.45,40.39,13-03-23-07-36-01-012
33.58,24.94,63.32,42.30,13-03-23-07-36-01-044
33.62,24.95,62.94,48.50,13-03-23-07-36-01-083
33.67,24.94,62.64,50.55,13-03-23-07-36-01-112
33.73,24.92,62.42,51.84,13-03-23-07-36-01-147
33.91,24.60,59.88,51.39,13-03-23-07-36-01-180
34.06,24.37,58.60,51.59,13-03-23-07-36-01-212
34.21,24.09,57.17,52.56,13-03-23-07-36-01-246
34.38,23.87,56.23,66.57,13-03-23-07-36-01-280
34.63,23.69,55.34,69.50,13-03-23-07-36-01-311
34.82,23.68,54.83,70.98,13-03-23-07-36-01-348
35.04,23.66,54.89,77.10,13-03-23-07-36-01-379
35.21,23.71,54.71,78.68,13-03-23-07-36-01-414
35.33,23.79,54.55,88.27,13-03-23-07-36-01-449
35.40,24.07,54.33,91.16,13-03-23-07-36-01-480
35.47,24.47,54.22,92.84,13-03-23-07-36-01-514
35.51,24.91,56.69,102.68,13-03-23-07-36-01-545
35.60,25.31,56.47,104.30,13-03-23-07-36-01-579
35.71,25.71,56.76,108.97,13-03-23-07-36-01-616
35.79,26.22,56.87,111.45,13-03-23-07-36-01-648
35.81,26.82,56.80,112.70,13-03-23-07-36-01-680
35.87,27.54,56.68,113.41,13-03-23-07-36-01-713
35.56,28.59,56.46,113.39,13-03-23-07-36-01-744
35.31,29.66,56.64,114.34,13-03-23-07-36-01-782
35.21,30.46,56.23,114.21,13-03-23-07-36-01-811
35.14,30.82,56.20,113.59,13-03-23-07-36-01-843
35.10,31.03,56.50,112.86,13-03-23-07-36-01-880
35.07,31.21,55.95,98.03,13-03-23-07-36-01-909
35.08,31.36,55.84,87.58,13-03-23-07-36-01-947
35.07,31.47,55.37,82.75,13-03-23-07-36-01-979
34.46,31.83,55.28,77.97,13-03-23-07-36-02-011
34.23,31.85,54.91,73.04,13-03-23-07-36-02-051
34.16,31.76,54.33,69.20,13-03-23-07-36-02-078
34.15,31.58,51.56,57.18,13-03-23-07-36-02-111
34.20,31.36,50.82,51.98,13-03-23-07-36-02-145
34.29,31.10,51.61,45.37,13-03-23-07-36-02-180
34.38,30.84,51.99,41.99,13-03-23-07-36-02-212
34.48,30.60,51.62,39.75,13-03-23-07-36-02-245
34.58,30.36,51.22,38.25,13-03-23-07-36-02-280
34.68,30.14,59.75,42.65,13-03-23-07-36-02-315
34.77,29.94,61.13,42.14,13-03-23-07-36-02-348
34.87,29.73,61.94,41.63,13-03-23-07-36-02-383
34.97,29.55,62.37,41.13,13-03-23-07-36-02-413
35.05,29.40,63.15,40.80,13-03-23-07-36-02-444
35.13,29.26,63.78,40.26,13-03-23-07-36-02-482
35.21,29.14,64.56,39.74,13-03-23-07-36-02-512
35.38,28.99,65.12,39.27,13-03-23-07-36-02-545
35.50,28.79,65.59,38.78,13-03-23-07-36-02-580
35.60,28.57,66.81,38.19,13-03-23-07-36-02-612
35.72,28.29,70.86,37.59,13-03-23-07-36-02-646
35.80,28.06,666.00,23.12,13-03-23-07-36-02-680
35.87,27.88,666.00,15.16,13-03-23-07-36-02-716
35.94,27.84,666.00,11.74,13-03-23-07-36-02-745
35.97,27.80,666.00,8.88,13-03-23-07-36-02-780
36.00,27.71,666.00,7.34,13-03-23-07-36-02-814
36.03,27.62,666.00,6.31,13-03-23-07-36-02-846
36.06,27.55,666.00,5.77,13-03-23-07-36-02-879
36.11,27.30,666.00,5.20,13-03-23-07-36-02-914
36.16,27.11,666.00,4.80,13-03-23-07-36-02-945
36.19,26.95,666.00,4.55,13-03-23-07-36-02-979
36.20,26.83,666.00,4.47,13-03-23-07-36-03-012
36.21,26.75,666.00,4.78,13-03-23-07-36-03-045
36.22,26.62,666.00,5.20,13-03-23-07-36-03-081
36.25,26.50,666.00,5.89,13-03-23-07-36-03-112
36.29,26.38,666.00,6.56,13-03-23-07-36-03-145
36.32,26.27,666.00,7.33,13-03-23-07-36-03-181
36.33,26.17,666.00,22.42,13-03-23-07-36-03-215
36.29,26.08,71.22,31.46,13-03-23-07-36-03-246
36.22,26.01,72.57,35.91,13-03-23-07-36-03-278
36.15,25.94,73.11,38.44,13-03-23-07-36-03-311
36.04,25.83,72.99,40.16,13-03-23-07-36-03-345
36.08,24.41,65.47,32.66,13-03-23-07-36-03-380
36.35,24.04,60.47,34.69,13-03-23-07-36-03-416
36.54,23.65,57.15,35.65,13-03-23-07-36-03-446
36.58,23.42,53.83,37.44,13-03-23-07-36-03-482
36.61,23.35,52.08,40.35,13-03-23-07-36-03-514
36.62,23.35,52.88,45.45,13-03-23-07-36-03-545
36.65,23.46,52.22,60.67,13-03-23-07-36-03-581
36.64,23.64,52.21,67.93,13-03-23-07-36-03-611
36.63,24.38,51.65,71.78,13-03-23-07-36-03-647
36.65,25.06,51.56,73.60,13-03-23-07-36-03-681
36.60,25.73,51.82,75.04,13-03-23-07-36-03-713
38.76,27.04,52.14,71.89,13-03-23-07-36-03-746
39.65,27.66,55.56,87.35,13-03-23-07-36-03-779
39.53,28.10,57.56,97.56,13-03-23-07-36-03-814
39.29,28.02,52.76,93.83,13-03-23-07-36-03-857
39.01,28.08,51.65,94.80,13-03-23-07-36-03-881
38.77,28.15,50.43,94.25,13-03-23-07-36-03-914
38.57,28.19,49.69,93.19,13-03-23-07-36-03-946
38.37,28.28,52.76,101.35,13-03-23-07-36-03-979
38.05,28.50,56.35,110.30,13-03-23-07-36-04-015
37.77,28.57,57.72,112.30,13-03-23-07-36-04-045
37.94,28.95,57.90,112.71,13-03-23-07-36-04-079
38.24,28.55,58.29,111.46,13-03-23-07-36-04-113
38.02,28.93,55.51,92.48,13-03-23-07-36-04-147
38.06,28.30,56.48,88.68,13-03-23-07-36-04-182
38.20,27.80,56.86,85.17,13-03-23-07-36-04-212
38.39,27.33,57.27,84.79,13-03-23-07-36-04-245
38.57,26.95,59.26,80.75,13-03-23-07-36-04-281
38.76,26.60,60.09,71.13,13-03-23-07-36-04-312
38.92,26.29,60.43,68.65,13-03-23-07-36-04-347
39.07,25.91,59.46,56.93,13-03-23-07-36-04-377
39.19,25.58,58.87,53.35,13-03-23-07-36-04-412
39.28,25.30,58.41,51.34,13-03-23-07-36-04-447
39.35,25.00,60.25,43.56,13-03-23-07-36-04-481
39.38,24.59,60.26,42.36,13-03-23-07-36-04-513
39.49,23.94,59.86,42.54,13-03-23-07-36-04-546
39.54,23.46,60.46,41.70,13-03-23-07-36-04-577
39.58,22.98,59.98,40.46,13-03-23-07-36-04-613
39.60,22.65,59.20,38.85,13-03-23-07-36-04-645
39.62,22.41,58.24,37.48,13-03-23-07-36-04-680
39.60,22.19,57.52,36.74,13-03-23-07-36-04-712
39.56,22.04,56.99,36.21,13-03-23-07-36-04-747
39.51,21.93,56.58,35.32,13-03-23-07-36-04-779
39.45,21.88,56.78,34.68,13-03-23-07-36-04-813
39.38,21.89,57.53,34.27,13-03-23-07-36-04-845
39.19,23.02,59.04,33.69,13-03-23-07-36-04-879
38.97,23.97,666.00,28.94,13-03-23-07-36-04-913
38.74,24.63,666.00,27.70,13-03-23-07-36-04-946
38.47,25.00,666.00,22.64,13-03-23-07-36-04-980
38.21,25.33,666.00,11.06,13-03-23-07-36-05-013
37.89,26.17,666.00,6.67,13-03-23-07-36-05-047
37.69,26.41,666.00,3.17,13-03-23-07-36-05-081
37.24,27.11,666.00,3.55,13-03-23-07-36-05-114
36.91,27.51,666.00,4.62,13-03-23-07-36-05-145
36.64,27.85,666.00,5.91,13-03-23-07-36-05-179
36.41,28.08,666.00,7.11,13-03-23-07-36-05-216
36.25,28.07,666.00,8.22,13-03-23-07-36-05-246
36.13,28.00,666.00,9.16,13-03-23-07-36-05-279
36.04,27.84,666.00,9.86,13-03-23-07-36-05-311
35.96,27.66,666.00,10.52,13-03-23-07-36-05-343
35.91,27.48,666.00,11.54,13-03-23-07-36-05-384
35.89,27.21,666.00,12.41,13-03-23-07-36-05-410
35.87,27.04,666.00,28.97,13-03-23-07-36-05-446
35.86,26.91,74.84,39.31,13-03-23-07-36-05-480
35.83,26.78,75.34,42.98,13-03-23-07-36-05-510
35.80,26.72,74.74,45.35,13-03-23-07-36-05-546
35.79,26.65,71.95,46.29,13-03-23-07-36-05-579
35.77,26.58,68.65,46.21,13-03-23-07-36-05-614
35.73,26.49,64.48,45.84,13-03-23-07-36-05-645
35.70,26.46,62.39,46.55,13-03-23-07-36-05-678
35.67,26.39,59.68,47.75,13-03-23-07-36-05-712
35.65,26.38,55.26,62.18,13-03-23-07-36-05-747
35.63,26.43,54.85,71.41,13-03-23-07-36-05-780
35.66,26.54,54.70,75.79,13-03-23-07-36-05-810
35.70,26.76,54.89,78.24,13-03-23-07-36-05-844
35.78,26.98,55.03,79.57,13-03-23-07-36-05-887
35.91,27.15,54.91,85.50,13-03-23-07-36-05-912
36.02,27.33,54.95,87.56,13-03-23-07-36-05-946
36.13,27.42,54.94,88.79,13-03-23-07-36-05-977
36.21,27.53,54.86,89.71,13-03-23-07-36-06-011
36.33,27.62,54.32,91.31,13-03-23-07-36-06-043
36.44,27.70,53.90,92.28,13-03-23-07-36-06-080
36.48,27.75,53.65,93.24,13-03-23-07-36-06-114
36.51,27.90,56.07,105.48,13-03-23-07-36-06-144
36.52,27.95,57.27,110.34,13-03-23-07-36-06-180
36.50,28.09,57.96,112.67,13-03-23-07-36-06-214
36.47,28.23,58.53,114.02,13-03-23-07-36-06-245
36.46,28.39,58.52,109.02,13-03-23-07-36-06-281
36.43,28.55,57.71,94.07,13-03-23-07-36-06-312
36.40,28.68,57.19,85.25,13-03-23-07-36-06-345
36.41,28.82,56.85,79.46,13-03-23-07-36-06-379
36.41,29.03,56.57,75.19,13-03-23-07-36-06-416
36.39,29.23,56.42,72.70,13-03-23-07-36-06-442
36.40,29.17,56.84,71.72,13-03-23-07-36-06-484
36.41,29.10,57.04,68.13,13-03-23-07-36-06-510
36.43,28.99,57.02,65.07,13-03-23-07-36-06-546
36.44,28.86,58.54,52.61,13-03-23-07-36-06-589
36.42,28.53,58.00,49.01,13-03-23-07-36-06-610
36.36,28.12,55.57,43.29,13-03-23-07-36-06-646
36.31,27.73,53.59,40.18,13-03-23-07-36-06-680
36.25,27.41,53.21,39.14,13-03-23-07-36-06-713
36.22,27.03,51.55,37.54,13-03-23-07-36-06-745
36.16,26.77,50.39,36.74,13-03-23-07-36-06-782
36.10,26.61,50.07,36.08,13-03-23-07-36-06-813
36.00,26.54,51.08,35.38,13-03-23-07-36-06-846
35.90,26.52,53.96,34.38,13-03-23-07-36-06-881
35.77,26.39,57.42,33.57,13-03-23-07-36-06-910
35.63,26.33,61.14,32.87,13-03-23-07-36-06-948
35.30,26.26,63.03,33.39,13-03-23-07-36-06-981
34.84,26.37,64.93,34.67,13-03-23-07-36-07-014
34.41,26.52,666.00,22.51,13-03-23-07-36-07-044
34.11,26.60,666.00,16.78,13-03-23-07-36-07-084
33.90,26.69,666.00,14.33,13-03-23-07-36-07-110
33.56,26.86,666.00,13.46,13-03-23-07-36-07-146
33.26,27.04,666.00,12.99,13-03-23-07-36-07-186
32.97,27.26,666.00,13.19,13-03-23-07-36-07-211
32.81,27.36,666.00,13.69,13-03-23-07-36-07-243
32.67,27.39,666.00,14.87,13-03-23-07-36-07-291
32.60,27.40,666.00,15.70,13-03-23-07-36-07-312
32.56,27.39,666.00,16.56,13-03-23-07-36-07-346
32.56,27.47,67.13,33.09,13-03-23-07-36-07-381
32.52,27.55,67.91,41.90,13-03-23-07-36-07-414
32.49,27.56,66.12,48.72,13-03-23-07-36-07-446
32.46,27.49,65.44,51.68,13-03-23-07-36-07-478
32.46,27.61,64.33,53.65,13-03-23-07-36-07-513
32.48,27.75,62.44,55.47,13-03-23-07-36-07-546
32.56,27.92,57.75,59.58,13-03-23-07-36-07-578
32.64,28.07,55.17,73.98,13-03-23-07-36-07-611
33.03,28.23,52.23,78.45,13-03-23-07-36-07-646
33.58,28.36,50.76,79.54,13-03-23-07-36-07-680
34.23,28.70,49.74,79.56,13-03-23-07-36-07-714
34.92,28.98,49.97,82.20,13-03-23-07-36-07-748
35.44,29.26,49.56,84.89,13-03-23-07-36-07-779
35.81,29.50,53.53,103.11,13-03-23-07-36-07-812
36.20,29.75,56.15,112.08,13-03-23-07-36-07-847
36.49,30.01,56.70,114.91,13-03-23-07-36-07-878
36.69,30.26,56.91,116.59,13-03-23-07-36-07-917
36.86,30.55,56.58,116.88,13-03-23-07-36-07-947
36.95,30.82,56.06,116.34,13-03-23-07-36-07-981
37.07,31.08,55.55,115.31,13-03-23-07-36-08-012
37.20,31.29,52.41,113.32,13-03-23-07-36-08-046
37.30,31.43,51.67,111.67,13-03-23-07-36-08-077
37.36,31.47,51.85,109.49,13-03-23-07-36-08-114
37.38,31.42,52.86,103.83,13-03-23-07-36-08-145
37.60,31.02,53.74,99.17,13-03-23-07-36-08-178
37.69,30.57,52.68,81.61,13-03-23-07-36-08-211
37.78,30.32,51.73,73.40,13-03-23-07-36-08-247
37.86,30.08,51.38,68.87,13-03-23-07-36-08-280
37.92,29.88,51.14,65.75,13-03-23-07-36-08-312
37.95,29.74,50.48,62.56,13-03-23-07-36-08-344
37.95,29.68,50.72,61.42,13-03-23-07-36-08-383
37.92,29.66,51.44,55.52,13-03-23-07-36-08-412
37.93,29.72,51.45,54.08,13-03-23-07-36-08-448
37.98,29.56,51.32,53.21,13-03-23-07-36-08-481
38.00,29.46,51.11,52.64,13-03-23-07-36-08-514
38.05,29.23,53.66,42.91,13-03-23-07-36-08-549
38.07,28.84,54.87,39.94,13-03-23-07-36-08-577
38.06,28.38,55.30,38.41,13-03-23-07-36-08-612
38.03,27.98,55.24,37.30,13-03-23-07-36-08-646
37.98,27.59,54.77,36.61,13-03-23-07-36-08-680
37.90,27.27,54.22,36.14,13-03-23-07-36-08-713
37.81,27.03,53.71,35.45,13-03-23-07-36-08-751
37.69,26.81,53.59,34.64,13-03-23-07-36-08-777
37.58,26.63,53.70,33.86,13-03-23-07-36-08-812
37.48,26.54,54.57,33.05,13-03-23-07-36-08-848
37.45,26.45,56.69,32.19,13-03-23-07-36-08-880
37.42,26.35,58.88,32.03,13-03-23-07-36-08-912
37.37,26.31,64.84,31.99,13-03-23-07-36-08-946
37.67,25.06,666.00,15.91,13-03-23-07-36-08-981
37.92,24.23,666.00,6.53,13-03-23-07-36-09-015
38.15,23.53,666.00,2.86,13-03-23-07-36-09-044
37.15,23.30,666.00,4.43,13-03-23-07-36-09-081
36.66,23.29,666.00,21.71,13-03-23-07-36-09-112
36.46,23.28,81.95,31.71,13-03-23-07-36-09-146
36.49,23.32,82.44,34.66,13-03-23-07-36-09-177
36.47,23.39,78.60,37.01,13-03-23-07-36-09-212
36.61,23.42,74.18,37.71,13-03-23-07-36-09-245
37.07,21.73,62.40,31.73,13-03-23-07-36-09-278
37.19,21.48,57.44,33.78,13-03-23-07-36-09-313
37.28,21.56,56.78,36.53,13-03-23-07-36-09-348
37.36,21.77,57.24,38.95,13-03-23-07-36-09-381
37.41,22.38,57.69,40.94,13-03-23-07-36-09-416
37.50,22.84,50.58,43.50,13-03-23-07-36-09-448
37.54,23.54,48.06,44.67,13-03-23-07-36-09-477
37.61,24.32,46.05,46.27,13-03-23-07-36-09-517
37.67,24.74,44.69,47.83,13-03-23-07-36-09-543
37.69,24.96,47.54,58.42,13-03-23-07-36-09-581
37.71,25.18,48.44,63.65,13-03-23-07-36-09-613
37.74,25.38,50.45,76.70,13-03-23-07-36-09-647
37.75,25.56,51.48,82.95,13-03-23-07-36-09-681
37.78,25.79,52.17,86.94,13-03-23-07-36-09-712
37.81,25.98,52.43,89.55,13-03-23-07-36-09-746
38.00,25.82,51.26,86.40,13-03-23-07-36-09-781
37.99,25.91,50.42,84.45,13-03-23-07-36-09-811
37.95,26.30,50.69,93.59,13-03-23-07-36-09-846
37.87,26.75,50.77,97.76,13-03-23-07-36-09-879
37.85,27.13,51.04,100.87,13-03-23-07-36-09-914
37.84,27.46,51.31,103.03,13-03-23-07-36-09-950
37.82,27.76,51.74,105.88,13-03-23-07-36-09-982
37.77,28.07,52.22,107.74,13-03-23-07-36-10-010
37.60,28.83,52.63,109.20,13-03-23-07-36-10-046
37.43,29.47,52.89,110.23,13-03-23-07-36-10-079
37.23,30.17,51.63,112.11,13-03-23-07-36-10-111
37.07,30.66,50.23,109.90,13-03-23-07-36-10-146
36.93,30.96,49.63,108.07,13-03-23-07-36-10-180
36.81,31.16,49.89,105.80,13-03-23-07-36-10-211
36.69,31.30,50.47,100.67,13-03-23-07-36-10-245
36.59,31.43,50.66,97.67,13-03-23-07-36-10-282
36.47,31.55,52.52,94.40,13-03-23-07-36-10-311
36.35,31.65,54.27,88.72,13-03-23-07-36-10-346
36.25,31.72,53.24,73.10,13-03-23-07-36-10-380
36.15,31.76,52.55,68.73,13-03-23-07-36-10-412
36.07,31.78,50.17,62.04,13-03-23-07-36-10-444
35.99,31.80,49.54,58.89,13-03-23-07-36-10-480
35.97,31.71,49.12,56.80,13-03-23-07-36-10-514
35.93,31.61,49.51,53.63,13-03-23-07-36-10-546
35.88,31.38,49.43,51.69,13-03-23-07-36-10-581
35.95,31.08,49.36,50.73,13-03-23-07-36-10-612
35.99,30.78,48.28,46.29,13-03-23-07-36-10-646
36.00,30.48,47.39,43.71,13-03-23-07-36-10-682
36.00,30.10,46.52,42.23,13-03-23-07-36-10-712
35.94,29.72,45.80,41.64,13-03-23-07-36-10-743
35.66,29.53,45.66,42.12,13-03-23-07-36-10-782
35.45,29.40,45.62,42.38,13-03-23-07-36-10-811
32.94,30.25,50.83,45.69,13-03-23-07-36-10-845
32.27,30.58,53.34,46.72,13-03-23-07-36-10-878
31.93,30.71,55.53,47.43,13-03-23-07-36-10-911
32.73,30.16,58.81,41.54,13-03-23-07-36-10-945
33.14,30.09,61.83,39.76,13-03-23-07-36-10-978
31.64,32.03,65.59,41.50,13-03-23-07-36-11-012
32.48,31.59,64.10,33.22,13-03-23-07-36-11-047
33.93,30.12,666.00,19.56,13-03-23-07-36-11-078
34.63,29.38,666.00,13.07,13-03-23-07-36-11-111
34.93,29.05,666.00,10.31,13-03-23-07-36-11-144
35.10,28.81,666.00,8.67,13-03-23-07-36-11-178
31.42,30.68,666.00,15.67,13-03-23-07-36-11-213
31.58,31.01,666.00,16.07,13-03-23-07-36-11-245
31.92,30.97,666.00,16.25,13-03-23-07-36-11-277
33.83,27.76,666.00,11.57,13-03-23-07-36-11-315
33.97,26.69,666.00,13.56,13-03-23-07-36-11-348
34.10,26.03,666.00,15.13,13-03-23-07-36-11-378
34.23,25.80,666.00,16.11,13-03-23-07-36-11-412
34.31,25.69,666.00,16.90,13-03-23-07-36-11-448
34.41,25.74,666.00,17.48,13-03-23-07-36-11-479
34.48,25.87,47.21,33.23,13-03-23-07-36-11-516
35.19,26.23,47.23,35.90,13-03-23-07-36-11-547
35.49,26.43,46.63,37.67,13-03-23-07-36-11-579
35.75,26.63,46.16,41.93,13-03-23-07-36-11-614
35.96,26.82,45.70,52.26,13-03-23-07-36-11-648
36.14,26.99,46.40,58.72,13-03-23-07-36-11-683
36.31,27.14,46.39,60.87,13-03-23-07-36-11-715
36.47,27.28,46.52,61.77,13-03-23-07-36-11-748
36.65,27.43,46.99,65.33,13-03-23-07-36-11-778
37.24,27.67,46.78,64.43,13-03-23-07-36-11-810
37.63,27.72,46.48,64.13,13-03-23-07-36-11-845
37.85,28.01,46.86,65.99,13-03-23-07-36-11-879
38.02,28.21,51.39,85.23,13-03-23-07-36-11-915
38.21,28.80,53.56,96.16,13-03-23-07-36-11-947
37.97,30.01,53.72,99.56,13-03-23-07-36-11-979
37.97,30.92,53.41,101.45,13-03-23-07-36-12-012
37.99,31.48,52.63,102.49,13-03-23-07-36-12-045
37.99,31.79,52.55,104.22,13-03-23-07-36-12-082
37.95,32.22,52.55,106.16,13-03-23-07-36-12-110
37.87,32.51,52.60,108.31,13-03-23-07-36-12-145
37.54,33.00,51.60,107.82,13-03-23-07-36-12-180
37.25,33.16,50.67,109.11,13-03-23-07-36-12-213
37.09,33.19,50.53,110.55,13-03-23-07-36-12-249
37.01,33.12,50.46,111.69,13-03-23-07-36-12-283
36.99,33.03,50.51,112.34,13-03-23-07-36-12-313
37.02,32.88,50.74,109.60,13-03-23-07-36-12-350
37.06,32.69,49.84,103.63,13-03-23-07-36-12-382
37.13,32.50,49.40,100.48,13-03-23-07-36-12-415
37.10,32.39,50.73,97.48,13-03-23-07-36-12-448
37.13,32.20,52.48,88.77,13-03-23-07-36-12-481
37.16,31.96,53.36,87.92,13-03-23-07-36-12-510
37.67,30.99,50.38,66.90,13-03-23-07-36-12-546
38.00,30.38,47.23,53.42,13-03-23-07-36-12-587
38.13,30.01,45.76,48.89,13-03-23-07-36-12-611
38.20,29.82,44.60,45.82,13-03-23-07-36-12-649
38.19,29.66,44.30,45.22,13-03-23-07-36-12-680
38.04,29.48,44.15,42.41,13-03-23-07-36-12-713
37.87,29.27,43.90,41.59,13-03-23-07-36-12-749
37.72,29.10,43.62,41.40,13-03-23-07-36-12-780
37.50,29.07,43.48,41.43,13-03-23-07-36-12-814
37.28,29.12,43.37,41.61,13-03-23-07-36-12-845
37.04,29.22,43.47,41.70,13-03-23-07-36-12-883
36.81,29.28,43.76,41.80,13-03-23-07-36-12-915
36.60,29.02,44.93,41.10,13-03-23-07-36-12-946
36.38,28.96,48.44,39.24,13-03-23-07-36-12-980
36.19,28.93,52.28,37.72,13-03-23-07-36-13-013
36.03,28.93,55.90,36.50,13-03-23-07-36-13-047
35.90,28.98,58.01,36.11,13-03-23-07-36-13-082
35.74,29.24,666.00,20.87,13-03-23-07-36-13-113
35.58,29.44,666.00,13.69,13-03-23-07-36-13-146
35.48,29.59,666.00,11.71,13-03-23-07-36-13-180
35.37,29.69,666.00,10.27,13-03-23-07-36-13-213
35.28,29.73,666.00,9.65,13-03-23-07-36-13-245
35.22,29.66,666.00,9.84,13-03-23-07-36-13-278
35.18,29.60,666.00,10.53,13-03-23-07-36-13-311
35.12,29.52,666.00,11.49,13-03-23-07-36-13-347
35.09,29.45,666.00,12.66,13-03-23-07-36-13-379
35.00,29.39,666.00,13.96,13-03-23-07-36-13-411
34.94,29.32,666.00,15.17,13-03-23-07-36-13-445
34.84,29.27,666.00,15.98,13-03-23-07-36-13-482
34.69,29.57,666.00,16.81,13-03-23-07-36-13-513
34.42,29.89,53.75,32.26,13-03-23-07-36-13-546
34.24,30.11,55.71,41.70,13-03-23-07-36-13-579
34.10,30.15,55.90,45.67,13-03-23-07-36-13-613
33.96,30.12,55.21,48.75,13-03-23-07-36-13-648
33.87,30.07,54.26,50.86,13-03-23-07-36-13-679
33.84,30.09,53.41,53.47,13-03-23-07-36-13-712
33.83,30.09,52.36,56.56,13-03-23-07-36-13-749
33.86,30.11,49.03,70.87,13-03-23-07-36-13-781
34.00,30.07,47.26,76.97,13-03-23-07-36-13-811
34.25,30.01,46.47,79.79,13-03-23-07-36-13-845
34.54,32.07,47.10,75.11,13-03-23-07-36-13-880
35.00,32.56,47.02,75.20,13-03-23-07-36-13-913
35.24,32.82,49.70,91.89,13-03-23-07-36-13-946
35.43,33.00,51.23,101.15,13-03-23-07-36-13-979
35.63,33.07,52.22,107.22,13-03-23-07-36-14-013
36.01,33.27,52.61,110.81,13-03-23-07-36-14-045
36.34,33.43,52.87,113.71,13-03-23-07-36-14-080
36.55,33.51,53.07,115.92,13-03-23-07-36-14-114
36.68,33.53,53.20,117.05,13-03-23-07-36-14-145
36.75,33.53,53.25,117.59,13-03-23-07-36-14-186
36.80,33.49,53.19,117.79,13-03-23-07-36-14-215
36.94,32.95,53.00,118.73,13-03-23-07-36-14-244
37.01,32.66,48.72,113.72,13-03-23-07-36-14-280
37.02,32.45,44.34,104.11,13-03-23-07-36-14-313
37.07,32.23,42.75,99.26,13-03-23-07-36-14-344
37.08,32.10,42.08,96.64,13-03-23-07-36-14-379
37.11,31.86,43.43,95.61,13-03-23-07-36-14-413
37.15,31.62,47.51,96.58,13-03-23-07-36-14-446
37.76,30.62,48.44,93.21,13-03-23-07-36-14-480
38.12,29.91,49.42,90.93,13-03-23-07-36-14-515
38.35,29.35,50.68,88.79,13-03-23-07-36-14-547
38.48,27.27,53.65,87.06,13-03-23-07-36-14-582
38.52,26.10,56.48,81.33,13-03-23-07-36-14-613
38.53,25.36,58.15,77.25,13-03-23-07-36-14-645
38.51,24.92,59.03,72.75,13-03-23-07-36-14-682
38.44,24.62,59.81,70.98,13-03-23-07-36-14-711
38.32,24.42,59.82,52.77,13-03-23-07-36-14-744
38.18,24.31,58.69,40.52,13-03-23-07-36-14-779
38.09,24.80,58.41,36.48,13-03-23-07-36-14-814
37.97,25.22,56.32,33.55,13-03-23-07-36-14-846
37.79,25.43,55.27,31.67,13-03-23-07-36-14-876
37.63,25.58,54.50,30.60,13-03-23-07-36-14-911
37.44,25.71,53.99,30.30,13-03-23-07-36-14-945
37.29,25.83,53.66,30.33,13-03-23-07-36-14-979
37.11,25.97,53.79,30.84,13-03-23-07-36-15-019
36.97,26.02,54.89,31.59,13-03-23-07-36-15-045
36.81,26.19,55.66,32.10,13-03-23-07-36-15-078
36.63,26.46,56.69,32.59,13-03-23-07-36-15-113
36.42,26.72,666.00,21.69,13-03-23-07-36-15-146
36.24,26.93,666.00,16.43,13-03-23-07-36-15-178
36.07,27.16,666.00,13.87,13-03-23-07-36-15-214
35.80,27.35,666.00,12.51,13-03-23-07-36-15-244
35.50,27.56,666.00,11.94,13-03-23-07-36-15-277
35.24,27.72,666.00,11.61,13-03-23-07-36-15-313
33.79,27.97,666.00,16.12,13-03-23-07-36-15-346
33.72,27.91,666.00,16.13,13-03-23-07-36-15-384
33.70,27.92,666.00,16.13,13-03-23-07-36-15-413
33.69,27.94,666.00,16.14,13-03-23-07-36-15-447
33.62,27.72,666.00,16.27,13-03-23-07-36-15-484
33.57,27.64,666.00,16.40,13-03-23-07-36-15-511
33.53,27.68,666.00,16.62,13-03-23-07-36-15-549
33.47,27.71,666.00,17.12,13-03-23-07-36-15-579
33.40,27.76,666.00,17.64,13-03-23-07-36-15-613
33.34,27.80,666.00,18.24,13-03-23-07-36-15-645
33.31,27.86,666.00,18.97,13-03-23-07-36-15-680
33.31,27.92,51.10,36.83,13-03-23-07-36-15-714
33.34,27.96,50.47,46.71,13-03-23-07-36-15-748
33.38,28.01,49.73,50.97,13-03-23-07-36-15-779
33.56,28.17,49.13,53.21,13-03-23-07-36-15-824
33.88,28.51,48.76,54.39,13-03-23-07-36-15-846
34.18,28.87,48.64,59.45,13-03-23-07-36-15-881
34.48,29.18,48.48,61.82,13-03-23-07-36-15-913
35.06,29.92,48.92,63.62,13-03-23-07-36-15-946
35.60,30.31,49.48,65.11,13-03-23-07-36-15-980
36.10,30.74,50.47,81.42,13-03-23-07-36-16-012
36.45,31.06,53.01,98.18,13-03-23-07-36-16-048
36.71,31.38,53.74,104.66,13-03-23-07-36-16-079
36.93,31.73,52.73,113.00,13-03-23-07-36-16-114
37.10,31.91,52.50,114.84,13-03-23-07-36-16-145
37.23,32.00,52.49,116.11,13-03-23-07-36-16-179
37.30,32.09,53.04,117.16,13-03-23-07-36-16-213
37.37,32.10,52.89,117.74,13-03-23-07-36-16-248
37.42,32.10,52.42,118.03,13-03-23-07-36-16-278
37.45,32.08,52.19,118.22,13-03-23-07-36-16-315
37.47,32.06,50.71,123.20,13-03-23-07-36-16-344
37.47,32.02,50.33,122.58,13-03-23-07-36-16-380
37.53,32.06,50.09,123.04,13-03-23-07-36-16-415
37.66,31.99,51.01,121.15,13-03-23-07-36-16-445
37.86,31.91,52.01,118.92,13-03-23-07-36-16-480
38.07,31.68,52.79,116.51,13-03-23-07-36-16-513
38.25,31.52,53.69,113.55,13-03-23-07-36-16-544
38.46,30.95,55.88,108.33,13-03-23-07-36-16-579
38.64,30.59,56.55,104.73,13-03-23-07-36-16-615
38.79,30.40,56.50,100.01,13-03-23-07-36-16-659
38.86,30.28,56.03,95.96,13-03-23-07-36-16-679
38.87,30.35,56.90,77.26,13-03-23-07-36-16-712
38.78,30.58,57.29,74.86,13-03-23-07-36-16-748
38.67,30.84,57.19,57.32,13-03-23-07-36-16-780
38.55,30.95,57.20,53.84,13-03-23-07-36-16-812
38.40,30.76,57.32,51.31,13-03-23-07-36-16-845
38.27,30.49,57.30,49.90,13-03-23-07-36-16-883
38.20,30.07,56.79,49.66,13-03-23-07-36-16-911
38.22,29.70,56.73,49.45,13-03-23-07-36-16-949
38.28,29.55,56.03,49.26,13-03-23-07-36-16-977
38.43,29.76,55.60,45.63,13-03-23-07-36-17-015
38.61,29.80,55.21,44.05,13-03-23-07-36-17-045
38.76,29.75,54.13,39.46,13-03-23-07-36-17-079
38.83,29.61,53.09,37.07,13-03-23-07-36-17-112
38.90,29.46,52.30,35.78,13-03-23-07-36-17-145
39.06,28.55,52.32,34.96,13-03-23-07-36-17-179
39.20,27.63,52.62,34.49,13-03-23-07-36-17-212
39.14,27.06,53.90,33.68,13-03-23-07-36-17-245
38.93,26.79,55.00,33.35,13-03-23-07-36-17-277
38.54,26.48,56.47,33.30,13-03-23-07-36-17-310
38.07,26.53,58.02,33.16,13-03-23-07-36-17-347
37.58,26.62,64.13,33.07,13-03-23-07-36-17-381
37.13,26.56,67.67,33.06,13-03-23-07-36-17-412
36.74,26.66,69.53,33.14,13-03-23-07-36-17-450
36.39,26.87,666.00,18.98,13-03-23-07-36-17-479
36.12,27.17,666.00,11.74,13-03-23-07-36-17-517
35.88,27.62,666.00,9.06,13-03-23-07-36-17-546
35.66,27.91,666.00,7.52,13-03-23-07-36-17-579
35.44,28.05,666.00,6.66,13-03-23-07-36-17-612
35.32,27.53,666.00,6.37,13-03-23-07-36-17-645
35.18,27.08,666.00,6.91,13-03-23-07-36-17-683
35.03,26.70,666.00,7.83,13-03-23-07-36-17-712
34.92,26.36,666.00,8.79,13-03-23-07-36-17-746
34.83,26.12,666.00,9.63,13-03-23-07-36-17-778
34.76,25.93,666.00,10.37,13-03-23-07-36-17-811
34.70,25.59,666.00,10.95,13-03-23-07-36-17-844
34.65,25.27,666.00,11.29,13-03-23-07-36-17-881
34.59,25.07,666.00,0.84,13-03-23-07-36-17-911
34.58,24.98,666.00,2.92,13-03-23-07-36-17-947
34.53,25.02,666.00,5.31,13-03-23-07-36-17-980
34.47,24.97,666.00,5.13,13-03-23-07-36-18-015
34.41,24.80,666.00,4.75,13-03-23-07-36-18-043
34.35,24.71,666.00,4.36,13-03-23-07-36-18-079
34.26,24.48,666.00,3.57,13-03-23-07-36-18-112
34.14,24.21,666.00,6.76,13-03-23-07-36-18-147
33.96,23.71,666.00,8.26,13-03-23-07-36-18-177
33.77,23.24,666.00,8.96,13-03-23-07-36-18-213
33.54,22.77,666.00,9.20,13-03-23-07-36-18-246
33.26,22.22,666.00,9.02,13-03-23-07-36-18-279
32.61,22.14,666.00,7.74,13-03-23-07-36-18-314
31.91,22.26,666.00,6.18,13-03-23-07-36-18-344
31.32,22.39,666.00,4.97,13-03-23-07-36-18-392
30.75,22.30,666.00,4.13,13-03-23-07-36-18-413
30.03,22.47,666.00,3.78,13-03-23-07-36-18-448
29.18,21.37,666.00,5.20,13-03-23-07-36-18-480
28.43,20.82,666.00,5.77,13-03-23-07-36-18-511
27.85,20.18,666.00,6.47,13-03-23-07-36-18-547
27.32,19.83,666.00,7.03,13-03-23-07-36-18-579
28.26,14.52,666.00,11.92,13-03-23-07-36-18-612
27.85,12.27,666.00,13.72,13-03-23-07-36-18-645
24.53,16.21,666.00,9.36,13-03-23-07-36-18-680
22.93,18.91,666.00,5.45,13-03-23-07-36-18-713
22.13,19.53,666.00,4.69,13-03-23-07-36-18-745
19.76,20.91,666.00,3.96,13-03-23-07-36-18-780
18.60,20.83,666.00,4.27,13-03-23-07-36-18-811
17.89,21.13,666.00,4.28,13-03-23-07-36-18-847
17.42,21.21,666.00,4.26,13-03-23-07-36-18-877
20.19,11.61,666.00,10.34,13-03-23-07-36-18-911
20.89,10.46,666.00,16.00,13-03-23-07-36-18-950
22.35,11.58,666.00,17.71,13-03-23-07-36-18-979
22.92,9.39,666.00,20.57,13-03-23-07-36-19-012
26.23,1.92,666.00,29.81,13-03-23-07-36-19-044
26.68,-6.65,-48.54,32.92,13-03-23-07-36-19-079
27.03,-9.77,-46.42,33.89,13-03-23-07-36-19-113
26.03,-4.63,-53.08,33.68,13-03-23-07-36-19-144
18.99,7.40,666.00,22.57,13-03-23-07-36-19-177
16.02,13.76,666.00,16.76,13-03-23-07-36-19-212
15.45,16.20,666.00,14.89,13-03-23-07-36-19-246
15.23,17.22,666.00,14.17,13-03-23-07-36-19-287
15.42,16.92,666.00,14.17,13-03-23-07-36-19-311
17.56,8.72,666.00,18.45,13-03-23-07-36-19-345
18.16,7.04,666.00,18.85,13-03-23-07-36-19-381
18.77,5.68,666.00,19.72,13-03-23-07-36-19-411
25.86,-7.95,-47.38,35.40,13-03-23-07-36-19-446
25.85,-7.13,-47.57,34.24,13-03-23-07-36-19-480
24.97,-5.31,-47.97,31.44,13-03-23-07-36-19-513
23.52,-13.83,-38.61,30.91,13-03-23-07-36-19-546
18.35,-4.62,666.00,22.41,13-03-23-07-36-19-581
17.65,0.30,666.00,19.04,13-03-23-07-36-19-613
17.31,4.80,666.00,20.29,13-03-23-07-36-19-644
17.10,8.25,666.00,20.18,13-03-23-07-36-19-680
17.09,10.68,666.00,19.93,13-03-23-07-36-19-714
17.94,9.93,666.00,15.96,13-03-23-07-36-19-744
18.87,8.57,666.00,18.04,13-03-23-07-36-19-779
19.22,8.08,666.00,19.44,13-03-23-07-36-19-816
19.48,7.61,666.00,17.95,13-03-23-07-36-19-843
19.71,6.16,666.00,17.86,13-03-23-07-36-19-879
19.94,4.97,666.00,17.81,13-03-23-07-36-19-915
20.15,4.40,666.00,20.31,13-03-23-07-36-19-948
20.32,3.97,666.00,20.23,13-03-23-07-36-19-982
20.45,3.68,666.00,20.44,13-03-23-07-36-20-014
20.52,3.49,666.00,20.55,13-03-23-07-36-20-048
20.56,3.38,666.00,20.52,13-03-23-07-36-20-080
20.56,3.27,666.00,21.67,13-03-23-07-36-20-113
20.53,3.14,666.00,22.33,13-03-23-07-36-20-147
20.32,2.78,666.00,21.19,13-03-23-07-36-20-179
18.32,4.97,666.00,19.78,13-03-23-07-36-20-212
17.17,6.45,666.00,18.92,13-03-23-07-36-20-246
16.41,7.61,666.00,18.33,13-03-23-07-36-20-279
15.81,8.51,666.00,17.89,13-03-23-07-36-20-314
17.56,4.81,666.00,19.99,13-03-23-07-36-20-343
18.40,3.31,666.00,19.65,13-03-23-07-36-20-384
18.55,4.04,666.00,20.02,13-03-23-07-36-20-412
17.77,6.89,666.00,19.37,13-03-23-07-36-20-447
17.19,1.99,666.00,19.78,13-03-23-07-36-20-479
16.36,5.84,666.00,19.38,13-03-23-07-36-20-897
15.98,7.93,666.00,18.40,13-03-23-07-36-20-913
15.76,8.82,666.00,20.42,13-03-23-07-36-20-947
15.57,9.43,666.00,21.33,13-03-23-07-36-20-981
15.48,9.94,666.00,21.46,13-03-23-07-36-21-011
15.43,10.37,666.00,21.61,13-03-23-07-36-21-052
15.34,10.25,666.00,21.57,13-03-23-07-36-21-080
15.26,9.20,666.00,21.80,13-03-23-07-36-21-112
15.24,9.02,666.00,20.41,13-03-23-07-36-21-147
15.20,8.72,666.00,17.90,13-03-23-07-36-21-178
15.25,9.12,666.00,17.64,13-03-23-07-36-21-212
16.97,6.95,666.00,18.21,13-03-23-07-36-21-242
17.32,6.67,666.00,18.71,13-03-23-07-36-21-279
17.67,6.59,666.00,19.40,13-03-23-07-36-21-313
17.92,6.97,666.00,18.13,13-03-23-07-36-21-342
