15.41,33.61,666.00,16.69,20-04-23-08-28-53-950
15.38,33.75,666.00,16.64,20-04-23-08-28-53-957
15.36,33.87,666.00,16.60,20-04-23-08-28-53-992
15.34,34.01,666.00,16.55,20-04-23-08-28-54-023
15.31,34.15,666.00,16.49,20-04-23-08-28-54-057
15.29,34.25,666.00,16.44,20-04-23-08-28-54-092
15.26,34.39,666.00,16.42,20-04-23-08-28-54-125
15.26,34.58,666.00,16.37,20-04-23-08-28-54-157
15.24,34.75,666.00,16.36,20-04-23-08-28-54-190
15.23,34.90,666.00,16.35,20-04-23-08-28-54-228
15.22,35.04,666.00,16.32,20-04-23-08-28-54-258
15.22,35.21,666.00,16.28,20-04-23-08-28-54-292
15.22,35.36,666.00,16.24,20-04-23-08-28-54-323
15.23,35.49,666.00,16.21,20-04-23-08-28-54-357
15.24,35.56,666.00,16.20,20-04-23-08-28-54-391
15.23,35.59,666.00,16.20,20-04-23-08-28-54-424
15.23,35.61,666.00,16.20,20-04-23-08-28-54-457
15.22,35.61,666.00,16.20,20-04-23-08-28-54-492
15.22,35.65,666.00,16.19,20-04-23-08-28-54-524
15.22,35.66,666.00,16.19,20-04-23-08-28-54-555
15.22,35.67,666.00,16.18,20-04-23-08-28-54-591
15.22,35.68,666.00,16.18,20-04-23-08-28-54-623
15.22,35.69,666.00,16.19,20-04-23-08-28-54-654
15.21,35.70,666.00,16.19,20-04-23-08-28-54-690
15.20,35.71,666.00,16.20,20-04-23-08-28-54-723
15.20,35.73,666.00,16.20,20-04-23-08-28-54-754
15.20,35.76,666.00,16.20,20-04-23-08-28-54-793
15.21,35.89,666.00,16.17,20-04-23-08-28-54-821
15.24,36.04,666.00,16.15,20-04-23-08-28-54-856
15.27,36.19,666.00,16.12,20-04-23-08-28-54-890
15.30,36.34,666.00,16.08,20-04-23-08-28-54-927
15.32,36.45,666.00,16.07,20-04-23-08-28-54-955
15.35,36.58,666.00,16.05,20-04-23-08-28-54-992
15.39,36.72,666.00,16.04,20-04-23-08-28-55-022
15.43,36.85,666.00,16.04,20-04-23-08-28-55-056
15.56,37.08,666.00,16.26,20-04-23-08-28-55-091
15.72,37.32,666.00,16.75,20-04-23-08-28-55-124
16.05,37.58,666.00,17.92,20-04-23-08-28-55-156
16.49,37.75,666.00,19.63,20-04-23-08-28-55-191
17.25,37.78,666.00,24.28,20-04-23-08-28-55-223
18.40,37.81,666.00,28.41,20-04-23-08-28-55-256
19.67,37.76,0.68,30.36,20-04-23-08-28-55-291
20.98,37.73,0.82,32.92,20-04-23-08-28-55-325
22.24,37.87,1.75,36.83,20-04-23-08-28-55-356
23.47,38.30,2.05,39.01,20-04-23-08-28-55-390
24.71,39.20,2.39,39.98,20-04-23-08-28-55-424
25.58,39.82,3.30,41.67,20-04-23-08-28-55-457
26.31,40.52,4.28,43.29,20-04-23-08-28-55-489
27.08,41.48,6.02,45.83,20-04-23-08-28-55-524
27.84,42.81,7.20,46.37,20-04-23-08-28-55-554
28.58,44.45,8.23,46.17,20-04-23-08-28-55-588
29.03,45.86,9.32,45.78,20-04-23-08-28-55-621
29.30,47.11,10.45,45.43,20-04-23-08-28-55-657
28.89,49.25,13.07,47.79,20-04-23-08-28-55-689
28.48,51.01,15.49,50.59,20-04-23-08-28-55-722
28.08,52.50,17.58,52.86,20-04-23-08-28-55-755
27.66,54.20,19.73,55.20,20-04-23-08-28-55-789
27.33,55.49,21.30,57.15,20-04-23-08-28-55-823
26.41,57.09,23.21,60.22,20-04-23-08-28-55-857
25.66,58.16,24.56,64.01,20-04-23-08-28-55-889
25.10,58.89,25.48,66.90,20-04-23-08-28-55-923
24.68,59.37,26.07,69.83,20-04-23-08-28-55-958
23.88,59.45,26.54,72.15,20-04-23-08-28-55-991
22.87,59.31,26.94,74.73,20-04-23-08-28-56-023
21.88,59.06,27.19,79.31,20-04-23-08-28-56-057
11.10,38.38,26.17,94.06,20-04-23-08-28-56-091
10.34,35.63,26.38,96.62,20-04-23-08-28-56-123
26.27,45.63,19.97,79.05,20-04-23-08-28-56-156
28.46,48.29,20.87,80.39,20-04-23-08-28-56-188
30.23,49.71,21.34,80.49,20-04-23-08-28-56-221
31.06,50.47,22.01,81.05,20-04-23-08-28-56-258
31.32,51.14,22.93,81.93,20-04-23-08-28-56-289
31.11,51.72,24.02,83.02,20-04-23-08-28-56-323
30.60,52.18,24.89,84.03,20-04-23-08-28-56-354
29.42,52.27,26.06,85.45,20-04-23-08-28-56-389
29.90,51.23,26.03,83.57,20-04-23-08-28-56-422
28.01,50.21,26.74,84.51,20-04-23-08-28-56-456
27.19,50.12,27.33,84.93,20-04-23-08-28-56-489
23.19,46.07,27.75,88.29,20-04-23-08-28-56-524
16.21,30.69,27.95,95.27,20-04-23-08-28-56-558
14.09,21.51,28.14,97.89,20-04-23-08-28-56-595
13.13,15.64,28.27,99.26,20-04-23-08-28-56-626
12.61,11.23,28.34,100.14,20-04-23-08-28-56-661
12.34,7.64,28.35,100.75,20-04-23-08-28-56-704
16.33,34.46,28.77,93.24,20-04-23-08-28-56-729
19.24,43.11,29.25,89.49,20-04-23-08-28-56-762
26.97,54.94,29.95,83.59,20-04-23-08-28-56-788
36.57,57.35,27.82,72.00,20-04-23-08-28-56-821
40.10,57.94,25.56,67.76,20-04-23-08-28-56-856
34.16,61.03,23.66,78.06,20-04-23-08-28-56-889
34.65,62.76,17.92,71.78,20-04-23-08-28-56-920
26.79,68.99,18.11,69.30,20-04-23-08-28-56-956
25.03,73.25,18.70,68.95,20-04-23-08-28-56-991
24.08,75.55,18.77,68.70,20-04-23-08-28-57-022
23.45,77.17,18.60,68.66,20-04-23-08-28-57-055
31.13,46.85,-4.75,63.80,20-04-23-08-28-57-088
39.67,42.18,-21.96,68.45,20-04-23-08-28-57-123
44.07,44.12,-28.59,69.33,20-04-23-08-28-57-157
45.97,45.60,-32.08,70.68,20-04-23-08-28-57-188
46.49,48.19,-37.09,72.51,20-04-23-08-28-57-226
45.86,51.61,-36.23,71.65,20-04-23-08-28-57-256
44.69,55.12,-34.81,71.83,20-04-23-08-28-57-290
43.72,57.81,-44.72,73.60,20-04-23-08-28-57-322
42.97,59.85,-49.67,73.80,20-04-23-08-28-57-355
41.99,63.72,-51.28,72.09,20-04-23-08-28-57-390
41.65,66.11,-53.61,71.58,20-04-23-08-28-57-425
41.39,67.33,-56.43,72.17,20-04-23-08-28-57-458
41.20,68.24,-58.65,72.71,20-04-23-08-28-57-491
40.98,68.67,-60.62,73.74,20-04-23-08-28-57-522
40.77,68.83,-63.69,76.04,20-04-23-08-28-57-554
40.54,69.05,-65.48,77.56,20-04-23-08-28-57-594
40.16,69.00,-66.68,79.10,20-04-23-08-28-57-622
39.78,69.03,-67.93,80.90,20-04-23-08-28-57-657
39.42,69.03,-70.10,83.23,20-04-23-08-28-57-691
39.07,69.01,-71.27,84.80,20-04-23-08-28-57-726
38.22,69.92,-71.51,85.51,20-04-23-08-28-57-756
37.61,70.43,-72.14,86.42,20-04-23-08-28-57-792
36.99,71.12,-74.43,87.96,20-04-23-08-28-57-822
36.64,71.30,-74.88,88.47,20-04-23-08-28-57-855
36.45,70.94,-75.18,89.19,20-04-23-08-28-57-891
36.34,70.30,-75.54,90.41,20-04-23-08-28-57-922
36.29,69.68,-74.77,90.03,20-04-23-08-28-57-955
36.26,69.15,-74.79,89.79,20-04-23-08-28-57-994
36.10,69.21,-74.93,88.15,20-04-23-08-28-58-021
35.87,69.53,-74.79,87.09,20-04-23-08-28-58-055
35.65,69.82,-74.40,86.42,20-04-23-08-28-58-091
35.73,68.75,-74.25,86.48,20-04-23-08-28-58-123
35.84,67.79,-74.02,86.16,20-04-23-08-28-58-157
35.93,66.90,-73.23,85.95,20-04-23-08-28-58-190
35.97,66.46,-72.02,86.73,20-04-23-08-28-58-223
36.00,66.14,-71.15,87.32,20-04-23-08-28-58-257
36.03,65.91,-70.25,87.37,20-04-23-08-28-58-290
36.04,65.74,-69.26,87.26,20-04-23-08-28-58-324
36.06,65.61,-67.89,86.55,20-04-23-08-28-58-357
36.07,65.48,-66.67,85.56,20-04-23-08-28-58-392
36.09,65.33,-65.70,84.61,20-04-23-08-28-58-423
36.10,65.18,-64.68,83.54,20-04-23-08-28-58-458
35.95,65.65,-63.08,82.20,20-04-23-08-28-58-490
35.91,65.57,-61.72,81.05,20-04-23-08-28-58-523
35.86,65.55,-60.06,79.83,20-04-23-08-28-58-555
35.76,65.62,-58.72,78.53,20-04-23-08-28-58-592
35.70,65.85,-55.55,76.18,20-04-23-08-28-58-622
35.69,65.18,-52.21,74.67,20-04-23-08-28-58-655
35.77,64.38,-49.44,73.69,20-04-23-08-28-58-691
35.97,63.57,-47.98,73.42,20-04-23-08-28-58-722
36.47,62.57,-45.06,72.50,20-04-23-08-28-58-756
36.85,60.60,-42.34,72.74,20-04-23-08-28-58-791
37.12,57.74,-40.25,74.07,20-04-23-08-28-58-823
37.34,55.64,-38.83,75.13,20-04-23-08-28-58-855
37.41,52.82,-37.82,76.76,20-04-23-08-28-58-889
37.35,47.22,-34.39,79.38,20-04-23-08-28-58-921
37.42,43.91,-32.14,80.87,20-04-23-08-28-58-955
37.71,42.37,-30.89,81.34,20-04-23-08-28-58-990
37.76,39.83,-29.77,82.56,20-04-23-08-28-59-022
37.83,38.33,-28.25,83.33,20-04-23-08-28-59-058
37.98,37.50,-22.37,81.29,20-04-23-08-28-59-089
38.31,37.68,-20.12,79.19,20-04-23-08-28-59-125
38.65,38.38,-15.41,77.13,20-04-23-08-28-59-156
38.84,39.19,-14.81,75.36,20-04-23-08-28-59-191
38.95,40.23,-14.33,73.60,20-04-23-08-28-59-222
37.51,31.79,-2.68,89.54,20-04-23-08-28-59-258
37.07,28.85,2.10,95.48,20-04-23-08-28-59-290
35.79,26.55,5.37,99.24,20-04-23-08-28-59-323
26.45,35.29,9.30,96.72,20-04-23-08-28-59-356
22.65,41.38,16.04,85.21,20-04-23-08-28-59-390
21.11,44.61,20.85,78.57,20-04-23-08-28-59-424
20.23,46.75,24.32,76.15,20-04-23-08-28-59-456
19.89,47.31,27.08,75.76,20-04-23-08-28-59-490
19.31,45.60,29.69,77.36,20-04-23-08-28-59-524
13.58,18.14,30.92,89.08,20-04-23-08-28-59-555
12.60,-0.44,32.29,94.50,20-04-23-08-28-59-591
12.64,-9.83,33.45,97.17,20-04-23-08-28-59-625
16.54,-50.64,33.86,107.31,20-04-23-08-28-59-654
13.71,-31.15,34.83,99.10,20-04-23-08-28-59-691
13.89,-32.52,35.25,99.35,20-04-23-08-28-59-724
13.76,-30.70,35.53,98.91,20-04-23-08-28-59-757
13.39,-24.99,35.20,95.29,20-04-23-08-28-59-788
13.75,-7.70,34.39,88.48,20-04-23-08-28-59-823
15.26,6.56,32.79,80.09,20-04-23-08-28-59-855
17.87,16.59,30.55,69.11,20-04-23-08-28-59-888
19.93,21.04,26.84,60.00,20-04-23-08-28-59-921
