Timestamp,Kinect_LeftShoulder_Ext.-Flex.,Kinect_LeftShoulder_Abd.-Add.,Kinect_LeftShoulder_Int.-Ext.,Kinect_LeftElbow_Ext.-Flex.,Kinect_RightShoulder_Ext.-Flex.,Kinect_RightShoulder_Abd.-Add.,Kinect_RightShoulder_Int.-Ext.,Kinect_RightElbow_Ext.-Flex.,96.92,3.07,15:56:53:470,666.00,6.58
97.21,2.97,15:56:54:019,666.00,5.63
94.04,3.58,15:56:55:261,666.00,9.45
93.91,3.67,15:56:55:706,666.00,9.30
94.64,2.65,15:56:55:922,666.00,7.31
94.91,2.88,15:56:56:072,666.00,8.27
94.93,3.02,15:56:56:193,666.00,8.36
94.95,3.22,15:56:56:313,666.00,8.91
94.99,3.37,15:56:56:442,666.00,8.76
95.00,3.47,15:56:56:567,666.00,8.59
95.20,3.49,15:56:56:685,666.00,8.65
95.32,3.58,15:56:56:811,666.00,9.13
95.45,3.37,15:56:56:934,666.00,8.42
95.47,3.13,15:56:57:055,666.00,8.56
95.60,2.68,15:56:57:176,666.00,8.03
95.99,2.03,15:56:57:301,666.00,6.30
95.99,2.08,15:56:57:424,666.00,6.20
95.85,2.33,15:56:57:540,666.00,7.09
95.54,2.03,15:56:57:660,666.00,7.58
94.46,2.34,15:56:57:782,666.00,8.98
94.12,2.39,15:56:57:902,666.00,9.50
95.04,2.20,15:56:58:022,666.00,8.67
95.32,2.09,15:56:58:139,666.00,5.61
96.41,2.69,15:56:58:257,666.00,7.70
96.69,3.21,15:56:58:382,666.00,6.28
96.49,3.92,15:56:58:501,666.00,8.32
96.22,4.12,15:56:58:624,666.00,8.73
96.12,3.86,15:56:58:744,666.00,8.91
95.92,3.11,15:56:58:861,666.00,8.32
95.87,3.12,15:56:58:992,666.00,8.75
95.68,2.83,15:56:59:110,666.00,8.31
95.38,2.62,15:56:59:225,666.00,7.97
94.65,2.62,15:56:59:346,666.00,9.12
93.79,1.84,15:56:59:479,666.00,9.73
93.11,1.82,15:56:59:600,666.00,9.61
92.78,2.01,15:56:59:727,666.00,10.10
92.64,2.07,15:56:59:847,666.00,10.28
92.76,2.11,15:56:59:967,666.00,10.68
93.04,1.71,15:57:00:114,666.00,10.91
93.12,1.81,15:57:00:232,666.00,15.10
93.26,1.90,15:57:00:366,666.00,18.11
93.57,1.38,15:57:00:501,666.00,25.93
94.98,0.45,15:57:00:624,86.47,33.44
95.32,0.37,15:57:00:745,85.66,35.98
96.14,0.92,15:57:00:866,82.74,43.28
96.39,1.15,15:57:00:989,80.52,53.22
96.51,0.38,15:57:01:119,87.79,59.87
96.31,-0.24,15:57:01:239,95.27,69.17
98.13,-1.19,15:57:01:365,101.41,77.63
99.22,-1.41,15:57:01:489,101.87,84.43
99.49,-0.90,15:57:01:610,98.11,88.05
100.97,0.16,15:57:01:746,90.79,92.43
101.59,0.12,15:57:01:872,90.56,98.04
102.26,-0.13,15:57:02:006,90.61,101.96
102.33,-0.08,15:57:02:131,89.29,106.47
101.93,0.02,15:57:02:259,85.79,112.83
101.83,0.23,15:57:02:375,85.32,114.95
101.07,0.91,15:57:02:491,82.19,117.25
101.01,1.05,15:57:02:613,81.78,118.14
101.09,1.41,15:57:02:732,79.99,118.60
101.45,1.19,15:57:02:855,80.69,109.50
102.03,0.54,15:57:02:972,86.17,97.83
101.37,0.52,15:57:03:094,88.47,84.55
101.82,0.27,15:57:03:223,92.54,72.04
100.83,-0.96,15:57:03:351,100.75,64.74
100.68,-1.01,15:57:03:473,99.34,55.81
100.55,-0.66,15:57:03:596,97.45,46.79
101.04,-0.61,15:57:03:728,96.66,36.98
101.05,-0.25,15:57:03:847,94.80,30.83
101.13,-0.22,15:57:03:972,666.00,22.97
98.78,0.15,15:57:04:100,666.00,18.63
99.32,-0.11,15:57:04:225,666.00,14.28
99.13,0.04,15:57:04:348,666.00,8.02
98.81,-0.33,15:57:04:463,666.00,6.66
98.43,-0.50,15:57:04:594,666.00,4.58
97.53,1.10,15:57:04:723,666.00,7.89
97.31,0.83,15:57:04:846,666.00,9.83
97.06,-0.60,15:57:04:961,666.00,16.79
97.79,-0.01,15:57:05:088,666.00,27.47
99.08,-0.37,15:57:05:213,93.89,33.89
98.99,-0.09,15:57:05:340,93.50,45.33
98.45,-0.14,15:57:05:463,95.80,57.95
98.38,-0.46,15:57:05:584,98.74,66.75
99.18,0.24,15:57:05:717,92.79,75.63
98.77,0.05,15:57:05:846,92.50,86.35
99.45,0.20,15:57:05:967,91.09,96.27
100.13,-0.03,15:57:06:096,92.54,101.94
100.79,-0.29,15:57:06:226,91.85,104.90
101.17,-0.10,15:57:06:355,90.22,107.20
101.27,0.60,15:57:06:490,85.75,113.63
101.18,1.39,15:57:06:619,80.97,118.11
101.32,1.21,15:57:06:746,81.85,119.46
101.17,1.12,15:57:06:863,81.69,117.99
101.18,0.03,15:57:06:990,87.77,104.03
100.97,-0.55,15:57:07:112,94.51,93.63
99.63,-1.21,15:57:07:249,101.43,80.60
99.19,-2.05,15:57:07:381,110.27,67.44
99.07,-1.92,15:57:07:510,108.70,57.21
99.66,-1.08,15:57:07:630,102.65,46.57
100.98,-0.83,15:57:07:759,97.80,32.37
100.38,-0.91,15:57:07:900,666.00,25.50
99.32,-0.65,15:57:08:030,666.00,18.50
100.04,0.75,15:57:08:157,666.00,8.92
99.54,1.00,15:57:08:282,666.00,6.08
97.70,1.16,15:57:08:411,666.00,7.83
97.21,0.94,15:57:08:530,666.00,7.87
97.27,1.21,15:57:08:661,666.00,8.83
96.56,0.32,15:57:08:786,666.00,14.85
97.08,-0.20,15:57:08:908,666.00,25.57
98.18,-0.46,15:57:09:030,98.95,39.94
98.50,0.08,15:57:09:181,96.73,54.05
98.52,0.00,15:57:09:324,98.73,68.67
99.12,0.23,15:57:09:450,95.27,83.85
99.60,0.52,15:57:09:566,91.90,93.98
101.24,1.35,15:57:09:694,84.51,101.20
102.49,1.24,15:57:09:839,85.61,105.62
102.71,1.29,15:57:09:963,84.55,112.54
102.52,1.34,15:57:10:085,83.31,117.40
102.73,1.36,15:57:10:204,83.72,118.54
102.49,1.51,15:57:10:328,81.44,119.49
102.67,0.95,15:57:10:462,85.04,105.70
101.78,0.22,15:57:10:590,89.95,90.62
100.33,0.19,15:57:10:709,93.50,80.49
99.62,-0.49,15:57:10:834,102.31,67.23
99.05,-0.26,15:57:10:967,99.05,54.78
99.49,0.05,15:57:11:097,94.78,43.08
100.93,-0.03,15:57:11:224,666.00,29.55
101.57,0.25,15:57:11:346,666.00,21.20
103.23,1.49,15:57:11:470,666.00,8.74
101.51,0.62,15:57:11:596,666.00,4.00
99.70,-0.15,15:57:11:727,666.00,6.80
98.94,-0.16,15:57:11:844,666.00,6.49
98.98,-0.31,15:57:11:964,666.00,5.77
99.00,-0.53,15:57:12:092,666.00,7.75
98.83,-0.52,15:57:12:216,666.00,8.06
98.69,-1.04,15:57:12:345,666.00,9.32
96.37,-0.79,15:57:12:461,666.00,17.03
96.90,-1.22,15:57:12:579,666.00,23.07
98.46,-1.38,15:57:12:697,99.19,34.24
98.55,-1.67,15:57:12:818,104.49,42.30
98.25,-1.99,15:57:12:955,107.66,53.06
97.65,-2.64,15:57:13:082,115.07,61.64
97.91,-2.82,15:57:13:211,117.07,71.32
97.33,-3.00,15:57:13:338,119.08,81.46
97.01,-3.23,15:57:13:457,120.45,90.75
97.37,-3.22,15:57:13:596,116.81,98.94
98.45,-3.52,15:57:13:733,114.12,104.70
99.42,-3.46,15:57:13:855,109.57,114.18
99.59,-3.34,15:57:13:983,107.80,116.73
99.34,-3.23,15:57:14:109,106.80,118.84
99.21,-3.26,15:57:14:254,107.19,118.89
99.05,-3.84,15:57:14:387,114.43,107.41
98.10,-4.55,15:57:14:506,125.33,91.34
97.53,-4.76,15:57:14:633,131.44,76.90
97.00,-5.03,15:57:14:752,135.61,63.81
97.71,-4.67,15:57:14:879,132.11,53.52
98.71,-3.81,15:57:15:011,123.07,40.96
99.52,-2.84,15:57:15:127,666.00,28.51
99.02,-2.28,15:57:15:247,666.00,20.50
99.34,-1.49,15:57:15:362,666.00,13.57
100.32,-0.56,15:57:15:485,666.00,6.83
100.09,-0.50,15:57:15:621,666.00,5.85
99.56,-0.41,15:57:15:742,666.00,6.49
99.25,-0.25,15:57:15:861,666.00,6.38
98.65,0.02,15:57:15:976,666.00,7.26
97.68,0.10,15:57:16:102,666.00,11.74
97.41,-0.97,15:57:16:248,666.00,25.51
97.96,-1.38,15:57:16:379,107.53,34.73
98.00,-1.31,15:57:16:507,108.36,46.65
98.28,-1.74,15:57:16:622,110.56,58.48
98.45,-1.76,15:57:16:750,112.25,65.85
99.60,-1.16,15:57:16:885,106.05,76.78
98.55,-0.89,15:57:17:013,102.52,85.05
99.42,-0.09,15:57:17:148,94.55,92.99
100.48,-0.74,15:57:17:276,94.40,102.44
101.18,-1.03,15:57:17:424,96.78,103.64
101.56,-1.08,15:57:17:551,96.62,108.01
101.49,-0.82,15:57:17:683,94.37,114.31
101.46,-0.51,15:57:17:820,92.35,115.74
101.54,-1.02,15:57:17:942,95.09,112.82
101.03,-2.27,15:57:18:080,103.22,98.83
99.15,-3.04,15:57:18:204,113.25,86.67
98.97,-3.36,15:57:18:337,118.10,74.20
98.48,-3.84,15:57:18:460,123.20,64.51
98.55,-3.49,15:57:18:575,120.54,57.26
99.15,-2.89,15:57:18:699,116.84,47.06
99.28,-2.52,15:57:18:823,114.37,36.54
99.07,-1.65,15:57:18:955,666.00,25.83
98.79,-0.59,15:57:19:076,666.00,19.99
99.47,0.52,15:57:19:198,666.00,11.70
99.46,0.77,15:57:19:327,666.00,8.17
98.21,0.01,15:57:19:446,666.00,5.69
97.48,0.45,15:57:19:579,666.00,6.38
97.78,0.15,15:57:19:699,666.00,6.04
97.85,0.17,15:57:19:819,666.00,6.38
96.98,0.77,15:57:19:936,666.00,8.57
96.21,0.49,15:57:20:059,666.00,16.05
96.06,0.06,15:57:20:183,666.00,20.12
97.57,0.02,15:57:20:314,97.77,32.23
97.77,0.14,15:57:20:445,94.26,42.65
98.27,0.05,15:57:20:582,97.55,53.85
98.30,-0.70,15:57:20:717,103.72,64.64
99.09,-0.88,15:57:20:847,104.12,73.15
99.84,-1.96,15:57:20:976,109.92,79.94
99.70,-2.17,15:57:21:109,110.03,87.42
99.75,-2.50,15:57:21:226,109.46,94.90
100.20,-2.90,15:57:21:361,109.43,100.80
100.34,-3.09,15:57:21:492,110.32,107.45
100.35,-3.17,15:57:21:618,109.68,109.11
101.02,-2.83,15:57:21:744,104.92,112.79
101.31,-2.39,15:57:21:868,102.39,114.29
101.26,-2.31,15:57:21:994,101.33,116.51
101.03,-2.25,15:57:22:129,101.54,117.30
100.86,-2.15,15:57:22:258,100.67,118.46
100.77,-2.15,15:57:22:385,100.70,117.94
100.79,-1.96,15:57:22:506,101.25,108.66
100.58,-3.04,15:57:22:627,109.07,100.51
100.34,-2.91,15:57:22:745,111.10,91.42
99.51,-2.67,15:57:22:876,113.03,81.26
100.40,-1.78,15:57:23:003,109.75,69.07
100.38,-1.78,15:57:23:136,109.85,60.34
100.96,-1.56,15:57:23:255,106.87,49.62
101.06,-1.48,15:57:23:377,107.05,41.02
102.53,-1.15,15:57:23:499,101.58,30.62
103.09,-0.98,15:57:23:623,666.00,23.16
102.81,-0.63,15:57:23:757,666.00,11.96
102.63,0.18,15:57:23:894,666.00,4.63
100.92,0.12,15:57:24:019,666.00,6.31
100.59,-0.08,15:57:24:149,666.00,6.33
100.55,-0.35,15:57:24:275,666.00,6.14
100.11,-0.20,15:57:24:391,666.00,6.99
100.04,-0.35,15:57:24:513,666.00,7.26
99.53,-0.76,15:57:24:640,666.00,9.90
98.60,-1.72,15:57:24:763,666.00,22.53
99.45,-2.25,15:57:24:894,103.55,34.52
99.33,-1.96,15:57:25:024,106.86,43.75
99.37,-1.95,15:57:25:149,108.37,51.93
99.30,-1.88,15:57:25:276,109.50,63.24
99.47,-1.66,15:57:25:396,107.30,75.51
99.02,-1.03,15:57:25:527,102.64,82.60
99.15,-0.67,15:57:25:667,99.38,92.28
99.73,-1.20,15:57:25:794,99.53,102.07
100.22,-1.92,15:57:25:924,101.97,109.42
100.62,-1.84,15:57:26:047,100.60,111.96
101.22,-0.61,15:57:26:173,92.38,114.89
100.91,-0.34,15:57:26:297,91.53,116.95
100.77,-0.02,15:57:26:420,89.82,119.08
100.87,0.22,15:57:26:537,88.69,119.02
100.69,-0.63,15:57:26:661,92.98,111.32
100.35,-1.55,15:57:26:803,101.57,102.86
99.55,-1.87,15:57:26:944,106.98,92.05
98.91,-1.97,15:57:27:075,110.99,79.70
98.81,-2.31,15:57:27:207,114.46,70.07
98.57,-2.42,15:57:27:325,114.88,61.71
98.41,-1.87,15:57:27:458,109.52,51.89
98.26,-1.49,15:57:27:576,107.21,45.76
98.37,-1.25,15:57:27:714,103.94,36.67
98.48,-0.87,15:57:27:849,666.00,25.85
97.79,-0.89,15:57:27:972,666.00,18.50
97.03,-0.55,15:57:28:096,666.00,13.24
96.50,-0.04,15:57:28:218,666.00,7.19
95.86,-0.10,15:57:28:346,666.00,6.89
95.81,-0.20,15:57:28:477,666.00,5.79
95.48,-0.49,15:57:28:596,666.00,5.64
95.30,-0.78,15:57:28:711,666.00,5.53
95.18,-1.02,15:57:28:846,666.00,9.00
95.16,-1.07,15:57:28:966,666.00,8.10
94.97,-1.09,15:57:29:094,666.00,10.11
94.54,-1.38,15:57:29:216,666.00,12.62
93.89,-1.43,15:57:29:341,666.00,22.51
94.03,-1.92,15:57:29:468,118.50,33.78
94.34,-2.05,15:57:29:594,120.41,44.06
94.44,-1.99,15:57:29:732,120.29,55.40
93.90,-2.38,15:57:29:863,128.95,66.30
94.00,-2.99,15:57:29:991,135.55,72.22
93.84,-3.65,15:57:30:146,141.69,86.09
94.12,-3.82,15:57:30:278,139.95,94.27
94.88,-4.14,15:57:30:414,134.69,103.59
96.22,-4.83,15:57:30:533,132.61,105.95
97.16,-5.15,15:57:30:655,127.31,112.41
98.07,-5.60,15:57:30:785,123.92,117.90
97.92,-4.99,15:57:30:918,121.35,118.73
97.93,-4.78,15:57:31:045,119.11,116.43
97.79,-5.46,15:57:31:163,129.21,101.65
97.45,-5.34,15:57:31:280,129.66,95.58
96.30,-5.81,15:57:31:407,141.03,86.08
96.15,-5.44,15:57:31:528,140.99,76.75
95.67,-5.67,15:57:31:645,146.00,70.54
95.44,-5.38,15:57:31:768,144.64,61.23
96.09,-5.27,15:57:31:890,141.97,49.63
97.44,-4.34,15:57:32:009,130.51,40.50
98.05,-3.85,15:57:32:139,666.00,27.11
97.52,-2.95,15:57:32:263,666.00,20.14
97.53,-2.30,15:57:32:388,666.00,12.80
97.75,-2.15,15:57:32:502,666.00,5.83
96.80,-1.47,15:57:32:624,666.00,5.40
96.38,-1.71,15:57:32:752,666.00,6.12
96.01,-1.50,15:57:32:885,666.00,6.91
95.31,-1.72,15:57:33:008,666.00,8.93
94.64,-2.68,15:57:33:124,666.00,15.87
94.24,-3.18,15:57:33:245,666.00,22.63
94.60,-3.41,15:57:33:370,133.93,35.57
95.07,-3.12,15:57:33:488,130.51,46.41
95.30,-2.83,15:57:33:606,127.67,53.89
95.45,-2.89,15:57:33:734,126.97,64.33
95.85,-2.77,15:57:33:866,125.67,74.52
96.04,-2.70,15:57:33:988,121.55,86.50
96.33,-2.85,15:57:34:117,120.95,93.71
97.24,-3.49,15:57:34:246,117.69,102.72
98.30,-3.80,15:57:34:370,119.39,108.80
98.89,-3.29,15:57:34:493,109.52,115.87
98.69,-3.33,15:57:34:624,110.75,118.27
98.72,-3.30,15:57:34:755,110.94,119.12
98.90,-2.93,15:57:34:877,108.74,114.76
98.15,-4.10,15:57:34:999,118.95,103.35
96.98,-5.03,15:57:35:122,130.34,92.94
96.31,-5.28,15:57:35:250,136.86,83.77
95.93,-5.68,15:57:35:396,142.85,73.87
95.06,-6.08,15:57:35:519,149.27,62.36
95.46,-5.65,15:57:35:638,144.16,55.48
96.11,-5.09,15:57:35:755,139.02,46.27
96.77,-4.94,15:57:35:882,135.92,39.74
97.12,-4.28,15:57:36:005,130.18,31.43
96.82,-3.69,15:57:36:128,666.00,22.48
96.67,-2.91,15:57:36:252,666.00,14.40
97.22,-2.30,15:57:36:380,666.00,10.00
96.95,-2.37,15:57:36:531,666.00,4.94
96.31,-2.23,15:57:36:649,666.00,5.22
95.84,-2.06,15:57:36:771,666.00,5.64
95.43,-2.16,15:57:36:898,666.00,6.14
94.97,-2.55,15:57:37:019,666.00,7.12
94.71,-2.67,15:57:37:159,666.00,8.32
94.30,-2.96,15:57:37:294,666.00,16.42
94.15,-3.33,15:57:37:423,666.00,25.21
94.61,-3.44,15:57:37:541,130.70,37.20
94.76,-3.15,15:57:37:663,128.47,46.84
94.79,-3.07,15:57:37:798,127.82,60.44
94.93,-3.17,15:57:37:922,129.45,74.07
95.18,-2.86,15:57:38:043,124.75,85.15
95.67,-2.24,15:57:38:163,116.82,95.13
96.63,-1.96,15:57:38:287,111.13,106.37
97.42,-2.08,15:57:38:412,109.67,108.84
97.75,-1.90,15:57:38:533,105.94,113.06
98.17,-1.44,15:57:38:657,100.06,118.59
98.53,-1.49,15:57:38:786,99.46,119.72
98.54,-1.50,15:57:38:904,99.69,119.17
98.64,-1.62,15:57:39:024,101.14,112.43
98.87,-2.10,15:57:39:160,104.50,100.82
98.74,-2.10,15:57:39:275,107.98,91.12
98.95,-2.07,15:57:39:391,109.20,78.53
99.14,-2.57,15:57:39:518,113.34,67.74
98.86,-2.38,15:57:39:648,111.26,61.45
98.79,-1.93,15:57:39:779,107.19,51.43
99.08,-2.33,15:57:39:900,109.00,41.39
99.48,-2.56,15:57:40:031,666.00,29.39
99.13,-2.59,15:57:40:164,666.00,19.10
98.87,-2.38,15:57:40:290,666.00,11.47
98.68,-2.15,15:57:40:416,666.00,6.95
97.08,-1.52,15:57:40:539,666.00,7.61
96.39,-1.75,15:57:40:663,666.00,5.23
96.08,-1.76,15:57:40:786,666.00,5.49
95.78,-1.82,15:57:40:912,666.00,5.35
95.72,-2.11,15:57:41:039,666.00,6.31
95.56,-2.26,15:57:41:163,666.00,6.22
95.54,-2.55,15:57:41:294,666.00,6.40
95.55,-2.93,15:57:41:420,666.00,7.90
95.39,-3.03,15:57:41:545,666.00,10.42
95.19,-3.26,15:57:41:677,666.00,16.66
95.49,-3.31,15:57:41:799,666.00,26.28
96.75,-3.18,15:57:41:924,120.48,35.13
97.07,-2.98,15:57:42:053,120.96,45.30
97.15,-2.98,15:57:42:176,120.91,57.56
97.33,-2.53,15:57:42:304,118.94,69.87
97.56,-1.77,15:57:42:430,111.20,83.98
98.11,-1.21,15:57:42:559,104.19,94.58
98.76,-1.32,15:57:42:677,102.92,100.98
99.71,-1.41,15:57:42:811,101.45,106.89
99.90,-0.90,15:57:42:949,97.62,110.32
100.31,-0.48,15:57:43:079,92.14,116.98
100.29,-0.48,15:57:43:204,91.66,118.30
100.27,-0.18,15:57:43:320,89.61,118.93
100.23,-0.32,15:57:43:436,90.50,116.73
99.93,-2.16,15:57:43:567,102.84,106.93
99.50,-3.24,15:57:43:697,111.79,92.50
98.58,-4.05,15:57:43:820,121.61,77.58
98.50,-3.88,15:57:43:946,123.47,68.12
98.26,-3.83,15:57:44:069,122.40,56.97
98.00,-3.45,15:57:44:197,120.58,46.50
99.18,-3.07,15:57:44:325,113.53,36.94
99.51,-3.11,15:57:44:451,113.79,31.33
99.52,-3.08,15:57:44:580,666.00,22.22
99.46,-1.89,15:57:44:697,666.00,12.80
98.94,-1.27,15:57:44:824,666.00,5.81
98.19,-1.14,15:57:44:947,666.00,4.32
97.63,-0.83,15:57:45:072,666.00,5.60
97.42,-0.96,15:57:45:200,666.00,6.07
97.05,-0.76,15:57:45:326,666.00,6.98
96.99,-0.89,15:57:45:445,666.00,7.32
96.68,-0.78,15:57:45:573,666.00,7.80
96.16,-0.56,15:57:45:692,666.00,10.24
95.75,-1.17,15:57:45:822,666.00,16.90
95.49,-1.57,15:57:45:950,666.00,19.97
95.88,-2.45,15:57:46:074,117.08,33.22
96.21,-2.48,15:57:46:199,118.09,40.19
95.80,-2.03,15:57:46:328,117.38,53.04
95.14,-1.24,15:57:46:457,110.87,64.88
96.36,-0.65,15:57:46:593,103.26,77.24
96.65,-0.67,15:57:46:711,102.01,84.95
97.19,-0.54,15:57:46:827,101.39,94.46
98.06,-0.58,15:57:46:957,98.90,102.29
99.17,-0.17,15:57:47:079,95.58,105.88
99.79,-0.24,15:57:47:197,95.25,109.53
99.86,-0.03,15:57:47:316,92.28,116.31
100.70,1.26,15:57:47:430,84.63,117.29
100.71,1.37,15:57:47:557,84.28,119.01
100.57,1.13,15:57:47:675,85.43,119.27
100.52,0.56,15:57:47:804,88.97,108.58
100.14,-0.33,15:57:47:930,96.63,95.69
99.25,-0.56,15:57:48:059,100.55,86.35
98.78,-0.37,15:57:48:191,100.25,73.48
98.14,-0.69,15:57:48:319,103.28,66.22
97.87,-0.84,15:57:48:439,104.02,59.86
98.04,-0.46,15:57:48:562,100.99,49.83
97.71,-0.34,15:57:48:676,99.40,44.09
98.06,-0.01,15:57:48:794,95.10,33.54
98.00,0.58,15:57:48:921,666.00,27.83
97.63,0.93,15:57:49:061,666.00,20.91
96.99,1.49,15:57:49:191,666.00,13.83
96.54,2.02,15:57:49:325,666.00,9.36
96.14,1.92,15:57:49:456,666.00,4.96
95.36,1.66,15:57:49:583,666.00,5.27
95.31,1.54,15:57:49:708,666.00,5.78
95.17,1.45,15:57:49:833,666.00,6.13
94.98,1.57,15:57:49:956,666.00,5.45
94.87,1.56,15:57:50:076,666.00,5.88
94.79,1.51,15:57:50:198,666.00,8.48
94.62,1.32,15:57:50:325,666.00,10.12
94.66,1.29,15:57:50:462,666.00,16.08
94.66,1.14,15:57:50:587,666.00,24.84
95.44,0.91,15:57:50:728,83.05,35.61
95.86,1.02,15:57:50:852,85.67,43.69
96.25,0.90,15:57:50:982,89.53,55.37
96.70,0.91,15:57:51:107,90.53,67.39
97.30,1.52,15:57:51:240,85.14,80.67
97.34,1.36,15:57:51:363,85.09,89.31
97.91,1.10,15:57:51:483,86.73,95.83
98.98,0.78,15:57:51:608,88.70,103.63
99.32,1.27,15:57:51:729,84.76,107.81
99.96,1.91,15:57:51:862,81.36,115.06
99.93,2.47,15:57:51:986,77.86,116.89
99.98,2.80,15:57:52:115,75.50,119.23
100.58,3.52,15:57:52:249,72.44,120.40
99.19,2.38,15:57:52:372,76.53,121.34
99.53,2.24,15:57:52:488,80.26,107.07
99.48,1.99,15:57:52:612,80.26,98.47
98.88,1.80,15:57:52:732,82.25,84.09
99.56,0.71,15:57:52:865,91.79,71.82
99.09,0.14,15:57:52:991,93.65,60.85
98.75,0.10,15:57:53:110,93.13,52.89
98.22,0.16,15:57:53:246,90.97,43.69
98.13,0.38,15:57:53:378,87.65,32.93
97.68,0.40,15:57:53:497,666.00,22.01
97.05,0.40,15:57:53:617,666.00,14.55
96.67,0.46,15:57:53:740,666.00,11.18
96.23,0.79,15:57:53:855,666.00,6.77
95.62,0.92,15:57:53:979,666.00,4.09
94.35,1.09,15:57:54:100,666.00,4.54
94.11,1.06,15:57:54:227,666.00,4.14
93.96,0.93,15:57:54:350,666.00,5.02
93.47,1.12,15:57:54:489,666.00,6.57
93.38,1.35,15:57:54:618,666.00,7.44
93.24,1.34,15:57:54:752,666.00,11.94
92.93,1.49,15:57:54:875,666.00,19.72
92.94,1.40,15:57:55:003,666.00,26.45
93.85,1.20,15:57:55:124,73.50,36.01
94.34,0.94,15:57:55:254,80.15,43.30
95.00,1.64,15:57:55:392,76.47,55.89
95.17,1.60,15:57:55:525,78.25,64.36
95.73,1.55,15:57:55:645,81.46,71.59
96.75,1.96,15:57:55:766,79.47,81.37
96.89,1.72,15:57:55:886,81.24,90.13
97.12,1.47,15:57:56:008,83.31,94.78
98.30,0.70,15:57:56:125,88.10,101.78
98.98,0.63,15:57:56:261,89.96,106.82
99.39,0.66,15:57:56:381,89.56,108.71
100.12,1.18,15:57:56:496,85.28,115.27
100.63,1.35,15:57:56:618,84.64,119.82
100.86,1.49,15:57:56:740,83.87,120.82
100.39,0.88,15:57:56:871,87.07,118.81
99.67,-0.13,15:57:56:993,96.65,105.10
99.26,-0.89,15:57:57:123,102.42,92.16
98.55,-1.27,15:57:57:245,107.90,81.56
98.34,-1.19,15:57:57:366,108.46,67.96
98.22,-0.81,15:57:57:489,106.01,54.75
98.01,-0.49,15:57:57:623,102.59,45.79
97.63,-0.58,15:57:57:758,101.21,30.70
96.59,-0.46,15:57:57:900,666.00,22.54
95.14,-0.42,15:57:58:035,666.00,15.27
95.22,-0.42,15:57:58:160,666.00,7.49
94.44,-0.29,15:57:58:293,666.00,5.85
93.15,0.11,15:57:58:436,666.00,6.24
92.58,0.31,15:57:58:572,666.00,6.85
92.55,-0.00,15:57:58:715,666.00,6.58
92.14,-0.48,15:57:58:857,666.00,7.60
92.05,-0.57,15:57:58:980,666.00,8.23
92.03,-0.60,15:57:59:127,666.00,8.47
91.63,-0.67,15:57:59:281,666.00,12.53
91.53,-0.80,15:57:59:424,666.00,18.54
92.57,-1.26,15:57:59:566,666.00,29.97
94.43,-1.75,15:57:59:709,117.29,41.60
94.55,-1.76,15:57:59:842,118.92,53.28
94.63,-1.71,15:57:59:973,119.10,61.50
94.74,-1.66,15:58:00:110,119.16,71.53
94.99,-1.57,15:58:00:238,115.34,83.77
95.12,-1.71,15:58:00:375,115.50,92.97
95.92,-1.69,15:58:00:513,111.84,102.48
96.90,-1.78,15:58:00:647,109.21,107.06
97.54,-1.60,15:58:00:775,106.29,111.45
97.39,-0.92,15:58:00:904,99.62,117.03
97.62,-0.35,15:58:01:047,94.62,118.67
97.83,-0.26,15:58:01:197,93.96,121.44
98.00,-0.52,15:58:01:311,95.66,122.00
98.07,-0.52,15:58:01:429,94.90,122.13
98.26,-0.86,15:58:01:565,98.52,111.75
98.18,-1.42,15:58:01:693,104.18,99.82
97.13,-1.63,15:58:01:822,111.71,86.32
97.32,-1.52,15:58:01:941,112.12,76.99
97.01,-1.52,15:58:02:073,112.99,64.42
97.24,-1.15,15:58:02:196,109.70,51.88
97.36,-0.77,15:58:02:321,105.11,43.67
97.84,-0.83,15:58:02:438,103.85,31.09
97.17,-0.82,15:58:02:558,666.00,23.60
96.35,-0.73,15:58:02:673,666.00,18.50
95.82,-0.41,15:58:02:789,666.00,10.15
95.41,-0.10,15:58:02:911,666.00,6.72
93.50,-0.15,15:58:03:027,666.00,3.07
92.54,-0.33,15:58:03:162,666.00,6.06
92.11,-0.43,15:58:03:289,666.00,7.34
91.89,-0.38,15:58:03:410,666.00,7.72
91.44,-0.48,15:58:03:533,666.00,10.25
91.25,-0.34,15:58:03:659,666.00,13.04
91.50,-0.45,15:58:03:788,666.00,16.85
91.98,-1.06,15:58:03:922,666.00,24.94
92.63,-1.52,15:58:04:044,125.75,32.37
94.00,-1.69,15:58:04:165,119.64,39.81
94.59,-1.43,15:58:04:289,114.08,48.83
94.72,-1.17,15:58:04:408,111.49,58.06
95.06,-1.53,15:58:04:527,115.37,69.54
96.51,-0.58,15:58:04:663,103.87,80.98
96.90,-0.20,15:58:04:788,99.54,88.40
97.29,-0.15,15:58:04:915,98.49,95.27
98.23,-0.30,15:58:05:041,96.00,102.19
99.32,-0.52,15:58:05:171,98.08,107.56
99.49,-0.94,15:58:05:300,97.01,113.51
99.80,0.06,15:58:05:425,90.73,115.91
99.75,0.26,15:58:05:540,89.37,118.45
99.79,0.50,15:58:05:658,88.10,120.82
99.62,0.90,15:58:05:777,85.41,121.95
99.51,1.06,15:58:05:898,83.91,122.63
99.72,1.07,15:58:06:017,83.84,120.23
99.84,0.42,15:58:06:134,89.23,111.11
99.94,-0.24,15:58:06:253,93.53,99.51
99.20,-0.53,15:58:06:372,99.39,92.73
98.34,-0.91,15:58:06:490,104.73,83.41
98.13,-0.90,15:58:06:627,106.13,75.49
97.64,-1.20,15:58:06:761,108.65,65.05
97.49,-0.97,15:58:06:893,107.07,55.37
97.40,-0.93,15:58:07:013,105.24,47.96
97.59,-1.74,15:58:07:142,111.05,34.05
96.97,-2.29,15:58:07:262,666.00,23.99
95.67,-2.35,15:58:07:391,666.00,19.63
95.19,-2.08,15:58:07:503,666.00,11.39
94.77,-1.87,15:58:07:621,666.00,8.39
94.48,-1.82,15:58:07:740,666.00,5.34
93.59,-1.82,15:58:07:859,666.00,6.05
93.53,-1.80,15:58:07:982,666.00,6.34
93.51,-1.74,15:58:08:115,666.00,6.25
93.47,-1.11,15:58:08:240,666.00,7.02
93.40,-1.20,15:58:08:361,666.00,3.09
93.49,-1.11,15:58:08:482,666.00,5.05
93.40,-0.87,15:58:08:605,666.00,4.96
93.29,-1.07,15:58:08:727,666.00,4.40
93.20,-0.92,15:58:08:851,666.00,7.10
93.01,-1.58,15:58:08:983,666.00,7.94
92.81,-1.65,15:58:09:104,666.00,6.22
92.61,-1.93,15:58:09:229,666.00,8.29
92.42,-1.86,15:58:09:352,666.00,7.48
92.16,-1.69,15:58:09:477,666.00,5.65
91.89,-1.64,15:58:09:597,666.00,5.49
91.81,-1.95,15:58:09:719,666.00,6.34
91.55,-1.73,15:58:09:843,666.00,7.26
91.51,-1.94,15:58:09:970,666.00,8.03
91.01,-2.75,15:58:10:088,666.00,7.38
91.05,-2.80,15:58:10:207,666.00,2.99
90.94,-2.31,15:58:10:332,666.00,7.10
91.00,-2.40,15:58:10:455,666.00,6.82
91.01,-2.19,15:58:10:577,666.00,7.26
90.84,-2.31,15:58:10:695,666.00,4.76
90.78,-2.17,15:58:10:821,666.00,7.05
90.74,-2.38,15:58:10:944,666.00,6.24
90.73,-2.14,15:58:11:067,666.00,7.18
90.40,-1.69,15:58:11:198,666.00,4.34
90.32,-1.91,15:58:11:327,666.00,8.64
90.36,-1.81,15:58:11:454,666.00,6.96
90.51,-1.99,15:58:11:573,666.00,7.90
90.28,-1.96,15:58:11:698,666.00,5.29
90.34,-1.87,15:58:11:824,666.00,8.13
90.49,-1.95,15:58:11:952,666.00,5.11
90.28,-1.88,15:58:12:077,666.00,8.27
90.25,-1.78,15:58:12:197,666.00,8.39
90.26,-1.81,15:58:12:312,666.00,9.18
90.11,-1.57,15:58:12:441,666.00,8.80
90.07,-1.62,15:58:12:557,666.00,8.52
90.03,-1.60,15:58:12:683,666.00,8.91
89.97,-1.49,15:58:12:809,666.00,9.09
89.96,-1.65,15:58:12:931,666.00,9.18
90.01,-1.70,15:58:13:058,666.00,9.25
89.92,-1.72,15:58:13:187,666.00,9.94
89.91,-1.69,15:58:13:307,666.00,10.22
89.76,-1.53,15:58:13:424,666.00,9.90
89.73,-1.12,15:58:13:557,666.00,9.98
89.98,-0.88,15:58:13:678,666.00,9.68
89.07,-0.48,15:58:13:804,666.00,11.23
89.44,-0.85,15:58:13:928,666.00,10.15
89.57,-0.72,15:58:14:050,666.00,10.80
89.84,-1.05,15:58:14:177,666.00,10.44
89.70,-0.97,15:58:14:301,666.00,11.09
89.67,-1.14,15:58:14:425,666.00,11.09
89.79,-1.29,15:58:14:560,666.00,11.20
89.82,-0.98,15:58:14:681,666.00,11.29
89.95,-0.96,15:58:14:801,666.00,10.85
90.32,-0.84,15:58:14:920,666.00,10.09
90.12,-0.75,15:58:15:045,666.00,10.30
90.10,-0.48,15:58:15:182,666.00,10.35
90.06,-0.12,15:58:15:303,666.00,10.61
90.23,-0.47,15:58:15:422,666.00,9.92
90.17,-0.59,15:58:15:542,666.00,9.90
90.01,-0.16,15:58:15:658,666.00,9.77
90.14,0.06,15:58:15:792,666.00,10.58
90.15,0.15,15:58:15:920,666.00,9.89
90.12,0.49,15:58:16:047,666.00,10.07
89.99,0.62,15:58:16:163,666.00,10.51
90.00,0.97,15:58:16:289,666.00,10.74
90.08,1.34,15:58:16:406,666.00,11.12
90.77,1.92,15:58:16:533,666.00,12.36
91.48,2.00,15:58:16:661,666.00,10.84
91.15,2.10,15:58:16:790,666.00,10.67
91.13,1.80,15:58:16:922,666.00,9.22
90.82,1.89,15:58:17:047,666.00,9.76
90.72,2.03,15:58:17:174,666.00,9.64
90.36,1.91,15:58:17:296,666.00,10.23
90.39,1.76,15:58:17:427,666.00,10.48
90.28,1.23,15:58:17:564,666.00,9.78
89.93,1.10,15:58:17:687,666.00,11.25
89.85,0.78,15:58:17:815,666.00,10.88
89.84,0.26,15:58:17:943,666.00,11.12
89.65,0.11,15:58:18:077,666.00,10.48
89.50,-0.24,15:58:18:196,666.00,10.96
89.65,-0.72,15:58:18:323,666.00,10.49
89.60,-0.08,15:58:18:441,666.00,11.51
89.64,0.45,15:58:18:569,666.00,11.06
89.51,0.13,15:58:18:695,666.00,10.92
89.51,0.24,15:58:18:825,666.00,9.83
89.71,0.19,15:58:18:945,666.00,9.76
89.67,0.12,15:58:19:075,666.00,9.74
89.37,0.37,15:58:19:196,666.00,10.92
89.44,0.38,15:58:19:331,666.00,11.69
89.97,0.13,15:58:19:454,666.00,10.34
89.60,0.05,15:58:19:575,666.00,10.62
89.64,0.16,15:58:19:701,666.00,10.34
89.65,0.19,15:58:19:825,666.00,10.24
89.54,0.23,15:58:19:958,666.00,11.01
89.38,0.47,15:58:20:079,666.00,10.42
89.56,0.76,15:58:20:203,666.00,10.13
89.41,0.89,15:58:20:322,666.00,10.92
89.31,0.85,15:58:20:440,666.00,11.24
89.34,0.85,15:58:20:562,666.00,11.03
89.23,1.62,15:58:20:693,666.00,9.80
89.19,1.57,15:58:20:826,666.00,10.55
89.35,2.09,15:58:20:956,666.00,10.70
89.49,2.13,15:58:21:077,666.00,11.08
89.56,2.06,15:58:21:203,666.00,11.10
89.88,2.26,15:58:21:322,666.00,10.46
90.02,2.57,15:58:21:448,666.00,10.36
90.00,2.52,15:58:21:576,666.00,10.78
89.96,2.47,15:58:21:706,666.00,9.02
89.80,2.62,15:58:21:837,666.00,10.51
89.59,1.96,15:58:21:970,666.00,10.74
89.73,2.43,15:58:22:095,666.00,10.64
89.97,2.34,15:58:22:225,666.00,10.49
89.92,2.19,15:58:22:340,666.00,10.26
90.08,2.24,15:58:22:461,666.00,8.59
90.24,2.26,15:58:22:590,666.00,8.65
90.07,2.33,15:58:22:711,666.00,9.71
90.34,2.16,15:58:22:829,666.00,8.68
90.40,1.95,15:58:22:958,666.00,9.08
90.43,2.39,15:58:23:077,666.00,8.81
90.69,2.34,15:58:23:201,666.00,9.00
90.81,2.06,15:58:23:334,666.00,8.97
90.90,2.14,15:58:23:469,666.00,8.51
91.37,2.01,15:58:23:591,666.00,7.36
91.12,1.83,15:58:23:711,666.00,7.66
91.21,1.90,15:58:23:841,666.00,8.39
91.05,1.48,15:58:23:994,666.00,8.49
91.10,1.32,15:58:24:114,666.00,7.72
90.93,1.63,15:58:24:257,666.00,8.56
90.44,1.37,15:58:24:385,666.00,8.79
90.22,1.19,15:58:24:516,666.00,9.54
90.03,1.17,15:58:24:646,666.00,8.94
89.67,1.60,15:58:24:771,666.00,9.76
89.72,1.23,15:58:24:896,666.00,10.13
89.72,1.45,15:58:25:030,666.00,9.97
89.75,2.15,15:58:25:161,666.00,10.46
89.53,1.96,15:58:25:293,666.00,10.51
89.52,1.90,15:58:25:419,666.00,9.76
89.40,2.06,15:58:25:543,666.00,11.16
89.32,2.15,15:58:25:671,666.00,9.49
88.24,1.73,15:58:25:804,666.00,8.78
89.04,1.83,15:58:25:938,666.00,10.49
89.02,1.76,15:58:26:068,666.00,10.54
88.56,1.99,15:58:26:197,666.00,11.31
87.55,2.63,15:58:26:324,666.00,11.95
87.58,2.50,15:58:26:442,666.00,11.67
88.97,2.75,15:58:26:561,666.00,11.25
89.39,2.23,15:58:26:696,666.00,10.74
89.31,2.17,15:58:26:828,666.00,9.63
89.23,1.86,15:58:26:958,666.00,10.54
89.13,1.79,15:58:27:083,666.00,11.76
89.00,1.50,15:58:27:212,666.00,11.81
88.57,1.66,15:58:27:340,666.00,12.73
88.84,1.45,15:58:27:466,666.00,11.45
88.89,1.45,15:58:27:592,666.00,12.13
88.70,1.54,15:58:27:733,666.00,12.16
88.64,1.56,15:58:27:865,666.00,11.63
88.84,1.28,15:58:27:992,666.00,11.49
89.14,1.33,15:58:28:123,666.00,11.55
89.19,1.13,15:58:28:242,666.00,11.67
89.06,1.07,15:58:28:362,666.00,11.98
89.30,0.93,15:58:28:476,666.00,12.21
89.48,0.81,15:58:28:595,666.00,11.80
89.36,1.30,15:58:28:726,666.00,12.64
89.37,1.06,15:58:28:846,666.00,12.78
89.12,1.37,15:58:28:971,666.00,11.75
89.27,1.56,15:58:29:092,666.00,12.53
88.99,1.63,15:58:29:214,666.00,12.26
87.70,1.77,15:58:29:364,666.00,12.83
88.37,1.42,15:58:29:499,666.00,12.80
88.14,1.80,15:58:29:627,666.00,13.55
88.06,1.53,15:58:29:767,666.00,13.58
88.15,1.38,15:58:29:888,666.00,13.01
88.15,1.12,15:58:30:011,666.00,13.58
88.22,1.18,15:58:30:131,666.00,13.11
86.02,0.07,15:58:30:256,666.00,14.31
87.31,-0.23,15:58:30:381,666.00,13.71
87.52,-0.83,15:58:30:504,666.00,12.77
87.64,-1.42,15:58:30:627,666.00,11.76
86.57,-1.55,15:58:30:755,666.00,12.70
86.41,-1.37,15:58:30:875,666.00,12.96
86.54,-1.41,15:58:30:990,666.00,12.82
86.81,-1.26,15:58:31:108,666.00,12.81
87.94,-0.70,15:58:31:228,666.00,12.24
87.76,-0.25,15:58:31:360,666.00,12.68
87.64,-0.38,15:58:31:486,666.00,12.42
87.41,-0.42,15:58:31:608,666.00,12.37
87.25,-0.18,15:58:31:729,666.00,12.88
87.15,0.34,15:58:31:855,666.00,13.10
86.90,0.62,15:58:31:977,666.00,13.79
86.44,0.74,15:58:32:107,666.00,12.04
85.95,1.31,15:58:32:224,666.00,14.49
85.76,1.39,15:58:32:348,666.00,14.87
85.70,1.33,15:58:32:477,666.00,15.24
85.61,1.28,15:58:32:597,666.00,13.35
85.82,1.30,15:58:32:723,666.00,15.52
86.01,1.33,15:58:32:847,666.00,15.01
86.24,1.94,15:58:32:974,666.00,14.65
86.55,1.93,15:58:33:100,666.00,13.96
86.95,1.91,15:58:33:231,666.00,13.18
87.07,1.47,15:58:33:370,666.00,12.47
87.33,1.52,15:58:33:508,666.00,12.44
87.09,1.52,15:58:33:638,666.00,12.66
86.80,2.03,15:58:33:761,666.00,11.99
86.58,1.93,15:58:33:884,666.00,12.76
86.18,2.03,15:58:34:021,666.00,13.06
86.12,1.83,15:58:34:148,666.00,13.03
85.51,2.78,15:58:34:277,666.00,14.13
85.85,3.04,15:58:34:414,666.00,13.42
85.70,3.03,15:58:34:551,666.00,12.71
86.96,3.92,15:58:34:701,666.00,11.99
88.05,4.08,15:58:34:825,666.00,11.26
88.29,4.10,15:58:34:946,666.00,10.43
89.22,4.91,15:58:35:071,666.00,9.94
89.56,4.73,15:58:35:191,666.00,9.59
89.79,5.07,15:58:35:311,666.00,8.58
89.45,4.30,15:58:35:455,666.00,9.83
90.80,3.43,15:58:35:581,666.00,7.44
91.50,3.69,15:58:35:706,666.00,4.03
91.34,3.76,15:58:35:824,666.00,9.99
90.96,4.01,15:58:35:952,666.00,10.33
90.76,2.99,15:58:36:076,666.00,8.31
89.47,3.64,15:58:36:202,666.00,10.66
88.98,3.49,15:58:36:327,666.00,10.26
88.48,2.96,15:58:36:455,666.00,9.27
88.29,2.90,15:58:36:587,666.00,9.66
87.88,3.03,15:58:36:720,666.00,10.28
87.65,3.21,15:58:36:843,666.00,10.45
87.53,3.37,15:58:36:967,666.00,10.76
87.68,3.82,15:58:37:092,666.00,11.15
87.26,3.76,15:58:37:228,666.00,9.85
86.94,3.44,15:58:37:360,666.00,9.84
86.61,3.67,15:58:37:491,666.00,9.98
86.43,3.49,15:58:37:640,666.00,10.08
85.98,3.07,15:58:37:766,666.00,10.70
85.50,2.92,15:58:37:890,666.00,11.23
85.15,2.58,15:58:38:011,666.00,11.91
84.98,2.26,15:58:38:133,666.00,12.66
84.74,2.52,15:58:38:256,666.00,13.04
84.83,3.00,15:58:38:380,666.00,13.25
84.55,2.93,15:58:38:493,666.00,13.74
84.84,2.48,15:58:38:613,666.00,13.59
84.57,2.61,15:58:38:734,666.00,13.95
84.71,2.48,15:58:38:857,666.00,13.79
84.66,2.46,15:58:38:973,666.00,13.92
84.40,2.64,15:58:39:103,666.00,14.07
84.27,2.31,15:58:39:222,666.00,13.71
84.34,2.31,15:58:39:343,666.00,13.53
83.87,2.08,15:58:39:473,666.00,14.14
83.64,2.11,15:58:39:600,666.00,14.42
83.37,2.12,15:58:39:741,666.00,15.00
83.23,2.24,15:58:39:871,666.00,15.09
83.77,2.39,15:58:39:998,666.00,15.11
83.29,2.53,15:58:40:125,666.00,16.05
84.71,2.40,15:58:40:263,666.00,15.47
83.21,2.99,15:58:40:386,666.00,16.48
82.71,3.23,15:58:40:507,666.00,17.46
83.11,3.17,15:58:40:634,666.00,16.87
83.72,2.69,15:58:40:759,666.00,16.94
83.72,2.40,15:58:40:881,666.00,18.82
85.70,1.25,15:58:41:009,666.00,19.68
83.78,2.49,15:58:41:131,666.00,26.92
83.60,0.58,15:58:41:259,-84.00,37.23
86.18,0.29,15:58:41:392,-83.51,52.52
86.74,0.40,15:58:41:529,-79.38,72.81
86.90,0.33,15:58:41:652,-77.49,79.17
88.13,0.83,15:58:41:781,-61.45,92.89
89.72,1.55,15:58:41:911,-5.50,98.70
91.79,1.61,15:58:42:039,50.92,105.05
94.02,2.79,15:58:42:159,56.53,109.17
94.86,3.79,15:58:42:285,53.03,116.76
95.62,4.37,15:58:42:408,54.83,119.25
95.71,4.64,15:58:42:529,53.59,122.42
96.44,4.69,15:58:42:657,55.81,124.01
96.11,4.73,15:58:42:780,53.76,124.85
95.65,4.72,15:58:42:914,52.33,118.65
95.68,4.37,15:58:43:045,55.89,106.44
94.60,3.31,15:58:43:177,59.80,95.87
94.03,3.11,15:58:43:303,59.60,85.52
93.45,2.29,15:58:43:421,65.32,74.78
93.40,1.99,15:58:43:543,70.14,63.42
93.18,1.53,15:58:43:665,71.70,56.30
93.74,1.85,15:58:43:796,69.49,45.34
93.17,1.97,15:58:43:928,61.43,35.48
95.39,1.78,15:58:44:055,666.00,24.80
94.47,2.76,15:58:44:174,666.00,20.79
95.57,2.73,15:58:44:297,666.00,12.07
95.26,2.98,15:58:44:427,666.00,11.09
93.71,3.06,15:58:44:544,666.00,9.93
92.02,1.63,15:58:44:663,666.00,5.93
91.94,0.89,15:58:44:787,666.00,5.78
91.87,1.23,15:58:44:917,666.00,6.66
91.62,2.64,15:58:45:041,666.00,8.38
91.56,2.23,15:58:45:161,666.00,10.15
89.15,1.33,15:58:45:292,666.00,22.61
89.72,1.39,15:58:45:421,666.00,27.60
91.58,0.72,15:58:45:545,68.13,37.23
92.31,0.48,15:58:45:680,83.70,49.53
91.66,0.48,15:58:45:795,80.60,61.80
92.04,0.04,15:58:45:914,97.72,70.86
93.73,1.39,15:58:46:038,78.58,82.29
94.42,2.14,15:58:46:172,72.88,91.64
95.42,2.97,15:58:46:293,68.18,98.11
96.23,2.82,15:58:46:409,70.12,104.30
96.96,2.89,15:58:46:524,69.13,112.00
96.99,3.19,15:58:46:645,66.29,115.81
97.18,3.40,15:58:46:770,66.10,119.38
97.83,3.45,15:58:46:902,67.49,121.26
97.92,3.46,15:58:47:031,66.53,121.97
97.16,3.26,15:58:47:155,66.58,113.50
97.31,2.60,15:58:47:275,74.16,101.36
96.14,2.22,15:58:47:402,78.11,85.87
95.37,1.00,15:58:47:520,89.32,75.15
94.27,1.13,15:58:47:645,86.09,66.31
93.88,1.17,15:58:47:776,84.29,55.36
95.84,2.29,15:58:47:898,77.72,40.87
94.55,1.82,15:58:48:027,71.61,30.84
92.29,1.58,15:58:48:146,666.00,24.17
91.37,1.39,15:58:48:269,666.00,17.48
90.28,-0.63,15:58:48:399,666.00,9.87
89.72,-0.53,15:58:48:523,666.00,9.74
89.02,-0.12,15:58:48:649,666.00,8.37
88.02,-0.45,15:58:48:773,666.00,8.83
88.39,-0.17,15:58:48:892,666.00,6.35
87.90,0.67,15:58:49:027,666.00,10.68
87.80,0.70,15:58:49:158,666.00,10.22
87.82,0.73,15:58:49:291,666.00,8.54
87.36,0.59,15:58:49:424,666.00,10.06
87.21,0.48,15:58:49:547,666.00,9.85
87.12,0.02,15:58:49:682,666.00,13.21
87.49,-0.15,15:58:49:805,666.00,17.28
86.94,-1.35,15:58:49:925,666.00,23.47
87.35,-1.23,15:58:50:045,-113.03,33.09
88.82,-1.42,15:58:50:183,-133.99,44.42
89.45,-1.02,15:58:50:313,-144.50,54.46
89.51,-0.71,15:58:50:443,-136.41,65.57
90.13,-0.67,15:58:50:567,178.61,75.50
91.70,-0.02,15:58:50:685,99.81,84.99
92.44,0.68,15:58:50:815,83.18,90.22
93.46,1.09,15:58:50:946,79.63,96.05
94.14,0.45,15:58:51:064,89.28,102.56
95.27,0.09,15:58:51:190,92.53,108.44
95.12,0.20,15:58:51:312,90.40,114.54
94.54,0.91,15:58:51:452,80.26,118.26
94.94,1.36,15:58:51:576,75.94,120.54
95.54,1.77,15:58:51:697,74.06,121.57
95.17,2.12,15:58:51:827,69.21,122.06
94.58,1.89,15:58:51:941,67.45,118.65
94.32,0.85,15:58:52:057,80.52,103.14
93.44,0.49,15:58:52:178,86.04,95.16
91.82,-0.01,15:58:52:296,96.17,83.30
89.81,-1.01,15:58:52:417,-161.57,74.54
89.50,-1.31,15:58:52:542,-152.53,67.29
90.20,-1.14,15:58:52:667,175.01,54.48
88.51,-1.65,15:58:52:802,-134.18,43.29
88.64,-1.51,15:58:52:926,-136.46,32.62
90.05,-1.31,15:58:53:054,666.00,19.52
90.98,-1.32,15:58:53:173,666.00,12.74
90.71,-1.46,15:58:53:294,666.00,8.06
88.87,-1.45,15:58:53:425,666.00,6.83
88.64,-0.21,15:58:53:540,666.00,6.40
88.16,-1.14,15:58:53:656,666.00,6.17
88.23,-0.80,15:58:53:780,666.00,6.69
87.98,-1.03,15:58:53:910,666.00,8.14
87.85,-1.02,15:58:54:042,666.00,6.71
87.69,-1.33,15:58:54:174,666.00,8.51
86.83,-0.84,15:58:54:290,666.00,9.96
85.51,-0.62,15:58:54:414,666.00,11.75
86.08,-0.65,15:58:54:537,666.00,11.05
85.83,-1.15,15:58:54:656,666.00,12.40
85.66,-1.04,15:58:54:781,666.00,12.13
85.44,-0.69,15:58:54:907,666.00,13.46
85.33,-0.89,15:58:55:031,666.00,13.50
85.18,-1.04,15:58:55:156,666.00,21.22
85.32,-0.94,15:58:55:286,-109.81,32.64
86.94,-1.31,15:58:55:420,-111.09,45.17
89.93,-1.42,15:58:55:546,-170.43,54.86
90.52,-1.31,15:58:55:680,166.89,64.90
90.86,-1.39,15:58:55:802,155.41,75.08
92.31,-0.83,15:58:55:923,116.77,83.42
93.35,-0.47,15:58:56:058,104.46,87.85
94.06,-0.20,15:58:56:178,99.82,91.27
94.90,0.29,15:58:56:300,92.78,95.29
95.42,0.24,15:58:56:425,90.58,100.52
96.32,0.28,15:58:56:559,91.46,103.36
97.25,0.44,15:58:56:687,89.73,106.10
97.62,0.81,15:58:56:810,86.04,108.67
97.82,1.45,15:58:56:943,79.57,112.21
97.37,2.32,15:58:57:059,71.50,116.83
97.07,2.70,15:58:57:183,68.13,118.29
96.06,3.38,15:58:57:307,59.27,120.92
96.11,3.57,15:58:57:425,58.20,121.44
96.28,3.45,15:58:57:552,59.62,121.60
96.14,3.54,15:58:57:680,57.86,120.18
97.03,3.28,15:58:57:804,64.97,109.99
97.17,2.63,15:58:57:925,73.19,99.49
97.28,3.02,15:58:58:057,69.60,94.70
96.54,2.95,15:58:58:183,69.05,90.17
96.09,2.99,15:58:58:309,68.58,84.48
95.51,2.31,15:58:58:428,72.72,77.59
94.80,1.45,15:58:58:556,79.68,70.73
94.42,1.27,15:58:58:681,78.94,66.59
94.01,1.41,15:58:58:818,75.18,56.62
94.35,1.29,15:58:58:946,78.58,46.48
94.33,0.86,15:58:59:068,80.07,38.52
93.13,0.20,15:58:59:193,666.00,26.27
91.97,-0.09,15:58:59:328,666.00,15.64
89.97,-0.22,15:58:59:447,666.00,12.81
89.58,-0.88,15:58:59:569,666.00,8.33
87.51,-0.10,15:58:59:686,666.00,6.64
86.94,-1.08,15:58:59:812,666.00,5.95
86.90,-1.59,15:58:59:944,666.00,5.59
86.93,-1.26,15:59:00:068,666.00,6.77
87.13,-0.34,15:59:00:204,666.00,10.11
87.03,-0.34,15:59:00:326,666.00,8.55
87.10,-0.47,15:59:00:456,666.00,10.65
87.18,-1.22,15:59:00:595,666.00,13.47
87.15,-1.32,15:59:00:726,666.00,17.20
88.12,-2.15,15:59:00:856,666.00,22.37
87.96,-2.53,15:59:00:978,-142.48,31.73
88.29,-2.88,15:59:01:110,-147.48,43.87
89.29,-2.87,15:59:01:246,-159.07,55.23
89.09,-2.85,15:59:01:378,-155.61,69.72
89.40,-2.57,15:59:01:519,-160.37,80.05
90.84,-1.88,15:59:01:650,162.25,87.39
90.73,-1.02,15:59:01:793,149.61,95.89
91.45,-1.14,15:59:01:945,132.59,103.21
93.10,-1.75,15:59:02:086,121.50,108.58
92.61,-2.99,15:59:02:224,138.22,116.22
91.02,-3.53,15:59:02:358,163.49,119.92
91.86,-3.88,15:59:02:496,154.01,123.90
90.98,-3.84,15:59:02:623,165.11,126.06
90.76,-3.80,15:59:02:755,167.92,126.35
90.62,-4.02,15:59:02:897,171.17,125.63
90.45,-4.28,15:59:03:036,174.83,117.94
91.62,-4.44,15:59:03:163,164.65,101.59
91.21,-4.55,15:59:03:307,172.24,95.12
90.80,-4.24,15:59:03:437,178.08,86.52
90.55,-4.80,15:59:03:564,-176.14,78.74
89.03,-4.57,15:59:03:699,-157.22,67.22
90.46,-2.74,15:59:03:837,176.93,57.41
91.72,-2.94,15:59:03:970,156.46,46.52
91.03,-3.46,15:59:04:119,172.49,32.39
89.28,-3.61,15:59:04:255,666.00,29.52
87.77,-4.50,15:59:04:394,666.00,20.28
88.96,-4.24,15:59:04:533,666.00,11.15
86.74,-2.80,15:59:04:661,666.00,7.97
86.60,-3.35,15:59:04:801,666.00,7.54
86.49,-3.49,15:59:04:928,666.00,7.85
87.06,-4.78,15:59:05:061,666.00,6.95
85.44,-3.32,15:59:05:192,666.00,10.20
85.94,-3.94,15:59:05:330,666.00,9.03
85.26,-4.24,15:59:05:460,666.00,10.00
85.41,-3.80,15:59:05:595,666.00,11.36
85.34,-3.56,15:59:05:723,666.00,11.53
85.38,-3.52,15:59:05:851,666.00,13.64
85.36,-3.80,15:59:05:978,666.00,14.38
85.48,-3.83,15:59:06:102,666.00,17.39
85.64,-4.21,15:59:06:249,666.00,17.94
86.55,-5.09,15:59:06:380,666.00,21.86
84.40,-3.91,15:59:06:515,666.00,26.91
85.93,-5.25,15:59:06:647,-136.83,37.77
86.99,-5.33,15:59:06:778,-143.74,50.61
89.23,-4.76,15:59:06:918,-164.80,61.54
89.39,-5.05,15:59:07:057,-166.68,76.14
91.69,-4.02,15:59:07:195,163.01,85.53
92.84,-3.01,15:59:07:324,141.04,92.04
94.60,-2.52,15:59:07:466,121.27,99.53
96.20,-2.21,15:59:07:611,112.26,104.07
96.97,-1.17,15:59:07:783,99.98,111.38
96.83,-0.18,15:59:07:920,91.18,115.27
96.97,0.69,15:59:08:062,84.79,118.61
97.33,1.10,15:59:08:198,82.41,119.89
97.58,1.05,15:59:08:345,83.12,120.55
97.76,1.20,15:59:08:500,81.84,121.20
97.04,1.05,15:59:08:630,82.38,121.85
97.25,0.90,15:59:08:768,81.69,123.90
97.23,1.06,15:59:08:914,80.38,123.70
96.25,1.07,15:59:09:066,77.97,124.36
96.37,0.78,15:59:09:201,81.33,124.31
96.64,0.92,15:59:09:333,81.14,125.07
96.74,1.13,15:59:09:473,79.17,124.95
95.35,1.17,15:59:09:612,74.92,126.95
95.30,1.25,15:59:09:736,73.60,127.47
94.93,1.45,15:59:09:875,70.33,128.12
94.14,1.81,15:59:10:017,64.06,127.73
94.39,1.84,15:59:10:154,63.93,128.29
94.82,1.93,15:59:10:277,66.47,127.13
94.27,2.17,15:59:10:406,61.96,127.06
94.42,2.15,15:59:10:522,60.23,128.47
94.16,1.73,15:59:10:648,66.47,127.28
93.90,1.74,15:59:10:778,64.42,127.55
93.87,1.73,15:59:10:893,64.48,126.74
94.06,1.37,15:59:11:018,69.38,127.59
94.29,1.52,15:59:11:138,68.14,127.64
94.01,1.44,15:59:11:267,62.98,129.34
93.58,1.53,15:59:11:396,63.97,128.31
92.90,1.11,15:59:11:527,66.81,127.70
92.82,0.89,15:59:11:654,70.78,128.57
93.16,0.79,15:59:11:776,73.70,128.27
93.24,0.32,15:59:11:904,81.07,128.31
92.94,0.27,15:59:12:025,83.94,127.90
92.62,0.30,15:59:12:138,82.59,128.10
93.13,0.14,15:59:12:256,86.23,127.83
92.76,0.08,15:59:12:372,87.35,127.95
93.17,-0.03,15:59:12:490,92.39,126.31
92.34,0.33,15:59:12:627,83.10,126.87
92.65,0.09,15:59:12:759,88.95,126.92
92.21,0.09,15:59:12:881,87.84,127.58
91.86,0.23,15:59:13:003,84.07,127.15
91.59,0.17,15:59:13:125,85.31,127.13
91.78,0.13,15:59:13:245,87.52,126.82
91.39,0.53,15:59:13:363,71.47,128.19
91.17,0.59,15:59:13:491,65.09,127.22
91.65,0.75,15:59:13:627,67.56,126.95
91.50,0.65,15:59:13:754,68.12,126.90
91.24,0.80,15:59:13:889,58.51,127.17
90.58,0.73,15:59:14:010,39.77,127.36
90.82,0.66,15:59:14:135,52.64,127.11
90.80,0.45,15:59:14:257,61.98,127.08
91.01,0.86,15:59:14:378,51.63,127.03
90.48,0.62,15:59:14:508,39.97,127.34
90.29,0.77,15:59:14:647,22.54,127.37
89.91,0.86,15:59:14:777,-5.04,127.86
89.87,1.02,15:59:14:902,-6.90,127.81
90.61,0.80,15:59:15:029,37.70,127.54
90.47,0.29,15:59:15:159,58.41,127.33
90.75,-0.02,15:59:15:279,91.87,127.34
90.10,0.31,15:59:15:406,17.79,127.49
90.31,0.21,15:59:15:520,54.60,128.09
90.32,0.27,15:59:15:647,48.54,127.74
89.87,0.54,15:59:15:769,-12.78,127.70
89.77,0.44,15:59:15:894,-27.93,127.81
90.27,-0.01,15:59:16:030,91.34,127.43
90.97,-0.10,15:59:16:152,96.37,126.96
91.49,-0.22,15:59:16:274,99.20,126.81
91.27,-0.36,15:59:16:391,106.79,126.85
91.31,-0.09,15:59:16:512,94.18,126.88
91.33,-0.57,15:59:16:635,113.51,126.75
91.70,-0.85,15:59:16:763,113.01,127.02
91.11,-0.61,15:59:16:891,116.27,127.18
91.79,-0.34,15:59:17:019,100.01,126.31
91.79,-0.12,15:59:17:141,93.47,126.86
91.44,-0.15,15:59:17:271,95.04,126.93
91.80,-0.13,15:59:17:405,92.19,128.19
92.04,-0.30,15:59:17:525,95.63,128.04
92.63,-0.24,15:59:17:642,93.87,127.74
92.23,-0.47,15:59:17:775,102.15,126.46
92.14,-1.16,15:59:17:904,115.05,127.63
91.26,-1.67,15:59:18:038,141.85,127.09
91.90,-1.38,15:59:18:159,125.56,126.73
91.79,-1.16,15:59:18:282,122.89,126.58
91.62,-1.09,15:59:18:411,124.11,126.97
91.52,-1.24,15:59:18:529,129.58,127.01
91.95,-0.84,15:59:18:660,113.44,126.94
91.65,-0.68,15:59:18:790,112.60,127.05
91.36,-0.46,15:59:18:912,108.74,127.09
91.34,-0.52,15:59:19:032,111.43,127.11
92.01,-0.68,15:59:19:157,108.78,126.87
91.79,-0.31,15:59:19:289,100.27,127.12
92.29,-0.28,15:59:19:410,97.28,126.94
92.04,-0.34,15:59:19:538,99.62,127.09
92.08,-0.10,15:59:19:658,92.42,127.00
91.88,0.01,15:59:19:794,89.49,127.20
92.25,0.06,15:59:19:923,88.35,127.03
92.21,-0.13,15:59:20:037,93.36,127.06
91.97,-0.17,15:59:20:154,94.89,127.07
92.15,-0.14,15:59:20:276,93.86,126.96
92.02,-0.09,15:59:20:403,92.13,127.09
91.19,-0.02,15:59:20:525,90.74,127.49
90.97,0.22,15:59:20:650,76.74,127.63
90.59,0.16,15:59:20:774,74.88,127.87
90.86,0.18,15:59:20:891,77.63,127.80
90.90,0.11,15:59:21:020,82.35,127.83
91.10,0.36,15:59:21:151,71.67,127.80
91.65,0.46,15:59:21:267,74.13,127.49
91.17,0.66,15:59:21:389,60.26,127.75
91.19,0.87,15:59:21:509,53.65,127.77
90.88,0.98,15:59:21:627,41.66,127.90
91.37,1.02,15:59:21:744,53.32,127.50
91.68,0.95,15:59:21:876,61.43,127.09
91.42,0.68,15:59:21:996,63.92,129.05
91.99,0.36,15:59:22:109,80.89,127.17
91.73,-0.21,15:59:22:229,95.04,128.84
92.33,-0.51,15:59:22:354,103.57,126.96
92.72,-0.67,15:59:22:478,103.79,127.80
92.88,-1.05,15:59:22:610,111.28,126.85
92.97,-1.10,15:59:22:736,111.88,127.01
92.71,-0.73,15:59:22:865,107.72,126.70
92.38,-0.18,15:59:22:988,96.94,126.77
92.48,0.01,15:59:23:118,92.71,126.62
92.54,-0.20,15:59:23:243,97.58,126.74
92.25,-0.36,15:59:23:359,101.86,126.80
92.42,-0.74,15:59:23:494,109.56,126.46
91.77,-0.62,15:59:23:612,111.97,126.81
90.77,-0.63,15:59:23:750,131.54,127.28
90.47,-0.74,15:59:23:886,149.85,127.30
91.93,-1.09,15:59:24:008,121.42,126.86
92.14,-1.19,15:59:24:135,121.04,126.66
92.18,-1.62,15:59:24:258,128.88,126.40
92.08,-1.59,15:59:24:384,128.39,126.94
91.48,-1.29,15:59:24:526,132.91,126.82
91.77,-1.36,15:59:24:648,129.35,126.59
90.27,-2.09,15:59:24:770,174.31,127.07
91.08,-2.12,15:59:24:892,154.57,126.65
91.33,-1.93,15:59:25:023,145.08,127.18
90.99,-1.91,15:59:25:153,154.00,127.07
90.87,-1.95,15:59:25:273,154.18,128.13
91.41,-1.47,15:59:25:390,134.81,127.01
91.33,-1.32,15:59:25:510,135.66,126.37
91.79,-1.38,15:59:25:631,127.69,126.40
91.26,-1.55,15:59:25:757,141.17,126.73
91.30,-1.52,15:59:25:881,138.01,127.11
90.24,-1.35,15:59:26:003,168.23,127.96
89.09,-1.23,15:59:26:123,-143.14,128.24
88.71,-0.97,15:59:26:245,-126.87,128.52
89.34,-1.14,15:59:26:379,-148.53,127.83
89.79,-1.17,15:59:26:501,-169.50,127.88
89.46,-1.46,15:59:26:623,-159.39,128.02
89.35,-1.25,15:59:26:745,-151.68,128.07
89.07,-0.88,15:59:26:864,-134.61,128.79
89.41,-1.48,15:59:27:000,-158.58,128.05
90.40,-1.42,15:59:27:119,164.53,127.35
91.41,-1.53,15:59:27:256,137.47,126.99
92.03,-1.22,15:59:27:392,121.70,126.31
92.31,-1.38,15:59:27:508,121.64,125.95
91.86,-1.49,15:59:27:630,130.16,126.32
91.41,-2.03,15:59:27:751,145.27,126.92
92.47,-2.22,15:59:27:873,132.79,126.17
92.73,-2.42,15:59:28:002,132.48,126.02
92.33,-2.26,15:59:28:128,135.10,126.14
93.11,-2.40,15:59:28:262,126.84,125.95
93.01,-2.42,15:59:28:388,128.38,125.77
92.55,-2.85,15:59:28:514,138.09,125.91
92.59,-2.60,15:59:28:642,133.11,127.54
92.27,-2.70,15:59:28:762,139.52,126.32
92.45,-2.68,15:59:28:892,134.98,128.07
92.42,-2.65,15:59:29:018,135.30,128.00
92.30,-2.25,15:59:29:142,135.61,126.96
92.25,-2.09,15:59:29:262,135.33,126.15
92.18,-2.01,15:59:29:386,133.89,127.07
91.61,-1.83,15:59:29:512,140.84,126.74
91.32,-2.03,15:59:29:648,149.78,126.18
91.62,-1.88,15:59:29:771,141.85,126.05
91.39,-1.71,15:59:29:895,143.27,126.06
92.06,-2.01,15:59:30:029,136.76,125.68
91.04,-1.90,15:59:30:157,153.66,126.10
91.49,-2.10,15:59:30:283,147.12,125.96
91.41,-2.09,15:59:30:406,148.51,125.96
91.45,-2.06,15:59:30:529,147.11,125.99
92.15,-2.03,15:59:30:674,135.81,125.72
92.09,-2.24,15:59:30:793,138.59,125.91
92.13,-2.21,15:59:30:923,137.22,125.84
92.31,-2.33,15:59:31:053,133.98,127.53
92.38,-2.42,15:59:31:175,137.19,125.88
92.11,-2.15,15:59:31:293,137.53,125.72
91.98,-2.03,15:59:31:425,137.70,125.66
91.94,-2.10,15:59:31:552,139.43,125.55
91.70,-2.21,15:59:31:683,144.78,125.52
89.85,-2.31,15:59:31:812,-174.15,126.21
90.48,-2.32,15:59:31:940,170.64,125.84
90.96,-2.39,15:59:32:068,160.50,125.59
91.00,-2.27,15:59:32:190,158.68,125.50
91.19,-2.24,15:59:32:326,154.42,125.45
90.25,-2.04,15:59:32:442,175.36,125.85
90.25,-2.04,15:59:32:568,175.66,125.88
90.44,-2.10,15:59:32:688,171.01,125.77
90.43,-1.84,15:59:32:820,169.68,125.76
90.42,-1.85,15:59:32:940,170.03,125.77
90.45,-1.86,15:59:33:057,169.00,125.74
88.90,-1.58,15:59:33:175,-142.59,126.53
88.68,-1.31,15:59:33:294,-132.13,126.92
89.06,-1.28,15:59:33:415,-141.35,126.70
88.57,-1.37,15:59:33:536,-131.36,126.88
89.48,-1.43,15:59:33:671,-157.44,126.56
89.83,-1.45,15:59:33:792,-174.76,128.50
89.09,-1.35,15:59:33:912,-143.89,127.39
89.18,-1.58,15:59:34:044,-155.22,131.06
86.90,-1.58,15:59:34:171,-116.83,129.34
86.12,-1.61,15:59:34:301,-110.51,129.25
86.44,-1.12,15:59:34:420,-105.55,129.01
87.82,-1.32,15:59:34:551,-119.30,128.90
75.94,-2.34,15:59:34:674,-95.10,134.09
61.65,-7.20,15:59:34:803,-79.14,131.50
42.50,-10.84,15:59:34:930,-29.33,114.33
31.41,-9.18,15:59:35:058,4.91,53.23
23.81,-10.32,15:59:35:178,27.79,41.03
11.20,-37.57,15:59:35:304,666.00,24.12
11.20,-44.60,15:59:35:424,666.00,25.77
11.88,-39.05,15:59:35:539,666.00,28.21
12.02,-16.91,15:59:35:662,666.00,27.45
12.75,-10.02,15:59:35:791,666.00,27.53
14.10,-11.97,15:59:35:905,666.00,28.58
14.47,-14.31,15:59:36:028,666.00,21.61
12.91,-30.47,15:59:36:150,666.00,20.84
12.97,-44.82,15:59:36:281,666.00,23.37
13.99,-46.27,15:59:36:410,666.00,27.74
14.47,-34.62,15:59:36:543,16.12,30.63
14.90,-23.68,15:59:36:671,666.00,29.82
16.43,-20.80,15:59:36:804,17.44,30.23
15.48,-20.05,15:59:36:928,666.00,29.27
15.38,-22.78,15:59:37:044,19.28,30.72
15.90,-24.80,15:59:37:167,22.66,30.72
16.21,-22.25,15:59:37:289,23.06,30.62
16.80,-21.92,15:59:37:416,21.28,31.11
18.07,-22.59,15:59:37:543,19.82,30.86
19.22,-23.75,15:59:37:664,666.00,28.48
19.64,-24.01,15:59:37:797,666.00,28.76
19.46,-23.70,15:59:37:922,23.46,32.46
19.58,-23.93,15:59:38:045,23.48,34.08
19.37,-18.07,15:59:38:168,29.22,32.42
19.43,-16.58,15:59:38:294,26.43,33.29
19.72,-17.26,15:59:38:430,24.51,34.30
20.20,-17.53,15:59:38:556,26.63,33.76
19.67,-17.58,15:59:38:674,25.70,32.07
19.17,-25.76,15:59:38:794,19.01,33.79
19.02,-27.87,15:59:38:920,21.01,31.63
18.46,-28.99,15:59:39:047,666.00,29.36
17.86,-28.63,15:59:39:167,20.32,30.29
17.92,-30.50,15:59:39:291,18.35,31.01
17.10,-29.98,15:59:39:423,666.00,29.46
16.20,-28.15,15:59:39:551,666.00,28.49
15.37,-26.66,15:59:39:683,666.00,29.59
15.22,-25.58,15:59:39:821,16.69,30.05
15.28,-26.32,15:59:39:953,666.00,28.79
15.51,-26.57,15:59:40:089,666.00,27.98
16.14,-26.05,15:59:40:210,666.00,28.98
16.40,-25.79,15:59:40:333,666.00,29.41
16.13,-23.21,15:59:40:457,666.00,27.61
15.75,-20.90,15:59:40:575,666.00,27.34
15.54,-20.48,15:59:40:704,666.00,29.88
15.29,-18.00,15:59:40:822,666.00,29.66
15.07,-16.73,15:59:40:941,666.00,28.51
15.36,-17.35,15:59:41:067,666.00,29.09
15.71,-19.55,15:59:41:193,666.00,29.37
16.11,-24.32,15:59:41:319,666.00,28.67
16.41,-28.94,15:59:41:444,666.00,29.08
17.60,-36.56,15:59:41:561,666.00,29.07
16.26,-36.70,15:59:41:691,666.00,25.77
15.83,-32.85,15:59:41:814,666.00,26.71
15.53,-22.03,15:59:41:936,666.00,27.24
14.58,-8.87,15:59:42:055,666.00,27.10
15.36,-6.05,15:59:42:190,666.00,28.95
16.42,-10.00,15:59:42:315,666.00,28.43
17.12,-14.50,15:59:42:437,666.00,27.84
19.70,-24.38,15:59:42:551,27.72,30.74
20.48,-28.25,15:59:42:674,28.45,32.00
20.81,-32.84,15:59:42:797,30.03,31.28
18.30,-37.33,15:59:42:926,666.00,29.31
16.69,-38.65,15:59:43:051,666.00,27.67
14.18,-27.62,15:59:43:174,666.00,25.12
11.07,-19.54,15:59:43:296,666.00,26.66
9.54,1.99,15:59:43:431,666.00,23.94
10.00,10.08,15:59:43:558,666.00,20.98
12.91,-9.05,15:59:43:690,666.00,20.07
13.53,-16.89,15:59:43:808,666.00,17.09
13.29,-27.83,15:59:43:928,666.00,18.24
10.69,-35.16,15:59:44:054,666.00,16.23
8.36,-34.48,15:59:44:179,666.00,16.70
6.42,-28.46,15:59:44:312,666.00,18.04
6.71,-12.39,15:59:44:435,666.00,18.19
8.71,-6.17,15:59:44:558,666.00,22.88
9.04,-8.10,15:59:44:677,666.00,25.03
8.97,-13.56,15:59:44:809,666.00,24.50
9.23,-32.42,15:59:44:934,666.00,22.41
12.17,-44.52,15:59:45:054,666.00,24.41
15.81,-43.35,15:59:45:175,13.04,37.14
17.68,-41.78,15:59:45:294,8.77,67.31
11.89,-19.82,15:59:45:420,0.39,90.63
17.56,-37.99,15:59:45:545,-23.50,96.54
24.48,-39.45,15:59:45:676,-41.71,82.31
27.05,-42.83,15:59:45:792,-42.37,61.62
27.31,-45.87,15:59:45:929,-26.67,45.95
18.35,-41.61,15:59:46:053,666.00,26.91
15.36,-43.39,15:59:46:183,666.00,23.89
12.33,-49.67,15:59:46:323,666.00,28.46
11.55,-47.54,15:59:46:447,666.00,28.04
11.82,-36.49,15:59:46:574,666.00,26.93
12.87,-31.40,15:59:46:695,666.00,27.19
13.71,-32.00,15:59:46:829,666.00,27.81
13.12,-36.49,15:59:46:960,666.00,24.75
13.12,-41.72,15:59:47:081,666.00,24.79
13.51,-45.42,15:59:47:207,666.00,24.48
13.01,-45.22,15:59:47:328,666.00,24.33
11.53,-46.85,15:59:47:453,666.00,24.62
11.49,-51.27,15:59:47:577,666.00,23.88
14.99,-54.89,15:59:47:703,666.00,28.50
19.18,-54.02,15:59:47:824,666.00,23.66
23.46,-51.70,15:59:47:955,666.00,22.81
24.20,-50.68,15:59:48:077,666.00,23.94
25.61,-48.58,15:59:48:202,666.00,27.27
22.70,-50.17,15:59:48:320,666.00,27.23
21.16,-46.66,15:59:48:451,666.00,27.87
18.44,-45.04,15:59:48:579,6.12,41.30
23.45,-35.14,15:59:48:698,26.60,64.30
15.47,-28.99,15:59:48:821,29.08,77.98
8.93,-33.62,15:59:48:939,25.30,78.58
9.70,-37.62,15:59:49:062,25.61,84.88
18.19,-27.10,15:59:49:542,33.81,80.37
13.36,-49.35,15:59:49:658,26.37,75.38
12.99,-47.50,15:59:49:789,23.63,61.33
8.63,-28.02,15:59:49:927,666.00,26.25
13.16,-46.66,15:59:50:053,666.00,23.21
15.91,-49.00,15:59:50:176,666.00,22.21
15.77,-48.70,15:59:50:302,666.00,19.73
14.87,-45.07,15:59:50:422,666.00,18.62
11.10,-38.07,15:59:50:561,666.00,20.52
6.72,-25.79,15:59:50:688,666.00,19.31
5.43,-18.28,15:59:50:824,666.00,18.90
3.30,20.96,15:59:50:960,666.00,16.47
5.55,24.34,15:59:51:079,666.00,16.59
10.43,-5.21,15:59:51:210,666.00,21.00
9.76,8.60,15:59:51:348,-2.97,32.25
7.93,3.63,15:59:51:477,-11.86,87.05
6.69,-3.46,15:59:51:616,-10.49,86.43
5.67,-13.09,15:59:51:748,-3.66,53.13
6.41,-20.82,15:59:51:888,-11.17,35.80
7.57,-9.45,15:59:52:031,666.00,12.88
7.39,-12.92,15:59:52:162,666.00,10.29
5.38,-37.23,15:59:52:295,666.00,10.39
5.22,-40.02,15:59:52:424,666.00,10.41
33.23,237.50,15:59:52:570,-77.13,77.71
46.22,255.88,15:59:52:714,-48.63,85.53
41.32,254.25,15:59:52:840,-53.11,77.52
36.35,235.53,15:59:52:969,-76.58,72.86
35.45,240.99,15:59:53:108,-62.99,79.66
29.95,-7.09,15:59:53:247,666.00,5.73
45.45,238.32,15:59:53:378,-43.07,93.84
47.71,232.47,15:59:53:503,-49.56,94.31
48.57,229.75,15:59:53:625,-50.87,94.55
49.81,226.44,15:59:53:751,-52.40,94.59
49.28,227.33,15:59:53:879,-52.22,94.62
48.63,226.14,15:59:54:022,-54.04,94.63
48.71,222.97,15:59:54:148,-56.89,94.62
7.68,155.93,15:59:54:288,-65.08,80.91
16.59,138.56,15:59:54:425,-69.23,81.79
17.86,135.32,15:59:54:550,-70.69,82.28
25.30,129.01,15:59:54:677,-75.58,82.75
22.48,125.51,15:59:54:806,-75.16,75.26
21.95,123.99,15:59:54:937,-75.17,79.54
21.20,122.88,15:59:55:068,-76.20,81.91
21.28,121.91,15:59:55:202,-76.88,82.08
20.81,117.67,15:59:55:337,-77.37,82.10
20.74,115.55,15:59:55:458,-78.78,82.11
20.71,116.01,15:59:55:576,-78.04,82.12
20.86,117.18,15:59:55:697,-78.18,82.12
21.18,112.86,15:59:55:821,-84.77,82.14
20.68,108.30,15:59:55:952,61.52,96.92
43.39,141.80,15:59:56:076,58.93,62.69
43.03,149.61,15:59:56:200,67.96,62.33
43.38,147.71,15:59:56:322,65.24,62.30
40.34,141.74,15:59:56:439,64.24,62.29
40.81,145.10,15:59:56:587,67.19,62.29
41.04,140.45,15:59:56:717,61.95,62.29
41.12,139.94,15:59:56:834,61.28,62.29
40.60,139.09,15:59:56:960,61.37,62.29
40.56,140.04,15:59:57:087,62.41,62.29
40.27,135.62,15:59:57:216,58.56,62.29
39.56,134.94,15:59:57:331,59.23,62.29
45.58,177.90,15:59:57:452,100.76,62.30
43.12,134.51,15:59:57:565,52.26,62.31
44.23,141.28,15:59:57:689,57.07,62.30
45.72,141.98,15:59:57:809,55.37,62.30
29.20,166.47,15:59:57:918,66.30,82.80
21.81,151.90,15:59:58:055,63.69,82.70
14.23,176.37,15:59:58:176,-139.35,112.07
9.44,-8.65,15:59:58:290,0.14,111.17
25.49,102.97,15:59:58:414,169.58,133.87
15.09,91.41,15:59:58:528,-33.41,160.80
29.51,147.19,15:59:58:640,27.62,157.02
18.65,259.87,15:59:58:756,39.36,176.45
162.88,105.29,15:59:59:232,666.00,16.02
160.01,94.31,15:59:59:403,666.00,15.94
156.86,97.57,15:59:59:606,666.00,11.15
