7.63,0.81,666.00,22.43,05-04-23-10-50-00-655
7.63,0.82,666.00,22.43,05-04-23-10-50-00-688
7.63,0.84,666.00,22.42,05-04-23-10-50-00-714
7.63,0.86,666.00,22.40,05-04-23-10-50-00-749
7.63,0.88,666.00,22.38,05-04-23-10-50-00-780
7.63,0.89,666.00,22.34,05-04-23-10-50-00-816
7.63,0.90,666.00,22.30,05-04-23-10-50-00-851
7.63,0.91,666.00,22.25,05-04-23-10-50-00-888
7.63,0.92,666.00,22.21,05-04-23-10-50-00-913
7.63,0.92,666.00,22.18,05-04-23-10-50-00-948
7.63,0.92,666.00,22.16,05-04-23-10-50-00-980
7.63,0.92,666.00,22.14,05-04-23-10-50-01-013
7.62,0.93,666.00,22.12,05-04-23-10-50-01-047
7.62,0.93,666.00,22.10,05-04-23-10-50-01-081
7.62,0.93,666.00,22.09,05-04-23-10-50-01-115
7.62,0.93,666.00,22.06,05-04-23-10-50-01-149
7.61,0.92,666.00,22.03,05-04-23-10-50-01-183
7.61,0.91,666.00,22.00,05-04-23-10-50-01-216
7.61,0.90,666.00,21.96,05-04-23-10-50-01-249
7.60,0.90,666.00,21.91,05-04-23-10-50-01-281
7.60,0.88,666.00,21.87,05-04-23-10-50-01-316
7.60,0.85,666.00,21.82,05-04-23-10-50-01-347
7.60,0.81,666.00,21.78,05-04-23-10-50-01-382
7.59,0.77,666.00,21.73,05-04-23-10-50-01-414
7.59,0.71,666.00,21.70,05-04-23-10-50-01-447
7.59,0.67,666.00,21.66,05-04-23-10-50-01-482
7.58,0.62,666.00,21.64,05-04-23-10-50-01-512
7.58,0.58,666.00,21.61,05-04-23-10-50-01-546
7.57,0.56,666.00,21.58,05-04-23-10-50-01-582
7.57,0.55,666.00,21.55,05-04-23-10-50-01-611
7.57,0.55,666.00,21.51,05-04-23-10-50-01-648
7.57,0.53,666.00,21.48,05-04-23-10-50-01-686
7.56,0.51,666.00,21.45,05-04-23-10-50-01-714
7.56,0.46,666.00,21.42,05-04-23-10-50-01-746
7.56,0.41,666.00,21.40,05-04-23-10-50-01-779
7.56,0.36,666.00,21.36,05-04-23-10-50-01-817
7.57,0.30,666.00,21.34,05-04-23-10-50-01-851
7.57,0.17,666.00,21.31,05-04-23-10-50-01-885
7.58,0.03,666.00,21.29,05-04-23-10-50-01-914
7.58,-0.15,666.00,21.28,05-04-23-10-50-01-948
7.59,-0.32,666.00,21.28,05-04-23-10-50-01-978
7.59,-0.49,666.00,21.29,05-04-23-10-50-02-013
7.60,-0.62,666.00,21.32,05-04-23-10-50-02-049
7.60,-0.74,666.00,21.38,05-04-23-10-50-02-079
7.61,-0.85,666.00,21.49,05-04-23-10-50-02-113
7.62,-0.98,666.00,21.67,05-04-23-10-50-02-152
7.63,-1.10,666.00,22.10,05-04-23-10-50-02-180
7.65,-1.29,666.00,22.66,05-04-23-10-50-02-220
7.69,-1.54,666.00,23.53,05-04-23-10-50-02-251
7.75,-1.90,666.00,25.25,05-04-23-10-50-02-281
7.86,-2.39,666.00,28.25,05-04-23-10-50-02-312
8.04,-3.02,40.35,31.05,05-04-23-10-50-02-348
8.24,-3.88,45.28,34.24,05-04-23-10-50-02-382
8.45,-4.90,48.97,37.96,05-04-23-10-50-02-413
8.72,-5.88,51.81,41.21,05-04-23-10-50-02-449
9.01,-6.65,54.74,45.02,05-04-23-10-50-02-480
9.45,-7.35,56.13,47.55,05-04-23-10-50-02-515
10.04,-7.97,57.14,50.43,05-04-23-10-50-02-548
10.69,-8.20,57.75,53.06,05-04-23-10-50-02-583
11.69,-7.90,58.08,54.93,05-04-23-10-50-02-613
12.94,-7.38,58.54,57.02,05-04-23-10-50-02-645
13.99,-6.87,59.01,59.15,05-04-23-10-50-02-682
14.93,-6.36,59.91,62.28,05-04-23-10-50-02-714
15.72,-5.90,60.40,64.58,05-04-23-10-50-02-748
16.39,-5.61,60.71,66.50,05-04-23-10-50-02-783
16.98,-5.29,61.00,68.35,05-04-23-10-50-02-816
17.55,-5.01,61.34,70.48,05-04-23-10-50-02-849
18.02,-4.79,61.51,71.90,05-04-23-10-50-02-882
18.40,-4.61,61.70,73.09,05-04-23-10-50-02-914
18.73,-4.41,61.95,74.02,05-04-23-10-50-02-949
19.01,-4.13,62.26,74.91,05-04-23-10-50-02-981
19.28,-3.81,62.61,75.80,05-04-23-10-50-03-012
19.51,-3.50,62.94,76.59,05-04-23-10-50-03-050
19.70,-3.23,63.15,77.19,05-04-23-10-50-03-081
19.84,-2.99,63.38,77.81,05-04-23-10-50-03-116
19.96,-2.81,63.63,78.35,05-04-23-10-50-03-150
20.05,-2.69,63.82,78.75,05-04-23-10-50-03-179
20.13,-2.61,63.97,79.02,05-04-23-10-50-03-213
20.20,-2.61,64.04,79.15,05-04-23-10-50-03-253
20.26,-2.59,64.07,79.19,05-04-23-10-50-03-282
20.32,-2.58,64.07,79.20,05-04-23-10-50-03-314
20.36,-2.55,64.06,79.17,05-04-23-10-50-03-347
20.40,-2.52,64.04,79.13,05-04-23-10-50-03-382
20.43,-2.48,64.02,79.08,05-04-23-10-50-03-415
20.45,-2.42,64.01,79.01,05-04-23-10-50-03-449
20.46,-2.35,64.01,78.93,05-04-23-10-50-03-482
20.47,-2.28,64.00,78.84,05-04-23-10-50-03-514
20.47,-2.22,63.98,78.74,05-04-23-10-50-03-549
20.47,-2.16,63.96,78.62,05-04-23-10-50-03-580
20.46,-2.11,63.93,78.49,05-04-23-10-50-03-613
20.46,-2.05,63.87,78.35,05-04-23-10-50-03-652
20.45,-2.00,63.77,78.20,05-04-23-10-50-03-681
20.45,-1.95,63.48,78.03,05-04-23-10-50-03-717
20.44,-1.89,62.97,77.85,05-04-23-10-50-03-750
20.44,-1.83,61.46,77.81,05-04-23-10-50-03-779
18.77,-0.73,60.83,79.70,05-04-23-10-50-03-816
17.47,0.44,59.54,81.29,05-04-23-10-50-03-855
15.87,1.48,58.32,82.92,05-04-23-10-50-03-879
14.86,2.81,56.28,83.87,05-04-23-10-50-03-916
14.24,4.77,53.93,84.38,05-04-23-10-50-03-948
13.88,6.91,51.22,84.72,05-04-23-10-50-03-981
13.65,9.00,48.55,84.93,05-04-23-10-50-04-013
13.56,11.17,44.33,85.27,05-04-23-10-50-04-047
13.57,13.08,39.66,85.48,05-04-23-10-50-04-080
14.25,17.22,35.41,84.93,05-04-23-10-50-04-113
15.40,21.65,29.53,83.66,05-04-23-10-50-04-157
16.42,24.78,25.67,82.05,05-04-23-10-50-04-181
17.84,28.81,17.14,81.01,05-04-23-10-50-04-212
19.34,33.14,9.88,79.94,05-04-23-10-50-04-246
20.28,35.93,6.53,79.08,05-04-23-10-50-04-281
21.52,42.99,4.76,74.77,05-04-23-10-50-04-316
20.91,43.33,4.04,79.02,05-04-23-10-50-04-346
27.21,59.93,3.50,67.55,05-04-23-10-50-04-381
25.43,47.17,1.33,74.43,05-04-23-10-50-04-415
25.38,43.76,1.27,76.08,05-04-23-10-50-04-449
25.48,42.80,1.74,75.85,05-04-23-10-50-04-482
25.87,45.25,2.35,74.89,05-04-23-10-50-04-515
26.65,48.44,-1.05,72.60,05-04-23-10-50-04-549
27.01,50.49,-29.15,72.57,05-04-23-10-50-04-580
27.16,51.65,-40.45,73.93,05-04-23-10-50-04-613
27.28,58.89,-46.48,76.77,05-04-23-10-50-04-648
27.07,61.13,-48.83,77.64,05-04-23-10-50-04-682
26.87,62.42,-49.86,78.32,05-04-23-10-50-04-716
26.66,63.28,-50.55,78.89,05-04-23-10-50-04-747
26.35,63.81,-51.23,79.86,05-04-23-10-50-04-778
26.14,64.46,-51.58,80.22,05-04-23-10-50-04-812
25.95,65.33,-51.77,80.26,05-04-23-10-50-04-850
25.81,66.27,-51.86,80.14,05-04-23-10-50-04-878
25.71,67.36,-51.98,79.84,05-04-23-10-50-04-917
25.65,68.36,-52.12,79.52,05-04-23-10-50-04-950
25.61,69.25,-52.32,79.23,05-04-23-10-50-04-981
25.59,70.07,-52.57,78.98,05-04-23-10-50-05-016
25.58,70.76,-52.98,78.80,05-04-23-10-50-05-052
24.96,69.41,-53.00,80.13,05-04-23-10-50-05-083
24.66,69.02,-53.16,80.70,05-04-23-10-50-05-120
24.50,68.98,-53.33,80.94,05-04-23-10-50-05-146
24.40,69.04,-53.53,81.09,05-04-23-10-50-05-183
24.70,72.39,-53.69,80.25,05-04-23-10-50-05-213
25.03,75.07,-53.87,79.48,05-04-23-10-50-05-250
25.39,77.49,-54.01,78.74,05-04-23-10-50-05-282
25.67,79.16,-54.12,78.19,05-04-23-10-50-05-320
25.82,80.29,-54.14,77.83,05-04-23-10-50-05-352
25.89,80.83,-54.17,77.67,05-04-23-10-50-05-386
25.92,81.07,-54.20,77.60,05-04-23-10-50-05-412
25.95,81.36,-54.19,77.50,05-04-23-10-50-05-452
25.96,81.59,-54.16,77.42,05-04-23-10-50-05-485
25.97,81.80,-54.12,77.32,05-04-23-10-50-05-517
25.98,81.96,-54.08,77.23,05-04-23-10-50-05-548
25.99,82.09,-53.94,77.05,05-04-23-10-50-05-583
26.00,82.20,-53.76,76.83,05-04-23-10-50-05-617
26.08,82.37,-52.58,76.11,05-04-23-10-50-05-648
26.19,82.38,-51.08,75.18,05-04-23-10-50-05-683
25.83,78.84,-48.64,75.07,05-04-23-10-50-05-718
25.57,75.40,-48.05,74.93,05-04-23-10-50-05-747
25.39,72.64,-46.22,74.76,05-04-23-10-50-05-780
24.91,67.86,-45.07,75.86,05-04-23-10-50-05-816
24.69,65.49,-43.24,76.56,05-04-23-10-50-05-850
24.56,64.91,-40.82,77.48,05-04-23-10-50-05-882
23.33,61.44,-31.10,80.74,05-04-23-10-50-05-912
22.66,59.60,-27.57,81.13,05-04-23-10-50-05-947
20.78,56.81,-24.13,79.35,05-04-23-10-50-05-981
19.83,54.66,-21.94,78.12,05-04-23-10-50-06-013
18.82,52.37,-20.35,77.79,05-04-23-10-50-06-047
18.06,50.57,-19.40,77.57,05-04-23-10-50-06-083
17.43,48.79,-19.24,78.70,05-04-23-10-50-06-113
16.82,47.25,-19.41,80.12,05-04-23-10-50-06-150
16.24,47.77,-19.89,81.14,05-04-23-10-50-06-180
15.72,49.26,-20.30,81.66,05-04-23-10-50-06-211
14.77,52.08,-20.37,81.57,05-04-23-10-50-06-248
14.86,66.15,-20.82,79.54,05-04-23-10-50-06-281
14.16,68.24,-17.07,75.49,05-04-23-10-50-06-314
13.48,69.06,-14.18,73.40,05-04-23-10-50-06-348
14.33,68.85,-8.49,71.55,05-04-23-10-50-06-382
15.17,67.86,19.03,73.84,05-04-23-10-50-06-416
15.92,66.86,34.01,74.57,05-04-23-10-50-06-450
16.53,65.91,41.84,76.40,05-04-23-10-50-06-481
16.97,65.17,44.16,77.10,05-04-23-10-50-06-516
17.30,64.57,46.28,77.65,05-04-23-10-50-06-548
17.46,64.01,48.44,78.30,05-04-23-10-50-06-585
17.55,63.49,48.69,78.62,05-04-23-10-50-06-612
17.49,62.97,49.24,78.94,05-04-23-10-50-06-648
17.18,62.38,49.93,79.28,05-04-23-10-50-06-679
17.00,61.63,51.31,79.27,05-04-23-10-50-06-715
16.87,60.79,53.25,78.99,05-04-23-10-50-06-749
16.76,60.04,56.21,78.62,05-04-23-10-50-06-783
16.65,59.27,58.73,78.36,05-04-23-10-50-06-814
16.54,58.18,62.49,77.96,05-04-23-10-50-06-849
17.39,47.17,62.02,74.46,05-04-23-10-50-06-878
17.96,41.83,64.17,72.37,05-04-23-10-50-06-912
18.85,35.90,64.77,69.97,05-04-23-10-50-06-947
19.65,31.95,65.00,68.16,05-04-23-10-50-06-984
20.30,29.16,65.31,66.74,05-04-23-10-50-07-013
20.80,27.26,65.81,65.70,05-04-23-10-50-07-050
21.20,25.87,66.40,64.93,05-04-23-10-50-07-081
21.50,24.75,67.03,64.38,05-04-23-10-50-07-120
21.78,23.74,67.68,63.94,05-04-23-10-50-07-147
22.01,22.91,67.95,63.63,05-04-23-10-50-07-180
22.28,21.92,67.96,63.39,05-04-23-10-50-07-212
22.54,21.03,67.87,63.22,05-04-23-10-50-07-250
22.77,20.35,67.67,63.11,05-04-23-10-50-07-280
22.97,19.77,67.43,63.03,05-04-23-10-50-07-317
23.14,19.38,67.18,63.03,05-04-23-10-50-07-352
23.28,19.10,66.95,63.06,05-04-23-10-50-07-381
23.39,18.92,66.71,63.14,05-04-23-10-50-07-413
23.47,18.82,66.45,63.30,05-04-23-10-50-07-448
23.54,18.76,66.18,63.51,05-04-23-10-50-07-482
23.60,18.75,65.88,63.74,05-04-23-10-50-07-516
23.65,18.75,65.45,64.06,05-04-23-10-50-07-548
23.70,18.76,64.88,64.42,05-04-23-10-50-07-579
23.74,18.77,64.11,64.85,05-04-23-10-50-07-615
23.78,18.79,62.42,65.66,05-04-23-10-50-07-649
23.82,18.83,60.64,66.50,05-04-23-10-50-07-682
23.86,18.89,57.38,67.82,05-04-23-10-50-07-713
23.90,18.93,54.13,69.13,05-04-23-10-50-07-750
23.66,19.40,51.56,70.54,05-04-23-10-50-07-781
23.32,20.17,49.57,71.98,05-04-23-10-50-07-813
23.01,20.96,47.03,73.54,05-04-23-10-50-07-846
22.76,21.80,44.61,74.99,05-04-23-10-50-07-880
22.62,22.67,41.55,76.64,05-04-23-10-50-07-913
22.44,23.53,38.77,78.08,05-04-23-10-50-07-950
22.35,24.34,34.01,79.92,05-04-23-10-50-07-982
22.73,26.09,27.47,81.26,05-04-23-10-50-08-014
23.18,27.58,23.73,81.68,05-04-23-10-50-08-051
23.63,28.88,20.39,81.87,05-04-23-10-50-08-079
24.16,30.23,15.45,82.08,05-04-23-10-50-08-115
24.70,31.58,10.12,82.41,05-04-23-10-50-08-146
24.74,32.21,7.55,82.11,05-04-23-10-50-08-182
23.75,24.95,5.27,85.20,05-04-23-10-50-08-216
25.34,21.61,3.61,89.43,05-04-23-10-50-08-249
27.06,20.23,2.58,91.63,05-04-23-10-50-08-284
28.41,18.95,-7.09,84.46,05-04-23-10-50-08-314
29.52,18.57,-17.83,86.09,05-04-23-10-50-08-348
30.71,20.85,-22.44,85.42,05-04-23-10-50-08-379
32.19,30.72,-30.40,81.71,05-04-23-10-50-08-415
33.25,35.30,-34.86,79.17,05-04-23-10-50-08-448
33.60,43.66,-40.27,78.26,05-04-23-10-50-08-481
33.85,45.74,-43.42,82.45,05-04-23-10-50-08-512
33.99,46.82,-45.91,84.26,05-04-23-10-50-08-550
34.00,47.24,-47.96,85.62,05-04-23-10-50-08-585
33.95,47.48,-49.45,86.74,05-04-23-10-50-08-616
33.87,47.60,-50.33,87.44,05-04-23-10-50-08-652
33.67,48.74,-52.76,88.38,05-04-23-10-50-08-685
33.58,49.12,-55.17,88.89,05-04-23-10-50-08-720
32.97,49.31,-55.84,87.97,05-04-23-10-50-08-747
32.23,49.35,-57.09,87.79,05-04-23-10-50-08-779
31.64,49.38,-57.32,87.18,05-04-23-10-50-08-812
31.18,49.51,-57.37,86.60,05-04-23-10-50-08-848
30.79,49.71,-63.02,90.65,05-04-23-10-50-08-883
30.47,50.04,-65.04,91.88,05-04-23-10-50-08-912
30.88,54.43,-67.26,91.36,05-04-23-10-50-08-949
31.42,58.91,-68.82,90.58,05-04-23-10-50-08-982
31.42,60.36,-69.19,90.33,05-04-23-10-50-09-014
31.44,61.36,-69.21,90.02,05-04-23-10-50-09-047
31.42,62.03,-68.91,89.65,05-04-23-10-50-09-080
31.39,62.45,-68.49,89.34,05-04-23-10-50-09-116
31.29,62.68,-67.97,89.08,05-04-23-10-50-09-147
31.19,62.79,-65.59,86.92,05-04-23-10-50-09-181
31.10,62.82,-64.31,85.86,05-04-23-10-50-09-215
31.02,62.75,-63.98,85.61,05-04-23-10-50-09-246
30.95,62.73,-63.89,85.43,05-04-23-10-50-09-287
30.89,62.69,-64.58,86.10,05-04-23-10-50-09-315
30.84,62.64,-60.41,88.46,05-04-23-10-50-09-346
29.88,60.13,-60.46,89.14,05-04-23-10-50-09-379
29.66,59.74,-61.49,89.35,05-04-23-10-50-09-414
28.32,54.99,-56.31,85.53,05-04-23-10-50-09-449
28.17,58.10,-58.20,85.46,05-04-23-10-50-09-481
27.45,56.73,-57.93,85.53,05-04-23-10-50-09-516
26.74,54.43,-57.51,85.99,05-04-23-10-50-09-551
26.29,52.75,-57.11,86.35,05-04-23-10-50-09-578
25.81,50.25,-48.38,81.34,05-04-23-10-50-09-613
25.45,48.20,-40.37,77.28,05-04-23-10-50-09-647
25.56,46.25,-37.41,77.36,05-04-23-10-50-09-680
25.42,44.54,-33.95,78.85,05-04-23-10-50-09-715
25.40,41.34,-28.60,78.53,05-04-23-10-50-09-754
25.38,37.55,-22.91,79.35,05-04-23-10-50-09-781
25.35,31.31,-20.73,81.56,05-04-23-10-50-09-812
25.42,27.54,-19.35,83.42,05-04-23-10-50-09-847
25.56,24.49,-16.29,84.85,05-04-23-10-50-09-881
25.78,22.11,-15.00,85.81,05-04-23-10-50-09-915
20.65,30.80,-11.87,82.62,05-04-23-10-50-09-954
18.91,31.62,-6.22,82.21,05-04-23-10-50-09-981
18.10,32.13,8.74,81.43,05-04-23-10-50-10-016
17.88,32.76,21.04,85.00,05-04-23-10-50-10-046
17.99,33.06,29.44,85.40,05-04-23-10-50-10-082
18.43,33.21,32.97,85.98,05-04-23-10-50-10-114
19.00,33.38,35.76,86.70,05-04-23-10-50-10-152
19.43,33.41,37.52,87.12,05-04-23-10-50-10-177
19.70,33.39,39.48,87.20,05-04-23-10-50-10-213
19.74,33.19,41.38,87.20,05-04-23-10-50-10-247
14.73,22.85,43.42,92.83,05-04-23-10-50-10-281
14.30,21.64,45.64,92.90,05-04-23-10-50-10-316
14.26,21.76,48.68,91.96,05-04-23-10-50-10-355
14.51,22.97,54.55,89.83,05-04-23-10-50-10-379
14.88,24.50,58.15,88.32,05-04-23-10-50-10-414
15.94,25.54,61.07,85.82,05-04-23-10-50-10-450
16.96,26.06,63.59,83.32,05-04-23-10-50-10-481
17.83,26.24,65.92,81.14,05-04-23-10-50-10-513
18.45,26.09,67.64,79.41,05-04-23-10-50-10-547
18.95,25.79,69.49,77.79,05-04-23-10-50-10-583
19.32,25.21,71.22,76.38,05-04-23-10-50-10-615
19.60,24.60,72.78,75.07,05-04-23-10-50-10-649
19.81,23.91,73.89,74.06,05-04-23-10-50-10-679
19.97,23.30,75.72,72.84,05-04-23-10-50-10-711
20.06,22.61,76.66,72.05,05-04-23-10-50-10-747
20.09,21.88,77.08,71.54,05-04-23-10-50-10-779
20.09,21.09,77.20,71.25,05-04-23-10-50-10-813
20.07,20.24,77.14,71.05,05-04-23-10-50-10-848
20.03,19.42,76.93,70.92,05-04-23-10-50-10-880
20.00,18.62,76.63,70.86,05-04-23-10-50-10-917
19.96,17.93,76.31,70.85,05-04-23-10-50-10-947
19.92,17.31,75.92,70.86,05-04-23-10-50-10-979
19.89,16.81,75.48,70.89,05-04-23-10-50-11-014
19.86,16.42,74.96,70.93,05-04-23-10-50-11-049
19.84,16.16,74.13,70.96,05-04-23-10-50-11-081
19.83,15.98,72.84,71.09,05-04-23-10-50-11-117
19.83,15.86,71.55,71.23,05-04-23-10-50-11-148
19.83,15.79,69.91,71.59,05-04-23-10-50-11-179
19.83,15.74,68.13,72.07,05-04-23-10-50-11-213
19.83,15.77,65.70,72.79,05-04-23-10-50-11-249
19.83,15.88,62.73,73.78,05-04-23-10-50-11-282
19.83,16.10,59.16,74.99,05-04-23-10-50-11-313
19.87,16.72,55.14,76.24,05-04-23-10-50-11-346
19.99,18.18,51.36,77.27,05-04-23-10-50-11-381
19.02,21.68,47.96,79.90,05-04-23-10-50-11-414
17.65,25.33,44.66,82.72,05-04-23-10-50-11-451
16.68,28.26,42.20,84.58,05-04-23-10-50-11-481
16.01,30.67,38.69,86.23,05-04-23-10-50-11-514
15.58,32.65,35.25,87.24,05-04-23-10-50-11-553
15.33,34.27,31.34,87.94,05-04-23-10-50-11-582
15.51,36.59,27.59,87.81,05-04-23-10-50-11-613
16.82,40.83,20.19,86.88,05-04-23-10-50-11-650
18.02,43.74,16.02,85.92,05-04-23-10-50-11-679
20.63,49.03,13.20,82.64,05-04-23-10-50-11-716
22.22,51.75,11.36,80.72,05-04-23-10-50-11-749
24.15,55.36,10.02,78.92,05-04-23-10-50-11-779
25.50,57.72,9.05,77.27,05-04-23-10-50-11-817
26.49,59.34,8.46,76.03,05-04-23-10-50-11-851
27.84,42.53,6.93,80.51,05-04-23-10-50-11-883
29.54,40.08,6.21,79.52,05-04-23-10-50-11-913
30.59,38.91,-21.82,78.91,05-04-23-10-50-11-947
30.26,37.47,-31.50,82.54,05-04-23-10-50-11-982
30.31,41.23,-45.88,88.59,05-04-23-10-50-12-015
33.12,62.35,-54.92,82.70,05-04-23-10-50-12-050
33.66,64.26,-55.68,81.74,05-04-23-10-50-12-081
33.81,65.07,-56.56,81.85,05-04-23-10-50-12-112
33.94,65.94,-57.41,81.57,05-04-23-10-50-12-148
34.02,66.82,-57.90,81.39,05-04-23-10-50-12-180
34.01,67.59,-58.03,81.17,05-04-23-10-50-12-216
33.93,68.25,-58.39,81.22,05-04-23-10-50-12-250
33.84,68.88,-59.73,82.17,05-04-23-10-50-12-280
33.72,69.33,-60.71,82.52,05-04-23-10-50-12-313
33.59,69.60,-61.71,83.03,05-04-23-10-50-12-346
33.37,69.59,-62.10,83.15,05-04-23-10-50-12-382
33.14,69.40,-63.03,83.83,05-04-23-10-50-12-413
32.81,68.40,-63.64,85.28,05-04-23-10-50-12-445
32.53,67.10,-61.47,93.30,05-04-23-10-50-12-483
32.36,65.96,-65.20,92.46,05-04-23-10-50-12-513
32.37,65.01,-65.72,89.55,05-04-23-10-50-12-548
32.39,64.22,-65.92,87.41,05-04-23-10-50-12-583
32.46,63.57,-66.03,86.17,05-04-23-10-50-12-613
32.54,62.98,-66.97,86.15,05-04-23-10-50-12-645
32.64,62.45,-67.34,86.10,05-04-23-10-50-12-681
32.71,61.98,-67.55,86.12,05-04-23-10-50-12-716
32.77,61.54,-67.63,86.23,05-04-23-10-50-12-749
32.79,61.13,-68.07,86.97,05-04-23-10-50-12-781
32.68,61.04,-67.83,86.58,05-04-23-10-50-12-814
32.49,61.08,-68.70,87.75,05-04-23-10-50-12-847
32.29,61.21,-67.20,86.04,05-04-23-10-50-12-879
32.08,61.37,-66.49,85.17,05-04-23-10-50-12-915
31.99,61.42,-65.64,84.62,05-04-23-10-50-12-949
31.81,61.30,-64.56,84.19,05-04-23-10-50-12-980
31.43,61.07,-65.90,86.19,05-04-23-10-50-13-015
31.17,61.02,-62.97,84.28,05-04-23-10-50-13-049
30.92,62.37,-61.61,83.36,05-04-23-10-50-13-083
30.75,64.02,-60.29,82.58,05-04-23-10-50-13-115
30.70,65.38,-58.51,81.75,05-04-23-10-50-13-148
30.65,65.89,-55.23,80.52,05-04-23-10-50-13-182
30.28,64.82,-51.14,81.07,05-04-23-10-50-13-212
28.72,59.64,-42.09,77.62,05-04-23-10-50-13-249
28.20,54.24,-37.36,78.76,05-04-23-10-50-13-281
28.16,50.35,-30.28,78.28,05-04-23-10-50-13-314
28.20,47.35,-27.05,77.00,05-04-23-10-50-13-349
27.69,40.51,-24.73,78.42,05-04-23-10-50-13-378
27.56,36.76,-23.16,79.16,05-04-23-10-50-13-415
31.21,46.18,-26.22,71.70,05-04-23-10-50-13-447
32.74,48.83,-27.31,69.41,05-04-23-10-50-13-480
33.91,50.89,-28.38,67.77,05-04-23-10-50-13-517
21.78,59.09,-16.02,64.43,05-04-23-10-50-13-548
21.53,69.13,-11.33,60.38,05-04-23-10-50-13-585
21.86,72.83,-9.19,57.78,05-04-23-10-50-13-619
21.63,74.27,-7.69,56.69,05-04-23-10-50-13-648
21.42,74.55,21.32,69.83,05-04-23-10-50-13-680
21.33,73.72,32.45,76.15,05-04-23-10-50-13-716
21.32,72.42,37.70,80.11,05-04-23-10-50-13-750
21.21,71.10,40.27,82.01,05-04-23-10-50-13-785
20.95,69.57,42.54,83.54,05-04-23-10-50-13-814
20.76,68.25,43.84,84.35,05-04-23-10-50-13-849
20.67,67.06,44.96,84.71,05-04-23-10-50-13-880
20.12,66.08,45.82,85.25,05-04-23-10-50-13-918
19.34,65.56,47.53,85.59,05-04-23-10-50-13-950
18.40,65.43,48.73,86.17,05-04-23-10-50-13-985
17.71,65.43,50.41,86.47,05-04-23-10-50-14-015
15.71,67.91,53.79,87.98,05-04-23-10-50-14-047
14.77,69.39,55.66,88.81,05-04-23-10-50-14-081
14.09,70.52,57.01,89.46,05-04-23-10-50-14-112
13.67,71.47,58.07,89.91,05-04-23-10-50-14-149
17.36,57.03,58.71,82.81,05-04-23-10-50-14-186
19.49,51.91,59.70,79.21,05-04-23-10-50-14-212
20.15,50.47,60.89,78.05,05-04-23-10-50-14-250
20.60,49.47,61.82,77.30,05-04-23-10-50-14-279
20.87,49.07,70.70,78.17,05-04-23-10-50-14-315
20.89,49.28,71.43,78.12,05-04-23-10-50-14-349
20.70,49.97,71.04,78.21,05-04-23-10-50-14-385
20.88,50.12,70.50,78.19,05-04-23-10-50-14-413
21.11,50.27,69.54,77.98,05-04-23-10-50-14-447
21.36,50.41,68.38,77.71,05-04-23-10-50-14-484
21.61,50.59,67.46,77.51,05-04-23-10-50-14-513
21.85,50.80,66.59,77.30,05-04-23-10-50-14-549
22.10,51.01,65.91,77.23,05-04-23-10-50-14-585
22.00,51.82,65.41,77.57,05-04-23-10-50-14-611
21.63,52.87,65.02,78.19,05-04-23-10-50-14-649
21.60,53.18,64.55,78.34,05-04-23-10-50-14-678
21.62,53.39,64.01,78.45,05-04-23-10-50-14-713
21.58,53.48,63.44,78.56,05-04-23-10-50-14-747
21.53,53.35,62.61,78.55,05-04-23-10-50-14-785
22.00,53.07,61.87,78.02,05-04-23-10-50-14-811
24.23,51.61,60.74,75.60,05-04-23-10-50-14-848
26.04,50.47,58.40,73.54,05-04-23-10-50-14-882
27.30,49.75,55.17,72.15,05-04-23-10-50-14-913
27.61,49.73,51.05,71.58,05-04-23-10-50-14-950
17.92,60.72,49.26,85.50,05-04-23-10-50-14-991
13.92,70.95,46.51,91.68,05-04-23-10-50-15-014
12.68,75.88,44.18,93.91,05-04-23-10-50-15-052
11.96,79.54,42.12,95.35,05-04-23-10-50-15-079
11.94,80.56,39.73,95.63,05-04-23-10-50-15-113
12.37,79.46,37.18,95.09,05-04-23-10-50-15-146
12.78,78.00,34.10,94.11,05-04-23-10-50-15-180
13.34,75.97,31.76,92.84,05-04-23-10-50-15-216
13.91,74.04,29.53,91.51,05-04-23-10-50-15-249
15.40,70.76,23.30,89.24,05-04-23-10-50-15-285
17.74,67.39,19.80,85.13,05-04-23-10-50-15-316
20.53,65.63,13.27,82.95,05-04-23-10-50-15-346
22.29,64.97,9.19,81.77,05-04-23-10-50-15-381
23.95,65.28,5.32,80.64,05-04-23-10-50-15-413
25.04,65.63,1.54,80.44,05-04-23-10-50-15-451
25.61,65.77,-0.59,80.46,05-04-23-10-50-15-479
25.99,65.83,-2.16,80.69,05-04-23-10-50-15-511
26.24,65.88,-3.21,81.06,05-04-23-10-50-15-552
26.39,65.93,-3.84,81.44,05-04-23-10-50-15-578
26.71,41.67,-20.30,80.21,05-04-23-10-50-15-613
28.91,27.43,-24.57,83.29,05-04-23-10-50-15-648
29.98,25.40,-27.70,82.92,05-04-23-10-50-15-680
30.12,27.55,-29.95,81.33,05-04-23-10-50-15-713
29.82,34.79,-32.79,80.11,05-04-23-10-50-15-749
29.78,41.25,-39.74,86.28,05-04-23-10-50-15-784
29.98,45.74,-44.54,89.32,05-04-23-10-50-15-813
30.25,48.63,-46.88,90.47,05-04-23-10-50-15-847
30.38,50.33,-48.19,91.13,05-04-23-10-50-15-879
30.47,51.44,-48.91,91.25,05-04-23-10-50-15-917
30.58,52.94,-49.79,90.82,05-04-23-10-50-15-945
30.90,56.10,-51.02,89.35,05-04-23-10-50-15-981
30.94,57.98,-53.41,88.16,05-04-23-10-50-16-015
30.87,59.10,-57.39,88.03,05-04-23-10-50-16-048
30.69,59.51,-58.94,87.05,05-04-23-10-50-16-082
30.74,60.20,-60.38,86.80,05-04-23-10-50-16-114
30.86,60.87,-65.10,88.57,05-04-23-10-50-16-147
31.09,61.66,-67.33,89.13,05-04-23-10-50-16-184
31.31,62.21,-68.67,89.41,05-04-23-10-50-16-214
31.27,62.35,-69.41,88.96,05-04-23-10-50-16-249
31.18,62.38,-69.83,88.56,05-04-23-10-50-16-283
31.05,62.29,-70.03,88.15,05-04-23-10-50-16-312
30.88,62.06,-69.97,87.47,05-04-23-10-50-16-349
30.86,62.03,-69.94,87.16,05-04-23-10-50-16-388
30.88,61.99,-69.97,87.15,05-04-23-10-50-16-412
30.95,61.95,-69.94,87.36,05-04-23-10-50-16-449
31.01,61.91,-69.87,87.58,05-04-23-10-50-16-482
31.08,61.83,-69.81,87.84,05-04-23-10-50-16-514
30.72,60.60,-69.11,87.66,05-04-23-10-50-16-548
30.71,60.45,-68.99,87.65,05-04-23-10-50-16-582
30.84,60.70,-69.07,87.57,05-04-23-10-50-16-612
30.69,59.67,-68.68,86.98,05-04-23-10-50-16-647
30.39,58.01,-68.06,86.52,05-04-23-10-50-16-679
30.15,56.72,-67.55,86.21,05-04-23-10-50-16-713
29.88,55.35,-67.03,86.08,05-04-23-10-50-16-749
29.66,54.34,-66.62,86.00,05-04-23-10-50-16-781
29.42,53.28,-66.15,86.00,05-04-23-10-50-16-813
29.24,52.55,-65.72,85.92,05-04-23-10-50-16-846
29.37,54.63,-65.78,86.34,05-04-23-10-50-16-882
29.70,58.24,-61.05,83.37,05-04-23-10-50-16-914
29.96,60.66,-58.87,82.13,05-04-23-10-50-16-951
30.13,62.03,-57.56,81.54,05-04-23-10-50-16-982
30.16,62.00,-55.25,81.45,05-04-23-10-50-17-013
29.72,58.59,-49.15,81.95,05-04-23-10-50-17-046
29.42,55.78,-46.06,82.89,05-04-23-10-50-17-079
29.07,53.42,-42.83,83.45,05-04-23-10-50-17-112
28.65,51.19,-35.26,80.03,05-04-23-10-50-17-146
27.45,47.91,-27.77,82.55,05-04-23-10-50-17-184
23.61,35.02,-22.00,87.51,05-04-23-10-50-17-214
22.18,26.34,-19.64,92.42,05-04-23-10-50-17-249
21.76,21.63,-18.77,95.82,05-04-23-10-50-17-283
21.59,18.23,-18.42,98.25,05-04-23-10-50-17-316
12.99,41.43,-19.93,92.41,05-04-23-10-50-17-347
15.74,71.00,-0.81,83.60,05-04-23-10-50-17-382
17.87,77.75,11.06,80.76,05-04-23-10-50-17-415
19.11,80.00,24.93,79.22,05-04-23-10-50-17-445
19.79,80.85,33.93,78.86,05-04-23-10-50-17-480
19.74,80.25,38.31,79.41,05-04-23-10-50-17-514
19.15,78.56,40.80,80.25,05-04-23-10-50-17-550
18.33,76.08,42.08,81.09,05-04-23-10-50-17-581
17.62,73.18,44.24,82.24,05-04-23-10-50-17-616
17.02,70.75,46.05,83.04,05-04-23-10-50-17-647
16.26,68.76,47.86,84.08,05-04-23-10-50-17-682
14.71,66.54,49.70,85.69,05-04-23-10-50-17-712
12.35,65.01,51.53,87.75,05-04-23-10-50-17-748
10.53,64.49,53.91,89.06,05-04-23-10-50-17-779
9.83,63.37,57.04,89.15,05-04-23-10-50-17-811
13.52,42.39,56.40,82.57,05-04-23-10-50-17-847
15.75,36.43,57.69,78.78,05-04-23-10-50-17-880
17.10,33.90,58.84,76.33,05-04-23-10-50-17-912
17.97,32.54,60.59,74.48,05-04-23-10-50-17-949
18.58,31.85,61.54,73.18,05-04-23-10-50-17-982
19.02,31.49,62.36,72.14,05-04-23-10-50-18-018
19.35,31.33,63.15,71.26,05-04-23-10-50-18-047
19.52,31.22,63.59,70.73,05-04-23-10-50-18-085
19.60,31.20,63.79,70.47,05-04-23-10-50-18-115
19.59,31.18,63.82,70.44,05-04-23-10-50-18-151
19.53,31.22,63.72,70.50,05-04-23-10-50-18-181
19.47,31.32,63.54,70.63,05-04-23-10-50-18-221
19.39,31.47,63.32,70.79,05-04-23-10-50-18-249
19.32,31.65,63.07,70.94,05-04-23-10-50-18-283
19.24,31.84,62.83,71.13,05-04-23-10-50-18-318
19.17,32.12,62.57,71.30,05-04-23-10-50-18-348
19.12,32.41,62.21,71.51,05-04-23-10-50-18-380
18.13,33.40,61.76,72.72,05-04-23-10-50-18-418
17.37,34.34,61.26,73.67,05-04-23-10-50-18-449
17.01,35.12,60.47,74.25,05-04-23-10-50-18-481
16.54,36.24,59.70,74.90,05-04-23-10-50-18-514
13.91,43.76,60.46,78.87,05-04-23-10-50-18-550
12.88,47.97,59.64,80.58,05-04-23-10-50-18-579
12.45,49.89,57.77,81.53,05-04-23-10-50-18-621
12.20,51.26,55.34,82.26,05-04-23-10-50-18-651
11.69,52.83,53.05,83.39,05-04-23-10-50-18-678
11.13,53.84,50.68,84.47,05-04-23-10-50-18-713
10.67,54.32,47.28,85.51,05-04-23-10-50-18-748
10.23,54.40,43.61,86.46,05-04-23-10-50-18-781
10.07,54.62,39.82,87.10,05-04-23-10-50-18-814
10.08,54.54,36.59,87.47,05-04-23-10-50-18-851
10.50,54.08,33.01,87.33,05-04-23-10-50-18-882
11.47,53.58,29.01,86.79,05-04-23-10-50-18-913
12.24,53.32,25.75,86.41,05-04-23-10-50-18-952
13.78,53.73,21.77,85.12,05-04-23-10-50-18-983
15.16,54.53,17.75,84.26,05-04-23-10-50-19-014
16.21,55.04,13.08,83.71,05-04-23-10-50-19-047
17.58,56.55,6.54,83.50,05-04-23-10-50-19-082
18.56,57.63,0.90,83.37,05-04-23-10-50-19-116
19.20,58.18,-1.39,83.02,05-04-23-10-50-19-148
19.99,59.03,-3.07,82.13,05-04-23-10-50-19-184
20.66,59.77,-4.20,81.25,05-04-23-10-50-19-215
27.05,60.69,-8.17,72.84,05-04-23-10-50-19-248
28.92,56.97,-9.45,72.91,05-04-23-10-50-19-280
29.93,54.48,-24.12,70.79,05-04-23-10-50-19-313
30.21,49.88,-33.85,72.16,05-04-23-10-50-19-346
31.04,49.92,-43.08,74.86,05-04-23-10-50-19-378
31.50,49.68,-46.69,75.49,05-04-23-10-50-19-415
31.60,52.18,-48.80,74.65,05-04-23-10-50-19-449
33.55,63.53,-53.46,71.62,05-04-23-10-50-19-479
34.08,66.64,-58.63,74.49,05-04-23-10-50-19-512
34.41,68.17,-62.27,76.47,05-04-23-10-50-19-547
34.62,69.02,-64.13,77.50,05-04-23-10-50-19-578
34.70,69.54,-65.38,78.20,05-04-23-10-50-19-612
34.71,69.84,-66.29,78.99,05-04-23-10-50-19-647
34.65,70.03,-69.80,80.97,05-04-23-10-50-19-678
34.51,70.18,-71.36,81.79,05-04-23-10-50-19-711
34.26,70.25,-72.11,82.20,05-04-23-10-50-19-747
33.91,70.27,-73.08,80.54,05-04-23-10-50-19-783
33.53,70.27,-73.12,79.86,05-04-23-10-50-19-813
32.93,70.19,-73.23,79.86,05-04-23-10-50-19-849
32.37,70.11,-73.00,79.93,05-04-23-10-50-19-882
31.87,70.04,-72.58,80.03,05-04-23-10-50-19-915
31.44,69.98,-72.30,79.90,05-04-23-10-50-19-947
31.07,69.93,-71.96,79.91,05-04-23-10-50-19-978
30.75,69.89,-71.84,80.98,05-04-23-10-50-20-015
30.49,69.86,-71.59,81.52,05-04-23-10-50-20-050
30.27,69.82,-71.30,81.73,05-04-23-10-50-20-082
30.09,69.77,-69.21,81.37,05-04-23-10-50-20-116
29.93,69.72,-68.69,81.30,05-04-23-10-50-20-151
29.80,69.67,-68.30,81.17,05-04-23-10-50-20-180
29.69,69.63,-67.61,78.95,05-04-23-10-50-20-213
29.58,69.58,-68.62,78.83,05-04-23-10-50-20-248
29.46,69.48,-68.13,77.50,05-04-23-10-50-20-282
29.40,69.35,-67.87,77.98,05-04-23-10-50-20-315
29.37,69.20,-67.65,78.45,05-04-23-10-50-20-346
29.39,69.00,-67.41,78.92,05-04-23-10-50-20-380
29.51,68.97,-67.25,79.24,05-04-23-10-50-20-414
29.65,68.95,-66.97,79.44,05-04-23-10-50-20-446
29.81,68.97,-66.50,79.53,05-04-23-10-50-20-479
30.12,69.11,-65.76,79.38,05-04-23-10-50-20-513
30.39,69.20,-63.46,78.73,05-04-23-10-50-20-547
30.68,69.44,-59.06,76.92,05-04-23-10-50-20-580
30.86,69.52,-55.88,76.03,05-04-23-10-50-20-614
30.78,69.76,-51.96,75.02,05-04-23-10-50-20-647
30.64,69.68,-48.65,74.55,05-04-23-10-50-20-683
30.43,69.45,-42.61,71.68,05-04-23-10-50-20-714
30.07,69.07,-38.98,70.39,05-04-23-10-50-20-748
29.57,68.70,-33.12,71.42,05-04-23-10-50-20-782
26.27,66.92,-28.50,72.49,05-04-23-10-50-20-817
23.35,65.02,-25.70,74.66,05-04-23-10-50-20-849
21.01,63.46,-24.54,77.41,05-04-23-10-50-20-883
19.81,62.38,-24.66,79.54,05-04-23-10-50-20-913
18.72,62.65,-25.02,81.18,05-04-23-10-50-20-948
16.38,73.16,-24.54,80.64,05-04-23-10-50-20-978
15.41,82.05,-24.61,80.01,05-04-23-10-50-21-015
20.00,87.73,-26.66,77.38,05-04-23-10-50-21-048
19.01,89.64,-25.05,77.10,05-04-23-10-50-21-082
19.90,88.45,12.66,73.86,05-04-23-10-50-21-113
20.47,87.33,25.62,74.00,05-04-23-10-50-21-146
20.56,86.34,38.31,75.07,05-04-23-10-50-21-181
20.24,85.38,41.84,76.43,05-04-23-10-50-21-216
19.77,84.31,45.36,77.63,05-04-23-10-50-21-246
19.17,83.22,47.56,78.94,05-04-23-10-50-21-281
18.47,81.96,48.63,80.31,05-04-23-10-50-21-316
17.40,80.56,49.45,81.83,05-04-23-10-50-21-353
15.90,79.17,50.47,83.58,05-04-23-10-50-21-379
14.42,78.09,52.09,85.14,05-04-23-10-50-21-413
12.86,77.88,53.68,86.66,05-04-23-10-50-21-449
11.66,77.54,55.32,87.72,05-04-23-10-50-21-479
10.55,77.35,57.56,88.65,05-04-23-10-50-21-512
9.78,77.11,60.80,89.25,05-04-23-10-50-21-548
12.82,42.92,59.38,81.48,05-04-23-10-50-21-582
15.24,34.05,59.92,77.78,05-04-23-10-50-21-613
16.79,30.70,61.40,75.57,05-04-23-10-50-21-650
17.84,28.64,62.37,74.09,05-04-23-10-50-21-681
18.67,27.71,63.14,72.97,05-04-23-10-50-21-714
19.41,27.56,63.72,72.04,05-04-23-10-50-21-747
20.05,27.93,64.16,71.30,05-04-23-10-50-21-780
20.58,28.58,64.51,70.74,05-04-23-10-50-21-816
20.98,29.35,64.72,70.35,05-04-23-10-50-21-849
21.26,30.08,64.84,70.10,05-04-23-10-50-21-879
21.43,30.69,64.89,69.98,05-04-23-10-50-21-913
21.54,31.19,64.89,69.94,05-04-23-10-50-21-947
21.59,31.66,64.85,69.95,05-04-23-10-50-21-982
21.58,32.07,64.77,70.03,05-04-23-10-50-22-013
21.55,32.42,64.64,70.12,05-04-23-10-50-22-051
21.40,32.73,64.33,70.31,05-04-23-10-50-22-079
21.25,33.02,63.85,70.43,05-04-23-10-50-22-114
21.09,33.30,63.22,70.48,05-04-23-10-50-22-152
20.79,33.71,62.35,70.65,05-04-23-10-50-22-180
20.54,34.11,61.50,70.81,05-04-23-10-50-22-216
20.23,34.52,60.13,71.01,05-04-23-10-50-22-256
20.00,34.92,58.87,71.17,05-04-23-10-50-22-282
19.81,35.31,57.02,71.33,05-04-23-10-50-22-313
18.93,36.69,55.17,72.14,05-04-23-10-50-22-348
14.65,46.88,55.93,78.27,05-04-23-10-50-22-382
12.64,55.06,54.84,81.56,05-04-23-10-50-22-413
11.42,61.40,52.89,83.73,05-04-23-10-50-22-453
10.77,65.93,50.20,85.08,05-04-23-10-50-22-483
10.40,69.16,47.97,85.97,05-04-23-10-50-22-512
10.18,71.52,45.35,86.66,05-04-23-10-50-22-549
10.10,72.58,42.07,86.97,05-04-23-10-50-22-581
10.31,71.60,38.41,86.74,05-04-23-10-50-22-612
11.00,68.60,34.74,85.83,05-04-23-10-50-22-646
11.64,66.17,31.69,84.98,05-04-23-10-50-22-679
12.48,63.86,27.65,82.53,05-04-23-10-50-22-716
13.86,62.44,18.21,81.37,05-04-23-10-50-22-746
15.30,61.84,13.97,80.09,05-04-23-10-50-22-781
16.33,61.58,10.21,79.30,05-04-23-10-50-22-815
14.00,58.14,6.90,79.23,05-04-23-10-50-22-849
16.81,70.82,6.51,75.90,05-04-23-10-50-22-882
14.19,64.92,4.93,78.71,05-04-23-10-50-22-917
14.09,60.42,-3.18,79.01,05-04-23-10-50-22-948
14.24,55.62,-7.06,80.02,05-04-23-10-50-22-984
14.78,49.72,-9.36,80.75,05-04-23-10-50-23-020
15.50,45.54,-11.08,81.29,05-04-23-10-50-23-048
20.93,48.55,-25.05,71.52,05-04-23-10-50-23-083
23.76,49.67,-37.38,71.51,05-04-23-10-50-23-113
25.80,50.59,-43.98,72.16,05-04-23-10-50-23-146
26.77,51.01,-48.11,72.92,05-04-23-10-50-23-178
28.89,56.79,-53.54,72.66,05-04-23-10-50-23-217
29.95,59.32,-56.76,73.33,05-04-23-10-50-23-250
30.45,60.39,-58.93,74.13,05-04-23-10-50-23-280
31.17,62.12,-61.95,75.17,05-04-23-10-50-23-320
31.53,62.94,-63.61,75.99,05-04-23-10-50-23-346
31.81,63.82,-65.03,76.46,05-04-23-10-50-23-380
32.18,66.10,-66.41,75.79,05-04-23-10-50-23-412
32.36,67.60,-67.36,75.61,05-04-23-10-50-23-449
32.47,69.09,-68.12,75.27,05-04-23-10-50-23-483
32.50,70.22,-68.69,74.99,05-04-23-10-50-23-515
32.40,70.93,-72.04,77.78,05-04-23-10-50-23-548
32.31,71.43,-72.80,77.18,05-04-23-10-50-23-581
32.20,71.68,-73.07,76.50,05-04-23-10-50-23-612
32.11,71.82,-73.51,76.68,05-04-23-10-50-23-651
32.02,71.88,-73.46,76.15,05-04-23-10-50-23-682
31.93,71.86,-73.27,75.77,05-04-23-10-50-23-713
31.84,71.81,-74.34,77.16,05-04-23-10-50-23-751
31.75,71.71,-73.91,75.89,05-04-23-10-50-23-782
31.67,71.57,-73.53,75.04,05-04-23-10-50-23-812
30.46,69.02,-70.96,72.18,05-04-23-10-50-23-848
29.85,66.61,-73.27,75.88,05-04-23-10-50-23-881
29.35,65.00,-71.17,74.85,05-04-23-10-50-23-916
28.95,63.75,-69.60,74.12,05-04-23-10-50-23-947
28.75,62.74,-68.56,74.03,05-04-23-10-50-23-981
28.51,61.90,-67.61,73.52,05-04-23-10-50-24-015
28.45,61.52,-67.09,73.48,05-04-23-10-50-24-047
28.39,61.50,-67.16,77.22,05-04-23-10-50-24-086
28.31,61.61,-66.89,77.46,05-04-23-10-50-24-113
28.15,62.10,-64.31,76.02,05-04-23-10-50-24-148
27.99,62.56,-60.22,75.21,05-04-23-10-50-24-182
27.69,62.78,-58.34,75.01,05-04-23-10-50-24-215
27.38,62.93,-56.81,74.94,05-04-23-10-50-24-248
26.52,62.25,-53.00,75.84,05-04-23-10-50-24-282
25.39,60.74,-46.53,78.41,05-04-23-10-50-24-320
24.53,59.33,-40.67,79.08,05-04-23-10-50-24-347
23.98,58.30,-37.11,77.52,05-04-23-10-50-24-382
23.56,57.76,-35.13,77.12,05-04-23-10-50-24-413
23.17,57.34,-33.70,76.55,05-04-23-10-50-24-449
22.54,57.27,-27.53,74.34,05-04-23-10-50-24-479
20.01,52.52,-24.07,74.33,05-04-23-10-50-24-514
18.59,48.37,-22.16,74.75,05-04-23-10-50-24-548
16.78,43.49,-20.31,75.91,05-04-23-10-50-24-579
15.92,41.17,-19.50,76.54,05-04-23-10-50-24-614
15.34,39.78,-19.18,77.01,05-04-23-10-50-24-649
14.45,39.71,-19.04,77.41,05-04-23-10-50-24-683
13.43,43.65,-18.79,76.99,05-04-23-10-50-24-719
13.62,57.77,-18.57,75.12,05-04-23-10-50-24-750
14.67,68.01,-18.82,73.58,05-04-23-10-50-24-780
16.66,74.89,-19.72,71.91,05-04-23-10-50-24-814
17.22,77.49,11.10,68.60,05-04-23-10-50-24-849
17.53,78.89,26.36,69.75,05-04-23-10-50-24-880
17.66,79.91,39.47,72.05,05-04-23-10-50-24-916
17.08,81.10,44.49,74.46,05-04-23-10-50-24-949
16.19,82.34,46.18,76.66,05-04-23-10-50-24-980
15.46,83.24,48.33,78.30,05-04-23-10-50-25-011
14.73,83.95,48.99,79.51,05-04-23-10-50-25-050
14.20,84.26,49.67,80.23,05-04-23-10-50-25-084
13.81,84.26,50.16,80.70,05-04-23-10-50-25-112
13.49,84.10,51.04,81.16,05-04-23-10-50-25-147
13.19,83.84,53.30,81.84,05-04-23-10-50-25-181
12.91,83.49,55.37,82.39,05-04-23-10-50-25-213
12.69,82.55,58.28,82.80,05-04-23-10-50-25-249
15.85,50.25,54.43,73.87,05-04-23-10-50-25-285
18.26,40.79,55.50,70.17,05-04-23-10-50-25-313
19.61,36.93,57.22,68.17,05-04-23-10-50-25-353
20.46,34.79,58.90,66.91,05-04-23-10-50-25-384
21.04,33.23,60.34,65.89,05-04-23-10-50-25-414
21.22,31.74,62.14,65.20,05-04-23-10-50-25-446
20.91,29.94,63.27,65.08,05-04-23-10-50-25-481
20.37,28.02,64.23,65.29,05-04-23-10-50-25-515
19.78,26.31,64.90,65.64,05-04-23-10-50-25-548
19.19,24.63,65.64,66.07,05-04-23-10-50-25-586
18.65,23.01,66.10,66.58,05-04-23-10-50-25-614
18.28,21.52,66.22,67.03,05-04-23-10-50-25-647
17.97,20.26,66.20,67.41,05-04-23-10-50-25-686
17.77,19.33,66.09,67.69,05-04-23-10-50-25-712
17.62,18.63,65.91,67.92,05-04-23-10-50-25-748
17.53,18.14,65.69,68.08,05-04-23-10-50-25-780
17.47,17.80,65.48,68.19,05-04-23-10-50-25-815
17.43,17.59,65.27,68.28,05-04-23-10-50-25-848
17.40,17.47,65.08,68.34,05-04-23-10-50-25-884
17.39,17.43,64.83,68.40,05-04-23-10-50-25-919
17.37,17.43,64.36,68.49,05-04-23-10-50-25-948
17.37,17.46,63.05,68.75,05-04-23-10-50-25-980
17.38,17.58,60.94,69.25,05-04-23-10-50-26-014
17.44,17.92,58.70,69.72,05-04-23-10-50-26-049
17.53,18.44,56.10,70.39,05-04-23-10-50-26-087
17.69,19.61,53.63,70.86,05-04-23-10-50-26-110
17.93,21.51,50.69,71.29,05-04-23-10-50-26-147
18.21,23.71,48.01,71.52,05-04-23-10-50-26-181
18.47,25.84,45.14,71.73,05-04-23-10-50-26-212
18.65,27.67,42.60,71.94,05-04-23-10-50-26-248
16.90,32.28,41.45,74.39,05-04-23-10-50-26-282
15.66,36.15,39.95,76.24,05-04-23-10-50-26-315
14.96,39.20,36.57,77.75,05-04-23-10-50-26-347
14.65,41.55,33.11,78.74,05-04-23-10-50-26-380
14.47,43.27,30.41,79.37,05-04-23-10-50-26-415
14.62,45.22,26.72,79.58,05-04-23-10-50-26-446
15.13,47.68,24.45,78.66,05-04-23-10-50-26-483
15.96,49.96,15.93,79.53,05-04-23-10-50-26-514
17.03,52.00,11.43,79.12,05-04-23-10-50-26-548
18.04,53.84,6.01,78.40,05-04-23-10-50-26-580
18.98,55.09,3.57,76.64,05-04-23-10-50-26-614
18.27,45.01,0.04,77.74,05-04-23-10-50-26-648
18.89,43.64,-8.23,79.13,05-04-23-10-50-26-681
19.31,42.49,-12.95,79.79,05-04-23-10-50-26-716
20.09,43.13,-15.45,79.03,05-04-23-10-50-26-746
21.03,43.42,-17.98,78.32,05-04-23-10-50-26-781
22.59,46.36,-24.72,77.40,05-04-23-10-50-26-812
28.59,53.83,-34.30,74.51,05-04-23-10-50-26-848
31.38,55.54,-42.18,71.96,05-04-23-10-50-26-882
32.83,56.26,-47.21,70.78,05-04-23-10-50-26-912
33.73,56.49,-51.79,72.66,05-04-23-10-50-26-947
34.94,60.13,-55.96,73.84,05-04-23-10-50-26-981
35.30,60.59,-58.04,73.96,05-04-23-10-50-27-013
35.60,61.22,-59.78,74.64,05-04-23-10-50-27-046
35.77,61.82,-62.85,80.29,05-04-23-10-50-27-080
35.85,62.76,-63.88,81.85,05-04-23-10-50-27-115
35.81,63.47,-64.40,82.50,05-04-23-10-50-27-147
35.71,63.92,-64.72,82.92,05-04-23-10-50-27-180
35.59,64.41,-65.18,83.10,05-04-23-10-50-27-214
35.40,64.76,-67.68,83.55,05-04-23-10-50-27-248
35.21,64.97,-69.18,83.63,05-04-23-10-50-27-283
35.06,65.12,-70.08,83.82,05-04-23-10-50-27-314
34.92,65.20,-71.01,84.53,05-04-23-10-50-27-348
34.69,65.76,-71.24,84.26,05-04-23-10-50-27-381
34.45,66.38,-71.20,83.44,05-04-23-10-50-27-414
34.17,66.96,-70.97,82.46,05-04-23-10-50-27-451
33.90,67.44,-70.66,81.50,05-04-23-10-50-27-479
33.65,67.81,-70.36,80.66,05-04-23-10-50-27-516
33.42,68.08,-70.05,79.89,05-04-23-10-50-27-547
33.22,68.27,-69.77,79.29,05-04-23-10-50-27-579
33.06,68.39,-69.54,78.83,05-04-23-10-50-27-616
32.92,68.47,-69.33,78.45,05-04-23-10-50-27-649
32.84,68.52,-69.18,78.15,05-04-23-10-50-27-679
32.76,68.55,-69.02,77.95,05-04-23-10-50-27-715
32.66,68.52,-68.82,77.76,05-04-23-10-50-27-749
32.55,68.45,-71.27,80.27,05-04-23-10-50-27-779
32.43,68.36,-70.93,79.51,05-04-23-10-50-27-814
32.35,68.18,-71.85,80.19,05-04-23-10-50-27-846
32.17,67.95,-71.97,80.58,05-04-23-10-50-27-881
31.94,67.67,-71.82,80.81,05-04-23-10-50-27-916
31.56,67.31,-71.39,81.04,05-04-23-10-50-27-951
31.07,66.87,-70.77,81.26,05-04-23-10-50-27-980
30.56,66.81,-69.80,81.50,05-04-23-10-50-28-010
30.12,66.88,-68.16,81.02,05-04-23-10-50-28-049
29.81,66.95,-65.85,79.73,05-04-23-10-50-28-080
29.54,66.76,-59.27,77.88,05-04-23-10-50-28-115
29.33,66.54,-55.53,72.20,05-04-23-10-50-28-149
29.05,66.08,-52.71,71.33,05-04-23-10-50-28-182
28.13,64.74,-49.04,70.89,05-04-23-10-50-28-213
27.78,64.34,-45.97,73.21,05-04-23-10-50-28-254
27.06,62.71,-42.07,70.33,05-04-23-10-50-28-281
26.50,61.19,-38.92,68.90,05-04-23-10-50-28-314
26.11,60.04,-36.24,67.75,05-04-23-10-50-28-347
25.20,58.98,-33.74,67.26,05-04-23-10-50-28-384
18.88,47.34,-26.26,71.46,05-04-23-10-50-28-414
16.32,38.96,-23.59,74.15,05-04-23-10-50-28-448
15.19,35.61,-22.55,75.54,05-04-23-10-50-28-480
14.05,37.80,-21.90,75.76,05-04-23-10-50-28-512
13.16,43.22,-21.57,75.36,05-04-23-10-50-28-548
12.61,49.95,-21.48,74.65,05-04-23-10-50-28-581
12.35,58.93,-19.70,68.38,05-04-23-10-50-28-615
12.67,66.35,-17.34,64.18,05-04-23-10-50-28-646
19.65,78.67,-15.92,58.84,05-04-23-10-50-28-680
22.61,80.87,15.33,65.94,05-04-23-10-50-28-713
23.73,81.63,27.95,71.08,05-04-23-10-50-28-745
24.27,81.99,33.56,74.14,05-04-23-10-50-28-780
24.31,81.74,37.00,76.08,05-04-23-10-50-28-812
23.80,80.99,38.64,77.25,05-04-23-10-50-28-848
23.02,79.93,39.59,77.98,05-04-23-10-50-28-880
22.06,78.66,40.68,78.57,05-04-23-10-50-28-913
20.95,77.68,42.12,79.07,05-04-23-10-50-28-947
19.88,77.07,44.01,79.48,05-04-23-10-50-28-980
19.15,76.59,46.86,79.72,05-04-23-10-50-29-011
18.60,76.30,49.88,79.83,05-04-23-10-50-29-048
17.53,77.41,53.18,80.59,05-04-23-10-50-29-079
16.78,78.28,56.38,81.15,05-04-23-10-50-29-114
16.20,78.96,59.00,81.57,05-04-23-10-50-29-148
19.03,57.52,56.76,72.79,05-04-23-10-50-29-178
20.75,50.60,57.29,68.96,05-04-23-10-50-29-213
21.76,47.29,57.78,66.85,05-04-23-10-50-29-246
22.46,45.40,58.58,65.48,05-04-23-10-50-29-280
22.97,44.14,59.31,64.52,05-04-23-10-50-29-315
23.31,43.23,59.89,63.92,05-04-23-10-50-29-346
23.44,42.59,60.54,63.67,05-04-23-10-50-29-381
23.37,42.09,61.07,63.78,05-04-23-10-50-29-412
23.17,41.68,61.65,64.11,05-04-23-10-50-29-450
22.88,41.32,62.02,64.56,05-04-23-10-50-29-480
22.61,41.03,62.26,64.98,05-04-23-10-50-29-518
22.35,40.81,62.39,65.39,05-04-23-10-50-29-549
22.11,40.61,62.40,65.75,05-04-23-10-50-29-588
21.90,40.45,62.35,66.06,05-04-23-10-50-29-615
21.78,40.49,62.26,66.28,05-04-23-10-50-29-649
21.72,40.66,62.17,66.43,05-04-23-10-50-29-685
21.71,40.96,62.07,66.54,05-04-23-10-50-29-715
21.72,41.23,61.97,66.61,05-04-23-10-50-29-750
21.74,41.53,61.87,66.66,05-04-23-10-50-29-780
21.76,41.80,61.76,66.71,05-04-23-10-50-29-815
21.78,42.06,61.63,66.74,05-04-23-10-50-29-847
21.80,42.29,61.50,66.77,05-04-23-10-50-29-881
21.79,42.45,61.31,66.82,05-04-23-10-50-29-916
21.78,42.61,61.11,66.88,05-04-23-10-50-29-946
21.79,42.79,60.82,66.94,05-04-23-10-50-29-981
21.80,42.97,60.23,67.04,05-04-23-10-50-30-014
21.80,43.15,59.42,67.18,05-04-23-10-50-30-048
21.82,43.32,58.46,67.36,05-04-23-10-50-30-082
21.84,43.49,57.08,67.70,05-04-23-10-50-30-117
21.86,43.68,55.24,68.12,05-04-23-10-50-30-148
21.89,43.88,53.18,68.63,05-04-23-10-50-30-182
21.48,44.38,50.82,69.31,05-04-23-10-50-30-214
20.46,46.34,48.20,71.24,05-04-23-10-50-30-249
19.32,48.85,46.18,73.26,05-04-23-10-50-30-281
18.38,51.12,44.17,74.95,05-04-23-10-50-30-318
17.76,52.85,42.09,76.20,05-04-23-10-50-30-349
17.39,54.20,39.75,77.07,05-04-23-10-50-30-381
17.18,55.16,36.61,77.67,05-04-23-10-50-30-411
17.21,56.08,32.74,77.86,05-04-23-10-50-30-450
17.40,56.70,29.84,77.77,05-04-23-10-50-30-478
17.67,57.10,27.00,77.51,05-04-23-10-50-30-518
18.03,57.30,23.77,77.35,05-04-23-10-50-30-548
18.60,57.54,18.55,77.17,05-04-23-10-50-30-581
19.13,57.62,14.15,76.38,05-04-23-10-50-30-613
19.54,57.61,12.00,75.76,05-04-23-10-50-30-645
15.22,47.69,9.23,77.13,05-04-23-10-50-30-681
15.61,47.89,7.55,75.43,05-04-23-10-50-30-723
16.24,49.06,6.37,74.20,05-04-23-10-50-30-745
17.54,45.47,5.22,75.90,05-04-23-10-50-30-778
18.69,42.74,4.50,77.12,05-04-23-10-50-30-813
19.84,42.29,3.82,77.13,05-04-23-10-50-30-845
20.91,42.58,3.33,76.82,05-04-23-10-50-30-883
21.85,42.93,-13.30,76.72,05-04-23-10-50-30-913
23.20,45.48,-20.02,75.22,05-04-23-10-50-30-946
24.99,48.58,-25.66,73.41,05-04-23-10-50-30-978
26.32,50.44,-32.81,70.82,05-04-23-10-50-31-014
27.55,51.69,-39.90,72.85,05-04-23-10-50-31-047
28.55,52.61,-43.83,74.39,05-04-23-10-50-31-081
29.35,52.83,-46.74,76.39,05-04-23-10-50-31-114
29.98,54.63,-48.98,77.44,05-04-23-10-50-31-147
30.38,55.77,-50.59,78.39,05-04-23-10-50-31-180
31.95,61.82,-53.89,77.46,05-04-23-10-50-31-212
32.81,64.59,-57.12,80.28,05-04-23-10-50-31-246
33.25,65.98,-58.48,81.35,05-04-23-10-50-31-280
33.42,66.64,-59.31,82.08,05-04-23-10-50-31-311
33.56,66.87,-59.95,82.57,05-04-23-10-50-31-350
33.75,66.94,-60.90,83.12,05-04-23-10-50-31-382
34.20,66.90,-62.38,83.57,05-04-23-10-50-31-413
34.54,66.70,-64.37,84.46,05-04-23-10-50-31-449
34.80,66.19,-65.81,85.30,05-04-23-10-50-31-480
34.94,65.53,-66.82,85.95,05-04-23-10-50-31-515
35.22,65.14,-67.86,85.15,05-04-23-10-50-31-565
35.34,64.85,-68.52,84.24,05-04-23-10-50-31-580
35.34,64.87,-68.92,83.16,05-04-23-10-50-31-621
35.29,64.96,-71.21,83.66,05-04-23-10-50-31-648
35.18,65.04,-72.30,83.74,05-04-23-10-50-31-686
35.04,65.12,-74.59,85.45,05-04-23-10-50-31-713
34.86,65.18,-74.88,85.34,05-04-23-10-50-31-747
34.68,65.25,-75.25,85.38,05-04-23-10-50-31-780
34.47,65.39,-75.36,85.26,05-04-23-10-50-31-814
34.27,65.53,-75.35,85.11,05-04-23-10-50-31-850
34.09,65.63,-74.19,83.05,05-04-23-10-50-31-883
33.92,65.73,-74.20,83.02,05-04-23-10-50-31-915
33.77,65.81,-74.01,82.96,05-04-23-10-50-31-949
33.62,65.86,-73.46,82.51,05-04-23-10-50-31-980
33.49,65.89,-72.97,82.13,05-04-23-10-50-32-013
33.37,65.90,-72.57,81.84,05-04-23-10-50-32-046
33.26,65.90,-72.04,81.02,05-04-23-10-50-32-081
33.16,65.88,-72.78,82.05,05-04-23-10-50-32-112
33.06,65.83,-72.36,80.85,05-04-23-10-50-32-148
32.96,65.77,-72.27,80.64,05-04-23-10-50-32-180
32.86,65.69,-72.95,81.26,05-04-23-10-50-32-212
32.74,65.58,-73.20,81.66,05-04-23-10-50-32-246
32.59,65.45,-73.28,81.93,05-04-23-10-50-32-280
32.45,65.32,-71.42,80.05,05-04-23-10-50-32-313
32.14,65.14,-70.59,79.95,05-04-23-10-50-32-346
31.78,64.87,-69.80,80.04,05-04-23-10-50-32-381
31.16,64.07,-68.70,81.26,05-04-23-10-50-32-412
30.71,63.33,-67.86,82.42,05-04-23-10-50-32-446
30.38,62.73,-63.48,80.39,05-04-23-10-50-32-481
30.28,62.54,-61.47,80.64,05-04-23-10-50-32-511
30.25,62.47,-60.13,80.98,05-04-23-10-50-32-548
30.29,62.78,-58.89,80.98,05-04-23-10-50-32-581
30.27,62.77,-57.80,81.07,05-04-23-10-50-32-612
30.22,62.65,-56.59,81.07,05-04-23-10-50-32-649
30.39,63.62,-55.65,80.72,05-04-23-10-50-32-681
30.42,63.99,-54.44,80.56,05-04-23-10-50-32-715
30.44,64.30,-52.19,80.46,05-04-23-10-50-32-749
28.85,62.54,-44.54,75.56,05-04-23-10-50-32-780
27.79,60.39,-40.64,74.75,05-04-23-10-50-32-816
27.38,59.71,-38.28,74.13,05-04-23-10-50-32-846
26.97,58.96,-31.62,67.88,05-04-23-10-50-32-881
26.40,58.36,-28.89,66.73,05-04-23-10-50-32-914
23.61,51.90,-25.11,69.19,05-04-23-10-50-32-947
21.41,44.19,-22.76,72.32,05-04-23-10-50-32-980
20.22,39.72,-21.79,74.69,05-04-23-10-50-33-012
19.62,37.41,-21.82,77.20,05-04-23-10-50-33-048
22.80,70.11,-22.76,66.95,05-04-23-10-50-33-077
25.18,79.43,-23.69,64.02,05-04-23-10-50-33-114
19.64,86.32,-20.29,68.88,05-04-23-10-50-33-150
17.07,91.19,-20.33,73.30,05-04-23-10-50-33-181
15.59,93.42,-15.82,70.33,05-04-23-10-50-33-213
16.41,89.40,-9.19,63.82,05-04-23-10-50-33-247
16.20,86.99,-7.55,62.91,05-04-23-10-50-33-284
16.26,84.24,-6.90,62.35,05-04-23-10-50-33-319
16.68,81.37,-1.56,64.62,05-04-23-10-50-33-349
17.56,78.09,-0.24,65.13,05-04-23-10-50-33-382
18.42,75.74,0.22,65.24,05-04-23-10-50-33-411
19.01,74.38,21.81,72.38,05-04-23-10-50-33-447
19.50,73.38,34.22,77.64,05-04-23-10-50-33-482
19.89,72.73,37.90,79.04,05-04-23-10-50-33-520
20.19,72.31,40.13,79.86,05-04-23-10-50-33-549
20.39,72.04,41.36,80.13,05-04-23-10-50-33-582
20.55,71.85,42.09,79.93,05-04-23-10-50-33-613
20.59,71.69,42.59,79.57,05-04-23-10-50-33-649
20.53,71.54,43.01,79.15,05-04-23-10-50-33-683
20.18,71.44,43.21,79.13,05-04-23-10-50-33-711
19.79,71.41,43.41,79.23,05-04-23-10-50-33-748
19.45,71.44,43.71,79.39,05-04-23-10-50-33-779
19.04,71.66,44.02,79.73,05-04-23-10-50-33-821
18.46,72.14,44.43,80.32,05-04-23-10-50-33-848
17.96,72.72,44.99,80.89,05-04-23-10-50-33-879
17.40,73.70,45.75,81.61,05-04-23-10-50-33-915
16.95,74.68,46.61,82.26,05-04-23-10-50-33-947
16.64,75.37,47.79,82.73,05-04-23-10-50-33-981
16.25,76.28,49.06,83.38,05-04-23-10-50-34-012
15.98,76.93,50.56,83.91,05-04-23-10-50-34-047
15.80,77.35,52.22,84.40,05-04-23-10-50-34-089
15.69,77.61,53.57,84.74,05-04-23-10-50-34-116
15.62,77.78,54.66,85.03,05-04-23-10-50-34-147
15.57,77.87,55.84,85.34,05-04-23-10-50-34-181
15.52,77.86,56.81,85.61,05-04-23-10-50-34-214
15.48,77.80,57.72,85.90,05-04-23-10-50-34-249
15.44,77.68,58.97,86.27,05-04-23-10-50-34-281
15.39,77.50,59.92,86.57,05-04-23-10-50-34-312
18.94,51.01,55.20,77.22,05-04-23-10-50-34-357
21.43,42.56,53.01,73.26,05-04-23-10-50-34-385
22.80,39.15,52.28,71.44,05-04-23-10-50-34-415
23.66,37.32,52.09,70.41,05-04-23-10-50-34-448
24.28,36.14,52.01,69.71,05-04-23-10-50-34-483
24.55,35.56,52.16,69.45,05-04-23-10-50-34-513
24.55,35.48,52.64,69.54,05-04-23-10-50-34-551
24.38,35.67,53.38,69.86,05-04-23-10-50-34-583
24.08,36.06,54.13,70.33,05-04-23-10-50-34-615
23.78,36.56,54.84,70.82,05-04-23-10-50-34-647
23.42,37.10,55.44,71.35,05-04-23-10-50-34-680
23.02,37.63,55.96,71.90,05-04-23-10-50-34-713
22.69,38.09,56.37,72.35,05-04-23-10-50-34-756
22.47,38.44,56.68,72.67,05-04-23-10-50-34-785
22.32,38.71,56.89,72.89,05-04-23-10-50-34-816
22.22,38.96,57.10,73.05,05-04-23-10-50-34-845
22.16,39.17,57.27,73.15,05-04-23-10-50-34-880
22.12,39.36,57.46,73.22,05-04-23-10-50-34-915
22.09,39.52,57.66,73.28,05-04-23-10-50-34-954
22.06,39.64,57.83,73.32,05-04-23-10-50-34-981
22.03,39.75,58.02,73.36,05-04-23-10-50-35-011
21.99,39.83,58.19,73.41,05-04-23-10-50-35-048
21.95,39.88,58.34,73.44,05-04-23-10-50-35-081
21.93,39.92,58.48,73.45,05-04-23-10-50-35-111
21.91,39.97,58.65,73.43,05-04-23-10-50-35-153
21.89,40.01,58.81,73.41,05-04-23-10-50-35-182
21.88,40.05,58.93,73.38,05-04-23-10-50-35-213
21.88,40.08,59.05,73.34,05-04-23-10-50-35-246
21.88,40.11,59.13,73.30,05-04-23-10-50-35-283
21.89,40.13,59.21,73.26,05-04-23-10-50-35-311
21.88,40.14,59.26,73.21,05-04-23-10-50-35-347
21.88,40.14,59.28,73.17,05-04-23-10-50-35-382
21.88,40.12,59.27,73.14,05-04-23-10-50-35-412
21.88,40.09,59.23,73.11,05-04-23-10-50-35-446
21.87,40.05,59.18,73.08,05-04-23-10-50-35-483
21.87,40.00,59.13,73.04,05-04-23-10-50-35-515
21.88,39.94,59.07,73.00,05-04-23-10-50-35-549
21.87,39.84,59.02,72.93,05-04-23-10-50-35-580
21.85,39.72,58.96,72.86,05-04-23-10-50-35-616
21.79,39.58,58.88,72.82,05-04-23-10-50-35-649
21.69,39.38,58.79,72.65,05-04-23-10-50-35-680
21.50,38.99,58.59,72.20,05-04-23-10-50-35-719
21.21,38.17,58.19,70.46,05-04-23-10-50-35-747
20.63,36.24,57.35,66.17,05-04-23-10-50-35-783
19.70,32.27,54.82,62.08,05-04-23-10-50-35-816
18.18,27.73,51.27,57.21,05-04-23-10-50-35-846
14.66,17.66,46.12,56.22,05-04-23-10-50-35-881
13.04,10.25,42.70,54.46,05-04-23-10-50-35-914
12.24,4.92,39.41,51.64,05-04-23-10-50-35-946
11.80,1.01,34.59,45.80,05-04-23-10-50-35-979
11.61,-2.36,31.84,43.75,05-04-23-10-50-36-013
11.54,-4.88,26.13,36.80,05-04-23-10-50-36-048
11.66,-6.27,22.09,34.03,05-04-23-10-50-36-082
11.96,-5.98,16.44,30.44,05-04-23-10-50-36-115
12.09,-4.73,666.00,27.74,05-04-23-10-50-36-147
10.66,-3.19,666.00,21.17,05-04-23-10-50-36-606
9.72,-2.13,666.00,19.20,05-04-23-10-50-36-618
9.09,-1.31,666.00,18.19,05-04-23-10-50-36-649
8.63,-0.97,666.00,18.24,05-04-23-10-50-36-680
8.27,-0.77,666.00,19.24,05-04-23-10-50-36-712
7.97,-0.48,666.00,20.44,05-04-23-10-50-36-748
7.72,0.05,666.00,21.53,05-04-23-10-50-36-782
7.47,1.98,666.00,22.41,05-04-23-10-50-36-814
7.24,4.86,666.00,22.82,05-04-23-10-50-36-846
7.05,7.79,666.00,22.83,05-04-23-10-50-36-880
6.88,11.20,666.00,22.69,05-04-23-10-50-36-911
6.73,15.75,666.00,22.17,05-04-23-10-50-36-948
6.61,19.39,666.00,21.65,05-04-23-10-50-36-981
6.52,22.10,666.00,21.19,05-04-23-10-50-37-014
6.45,24.41,666.00,20.78,05-04-23-10-50-37-046
6.40,26.17,666.00,20.47,05-04-23-10-50-37-079
6.36,27.41,666.00,20.29,05-04-23-10-50-37-114
