14.45,65.12,666.00,5.03,20-04-23-09-37-51-143
14.44,65.12,666.00,5.01,20-04-23-09-37-51-157
14.43,65.10,666.00,4.98,20-04-23-09-37-51-169
14.43,65.16,666.00,4.95,20-04-23-09-37-51-202
14.41,65.16,666.00,4.95,20-04-23-09-37-51-234
14.42,65.14,666.00,4.94,20-04-23-09-37-51-268
14.43,65.11,666.00,4.91,20-04-23-09-37-51-305
14.44,65.06,666.00,4.89,20-04-23-09-37-51-335
14.46,64.99,666.00,4.85,20-04-23-09-37-51-371
14.48,64.91,666.00,4.82,20-04-23-09-37-51-404
14.49,64.88,666.00,4.79,20-04-23-09-37-51-436
14.50,64.83,666.00,4.76,20-04-23-09-37-51-468
14.52,64.80,666.00,4.73,20-04-23-09-37-51-502
14.53,64.77,666.00,4.71,20-04-23-09-37-51-536
14.54,64.73,666.00,4.70,20-04-23-09-37-51-570
14.54,64.68,666.00,4.69,20-04-23-09-37-51-603
14.55,64.62,666.00,4.68,20-04-23-09-37-51-635
14.55,64.54,666.00,4.68,20-04-23-09-37-51-666
14.55,64.49,666.00,4.69,20-04-23-09-37-51-703
14.55,64.46,666.00,4.69,20-04-23-09-37-51-735
14.55,64.42,666.00,4.69,20-04-23-09-37-51-767
14.55,64.39,666.00,4.70,20-04-23-09-37-51-801
14.55,64.37,666.00,4.70,20-04-23-09-37-51-836
14.55,64.39,666.00,4.71,20-04-23-09-37-51-868
14.55,64.41,666.00,4.71,20-04-23-09-37-51-901
14.54,64.40,666.00,4.72,20-04-23-09-37-51-932
14.53,64.31,666.00,4.75,20-04-23-09-37-51-966
14.51,63.81,666.00,4.80,20-04-23-09-37-52-001
14.43,62.58,666.00,4.69,20-04-23-09-37-52-032
14.34,59.12,666.00,4.69,20-04-23-09-37-52-067
14.86,49.25,666.00,6.93,20-04-23-09-37-52-102
16.30,40.22,666.00,8.18,20-04-23-09-37-52-150
18.04,34.08,666.00,9.68,20-04-23-09-37-52-167
20.89,28.99,666.00,11.13,20-04-23-09-37-52-204
23.90,25.85,666.00,12.35,20-04-23-09-37-52-234
27.24,23.09,666.00,13.63,20-04-23-09-37-52-267
31.29,20.95,666.00,14.55,20-04-23-09-37-52-300
34.87,19.69,666.00,15.07,20-04-23-09-37-52-336
38.57,19.32,666.00,15.93,20-04-23-09-37-52-370
41.89,19.06,666.00,15.60,20-04-23-09-37-52-400
45.66,18.98,666.00,15.09,20-04-23-09-37-52-439
48.38,18.82,666.00,15.26,20-04-23-09-37-52-469
52.04,19.08,666.00,12.63,20-04-23-09-37-52-500
54.83,19.50,666.00,11.85,20-04-23-09-37-52-537
57.42,19.89,666.00,10.04,20-04-23-09-37-52-568
59.34,20.10,666.00,13.01,20-04-23-09-37-52-601
61.19,20.05,666.00,12.96,20-04-23-09-37-52-636
63.07,20.00,666.00,11.83,20-04-23-09-37-52-667
65.47,19.77,666.00,9.05,20-04-23-09-37-52-702
67.41,19.37,666.00,8.10,20-04-23-09-37-52-738
69.02,19.01,666.00,7.48,20-04-23-09-37-52-767
72.14,18.69,666.00,5.61,20-04-23-09-37-52-802
73.66,18.36,666.00,5.85,20-04-23-09-37-52-833
75.47,17.97,666.00,5.90,20-04-23-09-37-52-867
77.16,17.67,666.00,6.22,20-04-23-09-37-52-904
78.46,17.46,666.00,5.96,20-04-23-09-37-52-935
79.57,17.30,666.00,5.75,20-04-23-09-37-52-970
80.53,17.18,666.00,5.52,20-04-23-09-37-53-001
81.35,17.04,666.00,5.29,20-04-23-09-37-53-033
82.24,16.90,666.00,4.94,20-04-23-09-37-53-068
83.03,16.76,666.00,4.78,20-04-23-09-37-53-101
83.88,16.60,666.00,4.81,20-04-23-09-37-53-135
84.87,16.37,666.00,4.96,20-04-23-09-37-53-166
85.89,16.09,666.00,4.89,20-04-23-09-37-53-200
86.90,15.82,666.00,5.18,20-04-23-09-37-53-235
87.78,15.56,666.00,5.38,20-04-23-09-37-53-268
88.73,15.26,666.00,5.36,20-04-23-09-37-53-301
89.67,14.94,666.00,5.14,20-04-23-09-37-53-336
90.61,14.70,666.00,4.78,20-04-23-09-37-53-367
91.39,14.51,666.00,4.40,20-04-23-09-37-53-402
91.82,14.47,666.00,4.09,20-04-23-09-37-53-436
91.97,14.53,666.00,3.81,20-04-23-09-37-53-468
92.01,14.65,666.00,3.59,20-04-23-09-37-53-503
92.04,14.74,666.00,3.39,20-04-23-09-37-53-536
92.04,14.86,666.00,3.30,20-04-23-09-37-53-569
92.04,14.97,666.00,3.25,20-04-23-09-37-53-602
92.09,15.12,666.00,3.35,20-04-23-09-37-53-635
92.12,15.34,666.00,5.18,20-04-23-09-37-53-668
92.10,15.77,666.00,7.18,20-04-23-09-37-53-702
92.08,16.60,666.00,8.44,20-04-23-09-37-53-736
91.94,17.68,666.00,8.66,20-04-23-09-37-53-768
91.46,19.99,666.00,7.45,20-04-23-09-37-53-802
91.07,22.77,666.00,6.92,20-04-23-09-37-53-835
90.88,24.76,666.00,7.54,20-04-23-09-37-53-869
90.87,26.90,666.00,6.89,20-04-23-09-37-53-902
91.32,31.98,666.00,0.28,20-04-23-09-37-53-935
91.67,34.39,666.00,1.06,20-04-23-09-37-53-968
91.97,36.04,666.00,3.95,20-04-23-09-37-54-001
92.24,37.40,666.00,6.13,20-04-23-09-37-54-036
92.39,39.69,666.00,5.61,20-04-23-09-37-54-068
92.80,42.65,666.00,6.51,20-04-23-09-37-54-101
93.63,47.84,666.00,1.50,20-04-23-09-37-54-135
94.26,50.81,666.00,3.01,20-04-23-09-37-54-168
94.64,52.53,666.00,3.09,20-04-23-09-37-54-204
94.94,53.89,666.00,1.45,20-04-23-09-37-54-235
96.69,60.18,666.00,9.05,20-04-23-09-37-54-266
97.21,62.97,666.00,12.54,20-04-23-09-37-54-301
97.44,64.18,666.00,11.70,20-04-23-09-37-54-336
97.52,64.95,666.00,6.57,20-04-23-09-37-54-367
96.58,68.68,666.00,5.25,20-04-23-09-37-54-403
94.51,72.49,666.00,3.44,20-04-23-09-37-54-433
92.91,73.92,666.00,2.20,20-04-23-09-37-54-468
90.46,76.93,666.00,7.10,20-04-23-09-37-54-503
89.33,78.28,666.00,8.46,20-04-23-09-37-54-536
88.42,78.63,666.00,9.57,20-04-23-09-37-54-567
87.72,78.70,666.00,10.65,20-04-23-09-37-54-602
87.18,78.59,666.00,13.34,20-04-23-09-37-54-636
73.43,78.87,-5.34,32.03,20-04-23-09-37-54-669
66.44,77.64,-4.40,40.76,20-04-23-09-37-54-703
83.74,83.33,666.00,23.56,20-04-23-09-37-54-736
82.29,82.47,666.00,25.24,20-04-23-09-37-54-765
83.96,74.50,666.00,25.05,20-04-23-09-37-54-801
87.35,75.49,666.00,19.66,20-04-23-09-37-54-834
90.90,76.25,666.00,14.93,20-04-23-09-37-54-864
92.64,77.40,666.00,12.43,20-04-23-09-37-54-900
93.09,77.73,666.00,11.68,20-04-23-09-37-54-937
93.07,78.93,666.00,11.73,20-04-23-09-37-54-968
100.15,80.23,666.00,5.18,20-04-23-09-37-55-002
102.72,81.13,666.00,6.35,20-04-23-09-37-55-035
103.91,81.11,666.00,6.97,20-04-23-09-37-55-069
90.06,76.41,666.00,12.19,20-04-23-09-37-55-103
90.94,76.88,666.00,11.75,20-04-23-09-37-55-133
105.15,81.21,666.00,7.44,20-04-23-09-37-55-167
91.43,77.75,666.00,12.88,20-04-23-09-37-55-199
104.77,81.13,666.00,7.08,20-04-23-09-37-55-235
104.43,81.49,666.00,7.29,20-04-23-09-37-55-269
104.24,81.53,666.00,7.16,20-04-23-09-37-55-301
104.15,81.59,666.00,7.08,20-04-23-09-37-55-334
104.04,80.73,666.00,6.33,20-04-23-09-37-55-367
103.97,80.31,666.00,6.25,20-04-23-09-37-55-402
103.72,79.93,666.00,6.25,20-04-23-09-37-55-435
94.13,78.37,666.00,12.23,20-04-23-09-37-55-468
101.75,80.37,666.00,7.76,20-04-23-09-37-55-501
100.98,80.74,666.00,8.52,20-04-23-09-37-55-533
100.37,81.01,666.00,9.12,20-04-23-09-37-55-571
99.98,81.51,666.00,9.71,20-04-23-09-37-55-601
99.88,82.07,666.00,10.01,20-04-23-09-37-55-633
94.95,80.96,666.00,19.96,20-04-23-09-37-55-667
95.32,81.27,666.00,23.15,20-04-23-09-37-55-700
95.63,81.87,666.00,24.50,20-04-23-09-37-55-735
95.97,82.45,666.00,25.33,20-04-23-09-37-55-764
98.09,70.48,666.00,14.46,20-04-23-09-37-55-800
99.16,60.96,666.00,3.64,20-04-23-09-37-55-832
105.42,54.38,666.00,15.01,20-04-23-09-37-55-868
105.88,51.69,666.00,18.42,20-04-23-09-37-55-900
105.48,50.25,666.00,17.84,20-04-23-09-37-55-934
101.42,48.23,666.00,13.08,20-04-23-09-37-55-967
99.28,45.30,666.00,12.99,20-04-23-09-37-56-002
98.12,44.27,666.00,7.69,20-04-23-09-37-56-035
97.87,43.58,666.00,6.39,20-04-23-09-37-56-069
98.65,43.21,666.00,2.75,20-04-23-09-37-56-102
99.47,43.06,666.00,2.98,20-04-23-09-37-56-133
99.86,43.23,666.00,4.80,20-04-23-09-37-56-167
100.48,42.42,666.00,6.41,20-04-23-09-37-56-200
101.10,39.09,666.00,6.09,20-04-23-09-37-56-234
100.95,36.61,666.00,4.25,20-04-23-09-37-56-268
100.61,35.53,666.00,4.02,20-04-23-09-37-56-304
100.13,34.66,666.00,3.33,20-04-23-09-37-56-333
99.56,34.05,666.00,2.49,20-04-23-09-37-56-367
98.91,32.45,666.00,0.95,20-04-23-09-37-56-401
98.41,31.58,666.00,2.04,20-04-23-09-37-56-435
98.04,31.24,666.00,3.55,20-04-23-09-37-56-467
97.87,29.91,666.00,3.75,20-04-23-09-37-56-503
97.91,28.37,666.00,3.84,20-04-23-09-37-56-536
98.68,22.86,666.00,3.92,20-04-23-09-37-56-569
99.06,20.65,666.00,5.58,20-04-23-09-37-56-600
99.40,18.25,666.00,8.05,20-04-23-09-37-56-634
99.61,16.02,666.00,8.53,20-04-23-09-37-56-670
99.56,14.58,666.00,8.73,20-04-23-09-37-56-701
99.45,13.77,666.00,7.95,20-04-23-09-37-56-736
99.32,13.30,666.00,3.15,20-04-23-09-37-56-769
99.00,13.12,666.00,3.28,20-04-23-09-37-56-800
98.70,13.12,666.00,4.32,20-04-23-09-37-56-835
98.41,13.21,666.00,6.28,20-04-23-09-37-56-867
98.12,13.22,666.00,7.75,20-04-23-09-37-56-902
97.82,13.23,666.00,9.03,20-04-23-09-37-56-937
97.53,13.10,666.00,10.08,20-04-23-09-37-56-965
97.23,12.91,666.00,16.59,20-04-23-09-37-57-003
96.91,12.59,666.00,18.27,20-04-23-09-37-57-034
96.63,12.41,666.00,18.80,20-04-23-09-37-57-066
96.30,12.06,666.00,18.41,20-04-23-09-37-57-102
96.01,11.72,666.00,17.89,20-04-23-09-37-57-137
95.74,11.35,666.00,17.12,20-04-23-09-37-57-169
95.52,11.07,666.00,16.34,20-04-23-09-37-57-201
95.33,10.77,666.00,15.64,20-04-23-09-37-57-233
95.16,10.49,666.00,15.25,20-04-23-09-37-57-268
95.00,10.31,666.00,14.86,20-04-23-09-37-57-304
94.87,10.18,666.00,14.53,20-04-23-09-37-57-335
94.76,10.07,666.00,14.14,20-04-23-09-37-57-368
94.68,9.98,666.00,13.69,20-04-23-09-37-57-402
94.60,9.83,666.00,11.56,20-04-23-09-37-57-439
94.57,9.77,666.00,9.51,20-04-23-09-37-57-468
94.57,9.90,666.00,4.40,20-04-23-09-37-57-501
94.62,10.43,666.00,1.82,20-04-23-09-37-57-535
94.70,11.13,666.00,0.52,20-04-23-09-37-57-569
94.84,12.33,666.00,0.45,20-04-23-09-37-57-601
95.03,13.70,666.00,0.76,20-04-23-09-37-57-635
95.21,14.87,666.00,1.04,20-04-23-09-37-57-670
95.41,16.18,666.00,1.70,20-04-23-09-37-57-701
95.65,17.61,666.00,2.37,20-04-23-09-37-57-736
95.89,19.15,666.00,1.77,20-04-23-09-37-57-766
96.15,20.85,666.00,2.74,20-04-23-09-37-57-802
96.45,22.46,666.00,3.65,20-04-23-09-37-57-835
96.63,24.29,666.00,6.46,20-04-23-09-37-57-870
96.69,26.03,666.00,7.48,20-04-23-09-37-57-901
96.64,28.69,666.00,6.16,20-04-23-09-37-57-931
96.60,31.74,666.00,4.37,20-04-23-09-37-57-969
96.63,37.03,666.00,1.86,20-04-23-09-37-58-002
96.57,39.40,666.00,0.86,20-04-23-09-37-58-037
96.66,41.03,666.00,1.33,20-04-23-09-37-58-066
96.81,42.40,666.00,2.04,20-04-23-09-37-58-101
96.90,44.26,666.00,5.87,20-04-23-09-37-58-135
96.88,46.51,666.00,7.22,20-04-23-09-37-58-169
96.90,49.46,666.00,3.97,20-04-23-09-37-58-206
96.97,52.42,666.00,6.18,20-04-23-09-37-58-233
97.75,58.13,666.00,3.53,20-04-23-09-37-58-270
98.42,62.43,666.00,10.64,20-04-23-09-37-58-303
98.51,64.12,666.00,10.81,20-04-23-09-37-58-335
98.08,65.69,666.00,2.96,20-04-23-09-37-58-369
95.25,71.03,666.00,8.00,20-04-23-09-37-58-402
94.72,74.30,666.00,9.68,20-04-23-09-37-58-433
93.98,75.55,666.00,10.20,20-04-23-09-37-58-474
93.38,76.25,666.00,10.08,20-04-23-09-37-58-500
91.63,77.53,666.00,12.77,20-04-23-09-37-58-534
90.76,77.56,666.00,12.67,20-04-23-09-37-58-567
89.96,77.03,666.00,13.14,20-04-23-09-37-58-602
89.49,76.37,666.00,13.44,20-04-23-09-37-58-631
88.33,75.55,666.00,14.33,20-04-23-09-37-58-666
87.06,74.11,666.00,15.53,20-04-23-09-37-58-703
86.11,72.72,666.00,16.57,20-04-23-09-37-58-734
82.52,82.15,666.00,22.23,20-04-23-09-37-58-765
51.06,82.50,16.26,52.85,20-04-23-09-37-58-803
47.67,81.91,16.20,56.19,20-04-23-09-37-58-837
45.77,81.02,16.64,57.93,20-04-23-09-37-58-870
46.08,80.65,17.60,56.85,20-04-23-09-37-58-905
78.08,80.51,666.00,11.67,20-04-23-09-37-58-935
97.92,80.19,161.09,41.04,20-04-23-09-37-58-969
103.85,80.94,163.04,51.90,20-04-23-09-37-59-001
106.63,81.71,164.83,57.31,20-04-23-09-37-59-035
108.03,82.57,165.95,59.89,20-04-23-09-37-59-071
108.19,83.66,166.39,59.77,20-04-23-09-37-59-102
107.40,84.86,166.18,57.60,20-04-23-09-37-59-138
106.13,86.10,165.48,54.38,20-04-23-09-37-59-165
64.32,89.86,36.59,33.34,20-04-23-09-37-59-201
77.63,90.31,666.00,18.95,20-04-23-09-37-59-233
83.22,90.79,666.00,17.43,20-04-23-09-37-59-268
68.18,89.43,33.22,32.47,20-04-23-09-37-59-301
86.10,84.96,666.00,22.12,20-04-23-09-37-59-332
92.70,83.92,666.00,20.90,20-04-23-09-37-59-370
96.55,83.72,666.00,19.71,20-04-23-09-37-59-404
98.51,83.70,666.00,19.72,20-04-23-09-37-59-433
99.41,83.67,666.00,19.39,20-04-23-09-37-59-467
99.41,83.86,666.00,6.63,20-04-23-09-37-59-503
99.09,83.97,666.00,3.96,20-04-23-09-37-59-534
98.54,84.14,666.00,5.32,20-04-23-09-37-59-567
97.93,84.37,666.00,6.74,20-04-23-09-37-59-603
88.79,84.81,666.00,20.22,20-04-23-09-37-59-636
75.00,87.15,35.51,35.24,20-04-23-09-37-59-669
52.15,93.81,30.42,58.15,20-04-23-09-37-59-704
48.28,95.03,30.40,62.12,20-04-23-09-37-59-735
45.99,95.89,30.34,64.26,20-04-23-09-37-59-768
45.52,96.32,30.14,64.43,20-04-23-09-37-59-803
50.28,88.37,27.23,57.40,20-04-23-09-37-59-831
70.05,78.81,23.54,53.02,20-04-23-09-37-59-869
83.38,73.46,26.73,37.92,20-04-23-09-37-59-903
88.97,71.36,29.42,33.75,20-04-23-09-37-59-936
92.05,70.25,33.70,30.75,20-04-23-09-37-59-971
100.83,57.91,666.00,8.04,20-04-23-09-38-00-004
103.96,53.14,666.00,4.91,20-04-23-09-38-00-035
104.82,49.44,666.00,12.44,20-04-23-09-38-00-068
105.09,48.15,666.00,15.05,20-04-23-09-38-00-105
104.83,47.44,666.00,14.51,20-04-23-09-38-00-132
104.35,46.97,666.00,14.18,20-04-23-09-38-00-168
102.51,45.39,666.00,10.87,20-04-23-09-38-00-202
101.38,44.64,666.00,8.23,20-04-23-09-38-00-235
100.67,44.07,666.00,7.27,20-04-23-09-38-00-267
99.90,42.85,666.00,5.83,20-04-23-09-38-00-302
98.40,38.89,666.00,4.84,20-04-23-09-38-00-334
97.71,37.58,666.00,4.33,20-04-23-09-38-00-370
96.94,36.58,666.00,2.83,20-04-23-09-38-00-398
96.20,35.91,666.00,2.04,20-04-23-09-38-00-435
95.60,35.41,666.00,3.29,20-04-23-09-38-00-466
95.20,33.82,666.00,3.98,20-04-23-09-38-00-502
94.87,32.67,666.00,4.70,20-04-23-09-38-00-534
94.84,31.05,666.00,3.84,20-04-23-09-38-00-567
94.84,29.62,666.00,4.03,20-04-23-09-38-00-602
94.80,28.39,666.00,4.38,20-04-23-09-38-00-635
94.73,27.33,666.00,4.80,20-04-23-09-38-00-669
94.75,25.89,666.00,4.54,20-04-23-09-38-00-701
94.81,24.73,666.00,5.00,20-04-23-09-38-00-733
94.86,23.91,666.00,5.51,20-04-23-09-38-00-767
94.75,17.66,666.00,4.95,20-04-23-09-38-00-801
94.68,15.39,666.00,7.29,20-04-23-09-38-00-834
94.61,14.34,666.00,7.05,20-04-23-09-38-00-867
94.55,13.71,666.00,5.55,20-04-23-09-38-00-902
94.48,13.32,666.00,3.38,20-04-23-09-38-00-934
94.42,13.00,666.00,1.44,20-04-23-09-38-00-964
94.42,12.46,666.00,1.31,20-04-23-09-38-01-001
94.41,11.84,666.00,2.08,20-04-23-09-38-01-035
94.42,11.17,666.00,3.27,20-04-23-09-38-01-068
94.45,10.60,666.00,4.14,20-04-23-09-38-01-103
94.53,9.80,666.00,3.83,20-04-23-09-38-01-136
94.66,8.81,666.00,2.90,20-04-23-09-38-01-171
94.77,8.10,666.00,2.58,20-04-23-09-38-01-202
94.86,7.59,666.00,3.74,20-04-23-09-38-01-236
94.95,7.18,666.00,5.16,20-04-23-09-38-01-268
95.04,6.85,666.00,5.88,20-04-23-09-38-01-302
95.14,6.53,666.00,5.90,20-04-23-09-38-01-335
95.20,6.33,666.00,5.82,20-04-23-09-38-01-367
95.24,6.19,666.00,6.06,20-04-23-09-38-01-401
95.26,6.10,666.00,6.12,20-04-23-09-38-01-434
95.27,6.07,666.00,5.98,20-04-23-09-38-01-464
95.27,6.08,666.00,5.61,20-04-23-09-38-01-502
95.27,6.12,666.00,4.93,20-04-23-09-38-01-536
95.26,6.20,666.00,3.43,20-04-23-09-38-01-567
95.24,6.32,666.00,2.20,20-04-23-09-38-01-603
95.22,6.71,666.00,2.94,20-04-23-09-38-01-634
95.24,7.69,666.00,4.21,20-04-23-09-38-01-666
95.29,9.05,666.00,5.14,20-04-23-09-38-01-701
95.41,10.76,666.00,8.09,20-04-23-09-38-01-733
95.52,13.10,666.00,6.30,20-04-23-09-38-01-767
95.65,16.00,666.00,4.94,20-04-23-09-38-01-804
95.74,19.07,666.00,5.04,20-04-23-09-38-01-834
95.81,21.73,666.00,9.32,20-04-23-09-38-01-866
95.87,24.57,666.00,9.83,20-04-23-09-38-01-902
95.87,31.21,666.00,2.97,20-04-23-09-38-01-933
95.79,33.87,666.00,3.31,20-04-23-09-38-01-966
95.56,36.48,666.00,4.06,20-04-23-09-38-02-003
95.34,37.98,666.00,4.23,20-04-23-09-38-02-034
95.21,39.26,666.00,4.44,20-04-23-09-38-02-066
95.14,40.49,666.00,4.94,20-04-23-09-38-02-102
96.18,44.16,666.00,0.98,20-04-23-09-38-02-135
96.39,45.89,666.00,2.81,20-04-23-09-38-02-167
96.42,47.66,666.00,3.07,20-04-23-09-38-02-200
96.03,51.89,666.00,0.41,20-04-23-09-38-02-235
96.40,56.37,666.00,4.52,20-04-23-09-38-02-269
96.54,58.82,666.00,1.75,20-04-23-09-38-02-304
97.09,67.11,666.00,11.30,20-04-23-09-38-02-335
96.95,70.79,666.00,14.94,20-04-23-09-38-02-367
95.83,73.02,666.00,13.13,20-04-23-09-38-02-401
95.03,74.38,666.00,10.54,20-04-23-09-38-02-435
93.96,75.30,666.00,7.52,20-04-23-09-38-02-468
92.21,74.98,666.00,7.00,20-04-23-09-38-02-505
89.72,74.98,666.00,15.15,20-04-23-09-38-02-533
88.12,74.20,666.00,21.82,20-04-23-09-38-02-567
87.22,73.24,666.00,26.21,20-04-23-09-38-02-600
86.62,72.32,666.00,29.52,20-04-23-09-38-02-633
78.50,75.48,-2.60,40.86,20-04-23-09-38-02-668
77.54,75.32,-1.10,43.91,20-04-23-09-38-02-700
76.77,74.89,-0.20,46.03,20-04-23-09-38-02-734
76.90,73.59,-0.59,46.79,20-04-23-09-38-02-768
78.38,71.26,-2.86,45.85,20-04-23-09-38-02-799
81.60,67.03,-8.50,43.16,20-04-23-09-38-02-832
80.37,63.64,-9.62,42.84,20-04-23-09-38-02-869
93.34,77.82,666.00,26.95,20-04-23-09-38-02-901
89.07,56.58,-24.10,31.83,20-04-23-09-38-02-931
92.62,55.11,666.00,27.54,20-04-23-09-38-02-971
95.20,54.38,666.00,24.52,20-04-23-09-38-03-002
97.45,54.08,666.00,21.85,20-04-23-09-38-03-034
99.36,54.09,666.00,19.59,20-04-23-09-38-03-066
101.44,56.42,666.00,15.60,20-04-23-09-38-03-101
111.43,59.15,666.00,6.10,20-04-23-09-38-03-138
116.82,60.66,666.00,6.57,20-04-23-09-38-03-166
110.58,65.77,666.00,1.37,20-04-23-09-38-03-201
121.80,61.93,666.00,10.95,20-04-23-09-38-03-233
123.16,62.28,666.00,12.34,20-04-23-09-38-03-266
124.20,62.31,666.00,13.52,20-04-23-09-38-03-299
124.97,62.09,666.00,14.52,20-04-23-09-38-03-331
119.85,62.65,666.00,8.34,20-04-23-09-38-03-368
115.55,62.67,666.00,3.64,20-04-23-09-38-03-401
106.50,62.72,666.00,9.20,20-04-23-09-38-03-437
101.79,62.22,666.00,15.09,20-04-23-09-38-03-469
95.78,61.37,666.00,22.13,20-04-23-09-38-03-501
91.76,60.86,666.00,17.88,20-04-23-09-38-03-536
89.35,60.34,666.00,17.26,20-04-23-09-38-03-569
89.58,58.23,666.00,14.21,20-04-23-09-38-03-603
93.44,54.09,666.00,8.02,20-04-23-09-38-03-634
95.64,51.75,666.00,4.95,20-04-23-09-38-03-667
97.16,50.08,666.00,2.49,20-04-23-09-38-03-701
98.52,49.02,666.00,1.06,20-04-23-09-38-03-734
102.75,41.60,666.00,12.57,20-04-23-09-38-03-765
103.74,39.85,666.00,14.03,20-04-23-09-38-03-801
102.57,39.23,666.00,11.13,20-04-23-09-38-03-835
101.95,39.53,666.00,10.97,20-04-23-09-38-03-868
101.48,40.06,666.00,11.49,20-04-23-09-38-03-901
99.83,38.65,666.00,10.21,20-04-23-09-38-03-934
98.62,37.50,666.00,8.49,20-04-23-09-38-03-971
97.66,36.32,666.00,7.03,20-04-23-09-38-04-001
96.74,34.69,666.00,5.58,20-04-23-09-38-04-034
96.07,32.96,666.00,9.20,20-04-23-09-38-04-067
95.43,30.63,666.00,7.47,20-04-23-09-38-04-108
95.11,28.40,666.00,6.57,20-04-23-09-38-04-132
95.04,26.44,666.00,6.21,20-04-23-09-38-04-168
95.00,24.53,666.00,7.57,20-04-23-09-38-04-200
95.10,22.51,666.00,6.70,20-04-23-09-38-04-233
95.22,19.36,666.00,3.39,20-04-23-09-38-04-266
95.28,16.80,666.00,1.60,20-04-23-09-38-04-302
95.22,14.70,666.00,0.91,20-04-23-09-38-04-334
95.11,12.58,666.00,6.14,20-04-23-09-38-04-370
94.98,11.37,666.00,6.98,20-04-23-09-38-04-400
94.87,10.40,666.00,7.15,20-04-23-09-38-04-435
94.74,9.60,666.00,7.23,20-04-23-09-38-04-467
94.57,8.54,666.00,6.36,20-04-23-09-38-04-500
94.49,7.63,666.00,6.10,20-04-23-09-38-04-533
94.46,6.47,666.00,5.37,20-04-23-09-38-04-570
94.44,5.44,666.00,5.32,20-04-23-09-38-04-601
94.49,4.24,666.00,4.69,20-04-23-09-38-04-635
94.54,3.15,666.00,4.31,20-04-23-09-38-04-672
94.59,2.21,666.00,4.19,20-04-23-09-38-04-702
94.60,1.38,666.00,4.85,20-04-23-09-38-04-735
94.59,0.70,666.00,9.77,20-04-23-09-38-04-766
94.44,-0.21,666.00,11.57,20-04-23-09-38-04-803
94.14,-1.09,7.04,33.95,20-04-23-09-38-04-834
93.78,-1.80,666.00,25.82,20-04-23-09-38-04-868
93.44,-1.89,666.00,24.87,20-04-23-09-38-04-902
93.11,-1.77,666.00,21.57,20-04-23-09-38-04-936
92.78,-1.60,666.00,19.11,20-04-23-09-38-04-967
92.49,-1.40,666.00,18.77,20-04-23-09-38-05-001
92.25,-1.16,666.00,17.80,20-04-23-09-38-05-033
92.05,-0.96,666.00,16.91,20-04-23-09-38-05-067
91.86,-0.84,666.00,16.03,20-04-23-09-38-05-101
91.72,-0.71,666.00,15.34,20-04-23-09-38-05-135
91.61,-0.57,666.00,14.54,20-04-23-09-38-05-174
91.54,-0.41,666.00,13.60,20-04-23-09-38-05-201
91.48,-0.23,666.00,7.84,20-04-23-09-38-05-232
91.43,0.02,666.00,4.68,20-04-23-09-38-05-267
91.40,0.55,666.00,2.56,20-04-23-09-38-05-302
91.42,1.34,666.00,2.26,20-04-23-09-38-05-335
91.55,2.48,666.00,2.79,20-04-23-09-38-05-366
91.83,4.37,666.00,2.71,20-04-23-09-38-05-401
92.06,6.14,666.00,3.80,20-04-23-09-38-05-435
92.26,8.05,666.00,3.72,20-04-23-09-38-05-468
92.47,10.15,666.00,3.11,20-04-23-09-38-05-501
92.66,12.12,666.00,2.98,20-04-23-09-38-05-535
92.83,14.12,666.00,2.17,20-04-23-09-38-05-568
93.00,15.91,666.00,4.51,20-04-23-09-38-05-600
93.19,18.00,666.00,5.19,20-04-23-09-38-05-634
93.58,22.18,666.00,1.60,20-04-23-09-38-05-667
93.74,24.39,666.00,1.52,20-04-23-09-38-05-702
93.80,26.52,666.00,5.83,20-04-23-09-38-05-735
94.12,31.78,666.00,0.52,20-04-23-09-38-05-794
94.30,34.35,666.00,0.95,20-04-23-09-38-05-806
94.41,36.32,666.00,1.02,20-04-23-09-38-05-851
94.51,38.07,666.00,3.16,20-04-23-09-38-05-868
94.65,39.87,666.00,4.77,20-04-23-09-38-05-907
94.83,42.22,666.00,3.38,20-04-23-09-38-05-951
94.95,44.09,666.00,3.66,20-04-23-09-38-05-965
97.48,52.68,666.00,9.39,20-04-23-09-38-05-998
98.59,56.32,666.00,13.42,20-04-23-09-38-06-033
99.30,58.57,666.00,14.17,20-04-23-09-38-06-070
99.58,59.85,666.00,13.96,20-04-23-09-38-06-100
99.73,60.68,666.00,8.19,20-04-23-09-38-06-135
99.94,63.21,666.00,8.05,20-04-23-09-38-06-167
98.84,65.36,666.00,6.95,20-04-23-09-38-06-201
97.47,67.05,666.00,3.67,20-04-23-09-38-06-236
95.55,68.74,666.00,2.11,20-04-23-09-38-06-266
95.09,69.24,666.00,1.36,20-04-23-09-38-06-301
94.85,69.48,666.00,4.81,20-04-23-09-38-06-336
92.59,73.17,666.00,7.34,20-04-23-09-38-06-367
91.75,74.56,666.00,9.17,20-04-23-09-38-06-403
90.14,75.96,666.00,11.69,20-04-23-09-38-06-437
88.84,76.62,666.00,13.84,20-04-23-09-38-06-464
87.47,77.20,666.00,16.06,20-04-23-09-38-06-502
80.04,79.15,666.00,24.53,20-04-23-09-38-06-536
76.06,79.29,666.00,28.68,20-04-23-09-38-06-567
77.22,76.77,666.00,27.65,20-04-23-09-38-06-603
78.09,74.16,666.00,26.82,20-04-23-09-38-06-634
78.86,72.26,666.00,26.15,20-04-23-09-38-06-667
79.65,70.74,666.00,25.47,20-04-23-09-38-06-703
90.72,81.57,666.00,18.94,20-04-23-09-38-06-733
80.63,68.76,666.00,24.65,20-04-23-09-38-06-766
90.24,79.56,666.00,19.02,20-04-23-09-38-06-803
104.22,67.22,666.00,0.34,20-04-23-09-38-06-834
107.43,78.92,666.00,12.73,20-04-23-09-38-06-867
117.80,66.40,666.00,15.07,20-04-23-09-38-06-900
119.62,66.22,666.00,17.49,20-04-23-09-38-06-933
119.70,65.97,666.00,18.05,20-04-23-09-38-06-967
118.62,65.80,666.00,17.25,20-04-23-09-38-07-001
117.12,65.79,666.00,15.77,20-04-23-09-38-07-033
115.46,65.86,666.00,13.98,20-04-23-09-38-07-067
112.51,66.03,666.00,10.73,20-04-23-09-38-07-099
93.15,65.18,666.00,12.40,20-04-23-09-38-07-132
85.68,64.67,666.00,20.63,20-04-23-09-38-07-169
85.11,64.38,666.00,20.68,20-04-23-09-38-07-202
86.91,64.21,666.00,17.89,20-04-23-09-38-07-235
89.92,64.17,666.00,13.98,20-04-23-09-38-07-267
91.91,64.05,666.00,11.71,20-04-23-09-38-07-300
89.44,63.21,666.00,28.09,20-04-23-09-38-07-334
91.39,62.32,666.00,25.23,20-04-23-09-38-07-368
96.45,58.90,666.00,17.29,20-04-23-09-38-07-401
97.20,55.80,666.00,12.30,20-04-23-09-38-07-436
96.23,54.50,666.00,7.72,20-04-23-09-38-07-467
95.91,51.52,666.00,8.45,20-04-23-09-38-07-502
96.25,50.08,666.00,3.49,20-04-23-09-38-07-533
97.01,48.54,666.00,2.73,20-04-23-09-38-07-568
97.46,47.47,666.00,3.01,20-04-23-09-38-07-602
96.11,42.24,666.00,6.36,20-04-23-09-38-07-633
96.28,41.28,666.00,4.60,20-04-23-09-38-07-666
96.68,41.19,666.00,2.00,20-04-23-09-38-07-703
97.38,41.30,666.00,3.68,20-04-23-09-38-07-734
97.31,38.43,666.00,1.73,20-04-23-09-38-07-768
97.36,37.04,666.00,2.80,20-04-23-09-38-07-804
97.40,35.89,666.00,2.66,20-04-23-09-38-07-833
97.24,33.93,666.00,3.41,20-04-23-09-38-07-868
96.96,31.61,666.00,2.02,20-04-23-09-38-07-904
96.85,30.30,666.00,2.75,20-04-23-09-38-07-934
96.80,28.37,666.00,3.84,20-04-23-09-38-07-967
96.77,26.78,666.00,4.29,20-04-23-09-38-08-001
96.66,23.05,666.00,6.47,20-04-23-09-38-08-034
96.51,21.36,666.00,5.40,20-04-23-09-38-08-067
96.40,20.35,666.00,4.07,20-04-23-09-38-08-105
96.29,19.70,666.00,2.71,20-04-23-09-38-08-134
96.19,19.02,666.00,1.60,20-04-23-09-38-08-168
96.07,18.27,666.00,1.40,20-04-23-09-38-08-203
95.82,16.94,666.00,0.93,20-04-23-09-38-08-234
95.61,15.87,666.00,1.04,20-04-23-09-38-08-269
95.43,14.98,666.00,1.86,20-04-23-09-38-08-303
95.27,14.18,666.00,2.73,20-04-23-09-38-08-336
95.11,13.36,666.00,2.91,20-04-23-09-38-08-369
94.96,12.62,666.00,3.54,20-04-23-09-38-08-401
94.83,11.89,666.00,4.37,20-04-23-09-38-08-435
94.70,11.20,666.00,5.14,20-04-23-09-38-08-468
94.57,10.58,666.00,5.77,20-04-23-09-38-08-501
94.44,10.14,666.00,6.34,20-04-23-09-38-08-535
94.32,9.74,666.00,6.95,20-04-23-09-38-08-567
94.14,9.28,666.00,7.03,20-04-23-09-38-08-601
93.92,8.63,666.00,6.93,20-04-23-09-38-08-635
93.70,8.07,666.00,11.11,20-04-23-09-38-08-669
93.41,7.33,666.00,12.49,20-04-23-09-38-08-701
92.91,6.17,666.00,11.53,20-04-23-09-38-08-734
92.43,5.19,666.00,10.57,20-04-23-09-38-08-768
92.03,4.40,666.00,9.79,20-04-23-09-38-08-802
91.70,3.82,666.00,9.34,20-04-23-09-38-08-834
91.42,3.33,666.00,8.79,20-04-23-09-38-08-867
91.21,3.03,666.00,8.39,20-04-23-09-38-08-902
91.06,2.86,666.00,8.12,20-04-23-09-38-08-937
90.94,2.78,666.00,7.94,20-04-23-09-38-08-968
90.85,2.75,666.00,7.16,20-04-23-09-38-09-002
90.79,2.80,666.00,6.00,20-04-23-09-38-09-034
90.75,3.15,666.00,5.20,20-04-23-09-38-09-064
90.76,3.77,666.00,3.91,20-04-23-09-38-09-101
90.92,5.04,666.00,3.83,20-04-23-09-38-09-136
91.21,6.63,666.00,4.05,20-04-23-09-38-09-166
91.61,8.72,666.00,3.61,20-04-23-09-38-09-202
92.07,11.25,666.00,3.39,20-04-23-09-38-09-236
92.46,13.28,666.00,2.90,20-04-23-09-38-09-267
92.85,15.30,666.00,3.14,20-04-23-09-38-09-302
93.28,17.61,666.00,2.87,20-04-23-09-38-09-337
93.68,19.85,666.00,2.92,20-04-23-09-38-09-366
94.09,21.88,666.00,2.90,20-04-23-09-38-09-403
94.41,24.22,666.00,2.85,20-04-23-09-38-09-436
94.76,26.55,666.00,2.89,20-04-23-09-38-09-467
95.71,32.83,666.00,1.96,20-04-23-09-38-09-501
96.07,35.31,666.00,1.11,20-04-23-09-38-09-533
96.30,37.07,666.00,1.58,20-04-23-09-38-09-567
96.36,38.91,666.00,3.67,20-04-23-09-38-09-602
96.42,40.73,666.00,6.52,20-04-23-09-38-09-635
96.55,43.36,666.00,6.14,20-04-23-09-38-09-667
96.26,47.18,666.00,2.56,20-04-23-09-38-09-701
96.18,50.22,666.00,5.27,20-04-23-09-38-09-734
97.20,57.14,666.00,5.66,20-04-23-09-38-09-765
97.52,59.43,666.00,3.79,20-04-23-09-38-09-801
97.63,61.28,666.00,3.16,20-04-23-09-38-09-833
96.69,63.26,666.00,2.90,20-04-23-09-38-09-867
95.87,69.10,666.00,8.41,20-04-23-09-38-09-905
86.35,73.00,666.00,22.82,20-04-23-09-38-09-935
79.61,74.97,16.21,34.30,20-04-23-09-38-09-965
75.41,75.75,5.58,43.36,20-04-23-09-38-10-002
72.65,75.90,1.70,49.23,20-04-23-09-38-10-034
80.73,78.43,666.00,29.10,20-04-23-09-38-10-069
82.77,78.73,666.00,22.98,20-04-23-09-38-10-101
84.28,77.84,666.00,19.80,20-04-23-09-38-10-139
85.47,76.54,666.00,17.65,20-04-23-09-38-10-165
98.14,84.60,666.00,8.48,20-04-23-09-38-10-199
98.44,84.57,666.00,8.39,20-04-23-09-38-10-234
98.40,84.22,666.00,8.49,20-04-23-09-38-10-269
98.20,81.86,666.00,7.48,20-04-23-09-38-10-301
74.53,66.77,-26.21,34.62,20-04-23-09-38-10-336
85.85,71.53,666.00,25.47,20-04-23-09-38-10-369
87.17,74.38,666.00,26.55,20-04-23-09-38-10-401
87.47,75.32,666.00,26.58,20-04-23-09-38-10-434
97.34,66.42,-105.39,32.87,20-04-23-09-38-10-466
96.56,69.33,-114.49,32.39,20-04-23-09-38-10-501
96.54,70.73,-118.59,31.47,20-04-23-09-38-10-536
88.42,80.35,666.00,7.85,20-04-23-09-38-10-567
92.04,80.98,666.00,3.50,20-04-23-09-38-10-602
87.16,83.47,666.00,10.52,20-04-23-09-38-10-633
86.27,84.23,666.00,12.17,20-04-23-09-38-10-667
85.62,84.47,666.00,11.64,20-04-23-09-38-10-702
86.61,84.32,666.00,10.34,20-04-23-09-38-10-735
88.30,83.96,666.00,9.21,20-04-23-09-38-10-768
89.63,83.49,666.00,8.57,20-04-23-09-38-10-802
91.34,82.72,666.00,6.71,20-04-23-09-38-10-834
99.95,81.18,666.00,8.80,20-04-23-09-38-10-867
98.83,81.77,666.00,12.95,20-04-23-09-38-10-905
97.87,82.62,666.00,15.17,20-04-23-09-38-10-935
97.59,82.72,666.00,16.62,20-04-23-09-38-10-967
85.08,85.04,666.00,25.99,20-04-23-09-38-10-999
85.57,83.72,666.00,25.95,20-04-23-09-38-11-034
86.13,83.12,666.00,27.92,20-04-23-09-38-11-068
90.69,80.19,666.00,24.63,20-04-23-09-38-11-103
93.64,78.36,666.00,28.18,20-04-23-09-38-11-134
95.04,77.38,87.42,35.83,20-04-23-09-38-11-165
95.99,76.82,89.45,41.75,20-04-23-09-38-11-200
94.83,61.27,666.00,17.04,20-04-23-09-38-11-236
94.16,48.81,666.00,4.63,20-04-23-09-38-11-267
94.16,43.87,666.00,5.34,20-04-23-09-38-11-302
94.43,40.72,666.00,7.65,20-04-23-09-38-11-336
95.03,38.75,666.00,8.20,20-04-23-09-38-11-366
95.22,37.73,666.00,6.26,20-04-23-09-38-11-403
95.56,37.51,666.00,4.32,20-04-23-09-38-11-434
95.81,37.39,666.00,0.90,20-04-23-09-38-11-466
95.89,36.51,666.00,4.33,20-04-23-09-38-11-501
95.88,35.50,666.00,5.48,20-04-23-09-38-11-534
95.63,32.76,666.00,2.76,20-04-23-09-38-11-567
95.59,30.80,666.00,8.40,20-04-23-09-38-11-602
95.54,29.11,666.00,8.10,20-04-23-09-38-11-633
95.48,27.44,666.00,6.52,20-04-23-09-38-11-665
95.51,25.79,666.00,8.32,20-04-23-09-38-11-698
95.53,23.99,666.00,7.84,20-04-23-09-38-11-734
95.80,21.24,666.00,5.71,20-04-23-09-38-11-767
95.98,17.43,666.00,1.61,20-04-23-09-38-11-802
96.10,14.68,666.00,1.39,20-04-23-09-38-11-833
96.18,13.42,666.00,1.77,20-04-23-09-38-11-868
96.22,12.57,666.00,1.91,20-04-23-09-38-11-902
96.24,12.04,666.00,8.10,20-04-23-09-38-11-936
96.26,11.63,666.00,9.80,20-04-23-09-38-11-969
96.24,11.08,666.00,10.34,20-04-23-09-38-12-000
96.21,10.42,666.00,10.07,20-04-23-09-38-12-035
96.16,9.77,666.00,10.07,20-04-23-09-38-12-068
96.08,8.88,666.00,9.77,20-04-23-09-38-12-103
95.96,7.86,666.00,9.80,20-04-23-09-38-12-137
95.73,6.65,666.00,8.71,20-04-23-09-38-12-167
95.49,5.40,666.00,7.82,20-04-23-09-38-12-203
95.27,4.29,666.00,6.72,20-04-23-09-38-12-234
95.03,3.17,666.00,5.76,20-04-23-09-38-12-270
94.79,2.09,666.00,10.02,20-04-23-09-38-12-302
94.53,1.14,666.00,11.69,20-04-23-09-38-12-333
94.34,0.58,666.00,18.63,20-04-23-09-38-12-369
94.17,0.12,666.00,20.18,20-04-23-09-38-12-404
94.02,-0.17,666.00,20.61,20-04-23-09-38-12-434
93.90,-0.30,666.00,20.77,20-04-23-09-38-12-468
93.80,-0.30,666.00,20.66,20-04-23-09-38-12-503
93.71,-0.20,666.00,20.00,20-04-23-09-38-12-535
93.66,-0.02,666.00,19.38,20-04-23-09-38-12-568
93.62,0.19,666.00,17.77,20-04-23-09-38-12-603
93.58,0.44,666.00,16.85,20-04-23-09-38-12-634
93.56,0.72,666.00,15.85,20-04-23-09-38-12-668
92.92,-0.97,666.00,11.83,20-04-23-09-38-12-702
92.94,-0.21,666.00,10.63,20-04-23-09-38-12-734
93.07,1.13,666.00,5.33,20-04-23-09-38-12-768
93.26,2.73,666.00,6.65,20-04-23-09-38-12-804
93.53,4.66,666.00,6.38,20-04-23-09-38-12-833
93.78,6.75,666.00,5.57,20-04-23-09-38-12-867
94.03,8.73,666.00,5.18,20-04-23-09-38-12-902
94.29,11.08,666.00,3.90,20-04-23-09-38-12-935
94.62,13.38,666.00,3.54,20-04-23-09-38-12-967
95.05,16.16,666.00,3.52,20-04-23-09-38-13-001
95.46,18.75,666.00,3.91,20-04-23-09-38-13-035
95.86,20.96,666.00,3.00,20-04-23-09-38-13-065
96.40,24.02,666.00,2.61,20-04-23-09-38-13-101
96.89,26.76,666.00,2.18,20-04-23-09-38-13-135
97.88,34.10,666.00,3.78,20-04-23-09-38-13-166
98.14,37.36,666.00,3.52,20-04-23-09-38-13-203
98.18,39.67,666.00,2.45,20-04-23-09-38-13-237
98.17,41.52,666.00,1.44,20-04-23-09-38-13-266
98.48,46.44,666.00,5.66,20-04-23-09-38-13-300
98.36,48.58,666.00,4.74,20-04-23-09-38-13-338
99.58,56.56,666.00,11.79,20-04-23-09-38-13-367
99.94,59.98,666.00,14.54,20-04-23-09-38-13-399
99.97,61.23,666.00,13.44,20-04-23-09-38-13-434
99.96,62.06,666.00,9.64,20-04-23-09-38-13-468
98.91,65.14,666.00,10.61,20-04-23-09-38-13-499
98.37,66.78,666.00,8.62,20-04-23-09-38-13-531
97.67,67.76,666.00,7.66,20-04-23-09-38-13-568
96.37,69.02,666.00,1.13,20-04-23-09-38-13-600
92.14,72.55,666.00,9.13,20-04-23-09-38-13-637
90.71,73.94,666.00,10.98,20-04-23-09-38-13-669
94.74,82.99,666.00,19.82,20-04-23-09-38-13-700
95.62,85.13,666.00,23.41,20-04-23-09-38-13-734
96.17,86.46,666.00,20.28,20-04-23-09-38-13-768
96.94,85.96,666.00,19.57,20-04-23-09-38-13-801
97.72,84.92,666.00,18.80,20-04-23-09-38-13-834
105.46,86.46,666.00,23.77,20-04-23-09-38-13-869
99.12,82.50,666.00,17.95,20-04-23-09-38-13-901
107.52,78.03,666.00,21.27,20-04-23-09-38-13-937
111.15,86.10,134.28,31.22,20-04-23-09-38-13-970
114.84,85.52,139.81,35.63,20-04-23-09-38-14-000
127.19,71.19,156.79,43.59,20-04-23-09-38-14-036
121.13,81.89,146.06,42.50,20-04-23-09-38-14-068
122.49,81.68,146.30,44.45,20-04-23-09-38-14-102
123.26,81.68,146.34,45.66,20-04-23-09-38-14-132
108.65,74.00,666.00,21.02,20-04-23-09-38-14-168
101.56,73.71,666.00,13.22,20-04-23-09-38-14-200
100.72,73.79,666.00,13.24,20-04-23-09-38-14-237
98.15,73.94,666.00,13.01,20-04-23-09-38-14-267
109.03,67.30,666.00,22.76,20-04-23-09-38-14-301
114.68,64.17,177.66,32.36,20-04-23-09-38-14-334
116.23,65.29,171.69,35.20,20-04-23-09-38-14-366
116.96,66.27,166.68,36.57,20-04-23-09-38-14-400
116.16,68.56,161.72,35.45,20-04-23-09-38-14-434
114.50,69.22,158.76,32.85,20-04-23-09-38-14-466
112.82,70.30,155.08,30.14,20-04-23-09-38-14-501
112.76,59.55,666.00,26.94,20-04-23-09-38-14-538
111.58,60.16,666.00,25.08,20-04-23-09-38-14-570
102.36,60.54,666.00,9.98,20-04-23-09-38-14-601
102.00,60.95,666.00,9.56,20-04-23-09-38-14-633
102.78,60.90,666.00,11.11,20-04-23-09-38-14-668
103.75,60.94,666.00,12.34,20-04-23-09-38-14-703
104.64,61.23,666.00,13.88,20-04-23-09-38-14-735
100.11,54.98,666.00,6.09,20-04-23-09-38-14-768
97.21,51.98,666.00,6.73,20-04-23-09-38-14-801
96.22,50.16,666.00,1.64,20-04-23-09-38-14-833
95.65,48.98,666.00,0.12,20-04-23-09-38-14-867
94.73,44.16,666.00,6.14,20-04-23-09-38-14-902
94.40,42.66,666.00,1.31,20-04-23-09-38-14-934
94.38,42.01,666.00,2.32,20-04-23-09-38-14-969
94.74,42.18,666.00,4.98,20-04-23-09-38-15-003
95.73,41.83,666.00,7.59,20-04-23-09-38-15-035
96.52,39.05,666.00,6.71,20-04-23-09-38-15-067
96.93,37.17,666.00,5.34,20-04-23-09-38-15-102
97.32,34.54,666.00,3.96,20-04-23-09-38-15-133
96.49,31.29,666.00,2.27,20-04-23-09-38-15-166
95.91,29.02,666.00,3.86,20-04-23-09-38-15-203
95.58,28.62,666.00,3.41,20-04-23-09-38-15-233
95.31,28.73,666.00,2.84,20-04-23-09-38-15-267
95.20,28.69,666.00,5.54,20-04-23-09-38-15-302
95.37,27.62,666.00,5.94,20-04-23-09-38-15-334
95.55,26.52,666.00,5.22,20-04-23-09-38-15-367
95.90,22.98,666.00,2.61,20-04-23-09-38-15-401
96.06,20.55,666.00,1.41,20-04-23-09-38-15-436
96.07,19.36,666.00,0.41,20-04-23-09-38-15-468
96.03,18.61,666.00,1.19,20-04-23-09-38-15-503
95.95,17.92,666.00,2.45,20-04-23-09-38-15-533
95.81,17.10,666.00,4.01,20-04-23-09-38-15-566
95.66,16.15,666.00,4.87,20-04-23-09-38-15-602
95.56,15.28,666.00,6.59,20-04-23-09-38-15-636
95.48,14.43,666.00,6.92,20-04-23-09-38-15-668
95.43,13.55,666.00,6.83,20-04-23-09-38-15-699
95.34,12.55,666.00,6.72,20-04-23-09-38-15-734
95.24,11.71,666.00,6.32,20-04-23-09-38-15-766
95.12,10.94,666.00,5.98,20-04-23-09-38-15-800
94.99,10.31,666.00,6.03,20-04-23-09-38-15-835
94.87,9.75,666.00,6.07,20-04-23-09-38-15-867
94.74,9.21,666.00,6.41,20-04-23-09-38-15-901
94.57,8.60,666.00,9.09,20-04-23-09-38-15-933
94.38,8.00,666.00,10.84,20-04-23-09-38-15-967
94.07,7.28,666.00,11.44,20-04-23-09-38-16-000
93.68,6.41,666.00,10.66,20-04-23-09-38-16-032
93.34,5.83,666.00,10.27,20-04-23-09-38-16-067
92.96,5.26,666.00,9.42,20-04-23-09-38-16-101
92.60,4.78,666.00,8.58,20-04-23-09-38-16-134
92.29,4.42,666.00,7.86,20-04-23-09-38-16-168
92.03,4.20,666.00,7.29,20-04-23-09-38-16-199
91.80,4.07,666.00,6.82,20-04-23-09-38-16-236
91.63,3.96,666.00,6.45,20-04-23-09-38-16-266
91.48,3.94,666.00,6.19,20-04-23-09-38-16-301
91.37,3.96,666.00,5.91,20-04-23-09-38-16-332
91.28,4.01,666.00,5.33,20-04-23-09-38-16-369
91.20,4.22,666.00,4.40,20-04-23-09-38-16-401
91.16,4.73,666.00,4.08,20-04-23-09-38-16-437
91.18,5.88,666.00,4.60,20-04-23-09-38-16-466
91.19,7.44,666.00,5.09,20-04-23-09-38-16-503
91.26,9.37,666.00,5.69,20-04-23-09-38-16-535
91.32,11.48,666.00,7.09,20-04-23-09-38-16-567
91.48,14.13,666.00,7.84,20-04-23-09-38-16-601
91.61,17.38,666.00,6.30,20-04-23-09-38-16-633
91.67,19.71,666.00,6.81,20-04-23-09-38-16-667
91.83,24.52,666.00,4.03,20-04-23-09-38-16-700
91.83,27.38,666.00,4.01,20-04-23-09-38-16-735
91.70,30.31,666.00,3.40,20-04-23-09-38-16-767
91.56,33.09,666.00,7.33,20-04-23-09-38-16-800
91.57,40.62,666.00,2.60,20-04-23-09-38-16-835
92.23,48.95,666.00,12.57,20-04-23-09-38-16-865
92.66,53.03,666.00,15.18,20-04-23-09-38-16-900
93.20,55.85,666.00,16.56,20-04-23-09-38-16-934
93.67,57.21,666.00,15.50,20-04-23-09-38-16-967
94.36,58.21,666.00,14.30,20-04-23-09-38-16-999
95.42,59.68,666.00,12.52,20-04-23-09-38-17-038
96.61,61.53,666.00,10.88,20-04-23-09-38-17-068
97.25,62.75,666.00,10.54,20-04-23-09-38-17-100
97.46,63.47,666.00,4.81,20-04-23-09-38-17-135
97.05,68.17,666.00,7.55,20-04-23-09-38-17-167
96.89,70.04,666.00,6.26,20-04-23-09-38-17-201
94.26,72.23,666.00,9.09,20-04-23-09-38-17-237
92.51,73.01,666.00,9.21,20-04-23-09-38-17-267
90.89,73.31,666.00,13.48,20-04-23-09-38-17-303
87.32,73.63,666.00,20.68,20-04-23-09-38-17-333
82.95,74.04,666.00,27.79,20-04-23-09-38-17-365
76.30,73.96,-15.00,38.31,20-04-23-09-38-17-400
71.96,72.91,-11.81,45.34,20-04-23-09-38-17-433
70.10,71.55,-10.45,49.25,20-04-23-09-38-17-465
69.66,69.68,-9.99,51.47,20-04-23-09-38-17-502
72.38,65.02,-13.08,51.27,20-04-23-09-38-17-533
85.45,81.10,-1.23,36.16,20-04-23-09-38-17-567
76.27,58.19,-16.29,51.16,20-04-23-09-38-17-602
76.80,56.29,-16.19,51.30,20-04-23-09-38-17-632
78.91,54.71,-17.79,49.83,20-04-23-09-38-17-669
78.77,53.56,-17.09,49.83,20-04-23-09-38-17-702
82.32,75.06,1.63,41.07,20-04-23-09-38-17-734
81.60,74.21,2.17,41.64,20-04-23-09-38-17-769
77.98,51.81,-14.69,49.64,20-04-23-09-38-17-803
79.23,73.37,3.68,43.74,20-04-23-09-38-17-838
78.54,73.09,4.12,44.33,20-04-23-09-38-17-867
78.50,72.99,4.50,44.30,20-04-23-09-38-17-902
78.30,73.09,5.08,44.41,20-04-23-09-38-17-935
77.45,53.40,-11.33,48.36,20-04-23-09-38-17-967
77.36,53.86,-10.68,48.14,20-04-23-09-38-18-001
77.07,55.24,-9.17,47.80,20-04-23-09-38-18-035
76.90,56.40,-7.91,47.41,20-04-23-09-38-18-068
76.80,57.15,-6.77,47.04,20-04-23-09-38-18-102
78.46,58.30,-6.82,44.87,20-04-23-09-38-18-134
79.68,58.78,-14.86,39.67,20-04-23-09-38-18-169
81.01,58.00,-19.85,37.27,20-04-23-09-38-18-201
82.34,56.84,-25.43,35.57,20-04-23-09-38-18-240
82.85,55.48,-29.51,35.05,20-04-23-09-38-18-267
83.23,54.26,-33.41,34.77,20-04-23-09-38-18-299
82.86,53.18,666.00,29.93,20-04-23-09-38-18-336
82.28,52.41,-9.47,34.99,20-04-23-09-38-18-368
81.58,51.95,-3.33,35.74,20-04-23-09-38-18-402
81.15,51.90,3.60,34.82,20-04-23-09-38-18-436
88.76,46.82,666.00,21.75,20-04-23-09-38-18-468
92.61,44.41,666.00,14.73,20-04-23-09-38-18-502
95.25,42.44,666.00,3.09,20-04-23-09-38-18-538
96.87,40.99,666.00,2.10,20-04-23-09-38-18-566
97.45,40.87,666.00,4.74,20-04-23-09-38-18-603
98.58,39.61,666.00,9.16,20-04-23-09-38-18-634
99.12,39.02,666.00,11.36,20-04-23-09-38-18-664
99.17,38.88,666.00,13.51,20-04-23-09-38-18-701
98.93,38.24,666.00,14.33,20-04-23-09-38-18-734
98.61,36.53,666.00,12.10,20-04-23-09-38-18-766
95.07,28.65,666.00,1.66,20-04-23-09-38-18-801
93.62,26.27,666.00,2.76,20-04-23-09-38-18-835
93.04,25.66,666.00,3.11,20-04-23-09-38-18-865
92.67,25.20,666.00,3.68,20-04-23-09-38-18-901
92.43,24.63,666.00,5.49,20-04-23-09-38-18-933
92.34,23.38,666.00,5.24,20-04-23-09-38-18-967
92.40,22.18,666.00,7.08,20-04-23-09-38-19-002
92.72,20.66,666.00,6.84,20-04-23-09-38-19-034
93.13,19.07,666.00,5.50,20-04-23-09-38-19-066
93.57,17.28,666.00,4.22,20-04-23-09-38-19-101
94.04,13.65,666.00,2.64,20-04-23-09-38-19-134
94.29,12.03,666.00,3.81,20-04-23-09-38-19-169
94.47,10.97,666.00,3.95,20-04-23-09-38-19-203
94.58,10.44,666.00,3.73,20-04-23-09-38-19-234
94.66,10.10,666.00,4.43,20-04-23-09-38-19-268
94.69,9.84,666.00,4.96,20-04-23-09-38-19-298
94.70,9.40,666.00,6.01,20-04-23-09-38-19-334
94.64,8.92,666.00,6.43,20-04-23-09-38-19-368
94.54,8.45,666.00,6.90,20-04-23-09-38-19-401
94.42,7.94,666.00,12.24,20-04-23-09-38-19-433
94.26,7.48,666.00,14.89,20-04-23-09-38-19-467
94.05,7.04,666.00,15.76,20-04-23-09-38-19-501
93.85,6.54,666.00,15.69,20-04-23-09-38-19-533
93.61,5.82,666.00,14.58,20-04-23-09-38-19-567
93.39,5.23,666.00,16.34,20-04-23-09-38-19-600
93.19,4.64,666.00,16.39,20-04-23-09-38-19-633
93.02,4.26,666.00,16.61,20-04-23-09-38-19-666
92.85,3.86,666.00,16.62,20-04-23-09-38-19-702
92.70,3.63,666.00,16.63,20-04-23-09-38-19-732
92.59,3.56,666.00,16.49,20-04-23-09-38-19-768
92.50,3.54,666.00,16.30,20-04-23-09-38-19-802
92.42,3.57,666.00,16.10,20-04-23-09-38-19-832
92.35,3.65,666.00,15.86,20-04-23-09-38-19-865
92.30,3.78,666.00,15.50,20-04-23-09-38-19-902
92.25,3.95,666.00,14.76,20-04-23-09-38-19-933
92.20,4.13,666.00,13.44,20-04-23-09-38-19-968
92.15,4.35,666.00,7.36,20-04-23-09-38-20-003
92.10,4.67,666.00,6.38,20-04-23-09-38-20-034
92.03,5.32,666.00,6.42,20-04-23-09-38-20-068
91.99,6.50,666.00,6.24,20-04-23-09-38-20-103
91.98,7.88,666.00,6.18,20-04-23-09-38-20-133
92.04,9.55,666.00,9.28,20-04-23-09-38-20-169
92.14,11.68,666.00,8.56,20-04-23-09-38-20-205
92.26,13.91,666.00,6.56,20-04-23-09-38-20-234
92.38,16.10,666.00,5.19,20-04-23-09-38-20-269
92.47,18.50,666.00,4.81,20-04-23-09-38-20-303
92.52,20.54,666.00,4.54,20-04-23-09-38-20-336
92.67,23.63,666.00,4.70,20-04-23-09-38-20-369
92.86,26.03,666.00,4.64,20-04-23-09-38-20-402
93.01,28.74,666.00,4.74,20-04-23-09-38-20-435
93.54,35.32,666.00,10.75,20-04-23-09-38-20-468
93.59,38.06,666.00,7.17,20-04-23-09-38-20-503
93.50,39.83,666.00,6.19,20-04-23-09-38-20-535
93.38,41.09,666.00,5.02,20-04-23-09-38-20-570
93.30,42.65,666.00,4.33,20-04-23-09-38-20-600
93.01,43.80,666.00,3.05,20-04-23-09-38-20-633
92.92,44.79,666.00,2.20,20-04-23-09-38-20-667
92.73,47.35,666.00,3.71,20-04-23-09-38-20-701
92.86,49.11,666.00,4.19,20-04-23-09-38-20-734
93.97,55.04,666.00,10.39,20-04-23-09-38-20-769
94.56,58.07,666.00,12.85,20-04-23-09-38-20-803
94.94,59.57,666.00,13.05,20-04-23-09-38-20-838
95.07,60.45,666.00,8.37,20-04-23-09-38-20-866
94.24,61.85,666.00,8.03,20-04-23-09-38-20-902
93.57,62.59,666.00,6.87,20-04-23-09-38-20-936
93.15,67.91,666.00,15.09,20-04-23-09-38-20-966
92.56,70.05,666.00,11.19,20-04-23-09-38-21-002
92.02,70.42,666.00,8.31,20-04-23-09-38-21-035
91.78,70.52,666.00,6.99,20-04-23-09-38-21-067
91.11,70.60,666.00,6.28,20-04-23-09-38-21-102
90.07,71.18,666.00,7.67,20-04-23-09-38-21-133
86.98,72.78,666.00,12.48,20-04-23-09-38-21-168
85.93,73.17,666.00,14.12,20-04-23-09-38-21-205
85.16,73.29,666.00,15.70,20-04-23-09-38-21-236
84.54,73.38,666.00,18.60,20-04-23-09-38-21-265
84.02,73.38,666.00,19.97,20-04-23-09-38-21-301
83.39,73.51,666.00,20.90,20-04-23-09-38-21-335
81.90,74.04,666.00,22.35,20-04-23-09-38-21-367
80.31,74.38,666.00,23.83,20-04-23-09-38-21-403
79.21,73.74,666.00,24.98,20-04-23-09-38-21-434
78.49,72.58,666.00,25.79,20-04-23-09-38-21-467
77.00,69.94,666.00,28.11,20-04-23-09-38-21-500
65.77,68.09,-6.64,35.29,20-04-23-09-38-21-533
61.80,67.20,-2.30,38.15,20-04-23-09-38-21-567
59.23,66.54,0.71,40.03,20-04-23-09-38-21-601
58.54,65.98,2.46,40.43,20-04-23-09-38-21-633
60.53,66.14,3.09,40.30,20-04-23-09-38-21-667
61.40,66.65,4.18,39.54,20-04-23-09-38-21-701
92.32,75.42,666.00,9.44,20-04-23-09-38-21-731
62.45,67.75,6.39,38.15,20-04-23-09-38-21-767
62.62,68.15,7.13,37.85,20-04-23-09-38-21-803
92.22,76.21,666.00,10.14,20-04-23-09-38-21-834
62.91,68.73,8.23,37.29,20-04-23-09-38-21-867
62.97,69.09,8.88,37.03,20-04-23-09-38-21-904
93.67,75.48,666.00,8.35,20-04-23-09-38-21-934
94.27,77.44,666.00,9.40,20-04-23-09-38-21-968
93.05,76.36,666.00,8.93,20-04-23-09-38-22-004
91.36,77.78,666.00,10.91,20-04-23-09-38-22-035
90.40,78.07,666.00,11.67,20-04-23-09-38-22-067
58.56,68.56,7.76,43.65,20-04-23-09-38-22-101
58.04,68.14,7.12,45.27,20-04-23-09-38-22-135
58.01,67.53,6.26,46.36,20-04-23-09-38-22-168
58.40,66.43,4.82,47.01,20-04-23-09-38-22-200
61.04,63.63,0.61,46.20,20-04-23-09-38-22-234
64.39,61.38,4.46,40.56,20-04-23-09-38-22-270
66.84,60.07,7.49,37.04,20-04-23-09-38-22-301
70.46,58.65,4.00,33.37,20-04-23-09-38-22-335
74.47,57.26,666.00,29.19,20-04-23-09-38-22-368
77.95,56.08,666.00,24.52,20-04-23-09-38-22-402
82.08,53.20,666.00,21.50,20-04-23-09-38-22-435
86.00,50.19,666.00,15.36,20-04-23-09-38-22-466
87.92,49.31,666.00,12.25,20-04-23-09-38-22-501
90.98,44.21,666.00,6.24,20-04-23-09-38-22-531
92.23,42.98,666.00,2.13,20-04-23-09-38-22-567
92.82,42.50,666.00,1.53,20-04-23-09-38-22-600
93.11,41.90,666.00,2.24,20-04-23-09-38-22-635
93.21,41.52,666.00,1.51,20-04-23-09-38-22-667
93.41,41.33,666.00,3.28,20-04-23-09-38-22-701
94.24,39.12,666.00,5.46,20-04-23-09-38-22-735
94.88,38.78,666.00,7.26,20-04-23-09-38-22-767
94.68,37.27,666.00,5.57,20-04-23-09-38-22-801
94.55,36.33,666.00,6.88,20-04-23-09-38-22-831
94.15,32.35,666.00,1.98,20-04-23-09-38-22-867
94.01,30.70,666.00,2.38,20-04-23-09-38-22-900
93.95,30.27,666.00,2.26,20-04-23-09-38-22-937
93.90,30.18,666.00,1.03,20-04-23-09-38-22-966
93.86,30.13,666.00,1.49,20-04-23-09-38-23-001
93.93,29.27,666.00,2.48,20-04-23-09-38-23-032
94.12,28.45,666.00,4.68,20-04-23-09-38-23-066
94.40,27.04,666.00,4.28,20-04-23-09-38-23-101
94.65,25.71,666.00,5.23,20-04-23-09-38-23-134
94.83,24.12,666.00,10.40,20-04-23-09-38-23-169
94.99,22.59,666.00,10.25,20-04-23-09-38-23-202
94.78,17.62,666.00,7.10,20-04-23-09-38-23-232
94.67,15.53,666.00,5.94,20-04-23-09-38-23-269
94.58,14.28,666.00,7.51,20-04-23-09-38-23-304
94.51,13.50,666.00,8.73,20-04-23-09-38-23-333
94.46,12.73,666.00,9.79,20-04-23-09-38-23-366
94.43,12.09,666.00,10.29,20-04-23-09-38-23-401
94.36,11.51,666.00,10.37,20-04-23-09-38-23-432
94.28,10.77,666.00,10.07,20-04-23-09-38-23-468
94.16,9.97,666.00,9.37,20-04-23-09-38-23-500
94.00,9.07,666.00,8.61,20-04-23-09-38-23-535
93.84,8.14,666.00,7.78,20-04-23-09-38-23-564
93.68,7.31,666.00,10.42,20-04-23-09-38-23-602
93.51,6.32,666.00,10.34,20-04-23-09-38-23-633
93.35,5.43,666.00,11.05,20-04-23-09-38-23-666
93.20,4.71,666.00,15.55,20-04-23-09-38-23-701
93.06,3.94,666.00,16.83,20-04-23-09-38-23-733
92.90,3.18,666.00,20.23,20-04-23-09-38-23-767
92.71,2.36,666.00,20.55,20-04-23-09-38-23-801
92.49,1.55,666.00,19.96,20-04-23-09-38-23-833
92.24,0.73,666.00,18.61,20-04-23-09-38-23-871
92.01,0.04,666.00,17.78,20-04-23-09-38-23-902
91.80,-0.48,666.00,17.37,20-04-23-09-38-23-935
91.59,-0.95,666.00,16.81,20-04-23-09-38-23-968
91.39,-1.23,666.00,16.31,20-04-23-09-38-23-998
91.21,-1.45,666.00,15.81,20-04-23-09-38-24-035
91.07,-1.53,666.00,15.42,20-04-23-09-38-24-069
90.94,-1.52,666.00,15.09,20-04-23-09-38-24-103
90.83,-1.42,666.00,14.86,20-04-23-09-38-24-135
90.73,-1.27,666.00,14.64,20-04-23-09-38-24-168
90.65,-1.09,666.00,14.26,20-04-23-09-38-24-200
90.59,-0.86,666.00,10.87,20-04-23-09-38-24-235
90.54,-0.50,666.00,8.62,20-04-23-09-38-24-270
90.52,-0.04,666.00,7.07,20-04-23-09-38-24-301
90.55,0.78,666.00,6.23,20-04-23-09-38-24-336
90.64,1.88,666.00,5.32,20-04-23-09-38-24-368
90.85,3.95,666.00,5.41,20-04-23-09-38-24-398
91.04,6.03,666.00,5.43,20-04-23-09-38-24-433
91.29,8.60,666.00,8.50,20-04-23-09-38-24-469
91.45,10.79,666.00,8.70,20-04-23-09-38-24-501
91.61,13.03,666.00,8.43,20-04-23-09-38-24-535
91.62,15.27,666.00,8.17,20-04-23-09-38-24-567
91.59,18.09,666.00,7.53,20-04-23-09-38-24-598
91.58,21.56,666.00,5.99,20-04-23-09-38-24-635
91.66,24.19,666.00,5.24,20-04-23-09-38-24-668
92.72,33.81,666.00,11.53,20-04-23-09-38-24-701
93.17,38.12,666.00,9.50,20-04-23-09-38-24-735
93.23,40.68,666.00,9.23,20-04-23-09-38-24-767
93.16,42.51,666.00,7.08,20-04-23-09-38-24-802
93.12,44.20,666.00,4.72,20-04-23-09-38-24-833
93.34,45.69,666.00,1.06,20-04-23-09-38-24-869
93.56,47.76,666.00,2.14,20-04-23-09-38-24-900
93.85,51.41,666.00,4.61,20-04-23-09-38-24-934
94.09,57.84,666.00,5.35,20-04-23-09-38-24-967
93.83,61.44,666.00,1.45,20-04-23-09-38-25-001
94.10,68.97,666.00,8.60,20-04-23-09-38-25-034
94.13,71.58,666.00,8.66,20-04-23-09-38-25-067
93.70,73.45,666.00,8.24,20-04-23-09-38-25-102
94.23,73.94,666.00,4.53,20-04-23-09-38-25-136
88.25,75.65,666.00,9.82,20-04-23-09-38-25-168
87.31,75.76,666.00,9.75,20-04-23-09-38-25-201
80.23,78.34,666.00,20.60,20-04-23-09-38-25-235
76.81,78.66,666.00,24.00,20-04-23-09-38-25-266
75.10,78.47,666.00,26.51,20-04-23-09-38-25-303
89.25,84.58,666.00,15.53,20-04-23-09-38-25-334
88.64,84.28,666.00,16.53,20-04-23-09-38-25-368
69.49,73.36,3.43,33.15,20-04-23-09-38-25-399
70.19,66.88,-4.50,33.35,20-04-23-09-38-25-435
85.84,80.86,666.00,18.75,20-04-23-09-38-25-468
88.70,75.09,666.00,11.72,20-04-23-09-38-25-502
92.24,71.03,666.00,6.16,20-04-23-09-38-25-535
93.93,46.55,666.00,28.43,20-04-23-09-38-25-570
96.52,66.62,666.00,9.31,20-04-23-09-38-25-599
96.75,67.73,666.00,6.87,20-04-23-09-38-25-634
96.71,68.79,666.00,4.92,20-04-23-09-38-25-668
106.91,64.14,666.00,19.45,20-04-23-09-38-25-702
105.70,72.98,666.00,15.83,20-04-23-09-38-25-735
104.65,76.58,666.00,14.35,20-04-23-09-38-25-767
103.99,78.69,666.00,14.48,20-04-23-09-38-25-801
103.27,80.47,666.00,12.23,20-04-23-09-38-25-834
98.09,83.99,666.00,2.74,20-04-23-09-38-25-867
95.57,85.72,666.00,10.02,20-04-23-09-38-25-901
96.23,81.38,666.00,9.75,20-04-23-09-38-25-934
95.87,81.98,666.00,11.45,20-04-23-09-38-25-969
95.83,82.10,666.00,16.94,20-04-23-09-38-26-004
95.53,84.85,666.00,22.23,20-04-23-09-38-26-035
96.33,83.33,666.00,22.20,20-04-23-09-38-26-067
96.40,83.17,666.00,23.36,20-04-23-09-38-26-105
97.14,81.13,666.00,23.51,20-04-23-09-38-26-134
95.56,79.80,666.00,25.08,20-04-23-09-38-26-167
94.10,78.47,71.53,34.51,20-04-23-09-38-26-204
98.54,73.91,80.76,32.23,20-04-23-09-38-26-234
99.47,59.19,666.00,2.93,20-04-23-09-38-26-269
98.35,47.99,666.00,17.18,20-04-23-09-38-26-304
98.65,42.98,666.00,23.99,20-04-23-09-38-26-334
98.70,39.91,666.00,24.99,20-04-23-09-38-26-370
98.81,38.54,666.00,19.79,20-04-23-09-38-26-401
99.86,38.10,666.00,16.59,20-04-23-09-38-26-435
100.84,38.91,666.00,14.68,20-04-23-09-38-26-468
100.75,39.10,666.00,11.23,20-04-23-09-38-26-504
100.62,39.10,666.00,4.32,20-04-23-09-38-26-534
100.59,38.89,666.00,4.39,20-04-23-09-38-26-566
100.41,38.16,666.00,5.12,20-04-23-09-38-26-602
100.03,35.76,666.00,5.35,20-04-23-09-38-26-633
99.37,33.93,666.00,3.58,20-04-23-09-38-26-666
98.58,31.00,666.00,2.91,20-04-23-09-38-26-702
97.95,28.95,666.00,2.65,20-04-23-09-38-26-734
97.42,26.53,666.00,2.12,20-04-23-09-38-26-766
97.33,23.01,666.00,2.84,20-04-23-09-38-26-801
97.45,19.59,666.00,4.38,20-04-23-09-38-26-835
97.58,17.03,666.00,5.38,20-04-23-09-38-26-868
97.76,14.72,666.00,4.62,20-04-23-09-38-26-903
97.95,12.63,666.00,2.77,20-04-23-09-38-26-935
98.04,8.10,666.00,7.20,20-04-23-09-38-26-966
97.98,6.17,666.00,5.61,20-04-23-09-38-27-003
97.90,4.85,666.00,2.68,20-04-23-09-38-27-036
97.74,3.88,666.00,5.19,20-04-23-09-38-27-067
97.58,3.15,666.00,8.60,20-04-23-09-38-27-102
97.31,2.20,666.00,9.12,20-04-23-09-38-27-135
97.06,1.70,666.00,9.31,20-04-23-09-38-27-167
96.78,0.99,666.00,9.75,20-04-23-09-38-27-201
96.44,0.14,666.00,10.20,20-04-23-09-38-27-236
96.10,-0.69,666.00,9.56,20-04-23-09-38-27-265
94.78,-5.98,666.00,4.92,20-04-23-09-38-27-304
93.96,-8.76,666.00,9.64,20-04-23-09-38-27-335
93.50,-9.68,666.00,11.44,20-04-23-09-38-27-368
93.21,-9.86,666.00,8.48,20-04-23-09-38-27-400
93.19,-9.80,666.00,7.30,20-04-23-09-38-27-435
92.85,-10.21,666.00,6.77,20-04-23-09-38-27-466
92.69,-10.06,666.00,4.62,20-04-23-09-38-27-500
92.55,-9.79,666.00,3.88,20-04-23-09-38-27-536
92.43,-9.52,666.00,8.01,20-04-23-09-38-27-565
91.92,-9.68,666.00,21.53,20-04-23-09-38-27-602
91.56,-9.97,666.00,28.16,20-04-23-09-38-27-634
91.28,-10.13,666.00,28.80,20-04-23-09-38-27-667
91.39,-9.09,666.00,29.13,20-04-23-09-38-27-702
91.41,-8.63,666.00,27.45,20-04-23-09-38-27-736
91.59,-6.36,666.00,29.48,20-04-23-09-38-27-766
91.79,-4.02,-46.28,31.71,20-04-23-09-38-27-802
91.96,-2.16,-28.43,33.50,20-04-23-09-38-27-833
92.08,-2.18,-27.52,31.77,20-04-23-09-38-27-866
92.40,0.53,30.52,35.10,20-04-23-09-38-27-905
92.66,3.20,666.00,6.93,20-04-23-09-38-27-933
92.93,5.87,666.00,5.58,20-04-23-09-38-27-967
93.19,8.51,666.00,12.37,20-04-23-09-38-28-000
93.39,10.86,666.00,12.09,20-04-23-09-38-28-034
93.56,12.67,666.00,13.08,20-04-23-09-38-28-069
93.81,14.93,666.00,10.60,20-04-23-09-38-28-101
94.02,16.63,666.00,8.54,20-04-23-09-38-28-133
94.36,18.60,666.00,5.68,20-04-23-09-38-28-169
94.65,20.44,666.00,4.18,20-04-23-09-38-28-199
94.99,22.39,666.00,4.96,20-04-23-09-38-28-235
95.47,27.78,666.00,1.52,20-04-23-09-38-28-268
96.26,32.71,666.00,3.43,20-04-23-09-38-28-301
96.62,35.02,666.00,2.92,20-04-23-09-38-28-334
96.74,36.96,666.00,2.76,20-04-23-09-38-28-367
96.64,38.75,666.00,2.59,20-04-23-09-38-28-399
96.61,40.71,666.00,4.40,20-04-23-09-38-28-434
96.64,43.42,666.00,4.62,20-04-23-09-38-28-468
96.47,46.99,666.00,2.58,20-04-23-09-38-28-503
96.19,49.28,666.00,5.59,20-04-23-09-38-28-535
97.47,57.58,666.00,7.97,20-04-23-09-38-28-566
97.85,60.52,666.00,7.27,20-04-23-09-38-28-601
97.93,62.01,666.00,6.99,20-04-23-09-38-28-635
98.11,65.01,666.00,9.52,20-04-23-09-38-28-667
98.37,66.87,666.00,10.30,20-04-23-09-38-28-700
98.19,68.06,666.00,10.36,20-04-23-09-38-28-735
97.82,68.81,666.00,3.95,20-04-23-09-38-28-768
97.59,68.88,666.00,3.94,20-04-23-09-38-28-800
96.86,66.06,666.00,7.55,20-04-23-09-38-28-837
96.06,64.73,666.00,9.43,20-04-23-09-38-28-868
95.03,64.05,666.00,13.16,20-04-23-09-38-28-900
93.64,63.64,666.00,14.30,20-04-23-09-38-28-934
91.78,63.54,666.00,15.32,20-04-23-09-38-28-968
86.08,62.71,666.00,18.92,20-04-23-09-38-29-002
83.50,62.57,666.00,21.19,20-04-23-09-38-29-036
83.25,62.31,666.00,21.53,20-04-23-09-38-29-067
82.84,61.50,666.00,24.09,20-04-23-09-38-29-103
78.90,60.40,-41.24,33.14,20-04-23-09-38-29-133
97.82,74.66,666.00,12.34,20-04-23-09-38-29-167
97.97,74.30,666.00,10.59,20-04-23-09-38-29-202
97.88,73.97,666.00,9.37,20-04-23-09-38-29-233
97.81,73.30,666.00,8.15,20-04-23-09-38-29-267
97.70,72.58,666.00,7.15,20-04-23-09-38-29-302
97.54,72.01,666.00,6.36,20-04-23-09-38-29-336
74.04,56.47,-32.90,30.93,20-04-23-09-38-29-364
73.43,56.25,-31.19,30.58,20-04-23-09-38-29-402
71.71,56.81,-26.30,30.21,20-04-23-09-38-29-434
72.39,55.98,666.00,29.47,20-04-23-09-38-29-467
73.01,55.29,666.00,28.92,20-04-23-09-38-29-500
73.56,54.81,666.00,28.47,20-04-23-09-38-29-536
74.07,54.49,666.00,28.07,20-04-23-09-38-29-568
75.24,53.87,666.00,27.96,20-04-23-09-38-29-599
81.01,52.56,666.00,27.93,20-04-23-09-38-29-633
84.61,51.25,666.00,27.09,20-04-23-09-38-29-667
86.97,50.29,666.00,15.40,20-04-23-09-38-29-701
88.82,48.24,666.00,11.20,20-04-23-09-38-29-734
89.73,46.25,666.00,9.67,20-04-23-09-38-29-769
90.48,44.65,666.00,8.75,20-04-23-09-38-29-799
91.02,43.72,666.00,4.02,20-04-23-09-38-29-832
91.90,43.07,666.00,1.76,20-04-23-09-38-29-868
92.24,39.43,666.00,5.74,20-04-23-09-38-29-903
92.93,37.51,666.00,3.68,20-04-23-09-38-29-934
93.26,37.84,666.00,2.72,20-04-23-09-38-29-968
93.20,36.55,666.00,2.67,20-04-23-09-38-30-001
93.42,36.66,666.00,3.80,20-04-23-09-38-30-034
93.53,36.30,666.00,7.80,20-04-23-09-38-30-070
93.45,33.77,666.00,4.75,20-04-23-09-38-30-101
93.59,32.36,666.00,4.76,20-04-23-09-38-30-133
93.60,29.95,666.00,3.95,20-04-23-09-38-30-167
93.69,28.36,666.00,4.80,20-04-23-09-38-30-201
93.79,27.13,666.00,4.93,20-04-23-09-38-30-235
93.98,25.50,666.00,5.03,20-04-23-09-38-30-266
94.33,23.29,666.00,4.91,20-04-23-09-38-30-301
94.72,21.20,666.00,4.69,20-04-23-09-38-30-335
95.21,19.17,666.00,2.87,20-04-23-09-38-30-365
95.62,17.26,666.00,1.79,20-04-23-09-38-30-403
96.09,15.78,666.00,1.59,20-04-23-09-38-30-436
96.46,14.39,666.00,7.27,20-04-23-09-38-30-468
96.84,9.23,666.00,3.64,20-04-23-09-38-30-503
96.98,7.59,666.00,4.86,20-04-23-09-38-30-535
97.04,6.87,666.00,5.02,20-04-23-09-38-30-566
97.09,6.41,666.00,4.69,20-04-23-09-38-30-603
97.15,6.27,666.00,3.68,20-04-23-09-38-30-638
97.22,6.34,666.00,3.49,20-04-23-09-38-30-667
97.27,6.45,666.00,4.35,20-04-23-09-38-30-701
97.29,6.47,666.00,9.20,20-04-23-09-38-30-735
97.30,6.30,666.00,11.91,20-04-23-09-38-30-765
97.26,6.07,666.00,13.01,20-04-23-09-38-30-805
97.18,5.71,666.00,13.24,20-04-23-09-38-30-833
97.05,5.25,666.00,14.38,20-04-23-09-38-30-867
96.89,4.80,666.00,14.57,20-04-23-09-38-30-901
96.62,4.16,666.00,20.83,20-04-23-09-38-30-933
96.35,3.61,666.00,19.94,20-04-23-09-38-30-967
96.00,2.89,666.00,17.98,20-04-23-09-38-31-002
95.68,2.38,666.00,15.74,20-04-23-09-38-31-036
95.32,2.05,666.00,13.46,20-04-23-09-38-31-067
94.97,1.79,666.00,12.30,20-04-23-09-38-31-100
93.85,-1.08,666.00,4.50,20-04-23-09-38-31-134
93.19,-2.20,666.00,3.26,20-04-23-09-38-31-169
92.81,-2.54,666.00,6.65,20-04-23-09-38-31-201
90.74,-8.22,666.00,13.77,20-04-23-09-38-31-235
89.96,-9.43,666.00,8.69,20-04-23-09-38-31-269
89.92,-7.75,666.00,15.21,20-04-23-09-38-31-300
90.12,-5.67,666.00,23.15,20-04-23-09-38-31-339
90.40,-3.63,666.00,28.58,20-04-23-09-38-31-369
90.50,-2.44,666.00,29.89,20-04-23-09-38-31-401
89.14,-4.81,666.00,23.08,20-04-23-09-38-31-434
89.60,-1.48,666.00,28.32,20-04-23-09-38-31-470
89.94,0.87,110.99,30.41,20-04-23-09-38-31-508
89.92,2.15,666.00,16.26,20-04-23-09-38-31-544
89.87,3.02,666.00,5.62,20-04-23-09-38-31-572
89.86,3.72,666.00,3.73,20-04-23-09-38-31-603
89.80,4.30,666.00,4.94,20-04-23-09-38-31-638
89.74,4.76,666.00,5.59,20-04-23-09-38-31-668
89.66,5.15,666.00,5.91,20-04-23-09-38-31-700
89.49,5.57,666.00,6.28,20-04-23-09-38-31-732
89.23,5.85,666.00,6.34,20-04-23-09-38-31-767
88.84,6.14,666.00,13.51,20-04-23-09-38-31-803
88.29,6.48,666.00,15.21,20-04-23-09-38-31-832
87.45,6.89,666.00,15.43,20-04-23-09-38-31-867
86.29,7.27,666.00,17.18,20-04-23-09-38-31-898
85.17,7.61,666.00,17.50,20-04-23-09-38-31-934
81.98,8.68,666.00,11.97,20-04-23-09-38-31-968
81.58,9.30,666.00,11.39,20-04-23-09-38-32-002
81.28,9.45,666.00,11.24,20-04-23-09-38-32-034
80.72,9.64,666.00,11.28,20-04-23-09-38-32-069
79.68,9.75,666.00,10.33,20-04-23-09-38-32-100
78.23,9.88,666.00,12.94,20-04-23-09-38-32-135
76.75,10.17,666.00,12.73,20-04-23-09-38-32-166
75.45,10.37,666.00,11.45,20-04-23-09-38-32-200
74.08,10.61,666.00,9.74,20-04-23-09-38-32-235
72.90,10.88,666.00,8.67,20-04-23-09-38-32-265
70.87,11.57,666.00,5.46,20-04-23-09-38-32-302
69.63,11.97,666.00,4.09,20-04-23-09-38-32-333
68.25,12.52,666.00,3.41,20-04-23-09-38-32-367
67.37,12.99,666.00,3.61,20-04-23-09-38-32-403
67.00,13.31,666.00,3.72,20-04-23-09-38-32-436
66.95,13.57,666.00,3.70,20-04-23-09-38-32-468
66.57,13.78,666.00,3.73,20-04-23-09-38-32-501
66.15,14.02,666.00,3.75,20-04-23-09-38-32-532
65.59,14.31,666.00,3.84,20-04-23-09-38-32-565
64.96,14.62,666.00,3.89,20-04-23-09-38-32-603
63.76,14.96,666.00,3.47,20-04-23-09-38-32-635
62.52,15.35,666.00,3.27,20-04-23-09-38-32-671
61.12,15.62,666.00,2.51,20-04-23-09-38-32-701
59.63,15.87,666.00,1.91,20-04-23-09-38-32-734
58.21,16.10,666.00,1.32,20-04-23-09-38-32-765
56.61,16.38,666.00,0.73,20-04-23-09-38-32-802
54.65,17.01,666.00,3.16,20-04-23-09-38-32-835
52.84,17.67,666.00,4.74,20-04-23-09-38-32-866
51.20,18.26,666.00,3.92,20-04-23-09-38-32-903
49.75,18.83,666.00,3.09,20-04-23-09-38-32-935
48.36,19.55,666.00,2.92,20-04-23-09-38-32-968
46.13,20.48,666.00,3.55,20-04-23-09-38-33-002
44.61,21.09,666.00,1.16,20-04-23-09-38-33-036
