12.74,-3.33,666.00,20.82,28-04-23-09-43-30-140
12.70,-3.32,666.00,20.77,28-04-23-09-43-30-155
12.64,-3.20,666.00,20.66,28-04-23-09-43-30-192
12.62,-3.19,666.00,20.57,28-04-23-09-43-30-224
12.60,-3.19,666.00,20.47,28-04-23-09-43-30-254
12.63,-3.11,666.00,20.38,28-04-23-09-43-30-289
12.69,-3.16,666.00,20.35,28-04-23-09-43-30-323
12.75,-3.03,666.00,20.26,28-04-23-09-43-30-353
12.80,-2.94,666.00,20.19,28-04-23-09-43-30-388
12.85,-2.88,666.00,20.05,28-04-23-09-43-30-424
12.88,-2.86,666.00,19.91,28-04-23-09-43-30-457
12.90,-2.87,666.00,19.74,28-04-23-09-43-30-488
12.90,-2.87,666.00,19.55,28-04-23-09-43-30-522
12.89,-3.02,666.00,19.40,28-04-23-09-43-30-555
12.87,-3.17,666.00,19.21,28-04-23-09-43-30-588
12.83,-3.25,666.00,19.04,28-04-23-09-43-30-623
12.78,-3.35,666.00,18.92,28-04-23-09-43-30-656
12.74,-3.44,666.00,18.79,28-04-23-09-43-30-688
12.70,-3.56,666.00,18.68,28-04-23-09-43-30-722
12.67,-3.74,666.00,18.61,28-04-23-09-43-30-754
12.65,-3.93,666.00,18.56,28-04-23-09-43-30-789
12.63,-4.16,666.00,18.57,28-04-23-09-43-30-822
12.62,-4.62,666.00,18.60,28-04-23-09-43-30-854
12.63,-5.01,666.00,18.33,28-04-23-09-43-30-889
12.64,-5.18,666.00,17.96,28-04-23-09-43-30-921
12.66,-5.24,666.00,17.57,28-04-23-09-43-30-954
12.74,-5.19,666.00,18.59,28-04-23-09-43-30-988
13.08,-4.70,666.00,19.97,28-04-23-09-43-31-024
14.14,-3.93,666.00,22.21,28-04-23-09-43-31-056
19.02,0.76,666.00,18.34,28-04-23-09-43-31-088
22.85,3.20,666.00,18.64,28-04-23-09-43-31-122
26.79,5.84,666.00,17.31,28-04-23-09-43-31-155
30.57,8.02,666.00,18.13,28-04-23-09-43-31-189
36.14,10.18,666.00,17.78,28-04-23-09-43-31-223
40.98,11.21,666.00,17.62,28-04-23-09-43-31-254
46.61,11.96,666.00,15.53,28-04-23-09-43-31-290
51.64,12.08,666.00,13.33,28-04-23-09-43-31-321
57.43,11.81,666.00,10.69,28-04-23-09-43-31-354
62.64,11.82,666.00,10.37,28-04-23-09-43-31-389
67.54,11.62,666.00,8.69,28-04-23-09-43-31-421
72.23,11.28,666.00,10.13,28-04-23-09-43-31-453
77.04,11.19,666.00,10.69,28-04-23-09-43-31-489
81.22,11.44,666.00,9.95,28-04-23-09-43-31-524
85.45,11.20,666.00,10.17,28-04-23-09-43-31-555
91.30,10.38,666.00,5.79,28-04-23-09-43-31-589
94.75,9.65,666.00,5.92,28-04-23-09-43-31-621
99.11,8.76,666.00,7.59,28-04-23-09-43-31-656
103.26,7.80,666.00,9.71,28-04-23-09-43-31-689
106.11,7.00,666.00,11.62,28-04-23-09-43-31-722
110.52,5.77,666.00,10.73,28-04-23-09-43-31-755
113.88,5.10,666.00,12.31,28-04-23-09-43-31-790
116.89,4.71,666.00,11.29,28-04-23-09-43-31-822
119.40,4.35,666.00,14.11,28-04-23-09-43-31-854
121.82,4.15,666.00,14.98,28-04-23-09-43-31-890
125.24,4.51,666.00,16.36,28-04-23-09-43-31-918
130.29,5.74,666.00,13.24,28-04-23-09-43-31-956
133.33,6.66,666.00,14.21,28-04-23-09-43-31-990
136.37,7.55,666.00,13.09,28-04-23-09-43-32-021
138.65,8.42,666.00,15.11,28-04-23-09-43-32-052
141.32,9.52,666.00,14.50,28-04-23-09-43-32-088
144.16,10.97,666.00,14.32,28-04-23-09-43-32-120
147.23,12.43,666.00,12.81,28-04-23-09-43-32-155
148.95,13.33,666.00,13.14,28-04-23-09-43-32-189
150.11,14.10,666.00,13.68,28-04-23-09-43-32-222
152.68,14.75,666.00,11.56,28-04-23-09-43-32-255
153.97,14.72,666.00,12.77,28-04-23-09-43-32-289
156.64,17.28,666.00,12.92,28-04-23-09-43-32-322
157.90,19.17,666.00,18.40,28-04-23-09-43-32-353
158.93,21.02,666.00,20.27,28-04-23-09-43-32-389
160.08,23.36,666.00,20.67,28-04-23-09-43-32-421
161.00,25.63,666.00,21.56,28-04-23-09-43-32-454
161.99,26.01,666.00,23.06,28-04-23-09-43-32-491
163.41,28.44,666.00,28.89,28-04-23-09-43-32-521
164.67,31.51,-96.37,31.91,28-04-23-09-43-32-555
166.98,41.19,-96.73,34.66,28-04-23-09-43-32-589
167.93,50.10,-96.48,34.83,28-04-23-09-43-32-622
168.21,56.37,-96.57,34.42,28-04-23-09-43-32-651
168.26,63.82,-96.70,33.20,28-04-23-09-43-32-690
167.99,84.19,666.00,27.92,28-04-23-09-43-32-723
167.19,93.46,666.00,25.81,28-04-23-09-43-32-756
166.53,97.80,666.00,24.68,28-04-23-09-43-32-788
165.93,100.61,666.00,23.88,28-04-23-09-43-32-821
165.49,102.12,666.00,23.17,28-04-23-09-43-32-855
165.13,100.82,666.00,23.11,28-04-23-09-43-32-886
165.26,97.46,666.00,23.15,28-04-23-09-43-32-920
165.60,93.66,666.00,22.29,28-04-23-09-43-32-955
166.20,87.50,666.00,19.59,28-04-23-09-43-32-987
166.64,79.31,666.00,17.74,28-04-23-09-43-33-022
166.84,72.38,666.00,15.38,28-04-23-09-43-33-055
166.95,65.90,666.00,11.87,28-04-23-09-43-33-090
166.96,59.11,666.00,9.37,28-04-23-09-43-33-123
166.71,53.29,666.00,7.78,28-04-23-09-43-33-157
166.24,48.61,666.00,7.70,28-04-23-09-43-33-194
165.50,43.94,666.00,8.17,28-04-23-09-43-33-223
161.10,31.18,666.00,15.22,28-04-23-09-43-33-254
158.42,26.73,666.00,16.92,28-04-23-09-43-33-287
157.02,25.03,666.00,15.56,28-04-23-09-43-33-321
155.86,21.68,666.00,16.78,28-04-23-09-43-33-352
155.46,20.78,666.00,14.35,28-04-23-09-43-33-393
155.19,20.24,666.00,11.39,28-04-23-09-43-33-422
154.87,19.30,666.00,8.62,28-04-23-09-43-33-452
153.59,16.42,666.00,9.38,28-04-23-09-43-33-489
152.12,14.51,666.00,8.85,28-04-23-09-43-33-522
148.25,10.73,666.00,12.07,28-04-23-09-43-33-555
146.33,9.16,666.00,12.64,28-04-23-09-43-33-589
145.02,8.17,666.00,11.85,28-04-23-09-43-33-620
143.45,7.45,666.00,11.40,28-04-23-09-43-33-656
142.08,6.81,666.00,7.50,28-04-23-09-43-33-687
140.73,6.40,666.00,2.96,28-04-23-09-43-33-720
138.52,5.66,666.00,3.32,28-04-23-09-43-33-754
136.23,4.82,666.00,3.58,28-04-23-09-43-33-789
134.08,4.25,666.00,3.64,28-04-23-09-43-33-820
130.41,3.60,666.00,4.01,28-04-23-09-43-33-857
126.79,1.98,666.00,4.20,28-04-23-09-43-33-891
123.98,0.57,666.00,5.17,28-04-23-09-43-33-920
121.59,-0.27,666.00,5.52,28-04-23-09-43-33-954
118.37,-0.90,666.00,6.68,28-04-23-09-43-33-988
115.28,-1.20,666.00,9.49,28-04-23-09-43-34-021
111.64,-1.09,666.00,12.57,28-04-23-09-43-34-053
106.20,-1.09,666.00,8.72,28-04-23-09-43-34-091
100.60,-0.51,666.00,5.85,28-04-23-09-43-34-122
96.99,-0.18,666.00,9.19,28-04-23-09-43-34-153
93.63,-0.21,666.00,10.22,28-04-23-09-43-34-189
89.92,-0.07,666.00,8.64,28-04-23-09-43-34-220
85.52,-0.23,666.00,9.11,28-04-23-09-43-34-257
81.00,-0.37,666.00,5.07,28-04-23-09-43-34-289
77.23,-0.18,666.00,3.60,28-04-23-09-43-34-322
74.03,-0.02,666.00,6.78,28-04-23-09-43-34-356
70.06,0.01,666.00,8.50,28-04-23-09-43-34-392
65.41,-0.10,666.00,7.04,28-04-23-09-43-34-422
61.52,0.06,666.00,5.71,28-04-23-09-43-34-453
57.98,0.40,666.00,4.98,28-04-23-09-43-34-488
54.78,0.48,666.00,5.61,28-04-23-09-43-34-524
52.11,0.57,666.00,6.57,28-04-23-09-43-34-554
49.35,0.47,666.00,7.35,28-04-23-09-43-34-593
46.81,0.59,666.00,7.57,28-04-23-09-43-34-622
44.33,0.87,666.00,7.10,28-04-23-09-43-34-656
42.11,1.33,666.00,7.09,28-04-23-09-43-34-688
40.36,1.83,666.00,6.97,28-04-23-09-43-34-724
38.08,2.35,666.00,7.52,28-04-23-09-43-34-753
35.94,2.88,666.00,7.43,28-04-23-09-43-34-795
33.79,3.71,666.00,7.30,28-04-23-09-43-34-824
32.19,4.43,666.00,7.00,28-04-23-09-43-34-854
29.88,4.61,666.00,7.65,28-04-23-09-43-34-889
27.54,4.29,666.00,8.97,28-04-23-09-43-34-921
25.52,3.35,666.00,9.70,28-04-23-09-43-34-957
23.26,2.67,666.00,11.03,28-04-23-09-43-34-987
21.51,2.32,666.00,11.89,28-04-23-09-43-35-023
19.99,2.48,666.00,11.93,28-04-23-09-43-35-056
18.77,2.86,666.00,11.51,28-04-23-09-43-35-088
17.82,3.35,666.00,11.31,28-04-23-09-43-35-121
17.16,3.85,666.00,10.97,28-04-23-09-43-35-155
16.69,4.31,666.00,10.75,28-04-23-09-43-35-189
16.34,4.76,666.00,10.59,28-04-23-09-43-35-220
16.07,5.20,666.00,10.46,28-04-23-09-43-35-255
15.88,5.58,666.00,10.33,28-04-23-09-43-35-293
15.75,5.93,666.00,10.23,28-04-23-09-43-35-320
15.67,6.23,666.00,10.51,28-04-23-09-43-35-356
15.70,6.47,666.00,12.56,28-04-23-09-43-35-389
16.55,6.08,666.00,14.54,28-04-23-09-43-35-421
18.31,4.88,666.00,17.33,28-04-23-09-43-35-454
22.70,3.59,666.00,15.41,28-04-23-09-43-35-488
28.02,2.60,666.00,13.06,28-04-23-09-43-35-522
31.63,2.85,666.00,15.38,28-04-23-09-43-35-554
36.67,3.29,666.00,13.34,28-04-23-09-43-35-590
41.77,4.45,666.00,13.78,28-04-23-09-43-35-622
47.19,5.89,666.00,12.49,28-04-23-09-43-35-655
52.61,6.60,666.00,12.14,28-04-23-09-43-35-691
58.99,7.39,666.00,12.06,28-04-23-09-43-35-722
64.05,7.50,666.00,11.01,28-04-23-09-43-35-757
69.78,7.90,666.00,10.60,28-04-23-09-43-35-789
74.60,8.54,666.00,9.30,28-04-23-09-43-35-821
80.48,9.41,666.00,7.77,28-04-23-09-43-35-857
85.69,9.98,666.00,5.02,28-04-23-09-43-35-887
89.78,10.16,666.00,5.71,28-04-23-09-43-35-922
94.24,10.15,666.00,4.92,28-04-23-09-43-35-956
97.53,9.94,666.00,7.32,28-04-23-09-43-35-990
101.68,9.72,666.00,6.38,28-04-23-09-43-36-022
105.24,9.43,666.00,7.21,28-04-23-09-43-36-056
108.88,8.57,666.00,7.57,28-04-23-09-43-36-092
112.13,8.02,666.00,5.61,28-04-23-09-43-36-123
115.14,7.34,666.00,7.48,28-04-23-09-43-36-156
119.03,6.63,666.00,7.11,28-04-23-09-43-36-191
121.55,6.04,666.00,8.98,28-04-23-09-43-36-223
123.47,5.51,666.00,10.07,28-04-23-09-43-36-254
128.64,5.06,666.00,7.95,28-04-23-09-43-36-290
131.05,4.84,666.00,10.02,28-04-23-09-43-36-324
133.19,4.86,666.00,11.79,28-04-23-09-43-36-354
135.61,5.04,666.00,10.70,28-04-23-09-43-36-388
137.20,5.10,666.00,11.07,28-04-23-09-43-36-419
139.23,5.04,666.00,11.05,28-04-23-09-43-36-453
141.01,4.81,666.00,10.77,28-04-23-09-43-36-490
143.22,4.96,666.00,10.75,28-04-23-09-43-36-523
145.74,5.03,666.00,10.12,28-04-23-09-43-36-555
150.92,5.41,666.00,10.41,28-04-23-09-43-36-587
152.26,5.49,666.00,11.28,28-04-23-09-43-36-622
153.07,5.33,666.00,11.99,28-04-23-09-43-36-660
154.05,5.12,666.00,12.28,28-04-23-09-43-36-690
155.19,5.23,666.00,15.00,28-04-23-09-43-36-722
155.88,5.19,666.00,16.50,28-04-23-09-43-36-757
156.73,5.13,666.00,18.22,28-04-23-09-43-36-790
157.91,5.31,666.00,21.41,28-04-23-09-43-36-819
158.93,5.69,666.00,22.52,28-04-23-09-43-36-855
160.20,6.97,666.00,22.49,28-04-23-09-43-36-889
161.22,8.42,666.00,23.06,28-04-23-09-43-36-923
162.04,9.48,666.00,24.78,28-04-23-09-43-36-955
162.86,11.06,666.00,27.09,28-04-23-09-43-36-993
162.81,28.42,666.00,29.28,28-04-23-09-43-37-019
162.91,34.76,-101.60,30.36,28-04-23-09-43-37-053
163.00,39.60,-99.79,30.78,28-04-23-09-43-37-091
163.02,43.91,-98.00,30.65,28-04-23-09-43-37-122
162.93,48.71,-94.60,30.46,28-04-23-09-43-37-153
162.90,52.72,-91.46,30.22,28-04-23-09-43-37-193
163.02,55.48,666.00,29.98,28-04-23-09-43-37-226
163.18,56.90,666.00,29.61,28-04-23-09-43-37-253
163.34,54.81,666.00,29.15,28-04-23-09-43-37-291
163.49,52.62,666.00,25.68,28-04-23-09-43-37-322
163.59,50.54,666.00,21.52,28-04-23-09-43-37-355
163.47,48.09,666.00,16.58,28-04-23-09-43-37-390
163.14,45.04,666.00,14.30,28-04-23-09-43-37-424
162.39,39.78,666.00,11.75,28-04-23-09-43-37-457
160.86,32.78,666.00,12.46,28-04-23-09-43-37-490
158.87,25.99,666.00,10.25,28-04-23-09-43-37-521
156.65,20.50,666.00,6.87,28-04-23-09-43-37-554
153.75,15.70,666.00,6.79,28-04-23-09-43-37-587
149.13,10.59,666.00,9.41,28-04-23-09-43-37-621
145.75,7.63,666.00,8.37,28-04-23-09-43-37-655
141.70,5.40,666.00,9.15,28-04-23-09-43-37-692
138.30,4.14,666.00,5.39,28-04-23-09-43-37-719
135.02,3.23,666.00,5.38,28-04-23-09-43-37-753
132.30,2.59,666.00,4.16,28-04-23-09-43-37-789
128.93,1.92,666.00,4.01,28-04-23-09-43-37-821
121.21,1.20,666.00,8.40,28-04-23-09-43-37-853
116.30,0.24,666.00,9.54,28-04-23-09-43-37-889
113.52,0.06,666.00,6.96,28-04-23-09-43-37-922
109.79,0.28,666.00,8.14,28-04-23-09-43-37-954
103.61,1.16,666.00,6.50,28-04-23-09-43-37-989
97.20,2.13,666.00,6.60,28-04-23-09-43-38-021
95.25,2.71,666.00,6.84,28-04-23-09-43-38-054
90.24,2.84,666.00,5.01,28-04-23-09-43-38-088
86.14,2.44,666.00,5.63,28-04-23-09-43-38-123
81.66,2.31,666.00,5.29,28-04-23-09-43-38-155
76.23,1.84,666.00,5.00,28-04-23-09-43-38-190
72.68,1.47,666.00,5.95,28-04-23-09-43-38-221
67.85,0.55,666.00,8.65,28-04-23-09-43-38-254
62.95,-0.40,666.00,11.05,28-04-23-09-43-38-291
57.85,-1.19,666.00,12.37,28-04-23-09-43-38-323
53.63,-1.77,666.00,13.42,28-04-23-09-43-38-355
49.36,-2.45,666.00,13.98,28-04-23-09-43-38-392
45.25,-2.66,666.00,14.06,28-04-23-09-43-38-422
42.15,-3.00,666.00,14.20,28-04-23-09-43-38-454
40.21,-3.27,666.00,13.63,28-04-23-09-43-38-490
37.71,-3.50,666.00,13.58,28-04-23-09-43-38-521
36.02,-3.68,666.00,13.61,28-04-23-09-43-38-553
34.45,-3.87,666.00,13.69,28-04-23-09-43-38-589
32.82,-4.11,666.00,14.07,28-04-23-09-43-38-622
31.18,-4.35,666.00,14.63,28-04-23-09-43-38-654
29.35,-5.94,666.00,16.47,28-04-23-09-43-38-688
27.92,-7.49,666.00,18.21,28-04-23-09-43-38-723
26.61,-8.77,666.00,19.67,28-04-23-09-43-38-755
25.09,-10.49,666.00,21.20,28-04-23-09-43-38-790
23.97,-11.84,666.00,22.34,28-04-23-09-43-38-823
22.89,-13.29,666.00,23.72,28-04-23-09-43-38-855
21.70,-14.06,666.00,24.08,28-04-23-09-43-38-891
20.52,-14.05,666.00,24.00,28-04-23-09-43-38-921
19.57,-13.58,666.00,23.68,28-04-23-09-43-38-956
18.69,-12.45,666.00,22.89,28-04-23-09-43-38-989
17.94,-11.07,666.00,22.09,28-04-23-09-43-39-022
17.34,-9.79,666.00,21.37,28-04-23-09-43-39-057
16.88,-8.64,666.00,20.79,28-04-23-09-43-39-091
16.46,-7.56,666.00,20.40,28-04-23-09-43-39-122
16.11,-6.63,666.00,20.07,28-04-23-09-43-39-154
15.84,-5.81,666.00,19.85,28-04-23-09-43-39-188
15.60,-5.20,666.00,19.75,28-04-23-09-43-39-221
15.41,-4.69,666.00,19.67,28-04-23-09-43-39-258
15.24,-4.26,666.00,19.58,28-04-23-09-43-39-291
15.10,-3.90,666.00,19.51,28-04-23-09-43-39-322
15.00,-3.57,666.00,19.43,28-04-23-09-43-39-355
14.94,-3.21,666.00,19.41,28-04-23-09-43-39-388
14.92,-2.80,666.00,19.57,28-04-23-09-43-39-419
15.07,-2.00,666.00,20.08,28-04-23-09-43-39-455
16.01,-0.43,666.00,21.44,28-04-23-09-43-39-493
18.51,2.10,666.00,22.13,28-04-23-09-43-39-523
22.29,3.95,666.00,22.32,28-04-23-09-43-39-554
26.82,5.40,666.00,20.44,28-04-23-09-43-39-589
32.50,7.76,666.00,17.84,28-04-23-09-43-39-620
37.22,8.70,666.00,19.03,28-04-23-09-43-39-655
41.13,9.52,666.00,19.44,28-04-23-09-43-39-688
45.54,10.75,666.00,16.52,28-04-23-09-43-39-722
50.96,11.50,666.00,15.34,28-04-23-09-43-39-757
56.35,12.46,666.00,11.19,28-04-23-09-43-39-788
60.60,13.16,666.00,12.57,28-04-23-09-43-39-823
64.74,13.51,666.00,10.98,28-04-23-09-43-39-857
68.67,13.76,666.00,10.33,28-04-23-09-43-39-889
72.07,13.97,666.00,8.85,28-04-23-09-43-39-921
76.57,14.22,666.00,6.65,28-04-23-09-43-39-955
80.13,14.15,666.00,7.96,28-04-23-09-43-39-993
85.69,13.82,666.00,2.77,28-04-23-09-43-40-021
89.80,13.25,666.00,2.63,28-04-23-09-43-40-052
93.15,12.77,666.00,3.81,28-04-23-09-43-40-094
97.48,11.94,666.00,4.50,28-04-23-09-43-40-120
101.09,10.89,666.00,4.88,28-04-23-09-43-40-154
104.23,9.48,666.00,7.16,28-04-23-09-43-40-192
108.30,8.31,666.00,8.32,28-04-23-09-43-40-224
113.91,6.84,666.00,6.87,28-04-23-09-43-40-253
117.22,5.99,666.00,8.06,28-04-23-09-43-40-289
120.16,5.74,666.00,7.54,28-04-23-09-43-40-320
122.70,5.66,666.00,8.27,28-04-23-09-43-40-353
124.70,5.43,666.00,11.98,28-04-23-09-43-40-390
127.06,5.52,666.00,13.12,28-04-23-09-43-40-421
134.48,8.25,666.00,6.26,28-04-23-09-43-40-454
137.34,9.31,666.00,7.41,28-04-23-09-43-40-491
139.30,9.97,666.00,7.45,28-04-23-09-43-40-521
141.26,10.57,666.00,8.35,28-04-23-09-43-40-555
141.56,10.81,666.00,13.25,28-04-23-09-43-40-593
141.99,10.91,666.00,16.22,28-04-23-09-43-40-623
143.62,11.28,666.00,16.33,28-04-23-09-43-40-654
146.40,11.93,666.00,14.11,28-04-23-09-43-40-690
148.24,12.50,666.00,13.23,28-04-23-09-43-40-724
151.68,14.57,666.00,10.01,28-04-23-09-43-40-754
153.14,15.80,666.00,11.70,28-04-23-09-43-40-793
154.19,16.80,666.00,11.45,28-04-23-09-43-40-821
155.31,17.91,666.00,11.17,28-04-23-09-43-40-854
156.33,18.93,666.00,12.02,28-04-23-09-43-40-890
157.73,20.76,666.00,13.35,28-04-23-09-43-40-923
158.99,22.72,666.00,15.92,28-04-23-09-43-40-956
160.55,24.83,666.00,17.27,28-04-23-09-43-40-990
162.69,28.66,666.00,17.02,28-04-23-09-43-41-020
164.38,33.27,666.00,15.25,28-04-23-09-43-41-055
166.17,40.73,666.00,12.51,28-04-23-09-43-41-089
166.31,67.77,666.00,11.51,28-04-23-09-43-41-121
166.56,79.57,666.00,12.20,28-04-23-09-43-41-155
166.85,87.09,666.00,11.60,28-04-23-09-43-41-190
167.01,90.66,666.00,11.64,28-04-23-09-43-41-220
167.12,91.24,666.00,11.60,28-04-23-09-43-41-252
167.22,90.11,666.00,11.52,28-04-23-09-43-41-289
167.27,90.02,666.00,11.42,28-04-23-09-43-41-320
167.27,90.51,666.00,10.55,28-04-23-09-43-41-356
166.97,89.11,666.00,8.98,28-04-23-09-43-41-392
166.22,84.72,666.00,7.02,28-04-23-09-43-41-422
165.44,71.69,666.00,5.95,28-04-23-09-43-41-455
165.14,56.64,666.00,4.29,28-04-23-09-43-41-489
164.63,44.76,666.00,4.25,28-04-23-09-43-41-524
163.15,33.97,666.00,5.88,28-04-23-09-43-41-558
161.82,27.63,666.00,3.62,28-04-23-09-43-41-589
160.52,23.41,666.00,3.94,28-04-23-09-43-41-621
158.91,20.12,666.00,4.24,28-04-23-09-43-41-654
156.56,16.56,666.00,4.52,28-04-23-09-43-41-691
152.12,10.42,666.00,8.23,28-04-23-09-43-41-720
149.15,8.39,666.00,10.82,28-04-23-09-43-41-757
145.25,5.53,666.00,13.57,28-04-23-09-43-41-790
141.94,3.84,666.00,12.03,28-04-23-09-43-41-822
139.21,2.85,666.00,11.23,28-04-23-09-43-41-855
137.30,2.39,666.00,6.35,28-04-23-09-43-41-890
136.48,1.85,666.00,5.94,28-04-23-09-43-41-924
135.90,1.47,666.00,6.18,28-04-23-09-43-41-953
135.53,0.12,666.00,7.45,28-04-23-09-43-41-988
133.99,-1.07,666.00,8.92,28-04-23-09-43-42-022
126.87,-3.55,666.00,9.27,28-04-23-09-43-42-055
123.86,-4.36,666.00,9.62,28-04-23-09-43-42-089
121.93,-4.72,666.00,9.68,28-04-23-09-43-42-122
119.28,-5.06,666.00,10.73,28-04-23-09-43-42-155
116.21,-5.17,666.00,11.03,28-04-23-09-43-42-193
111.12,-5.42,666.00,10.87,28-04-23-09-43-42-221
107.37,-5.56,666.00,13.37,28-04-23-09-43-42-268
102.90,-5.73,666.00,12.41,28-04-23-09-43-42-294
99.35,-5.50,666.00,11.40,28-04-23-09-43-42-323
95.62,-4.93,666.00,12.04,28-04-23-09-43-42-354
93.07,-4.31,666.00,11.63,28-04-23-09-43-42-388
90.48,-3.74,666.00,11.67,28-04-23-09-43-42-422
88.45,-3.23,666.00,13.38,28-04-23-09-43-42-452
85.30,-3.26,666.00,12.40,28-04-23-09-43-42-487
81.81,-3.19,666.00,12.92,28-04-23-09-43-42-522
78.76,-3.01,666.00,13.31,28-04-23-09-43-42-557
76.26,-2.64,666.00,14.93,28-04-23-09-43-42-589
72.37,-2.31,666.00,14.33,28-04-23-09-43-42-620
68.92,-1.77,666.00,14.11,28-04-23-09-43-42-654
65.95,-1.22,666.00,14.43,28-04-23-09-43-42-692
62.39,-0.68,666.00,14.98,28-04-23-09-43-42-725
59.18,-0.36,666.00,15.03,28-04-23-09-43-42-753
55.70,0.43,666.00,14.71,28-04-23-09-43-42-791
52.67,0.79,666.00,15.13,28-04-23-09-43-42-823
50.35,1.16,666.00,14.88,28-04-23-09-43-42-855
48.11,1.57,666.00,14.77,28-04-23-09-43-42-889
46.26,1.88,666.00,14.96,28-04-23-09-43-42-921
44.43,1.95,666.00,15.07,28-04-23-09-43-42-954
42.53,1.87,666.00,15.52,28-04-23-09-43-42-989
40.45,1.98,666.00,15.91,28-04-23-09-43-43-021
38.18,2.11,666.00,16.28,28-04-23-09-43-43-054
35.88,2.38,666.00,16.31,28-04-23-09-43-43-088
33.97,2.78,666.00,16.89,28-04-23-09-43-43-121
32.01,2.96,666.00,17.62,28-04-23-09-43-43-160
29.90,2.84,666.00,18.55,28-04-23-09-43-43-188
28.08,2.85,666.00,19.34,28-04-23-09-43-43-222
26.02,2.54,666.00,20.34,28-04-23-09-43-43-255
23.96,2.41,666.00,21.57,28-04-23-09-43-43-295
22.04,3.01,666.00,22.13,28-04-23-09-43-43-330
20.63,3.86,666.00,22.34,28-04-23-09-43-43-359
19.64,4.67,666.00,22.47,28-04-23-09-43-43-390
18.90,5.53,666.00,22.50,28-04-23-09-43-43-423
18.24,6.45,666.00,22.54,28-04-23-09-43-43-454
17.68,7.51,666.00,22.41,28-04-23-09-43-43-492
17.21,8.58,666.00,22.21,28-04-23-09-43-43-519
16.81,9.57,666.00,21.97,28-04-23-09-43-43-555
16.46,10.61,666.00,21.67,28-04-23-09-43-43-589
16.15,11.74,666.00,21.34,28-04-23-09-43-43-623
15.91,12.79,666.00,21.01,28-04-23-09-43-43-656
15.72,13.73,666.00,20.66,28-04-23-09-43-43-695
15.58,14.51,666.00,19.95,28-04-23-09-43-43-725
15.52,15.04,666.00,18.50,28-04-23-09-43-43-752
15.50,15.44,666.00,17.38,28-04-23-09-43-43-790
15.55,15.40,666.00,16.98,28-04-23-09-43-43-822
15.78,13.77,666.00,18.04,28-04-23-09-43-43-856
16.52,11.79,666.00,18.93,28-04-23-09-43-43-891
18.05,9.55,666.00,19.35,28-04-23-09-43-43-923
20.76,7.48,666.00,19.73,28-04-23-09-43-43-952
25.11,6.78,666.00,17.13,28-04-23-09-43-43-991
29.34,7.05,666.00,15.28,28-04-23-09-43-44-022
33.57,7.31,666.00,15.55,28-04-23-09-43-44-053
37.26,7.82,666.00,17.36,28-04-23-09-43-44-089
41.00,8.48,666.00,16.75,28-04-23-09-43-44-121
44.84,9.44,666.00,17.07,28-04-23-09-43-44-154
49.83,10.56,666.00,14.02,28-04-23-09-43-44-188
57.02,11.66,666.00,8.95,28-04-23-09-43-44-220
61.97,12.03,666.00,9.49,28-04-23-09-43-44-255
66.01,12.48,666.00,8.33,28-04-23-09-43-44-286
71.40,12.91,666.00,6.65,28-04-23-09-43-44-321
75.47,13.18,666.00,6.10,28-04-23-09-43-44-355
79.21,13.19,666.00,5.24,28-04-23-09-43-44-391
83.42,12.77,666.00,5.77,28-04-23-09-43-44-421
87.32,12.03,666.00,6.27,28-04-23-09-43-44-456
91.03,11.54,666.00,3.85,28-04-23-09-43-44-488
94.93,10.71,666.00,2.67,28-04-23-09-43-44-522
97.77,9.99,666.00,2.67,28-04-23-09-43-44-555
100.88,9.22,666.00,2.47,28-04-23-09-43-44-591
103.05,8.45,666.00,3.92,28-04-23-09-43-44-623
105.32,7.78,666.00,5.28,28-04-23-09-43-44-654
108.45,6.98,666.00,5.26,28-04-23-09-43-44-694
111.48,6.24,666.00,4.28,28-04-23-09-43-44-725
114.13,5.37,666.00,6.98,28-04-23-09-43-44-755
117.05,4.41,666.00,6.98,28-04-23-09-43-44-789
119.65,3.70,666.00,6.24,28-04-23-09-43-44-821
122.25,3.08,666.00,5.84,28-04-23-09-43-44-854
124.51,2.36,666.00,7.27,28-04-23-09-43-44-889
126.21,1.52,666.00,10.68,28-04-23-09-43-44-922
129.58,0.45,666.00,7.67,28-04-23-09-43-44-957
134.12,0.31,666.00,6.59,28-04-23-09-43-44-989
136.55,0.41,666.00,6.86,28-04-23-09-43-45-022
137.11,0.78,666.00,7.56,28-04-23-09-43-45-057
137.68,0.96,666.00,8.69,28-04-23-09-43-45-088
138.61,1.26,666.00,11.44,28-04-23-09-43-45-122
140.11,1.70,666.00,11.47,28-04-23-09-43-45-156
141.89,2.28,666.00,11.17,28-04-23-09-43-45-190
144.70,3.44,666.00,12.00,28-04-23-09-43-45-224
147.07,4.88,666.00,15.34,28-04-23-09-43-45-256
149.02,6.36,666.00,15.67,28-04-23-09-43-45-292
153.66,12.33,666.00,8.75,28-04-23-09-43-45-320
155.08,14.83,666.00,7.57,28-04-23-09-43-45-353
155.83,16.61,666.00,10.95,28-04-23-09-43-45-390
156.34,17.93,666.00,11.56,28-04-23-09-43-45-425
156.77,19.16,666.00,12.95,28-04-23-09-43-45-454
157.17,20.28,666.00,15.16,28-04-23-09-43-45-490
157.89,22.64,666.00,16.30,28-04-23-09-43-45-523
158.56,25.02,666.00,17.18,28-04-23-09-43-45-553
159.25,27.78,666.00,17.25,28-04-23-09-43-45-593
159.98,31.01,666.00,16.76,28-04-23-09-43-45-623
160.59,33.90,666.00,16.12,28-04-23-09-43-45-657
161.10,37.32,666.00,15.47,28-04-23-09-43-45-688
161.54,39.75,666.00,15.69,28-04-23-09-43-45-721
161.72,46.12,666.00,15.13,28-04-23-09-43-45-753
161.75,50.41,666.00,15.76,28-04-23-09-43-45-788
161.67,53.37,666.00,17.36,28-04-23-09-43-45-823
161.57,55.30,666.00,19.37,28-04-23-09-43-45-855
161.44,57.30,666.00,22.80,28-04-23-09-43-45-894
161.29,60.29,666.00,23.89,28-04-23-09-43-45-921
161.10,63.50,666.00,24.11,28-04-23-09-43-45-953
160.91,65.95,666.00,24.10,28-04-23-09-43-45-989
160.76,67.85,666.00,24.03,28-04-23-09-43-46-022
160.68,69.04,666.00,23.83,28-04-23-09-43-46-054
161.03,70.55,666.00,21.36,28-04-23-09-43-46-090
161.22,71.09,666.00,16.07,28-04-23-09-43-46-124
161.42,71.01,666.00,10.80,28-04-23-09-43-46-155
161.44,58.95,666.00,11.82,28-04-23-09-43-46-192
161.12,52.69,666.00,10.77,28-04-23-09-43-46-221
160.76,48.38,666.00,10.01,28-04-23-09-43-46-254
160.27,43.98,666.00,9.41,28-04-23-09-43-46-288
159.63,38.33,666.00,8.55,28-04-23-09-43-46-331
158.78,33.29,666.00,7.63,28-04-23-09-43-46-364
157.92,29.38,666.00,5.75,28-04-23-09-43-46-396
156.67,25.46,666.00,5.56,28-04-23-09-43-46-422
155.34,22.51,666.00,5.91,28-04-23-09-43-46-456
151.99,16.28,666.00,8.87,28-04-23-09-43-46-490
149.64,13.22,666.00,8.46,28-04-23-09-43-46-523
147.51,11.05,666.00,9.53,28-04-23-09-43-46-554
144.95,9.28,666.00,10.36,28-04-23-09-43-46-593
142.05,7.88,666.00,11.32,28-04-23-09-43-46-624
139.81,6.99,666.00,10.11,28-04-23-09-43-46-655
137.66,6.11,666.00,6.97,28-04-23-09-43-46-690
139.30,4.37,666.00,6.64,28-04-23-09-43-46-721
138.39,3.60,666.00,6.64,28-04-23-09-43-46-756
136.81,2.90,666.00,6.79,28-04-23-09-43-46-789
130.16,1.20,666.00,8.39,28-04-23-09-43-46-821
125.67,0.77,666.00,8.73,28-04-23-09-43-46-857
123.11,0.65,666.00,5.94,28-04-23-09-43-46-888
120.15,0.74,666.00,5.35,28-04-23-09-43-46-920
116.98,0.79,666.00,8.41,28-04-23-09-43-46-955
111.85,0.55,666.00,11.10,28-04-23-09-43-46-990
105.98,0.57,666.00,9.06,28-04-23-09-43-47-021
101.31,0.88,666.00,10.13,28-04-23-09-43-47-053
95.29,1.49,666.00,8.14,28-04-23-09-43-47-088
88.49,1.81,666.00,4.29,28-04-23-09-43-47-122
82.03,0.08,666.00,5.42,28-04-23-09-43-47-152
77.80,-0.24,666.00,4.85,28-04-23-09-43-47-193
74.41,-0.13,666.00,3.80,28-04-23-09-43-47-223
70.57,0.00,666.00,6.44,28-04-23-09-43-47-253
66.72,0.42,666.00,6.01,28-04-23-09-43-47-291
62.34,1.02,666.00,3.07,28-04-23-09-43-47-321
58.29,1.15,666.00,2.52,28-04-23-09-43-47-354
54.63,1.08,666.00,2.74,28-04-23-09-43-47-389
50.80,0.66,666.00,4.36,28-04-23-09-43-47-427
47.81,0.63,666.00,5.02,28-04-23-09-43-47-458
44.91,0.50,666.00,5.70,28-04-23-09-43-47-489
42.56,0.37,666.00,6.86,28-04-23-09-43-47-523
40.44,0.09,666.00,7.38,28-04-23-09-43-47-555
38.46,-0.13,666.00,7.80,28-04-23-09-43-47-594
35.58,-0.63,666.00,8.33,28-04-23-09-43-47-621
33.38,-1.06,666.00,9.23,28-04-23-09-43-47-656
31.94,-1.44,666.00,10.13,28-04-23-09-43-47-689
30.95,-1.65,666.00,10.92,28-04-23-09-43-47-722
29.86,-2.04,666.00,11.96,28-04-23-09-43-47-753
28.88,-2.45,666.00,12.76,28-04-23-09-43-47-788
28.03,-2.78,666.00,13.84,28-04-23-09-43-47-821
27.15,-3.22,666.00,14.99,28-04-23-09-43-47-855
25.96,-3.96,666.00,16.26,28-04-23-09-43-47-889
24.79,-4.71,666.00,17.41,28-04-23-09-43-47-923
23.60,-5.44,666.00,18.62,28-04-23-09-43-47-956
22.16,-5.79,666.00,19.59,28-04-23-09-43-47-987
20.83,-5.70,666.00,20.18,28-04-23-09-43-48-021
19.62,-5.32,666.00,20.61,28-04-23-09-43-48-055
18.65,-4.77,666.00,20.48,28-04-23-09-43-48-090
17.92,-4.19,666.00,20.44,28-04-23-09-43-48-122
17.28,-3.43,666.00,20.42,28-04-23-09-43-48-156
16.71,-2.44,666.00,20.31,28-04-23-09-43-48-192
16.19,-1.45,666.00,20.31,28-04-23-09-43-48-219
15.71,-0.46,666.00,20.28,28-04-23-09-43-48-254
15.31,0.52,666.00,20.12,28-04-23-09-43-48-289
14.95,1.48,666.00,19.97,28-04-23-09-43-48-323
14.66,2.39,666.00,19.76,28-04-23-09-43-48-354
14.42,3.27,666.00,19.51,28-04-23-09-43-48-392
14.22,4.02,666.00,19.29,28-04-23-09-43-48-423
14.06,4.54,666.00,19.15,28-04-23-09-43-48-454
13.94,5.02,666.00,19.00,28-04-23-09-43-48-489
13.86,5.41,666.00,18.88,28-04-23-09-43-48-522
13.81,5.69,666.00,18.79,28-04-23-09-43-48-555
13.79,5.90,666.00,18.70,28-04-23-09-43-48-589
13.77,6.05,666.00,18.60,28-04-23-09-43-48-626
13.78,6.14,666.00,18.86,28-04-23-09-43-48-659
13.91,5.84,666.00,19.70,28-04-23-09-43-48-689
14.42,4.66,666.00,21.29,28-04-23-09-43-48-720
15.74,1.77,666.00,22.76,28-04-23-09-43-48-755
17.73,0.18,666.00,23.63,28-04-23-09-43-48-791
20.86,-0.44,666.00,23.43,28-04-23-09-43-48-822
26.43,1.22,666.00,19.81,28-04-23-09-43-48-855
29.80,2.25,666.00,18.89,28-04-23-09-43-48-892
33.27,3.24,666.00,20.55,28-04-23-09-43-48-921
37.34,4.10,666.00,19.31,28-04-23-09-43-48-959
41.20,4.94,666.00,19.45,28-04-23-09-43-48-989
45.02,5.62,666.00,18.76,28-04-23-09-43-49-020
48.59,6.28,666.00,16.77,28-04-23-09-43-49-054
53.20,7.00,666.00,13.49,28-04-23-09-43-49-090
57.07,7.43,666.00,12.16,28-04-23-09-43-49-131
60.71,7.89,666.00,12.67,28-04-23-09-43-49-152
64.47,8.46,666.00,10.72,28-04-23-09-43-49-191
68.62,9.35,666.00,9.15,28-04-23-09-43-49-221
73.27,10.57,666.00,4.69,28-04-23-09-43-49-256
77.42,11.30,666.00,3.22,28-04-23-09-43-49-288
81.11,11.77,666.00,4.72,28-04-23-09-43-49-323
85.43,11.80,666.00,3.19,28-04-23-09-43-49-357
89.30,11.50,666.00,2.03,28-04-23-09-43-49-392
94.32,11.29,666.00,2.49,28-04-23-09-43-49-422
97.63,10.92,666.00,2.40,28-04-23-09-43-49-454
100.94,10.25,666.00,1.44,28-04-23-09-43-49-487
103.64,9.39,666.00,4.82,28-04-23-09-43-49-521
106.71,8.41,666.00,6.58,28-04-23-09-43-49-556
110.58,7.00,666.00,7.21,28-04-23-09-43-49-598
115.01,5.03,666.00,4.97,28-04-23-09-43-49-622
119.97,3.51,666.00,5.11,28-04-23-09-43-49-654
122.71,2.76,666.00,5.44,28-04-23-09-43-49-689
124.90,1.97,666.00,8.74,28-04-23-09-43-49-721
127.62,1.25,666.00,8.78,28-04-23-09-43-49-754
130.31,0.44,666.00,8.79,28-04-23-09-43-49-789
133.75,-0.17,666.00,9.51,28-04-23-09-43-49-821
136.83,-0.47,666.00,9.19,28-04-23-09-43-49-854
139.07,-0.58,666.00,9.45,28-04-23-09-43-49-890
141.41,-0.55,666.00,8.32,28-04-23-09-43-49-921
143.73,-0.45,666.00,10.01,28-04-23-09-43-49-955
145.79,-0.34,666.00,8.74,28-04-23-09-43-49-988
146.10,1.08,666.00,7.68,28-04-23-09-43-50-022
146.74,1.99,666.00,10.84,28-04-23-09-43-50-057
147.72,2.86,666.00,15.91,28-04-23-09-43-50-088
152.04,4.74,666.00,12.28,28-04-23-09-43-50-119
153.25,5.61,666.00,12.32,28-04-23-09-43-50-155
154.05,6.18,666.00,13.61,28-04-23-09-43-50-188
154.87,6.86,666.00,13.46,28-04-23-09-43-50-222
155.96,7.78,666.00,12.47,28-04-23-09-43-50-255
157.30,9.15,666.00,10.66,28-04-23-09-43-50-290
159.10,11.72,666.00,11.27,28-04-23-09-43-50-321
160.29,17.34,666.00,11.12,28-04-23-09-43-50-354
161.68,23.23,666.00,16.58,28-04-23-09-43-50-389
163.02,30.64,666.00,16.07,28-04-23-09-43-50-422
163.96,37.10,666.00,15.07,28-04-23-09-43-50-454
164.71,42.51,666.00,13.68,28-04-23-09-43-50-492
165.22,46.63,666.00,12.27,28-04-23-09-43-50-524
165.61,50.53,666.00,11.13,28-04-23-09-43-50-554
165.77,56.31,666.00,10.01,28-04-23-09-43-50-589
165.67,77.83,666.00,8.72,28-04-23-09-43-50-623
165.58,88.87,666.00,7.71,28-04-23-09-43-50-656
165.55,93.32,666.00,7.09,28-04-23-09-43-50-690
165.55,95.47,666.00,6.64,28-04-23-09-43-50-722
165.52,95.73,666.00,6.18,28-04-23-09-43-50-759
165.36,87.14,666.00,5.74,28-04-23-09-43-50-790
165.08,79.12,666.00,5.37,28-04-23-09-43-50-821
164.62,70.07,666.00,4.18,28-04-23-09-43-50-852
163.86,59.83,666.00,2.29,28-04-23-09-43-50-888
162.68,48.70,666.00,1.18,28-04-23-09-43-50-920
161.33,40.61,666.00,0.54,28-04-23-09-43-50-956
159.88,33.35,666.00,2.00,28-04-23-09-43-50-995
157.90,24.77,666.00,0.74,28-04-23-09-43-51-020
155.78,18.98,666.00,1.83,28-04-23-09-43-51-054
152.73,13.53,666.00,2.78,28-04-23-09-43-51-090
149.72,9.59,666.00,1.51,28-04-23-09-43-51-121
143.63,4.69,666.00,7.55,28-04-23-09-43-51-153
140.38,2.57,666.00,4.50,28-04-23-09-43-51-189
137.54,1.06,666.00,3.46,28-04-23-09-43-51-224
135.58,0.13,666.00,3.98,28-04-23-09-43-51-253
132.96,-0.67,666.00,4.27,28-04-23-09-43-51-291
128.01,-1.38,666.00,3.21,28-04-23-09-43-51-321
121.02,-2.23,666.00,8.45,28-04-23-09-43-51-355
117.98,-2.65,666.00,8.21,28-04-23-09-43-51-392
115.41,-2.51,666.00,7.58,28-04-23-09-43-51-422
113.62,-2.27,666.00,8.11,28-04-23-09-43-51-454
111.30,-1.90,666.00,7.47,28-04-23-09-43-51-487
107.78,-1.42,666.00,6.36,28-04-23-09-43-51-525
104.97,-1.12,666.00,6.18,28-04-23-09-43-51-558
101.70,-0.71,666.00,8.38,28-04-23-09-43-51-590
98.38,-0.63,666.00,8.43,28-04-23-09-43-51-620
95.85,-0.18,666.00,8.19,28-04-23-09-43-51-655
93.09,0.64,666.00,6.99,28-04-23-09-43-51-688
89.71,1.81,666.00,4.57,28-04-23-09-43-51-721
86.73,2.60,666.00,4.10,28-04-23-09-43-51-754
83.88,3.14,666.00,3.97,28-04-23-09-43-51-790
81.02,3.62,666.00,4.02,28-04-23-09-43-51-824
77.58,3.92,666.00,3.22,28-04-23-09-43-51-853
74.09,4.45,666.00,1.94,28-04-23-09-43-51-889
71.01,4.81,666.00,1.78,28-04-23-09-43-51-924
68.32,5.09,666.00,2.86,28-04-23-09-43-51-953
65.02,4.97,666.00,3.04,28-04-23-09-43-51-988
62.33,4.94,666.00,4.40,28-04-23-09-43-52-021
59.81,4.97,666.00,4.81,28-04-23-09-43-52-056
57.09,5.12,666.00,5.10,28-04-23-09-43-52-088
54.56,5.37,666.00,5.18,28-04-23-09-43-52-121
52.36,5.44,666.00,5.13,28-04-23-09-43-52-155
50.05,5.53,666.00,4.22,28-04-23-09-43-52-188
47.78,5.48,666.00,3.99,28-04-23-09-43-52-225
45.60,5.16,666.00,5.15,28-04-23-09-43-52-254
43.56,5.00,666.00,5.02,28-04-23-09-43-52-291
41.80,4.90,666.00,5.21,28-04-23-09-43-52-320
40.22,4.74,666.00,5.40,28-04-23-09-43-52-354
38.45,4.51,666.00,5.88,28-04-23-09-43-52-391
36.75,4.49,666.00,6.34,28-04-23-09-43-52-421
35.17,4.54,666.00,6.95,28-04-23-09-43-52-455
33.71,4.60,666.00,7.62,28-04-23-09-43-52-491
32.35,4.69,666.00,8.41,28-04-23-09-43-52-521
30.72,4.81,666.00,9.27,28-04-23-09-43-52-558
28.62,4.80,666.00,10.30,28-04-23-09-43-52-589
26.23,4.81,666.00,11.34,28-04-23-09-43-52-623
24.14,4.81,666.00,12.15,28-04-23-09-43-52-654
21.66,4.64,666.00,12.64,28-04-23-09-43-52-689
19.67,4.48,666.00,13.14,28-04-23-09-43-52-725
18.29,4.20,666.00,13.12,28-04-23-09-43-52-756
17.31,3.92,666.00,13.04,28-04-23-09-43-52-792
16.61,3.53,666.00,12.90,28-04-23-09-43-52-826
16.14,3.08,666.00,12.88,28-04-23-09-43-52-854
15.80,2.72,666.00,12.94,28-04-23-09-43-52-888
15.51,2.19,666.00,13.35,28-04-23-09-43-52-920
15.27,1.67,666.00,13.87,28-04-23-09-43-52-958
15.08,1.24,666.00,14.36,28-04-23-09-43-52-988
14.93,0.82,666.00,14.79,28-04-23-09-43-53-023
14.77,0.48,666.00,15.17,28-04-23-09-43-53-057
14.64,0.24,666.00,15.48,28-04-23-09-43-53-089
14.46,0.01,666.00,15.71,28-04-23-09-43-53-121
14.29,-0.18,666.00,15.88,28-04-23-09-43-53-154
14.16,-0.38,666.00,16.02,28-04-23-09-43-53-189
14.02,-0.53,666.00,16.13,28-04-23-09-43-53-220
13.88,-1.11,666.00,16.45,28-04-23-09-43-53-255
13.77,-1.68,666.00,16.74,28-04-23-09-43-53-290
13.69,-2.23,666.00,16.86,28-04-23-09-43-53-319
13.63,-2.70,666.00,16.69,28-04-23-09-43-53-355
13.61,-3.08,666.00,16.45,28-04-23-09-43-53-388
13.61,-3.40,666.00,16.23,28-04-23-09-43-53-422
13.61,-3.54,666.00,16.31,28-04-23-09-43-53-460
13.62,-3.64,666.00,16.87,28-04-23-09-43-53-491
13.71,-3.63,666.00,18.27,28-04-23-09-43-53-523
13.91,-3.51,666.00,20.08,28-04-23-09-43-53-554
14.35,-3.30,666.00,22.50,28-04-23-09-43-53-591
15.85,-1.03,666.00,23.79,28-04-23-09-43-53-621
18.21,2.23,666.00,22.83,28-04-23-09-43-53-659
21.18,5.71,666.00,21.98,28-04-23-09-43-53-691
24.89,8.83,666.00,19.00,28-04-23-09-43-53-723
29.22,11.83,666.00,16.28,28-04-23-09-43-53-755
32.31,13.50,666.00,17.40,28-04-23-09-43-53-788
36.03,14.62,666.00,16.96,28-04-23-09-43-53-821
39.87,15.65,666.00,19.06,28-04-23-09-43-53-853
43.26,16.26,666.00,17.51,28-04-23-09-43-53-889
47.44,16.76,666.00,17.46,28-04-23-09-43-53-923
51.10,16.83,666.00,14.96,28-04-23-09-43-53-956
57.66,16.60,666.00,11.26,28-04-23-09-43-53-993
62.09,16.88,666.00,8.37,28-04-23-09-43-54-019
66.45,16.80,666.00,7.57,28-04-23-09-43-54-055
70.75,16.74,666.00,6.91,28-04-23-09-43-54-090
74.86,16.74,666.00,6.24,28-04-23-09-43-54-121
78.60,16.64,666.00,7.59,28-04-23-09-43-54-155
82.07,16.40,666.00,7.06,28-04-23-09-43-54-191
87.98,16.05,666.00,3.41,28-04-23-09-43-54-222
91.09,15.24,666.00,3.60,28-04-23-09-43-54-255
94.69,14.10,666.00,4.71,28-04-23-09-43-54-290
98.84,12.79,666.00,6.57,28-04-23-09-43-54-322
101.90,11.41,666.00,7.26,28-04-23-09-43-54-356
105.41,10.15,666.00,8.57,28-04-23-09-43-54-388
110.30,8.17,666.00,7.58,28-04-23-09-43-54-421
113.72,6.94,666.00,8.86,28-04-23-09-43-54-456
116.55,6.17,666.00,9.99,28-04-23-09-43-54-488
119.66,5.80,666.00,8.87,28-04-23-09-43-54-521
122.52,5.22,666.00,10.28,28-04-23-09-43-54-559
125.50,4.92,666.00,10.88,28-04-23-09-43-54-590
128.28,4.62,666.00,9.71,28-04-23-09-43-54-619
130.70,5.60,666.00,8.12,28-04-23-09-43-54-652
132.66,6.21,666.00,8.31,28-04-23-09-43-54-691
134.79,6.44,666.00,9.41,28-04-23-09-43-54-723
136.80,6.50,666.00,12.37,28-04-23-09-43-54-755
139.42,6.65,666.00,11.94,28-04-23-09-43-54-790
141.89,6.78,666.00,15.60,28-04-23-09-43-54-825
145.18,6.77,666.00,16.84,28-04-23-09-43-54-854
147.35,6.07,666.00,15.72,28-04-23-09-43-54-892
149.13,4.76,666.00,15.54,28-04-23-09-43-54-922
154.92,8.12,666.00,9.32,28-04-23-09-43-54-955
156.89,9.73,666.00,7.07,28-04-23-09-43-54-990
157.93,10.59,666.00,6.49,28-04-23-09-43-55-025
158.78,11.28,666.00,8.04,28-04-23-09-43-55-054
159.94,12.31,666.00,11.90,28-04-23-09-43-55-091
161.45,13.77,666.00,15.15,28-04-23-09-43-55-123
163.37,16.25,666.00,18.46,28-04-23-09-43-55-154
165.18,19.41,666.00,17.33,28-04-23-09-43-55-189
166.81,23.53,666.00,15.65,28-04-23-09-43-55-222
168.55,29.70,666.00,13.43,28-04-23-09-43-55-256
170.09,37.48,666.00,12.75,28-04-23-09-43-55-290
170.85,44.27,666.00,15.56,28-04-23-09-43-55-319
171.39,51.43,666.00,17.31,28-04-23-09-43-55-355
171.72,59.70,666.00,18.70,28-04-23-09-43-55-390
171.65,73.33,666.00,19.42,28-04-23-09-43-55-423
170.94,90.02,666.00,16.88,28-04-23-09-43-55-455
170.23,98.61,666.00,15.47,28-04-23-09-43-55-489
171.21,102.41,666.00,15.37,28-04-23-09-43-55-521
170.98,105.92,666.00,15.13,28-04-23-09-43-55-556
170.80,108.36,666.00,14.96,28-04-23-09-43-55-591
169.85,112.80,666.00,14.40,28-04-23-09-43-55-621
169.49,115.79,666.00,13.85,28-04-23-09-43-55-655
169.46,114.89,666.00,12.41,28-04-23-09-43-55-691
169.74,109.37,666.00,7.58,28-04-23-09-43-55-721
170.08,104.83,666.00,4.50,28-04-23-09-43-55-753
170.28,103.32,666.00,1.18,28-04-23-09-43-55-789
170.08,98.74,666.00,0.90,28-04-23-09-43-55-821
169.44,89.42,666.00,2.19,28-04-23-09-43-55-856
168.09,73.28,666.00,5.04,28-04-23-09-43-55-890
166.58,58.18,666.00,6.34,28-04-23-09-43-55-922
164.96,45.38,666.00,7.17,28-04-23-09-43-55-957
163.51,36.31,666.00,6.87,28-04-23-09-43-55-988
162.02,28.41,666.00,5.15,28-04-23-09-43-56-021
160.71,22.89,666.00,2.79,28-04-23-09-43-56-053
159.49,18.44,666.00,2.99,28-04-23-09-43-56-089
157.58,13.99,666.00,3.41,28-04-23-09-43-56-122
154.81,9.41,666.00,7.06,28-04-23-09-43-56-153
152.48,6.51,666.00,5.49,28-04-23-09-43-56-191
150.17,3.95,666.00,7.01,28-04-23-09-43-56-220
147.65,2.10,666.00,7.16,28-04-23-09-43-56-253
145.49,0.49,666.00,4.87,28-04-23-09-43-56-291
139.53,-3.68,666.00,10.49,28-04-23-09-43-56-322
136.15,-4.79,666.00,9.42,28-04-23-09-43-56-353
132.17,-6.63,666.00,12.65,28-04-23-09-43-56-388
130.54,-7.36,666.00,12.49,28-04-23-09-43-56-425
129.25,-7.80,666.00,8.08,28-04-23-09-43-56-455
125.30,-8.61,666.00,10.68,28-04-23-09-43-56-486
122.24,-8.83,666.00,9.83,28-04-23-09-43-56-521
122.06,-8.50,666.00,8.06,28-04-23-09-43-56-555
119.79,-8.24,666.00,7.68,28-04-23-09-43-56-592
117.00,-7.85,666.00,11.21,28-04-23-09-43-56-626
111.30,-6.80,666.00,8.25,28-04-23-09-43-56-655
107.12,-6.73,666.00,4.56,28-04-23-09-43-56-693
103.28,-6.60,666.00,6.96,28-04-23-09-43-56-721
97.48,-7.00,666.00,8.15,28-04-23-09-43-56-757
94.15,-6.84,666.00,11.93,28-04-23-09-43-56-789
91.33,-6.39,666.00,12.94,28-04-23-09-43-56-822
87.90,-5.94,666.00,13.23,28-04-23-09-43-56-856
83.30,-7.24,666.00,16.92,28-04-23-09-43-56-890
79.09,-6.73,666.00,16.48,28-04-23-09-43-56-920
74.97,-5.70,666.00,14.17,28-04-23-09-43-56-954
71.06,-4.27,666.00,11.83,28-04-23-09-43-56-987
67.27,-2.80,666.00,9.71,28-04-23-09-43-57-019
63.20,-1.89,666.00,8.53,28-04-23-09-43-57-052
60.36,-1.15,666.00,8.85,28-04-23-09-43-57-089
56.91,-0.27,666.00,9.81,28-04-23-09-43-57-123
54.10,0.39,666.00,10.94,28-04-23-09-43-57-155
51.49,0.97,666.00,11.79,28-04-23-09-43-57-190
48.33,1.51,666.00,12.03,28-04-23-09-43-57-223
45.97,1.96,666.00,14.05,28-04-23-09-43-57-255
43.80,2.38,666.00,14.10,28-04-23-09-43-57-291
41.85,2.73,666.00,14.25,28-04-23-09-43-57-322
40.25,2.99,666.00,14.58,28-04-23-09-43-57-356
38.80,3.39,666.00,14.63,28-04-23-09-43-57-388
37.49,3.70,666.00,15.05,28-04-23-09-43-57-422
36.04,4.27,666.00,15.13,28-04-23-09-43-57-458
34.85,4.55,666.00,15.31,28-04-23-09-43-57-491
33.33,5.28,666.00,15.22,28-04-23-09-43-57-521
32.25,5.75,666.00,15.79,28-04-23-09-43-57-559
30.99,6.32,666.00,15.94,28-04-23-09-43-57-591
29.39,6.92,666.00,15.91,28-04-23-09-43-57-622
27.99,7.40,666.00,16.20,28-04-23-09-43-57-654
26.03,7.16,666.00,17.42,28-04-23-09-43-57-689
23.98,6.61,666.00,18.69,28-04-23-09-43-57-721
22.35,6.14,666.00,19.72,28-04-23-09-43-57-755
20.71,5.73,666.00,20.61,28-04-23-09-43-57-787
19.32,5.38,666.00,21.15,28-04-23-09-43-57-822
18.29,5.23,666.00,21.28,28-04-23-09-43-57-855
17.49,5.19,666.00,21.43,28-04-23-09-43-57-890
16.83,5.30,666.00,21.45,28-04-23-09-43-57-923
16.33,5.39,666.00,21.47,28-04-23-09-43-57-953
16.01,4.27,666.00,22.23,28-04-23-09-43-57-989
15.82,3.28,666.00,22.71,28-04-23-09-43-58-021
15.73,2.26,666.00,23.07,28-04-23-09-43-58-055
15.68,1.46,666.00,23.00,28-04-23-09-43-58-091
15.64,0.77,666.00,22.78,28-04-23-09-43-58-122
15.60,0.50,666.00,22.72,28-04-23-09-43-58-153
15.49,1.10,666.00,22.58,28-04-23-09-43-58-187
15.33,2.81,666.00,22.33,28-04-23-09-43-58-221
15.38,4.77,666.00,22.08,28-04-23-09-43-58-254
15.58,6.35,666.00,21.93,28-04-23-09-43-58-291
15.73,6.97,666.00,21.77,28-04-23-09-43-58-320
15.87,7.40,666.00,21.73,28-04-23-09-43-58-355
15.99,8.28,666.00,20.95,28-04-23-09-43-58-389
15.93,9.12,666.00,19.58,28-04-23-09-43-58-422
15.10,10.89,666.00,18.03,28-04-23-09-43-58-455
14.26,12.75,666.00,16.82,28-04-23-09-43-58-490
11.78,15.20,666.00,16.14,28-04-23-09-43-58-523
9.82,19.82,666.00,15.86,28-04-23-09-43-58-553
8.47,25.17,666.00,15.72,28-04-23-09-43-58-592
7.86,27.79,666.00,15.54,28-04-23-09-43-58-623
7.85,26.95,666.00,15.79,28-04-23-09-43-58-654
8.09,24.71,666.00,16.35,28-04-23-09-43-58-689
8.48,24.69,666.00,16.73,28-04-23-09-43-58-724
9.06,24.62,666.00,17.08,28-04-23-09-43-58-753
9.66,23.53,666.00,17.68,28-04-23-09-43-58-794
10.17,21.34,666.00,18.62,28-04-23-09-43-58-821
10.66,17.14,666.00,20.30,28-04-23-09-43-58-855
11.17,12.52,666.00,22.12,28-04-23-09-43-58-895
11.70,8.54,666.00,23.71,28-04-23-09-43-58-921
12.18,5.93,666.00,24.88,28-04-23-09-43-58-955
12.63,4.42,666.00,25.39,28-04-23-09-43-58-988
13.44,3.11,666.00,25.75,28-04-23-09-43-59-020
13.95,2.62,666.00,25.69,28-04-23-09-43-59-058
14.26,2.35,666.00,25.49,28-04-23-09-43-59-089
14.59,2.03,666.00,25.36,28-04-23-09-43-59-121
15.44,0.88,666.00,25.34,28-04-23-09-43-59-154
15.93,0.46,666.00,24.97,28-04-23-09-43-59-189
16.12,0.71,666.00,24.27,28-04-23-09-43-59-221
16.22,1.11,666.00,23.86,28-04-23-09-43-59-255
16.22,1.63,666.00,24.11,28-04-23-09-43-59-291
15.93,3.81,666.00,23.96,28-04-23-09-43-59-321
15.64,5.85,666.00,24.35,28-04-23-09-43-59-355
15.14,7.41,666.00,24.57,28-04-23-09-43-59-390
14.01,8.47,666.00,24.63,28-04-23-09-43-59-419
13.44,9.82,666.00,24.81,28-04-23-09-43-59-456
13.05,11.37,666.00,24.81,28-04-23-09-43-59-493
12.85,12.43,666.00,24.83,28-04-23-09-43-59-521
12.72,13.26,666.00,24.80,28-04-23-09-43-59-555
12.58,14.08,666.00,24.71,28-04-23-09-43-59-596
12.43,14.76,666.00,24.68,28-04-23-09-43-59-621
12.30,15.40,666.00,24.60,28-04-23-09-43-59-654
12.25,15.66,666.00,24.48,28-04-23-09-43-59-691
12.22,15.80,666.00,24.32,28-04-23-09-43-59-723
12.19,15.85,666.00,23.86,28-04-23-09-43-59-754
12.15,15.92,666.00,23.27,28-04-23-09-43-59-792
12.09,15.96,666.00,22.49,28-04-23-09-43-59-826
12.00,15.71,666.00,21.81,28-04-23-09-43-59-853
11.91,14.92,666.00,21.38,28-04-23-09-43-59-904
11.82,13.67,666.00,21.31,28-04-23-09-43-59-922
11.88,11.80,666.00,21.38,28-04-23-09-43-59-955
12.20,10.50,666.00,21.46,28-04-23-09-43-59-990
12.52,9.23,666.00,21.64,28-04-23-09-44-00-023
12.78,7.96,666.00,21.88,28-04-23-09-44-00-055
12.93,6.68,666.00,22.24,28-04-23-09-44-00-090
13.08,5.70,666.00,22.56,28-04-23-09-44-00-122
13.29,4.57,666.00,22.93,28-04-23-09-44-00-154
13.56,3.47,666.00,23.35,28-04-23-09-44-00-192
13.90,2.14,666.00,23.85,28-04-23-09-44-00-221
14.15,1.05,666.00,24.36,28-04-23-09-44-00-255
14.37,0.15,666.00,24.84,28-04-23-09-44-00-290
14.52,-0.66,666.00,25.35,28-04-23-09-44-00-322
14.60,-1.23,666.00,25.84,28-04-23-09-44-00-356
