Timestamp,Kinect_LeftShoulder_Ext.-Flex.,Kinect_LeftShoulder_Abd.-Add.,Kinect_LeftShoulder_Int.-Ext.,Kinect_LeftElbow_Ext.-Flex.,Kinect_RightShoulder_Ext.-Flex.,Kinect_RightShoulder_Abd.-Add.,Kinect_RightShoulder_Int.-Ext.,Kinect_RightElbow_Ext.-Flex.,9.94,-23.18,21:29:58:181,666.00,12.55
10.21,-24.48,21:29:58:743,666.00,12.23
10.47,-24.26,21:29:58:994,666.00,12.47
10.73,-24.48,21:29:59:364,666.00,12.42
10.97,-24.94,21:29:59:540,666.00,12.61
11.00,-24.24,21:29:59:704,666.00,12.36
11.20,-23.37,21:29:59:844,666.00,11.71
11.27,-23.76,21:30:00:193,666.00,11.68
11.45,-24.71,21:30:00:322,666.00,12.20
11.53,-24.40,21:30:00:448,666.00,11.43
11.57,-23.68,21:30:00:586,666.00,11.66
11.48,-23.70,21:30:00:758,666.00,11.72
11.46,-23.48,21:30:00:900,666.00,11.66
11.39,-23.45,21:30:01:020,666.00,11.60
11.31,-23.55,21:30:01:155,666.00,11.99
11.29,-23.45,21:30:01:293,666.00,11.78
11.19,-22.59,21:30:01:427,666.00,11.54
11.07,-22.75,21:30:01:563,666.00,11.49
11.08,-22.72,21:30:01:700,666.00,11.50
11.02,-22.86,21:30:01:831,666.00,11.90
10.90,-22.81,21:30:01:965,666.00,11.71
10.93,-22.64,21:30:02:091,666.00,11.78
10.94,-21.95,21:30:02:230,666.00,11.57
10.86,-22.43,21:30:02:386,666.00,11.79
10.81,-22.41,21:30:02:511,666.00,11.80
10.76,-21.79,21:30:02:645,666.00,11.59
10.75,-21.79,21:30:02:774,666.00,11.48
10.75,-22.39,21:30:02:911,666.00,11.68
10.78,-22.38,21:30:03:044,666.00,11.63
10.74,-22.12,21:30:03:181,666.00,11.62
10.65,-22.98,21:30:03:304,666.00,11.85
10.49,-23.87,21:30:03:446,666.00,12.22
10.27,-23.61,21:30:03:577,666.00,11.71
10.35,-23.46,21:30:03:699,666.00,11.52
10.24,-24.03,21:30:03:823,666.00,11.90
10.21,-24.79,21:30:03:950,666.00,12.23
10.23,-25.06,21:30:04:076,666.00,12.29
10.13,-24.71,21:30:04:208,666.00,12.09
10.20,-25.05,21:30:04:325,666.00,12.27
10.21,-24.67,21:30:04:459,666.00,11.94
10.33,-23.87,21:30:04:577,666.00,11.61
10.38,-24.01,21:30:04:710,666.00,11.57
10.63,-23.86,21:30:04:847,666.00,11.59
10.73,-24.56,21:30:04:972,666.00,11.83
10.80,-24.12,21:30:05:103,666.00,11.74
10.82,-23.95,21:30:05:228,666.00,12.06
10.76,-23.28,21:30:05:353,666.00,12.01
10.72,-22.82,21:30:05:492,666.00,11.99
10.57,-22.01,21:30:05:617,666.00,11.53
10.36,-22.28,21:30:05:745,666.00,11.82
10.33,-21.67,21:30:05:868,666.00,11.65
13.26,-18.92,21:30:05:998,666.00,12.24
22.02,-9.51,21:30:06:149,666.00,13.27
41.35,1.71,21:30:06:303,666.00,13.12
61.65,6.27,21:30:06:431,666.00,11.60
80.80,9.14,21:30:06:548,666.00,5.10
97.05,11.38,21:30:06:692,666.00,5.18
113.13,14.31,21:30:06:824,666.00,2.43
124.97,16.17,21:30:06:946,666.00,2.99
135.94,20.20,21:30:07:078,666.00,2.97
141.87,23.48,21:30:07:202,666.00,4.42
150.51,32.93,21:30:07:345,666.00,8.62
156.62,49.14,21:30:07:474,666.00,2.65
159.50,62.80,21:30:07:597,666.00,2.83
162.11,82.14,21:30:07:728,666.00,3.32
162.63,96.17,21:30:07:862,666.00,1.39
162.18,103.76,21:30:07:998,666.00,2.10
161.94,97.52,21:30:08:140,666.00,0.46
162.23,89.26,21:30:08:272,666.00,2.04
158.88,64.76,21:30:08:404,666.00,2.86
152.37,44.51,21:30:08:550,666.00,4.95
139.97,30.89,21:30:08:683,666.00,7.02
131.08,25.64,21:30:08:813,666.00,3.17
117.45,21.60,21:30:08:943,666.00,1.97
102.91,21.90,21:30:09:077,666.00,1.81
85.40,22.55,21:30:09:222,666.00,2.09
71.74,20.77,21:30:09:359,666.00,2.08
58.22,16.30,21:30:09:492,666.00,4.23
44.86,12.82,21:30:09:622,666.00,3.59
34.41,5.25,21:30:09:755,666.00,5.76
23.18,-3.69,21:30:09:878,666.00,9.66
15.86,-11.37,21:30:10:011,666.00,8.87
11.21,-16.52,21:30:10:145,666.00,9.47
8.73,-16.33,21:30:10:276,666.00,8.86
7.90,-16.21,21:30:10:413,666.00,10.50
7.49,-15.63,21:30:10:543,666.00,9.13
7.58,-8.83,21:30:10:671,666.00,9.54
9.94,-9.05,21:30:10:808,666.00,10.07
16.88,-8.13,21:30:10:938,666.00,11.85
35.96,2.20,21:30:11:084,666.00,10.89
53.42,7.73,21:30:11:215,666.00,8.97
71.46,10.97,21:30:11:344,666.00,6.91
83.96,12.21,21:30:11:463,666.00,9.96
102.96,15.65,21:30:11:595,666.00,1.40
117.43,17.61,21:30:11:729,666.00,3.79
128.26,21.53,21:30:11:855,666.00,3.29
136.32,28.49,21:30:11:979,666.00,0.83
141.45,33.36,21:30:12:110,666.00,3.07
143.53,35.96,21:30:12:233,666.00,6.00
147.29,40.58,21:30:12:356,666.00,6.61
152.46,51.49,21:30:12:499,666.00,1.99
155.08,62.90,21:30:12:634,666.00,3.22
156.85,71.26,21:30:12:760,666.00,4.46
158.90,80.90,21:30:12:889,666.00,3.00
159.27,87.59,21:30:13:025,666.00,2.37
159.29,90.99,21:30:13:157,666.00,0.99
158.33,92.15,21:30:13:285,666.00,1.32
158.91,86.07,21:30:13:412,666.00,1.95
157.75,74.94,21:30:13:547,666.00,1.70
152.92,57.95,21:30:13:675,666.00,3.84
141.06,39.11,21:30:13:822,666.00,7.04
135.24,33.95,21:30:13:957,666.00,1.54
126.73,27.11,21:30:14:084,666.00,3.06
117.42,24.57,21:30:14:213,666.00,4.43
106.33,23.58,21:30:14:351,666.00,1.40
93.53,23.08,21:30:14:480,666.00,1.56
82.84,22.01,21:30:14:612,666.00,3.16
74.26,20.70,21:30:14:738,666.00,2.87
65.68,19.13,21:30:14:860,666.00,3.61
53.97,15.73,21:30:14:992,666.00,6.73
41.53,13.70,21:30:15:119,666.00,5.69
32.62,8.60,21:30:15:259,666.00,8.05
25.59,5.80,21:30:15:397,666.00,8.48
19.48,1.61,21:30:15:525,666.00,9.93
14.47,-0.35,21:30:15:664,666.00,9.30
11.35,-0.92,21:30:15:801,666.00,8.75
9.65,-2.93,21:30:15:929,666.00,10.38
8.91,-3.04,21:30:16:057,666.00,10.54
9.02,-2.84,21:30:16:181,666.00,11.22
10.72,-0.63,21:30:16:311,666.00,11.25
18.14,1.11,21:30:16:446,666.00,14.82
32.31,5.94,21:30:16:584,666.00,14.53
49.72,13.68,21:30:16:723,666.00,11.67
66.89,18.30,21:30:16:853,666.00,9.89
83.49,20.70,21:30:16:988,666.00,7.67
99.01,24.08,21:30:17:122,666.00,3.84
111.54,26.37,21:30:17:252,666.00,4.06
122.28,29.11,21:30:17:380,666.00,4.66
134.29,35.00,21:30:17:505,666.00,1.44
138.72,37.29,21:30:17:641,666.00,4.11
148.29,42.31,21:30:17:772,666.00,5.53
151.33,47.75,21:30:17:899,666.00,5.76
155.58,58.62,21:30:18:031,666.00,5.86
157.79,71.87,21:30:18:155,666.00,5.47
160.14,89.20,21:30:18:282,666.00,1.71
159.48,97.24,21:30:18:406,666.00,6.47
159.29,97.12,21:30:18:522,666.00,3.89
158.60,89.82,21:30:18:647,666.00,3.73
156.90,72.22,21:30:18:777,666.00,4.92
154.47,62.43,21:30:18:908,666.00,4.16
146.56,46.15,21:30:19:072,666.00,1.60
135.93,39.31,21:30:19:201,666.00,1.86
125.81,32.41,21:30:19:322,666.00,3.98
113.36,29.05,21:30:19:449,666.00,2.97
101.53,28.37,21:30:19:574,666.00,1.22
89.87,26.40,21:30:19:713,666.00,1.41
78.78,24.82,21:30:19:844,666.00,4.20
70.75,24.84,21:30:19:967,666.00,4.80
59.22,22.58,21:30:20:096,666.00,8.19
49.32,21.07,21:30:20:244,666.00,5.45
35.64,18.58,21:30:20:380,666.00,8.31
26.25,15.40,21:30:20:507,666.00,9.27
19.97,13.63,21:30:20:628,666.00,9.18
13.82,14.07,21:30:20:760,666.00,9.10
9.58,15.37,21:30:20:880,666.00,8.64
7.20,20.10,21:30:21:013,666.00,9.25
6.31,25.49,21:30:21:145,666.00,9.33
6.22,26.89,21:30:21:275,666.00,9.24
7.20,19.85,21:30:21:411,666.00,11.61
14.46,10.17,21:30:21:545,666.00,11.92
29.74,11.24,21:30:21:685,666.00,13.65
48.32,15.01,21:30:21:822,666.00,12.10
67.55,19.64,21:30:21:947,666.00,10.11
86.36,22.47,21:30:22:077,666.00,8.15
103.40,25.64,21:30:22:235,666.00,4.90
114.95,28.12,21:30:22:373,666.00,6.15
129.05,33.96,21:30:22:515,666.00,3.35
135.33,37.46,21:30:22:650,666.00,2.75
141.24,41.07,21:30:22:771,666.00,5.09
146.76,44.33,21:30:22:894,666.00,6.27
150.91,50.89,21:30:23:023,666.00,6.13
157.42,64.40,21:30:23:146,666.00,2.34
158.31,69.24,21:30:23:274,666.00,9.75
160.13,79.50,21:30:23:404,666.00,6.84
160.44,86.36,21:30:23:523,666.00,5.58
160.39,94.90,21:30:23:650,666.00,4.38
159.40,80.79,21:30:23:791,666.00,3.87
154.73,62.01,21:30:23:924,666.00,7.51
150.26,51.64,21:30:24:057,666.00,3.61
138.86,40.47,21:30:24:185,666.00,5.79
130.47,37.02,21:30:24:321,666.00,2.04
121.63,34.82,21:30:24:450,666.00,3.62
111.49,32.14,21:30:24:570,666.00,1.91
103.09,32.14,21:30:24:698,666.00,2.35
92.76,32.47,21:30:24:832,666.00,6.91
79.97,26.95,21:30:24:974,666.00,3.74
69.07,24.86,21:30:25:106,666.00,4.38
54.40,21.06,21:30:25:243,666.00,5.98
42.35,18.04,21:30:25:386,666.00,6.11
32.77,14.80,21:30:25:526,666.00,8.90
23.87,13.23,21:30:25:657,666.00,9.63
18.39,11.00,21:30:25:782,666.00,8.29
13.43,9.43,21:30:25:916,666.00,8.62
10.15,10.24,21:30:26:044,666.00,10.51
9.09,13.15,21:30:26:181,666.00,10.41
9.02,13.01,21:30:26:318,666.00,11.08
8.84,14.07,21:30:26:454,666.00,11.27
9.02,12.42,21:30:26:580,666.00,11.83
12.34,7.62,21:30:26:722,666.00,11.89
23.31,8.00,21:30:26:855,666.00,13.26
37.63,12.26,21:30:26:976,666.00,11.88
52.98,16.10,21:30:27:111,666.00,14.17
70.49,20.45,21:30:27:241,666.00,7.51
82.92,22.44,21:30:27:374,666.00,5.52
102.15,26.60,21:30:27:513,666.00,2.83
118.52,29.35,21:30:27:640,666.00,7.12
125.66,31.70,21:30:27:773,666.00,4.62
134.46,35.26,21:30:27:893,666.00,2.58
140.77,39.03,21:30:28:019,666.00,6.22
147.79,44.27,21:30:28:144,666.00,6.39
152.72,50.87,21:30:28:264,666.00,4.22
157.08,62.21,21:30:28:392,666.00,6.37
159.83,77.85,21:30:28:523,666.00,5.26
160.36,87.01,21:30:28:657,666.00,3.29
159.61,89.97,21:30:28:788,666.00,2.89
159.47,89.63,21:30:28:912,666.00,1.95
159.75,85.87,21:30:29:032,666.00,2.79
156.94,74.72,21:30:29:157,666.00,3.54
153.26,61.26,21:30:29:281,666.00,4.94
146.46,49.07,21:30:29:411,666.00,7.34
139.14,41.82,21:30:29:538,666.00,5.77
135.29,38.13,21:30:29:662,666.00,2.51
129.16,32.50,21:30:29:787,666.00,1.22
121.50,28.32,21:30:29:923,666.00,4.10
110.56,26.98,21:30:30:051,666.00,1.57
100.51,26.73,21:30:30:183,666.00,0.44
86.91,25.55,21:30:30:314,666.00,7.82
76.79,24.83,21:30:30:443,666.00,6.20
67.65,23.61,21:30:30:566,666.00,5.70
57.42,20.96,21:30:30:689,666.00,7.35
47.61,19.65,21:30:30:813,666.00,6.35
38.87,17.14,21:30:30:938,666.00,7.89
31.31,15.63,21:30:31:075,666.00,9.50
26.62,12.93,21:30:31:208,666.00,9.37
18.95,9.92,21:30:31:351,666.00,8.82
13.61,11.73,21:30:31:488,666.00,9.13
10.52,18.95,21:30:31:630,666.00,9.47
7.45,33.68,21:30:31:767,666.00,11.58
7.52,31.10,21:30:31:902,666.00,10.60
7.55,30.27,21:30:32:040,666.00,10.22
9.48,25.15,21:30:32:186,666.00,10.23
15.42,17.73,21:30:32:351,666.00,10.89
32.63,15.51,21:30:32:505,666.00,10.53
52.32,16.41,21:30:32:659,666.00,12.32
68.47,19.07,21:30:32:789,666.00,8.60
82.93,19.16,21:30:32:910,666.00,9.25
96.07,22.43,21:30:33:033,666.00,3.16
106.14,23.62,21:30:33:166,666.00,4.19
118.86,25.87,21:30:33:294,666.00,5.39
125.75,28.61,21:30:33:417,666.00,4.31
135.07,31.84,21:30:33:543,666.00,2.69
138.71,34.08,21:30:33:678,666.00,7.70
142.49,35.61,21:30:33:819,666.00,9.37
147.33,39.28,21:30:33:947,666.00,6.33
152.86,46.65,21:30:34:076,666.00,4.65
155.75,57.66,21:30:34:209,666.00,7.22
158.91,71.54,21:30:34:342,666.00,6.44
160.07,79.99,21:30:34:474,666.00,5.28
159.99,87.39,21:30:34:606,666.00,3.77
159.10,91.51,21:30:34:731,666.00,3.43
157.89,81.62,21:30:34:861,666.00,2.79
155.77,67.48,21:30:35:001,666.00,4.44
149.76,50.81,21:30:35:137,666.00,6.51
140.99,41.63,21:30:35:264,666.00,7.85
132.80,39.41,21:30:35:401,666.00,3.05
120.16,34.55,21:30:35:532,666.00,5.76
112.00,33.34,21:30:35:651,666.00,3.86
99.54,32.62,21:30:35:781,666.00,3.89
84.88,36.06,21:30:35:908,666.00,7.75
75.96,33.16,21:30:36:035,666.00,7.29
64.65,26.92,21:30:36:171,666.00,8.67
53.46,25.46,21:30:36:312,666.00,9.54
41.03,24.26,21:30:36:446,666.00,9.66
32.28,22.25,21:30:36:580,666.00,10.41
24.20,20.95,21:30:36:706,666.00,9.78
19.29,19.25,21:30:36:834,666.00,11.28
14.78,19.86,21:30:36:958,666.00,11.28
10.95,22.91,21:30:37:076,666.00,12.37
9.97,24.78,21:30:37:204,666.00,12.49
10.27,25.43,21:30:37:345,666.00,12.45
10.48,30.02,21:30:37:487,666.00,12.88
11.61,28.92,21:30:37:618,666.00,12.35
17.64,19.17,21:30:37:743,666.00,13.34
25.30,15.09,21:30:37:868,666.00,12.26
40.31,15.01,21:30:37:998,666.00,12.46
57.59,17.54,21:30:38:128,666.00,10.98
75.50,20.39,21:30:38:268,666.00,8.89
94.17,24.94,21:30:38:396,666.00,2.18
109.85,26.58,21:30:38:521,666.00,6.01
123.15,29.02,21:30:38:661,666.00,4.77
132.90,34.05,21:30:38:799,666.00,4.08
139.51,37.44,21:30:38:928,666.00,9.24
148.03,44.73,21:30:39:048,666.00,3.88
151.25,48.86,21:30:39:172,666.00,5.84
154.88,57.46,21:30:39:299,666.00,5.12
157.33,69.12,21:30:39:426,666.00,4.76
157.75,77.45,21:30:39:545,666.00,9.42
157.98,83.38,21:30:39:673,666.00,8.63
157.61,89.54,21:30:39:798,666.00,7.63
156.31,84.10,21:30:39:941,666.00,4.13
155.27,75.55,21:30:40:082,666.00,2.29
154.26,63.23,21:30:40:214,666.00,3.28
150.80,50.66,21:30:40:345,666.00,4.03
142.34,37.67,21:30:40:482,666.00,7.69
139.50,34.30,21:30:40:609,666.00,3.76
134.67,30.58,21:30:40:735,666.00,1.37
122.38,25.19,21:30:40:870,666.00,2.48
114.11,22.49,21:30:41:009,666.00,6.39
103.04,21.01,21:30:41:142,666.00,0.55
89.81,19.99,21:30:41:288,666.00,1.33
78.87,18.28,21:30:41:416,666.00,1.29
66.29,15.79,21:30:41:545,666.00,1.64
55.27,12.86,21:30:41:666,666.00,5.04
44.33,9.30,21:30:41:797,666.00,4.25
34.63,4.55,21:30:41:932,666.00,6.93
27.52,2.31,21:30:42:060,666.00,7.62
21.15,2.36,21:30:42:192,666.00,6.94
15.79,4.15,21:30:42:318,666.00,6.80
12.18,9.21,21:30:42:466,666.00,5.81
9.60,12.35,21:30:42:589,666.00,7.46
7.71,25.86,21:30:42:714,666.00,8.02
7.47,25.01,21:30:42:841,666.00,7.64
7.53,28.24,21:30:42:965,666.00,8.01
7.66,27.73,21:30:43:099,666.00,7.27
8.20,25.16,21:30:43:245,666.00,8.09
13.11,11.71,21:30:43:374,666.00,7.79
24.96,4.86,21:30:43:526,666.00,9.41
40.98,6.78,21:30:43:666,666.00,7.59
54.68,9.96,21:30:43:803,666.00,9.14
69.71,12.35,21:30:43:934,666.00,5.94
85.03,13.31,21:30:44:061,666.00,5.39
99.65,16.82,21:30:44:197,666.00,3.50
113.21,18.76,21:30:44:335,666.00,1.92
124.54,19.85,21:30:44:459,666.00,4.83
134.94,26.01,21:30:44:604,666.00,2.71
142.55,31.38,21:30:44:727,666.00,6.83
149.84,38.90,21:30:44:864,666.00,8.52
154.69,50.30,21:30:44:994,666.00,2.45
157.08,64.31,21:30:45:120,666.00,3.17
158.92,74.42,21:30:45:245,666.00,5.41
159.01,83.65,21:30:45:379,666.00,4.40
158.82,88.87,21:30:45:507,666.00,4.62
158.35,84.55,21:30:45:628,666.00,2.85
157.16,77.10,21:30:45:757,666.00,2.52
155.46,67.57,21:30:45:891,666.00,2.69
151.99,55.50,21:30:46:015,666.00,4.68
145.76,41.96,21:30:46:145,666.00,6.94
139.87,36.64,21:30:46:268,666.00,6.00
134.65,32.73,21:30:46:407,666.00,0.99
126.72,30.60,21:30:46:531,666.00,0.46
118.52,28.88,21:30:46:653,666.00,3.55
106.86,26.57,21:30:46:776,666.00,2.99
95.14,24.51,21:30:46:910,666.00,2.61
84.24,21.06,21:30:47:033,666.00,2.56
72.54,17.46,21:30:47:161,666.00,2.06
59.31,15.21,21:30:47:297,666.00,3.04
45.54,13.02,21:30:47:431,666.00,3.99
31.81,10.17,21:30:47:583,666.00,6.51
22.20,8.45,21:30:47:725,666.00,7.81
16.23,8.00,21:30:47:852,666.00,5.95
12.14,9.84,21:30:47:986,666.00,6.77
9.18,14.62,21:30:48:115,666.00,7.14
8.12,20.59,21:30:48:248,666.00,7.51
7.53,23.95,21:30:48:375,666.00,7.72
7.21,27.15,21:30:48:513,666.00,7.70
7.11,27.38,21:30:48:636,666.00,7.81
7.15,25.60,21:30:48:769,666.00,8.14
9.45,16.68,21:30:48:909,666.00,8.71
18.74,7.42,21:30:49:042,666.00,11.85
29.48,7.38,21:30:49:166,666.00,9.76
44.76,9.85,21:30:49:290,666.00,9.62
64.77,12.19,21:30:49:408,666.00,3.50
75.99,13.29,21:30:49:530,666.00,7.19
94.66,17.16,21:30:49:653,666.00,5.29
106.74,18.53,21:30:49:776,666.00,2.20
119.41,20.62,21:30:49:909,666.00,2.49
132.97,27.16,21:30:50:043,666.00,4.71
138.22,31.61,21:30:50:177,666.00,2.65
143.90,38.18,21:30:50:309,666.00,3.66
149.42,45.12,21:30:50:454,666.00,4.87
153.80,54.35,21:30:50:587,666.00,4.28
157.15,64.42,21:30:50:711,666.00,6.92
160.50,78.78,21:30:50:839,666.00,5.81
161.50,92.01,21:30:50:977,666.00,5.30
160.02,98.21,21:30:51:113,666.00,3.84
159.18,84.95,21:30:51:258,666.00,1.98
156.66,67.71,21:30:51:390,666.00,3.03
153.10,52.67,21:30:51:528,666.00,3.79
141.41,38.97,21:30:51:661,666.00,6.96
134.38,35.74,21:30:51:781,666.00,3.42
124.43,31.30,21:30:51:906,666.00,9.20
114.98,30.27,21:30:52:024,666.00,4.16
101.29,25.96,21:30:52:156,666.00,4.83
87.81,25.96,21:30:52:278,666.00,4.28
74.85,22.54,21:30:52:419,666.00,3.65
62.54,17.20,21:30:52:561,666.00,4.05
46.82,12.51,21:30:52:723,666.00,4.57
35.99,9.99,21:30:52:859,666.00,4.68
25.29,5.81,21:30:52:989,666.00,8.41
18.16,4.07,21:30:53:119,666.00,7.87
13.36,7.20,21:30:53:243,666.00,7.60
10.92,12.14,21:30:53:372,666.00,7.54
9.31,16.54,21:30:53:498,666.00,7.56
8.32,19.18,21:30:53:623,666.00,8.29
7.72,22.04,21:30:53:754,666.00,7.79
7.46,23.29,21:30:53:884,666.00,7.64
7.80,23.81,21:30:54:021,666.00,8.45
11.74,12.38,21:30:54:153,666.00,8.39
23.18,7.74,21:30:54:284,666.00,9.40
37.42,10.14,21:30:54:408,666.00,9.89
54.85,11.50,21:30:54:546,666.00,9.97
71.69,13.75,21:30:54:681,666.00,6.42
91.67,14.20,21:30:54:814,666.00,5.11
108.02,18.11,21:30:54:945,666.00,2.10
122.24,21.17,21:30:55:073,666.00,5.98
133.42,28.82,21:30:55:214,666.00,3.88
139.43,32.50,21:30:55:346,666.00,2.24
145.09,36.96,21:30:55:475,666.00,5.94
150.87,44.75,21:30:55:612,666.00,3.07
156.54,56.42,21:30:55:743,666.00,3.76
158.96,65.06,21:30:55:867,666.00,8.16
161.58,82.64,21:30:55:994,666.00,5.61
161.56,104.78,21:30:56:119,666.00,3.86
160.62,105.50,21:30:56:241,666.00,3.34
160.08,88.90,21:30:56:380,666.00,2.53
157.30,65.15,21:30:56:517,666.00,1.87
150.91,45.46,21:30:56:652,666.00,4.19
139.93,34.39,21:30:56:788,666.00,3.45
129.66,28.43,21:30:56:923,666.00,2.85
115.30,24.91,21:30:57:049,666.00,3.90
99.56,22.87,21:30:57:176,666.00,5.76
81.80,19.34,21:30:57:310,666.00,2.76
66.49,16.57,21:30:57:453,666.00,4.70
50.53,13.45,21:30:57:590,666.00,6.15
38.07,9.99,21:30:57:721,666.00,5.88
27.71,5.25,21:30:57:866,666.00,9.15
18.48,2.20,21:30:58:002,666.00,7.68
11.20,3.38,21:30:58:132,666.00,7.72
8.22,7.88,21:30:58:255,666.00,8.72
7.39,10.81,21:30:58:384,666.00,9.30
6.65,17.55,21:30:58:518,666.00,9.03
6.36,19.50,21:30:58:646,666.00,9.31
6.48,18.99,21:30:58:779,666.00,9.55
7.99,15.32,21:30:58:914,666.00,10.67
15.45,10.56,21:30:59:058,666.00,11.12
33.92,11.76,21:30:59:190,666.00,9.20
53.40,12.10,21:30:59:319,666.00,11.77
75.58,12.84,21:30:59:444,666.00,6.27
96.67,13.87,21:30:59:576,666.00,2.36
111.97,16.76,21:30:59:708,666.00,6.61
121.32,19.76,21:30:59:834,666.00,6.22
134.32,26.16,21:30:59:970,666.00,4.45
142.06,34.66,21:31:00:105,666.00,5.99
146.00,40.34,21:31:00:231,666.00,8.46
153.52,54.98,21:31:00:358,666.00,5.32
157.69,72.80,21:31:00:497,666.00,5.12
157.53,85.75,21:31:00:635,666.00,4.85
157.26,86.68,21:31:00:762,666.00,4.09
156.49,76.23,21:31:00:894,666.00,3.64
152.65,63.83,21:31:01:026,666.00,3.41
139.06,43.15,21:31:01:180,666.00,5.20
129.32,37.33,21:31:01:335,666.00,3.10
117.70,33.29,21:31:01:476,666.00,2.92
103.01,28.98,21:31:01:602,666.00,1.49
85.81,23.55,21:31:01:735,666.00,3.72
68.59,19.08,21:31:01:866,666.00,5.80
50.98,13.65,21:31:01:997,666.00,10.03
38.25,9.06,21:31:02:130,666.00,7.43
28.09,4.89,21:31:02:259,666.00,8.42
19.81,2.68,21:31:02:394,666.00,8.57
13.88,4.44,21:31:02:529,666.00,9.89
10.35,9.37,21:31:02:665,666.00,9.98
7.65,15.67,21:31:02:794,666.00,9.85
6.79,18.81,21:31:02:927,666.00,9.75
6.22,18.98,21:31:03:057,666.00,10.33
6.10,17.68,21:31:03:183,666.00,10.42
7.19,13.62,21:31:03:308,666.00,11.08
13.16,8.83,21:31:03:445,666.00,11.58
29.97,9.09,21:31:03:593,666.00,10.45
49.62,11.85,21:31:03:738,666.00,11.07
78.59,13.58,21:31:03:877,666.00,6.02
103.63,16.76,21:31:04:026,666.00,4.55
119.09,21.90,21:31:04:145,666.00,4.52
134.10,29.91,21:31:04:277,666.00,5.20
140.64,37.53,21:31:04:403,666.00,6.50
148.14,48.33,21:31:04:526,666.00,3.82
153.71,62.69,21:31:04:654,666.00,6.22
154.90,73.47,21:31:04:796,666.00,8.86
156.41,86.22,21:31:04:938,666.00,4.28
156.59,89.37,21:31:05:092,666.00,3.16
155.27,74.37,21:31:05:249,666.00,3.87
151.09,59.08,21:31:05:389,666.00,5.18
137.83,44.41,21:31:05:548,666.00,6.08
119.74,35.77,21:31:05:695,666.00,4.56
102.82,32.02,21:31:05:836,666.00,5.19
84.73,33.76,21:31:05:970,666.00,6.99
61.29,21.97,21:31:06:126,666.00,6.60
47.10,16.35,21:31:06:271,666.00,7.05
32.76,10.17,21:31:06:434,666.00,9.67
20.38,6.30,21:31:06:583,666.00,9.43
13.12,1.25,21:31:06:730,666.00,10.80
10.65,1.71,21:31:06:884,666.00,11.01
8.76,9.80,21:31:07:052,666.00,9.76
7.46,18.28,21:31:07:184,666.00,9.75
7.27,20.19,21:31:07:329,666.00,9.72
7.33,19.76,21:31:07:474,666.00,10.03
13.45,14.23,21:31:07:637,666.00,10.65
31.56,11.00,21:31:07:806,666.00,12.51
56.32,14.82,21:31:07:961,666.00,9.73
86.52,17.57,21:31:08:120,666.00,7.67
105.57,22.11,21:31:08:268,666.00,7.97
125.32,25.80,21:31:08:421,666.00,6.86
136.92,32.53,21:31:08:555,666.00,3.79
143.50,37.40,21:31:08:683,666.00,8.02
150.38,44.99,21:31:08:813,666.00,5.26
154.37,57.50,21:31:08:942,666.00,5.35
156.03,74.76,21:31:09:076,666.00,6.91
156.87,92.58,21:31:09:206,666.00,6.08
157.17,97.89,21:31:09:358,666.00,3.19
156.16,92.74,21:31:09:483,666.00,2.74
153.73,73.33,21:31:09:608,666.00,3.47
148.25,56.35,21:31:09:743,666.00,7.56
135.00,40.40,21:31:09:876,666.00,6.39
122.06,32.90,21:31:10:013,666.00,7.80
112.21,31.50,21:31:10:149,666.00,6.78
94.78,30.06,21:31:10:282,666.00,2.54
81.46,29.98,21:31:10:415,666.00,1.68
66.46,25.25,21:31:10:543,666.00,5.43
53.68,21.52,21:31:10:680,666.00,6.36
41.74,18.32,21:31:10:811,666.00,8.10
32.22,14.56,21:31:10:949,666.00,11.19
22.04,12.64,21:31:11:079,666.00,11.60
14.66,11.36,21:31:11:211,666.00,10.16
10.56,4.72,21:31:11:346,666.00,12.23
9.27,3.71,21:31:11:466,666.00,10.68
8.05,6.53,21:31:11:596,666.00,11.14
7.18,9.99,21:31:11:720,666.00,10.91
6.93,10.81,21:31:11:854,666.00,10.82
6.73,15.08,21:31:11:983,666.00,10.46
6.52,19.00,21:31:12:118,666.00,9.98
6.36,17.50,21:31:12:244,666.00,10.16
6.24,18.41,21:31:12:366,666.00,10.06
6.01,17.37,21:31:12:483,666.00,10.42
6.00,16.71,21:31:12:613,666.00,10.52
12.65,11.87,21:31:12:746,666.00,12.38
29.68,13.36,21:31:12:889,666.00,12.94
52.63,18.10,21:31:13:016,666.00,11.67
72.40,20.41,21:31:13:141,666.00,11.19
96.86,25.13,21:31:13:283,666.00,4.23
114.36,27.69,21:31:13:427,666.00,9.43
124.22,31.05,21:31:13:554,666.00,8.83
135.72,38.48,21:31:13:683,666.00,4.37
142.21,44.10,21:31:13:815,666.00,6.42
146.90,56.81,21:31:13:950,666.00,2.59
150.78,60.75,21:31:14:080,666.00,7.91
156.29,76.41,21:31:14:218,666.00,9.39
156.81,99.60,21:31:14:344,666.00,2.27
157.47,101.32,21:31:14:464,666.00,2.49
155.32,92.51,21:31:14:594,666.00,4.43
152.22,74.51,21:31:14:731,666.00,4.53
146.84,59.06,21:31:14:854,666.00,6.47
137.68,47.27,21:31:14:986,666.00,7.73
129.21,40.60,21:31:15:109,666.00,5.01
117.50,35.61,21:31:15:244,666.00,3.61
102.71,30.13,21:31:15:376,666.00,5.77
87.44,32.29,21:31:15:514,666.00,6.04
64.46,23.98,21:31:15:640,666.00,11.92
49.38,19.95,21:31:15:778,666.00,9.85
36.72,14.19,21:31:15:912,666.00,9.21
24.56,9.24,21:31:16:043,666.00,8.67
16.22,2.77,21:31:16:180,666.00,11.00
12.12,-1.72,21:31:16:308,666.00,11.35
10.39,-5.41,21:31:16:437,666.00,12.55
8.93,-2.55,21:31:16:588,666.00,12.95
8.76,0.17,21:31:16:716,666.00,13.31
7.94,4.50,21:31:16:841,666.00,13.16
7.54,8.37,21:31:16:967,666.00,12.84
7.33,9.11,21:31:17:087,666.00,12.59
7.19,10.07,21:31:17:205,666.00,12.47
9.12,5.75,21:31:17:342,666.00,13.52
16.48,3.41,21:31:17:469,666.00,14.45
36.60,10.79,21:31:17:597,666.00,12.98
62.21,14.32,21:31:17:738,666.00,11.91
88.70,15.69,21:31:17:875,666.00,8.43
113.79,17.55,21:31:18:009,666.00,8.22
122.93,20.19,21:31:18:133,666.00,9.56
134.98,26.43,21:31:18:260,666.00,7.75
141.51,31.56,21:31:18:393,666.00,7.24
150.23,38.26,21:31:18:527,666.00,5.17
155.21,47.02,21:31:18:665,666.00,8.28
157.98,60.57,21:31:18:790,666.00,9.16
159.32,75.30,21:31:18:915,666.00,11.39
159.20,90.80,21:31:19:049,666.00,5.63
157.03,89.00,21:31:19:183,666.00,6.36
155.23,82.58,21:31:19:310,666.00,5.41
154.05,74.27,21:31:19:431,666.00,5.16
147.33,58.48,21:31:19:553,666.00,11.14
145.78,47.98,21:31:19:689,666.00,6.96
135.06,39.29,21:31:19:822,666.00,3.17
122.34,32.18,21:31:19:951,666.00,9.04
111.83,29.04,21:31:20:073,666.00,5.40
95.14,28.37,21:31:20:210,666.00,0.70
74.57,23.16,21:31:20:354,666.00,5.05
52.38,16.99,21:31:20:483,666.00,8.96
36.07,9.36,21:31:20:611,666.00,7.72
21.51,1.65,21:31:20:744,666.00,10.19
12.85,-4.08,21:31:20:876,666.00,9.45
9.59,-7.89,21:31:20:998,666.00,8.78
8.63,-7.74,21:31:21:124,666.00,9.20
8.37,-10.10,21:31:21:253,666.00,9.98
7.51,-8.64,21:31:21:378,666.00,9.92
6.99,-7.14,21:31:21:506,666.00,9.73
7.40,-6.80,21:31:21:631,666.00,9.89
8.62,-1.58,21:31:21:760,666.00,9.68
13.36,0.47,21:31:21:889,666.00,10.63
26.99,3.27,21:31:22:023,666.00,9.10
43.44,8.06,21:31:22:155,666.00,7.77
62.92,10.39,21:31:22:288,666.00,8.52
84.40,11.85,21:31:22:421,666.00,3.26
100.60,12.45,21:31:22:545,666.00,3.12
115.64,17.15,21:31:22:682,666.00,3.85
123.60,19.94,21:31:22:822,666.00,2.76
133.78,26.72,21:31:22:968,666.00,2.52
139.98,30.79,21:31:23:094,666.00,5.63
147.51,38.94,21:31:23:222,666.00,5.68
151.07,47.77,21:31:23:341,666.00,8.37
156.13,65.15,21:31:23:469,666.00,5.08
158.30,75.73,21:31:23:599,666.00,7.42
159.27,96.85,21:31:23:728,666.00,2.41
159.59,101.16,21:31:23:855,666.00,4.54
159.75,98.47,21:31:24:004,666.00,2.31
159.33,83.45,21:31:24:143,666.00,0.76
156.51,66.72,21:31:24:279,666.00,3.06
147.85,44.15,21:31:24:412,666.00,3.79
137.15,34.49,21:31:24:542,666.00,3.52
131.02,30.04,21:31:24:674,666.00,4.42
120.08,25.43,21:31:24:811,666.00,5.15
103.73,19.15,21:31:24:948,666.00,3.74
88.02,16.87,21:31:25:086,666.00,4.36
76.09,15.22,21:31:25:215,666.00,2.19
64.13,13.45,21:31:25:348,666.00,0.18
49.40,10.94,21:31:25:474,666.00,2.80
40.04,6.76,21:31:25:595,666.00,2.78
30.15,2.88,21:31:25:722,666.00,6.82
22.65,-1.80,21:31:25:842,666.00,7.39
18.44,-3.80,21:31:25:968,666.00,7.89
12.89,-6.96,21:31:26:101,666.00,9.08
9.91,-2.69,21:31:26:228,666.00,9.53
8.84,-0.38,21:31:26:357,666.00,10.22
7.90,2.55,21:31:26:481,666.00,10.71
7.43,4.17,21:31:26:605,666.00,10.72
7.18,4.94,21:31:26:723,666.00,10.74
7.62,4.68,21:31:26:852,666.00,10.37
11.91,2.22,21:31:26:991,666.00,11.26
24.46,0.75,21:31:27:120,666.00,11.28
41.09,5.01,21:31:27:245,666.00,9.39
58.86,9.47,21:31:27:388,666.00,9.09
75.62,13.60,21:31:27:513,666.00,5.63
91.11,16.12,21:31:27:644,666.00,7.56
105.33,19.05,21:31:27:763,666.00,7.62
119.69,23.91,21:31:27:897,666.00,7.17
127.50,28.57,21:31:28:023,666.00,6.17
136.73,34.17,21:31:28:145,666.00,4.41
142.94,37.42,21:31:28:277,666.00,8.28
149.62,44.02,21:31:28:409,666.00,6.33
154.12,56.03,21:31:28:542,666.00,5.63
157.39,66.02,21:31:28:673,666.00,7.93
160.58,90.82,21:31:28:816,666.00,5.44
160.23,102.35,21:31:28:945,666.00,2.31
159.84,99.23,21:31:29:079,666.00,2.98
158.52,82.26,21:31:29:210,666.00,1.37
156.05,70.02,21:31:29:346,666.00,3.66
151.88,58.27,21:31:29:470,666.00,4.68
145.47,47.85,21:31:29:599,666.00,3.16
135.20,37.88,21:31:29:725,666.00,2.64
126.11,30.67,21:31:29:849,666.00,1.43
114.92,24.19,21:31:29:991,666.00,1.99
101.34,19.05,21:31:30:128,666.00,1.55
82.66,14.04,21:31:30:248,666.00,7.86
68.10,11.64,21:31:30:372,666.00,4.51
54.71,10.01,21:31:30:500,666.00,5.62
42.20,5.41,21:31:30:622,666.00,5.87
33.42,0.69,21:31:30:755,666.00,6.43
24.25,-3.05,21:31:30:891,666.00,8.97
17.88,-4.05,21:31:31:027,666.00,7.91
13.17,-4.38,21:31:31:161,666.00,10.36
10.09,1.48,21:31:31:293,666.00,10.00
8.09,7.84,21:31:31:428,666.00,9.73
7.35,8.85,21:31:31:553,666.00,10.05
7.31,8.07,21:31:31:681,666.00,9.68
7.34,6.52,21:31:31:812,666.00,8.99
8.00,7.26,21:31:31:944,666.00,10.52
13.65,5.62,21:31:32:076,666.00,10.89
23.33,5.38,21:31:32:198,666.00,10.46
40.43,8.56,21:31:32:342,666.00,10.81
65.31,13.61,21:31:32:482,666.00,7.60
83.88,16.15,21:31:32:612,666.00,7.05
100.15,18.47,21:31:32:742,666.00,2.98
111.74,18.51,21:31:32:871,666.00,4.61
122.98,20.26,21:31:33:005,666.00,3.77
135.51,25.40,21:31:33:143,666.00,3.71
139.72,28.97,21:31:33:265,666.00,5.99
146.48,36.30,21:31:33:392,666.00,4.81
149.41,42.82,21:31:33:536,666.00,5.33
152.14,55.20,21:31:33:669,666.00,4.06
154.65,68.21,21:31:33:811,666.00,6.28
155.93,80.58,21:31:33:950,666.00,5.60
155.42,81.70,21:31:34:087,666.00,3.50
154.25,77.45,21:31:34:210,666.00,3.63
152.14,64.83,21:31:34:344,666.00,3.70
140.84,43.93,21:31:34:475,666.00,7.23
134.58,35.92,21:31:34:606,666.00,2.02
123.96,30.05,21:31:34:743,666.00,2.56
114.44,25.91,21:31:34:883,666.00,4.92
98.96,22.83,21:31:35:010,666.00,2.48
83.55,21.47,21:31:35:140,666.00,2.02
69.86,20.92,21:31:35:272,666.00,1.79
54.63,17.41,21:31:35:416,666.00,2.56
40.73,11.71,21:31:35:542,666.00,5.56
29.95,6.51,21:31:35:690,666.00,6.45
21.92,3.98,21:31:35:825,666.00,8.34
15.72,0.69,21:31:35:969,666.00,6.87
9.56,-1.62,21:31:36:114,666.00,9.18
7.76,-0.85,21:31:36:246,666.00,9.60
7.11,2.75,21:31:36:381,666.00,9.22
6.59,4.56,21:31:36:505,666.00,9.57
6.37,4.46,21:31:36:630,666.00,9.69
6.27,4.76,21:31:36:752,666.00,9.42
6.19,5.64,21:31:36:879,666.00,9.39
6.34,6.84,21:31:37:011,666.00,9.59
10.29,4.78,21:31:37:145,666.00,9.45
23.27,5.72,21:31:37:289,666.00,12.93
44.41,11.31,21:31:37:417,666.00,9.67
66.21,14.43,21:31:37:541,666.00,9.00
83.12,17.32,21:31:37:660,666.00,9.36
102.83,20.66,21:31:37:782,666.00,7.54
118.10,22.86,21:31:37:921,666.00,6.92
130.04,25.92,21:31:38:051,666.00,5.85
138.01,31.39,21:31:38:174,666.00,4.82
142.98,36.95,21:31:38:300,666.00,5.53
147.29,45.76,21:31:38:440,666.00,6.44
150.93,59.07,21:31:38:578,666.00,7.49
152.53,75.47,21:31:38:706,666.00,4.13
153.22,81.29,21:31:38:835,666.00,3.53
152.96,80.39,21:31:38:963,666.00,4.64
152.39,77.17,21:31:39:085,666.00,4.84
148.76,60.62,21:31:39:212,666.00,7.07
141.20,45.97,21:31:39:332,666.00,5.17
129.02,37.46,21:31:39:452,666.00,2.34
115.51,30.70,21:31:39:576,666.00,4.07
99.35,27.03,21:31:39:710,666.00,2.82
80.88,22.20,21:31:39:849,666.00,6.43
65.50,18.73,21:31:39:972,666.00,6.59
53.22,16.61,21:31:40:102,666.00,7.85
40.09,12.48,21:31:40:235,666.00,7.40
27.80,8.05,21:31:40:390,666.00,10.65
18.22,5.17,21:31:40:522,666.00,10.77
12.76,3.04,21:31:40:654,666.00,11.61
9.72,4.54,21:31:40:791,666.00,12.48
7.98,5.82,21:31:40:922,666.00,11.41
6.90,8.09,21:31:41:051,666.00,10.93
6.32,10.11,21:31:41:179,666.00,11.11
6.06,11.55,21:31:41:307,666.00,11.22
6.07,12.68,21:31:41:440,666.00,11.12
6.02,13.56,21:31:41:562,666.00,10.97
5.99,14.99,21:31:41:685,666.00,10.70
6.72,8.89,21:31:41:812,666.00,13.02
13.19,4.70,21:31:41:942,666.00,13.12
29.24,8.17,21:31:42:086,666.00,13.21
48.51,11.98,21:31:42:225,666.00,10.62
67.95,15.44,21:31:42:367,666.00,8.56
90.41,17.46,21:31:42:491,666.00,5.08
104.97,20.29,21:31:42:614,666.00,7.37
121.95,25.46,21:31:42:745,666.00,8.43
130.77,32.25,21:31:42:877,666.00,4.90
138.33,36.66,21:31:43:011,666.00,3.85
143.72,40.61,21:31:43:145,666.00,4.47
149.11,48.14,21:31:43:278,666.00,7.64
152.25,63.82,21:31:43:413,666.00,4.16
153.48,72.02,21:31:43:544,666.00,8.47
153.92,76.73,21:31:43:678,666.00,4.37
153.66,73.31,21:31:43:811,666.00,6.31
153.12,68.81,21:31:43:940,666.00,4.32
148.45,54.41,21:31:44:062,666.00,6.38
138.66,41.32,21:31:44:191,666.00,3.61
120.49,31.41,21:31:44:312,666.00,5.98
111.17,28.55,21:31:44:433,666.00,3.25
92.65,26.85,21:31:44:563,666.00,2.25
72.66,24.35,21:31:44:691,666.00,3.38
56.60,20.83,21:31:44:826,666.00,6.35
45.45,16.79,21:31:44:952,666.00,5.02
35.54,14.01,21:31:45:080,666.00,8.16
24.12,12.27,21:31:45:220,666.00,7.28
15.62,9.05,21:31:45:354,666.00,7.42
10.04,3.26,21:31:45:477,666.00,10.36
8.22,6.22,21:31:45:614,666.00,8.61
7.40,9.55,21:31:45:750,666.00,9.03
6.64,12.71,21:31:45:893,666.00,9.33
6.57,12.97,21:31:46:025,666.00,9.03
6.70,9.97,21:31:46:146,666.00,9.29
7.20,11.16,21:31:46:275,666.00,11.19
14.41,9.67,21:31:46:414,666.00,12.40
29.91,9.91,21:31:46:543,666.00,10.88
46.40,11.46,21:31:46:677,666.00,10.11
65.97,14.06,21:31:46:813,666.00,7.35
88.86,15.50,21:31:46:947,666.00,10.01
101.86,17.60,21:31:47:087,666.00,5.86
117.24,18.73,21:31:47:218,666.00,6.55
132.99,22.93,21:31:47:343,666.00,5.35
139.03,28.30,21:31:47:464,666.00,3.77
149.68,39.54,21:31:47:590,666.00,6.87
155.14,58.40,21:31:47:707,666.00,2.54
157.51,72.92,21:31:47:831,666.00,5.95
157.73,88.06,21:31:47:965,666.00,4.09
156.77,91.49,21:31:48:102,666.00,2.04
156.34,89.18,21:31:48:222,666.00,3.32
156.52,80.82,21:31:48:354,666.00,2.12
153.24,62.31,21:31:48:491,666.00,3.82
140.54,45.41,21:31:48:626,666.00,8.50
130.95,39.95,21:31:48:757,666.00,0.91
117.89,32.54,21:31:48:879,666.00,2.43
106.53,28.07,21:31:48:998,666.00,4.14
88.50,25.22,21:31:49:124,666.00,2.63
72.58,20.53,21:31:49:250,666.00,4.58
57.41,16.23,21:31:49:380,666.00,10.21
45.11,13.16,21:31:49:511,666.00,9.67
34.19,8.76,21:31:49:647,666.00,11.32
24.32,7.16,21:31:49:776,666.00,10.59
18.31,5.71,21:31:49:914,666.00,9.98
13.88,7.45,21:31:50:040,666.00,11.95
11.99,9.93,21:31:50:171,666.00,12.07
9.85,14.42,21:31:50:304,666.00,12.13
9.01,16.47,21:31:50:435,666.00,13.04
8.65,17.34,21:31:50:556,666.00,12.60
7.77,17.93,21:31:50:685,666.00,12.19
7.45,18.65,21:31:50:816,666.00,12.13
7.36,17.34,21:31:50:952,666.00,11.65
7.34,16.82,21:31:51:078,666.00,11.36
7.23,16.94,21:31:51:211,666.00,11.32
8.14,15.62,21:31:51:349,666.00,12.30
16.84,10.39,21:31:51:476,666.00,11.83
32.91,9.42,21:31:51:611,666.00,13.03
53.86,11.81,21:31:51:750,666.00,11.80
74.44,14.37,21:31:51:876,666.00,11.37
94.57,16.60,21:31:52:004,666.00,8.68
108.92,19.91,21:31:52:137,666.00,7.86
123.07,24.32,21:31:52:281,666.00,12.51
134.38,31.70,21:31:52:411,666.00,9.33
141.35,40.55,21:31:52:546,666.00,7.96
147.02,48.94,21:31:52:679,666.00,10.18
151.51,62.39,21:31:52:807,666.00,7.86
153.69,69.81,21:31:52:942,666.00,8.53
156.94,88.06,21:31:53:077,666.00,6.99
156.86,100.62,21:31:53:204,666.00,3.15
157.09,102.41,21:31:53:337,666.00,2.21
155.72,93.58,21:31:53:474,666.00,5.58
153.85,69.66,21:31:53:611,666.00,1.77
146.82,49.74,21:31:53:745,666.00,5.27
133.95,36.58,21:31:53:875,666.00,7.64
116.22,30.21,21:31:54:010,666.00,8.42
99.31,27.86,21:31:54:139,666.00,8.42
83.39,27.14,21:31:54:268,666.00,6.21
65.24,23.55,21:31:54:393,666.00,6.73
48.01,19.05,21:31:54:531,666.00,4.93
35.33,14.28,21:31:54:666,666.00,9.05
24.89,12.08,21:31:54:803,666.00,11.31
17.26,11.65,21:31:54:935,666.00,8.79
10.04,13.40,21:31:55:073,666.00,12.43
8.60,16.40,21:31:55:209,666.00,10.82
7.92,19.07,21:31:55:338,666.00,11.37
7.75,24.18,21:31:55:467,666.00,10.82
7.75,25.82,21:31:55:602,666.00,10.65
7.81,25.64,21:31:55:738,666.00,11.16
8.73,20.38,21:31:55:875,666.00,10.90
15.36,11.09,21:31:56:032,666.00,9.81
31.82,9.39,21:31:56:159,666.00,10.48
51.95,13.41,21:31:56:287,666.00,9.44
72.48,17.63,21:31:56:408,666.00,8.20
94.94,20.62,21:31:56:540,666.00,4.73
110.50,23.65,21:31:56:665,666.00,5.69
123.52,27.53,21:31:56:792,666.00,7.32
135.13,34.48,21:31:56:922,666.00,6.06
140.45,39.72,21:31:57:055,666.00,5.81
146.81,48.55,21:31:57:187,666.00,5.92
152.32,63.04,21:31:57:322,666.00,6.03
155.01,74.90,21:31:57:450,666.00,5.30
156.87,82.30,21:31:57:590,666.00,5.33
157.63,84.15,21:31:57:724,666.00,3.97
157.60,85.29,21:31:57:856,666.00,1.90
155.36,70.52,21:31:57:992,666.00,4.72
147.06,51.43,21:31:58:155,666.00,5.75
135.19,37.93,21:31:58:297,666.00,3.54
118.81,30.80,21:31:58:439,666.00,1.32
101.89,24.61,21:31:58:592,666.00,1.72
84.11,20.39,21:31:58:725,666.00,2.80
67.72,16.17,21:31:58:869,666.00,5.05
48.76,11.35,21:31:59:021,666.00,6.48
36.58,5.77,21:31:59:161,666.00,6.32
25.16,0.67,21:31:59:298,666.00,9.39
17.41,-2.49,21:31:59:433,666.00,8.39
11.93,0.90,21:31:59:574,666.00,9.57
8.78,9.96,21:31:59:714,666.00,10.27
8.44,12.48,21:31:59:842,666.00,11.20
8.19,11.88,21:31:59:967,666.00,12.20
7.79,11.58,21:32:00:111,666.00,11.65
7.55,11.69,21:32:00:249,666.00,11.93
8.84,6.62,21:32:00:393,666.00,12.73
14.57,1.82,21:32:00:541,666.00,12.94
31.79,9.25,21:32:00:683,666.00,11.70
48.87,14.23,21:32:00:815,666.00,15.70
70.74,19.43,21:32:00:968,666.00,13.82
96.46,22.50,21:32:01:099,666.00,3.54
113.67,23.82,21:32:01:238,666.00,7.31
128.45,28.04,21:32:01:362,666.00,10.23
138.17,33.93,21:32:01:492,666.00,11.40
145.42,41.76,21:32:01:616,666.00,11.82
152.23,52.38,21:32:01:748,666.00,8.16
154.52,66.35,21:32:01:879,666.00,8.72
154.51,83.60,21:32:02:014,666.00,8.83
155.88,87.90,21:32:02:156,666.00,4.89
155.84,88.36,21:32:02:293,666.00,3.85
155.66,79.08,21:32:02:414,666.00,4.78
154.23,67.34,21:32:02:545,666.00,3.25
147.92,47.83,21:32:02:673,666.00,4.15
138.27,39.17,21:32:02:799,666.00,5.81
122.96,30.13,21:32:02:927,666.00,5.55
107.01,26.58,21:32:03:054,666.00,4.98
89.53,27.19,21:32:03:190,666.00,1.96
69.73,23.54,21:32:03:322,666.00,8.86
52.03,18.68,21:32:03:456,666.00,7.15
37.66,12.39,21:32:03:583,666.00,5.58
25.30,2.92,21:32:03:710,666.00,9.29
15.37,-2.91,21:32:03:846,666.00,7.27
11.22,-10.55,21:32:03:965,666.00,9.14
8.42,-14.47,21:32:04:093,666.00,9.08
7.42,-12.65,21:32:04:209,666.00,9.07
7.40,-12.02,21:32:04:333,666.00,9.70
7.43,-10.35,21:32:04:465,666.00,10.25
7.45,-7.77,21:32:04:601,666.00,10.21
7.97,-6.45,21:32:04:731,666.00,11.73
13.08,-2.60,21:32:04:868,666.00,12.99
28.35,4.48,21:32:04:993,666.00,12.45
45.61,10.17,21:32:05:124,666.00,10.99
65.51,13.24,21:32:05:248,666.00,4.93
85.28,14.33,21:32:05:372,666.00,7.02
97.59,17.14,21:32:05:503,666.00,1.58
113.02,18.77,21:32:05:639,666.00,5.51
131.90,25.88,21:32:05:777,666.00,6.00
139.09,32.13,21:32:05:923,666.00,3.30
146.85,40.59,21:32:06:058,666.00,8.01
151.75,52.41,21:32:06:181,666.00,4.20
155.89,63.82,21:32:06:308,666.00,4.37
159.43,77.12,21:32:06:440,666.00,3.00
160.11,86.74,21:32:06:568,666.00,3.30
161.01,105.23,21:32:06:701,666.00,0.90
161.40,106.61,21:32:06:830,666.00,0.98
161.33,85.89,21:32:06:958,666.00,1.47
158.81,62.67,21:32:07:095,666.00,4.07
153.06,46.57,21:32:07:221,666.00,3.95
143.32,34.23,21:32:07:345,666.00,6.55
134.86,29.34,21:32:07:476,666.00,1.81
120.03,23.14,21:32:07:622,666.00,2.35
102.33,18.86,21:32:07:752,666.00,3.66
85.29,16.54,21:32:07:885,666.00,7.94
64.42,14.14,21:32:08:011,666.00,0.82
44.30,10.38,21:32:08:140,666.00,6.37
32.93,2.04,21:32:08:282,666.00,7.05
22.28,-2.99,21:32:08:415,666.00,7.06
14.23,-6.66,21:32:08:539,666.00,7.90
10.74,-1.52,21:32:08:660,666.00,8.24
7.27,7.17,21:32:08:784,666.00,7.97
6.49,7.91,21:32:08:910,666.00,9.14
6.32,7.32,21:32:09:048,666.00,9.41
7.06,3.02,21:32:09:179,666.00,9.75
13.81,-1.69,21:32:09:309,666.00,9.66
28.50,1.99,21:32:09:445,666.00,12.57
46.84,6.83,21:32:09:578,666.00,11.59
68.71,11.08,21:32:09:724,666.00,9.31
87.95,13.84,21:32:09:850,666.00,4.45
106.82,16.35,21:32:09:980,666.00,4.89
122.37,21.01,21:32:10:114,666.00,5.05
135.21,25.81,21:32:10:248,666.00,5.18
144.79,33.38,21:32:10:381,666.00,3.79
152.04,44.61,21:32:10:520,666.00,3.88
156.20,61.01,21:32:10:644,666.00,5.81
158.21,77.65,21:32:10:788,666.00,3.68
158.50,85.24,21:32:10:933,666.00,3.15
158.47,88.59,21:32:11:086,666.00,1.71
157.18,76.16,21:32:11:222,666.00,2.20
153.89,60.16,21:32:11:380,666.00,1.92
138.74,40.84,21:32:11:520,666.00,6.05
124.86,33.78,21:32:11:656,666.00,1.83
107.58,28.96,21:32:11:809,666.00,1.86
82.65,22.62,21:32:11:967,666.00,1.27
65.39,14.22,21:32:12:113,666.00,1.36
49.19,8.65,21:32:12:274,666.00,5.39
33.77,5.93,21:32:12:421,666.00,5.24
22.69,6.18,21:32:12:563,666.00,6.29
13.95,5.87,21:32:12:709,666.00,6.40
10.18,7.95,21:32:12:845,666.00,7.60
8.98,8.71,21:32:12:987,666.00,6.66
8.53,8.19,21:32:13:129,666.00,7.09
7.22,8.20,21:32:13:268,666.00,8.59
7.01,5.58,21:32:13:414,666.00,9.17
7.31,8.17,21:32:13:570,666.00,8.20
8.62,10.40,21:32:13:712,666.00,7.96
18.22,8.20,21:32:13:852,666.00,8.08
37.62,9.54,21:32:14:008,666.00,8.74
66.47,11.46,21:32:14:158,666.00,5.89
93.12,10.55,21:32:14:320,666.00,8.89
105.12,15.30,21:32:14:459,666.00,7.20
119.10,19.74,21:32:14:602,666.00,5.07
136.79,26.92,21:32:14:753,666.00,5.78
141.70,32.87,21:32:14:895,666.00,8.36
148.06,41.56,21:32:15:034,666.00,6.51
153.78,53.53,21:32:15:186,666.00,5.19
157.39,66.09,21:32:15:334,666.00,4.24
160.15,81.37,21:32:15:496,666.00,3.58
159.42,86.77,21:32:15:644,666.00,3.11
158.72,81.45,21:32:15:780,666.00,1.64
156.47,65.17,21:32:15:913,666.00,2.06
152.65,49.93,21:32:16:069,666.00,3.18
141.72,35.32,21:32:16:212,666.00,2.05
132.74,29.28,21:32:16:360,666.00,4.95
116.03,24.04,21:32:16:517,666.00,4.15
101.01,21.60,21:32:16:655,666.00,4.02
82.57,20.32,21:32:16:786,666.00,4.51
69.27,17.55,21:32:16:915,666.00,3.29
54.45,15.02,21:32:17:054,666.00,6.44
41.74,13.55,21:32:17:200,666.00,5.31
27.89,9.30,21:32:17:358,666.00,9.92
17.92,7.45,21:32:17:499,666.00,7.42
11.86,6.34,21:32:17:636,666.00,8.87
9.71,8.33,21:32:17:770,666.00,7.93
7.45,9.00,21:32:17:906,666.00,8.79
4.83,13.32,21:32:18:057,666.00,11.04
4.81,13.96,21:32:18:204,666.00,10.47
4.72,14.71,21:32:18:344,666.00,10.49
4.95,14.85,21:32:18:488,666.00,10.31
5.08,13.98,21:32:18:629,666.00,10.17
5.38,12.97,21:32:18:758,666.00,10.05
5.68,13.45,21:32:18:924,666.00,10.01
5.83,14.81,21:32:19:056,666.00,9.85
5.97,15.20,21:32:19:199,666.00,9.87
6.01,15.05,21:32:19:337,666.00,10.00
5.96,16.70,21:32:19:465,666.00,9.62
5.92,16.60,21:32:19:599,666.00,9.57
5.96,14.80,21:32:19:760,666.00,9.64
6.04,13.87,21:32:19:910,666.00,9.63
6.16,14.97,21:32:20:047,666.00,9.63
6.31,14.26,21:32:20:173,666.00,9.83
6.40,14.16,21:32:20:301,666.00,9.79
6.44,15.08,21:32:20:466,666.00,9.69
6.47,17.43,21:32:20:613,666.00,9.65
6.54,18.42,21:32:20:734,666.00,9.42
6.60,17.19,21:32:20:844,666.00,9.61
6.64,16.60,21:32:20:958,666.00,9.65
6.69,14.76,21:32:21:079,666.00,9.86
6.73,13.76,21:32:21:205,666.00,10.17
6.81,11.13,21:32:21:327,666.00,10.91
7.20,3.98,21:32:21:444,666.00,13.49
7.30,-5.99,21:32:21:564,666.00,15.73
7.57,-17.58,21:32:21:676,666.00,17.69
8.17,-25.88,21:32:21:789,666.00,19.47
7.99,-24.70,21:32:21:928,666.00,19.67
