15.66,14.65,666.00,18.09,28-04-23-08-47-48-073
15.68,14.55,666.00,18.14,28-04-23-08-47-48-103
15.72,14.41,666.00,18.20,28-04-23-08-47-48-134
15.76,14.18,666.00,18.27,28-04-23-08-47-48-168
15.81,13.90,666.00,18.37,28-04-23-08-47-48-202
15.87,13.53,666.00,18.45,28-04-23-08-47-48-234
15.95,12.90,666.00,18.58,28-04-23-08-47-48-272
16.04,12.11,666.00,18.64,28-04-23-08-47-48-301
16.19,10.99,666.00,18.79,28-04-23-08-47-48-335
16.38,9.81,666.00,19.04,28-04-23-08-47-48-368
16.71,8.77,666.00,19.84,28-04-23-08-47-48-402
17.38,7.67,666.00,20.82,28-04-23-08-47-48-434
18.78,7.49,666.00,20.69,28-04-23-08-47-48-468
21.10,7.72,666.00,19.93,28-04-23-08-47-48-500
23.90,7.88,666.00,18.52,28-04-23-08-47-48-533
26.73,7.79,666.00,18.32,28-04-23-08-47-48-567
29.40,7.56,666.00,17.67,28-04-23-08-47-48-603
32.02,7.51,666.00,16.68,28-04-23-08-47-48-632
34.24,7.42,666.00,16.42,28-04-23-08-47-48-668
36.44,7.25,666.00,15.87,28-04-23-08-47-48-702
40.18,7.22,666.00,12.94,28-04-23-08-47-48-736
42.58,7.01,666.00,13.11,28-04-23-08-47-48-769
44.24,6.75,666.00,12.77,28-04-23-08-47-48-800
45.60,6.51,666.00,12.67,28-04-23-08-47-48-835
46.90,6.29,666.00,12.95,28-04-23-08-47-48-866
49.23,6.24,666.00,11.73,28-04-23-08-47-48-901
51.02,6.15,666.00,11.58,28-04-23-08-47-48-932
52.81,6.10,666.00,11.97,28-04-23-08-47-48-966
54.30,5.98,666.00,13.10,28-04-23-08-47-49-001
55.78,5.82,666.00,13.96,28-04-23-08-47-49-039
57.24,5.67,666.00,14.78,28-04-23-08-47-49-065
59.38,5.43,666.00,14.90,28-04-23-08-47-49-105
61.18,5.26,666.00,14.52,28-04-23-08-47-49-131
62.92,4.99,666.00,13.91,28-04-23-08-47-49-169
64.35,4.71,666.00,13.85,28-04-23-08-47-49-200
65.64,4.39,666.00,13.68,28-04-23-08-47-49-234
66.73,4.09,666.00,14.03,28-04-23-08-47-49-265
67.84,3.78,666.00,13.95,28-04-23-08-47-49-299
68.78,3.50,666.00,13.76,28-04-23-08-47-49-332
69.53,3.24,666.00,13.57,28-04-23-08-47-49-366
70.22,2.93,666.00,14.43,28-04-23-08-47-49-403
70.97,2.61,666.00,14.64,28-04-23-08-47-49-433
71.58,2.35,666.00,16.53,28-04-23-08-47-49-466
72.11,2.10,666.00,16.66,28-04-23-08-47-49-501
72.67,1.87,666.00,16.58,28-04-23-08-47-49-534
73.14,1.67,666.00,16.36,28-04-23-08-47-49-566
73.69,1.50,666.00,15.80,28-04-23-08-47-49-599
74.22,1.36,666.00,15.18,28-04-23-08-47-49-637
74.80,1.23,666.00,14.40,28-04-23-08-47-49-667
75.23,1.23,666.00,16.34,28-04-23-08-47-49-700
75.63,1.24,666.00,16.32,28-04-23-08-47-49-736
76.08,1.23,666.00,15.95,28-04-23-08-47-49-766
76.59,1.25,666.00,15.22,28-04-23-08-47-49-802
77.04,1.23,666.00,14.42,28-04-23-08-47-49-831
77.50,1.19,666.00,13.51,28-04-23-08-47-49-868
77.93,1.15,666.00,12.59,28-04-23-08-47-49-904
78.31,1.09,666.00,11.80,28-04-23-08-47-49-932
78.65,1.02,666.00,11.11,28-04-23-08-47-49-966
79.00,0.93,666.00,10.40,28-04-23-08-47-50-002
79.32,0.83,666.00,9.87,28-04-23-08-47-50-033
79.64,0.72,666.00,9.45,28-04-23-08-47-50-067
79.95,0.59,666.00,9.10,28-04-23-08-47-50-101
80.37,0.40,666.00,8.42,28-04-23-08-47-50-133
80.88,0.11,666.00,8.38,28-04-23-08-47-50-168
81.36,-0.17,666.00,9.34,28-04-23-08-47-50-202
81.82,-0.42,666.00,10.10,28-04-23-08-47-50-234
82.19,-0.65,666.00,10.52,28-04-23-08-47-50-265
82.49,-0.85,666.00,10.72,28-04-23-08-47-50-299
82.75,-1.02,666.00,10.77,28-04-23-08-47-50-334
82.94,-1.15,666.00,10.84,28-04-23-08-47-50-366
83.09,-1.26,666.00,10.86,28-04-23-08-47-50-401
83.21,-1.35,666.00,10.82,28-04-23-08-47-50-433
83.31,-1.44,666.00,10.79,28-04-23-08-47-50-468
83.38,-1.52,666.00,10.72,28-04-23-08-47-50-500
83.44,-1.60,666.00,9.64,28-04-23-08-47-50-534
83.47,-1.68,666.00,8.63,28-04-23-08-47-50-566
83.50,-1.75,666.00,7.63,28-04-23-08-47-50-603
83.52,-1.83,666.00,6.89,28-04-23-08-47-50-632
83.52,-1.92,666.00,6.43,28-04-23-08-47-50-667
83.52,-2.00,666.00,6.65,28-04-23-08-47-50-700
83.51,-2.09,666.00,7.32,28-04-23-08-47-50-733
83.49,-2.18,666.00,10.54,28-04-23-08-47-50-771
83.45,-2.23,666.00,12.91,28-04-23-08-47-50-802
83.37,-2.24,666.00,14.34,28-04-23-08-47-50-838
83.32,-2.25,666.00,16.26,28-04-23-08-47-50-866
83.27,-2.24,666.00,18.20,28-04-23-08-47-50-901
83.22,-2.21,666.00,24.01,28-04-23-08-47-50-933
83.16,-2.20,666.00,28.57,28-04-23-08-47-50-968
83.12,-2.15,96.90,32.20,28-04-23-08-47-51-004
83.10,-2.13,96.45,35.95,28-04-23-08-47-51-035
83.15,-2.08,96.09,38.78,28-04-23-08-47-51-065
83.24,-2.02,95.93,42.24,28-04-23-08-47-51-099
83.37,-1.93,95.02,45.83,28-04-23-08-47-51-134
83.54,-1.84,94.90,49.67,28-04-23-08-47-51-166
83.74,-1.76,95.22,53.17,28-04-23-08-47-51-202
83.95,-1.65,95.57,56.14,28-04-23-08-47-51-234
84.20,-1.53,95.84,58.55,28-04-23-08-47-51-267
84.45,-1.44,96.32,60.29,28-04-23-08-47-51-304
84.74,-1.36,96.89,61.92,28-04-23-08-47-51-334
84.93,-1.29,97.15,62.98,28-04-23-08-47-51-365
85.08,-1.24,97.43,63.94,28-04-23-08-47-51-401
85.19,-1.24,97.97,64.70,28-04-23-08-47-51-434
85.26,-1.26,98.76,65.51,28-04-23-08-47-51-470
85.33,-1.29,99.57,66.09,28-04-23-08-47-51-507
85.38,-1.32,100.50,66.99,28-04-23-08-47-51-536
85.42,-1.35,101.20,67.66,28-04-23-08-47-51-565
85.27,-1.54,102.73,68.51,28-04-23-08-47-51-600
85.24,-1.90,106.03,69.16,28-04-23-08-47-51-635
85.21,-2.13,107.93,69.70,28-04-23-08-47-51-668
85.22,-2.27,109.11,70.10,28-04-23-08-47-51-700
85.37,-2.30,109.99,70.36,28-04-23-08-47-51-733
85.51,-2.32,110.73,70.58,28-04-23-08-47-51-766
85.64,-2.32,111.33,70.75,28-04-23-08-47-51-800
85.48,-2.37,110.72,71.36,28-04-23-08-47-51-833
85.31,-2.41,110.09,71.90,28-04-23-08-47-51-865
85.09,-2.45,109.27,72.50,28-04-23-08-47-51-902
84.92,-2.44,108.34,73.04,28-04-23-08-47-51-933
84.80,-2.40,107.40,73.53,28-04-23-08-47-51-966
84.79,-2.41,107.34,73.82,28-04-23-08-47-52-003
84.74,-2.37,106.71,74.15,28-04-23-08-47-52-034
84.72,-2.29,105.78,74.59,28-04-23-08-47-52-067
84.67,-2.17,104.50,75.03,28-04-23-08-47-52-099
84.63,-2.06,103.31,75.40,28-04-23-08-47-52-133
84.59,-1.93,101.95,75.73,28-04-23-08-47-52-167
84.56,-1.77,100.26,75.98,28-04-23-08-47-52-199
84.53,-1.58,98.43,76.22,28-04-23-08-47-52-234
84.51,-1.41,96.74,76.37,28-04-23-08-47-52-267
84.50,-1.26,95.18,76.48,28-04-23-08-47-52-299
84.47,-1.10,93.53,76.58,28-04-23-08-47-52-332
84.46,-0.98,92.29,76.65,28-04-23-08-47-52-367
84.36,-0.82,90.62,76.80,28-04-23-08-47-52-400
84.26,-0.68,89.14,76.94,28-04-23-08-47-52-433
84.21,-0.57,88.00,77.01,28-04-23-08-47-52-470
84.15,-0.48,87.04,77.04,28-04-23-08-47-52-502
84.08,-0.41,86.23,77.06,28-04-23-08-47-52-535
84.01,-0.33,85.40,77.09,28-04-23-08-47-52-568
83.91,-0.26,84.61,77.12,28-04-23-08-47-52-601
83.77,-0.14,83.36,77.21,28-04-23-08-47-52-634
83.46,0.07,81.37,77.45,28-04-23-08-47-52-673
83.03,0.31,79.07,77.81,28-04-23-08-47-52-701
82.26,0.71,75.66,78.49,28-04-23-08-47-52-735
81.27,1.08,72.78,79.44,28-04-23-08-47-52-768
80.11,1.54,70.02,80.62,28-04-23-08-47-52-800
79.13,1.98,67.17,81.52,28-04-23-08-47-52-833
78.39,2.57,63.68,82.07,28-04-23-08-47-52-867
77.88,3.26,59.29,82.17,28-04-23-08-47-52-902
77.37,4.28,54.01,82.18,28-04-23-08-47-52-935
76.07,4.87,51.79,83.15,28-04-23-08-47-52-965
74.74,5.16,49.93,83.67,28-04-23-08-47-53-002
73.64,5.68,47.14,83.69,28-04-23-08-47-53-033
72.18,9.23,39.56,83.82,28-04-23-08-47-53-070
71.20,12.21,34.67,83.81,28-04-23-08-47-53-101
70.41,14.56,31.30,83.55,28-04-23-08-47-53-135
69.79,16.49,28.98,83.47,28-04-23-08-47-53-167
69.25,18.25,26.89,83.21,28-04-23-08-47-53-202
68.75,20.00,24.91,82.84,28-04-23-08-47-53-233
68.44,21.47,23.23,82.36,28-04-23-08-47-53-271
68.37,22.28,22.23,81.70,28-04-23-08-47-53-300
68.40,22.77,21.48,80.97,28-04-23-08-47-53-335
68.45,23.00,21.23,80.10,28-04-23-08-47-53-365
68.67,23.24,21.32,78.43,28-04-23-08-47-53-402
68.77,23.41,23.19,75.16,28-04-23-08-47-53-435
68.84,23.70,25.58,71.51,28-04-23-08-47-53-466
68.88,23.66,31.12,65.57,28-04-23-08-47-53-502
71.61,21.12,31.75,54.12,28-04-23-08-47-53-534
73.48,19.54,29.81,43.36,28-04-23-08-47-53-565
75.12,18.34,26.32,37.13,28-04-23-08-47-53-604
76.72,17.46,22.96,31.87,28-04-23-08-47-53-632
79.80,16.83,666.00,24.68,28-04-23-08-47-53-666
81.71,16.30,666.00,19.36,28-04-23-08-47-53-702
83.61,15.71,666.00,14.30,28-04-23-08-47-53-732
85.47,14.56,666.00,9.80,28-04-23-08-47-53-766
87.15,13.75,666.00,6.25,28-04-23-08-47-53-801
88.20,12.96,666.00,5.18,28-04-23-08-47-53-832
88.82,12.23,666.00,5.79,28-04-23-08-47-53-866
89.33,11.60,666.00,6.46,28-04-23-08-47-53-901
89.51,10.85,666.00,6.83,28-04-23-08-47-53-933
89.53,10.18,666.00,7.21,28-04-23-08-47-53-966
89.54,9.58,666.00,7.47,28-04-23-08-47-54-001
89.54,9.06,666.00,7.67,28-04-23-08-47-54-035
89.51,8.70,666.00,7.71,28-04-23-08-47-54-068
89.36,8.65,666.00,7.00,28-04-23-08-47-54-100
89.11,8.61,666.00,8.52,28-04-23-08-47-54-135
88.80,8.64,666.00,15.93,28-04-23-08-47-54-165
88.46,8.40,666.00,22.18,28-04-23-08-47-54-201
88.16,8.17,-6.85,30.55,28-04-23-08-47-54-235
87.59,8.36,7.42,47.06,28-04-23-08-47-54-264
87.22,8.36,13.89,61.28,28-04-23-08-47-54-301
86.98,8.19,19.04,77.66,28-04-23-08-47-54-333
87.25,8.16,19.91,89.06,28-04-23-08-47-54-367
89.65,8.83,5.84,99.34,28-04-23-08-47-54-401
91.69,9.22,-4.91,110.63,28-04-23-08-47-54-435
99.38,10.32,-34.58,113.54,28-04-23-08-47-54-465
101.61,10.74,-38.11,119.80,28-04-23-08-47-54-499
102.80,10.79,-39.79,123.51,28-04-23-08-47-54-533
103.22,10.65,-40.14,126.18,28-04-23-08-47-54-567
102.62,10.25,-39.16,128.31,28-04-23-08-47-54-601
100.53,9.75,-35.67,129.16,28-04-23-08-47-54-633
98.60,9.24,-31.73,129.22,28-04-23-08-47-54-665
97.11,8.53,-28.84,129.08,28-04-23-08-47-54-700
96.01,7.91,-26.13,127.20,28-04-23-08-47-54-733
95.23,7.10,-24.83,121.66,28-04-23-08-47-54-765
94.73,6.37,-26.33,109.64,28-04-23-08-47-54-804
94.47,5.69,-28.19,100.76,28-04-23-08-47-54-835
94.33,5.16,-29.91,90.82,28-04-23-08-47-54-866
94.27,4.72,-32.49,86.41,28-04-23-08-47-54-902
94.20,4.17,-36.70,80.79,28-04-23-08-47-54-931
94.24,3.06,-48.58,68.32,28-04-23-08-47-54-967
94.37,1.53,-68.35,59.96,28-04-23-08-47-55-000
94.56,0.32,-86.28,53.98,28-04-23-08-47-55-033
94.78,-0.62,-100.98,45.59,28-04-23-08-47-55-065
95.62,-1.87,-115.79,41.52,28-04-23-08-47-55-103
96.33,-2.82,-124.50,38.89,28-04-23-08-47-55-133
96.89,-3.50,-129.70,36.28,28-04-23-08-47-55-164
97.41,-3.91,-131.88,32.29,28-04-23-08-47-55-201
97.71,-4.17,666.00,28.23,28-04-23-08-47-55-233
97.89,-4.34,666.00,24.25,28-04-23-08-47-55-266
97.99,-4.47,666.00,20.86,28-04-23-08-47-55-299
97.96,-4.54,666.00,18.30,28-04-23-08-47-55-333
97.81,-4.56,666.00,14.78,28-04-23-08-47-55-367
97.55,-4.54,666.00,12.33,28-04-23-08-47-55-397
97.24,-4.49,666.00,9.22,28-04-23-08-47-55-432
96.92,-4.41,666.00,8.32,28-04-23-08-47-55-468
96.61,-4.31,666.00,7.81,28-04-23-08-47-55-500
96.38,-4.23,666.00,8.54,28-04-23-08-47-55-534
96.26,-4.13,666.00,10.77,28-04-23-08-47-55-566
96.56,-3.94,666.00,13.14,28-04-23-08-47-55-599
98.57,-3.78,666.00,12.30,28-04-23-08-47-55-633
102.01,-3.61,666.00,12.87,28-04-23-08-47-55-668
106.73,-3.30,666.00,6.49,28-04-23-08-47-55-701
110.06,-2.89,666.00,4.28,28-04-23-08-47-55-734
111.89,-2.75,666.00,6.14,28-04-23-08-47-55-765
113.33,-2.67,666.00,8.54,28-04-23-08-47-55-799
114.12,-2.59,666.00,10.02,28-04-23-08-47-55-833
114.40,-2.65,666.00,10.84,28-04-23-08-47-55-865
114.60,-2.65,666.00,11.09,28-04-23-08-47-55-899
114.71,-2.71,666.00,11.30,28-04-23-08-47-55-934
114.74,-2.85,666.00,11.28,28-04-23-08-47-55-967
114.76,-2.98,666.00,11.21,28-04-23-08-47-56-000
114.69,-3.22,666.00,11.07,28-04-23-08-47-56-035
114.61,-3.45,666.00,10.87,28-04-23-08-47-56-067
114.53,-3.63,666.00,10.75,28-04-23-08-47-56-100
114.46,-3.79,666.00,10.68,28-04-23-08-47-56-133
114.38,-3.92,666.00,10.63,28-04-23-08-47-56-166
114.23,-4.11,666.00,10.58,28-04-23-08-47-56-199
114.05,-4.36,666.00,10.93,28-04-23-08-47-56-234
113.81,-4.68,666.00,11.21,28-04-23-08-47-56-265
113.57,-5.07,666.00,11.79,28-04-23-08-47-56-299
113.41,-5.31,666.00,11.94,28-04-23-08-47-56-335
113.26,-5.51,666.00,11.98,28-04-23-08-47-56-365
113.13,-5.67,666.00,11.94,28-04-23-08-47-56-400
113.04,-5.81,666.00,11.83,28-04-23-08-47-56-435
113.25,-5.75,666.00,11.97,28-04-23-08-47-56-469
113.64,-5.61,666.00,11.68,28-04-23-08-47-56-503
114.15,-5.52,666.00,10.39,28-04-23-08-47-56-537
114.68,-5.47,666.00,9.97,28-04-23-08-47-56-566
115.89,-5.08,666.00,10.17,28-04-23-08-47-56-599
116.72,-4.86,666.00,4.08,28-04-23-08-47-56-633
117.83,-4.33,666.00,6.63,28-04-23-08-47-56-666
118.56,-3.38,666.00,12.25,28-04-23-08-47-56-700
118.92,-3.15,666.00,24.59,28-04-23-08-47-56-734
119.00,-2.85,-84.81,34.61,28-04-23-08-47-56-764
119.06,-2.64,-83.71,48.79,28-04-23-08-47-56-800
119.20,-2.52,-82.93,54.97,28-04-23-08-47-56-833
119.37,-2.43,-81.47,67.43,28-04-23-08-47-56-866
119.54,-2.42,-80.55,77.44,28-04-23-08-47-56-897
119.92,-2.57,-80.26,89.39,28-04-23-08-47-56-944
120.37,-2.75,-80.48,100.17,28-04-23-08-47-56-965
120.71,-2.80,-80.52,105.69,28-04-23-08-47-56-999
121.01,-2.76,-80.59,112.07,28-04-23-08-47-57-034
121.32,-2.68,-80.24,115.01,28-04-23-08-47-57-066
121.67,-2.28,-79.40,116.90,28-04-23-08-47-57-099
121.97,-1.80,-77.38,119.32,28-04-23-08-47-57-135
122.12,-1.16,-75.59,120.58,28-04-23-08-47-57-166
122.22,-0.61,-74.42,120.99,28-04-23-08-47-57-200
122.36,-0.24,-72.63,120.66,28-04-23-08-47-57-231
122.47,-0.04,-71.44,120.22,28-04-23-08-47-57-266
122.67,0.08,-70.69,119.73,28-04-23-08-47-57-299
122.86,0.14,-70.47,119.22,28-04-23-08-47-57-333
123.03,0.17,-75.04,115.47,28-04-23-08-47-57-365
123.20,0.18,-77.21,113.62,28-04-23-08-47-57-400
123.38,0.18,-78.44,112.49,28-04-23-08-47-57-434
123.51,0.20,-79.20,111.79,28-04-23-08-47-57-468
123.60,0.23,-79.69,111.32,28-04-23-08-47-57-498
123.69,0.25,-79.99,110.92,28-04-23-08-47-57-533
123.81,0.20,-80.04,110.29,28-04-23-08-47-57-564
123.96,0.14,-79.95,109.70,28-04-23-08-47-57-600
124.09,0.04,-79.89,109.18,28-04-23-08-47-57-635
124.21,-0.02,-79.85,108.85,28-04-23-08-47-57-665
124.32,-0.10,-79.85,108.56,28-04-23-08-47-57-699
124.38,-0.16,-79.83,108.34,28-04-23-08-47-57-733
124.41,-0.22,-79.82,108.20,28-04-23-08-47-57-766
124.47,-0.29,-79.86,108.05,28-04-23-08-47-57-800
124.60,-0.42,-79.96,107.87,28-04-23-08-47-57-831
124.76,-0.58,-80.10,107.66,28-04-23-08-47-57-866
124.90,-0.72,-80.21,107.49,28-04-23-08-47-57-900
124.96,-0.86,-80.36,107.40,28-04-23-08-47-57-932
124.99,-0.96,-80.49,107.36,28-04-23-08-47-57-967
124.98,-1.00,-80.54,107.33,28-04-23-08-47-58-001
124.96,-1.05,-80.44,107.07,28-04-23-08-47-58-032
124.96,-1.10,-80.42,106.79,28-04-23-08-47-58-066
124.97,-1.14,-80.43,106.42,28-04-23-08-47-58-100
124.96,-1.19,-80.51,106.01,28-04-23-08-47-58-132
124.92,-1.27,-80.68,105.55,28-04-23-08-47-58-164
124.85,-1.35,-81.05,104.87,28-04-23-08-47-58-201
124.80,-1.43,-81.75,103.72,28-04-23-08-47-58-234
124.75,-1.54,-82.67,102.05,28-04-23-08-47-58-266
124.69,-1.70,-83.19,98.31,28-04-23-08-47-58-299
124.47,-2.10,-84.34,85.67,28-04-23-08-47-58-331
123.96,-2.75,-87.42,73.50,28-04-23-08-47-58-367
122.45,-3.63,-90.39,60.74,28-04-23-08-47-58-400
118.84,-4.81,-96.02,54.90,28-04-23-08-47-58-434
114.72,-5.96,-100.90,52.44,28-04-23-08-47-58-468
109.36,-7.75,-112.16,48.04,28-04-23-08-47-58-502
105.47,-8.84,-122.34,39.71,28-04-23-08-47-58-534
102.85,-9.42,-129.00,33.19,28-04-23-08-47-58-566
98.54,-9.96,666.00,25.53,28-04-23-08-47-58-600
94.39,-10.41,666.00,22.88,28-04-23-08-47-58-633
90.84,-10.43,666.00,20.43,28-04-23-08-47-58-664
87.59,-10.25,666.00,15.14,28-04-23-08-47-58-700
84.03,-9.91,666.00,10.72,28-04-23-08-47-58-735
80.44,-9.68,666.00,5.61,28-04-23-08-47-58-766
74.09,-9.14,666.00,7.85,28-04-23-08-47-58-800
68.69,-8.73,666.00,6.76,28-04-23-08-47-58-832
63.46,-8.50,666.00,11.51,28-04-23-08-47-58-865
59.29,-7.85,666.00,9.52,28-04-23-08-47-58-898
54.42,-7.07,666.00,13.85,28-04-23-08-47-58-933
50.34,-7.12,666.00,19.34,28-04-23-08-47-58-967
47.65,-6.82,666.00,22.98,28-04-23-08-47-58-998
46.00,-6.41,666.00,25.40,28-04-23-08-47-59-034
44.86,-6.07,666.00,27.25,28-04-23-08-47-59-066
44.20,-5.71,666.00,28.56,28-04-23-08-47-59-100
43.81,-5.26,666.00,29.50,28-04-23-08-47-59-132
43.36,-4.90,76.98,30.50,28-04-23-08-47-59-167
43.07,-4.37,75.63,31.38,28-04-23-08-47-59-201
42.90,-3.89,74.54,32.10,28-04-23-08-47-59-233
42.76,-3.25,73.76,32.83,28-04-23-08-47-59-267
42.75,-2.69,73.16,33.53,28-04-23-08-47-59-298
42.86,-2.23,72.69,34.54,28-04-23-08-47-59-333
43.01,-1.89,72.28,35.44,28-04-23-08-47-59-368
43.29,-1.53,71.65,36.92,28-04-23-08-47-59-400
43.64,-1.15,71.26,38.19,28-04-23-08-47-59-433
44.01,-0.69,71.02,39.29,28-04-23-08-47-59-468
44.44,-0.24,70.78,39.72,28-04-23-08-47-59-501
45.22,0.21,70.45,39.61,28-04-23-08-47-59-536
46.17,0.62,69.97,38.97,28-04-23-08-47-59-569
47.17,1.04,69.47,38.02,28-04-23-08-47-59-601
48.08,1.37,69.03,37.05,28-04-23-08-47-59-636
48.94,1.68,68.62,36.06,28-04-23-08-47-59-670
49.65,2.05,68.42,35.09,28-04-23-08-47-59-700
50.26,2.48,68.38,34.20,28-04-23-08-47-59-734
50.84,2.81,68.36,33.31,28-04-23-08-47-59-767
51.33,3.06,68.79,32.75,28-04-23-08-47-59-800
51.78,3.23,69.85,32.78,28-04-23-08-47-59-835
52.16,3.31,70.42,33.14,28-04-23-08-47-59-866
52.46,3.35,70.90,33.31,28-04-23-08-47-59-899
52.73,3.36,71.26,33.31,28-04-23-08-47-59-936
52.97,3.35,71.51,33.23,28-04-23-08-47-59-966
53.21,3.34,71.64,33.03,28-04-23-08-47-59-999
53.42,3.34,71.78,33.43,28-04-23-08-48-00-032
53.79,3.48,71.93,33.35,28-04-23-08-48-00-068
54.16,3.61,71.97,33.15,28-04-23-08-48-00-101
54.52,3.73,71.87,32.93,28-04-23-08-48-00-134
55.12,3.97,71.69,32.14,28-04-23-08-48-00-168
55.81,4.24,71.36,31.78,28-04-23-08-48-00-200
56.80,4.58,71.10,31.04,28-04-23-08-48-00-233
58.39,5.12,666.00,28.90,28-04-23-08-48-00-266
60.36,5.58,666.00,29.21,28-04-23-08-48-00-300
62.67,6.11,666.00,27.90,28-04-23-08-48-00-333
65.12,6.56,666.00,28.98,28-04-23-08-48-00-366
67.17,6.74,666.00,29.90,28-04-23-08-48-00-401
69.15,6.96,60.33,34.90,28-04-23-08-48-00-433
71.03,7.00,58.41,35.44,28-04-23-08-48-00-465
72.87,7.15,58.72,41.19,28-04-23-08-48-00-502
74.89,7.40,56.44,40.61,28-04-23-08-48-00-537
76.39,7.43,54.37,39.70,28-04-23-08-48-00-570
77.77,7.31,52.28,38.55,28-04-23-08-48-00-602
79.46,7.27,48.93,36.33,28-04-23-08-48-00-632
80.94,7.08,46.52,35.80,28-04-23-08-48-00-667
82.59,6.85,49.24,40.06,28-04-23-08-48-00-705
84.38,6.47,42.49,40.10,28-04-23-08-48-00-730
86.72,5.81,28.33,42.70,28-04-23-08-48-00-768
88.76,5.22,12.18,49.76,28-04-23-08-48-00-800
92.64,4.41,-33.49,48.65,28-04-23-08-48-00-833
95.80,3.86,-60.20,51.14,28-04-23-08-48-00-868
99.66,3.03,-76.65,53.96,28-04-23-08-48-00-899
102.23,2.55,-81.88,54.50,28-04-23-08-48-00-932
106.08,2.21,-85.59,53.36,28-04-23-08-48-00-968
109.08,1.92,-87.35,52.82,28-04-23-08-48-01-000
111.26,1.73,-88.06,53.31,28-04-23-08-48-01-033
113.18,1.62,-84.32,57.90,28-04-23-08-48-01-069
114.41,1.50,-84.50,58.96,28-04-23-08-48-01-101
115.18,1.40,-84.76,59.54,28-04-23-08-48-01-135
115.67,1.29,-85.37,59.72,28-04-23-08-48-01-166
115.98,1.14,-86.19,59.46,28-04-23-08-48-01-200
116.16,1.00,-87.03,58.87,28-04-23-08-48-01-234
116.19,0.87,-87.63,57.33,28-04-23-08-48-01-269
116.09,0.74,-88.37,54.71,28-04-23-08-48-01-300
115.73,0.63,-89.08,49.84,28-04-23-08-48-01-334
115.07,0.54,-91.25,36.34,28-04-23-08-48-01-365
114.03,0.36,-90.58,32.34,28-04-23-08-48-01-403
113.00,0.21,-90.71,30.92,28-04-23-08-48-01-434
111.96,0.10,666.00,29.85,28-04-23-08-48-01-467
110.91,-0.03,666.00,28.31,28-04-23-08-48-01-502
110.00,-0.17,666.00,18.02,28-04-23-08-48-01-531
109.24,-0.25,666.00,14.79,28-04-23-08-48-01-568
108.71,-0.31,666.00,13.41,28-04-23-08-48-01-600
108.32,-0.35,666.00,11.99,28-04-23-08-48-01-636
107.92,-0.40,666.00,10.18,28-04-23-08-48-01-667
107.64,-0.43,666.00,9.23,28-04-23-08-48-01-702
107.51,-0.42,666.00,8.67,28-04-23-08-48-01-732
107.48,-0.38,666.00,8.06,28-04-23-08-48-01-769
107.52,-0.32,666.00,7.55,28-04-23-08-48-01-802
107.63,-0.23,666.00,7.07,28-04-23-08-48-01-832
107.93,-0.08,666.00,6.38,28-04-23-08-48-01-868
108.15,0.02,666.00,6.00,28-04-23-08-48-01-897
108.43,0.12,666.00,5.70,28-04-23-08-48-01-932
108.90,0.31,666.00,5.29,28-04-23-08-48-01-981
109.24,0.49,666.00,4.19,28-04-23-08-48-02-001
109.37,0.64,666.00,3.91,28-04-23-08-48-02-033
109.18,0.66,666.00,2.04,28-04-23-08-48-02-065
108.93,0.68,666.00,2.43,28-04-23-08-48-02-101
108.58,0.63,666.00,3.26,28-04-23-08-48-02-135
108.17,0.88,666.00,4.29,28-04-23-08-48-02-165
107.87,1.06,666.00,5.84,28-04-23-08-48-02-201
107.56,1.16,666.00,10.66,28-04-23-08-48-02-232
107.27,1.13,666.00,14.24,28-04-23-08-48-02-267
106.82,0.77,666.00,16.68,28-04-23-08-48-02-300
105.33,-0.94,666.00,22.18,28-04-23-08-48-02-333
102.42,-3.89,-132.32,33.78,28-04-23-08-48-02-365
98.69,-6.76,-158.68,52.52,28-04-23-08-48-02-399
86.19,-16.20,125.04,82.33,28-04-23-08-48-02-431
68.18,-29.83,91.28,114.03,28-04-23-08-48-02-465
61.33,-32.50,65.08,125.77,28-04-23-08-48-02-500
43.83,-32.61,30.47,124.90,28-04-23-08-48-02-532
39.13,-33.97,18.68,112.44,28-04-23-08-48-02-566
37.37,-35.73,8.40,98.97,28-04-23-08-48-02-599
26.37,-23.31,-4.52,77.54,28-04-23-08-48-02-633
15.48,21.67,-4.59,43.96,28-04-23-08-48-02-664
16.83,55.57,666.00,21.82,28-04-23-08-48-02-701
16.30,58.61,666.00,11.54,28-04-23-08-48-02-736
13.40,40.19,666.00,9.22,28-04-23-08-48-02-766
12.88,26.79,666.00,2.76,28-04-23-08-48-02-802
13.78,12.70,666.00,3.23,28-04-23-08-48-02-835
17.23,-4.47,666.00,3.08,28-04-23-08-48-02-866
19.96,-11.60,666.00,4.32,28-04-23-08-48-02-898
23.32,-16.84,666.00,5.76,28-04-23-08-48-02-932
