10.71,-16.70,666.00,26.19,22-05-23-08-21-04-850
10.69,-16.70,666.00,26.17,22-05-23-08-21-04-860
10.67,-16.70,666.00,26.15,22-05-23-08-21-04-897
10.65,-16.70,666.00,26.13,22-05-23-08-21-04-927
10.62,-16.65,666.00,26.10,22-05-23-08-21-04-960
10.61,-16.69,666.00,26.05,22-05-23-08-21-04-996
10.67,-17.11,666.00,25.61,22-05-23-08-21-05-027
10.84,-18.00,666.00,25.62,22-05-23-08-21-05-061
11.64,-19.68,666.00,26.57,22-05-23-08-21-05-096
14.23,-21.87,666.00,28.86,22-05-23-08-21-05-126
16.94,-22.03,666.00,29.47,22-05-23-08-21-05-161
20.63,-19.83,666.00,28.53,22-05-23-08-21-05-194
23.33,-18.39,666.00,29.09,22-05-23-08-21-05-223
26.27,-17.26,666.00,28.76,22-05-23-08-21-05-260
29.55,-15.28,666.00,26.88,22-05-23-08-21-05-294
32.72,-13.26,666.00,27.94,22-05-23-08-21-05-328
36.15,-11.56,666.00,26.19,22-05-23-08-21-05-362
39.04,-10.30,666.00,27.35,22-05-23-08-21-05-392
41.88,-9.58,666.00,26.68,22-05-23-08-21-05-426
44.97,-9.42,666.00,25.70,22-05-23-08-21-05-462
48.08,-9.35,666.00,24.28,22-05-23-08-21-05-494
51.18,-9.22,666.00,23.98,22-05-23-08-21-05-529
53.89,-9.17,666.00,22.52,22-05-23-08-21-05-560
56.20,-9.12,666.00,22.03,22-05-23-08-21-05-593
58.54,-9.05,666.00,23.64,22-05-23-08-21-05-627
61.31,-9.10,666.00,23.56,22-05-23-08-21-05-660
63.07,-9.08,666.00,24.30,22-05-23-08-21-05-693
64.76,-11.02,666.00,23.39,22-05-23-08-21-05-729
66.29,-15.63,666.00,24.66,22-05-23-08-21-05-761
68.22,-15.59,666.00,23.36,22-05-23-08-21-05-794
69.50,-15.13,666.00,23.67,22-05-23-08-21-05-827
70.63,-14.34,666.00,24.75,22-05-23-08-21-05-860
71.39,-14.14,666.00,25.14,22-05-23-08-21-05-894
73.22,-12.80,666.00,21.89,22-05-23-08-21-05-925
74.68,-11.61,666.00,21.11,22-05-23-08-21-05-962
75.78,-10.71,666.00,22.72,22-05-23-08-21-05-993
76.69,-10.19,174.50,30.89,22-05-23-08-21-06-030
77.54,-9.70,666.00,25.27,22-05-23-08-21-06-060
78.27,-9.38,666.00,26.49,22-05-23-08-21-06-092
79.01,-9.61,666.00,29.55,22-05-23-08-21-06-127
80.20,-9.74,666.00,29.28,22-05-23-08-21-06-160
81.26,-9.46,666.00,24.85,22-05-23-08-21-06-191
82.13,-9.14,666.00,23.63,22-05-23-08-21-06-227
82.84,-8.99,666.00,22.72,22-05-23-08-21-06-260
83.40,-8.90,666.00,22.24,22-05-23-08-21-06-293
83.79,-8.92,666.00,22.95,22-05-23-08-21-06-327
84.07,-8.95,666.00,23.24,22-05-23-08-21-06-363
84.33,-9.00,666.00,23.19,22-05-23-08-21-06-396
84.51,-9.09,666.00,23.10,22-05-23-08-21-06-424
84.64,-9.23,666.00,22.72,22-05-23-08-21-06-462
84.72,-9.37,666.00,22.50,22-05-23-08-21-06-496
84.77,-9.54,666.00,20.06,22-05-23-08-21-06-527
84.82,-9.69,666.00,17.78,22-05-23-08-21-06-557
84.85,-9.82,666.00,13.37,22-05-23-08-21-06-593
84.85,-9.85,666.00,12.23,22-05-23-08-21-06-627
84.80,-9.68,666.00,7.46,22-05-23-08-21-06-661
84.71,-9.33,666.00,7.92,22-05-23-08-21-06-694
84.58,-8.93,666.00,8.60,22-05-23-08-21-06-727
84.42,-8.49,666.00,25.10,22-05-23-08-21-06-759
84.22,-8.04,666.00,27.46,22-05-23-08-21-06-795
83.83,-7.42,666.00,27.92,22-05-23-08-21-06-827
83.46,-6.90,163.97,32.59,22-05-23-08-21-06-857
83.08,-6.51,157.41,36.00,22-05-23-08-21-06-895
82.64,-6.19,152.69,38.91,22-05-23-08-21-06-928
82.14,-5.96,148.21,43.06,22-05-23-08-21-06-959
81.56,-5.84,140.67,45.85,22-05-23-08-21-06-997
81.04,-5.85,136.85,48.42,22-05-23-08-21-07-027
80.60,-5.95,133.20,51.31,22-05-23-08-21-07-061
80.15,-6.11,129.78,51.71,22-05-23-08-21-07-095
79.69,-6.30,127.90,52.90,22-05-23-08-21-07-127
79.31,-6.60,133.65,72.50,22-05-23-08-21-07-160
78.57,-6.71,131.53,76.63,22-05-23-08-21-07-192
77.85,-6.87,132.30,85.85,22-05-23-08-21-07-226
77.37,-7.17,135.96,92.39,22-05-23-08-21-07-262
77.05,-7.44,137.71,98.24,22-05-23-08-21-07-292
76.82,-7.64,136.84,104.40,22-05-23-08-21-07-326
76.69,-7.85,137.07,113.25,22-05-23-08-21-07-362
76.62,-8.04,140.63,122.45,22-05-23-08-21-07-393
76.59,-8.16,141.73,126.33,22-05-23-08-21-07-426
76.59,-8.25,141.11,133.53,22-05-23-08-21-07-459
76.67,-8.24,141.32,135.70,22-05-23-08-21-07-493
76.77,-8.18,140.86,137.41,22-05-23-08-21-07-526
76.91,-8.08,140.46,138.49,22-05-23-08-21-07-561
77.09,-7.94,139.74,139.17,22-05-23-08-21-07-595
77.28,-7.79,138.90,139.49,22-05-23-08-21-07-627
77.45,-7.64,138.02,139.56,22-05-23-08-21-07-661
77.64,-7.42,136.96,139.50,22-05-23-08-21-07-695
77.82,-7.21,136.00,139.32,22-05-23-08-21-07-726
77.99,-7.00,135.13,139.09,22-05-23-08-21-07-758
78.15,-6.81,134.48,138.85,22-05-23-08-21-07-791
78.30,-6.61,132.88,133.50,22-05-23-08-21-07-827
78.41,-6.41,132.04,131.56,22-05-23-08-21-07-862
78.48,-6.24,131.10,130.76,22-05-23-08-21-07-893
78.55,-6.20,130.66,129.23,22-05-23-08-21-07-928
78.60,-6.20,127.64,124.32,22-05-23-08-21-07-958
78.59,-6.17,126.01,121.04,22-05-23-08-21-07-994
78.60,-6.16,124.98,117.53,22-05-23-08-21-08-026
78.66,-6.20,123.36,107.71,22-05-23-08-21-08-057
78.79,-6.35,123.52,102.63,22-05-23-08-21-08-092
78.96,-6.54,123.98,98.05,22-05-23-08-21-08-127
79.15,-6.77,125.14,94.85,22-05-23-08-21-08-160
79.61,-7.11,127.47,91.86,22-05-23-08-21-08-196
80.58,-7.60,128.18,81.54,22-05-23-08-21-08-228
81.59,-7.97,132.27,75.92,22-05-23-08-21-08-257
82.39,-8.38,136.35,70.55,22-05-23-08-21-08-299
83.48,-8.69,141.74,66.05,22-05-23-08-21-08-327
84.40,-8.98,145.57,58.81,22-05-23-08-21-08-359
85.06,-9.22,148.77,54.61,22-05-23-08-21-08-394
85.54,-9.36,151.78,51.92,22-05-23-08-21-08-427
85.99,-9.51,157.06,49.26,22-05-23-08-21-08-461
86.54,-9.65,160.32,45.38,22-05-23-08-21-08-493
87.15,-9.66,164.06,41.77,22-05-23-08-21-08-527
87.79,-9.52,167.59,38.40,22-05-23-08-21-08-560
88.37,-9.30,170.94,35.15,22-05-23-08-21-08-594
88.90,-8.99,666.00,29.26,22-05-23-08-21-08-630
89.45,-8.53,666.00,25.61,22-05-23-08-21-08-662
89.91,-8.09,666.00,21.22,22-05-23-08-21-08-694
90.34,-7.58,666.00,15.15,22-05-23-08-21-08-729
90.65,-7.19,666.00,11.72,22-05-23-08-21-08-760
90.85,-6.92,666.00,8.22,22-05-23-08-21-08-792
90.96,-6.74,666.00,5.97,22-05-23-08-21-08-826
91.03,-6.64,666.00,7.92,22-05-23-08-21-08-860
91.05,-6.59,666.00,11.55,22-05-23-08-21-08-894
91.03,-6.56,666.00,12.77,22-05-23-08-21-08-924
90.97,-6.56,666.00,13.47,22-05-23-08-21-08-961
90.86,-6.57,666.00,13.82,22-05-23-08-21-08-995
90.57,-6.64,666.00,13.77,22-05-23-08-21-09-027
90.20,-6.36,666.00,14.15,22-05-23-08-21-09-060
89.19,-6.87,666.00,11.82,22-05-23-08-21-09-094
88.40,-7.28,666.00,10.95,22-05-23-08-21-09-127
87.79,-7.62,666.00,10.11,22-05-23-08-21-09-161
87.37,-7.88,666.00,9.77,22-05-23-08-21-09-194
87.04,-8.10,666.00,9.65,22-05-23-08-21-09-224
86.78,-8.27,666.00,9.83,22-05-23-08-21-09-261
86.56,-8.42,666.00,10.38,22-05-23-08-21-09-293
86.36,-8.55,666.00,11.26,22-05-23-08-21-09-327
86.18,-8.65,666.00,16.41,22-05-23-08-21-09-362
86.01,-8.73,666.00,19.37,22-05-23-08-21-09-393
85.87,-8.76,666.00,22.95,22-05-23-08-21-09-427
85.74,-8.79,666.00,25.58,22-05-23-08-21-09-462
85.58,-8.78,158.22,30.19,22-05-23-08-21-09-494
85.29,-8.78,156.46,35.97,22-05-23-08-21-09-524
86.52,-8.28,164.59,46.32,22-05-23-08-21-09-563
85.47,-7.79,157.64,58.34,22-05-23-08-21-09-594
84.55,-7.44,152.10,61.03,22-05-23-08-21-09-625
83.82,-7.20,148.02,65.05,22-05-23-08-21-09-663
83.24,-7.12,146.88,73.56,22-05-23-08-21-09-698
82.82,-7.07,144.25,76.27,22-05-23-08-21-09-727
82.49,-7.06,142.71,79.29,22-05-23-08-21-09-760
82.19,-7.16,141.77,81.19,22-05-23-08-21-09-795
81.98,-7.27,143.60,90.41,22-05-23-08-21-09-828
81.86,-7.34,144.32,93.34,22-05-23-08-21-09-858
81.76,-7.41,145.80,98.39,22-05-23-08-21-09-891
81.68,-7.49,146.75,103.17,22-05-23-08-21-09-925
81.65,-7.59,148.54,112.68,22-05-23-08-21-09-959
81.53,-7.72,149.33,117.20,22-05-23-08-21-09-993
81.40,-7.84,150.63,126.38,22-05-23-08-21-10-030
81.29,-7.95,150.77,129.15,22-05-23-08-21-10-061
81.18,-8.04,150.75,130.89,22-05-23-08-21-10-095
81.07,-8.13,150.67,132.07,22-05-23-08-21-10-127
80.98,-8.20,150.48,132.76,22-05-23-08-21-10-161
80.90,-8.26,150.19,133.15,22-05-23-08-21-10-195
80.83,-8.30,149.83,133.32,22-05-23-08-21-10-226
80.78,-8.31,149.42,133.39,22-05-23-08-21-10-262
80.76,-8.30,149.03,133.39,22-05-23-08-21-10-297
80.74,-8.25,148.56,133.39,22-05-23-08-21-10-328
80.74,-8.19,148.06,133.36,22-05-23-08-21-10-360
80.74,-8.10,148.08,133.06,22-05-23-08-21-10-392
80.75,-7.99,148.02,132.82,22-05-23-08-21-10-427
80.78,-7.87,147.11,132.24,22-05-23-08-21-10-461
80.81,-7.75,146.34,131.73,22-05-23-08-21-10-494
80.83,-7.63,145.50,131.12,22-05-23-08-21-10-526
80.85,-7.50,144.22,130.38,22-05-23-08-21-10-560
80.82,-7.41,142.14,127.40,22-05-23-08-21-10-593
80.79,-7.32,138.04,117.54,22-05-23-08-21-10-628
80.76,-7.24,136.16,112.39,22-05-23-08-21-10-659
80.73,-7.17,134.70,108.34,22-05-23-08-21-10-691
80.71,-7.12,133.89,103.47,22-05-23-08-21-10-726
80.75,-7.08,133.45,100.47,22-05-23-08-21-10-760
80.78,-7.07,132.88,97.23,22-05-23-08-21-10-792
80.92,-7.04,131.48,88.10,22-05-23-08-21-10-829
81.20,-7.01,132.02,83.94,22-05-23-08-21-10-859
81.56,-6.99,133.05,81.00,22-05-23-08-21-10-891
82.11,-7.08,135.01,77.26,22-05-23-08-21-10-927
82.77,-7.25,137.70,71.51,22-05-23-08-21-10-964
83.44,-7.43,140.83,67.69,22-05-23-08-21-10-992
84.12,-7.66,144.53,64.57,22-05-23-08-21-11-027
84.81,-7.86,148.71,60.77,22-05-23-08-21-11-061
85.59,-8.11,153.44,56.94,22-05-23-08-21-11-094
86.27,-8.37,157.77,51.30,22-05-23-08-21-11-128
87.00,-8.51,161.86,46.43,22-05-23-08-21-11-161
87.71,-8.54,168.06,40.27,22-05-23-08-21-11-193
88.39,-8.46,172.88,37.12,22-05-23-08-21-11-227
88.94,-8.32,175.96,32.77,22-05-23-08-21-11-260
89.39,-8.14,666.00,27.74,22-05-23-08-21-11-296
89.70,-7.98,666.00,23.59,22-05-23-08-21-11-325
89.92,-7.83,666.00,21.09,22-05-23-08-21-11-360
90.07,-7.70,666.00,17.76,22-05-23-08-21-11-393
90.17,-7.54,666.00,15.81,22-05-23-08-21-11-426
90.23,-7.38,666.00,10.99,22-05-23-08-21-11-459
90.27,-7.22,666.00,7.83,22-05-23-08-21-11-494
90.28,-7.06,666.00,6.11,22-05-23-08-21-11-525
90.26,-6.91,666.00,6.77,22-05-23-08-21-11-560
90.21,-6.79,666.00,6.85,22-05-23-08-21-11-593
90.05,-6.63,666.00,7.31,22-05-23-08-21-11-626
89.75,-6.45,666.00,7.88,22-05-23-08-21-11-659
89.39,-6.29,666.00,8.41,22-05-23-08-21-11-692
89.01,-6.18,666.00,8.70,22-05-23-08-21-11-728
88.63,-6.10,666.00,8.71,22-05-23-08-21-11-761
88.26,-6.05,666.00,8.01,22-05-23-08-21-11-794
87.93,-6.00,666.00,8.91,22-05-23-08-21-11-825
87.64,-5.96,666.00,9.29,22-05-23-08-21-11-859
87.39,-5.95,666.00,9.98,22-05-23-08-21-11-894
87.17,-5.92,666.00,10.75,22-05-23-08-21-11-927
86.99,-5.88,666.00,11.36,22-05-23-08-21-11-963
86.81,-5.85,666.00,14.37,22-05-23-08-21-11-994
86.64,-5.82,666.00,20.83,22-05-23-08-21-12-028
86.48,-5.78,666.00,25.47,22-05-23-08-21-12-060
86.33,-5.73,666.00,28.23,22-05-23-08-21-12-092
86.19,-5.69,666.00,29.89,22-05-23-08-21-12-128
86.07,-5.65,147.47,31.76,22-05-23-08-21-12-160
85.97,-5.60,145.66,35.68,22-05-23-08-21-12-194
85.91,-5.56,144.83,37.67,22-05-23-08-21-12-227
85.85,-5.52,146.72,44.55,22-05-23-08-21-12-263
85.80,-5.49,147.03,47.31,22-05-23-08-21-12-293
85.75,-5.46,146.97,49.12,22-05-23-08-21-12-327
85.70,-5.43,147.09,51.01,22-05-23-08-21-12-357
85.63,-5.39,147.94,58.23,22-05-23-08-21-12-394
85.45,-5.35,147.69,68.93,22-05-23-08-21-12-429
85.25,-5.34,147.21,73.99,22-05-23-08-21-12-460
84.87,-5.38,145.42,76.94,22-05-23-08-21-12-495
84.44,-5.39,142.85,85.15,22-05-23-08-21-12-528
84.09,-5.41,141.34,89.38,22-05-23-08-21-12-560
83.82,-5.39,141.09,92.42,22-05-23-08-21-12-597
83.60,-5.39,140.90,98.32,22-05-23-08-21-12-626
83.42,-5.41,142.09,109.03,22-05-23-08-21-12-659
83.28,-5.45,142.93,114.00,22-05-23-08-21-12-695
83.15,-5.48,143.12,117.68,22-05-23-08-21-12-725
83.07,-5.51,144.41,125.06,22-05-23-08-21-12-759
82.99,-5.51,144.72,127.63,22-05-23-08-21-12-794
82.93,-5.50,145.42,130.93,22-05-23-08-21-12-826
82.90,-5.50,145.91,132.90,22-05-23-08-21-12-860
82.87,-5.51,146.33,134.20,22-05-23-08-21-12-895
82.86,-5.52,146.84,135.03,22-05-23-08-21-12-927
82.85,-5.56,147.37,135.52,22-05-23-08-21-12-960
82.83,-5.60,147.92,135.69,22-05-23-08-21-12-994
82.81,-5.65,148.41,135.66,22-05-23-08-21-13-027
82.79,-5.69,148.80,135.69,22-05-23-08-21-13-061
82.77,-5.75,149.13,135.75,22-05-23-08-21-13-094
82.73,-5.82,149.42,135.74,22-05-23-08-21-13-128
82.65,-5.91,149.92,133.96,22-05-23-08-21-13-163
82.56,-6.01,150.08,132.49,22-05-23-08-21-13-194
82.45,-6.11,148.87,129.26,22-05-23-08-21-13-228
82.31,-6.22,144.23,121.86,22-05-23-08-21-13-262
82.08,-6.39,141.38,111.96,22-05-23-08-21-13-294
81.86,-6.53,139.65,107.38,22-05-23-08-21-13-326
81.66,-6.67,138.34,104.68,22-05-23-08-21-13-362
81.51,-6.82,136.86,94.81,22-05-23-08-21-13-390
81.42,-6.97,136.23,91.75,22-05-23-08-21-13-427
82.35,-7.13,139.45,89.67,22-05-23-08-21-13-462
83.16,-7.21,142.29,87.44,22-05-23-08-21-13-494
83.62,-7.37,144.13,84.43,22-05-23-08-21-13-526
84.74,-7.12,148.45,80.53,22-05-23-08-21-13-560
85.56,-7.38,152.68,75.10,22-05-23-08-21-13-593
86.16,-7.60,155.93,71.61,22-05-23-08-21-13-628
86.54,-7.77,158.05,67.55,22-05-23-08-21-13-662
86.77,-7.86,159.08,63.42,22-05-23-08-21-13-692
86.92,-7.88,159.52,60.27,22-05-23-08-21-13-726
86.99,-7.85,158.86,55.36,22-05-23-08-21-13-759
87.00,-7.79,158.42,45.11,22-05-23-08-21-13-792
86.98,-7.69,158.01,41.51,22-05-23-08-21-13-828
86.91,-7.57,154.84,36.74,22-05-23-08-21-13-861
86.79,-7.41,152.45,33.71,22-05-23-08-21-13-893
86.66,-7.25,151.41,31.12,22-05-23-08-21-13-929
86.50,-7.05,666.00,28.55,22-05-23-08-21-13-962
86.38,-6.85,666.00,26.87,22-05-23-08-21-13-993
86.20,-6.64,666.00,24.14,22-05-23-08-21-14-024
86.07,-6.41,666.00,18.92,22-05-23-08-21-14-059
85.91,-6.18,666.00,16.63,22-05-23-08-21-14-094
85.77,-5.98,666.00,13.66,22-05-23-08-21-14-129
85.63,-5.80,666.00,11.81,22-05-23-08-21-14-161
85.52,-5.65,666.00,8.42,22-05-23-08-21-14-193
85.41,-5.52,666.00,6.84,22-05-23-08-21-14-225
85.28,-5.37,666.00,6.34,22-05-23-08-21-14-261
85.10,-5.19,666.00,5.21,22-05-23-08-21-14-296
84.86,-4.99,666.00,5.52,22-05-23-08-21-14-328
84.61,-4.80,666.00,5.55,22-05-23-08-21-14-361
84.34,-4.62,666.00,3.30,22-05-23-08-21-14-395
84.08,-4.45,666.00,3.84,22-05-23-08-21-14-424
83.83,-4.29,666.00,4.55,22-05-23-08-21-14-462
83.62,-4.16,666.00,5.31,22-05-23-08-21-14-494
83.43,-4.03,666.00,6.08,22-05-23-08-21-14-527
83.27,-3.91,666.00,6.24,22-05-23-08-21-14-560
83.12,-3.80,666.00,6.61,22-05-23-08-21-14-594
83.01,-3.72,666.00,7.13,22-05-23-08-21-14-627
82.92,-3.66,666.00,8.85,22-05-23-08-21-14-662
82.87,-3.62,666.00,9.89,22-05-23-08-21-14-692
82.83,-3.61,666.00,10.77,22-05-23-08-21-14-730
82.80,-3.61,666.00,13.78,22-05-23-08-21-14-759
82.78,-3.61,666.00,15.49,22-05-23-08-21-14-794
82.74,-3.62,666.00,16.76,22-05-23-08-21-14-826
82.71,-3.65,666.00,24.94,22-05-23-08-21-14-861
82.63,-3.69,666.00,29.32,22-05-23-08-21-14-893
82.53,-3.75,127.85,31.94,22-05-23-08-21-14-928
82.36,-3.83,125.88,33.53,22-05-23-08-21-14-960
82.22,-3.91,124.62,33.66,22-05-23-08-21-14-995
82.09,-3.96,123.28,34.39,22-05-23-08-21-15-027
81.98,-4.02,122.79,40.37,22-05-23-08-21-15-059
81.92,-4.08,123.21,43.77,22-05-23-08-21-15-094
81.88,-4.15,126.00,56.65,22-05-23-08-21-15-126
81.93,-4.22,127.21,61.40,22-05-23-08-21-15-159
81.95,-4.30,127.37,65.06,22-05-23-08-21-15-195
81.96,-4.38,127.55,67.50,22-05-23-08-21-15-226
81.91,-4.48,127.29,70.45,22-05-23-08-21-15-260
81.86,-4.62,127.50,73.52,22-05-23-08-21-15-292
81.79,-4.77,130.15,85.01,22-05-23-08-21-15-331
81.76,-4.86,133.82,98.09,22-05-23-08-21-15-363
81.75,-4.93,135.85,103.93,22-05-23-08-21-15-391
81.75,-4.99,136.68,108.42,22-05-23-08-21-15-424
81.77,-5.06,137.37,111.68,22-05-23-08-21-15-460
81.80,-5.12,138.32,115.71,22-05-23-08-21-15-491
81.84,-5.12,139.42,119.71,22-05-23-08-21-15-524
81.91,-5.03,139.46,127.10,22-05-23-08-21-15-560
81.99,-4.90,139.31,129.67,22-05-23-08-21-15-592
82.07,-4.68,138.63,132.45,22-05-23-08-21-15-628
82.15,-4.44,137.70,134.33,22-05-23-08-21-15-660
82.25,-4.14,136.42,135.55,22-05-23-08-21-15-691
82.34,-3.87,135.06,136.51,22-05-23-08-21-15-727
82.45,-3.54,133.27,137.17,22-05-23-08-21-15-761
82.57,-3.21,131.41,137.55,22-05-23-08-21-15-791
82.70,-2.89,129.45,137.71,22-05-23-08-21-15-824
82.80,-2.63,126.59,134.43,22-05-23-08-21-15-860
82.88,-2.42,124.73,133.14,22-05-23-08-21-15-895
82.94,-2.24,122.12,131.90,22-05-23-08-21-15-935
82.99,-2.08,121.08,129.80,22-05-23-08-21-15-960
83.02,-1.95,120.25,128.23,22-05-23-08-21-15-993
83.05,-1.83,119.39,126.73,22-05-23-08-21-16-029
83.05,-1.74,118.57,124.62,22-05-23-08-21-16-061
83.00,-1.68,117.91,121.85,22-05-23-08-21-16-094
82.91,-1.66,117.49,112.13,22-05-23-08-21-16-129
82.82,-1.66,116.38,107.40,22-05-23-08-21-16-162
82.65,-1.70,114.44,97.74,22-05-23-08-21-16-194
82.45,-1.84,113.87,94.18,22-05-23-08-21-16-228
82.26,-1.99,112.45,85.79,22-05-23-08-21-16-260
82.07,-2.19,112.60,83.40,22-05-23-08-21-16-294
81.93,-2.41,112.99,81.67,22-05-23-08-21-16-328
81.85,-2.60,111.40,74.01,22-05-23-08-21-16-360
81.81,-2.78,111.29,70.81,22-05-23-08-21-16-390
81.78,-2.95,114.73,70.86,22-05-23-08-21-16-430
81.78,-3.09,115.72,67.86,22-05-23-08-21-16-460
81.81,-3.21,116.58,65.93,22-05-23-08-21-16-490
81.86,-3.34,116.21,57.93,22-05-23-08-21-16-527
81.92,-3.46,113.97,48.87,22-05-23-08-21-16-558
82.00,-3.56,113.71,45.23,22-05-23-08-21-16-593
82.10,-3.65,114.28,42.38,22-05-23-08-21-16-623
82.21,-3.73,115.19,40.36,22-05-23-08-21-16-659
82.35,-3.80,116.91,37.46,22-05-23-08-21-16-693
82.49,-3.88,118.33,35.64,22-05-23-08-21-16-727
82.62,-3.94,119.32,32.86,22-05-23-08-21-16-763
82.75,-3.98,120.05,30.86,22-05-23-08-21-16-795
82.87,-4.00,666.00,29.09,22-05-23-08-21-16-827
82.98,-4.03,666.00,22.69,22-05-23-08-21-16-860
83.06,-4.08,666.00,20.05,22-05-23-08-21-16-894
83.13,-4.14,666.00,18.07,22-05-23-08-21-16-926
83.20,-4.21,666.00,14.95,22-05-23-08-21-16-962
83.27,-4.26,666.00,12.63,22-05-23-08-21-16-993
83.33,-4.28,666.00,11.13,22-05-23-08-21-17-025
83.39,-4.28,666.00,10.06,22-05-23-08-21-17-061
83.42,-4.27,666.00,8.31,22-05-23-08-21-17-091
83.45,-4.25,666.00,7.66,22-05-23-08-21-17-127
83.47,-4.15,666.00,7.58,22-05-23-08-21-17-160
83.50,-4.04,666.00,7.73,22-05-23-08-21-17-199
83.51,-3.86,666.00,8.09,22-05-23-08-21-17-225
83.52,-3.66,666.00,7.08,22-05-23-08-21-17-261
83.51,-3.48,666.00,5.94,22-05-23-08-21-17-293
83.49,-3.34,666.00,6.91,22-05-23-08-21-17-327
83.47,-3.25,666.00,7.89,22-05-23-08-21-17-361
83.44,-3.19,666.00,8.68,22-05-23-08-21-17-393
83.41,-3.14,666.00,9.56,22-05-23-08-21-17-427
83.39,-3.10,666.00,10.37,22-05-23-08-21-17-463
83.37,-3.08,666.00,11.34,22-05-23-08-21-17-495
83.35,-3.07,666.00,12.68,22-05-23-08-21-17-526
83.34,-3.07,666.00,15.46,22-05-23-08-21-17-559
83.32,-3.07,666.00,17.61,22-05-23-08-21-17-592
83.30,-3.08,666.00,19.82,22-05-23-08-21-17-623
83.29,-3.10,666.00,24.43,22-05-23-08-21-17-661
83.27,-3.12,666.00,26.39,22-05-23-08-21-17-695
84.67,-3.17,135.99,32.42,22-05-23-08-21-17-729
84.34,-3.61,134.12,35.84,22-05-23-08-21-17-757
83.93,-4.01,132.59,38.35,22-05-23-08-21-17-792
83.55,-4.30,131.13,40.08,22-05-23-08-21-17-826
83.16,-4.56,129.84,41.93,22-05-23-08-21-17-860
82.80,-4.79,128.84,44.88,22-05-23-08-21-17-892
82.50,-4.97,129.54,50.38,22-05-23-08-21-17-929
82.25,-5.15,130.04,54.69,22-05-23-08-21-17-959
82.08,-5.29,133.39,66.48,22-05-23-08-21-17-992
82.00,-5.37,133.24,70.72,22-05-23-08-21-18-029
81.95,-5.44,134.12,77.96,22-05-23-08-21-18-058
81.92,-5.51,134.29,80.32,22-05-23-08-21-18-095
81.91,-5.57,134.50,81.89,22-05-23-08-21-18-126
81.93,-5.61,137.03,91.19,22-05-23-08-21-18-160
81.96,-5.67,137.97,93.88,22-05-23-08-21-18-191
82.01,-5.72,139.08,101.19,22-05-23-08-21-18-224
82.05,-5.77,139.84,104.51,22-05-23-08-21-18-260
82.10,-5.83,141.65,113.38,22-05-23-08-21-18-295
82.15,-5.92,143.34,117.48,22-05-23-08-21-18-326
82.21,-6.00,145.89,125.61,22-05-23-08-21-18-359
82.28,-6.06,147.18,128.46,22-05-23-08-21-18-393
82.39,-6.10,148.41,130.42,22-05-23-08-21-18-426
82.60,-6.11,149.61,131.76,22-05-23-08-21-18-461
82.77,-6.11,150.59,132.65,22-05-23-08-21-18-490
82.93,-6.05,151.19,133.18,22-05-23-08-21-18-527
83.09,-5.98,151.68,133.36,22-05-23-08-21-18-563
83.24,-5.89,151.93,133.27,22-05-23-08-21-18-590
83.35,-5.78,151.94,133.09,22-05-23-08-21-18-625
83.46,-5.67,151.83,132.83,22-05-23-08-21-18-660
83.56,-5.55,151.67,132.55,22-05-23-08-21-18-692
83.66,-5.45,151.54,132.27,22-05-23-08-21-18-724
83.76,-5.38,151.59,132.00,22-05-23-08-21-18-758
83.82,-5.30,151.38,131.76,22-05-23-08-21-18-793
83.88,-5.23,151.21,131.62,22-05-23-08-21-18-829
83.91,-5.18,151.05,131.49,22-05-23-08-21-18-858
83.94,-5.13,151.25,129.51,22-05-23-08-21-18-893
83.95,-5.08,150.59,127.91,22-05-23-08-21-18-923
83.93,-5.04,149.76,125.99,22-05-23-08-21-18-959
83.91,-4.99,148.97,124.03,22-05-23-08-21-18-992
83.88,-4.96,147.36,119.11,22-05-23-08-21-19-027
83.86,-4.95,142.49,113.26,22-05-23-08-21-19-058
83.81,-4.93,138.45,105.50,22-05-23-08-21-19-095
83.74,-4.91,136.78,101.78,22-05-23-08-21-19-128
83.65,-4.86,136.17,97.72,22-05-23-08-21-19-160
83.57,-4.81,135.08,92.08,22-05-23-08-21-19-194
83.48,-4.80,134.51,89.09,22-05-23-08-21-19-227
84.14,-5.05,138.61,87.03,22-05-23-08-21-19-259
84.42,-5.70,142.60,83.60,22-05-23-08-21-19-291
84.62,-6.19,145.50,79.34,22-05-23-08-21-19-325
84.77,-6.56,147.81,69.93,22-05-23-08-21-19-359
84.89,-6.86,148.89,65.50,22-05-23-08-21-19-393
84.99,-7.06,149.51,62.40,22-05-23-08-21-19-424
85.02,-7.15,147.46,53.15,22-05-23-08-21-19-461
85.06,-7.17,146.65,48.93,22-05-23-08-21-19-493
85.11,-7.13,147.02,45.89,22-05-23-08-21-19-524
85.16,-7.04,149.83,43.29,22-05-23-08-21-19-560
85.24,-6.93,150.55,41.63,22-05-23-08-21-19-596
85.31,-6.84,152.84,39.00,22-05-23-08-21-19-624
85.33,-6.76,151.68,33.36,22-05-23-08-21-19-660
85.34,-6.70,666.00,27.32,22-05-23-08-21-19-694
85.35,-6.66,666.00,23.75,22-05-23-08-21-19-725
85.36,-6.62,666.00,21.97,22-05-23-08-21-19-758
85.36,-6.58,666.00,21.20,22-05-23-08-21-19-794
85.34,-6.54,666.00,17.59,22-05-23-08-21-19-824
85.32,-6.53,666.00,15.43,22-05-23-08-21-19-858
85.25,-6.49,666.00,13.53,22-05-23-08-21-19-896
85.20,-6.47,666.00,12.18,22-05-23-08-21-19-925
85.15,-6.45,666.00,8.69,22-05-23-08-21-19-962
85.09,-6.41,666.00,7.34,22-05-23-08-21-19-994
85.00,-6.35,666.00,6.84,22-05-23-08-21-20-025
84.91,-6.28,666.00,4.74,22-05-23-08-21-20-060
84.81,-6.17,666.00,4.72,22-05-23-08-21-20-096
84.70,-6.08,666.00,4.97,22-05-23-08-21-20-122
84.59,-5.97,666.00,5.31,22-05-23-08-21-20-159
84.43,-5.76,666.00,5.79,22-05-23-08-21-20-195
84.27,-5.60,666.00,6.28,22-05-23-08-21-20-225
84.12,-5.43,666.00,6.72,22-05-23-08-21-20-262
83.98,-5.26,666.00,7.25,22-05-23-08-21-20-294
83.86,-5.09,666.00,7.73,22-05-23-08-21-20-328
83.77,-4.91,666.00,8.34,22-05-23-08-21-20-359
83.69,-4.77,666.00,9.00,22-05-23-08-21-20-394
83.63,-4.63,666.00,10.18,22-05-23-08-21-20-426
83.56,-4.47,666.00,11.47,22-05-23-08-21-20-460
83.50,-4.34,666.00,13.54,22-05-23-08-21-20-494
83.44,-4.23,666.00,15.17,22-05-23-08-21-20-527
83.40,-4.12,666.00,16.72,22-05-23-08-21-20-560
83.37,-4.02,666.00,17.92,22-05-23-08-21-20-594
83.35,-3.85,666.00,19.30,22-05-23-08-21-20-627
83.33,-3.70,666.00,21.65,22-05-23-08-21-20-660
83.32,-3.54,666.00,28.59,22-05-23-08-21-20-695
83.32,-3.41,123.27,31.82,22-05-23-08-21-20-728
83.34,-3.29,121.83,33.94,22-05-23-08-21-20-759
83.37,-3.18,121.51,37.20,22-05-23-08-21-20-793
83.44,-3.07,121.72,40.36,22-05-23-08-21-20-827
83.53,-2.98,124.43,53.06,22-05-23-08-21-20-860
83.62,-2.91,126.95,64.47,22-05-23-08-21-20-897
83.72,-2.88,126.18,68.32,22-05-23-08-21-20-926
83.81,-2.87,127.40,77.47,22-05-23-08-21-20-959
83.89,-2.83,127.62,81.63,22-05-23-08-21-20-993
83.96,-2.85,128.47,87.08,22-05-23-08-21-21-029
84.02,-2.86,129.40,91.01,22-05-23-08-21-21-061
84.08,-2.84,131.79,98.61,22-05-23-08-21-21-091
84.14,-2.82,132.47,102.91,22-05-23-08-21-21-128
84.20,-2.89,133.64,106.22,22-05-23-08-21-21-158
84.26,-2.97,134.89,109.76,22-05-23-08-21-21-194
84.32,-3.10,136.56,111.60,22-05-23-08-21-21-227
84.37,-3.17,138.75,115.49,22-05-23-08-21-21-260
84.45,-3.30,140.74,117.17,22-05-23-08-21-21-294
84.54,-3.46,143.16,119.39,22-05-23-08-21-21-327
84.65,-3.62,145.46,120.88,22-05-23-08-21-21-361
84.82,-3.72,147.46,122.47,22-05-23-08-21-21-392
85.01,-3.80,149.54,123.51,22-05-23-08-21-21-427
85.16,-3.88,151.30,124.21,22-05-23-08-21-21-461
85.30,-3.96,152.84,124.82,22-05-23-08-21-21-492
85.45,-4.02,154.36,125.41,22-05-23-08-21-21-529
85.58,-4.01,155.28,126.02,22-05-23-08-21-21-560
85.70,-4.01,156.03,126.51,22-05-23-08-21-21-592
85.80,-4.00,156.68,126.92,22-05-23-08-21-21-627
85.88,-3.95,156.95,127.37,22-05-23-08-21-21-659
85.95,-3.87,156.99,127.50,22-05-23-08-21-21-694
85.99,-3.81,157.07,127.50,22-05-23-08-21-21-727
86.03,-3.75,156.97,127.84,22-05-23-08-21-21-762
86.04,-3.70,157.03,127.48,22-05-23-08-21-21-791
86.04,-3.64,156.67,127.06,22-05-23-08-21-21-823
86.03,-3.58,155.90,126.56,22-05-23-08-21-21-861
86.00,-3.54,152.94,120.45,22-05-23-08-21-21-900
85.97,-3.53,151.49,116.72,22-05-23-08-21-21-926
85.91,-3.54,149.17,111.59,22-05-23-08-21-21-961
85.83,-3.59,146.32,103.71,22-05-23-08-21-21-993
85.72,-3.67,143.62,98.14,22-05-23-08-21-22-025
85.61,-3.78,141.91,93.13,22-05-23-08-21-22-060
85.66,-3.97,142.70,90.49,22-05-23-08-21-22-093
85.59,-4.12,142.05,84.45,22-05-23-08-21-22-124
85.51,-4.27,141.86,80.26,22-05-23-08-21-22-161
85.43,-4.35,141.61,76.59,22-05-23-08-21-22-194
85.37,-4.44,140.10,69.94,22-05-23-08-21-22-227
85.31,-4.56,139.31,59.37,22-05-23-08-21-22-261
85.25,-4.66,139.15,55.16,22-05-23-08-21-22-294
85.19,-4.75,139.04,52.56,22-05-23-08-21-22-324
85.14,-4.83,136.99,47.33,22-05-23-08-21-22-361
85.09,-4.90,135.72,44.57,22-05-23-08-21-22-395
85.05,-4.96,135.09,42.09,22-05-23-08-21-22-428
85.01,-5.01,134.74,40.34,22-05-23-08-21-22-458
84.97,-5.03,134.87,38.28,22-05-23-08-21-22-492
84.94,-5.05,134.66,35.57,22-05-23-08-21-22-527
84.90,-5.03,134.30,33.23,22-05-23-08-21-22-561
84.85,-4.97,134.00,31.10,22-05-23-08-21-22-593
84.80,-4.88,666.00,28.37,22-05-23-08-21-22-626
84.75,-4.75,666.00,25.78,22-05-23-08-21-22-659
84.68,-4.57,666.00,22.78,22-05-23-08-21-22-693
84.62,-4.38,666.00,19.09,22-05-23-08-21-22-728
84.52,-4.23,666.00,15.43,22-05-23-08-21-22-759
84.44,-4.11,666.00,12.49,22-05-23-08-21-22-795
84.34,-4.02,666.00,8.76,22-05-23-08-21-22-825
84.24,-3.93,666.00,6.19,22-05-23-08-21-22-861
84.11,-3.79,666.00,6.03,22-05-23-08-21-22-894
83.98,-3.64,666.00,6.45,22-05-23-08-21-22-927
83.85,-3.46,666.00,6.24,22-05-23-08-21-22-963
83.70,-3.29,666.00,7.28,22-05-23-08-21-22-992
83.53,-3.17,666.00,8.09,22-05-23-08-21-23-028
83.22,-3.13,666.00,7.31,22-05-23-08-21-23-061
82.93,-3.09,666.00,7.84,22-05-23-08-21-23-092
82.67,-3.06,666.00,7.36,22-05-23-08-21-23-123
82.42,-3.07,666.00,8.06,22-05-23-08-21-23-161
82.21,-3.08,666.00,8.74,22-05-23-08-21-23-192
82.03,-3.10,666.00,9.34,22-05-23-08-21-23-226
81.88,-3.13,666.00,9.86,22-05-23-08-21-23-262
81.75,-3.17,666.00,10.57,22-05-23-08-21-23-293
81.65,-3.20,666.00,11.45,22-05-23-08-21-23-326
81.56,-3.24,666.00,12.61,22-05-23-08-21-23-360
81.46,-3.30,666.00,14.29,22-05-23-08-21-23-394
81.35,-3.39,666.00,17.76,22-05-23-08-21-23-426
81.20,-3.54,666.00,20.70,22-05-23-08-21-23-461
81.04,-3.72,666.00,28.26,22-05-23-08-21-23-493
80.82,-3.93,123.49,31.93,22-05-23-08-21-23-529
80.63,-4.12,121.91,34.22,22-05-23-08-21-23-558
80.47,-4.28,115.13,35.80,22-05-23-08-21-23-593
80.36,-4.40,117.13,39.63,22-05-23-08-21-23-627
80.28,-4.48,117.29,41.93,22-05-23-08-21-23-660
80.23,-4.54,117.67,43.80,22-05-23-08-21-23-694
80.18,-4.59,118.17,45.67,22-05-23-08-21-23-724
80.16,-4.63,118.51,48.90,22-05-23-08-21-23-760
80.16,-4.66,122.85,63.11,22-05-23-08-21-23-795
80.16,-4.70,123.35,70.38,22-05-23-08-21-23-827
80.17,-4.74,123.26,73.54,22-05-23-08-21-23-859
82.78,-4.50,130.98,79.77,22-05-23-08-21-23-890
83.29,-4.47,132.03,81.47,22-05-23-08-21-23-927
83.62,-4.49,133.96,87.46,22-05-23-08-21-23-959
83.88,-4.54,135.72,90.95,22-05-23-08-21-23-991
84.07,-4.60,137.73,92.51,22-05-23-08-21-24-025
84.24,-4.63,139.34,100.30,22-05-23-08-21-24-064
84.40,-4.69,141.16,105.83,22-05-23-08-21-24-095
84.51,-4.76,142.39,107.78,22-05-23-08-21-24-124
84.58,-4.82,146.29,117.49,22-05-23-08-21-24-160
84.61,-4.88,147.85,120.63,22-05-23-08-21-24-194
84.64,-4.93,148.97,122.60,22-05-23-08-21-24-227
84.65,-4.98,149.86,124.00,22-05-23-08-21-24-262
84.64,-5.02,150.49,125.06,22-05-23-08-21-24-293
84.63,-5.08,151.05,125.79,22-05-23-08-21-24-325
84.60,-5.13,151.49,126.27,22-05-23-08-21-24-361
84.56,-5.21,151.92,126.67,22-05-23-08-21-24-393
84.51,-5.30,152.30,126.93,22-05-23-08-21-24-426
84.47,-5.36,152.50,127.08,22-05-23-08-21-24-461
84.43,-5.41,152.59,127.14,22-05-23-08-21-24-493
84.38,-5.42,152.40,127.15,22-05-23-08-21-24-526
84.33,-5.39,152.10,126.53,22-05-23-08-21-24-560
84.27,-5.37,151.54,126.03,22-05-23-08-21-24-593
84.20,-5.33,150.69,125.80,22-05-23-08-21-24-626
84.14,-5.27,149.75,125.53,22-05-23-08-21-24-659
84.08,-5.24,147.95,123.09,22-05-23-08-21-24-693
84.02,-5.23,144.13,111.54,22-05-23-08-21-24-728
83.94,-5.23,141.53,104.54,22-05-23-08-21-24-759
83.86,-5.26,139.60,96.91,22-05-23-08-21-24-792
83.74,-5.33,138.46,91.47,22-05-23-08-21-24-824
83.64,-5.42,136.98,86.62,22-05-23-08-21-24-859
83.57,-5.54,136.56,83.15,22-05-23-08-21-24-894
83.53,-5.68,136.11,79.63,22-05-23-08-21-24-926
83.51,-5.89,136.29,74.89,22-05-23-08-21-24-962
83.49,-6.09,136.94,72.29,22-05-23-08-21-24-993
83.49,-6.29,137.71,70.42,22-05-23-08-21-25-027
83.52,-6.49,137.84,61.78,22-05-23-08-21-25-057
83.59,-6.69,138.47,57.91,22-05-23-08-21-25-095
83.70,-6.86,139.45,55.23,22-05-23-08-21-25-127
83.80,-7.01,141.04,52.40,22-05-23-08-21-25-160
83.93,-7.14,142.46,50.25,22-05-23-08-21-25-192
84.11,-7.26,143.77,47.22,22-05-23-08-21-25-228
84.30,-7.34,144.16,43.74,22-05-23-08-21-25-261
84.46,-7.39,144.57,39.53,22-05-23-08-21-25-292
84.60,-7.39,144.75,36.25,22-05-23-08-21-25-330
84.72,-7.37,144.51,33.03,22-05-23-08-21-25-363
84.81,-7.30,144.37,30.18,22-05-23-08-21-25-393
84.90,-7.20,666.00,25.03,22-05-23-08-21-25-429
84.95,-7.09,666.00,20.64,22-05-23-08-21-25-461
85.01,-6.94,666.00,17.62,22-05-23-08-21-25-493
85.05,-6.71,666.00,15.79,22-05-23-08-21-25-524
85.10,-6.49,666.00,14.18,22-05-23-08-21-25-561
85.11,-6.29,666.00,12.14,22-05-23-08-21-25-594
85.11,-6.04,666.00,9.64,22-05-23-08-21-25-626
85.08,-5.82,666.00,8.36,22-05-23-08-21-25-660
85.03,-5.57,666.00,8.08,22-05-23-08-21-25-696
84.96,-5.34,666.00,8.12,22-05-23-08-21-25-725
84.87,-5.12,666.00,8.35,22-05-23-08-21-25-765
84.76,-4.90,666.00,8.68,22-05-23-08-21-25-795
84.65,-4.70,666.00,8.80,22-05-23-08-21-25-826
84.51,-4.51,666.00,7.34,22-05-23-08-21-25-861
84.29,-4.39,666.00,6.73,22-05-23-08-21-25-895
84.03,-4.29,666.00,6.44,22-05-23-08-21-25-925
83.79,-4.22,666.00,6.29,22-05-23-08-21-25-963
83.57,-4.18,666.00,6.17,22-05-23-08-21-25-992
83.39,-4.15,666.00,6.14,22-05-23-08-21-26-025
83.24,-4.12,666.00,6.16,22-05-23-08-21-26-058
83.09,-4.12,666.00,6.27,22-05-23-08-21-26-094
82.95,-4.13,666.00,6.51,22-05-23-08-21-26-126
82.83,-4.15,666.00,8.15,22-05-23-08-21-26-160
82.73,-4.16,666.00,13.08,22-05-23-08-21-26-193
82.65,-4.18,666.00,14.73,22-05-23-08-21-26-224
82.58,-4.19,666.00,16.67,22-05-23-08-21-26-262
82.53,-4.21,666.00,19.05,22-05-23-08-21-26-293
82.46,-4.23,666.00,21.18,22-05-23-08-21-26-327
82.36,-4.28,666.00,24.92,22-05-23-08-21-26-357
82.24,-4.32,666.00,27.33,22-05-23-08-21-26-392
82.13,-4.37,666.00,29.50,22-05-23-08-21-26-427
82.02,-4.40,127.77,36.09,22-05-23-08-21-26-459
81.93,-4.43,127.22,37.85,22-05-23-08-21-26-493
81.84,-4.44,127.98,42.18,22-05-23-08-21-26-527
81.75,-4.44,127.97,45.13,22-05-23-08-21-26-560
81.67,-4.47,128.00,49.23,22-05-23-08-21-26-591
81.58,-4.50,128.05,53.99,22-05-23-08-21-26-628
81.50,-4.52,127.88,57.99,22-05-23-08-21-26-659
81.42,-4.53,127.59,63.16,22-05-23-08-21-26-695
81.35,-4.54,127.52,68.87,22-05-23-08-21-26-724
81.18,-4.59,127.95,76.20,22-05-23-08-21-26-762
81.03,-4.65,131.16,84.12,22-05-23-08-21-26-794
80.85,-4.74,132.28,88.51,22-05-23-08-21-26-827
80.68,-4.81,132.86,91.02,22-05-23-08-21-26-859
80.55,-4.86,135.91,101.17,22-05-23-08-21-26-892
80.47,-4.89,136.76,104.50,22-05-23-08-21-26-927
80.41,-4.93,140.20,114.95,22-05-23-08-21-26-959
80.36,-4.86,140.79,118.35,22-05-23-08-21-26-992
80.32,-4.76,140.91,120.53,22-05-23-08-21-27-026
80.34,-4.65,140.87,122.14,22-05-23-08-21-27-061
80.37,-4.56,140.83,123.30,22-05-23-08-21-27-092
80.42,-4.48,140.77,124.09,22-05-23-08-21-27-126
80.46,-4.41,140.71,124.72,22-05-23-08-21-27-161
80.55,-4.40,140.97,125.10,22-05-23-08-21-27-193
80.67,-4.41,141.33,125.33,22-05-23-08-21-27-227
80.78,-4.42,141.65,125.45,22-05-23-08-21-27-260
80.89,-4.42,141.91,125.53,22-05-23-08-21-27-293
80.98,-4.42,142.05,125.56,22-05-23-08-21-27-330
81.05,-4.40,142.12,125.56,22-05-23-08-21-27-360
81.12,-4.39,142.18,125.53,22-05-23-08-21-27-393
81.16,-4.38,144.56,125.37,22-05-23-08-21-27-427
81.21,-4.39,145.09,124.94,22-05-23-08-21-27-462
81.25,-4.40,145.45,124.60,22-05-23-08-21-27-493
81.29,-4.43,143.78,123.24,22-05-23-08-21-27-529
81.30,-4.46,142.57,122.04,22-05-23-08-21-27-560
81.30,-4.49,141.66,121.03,22-05-23-08-21-27-595
81.29,-4.52,140.28,119.23,22-05-23-08-21-27-626
81.27,-4.56,136.05,112.59,22-05-23-08-21-27-660
81.20,-4.67,134.18,109.13,22-05-23-08-21-27-692
81.09,-4.80,133.26,102.75,22-05-23-08-21-27-727
81.00,-4.92,131.69,98.39,22-05-23-08-21-27-760
80.90,-5.27,129.90,89.25,22-05-23-08-21-27-792
80.81,-5.59,129.62,85.36,22-05-23-08-21-27-824
80.73,-5.85,129.35,82.35,22-05-23-08-21-27-861
80.66,-6.03,128.94,79.39,22-05-23-08-21-27-892
80.62,-6.13,127.96,76.21,22-05-23-08-21-27-925
80.57,-6.17,127.18,71.87,22-05-23-08-21-27-959
80.53,-6.18,126.80,67.67,22-05-23-08-21-27-992
80.48,-6.15,125.80,63.10,22-05-23-08-21-28-026
80.45,-6.10,123.24,51.93,22-05-23-08-21-28-057
80.42,-6.04,121.67,47.43,22-05-23-08-21-28-093
80.41,-5.99,120.24,44.42,22-05-23-08-21-28-128
80.44,-5.88,117.37,35.50,22-05-23-08-21-28-160
80.51,-5.77,115.30,32.80,22-05-23-08-21-28-193
80.61,-5.61,113.69,30.87,22-05-23-08-21-28-224
80.72,-5.43,666.00,29.13,22-05-23-08-21-28-259
80.86,-5.21,666.00,27.33,22-05-23-08-21-28-292
80.91,-5.01,666.00,20.30,22-05-23-08-21-28-328
80.90,-4.84,666.00,16.06,22-05-23-08-21-28-359
80.81,-4.64,666.00,12.99,22-05-23-08-21-28-393
80.62,-4.42,666.00,10.60,22-05-23-08-21-28-426
80.41,-4.20,666.00,8.87,22-05-23-08-21-28-460
80.18,-3.98,666.00,4.90,22-05-23-08-21-28-494
79.94,-3.71,666.00,4.40,22-05-23-08-21-28-526
79.66,-3.53,666.00,3.23,22-05-23-08-21-28-559
79.34,-3.37,666.00,3.56,22-05-23-08-21-28-592
78.98,-3.20,666.00,4.37,22-05-23-08-21-28-627
78.58,-2.99,666.00,5.20,22-05-23-08-21-28-659
78.19,-2.79,666.00,5.95,22-05-23-08-21-28-692
77.80,-2.58,666.00,6.63,22-05-23-08-21-28-725
77.47,-2.42,666.00,7.18,22-05-23-08-21-28-763
77.12,-2.33,666.00,7.58,22-05-23-08-21-28-793
76.84,-2.28,666.00,7.77,22-05-23-08-21-28-827
76.63,-2.27,666.00,8.04,22-05-23-08-21-28-862
76.46,-2.27,666.00,8.47,22-05-23-08-21-28-893
76.33,-2.28,666.00,8.89,22-05-23-08-21-28-927
76.23,-2.30,666.00,9.23,22-05-23-08-21-28-962
76.15,-2.32,666.00,9.56,22-05-23-08-21-28-994
76.08,-2.34,666.00,9.70,22-05-23-08-21-29-027
76.02,-2.36,666.00,9.91,22-05-23-08-21-29-062
75.96,-2.39,666.00,10.21,22-05-23-08-21-29-093
75.90,-2.43,666.00,10.62,22-05-23-08-21-29-123
75.85,-2.48,666.00,11.37,22-05-23-08-21-29-161
75.81,-2.51,666.00,12.79,22-05-23-08-21-29-192
75.78,-2.54,666.00,16.24,22-05-23-08-21-29-228
75.76,-2.56,666.00,18.67,22-05-23-08-21-29-264
75.74,-2.58,666.00,24.70,22-05-23-08-21-29-293
75.73,-2.62,666.00,27.65,22-05-23-08-21-29-326
75.73,-2.64,666.00,29.91,22-05-23-08-21-29-362
75.75,-2.66,109.47,32.89,22-05-23-08-21-29-392
75.77,-2.67,108.68,35.80,22-05-23-08-21-29-428
75.82,-2.66,108.16,38.86,22-05-23-08-21-29-459
75.87,-2.66,108.31,48.99,22-05-23-08-21-29-494
75.92,-2.67,108.17,54.78,22-05-23-08-21-29-528
75.97,-2.67,108.58,58.18,22-05-23-08-21-29-560
76.03,-2.69,109.55,67.54,22-05-23-08-21-29-594
76.16,-2.70,109.86,71.58,22-05-23-08-21-29-626
76.37,-2.74,110.38,77.71,22-05-23-08-21-29-658
76.55,-2.79,110.74,81.23,22-05-23-08-21-29-691
76.70,-2.85,111.55,85.81,22-05-23-08-21-29-726
76.83,-2.92,112.81,90.00,22-05-23-08-21-29-759
76.96,-2.98,113.31,91.65,22-05-23-08-21-29-793
77.06,-3.05,113.78,97.52,22-05-23-08-21-29-826
77.20,-3.12,114.56,100.25,22-05-23-08-21-29-860
77.31,-3.18,115.91,103.74,22-05-23-08-21-29-897
77.42,-3.23,116.89,105.97,22-05-23-08-21-29-925
77.57,-3.24,117.59,107.43,22-05-23-08-21-29-962
77.71,-3.25,118.11,108.45,22-05-23-08-21-29-993
77.83,-3.26,118.55,109.16,22-05-23-08-21-30-030
78.00,-3.26,118.96,109.70,22-05-23-08-21-30-061
78.14,-3.29,119.39,110.09,22-05-23-08-21-30-093
78.27,-3.31,119.74,110.38,22-05-23-08-21-30-124
78.38,-3.31,119.94,110.64,22-05-23-08-21-30-160
78.54,-3.31,120.17,110.88,22-05-23-08-21-30-192
78.68,-3.28,120.22,111.08,22-05-23-08-21-30-225
78.79,-3.22,120.14,111.23,22-05-23-08-21-30-260
78.88,-3.18,120.04,111.34,22-05-23-08-21-30-290
78.96,-3.14,119.96,111.43,22-05-23-08-21-30-328
79.03,-3.10,119.87,111.49,22-05-23-08-21-30-360
79.09,-3.06,119.80,111.52,22-05-23-08-21-30-394
79.13,-3.04,119.77,111.56,22-05-23-08-21-30-428
79.15,-3.03,119.81,111.59,22-05-23-08-21-30-459
79.13,-3.08,120.10,111.66,22-05-23-08-21-30-493
79.10,-3.13,121.41,112.96,22-05-23-08-21-30-527
79.08,-3.19,122.27,113.55,22-05-23-08-21-30-559
79.05,-3.25,122.65,106.01,22-05-23-08-21-30-592
78.99,-3.34,122.82,103.18,22-05-23-08-21-30-629
78.89,-3.45,122.77,101.15,22-05-23-08-21-30-661
78.75,-3.56,122.15,97.84,22-05-23-08-21-30-691
78.46,-3.67,119.99,93.29,22-05-23-08-21-30-725
78.27,-3.73,118.13,88.96,22-05-23-08-21-30-760
78.15,-3.79,117.13,84.47,22-05-23-08-21-30-794
78.08,-3.81,115.50,80.06,22-05-23-08-21-30-826
78.08,-3.77,114.64,76.49,22-05-23-08-21-30-860
78.11,-3.72,114.23,71.62,22-05-23-08-21-30-894
78.18,-3.65,113.87,68.54,22-05-23-08-21-30-925
78.25,-3.59,113.20,57.44,22-05-23-08-21-30-959
78.32,-3.50,112.93,53.52,22-05-23-08-21-30-998
78.39,-3.41,112.52,51.08,22-05-23-08-21-31-023
78.44,-3.31,112.10,48.84,22-05-23-08-21-31-058
78.49,-3.23,111.36,46.78,22-05-23-08-21-31-091
78.53,-3.14,110.75,44.09,22-05-23-08-21-31-128
78.55,-3.06,108.15,37.68,22-05-23-08-21-31-160
78.58,-2.97,107.11,34.25,22-05-23-08-21-31-192
78.60,-2.87,106.93,31.36,22-05-23-08-21-31-227
78.61,-2.76,666.00,26.38,22-05-23-08-21-31-260
78.62,-2.65,666.00,23.96,22-05-23-08-21-31-291
78.63,-2.54,666.00,21.05,22-05-23-08-21-31-332
78.63,-2.43,666.00,16.67,22-05-23-08-21-31-360
78.63,-2.28,666.00,13.95,22-05-23-08-21-31-393
78.63,-2.14,666.00,11.97,22-05-23-08-21-31-426
78.62,-2.00,666.00,10.37,22-05-23-08-21-31-462
78.60,-1.88,666.00,9.35,22-05-23-08-21-31-494
78.58,-1.75,666.00,8.67,22-05-23-08-21-31-525
78.55,-1.63,666.00,8.21,22-05-23-08-21-31-562
78.52,-1.50,666.00,7.73,22-05-23-08-21-31-593
78.47,-1.37,666.00,7.49,22-05-23-08-21-31-626
78.41,-1.26,666.00,7.27,22-05-23-08-21-31-659
78.33,-1.13,666.00,7.21,22-05-23-08-21-31-693
78.27,-1.01,666.00,7.22,22-05-23-08-21-31-727
78.21,-0.89,666.00,7.23,22-05-23-08-21-31-760
78.16,-0.80,666.00,7.31,22-05-23-08-21-31-791
78.13,-0.70,666.00,7.40,22-05-23-08-21-31-824
78.12,-0.63,666.00,7.52,22-05-23-08-21-31-861
78.10,-0.56,666.00,7.75,22-05-23-08-21-31-895
78.08,-0.49,666.00,8.12,22-05-23-08-21-31-924
78.06,-0.42,666.00,8.77,22-05-23-08-21-31-959
78.03,-0.37,666.00,10.44,22-05-23-08-21-32-000
77.96,-0.36,666.00,12.40,22-05-23-08-21-32-027
77.91,-0.37,666.00,14.55,22-05-23-08-21-32-062
77.87,-0.40,666.00,17.19,22-05-23-08-21-32-093
77.82,-0.43,666.00,21.13,22-05-23-08-21-32-127
77.77,-0.45,666.00,27.62,22-05-23-08-21-32-161
77.74,-0.45,101.41,30.75,22-05-23-08-21-32-191
77.70,-0.47,100.58,32.95,22-05-23-08-21-32-226
77.65,-0.44,99.96,34.75,22-05-23-08-21-32-261
77.62,-0.42,99.68,35.88,22-05-23-08-21-32-292
77.62,-0.36,99.04,45.31,22-05-23-08-21-32-326
77.65,-0.25,98.56,49.44,22-05-23-08-21-32-356
77.70,-0.13,98.09,52.43,22-05-23-08-21-32-394
77.75,0.00,99.81,63.37,22-05-23-08-21-32-426
77.80,0.11,100.13,69.27,22-05-23-08-21-32-456
77.88,0.21,99.82,73.32,22-05-23-08-21-32-490
78.04,0.30,99.27,79.95,22-05-23-08-21-32-528
78.28,0.40,99.03,83.70,22-05-23-08-21-32-557
78.38,0.37,98.91,89.58,22-05-23-08-21-32-594
78.47,0.30,100.78,99.06,22-05-23-08-21-32-628
78.58,0.22,102.04,103.99,22-05-23-08-21-32-659
78.71,0.04,103.38,107.14,22-05-23-08-21-32-693
78.94,-0.06,105.47,112.68,22-05-23-08-21-32-729
79.20,-0.17,108.23,121.48,22-05-23-08-21-32-757
79.44,-0.29,109.79,124.57,22-05-23-08-21-32-794
79.71,-0.42,111.17,126.46,22-05-23-08-21-32-828
79.96,-0.57,112.52,127.76,22-05-23-08-21-32-860
80.23,-0.76,114.05,128.57,22-05-23-08-21-32-895
80.46,-0.95,115.46,128.98,22-05-23-08-21-32-927
80.70,-1.12,116.72,129.05,22-05-23-08-21-32-960
80.90,-1.26,117.79,128.92,22-05-23-08-21-32-997
81.08,-1.40,118.82,128.71,22-05-23-08-21-33-027
81.22,-1.52,119.73,128.47,22-05-23-08-21-33-061
81.34,-1.61,120.43,128.20,22-05-23-08-21-33-093
81.42,-1.67,120.89,127.96,22-05-23-08-21-33-125
81.48,-1.68,120.99,127.76,22-05-23-08-21-33-159
81.53,-1.66,120.89,127.61,22-05-23-08-21-33-193
81.64,-1.80,122.10,127.25,22-05-23-08-21-33-227
81.75,-1.93,123.22,126.92,22-05-23-08-21-33-262
81.84,-2.03,124.06,126.62,22-05-23-08-21-33-293
81.90,-2.11,124.76,126.37,22-05-23-08-21-33-326
81.94,-2.15,125.08,126.19,22-05-23-08-21-33-368
81.95,-2.18,125.10,126.07,22-05-23-08-21-33-393
81.93,-2.21,124.38,125.59,22-05-23-08-21-33-430
81.89,-2.25,119.38,118.81,22-05-23-08-21-33-462
81.84,-2.29,117.14,113.14,22-05-23-08-21-33-494
81.78,-2.37,116.27,107.98,22-05-23-08-21-33-529
81.68,-2.48,115.97,102.67,22-05-23-08-21-33-560
81.57,-2.62,115.59,97.80,22-05-23-08-21-33-594
81.45,-2.83,115.54,92.35,22-05-23-08-21-33-627
81.30,-3.07,115.27,86.50,22-05-23-08-21-33-657
81.14,-3.30,115.68,83.44,22-05-23-08-21-33-693
80.99,-3.56,114.83,75.09,22-05-23-08-21-33-728
80.85,-3.87,115.92,72.44,22-05-23-08-21-33-760
80.71,-4.18,117.28,68.00,22-05-23-08-21-33-793
80.57,-4.56,118.79,64.03,22-05-23-08-21-33-827
80.44,-4.94,120.65,58.17,22-05-23-08-21-33-860
80.31,-5.31,121.33,53.56,22-05-23-08-21-33-894
80.17,-5.65,121.89,49.61,22-05-23-08-21-33-926
80.06,-5.93,121.52,41.28,22-05-23-08-21-33-959
79.96,-6.20,121.72,38.33,22-05-23-08-21-33-991
79.82,-6.47,121.66,36.31,22-05-23-08-21-34-026
79.68,-6.74,121.46,34.08,22-05-23-08-21-34-060
79.55,-6.92,666.00,27.67,22-05-23-08-21-34-102
79.42,-7.07,666.00,22.42,22-05-23-08-21-34-126
79.30,-7.21,666.00,18.87,22-05-23-08-21-34-161
79.14,-7.27,666.00,15.93,22-05-23-08-21-34-193
78.85,-7.11,666.00,13.50,22-05-23-08-21-34-224
78.39,-6.77,666.00,11.79,22-05-23-08-21-34-260
77.92,-6.44,666.00,10.39,22-05-23-08-21-34-293
77.44,-6.11,666.00,9.03,22-05-23-08-21-34-328
77.02,-5.73,666.00,7.46,22-05-23-08-21-34-357
76.64,-5.43,666.00,6.13,22-05-23-08-21-34-395
76.28,-5.22,666.00,5.55,22-05-23-08-21-34-425
75.91,-5.02,666.00,5.51,22-05-23-08-21-34-460
75.59,-4.94,666.00,5.68,22-05-23-08-21-34-491
75.31,-4.90,666.00,5.94,22-05-23-08-21-34-527
75.07,-4.92,666.00,6.16,22-05-23-08-21-34-560
74.88,-4.97,666.00,6.34,22-05-23-08-21-34-591
74.72,-5.04,666.00,6.48,22-05-23-08-21-34-629
74.59,-5.13,666.00,6.60,22-05-23-08-21-34-660
74.49,-5.24,666.00,6.68,22-05-23-08-21-34-693
74.40,-5.36,666.00,6.74,22-05-23-08-21-34-727
74.32,-5.46,666.00,6.81,22-05-23-08-21-34-760
74.26,-5.57,666.00,8.97,22-05-23-08-21-34-793
74.20,-5.67,666.00,9.66,22-05-23-08-21-34-827
74.13,-5.76,666.00,10.27,22-05-23-08-21-34-858
74.07,-5.84,666.00,10.80,22-05-23-08-21-34-893
74.00,-5.92,666.00,11.40,22-05-23-08-21-34-928
73.94,-5.99,666.00,12.32,22-05-23-08-21-34-960
73.89,-6.06,666.00,14.19,22-05-23-08-21-34-994
73.84,-6.12,666.00,20.96,22-05-23-08-21-35-025
73.79,-6.18,666.00,25.37,22-05-23-08-21-35-061
73.74,-6.24,666.00,28.86,22-05-23-08-21-35-095
73.70,-6.29,120.29,33.23,22-05-23-08-21-35-124
73.66,-6.34,119.05,37.06,22-05-23-08-21-35-164
73.63,-6.40,121.32,45.19,22-05-23-08-21-35-194
73.62,-6.46,121.68,47.67,22-05-23-08-21-35-224
73.63,-6.55,121.53,49.79,22-05-23-08-21-35-260
73.70,-6.65,121.83,53.17,22-05-23-08-21-35-294
73.87,-6.80,123.18,62.77,22-05-23-08-21-35-324
74.14,-6.93,124.25,67.68,22-05-23-08-21-35-361
74.66,-7.07,126.21,72.70,22-05-23-08-21-35-396
75.31,-7.26,127.77,75.86,22-05-23-08-21-35-425
76.17,-7.51,129.95,77.60,22-05-23-08-21-35-460
76.95,-7.78,133.33,88.71,22-05-23-08-21-35-492
77.58,-8.00,135.47,91.90,22-05-23-08-21-35-524
78.04,-8.13,137.57,95.01,22-05-23-08-21-35-559
78.37,-8.20,139.01,97.32,22-05-23-08-21-35-594
78.63,-8.24,141.63,106.44,22-05-23-08-21-35-625
78.84,-8.27,142.89,109.87,22-05-23-08-21-35-658
78.96,-8.26,143.66,112.31,22-05-23-08-21-35-694
79.08,-8.24,144.20,113.96,22-05-23-08-21-35-727
79.25,-8.23,144.81,115.04,22-05-23-08-21-35-759
79.46,-8.25,145.54,115.91,22-05-23-08-21-35-794
79.63,-8.25,146.04,116.54,22-05-23-08-21-35-827
79.84,-8.23,146.49,116.95,22-05-23-08-21-35-864
80.05,-8.22,146.98,117.18,22-05-23-08-21-35-891
80.26,-8.23,147.56,117.22,22-05-23-08-21-35-925
80.46,-8.21,148.03,117.10,22-05-23-08-21-35-963
80.64,-8.19,148.44,116.95,22-05-23-08-21-35-992
80.82,-8.20,148.93,116.75,22-05-23-08-21-36-024
80.96,-8.18,149.25,116.54,22-05-23-08-21-36-061
81.08,-8.15,149.44,116.34,22-05-23-08-21-36-093
81.16,-8.09,149.46,116.18,22-05-23-08-21-36-125
81.23,-8.03,149.43,116.03,22-05-23-08-21-36-161
81.27,-7.98,149.35,115.99,22-05-23-08-21-36-190
81.30,-7.96,149.32,115.94,22-05-23-08-21-36-224
81.30,-7.94,149.15,115.93,22-05-23-08-21-36-259
81.27,-7.92,148.84,116.23,22-05-23-08-21-36-292
81.20,-7.89,148.25,116.31,22-05-23-08-21-36-325
81.07,-7.86,146.98,115.31,22-05-23-08-21-36-360
80.93,-7.82,144.59,108.84,22-05-23-08-21-36-392
80.78,-7.79,142.96,103.71,22-05-23-08-21-36-425
80.56,-7.87,137.46,92.92,22-05-23-08-21-36-456
80.33,-7.93,134.35,87.03,22-05-23-08-21-36-494
80.10,-7.98,132.41,82.54,22-05-23-08-21-36-528
79.88,-8.00,131.03,78.39,22-05-23-08-21-36-558
79.75,-8.03,129.99,75.26,22-05-23-08-21-36-595
79.62,-8.06,129.05,71.66,22-05-23-08-21-36-629
79.49,-8.02,128.28,64.72,22-05-23-08-21-36-659
79.37,-7.95,126.89,59.26,22-05-23-08-21-36-693
79.28,-7.90,125.98,47.93,22-05-23-08-21-36-729
79.13,-7.85,124.33,43.10,22-05-23-08-21-36-759
79.01,-7.83,123.32,40.68,22-05-23-08-21-36-798
78.92,-7.80,120.31,36.69,22-05-23-08-21-36-824
78.85,-7.80,119.35,35.07,22-05-23-08-21-36-857
78.78,-7.80,118.78,34.04,22-05-23-08-21-36-894
78.73,-7.79,118.07,32.75,22-05-23-08-21-36-928
78.65,-7.77,117.98,31.26,22-05-23-08-21-36-959
78.57,-7.72,666.00,29.80,22-05-23-08-21-36-993
78.50,-7.61,666.00,25.60,22-05-23-08-21-37-024
78.46,-7.57,666.00,23.14,22-05-23-08-21-37-058
78.42,-7.54,666.00,21.29,22-05-23-08-21-37-093
78.38,-7.50,666.00,18.88,22-05-23-08-21-37-126
78.35,-7.45,666.00,15.66,22-05-23-08-21-37-158
78.32,-7.41,666.00,14.60,22-05-23-08-21-37-193
78.28,-7.34,666.00,12.04,22-05-23-08-21-37-225
78.25,-7.28,666.00,10.66,22-05-23-08-21-37-261
78.23,-7.22,666.00,8.55,22-05-23-08-21-37-293
78.21,-7.11,666.00,7.49,22-05-23-08-21-37-326
78.19,-6.99,666.00,6.93,22-05-23-08-21-37-358
78.16,-6.87,666.00,6.64,22-05-23-08-21-37-393
78.12,-6.75,666.00,6.96,22-05-23-08-21-37-424
78.07,-6.64,666.00,6.55,22-05-23-08-21-37-459
78.03,-6.54,666.00,7.56,22-05-23-08-21-37-492
77.99,-6.45,666.00,7.74,22-05-23-08-21-37-527
77.96,-6.36,666.00,7.15,22-05-23-08-21-37-559
77.93,-6.28,666.00,7.41,22-05-23-08-21-37-592
77.90,-6.21,666.00,7.64,22-05-23-08-21-37-627
77.87,-6.12,666.00,7.86,22-05-23-08-21-37-659
77.84,-6.05,666.00,8.07,22-05-23-08-21-37-692
77.81,-5.95,666.00,8.30,22-05-23-08-21-37-726
77.77,-5.86,666.00,8.58,22-05-23-08-21-37-760
77.70,-5.76,666.00,8.98,22-05-23-08-21-37-790
77.60,-5.66,666.00,9.85,22-05-23-08-21-37-826
77.47,-5.57,666.00,11.89,22-05-23-08-21-37-859
77.33,-5.47,666.00,15.35,22-05-23-08-21-37-894
77.20,-5.38,666.00,22.63,22-05-23-08-21-37-928
77.04,-5.30,666.00,25.50,22-05-23-08-21-37-958
76.90,-5.21,121.63,30.70,22-05-23-08-21-37-993
76.76,-5.13,120.65,33.74,22-05-23-08-21-38-025
76.63,-5.05,118.50,36.62,22-05-23-08-21-38-060
76.51,-4.98,117.83,39.64,22-05-23-08-21-38-093
76.41,-4.92,117.64,42.03,22-05-23-08-21-38-125
76.28,-4.87,117.35,43.67,22-05-23-08-21-38-159
76.14,-4.79,118.06,46.44,22-05-23-08-21-38-193
76.04,-4.74,118.47,54.63,22-05-23-08-21-38-227
75.95,-4.71,120.35,67.36,22-05-23-08-21-38-262
75.82,-4.74,121.35,78.04,22-05-23-08-21-38-292
75.71,-4.75,121.59,82.83,22-05-23-08-21-38-325
75.45,-4.80,121.02,88.35,22-05-23-08-21-38-359
75.21,-4.88,120.96,91.79,22-05-23-08-21-38-393
75.00,-4.88,120.20,95.02,22-05-23-08-21-38-429
74.87,-4.84,121.54,100.14,22-05-23-08-21-38-457
74.81,-4.78,121.98,102.71,22-05-23-08-21-38-492
74.82,-4.70,122.00,104.19,22-05-23-08-21-38-529
74.89,-4.69,123.23,107.40,22-05-23-08-21-38-557
74.98,-4.72,127.96,119.92,22-05-23-08-21-38-593
75.08,-4.79,129.65,124.34,22-05-23-08-21-38-626
75.16,-4.88,131.16,127.26,22-05-23-08-21-38-660
75.25,-4.98,131.96,129.54,22-05-23-08-21-38-693
75.33,-4.99,132.63,130.69,22-05-23-08-21-38-725
75.42,-4.99,133.09,131.37,22-05-23-08-21-38-759
75.50,-4.98,133.33,131.60,22-05-23-08-21-38-798
75.59,-4.99,133.52,131.52,22-05-23-08-21-38-825
75.70,-5.02,133.72,131.23,22-05-23-08-21-38-861
75.82,-5.07,133.94,130.81,22-05-23-08-21-38-893
76.01,-5.10,134.12,130.10,22-05-23-08-21-38-927
76.22,-5.08,134.09,129.40,22-05-23-08-21-38-961
76.47,-5.04,133.99,128.52,22-05-23-08-21-38-993
76.69,-5.00,133.93,127.76,22-05-23-08-21-39-024
76.90,-4.89,133.64,127.18,22-05-23-08-21-39-061
77.10,-4.81,133.49,126.72,22-05-23-08-21-39-091
77.32,-4.67,133.17,126.31,22-05-23-08-21-39-126
77.48,-4.54,132.76,125.86,22-05-23-08-21-39-160
77.60,-4.41,132.22,125.73,22-05-23-08-21-39-192
77.65,-4.30,130.81,124.24,22-05-23-08-21-39-228
77.70,-4.19,129.66,122.59,22-05-23-08-21-39-259
77.73,-4.06,128.14,120.70,22-05-23-08-21-39-292
77.75,-3.93,122.93,113.70,22-05-23-08-21-39-329
77.77,-3.81,119.17,104.22,22-05-23-08-21-39-359
77.77,-3.72,117.28,99.46,22-05-23-08-21-39-395
77.77,-3.67,115.82,94.38,22-05-23-08-21-39-427
77.76,-3.61,114.17,90.57,22-05-23-08-21-39-459
77.75,-3.56,113.00,87.85,22-05-23-08-21-39-493
77.74,-3.48,109.95,78.40,22-05-23-08-21-39-524
77.70,-3.31,108.15,74.72,22-05-23-08-21-39-560
77.70,-3.16,107.31,71.28,22-05-23-08-21-39-596
77.75,-3.03,106.69,69.16,22-05-23-08-21-39-626
77.83,-2.89,105.32,63.26,22-05-23-08-21-39-658
77.98,-2.75,104.68,60.18,22-05-23-08-21-39-694
78.16,-2.64,104.14,57.56,22-05-23-08-21-39-725
78.41,-2.53,102.33,53.73,22-05-23-08-21-39-760
78.77,-2.33,100.44,49.03,22-05-23-08-21-39-792
79.32,-2.10,98.56,43.52,22-05-23-08-21-39-823
79.91,-1.80,96.27,39.03,22-05-23-08-21-39-857
80.43,-1.55,94.72,35.30,22-05-23-08-21-39-892
80.83,-1.30,93.36,31.19,22-05-23-08-21-39-924
81.13,-1.04,666.00,27.45,22-05-23-08-21-39-959
81.33,-0.79,666.00,18.66,22-05-23-08-21-39-994
81.47,-0.58,666.00,14.22,22-05-23-08-21-40-026
81.52,-0.36,666.00,11.66,22-05-23-08-21-40-061
81.49,-0.06,666.00,9.81,22-05-23-08-21-40-092
81.42,0.22,666.00,7.06,22-05-23-08-21-40-125
81.32,0.48,666.00,5.58,22-05-23-08-21-40-161
81.15,0.67,666.00,5.32,22-05-23-08-21-40-192
80.97,0.74,666.00,5.33,22-05-23-08-21-40-226
80.70,0.85,666.00,6.16,22-05-23-08-21-40-259
80.44,0.96,666.00,5.70,22-05-23-08-21-40-294
80.19,1.07,666.00,5.47,22-05-23-08-21-40-326
79.99,1.14,666.00,5.37,22-05-23-08-21-40-357
79.82,1.18,666.00,5.35,22-05-23-08-21-40-394
79.64,1.18,666.00,5.41,22-05-23-08-21-40-428
79.49,1.17,666.00,5.52,22-05-23-08-21-40-459
79.36,1.16,666.00,8.38,22-05-23-08-21-40-494
79.25,1.15,666.00,9.60,22-05-23-08-21-40-525
79.14,1.13,666.00,10.18,22-05-23-08-21-40-559
79.05,1.11,666.00,10.56,22-05-23-08-21-40-594
78.98,1.09,666.00,10.90,22-05-23-08-21-40-625
78.92,1.05,666.00,11.13,22-05-23-08-21-40-658
78.87,1.04,666.00,11.54,22-05-23-08-21-40-694
78.83,1.06,666.00,12.15,22-05-23-08-21-40-723
78.79,1.07,666.00,13.27,22-05-23-08-21-40-758
78.72,1.08,666.00,14.27,22-05-23-08-21-40-791
78.60,0.92,666.00,19.84,22-05-23-08-21-40-825
78.47,0.80,666.00,22.32,22-05-23-08-21-40-863
78.30,0.74,666.00,26.58,22-05-23-08-21-40-892
78.16,0.68,666.00,28.94,22-05-23-08-21-40-928
78.04,0.62,95.36,30.69,22-05-23-08-21-40-962
77.97,0.62,95.05,32.00,22-05-23-08-21-40-994
77.92,0.64,96.92,42.08,22-05-23-08-21-41-028
77.87,0.68,97.12,48.15,22-05-23-08-21-41-061
77.84,0.77,97.05,52.49,22-05-23-08-21-41-093
77.81,0.85,96.88,55.40,22-05-23-08-21-41-126
77.80,0.91,97.94,64.52,22-05-23-08-21-41-160
77.79,0.93,98.37,68.12,22-05-23-08-21-41-193
77.77,0.96,98.60,73.78,22-05-23-08-21-41-224
77.76,0.93,98.48,77.37,22-05-23-08-21-41-259
77.75,0.90,98.43,79.92,22-05-23-08-21-41-296
77.76,0.86,98.85,89.50,22-05-23-08-21-41-326
77.75,0.80,99.33,93.96,22-05-23-08-21-41-359
77.74,0.73,100.17,97.54,22-05-23-08-21-41-395
77.76,0.66,100.73,100.62,22-05-23-08-21-41-426
77.78,0.55,102.38,110.08,22-05-23-08-21-41-460
77.80,0.46,103.26,112.92,22-05-23-08-21-41-494
77.86,0.15,106.28,116.12,22-05-23-08-21-41-526
77.96,-0.27,109.79,118.57,22-05-23-08-21-41-562
78.04,-0.63,112.94,120.90,22-05-23-08-21-41-589
78.12,-0.94,116.48,125.39,22-05-23-08-21-41-626
78.23,-1.20,119.12,128.09,22-05-23-08-21-41-659
78.36,-1.44,121.26,129.81,22-05-23-08-21-41-691
78.48,-1.61,122.81,130.97,22-05-23-08-21-41-727
78.60,-1.75,124.08,131.82,22-05-23-08-21-41-759
78.68,-1.84,124.89,132.46,22-05-23-08-21-41-792
78.77,-2.00,126.09,132.86,22-05-23-08-21-41-827
78.86,-2.25,127.70,133.09,22-05-23-08-21-41-859
78.95,-2.39,128.67,133.24,22-05-23-08-21-41-892
79.04,-2.47,129.30,133.34,22-05-23-08-21-41-925
79.13,-2.53,129.70,133.40,22-05-23-08-21-41-960
79.21,-2.60,130.19,133.46,22-05-23-08-21-41-991
79.29,-2.70,130.77,133.37,22-05-23-08-21-42-023
79.37,-2.73,131.00,133.29,22-05-23-08-21-42-061
79.42,-2.72,131.01,133.22,22-05-23-08-21-42-092
79.49,-2.68,130.73,133.09,22-05-23-08-21-42-126
79.55,-2.64,130.37,132.83,22-05-23-08-21-42-159
79.56,-2.59,129.61,132.76,22-05-23-08-21-42-192
79.52,-2.52,127.01,130.39,22-05-23-08-21-42-227
79.44,-2.45,121.46,126.11,22-05-23-08-21-42-259
79.29,-2.40,119.15,119.36,22-05-23-08-21-42-294
79.11,-2.34,117.77,117.03,22-05-23-08-21-42-327
78.78,-2.29,113.90,105.29,22-05-23-08-21-42-359
78.48,-2.24,111.70,99.41,22-05-23-08-21-42-393
78.20,-2.20,110.17,96.28,22-05-23-08-21-42-425
77.89,-2.15,107.73,91.93,22-05-23-08-21-42-458
77.60,-2.14,105.65,88.44,22-05-23-08-21-42-493
77.34,-2.13,103.34,84.22,22-05-23-08-21-42-525
77.13,-2.11,101.90,80.96,22-05-23-08-21-42-559
76.94,-2.10,100.96,78.36,22-05-23-08-21-42-594
76.77,-2.10,100.23,72.61,22-05-23-08-21-42-627
76.63,-2.11,99.97,69.75,22-05-23-08-21-42-660
76.52,-2.12,100.32,61.00,22-05-23-08-21-42-694
76.43,-2.13,100.11,57.36,22-05-23-08-21-42-723
76.30,-2.11,99.72,54.50,22-05-23-08-21-42-760
76.15,-2.11,97.60,48.80,22-05-23-08-21-42-793
75.99,-2.10,96.26,45.40,22-05-23-08-21-42-830
75.86,-2.12,93.93,38.85,22-05-23-08-21-42-860
75.74,-2.12,92.93,36.14,22-05-23-08-21-42-894
75.62,-2.10,92.20,34.35,22-05-23-08-21-42-927
75.49,-2.06,91.69,33.02,22-05-23-08-21-42-959
75.38,-2.02,91.77,31.62,22-05-23-08-21-42-992
75.26,-1.95,92.01,30.52,22-05-23-08-21-43-024
75.13,-1.89,666.00,29.38,22-05-23-08-21-43-060
75.02,-1.85,666.00,24.89,22-05-23-08-21-43-093
74.92,-1.79,666.00,22.61,22-05-23-08-21-43-123
74.85,-1.74,666.00,20.67,22-05-23-08-21-43-159
74.80,-1.70,666.00,19.51,22-05-23-08-21-43-189
74.76,-1.66,666.00,18.55,22-05-23-08-21-43-227
74.75,-1.61,666.00,17.48,22-05-23-08-21-43-261
74.74,-1.49,666.00,16.61,22-05-23-08-21-43-292
74.75,-1.35,666.00,15.86,22-05-23-08-21-43-326
74.77,-1.20,666.00,15.16,22-05-23-08-21-43-360
74.79,-1.09,666.00,14.69,22-05-23-08-21-43-392
74.81,-0.99,666.00,13.97,22-05-23-08-21-43-426
74.83,-0.92,666.00,13.36,22-05-23-08-21-43-461
74.85,-0.86,666.00,12.85,22-05-23-08-21-43-493
74.91,-0.81,666.00,12.48,22-05-23-08-21-43-527
74.95,-0.77,666.00,12.23,22-05-23-08-21-43-561
74.99,-0.74,666.00,11.84,22-05-23-08-21-43-593
75.04,-0.72,666.00,12.68,22-05-23-08-21-43-623
75.07,-0.69,666.00,11.34,22-05-23-08-21-43-661
75.09,-0.66,666.00,10.62,22-05-23-08-21-43-692
75.11,-0.63,666.00,10.17,22-05-23-08-21-43-726
75.13,-0.60,666.00,9.97,22-05-23-08-21-43-760
75.15,-0.58,666.00,9.91,22-05-23-08-21-43-792
75.17,-0.55,666.00,10.28,22-05-23-08-21-43-827
75.18,-0.52,666.00,10.79,22-05-23-08-21-43-861
75.19,-0.50,666.00,12.15,22-05-23-08-21-43-892
75.20,-0.47,666.00,14.41,22-05-23-08-21-43-924
75.19,-0.41,666.00,17.27,22-05-23-08-21-43-959
75.17,-0.33,666.00,24.75,22-05-23-08-21-43-993
75.13,-0.25,666.00,27.82,22-05-23-08-21-44-026
75.07,-0.20,96.05,30.17,22-05-23-08-21-44-060
75.02,-0.19,95.63,34.11,22-05-23-08-21-44-095
74.96,-0.23,97.53,39.82,22-05-23-08-21-44-126
74.91,-0.30,97.52,41.53,22-05-23-08-21-44-161
74.85,-0.38,98.74,45.53,22-05-23-08-21-44-196
74.76,-0.46,99.45,47.99,22-05-23-08-21-44-226
74.69,-0.55,103.05,56.24,22-05-23-08-21-44-259
74.62,-0.64,103.93,58.98,22-05-23-08-21-44-293
74.56,-0.72,104.38,61.03,22-05-23-08-21-44-325
74.51,-0.86,106.03,70.34,22-05-23-08-21-44-360
74.47,-1.01,105.60,73.60,22-05-23-08-21-44-396
74.40,-1.18,106.02,78.56,22-05-23-08-21-44-426
74.33,-1.35,106.43,81.28,22-05-23-08-21-44-461
74.23,-1.57,106.81,84.35,22-05-23-08-21-44-493
74.12,-1.74,107.14,86.35,22-05-23-08-21-44-525
74.04,-1.87,110.26,97.44,22-05-23-08-21-44-559
73.96,-1.98,112.12,102.52,22-05-23-08-21-44-592
73.94,-2.13,113.75,107.43,22-05-23-08-21-44-624
73.94,-2.29,115.07,110.38,22-05-23-08-21-44-661
73.97,-2.40,117.23,115.84,22-05-23-08-21-44-692
74.03,-2.56,118.90,118.41,22-05-23-08-21-44-726
74.13,-2.75,120.60,120.75,22-05-23-08-21-44-761
74.29,-2.94,123.99,127.80,22-05-23-08-21-44-794
74.48,-3.09,126.68,131.71,22-05-23-08-21-44-826
74.69,-3.21,128.51,133.78,22-05-23-08-21-44-859
74.95,-3.33,130.90,139.35,22-05-23-08-21-44-892
75.25,-3.48,132.85,142.60,22-05-23-08-21-44-928
75.54,-3.59,134.33,144.88,22-05-23-08-21-44-958
75.77,-3.70,135.31,146.67,22-05-23-08-21-44-994
75.98,-3.81,136.04,147.92,22-05-23-08-21-45-027
76.14,-3.91,136.57,148.80,22-05-23-08-21-45-059
76.28,-3.98,136.85,149.42,22-05-23-08-21-45-094
76.37,-4.03,136.94,149.85,22-05-23-08-21-45-126
76.43,-4.07,136.91,150.14,22-05-23-08-21-45-159
76.49,-4.10,136.80,150.34,22-05-23-08-21-45-195
76.55,-4.11,136.64,150.45,22-05-23-08-21-45-223
76.61,-4.13,136.47,150.51,22-05-23-08-21-45-260
76.68,-4.14,137.53,142.38,22-05-23-08-21-45-291
76.73,-4.12,137.80,139.13,22-05-23-08-21-45-328
76.76,-4.11,137.77,137.34,22-05-23-08-21-45-364
76.80,-4.09,133.80,130.55,22-05-23-08-21-45-391
76.82,-4.02,128.79,121.98,22-05-23-08-21-45-425
76.85,-3.95,125.81,116.62,22-05-23-08-21-45-459
76.85,-3.88,123.80,111.35,22-05-23-08-21-45-491
76.85,-3.79,120.63,102.74,22-05-23-08-21-45-526
76.82,-3.69,118.88,98.87,22-05-23-08-21-45-558
76.78,-3.47,117.21,96.15,22-05-23-08-21-45-592
76.76,-3.28,115.61,93.63,22-05-23-08-21-45-625
76.75,-3.10,113.68,91.11,22-05-23-08-21-45-661
76.73,-2.95,110.35,84.79,22-05-23-08-21-45-692
76.70,-2.81,108.61,81.67,22-05-23-08-21-45-726
76.68,-2.70,107.34,78.50,22-05-23-08-21-45-757
76.67,-2.62,106.78,74.73,22-05-23-08-21-45-792
76.66,-2.57,103.99,64.84,22-05-23-08-21-45-828
76.66,-2.52,102.36,59.24,22-05-23-08-21-45-858
76.66,-2.47,102.03,56.28,22-05-23-08-21-45-891
76.64,-2.38,101.53,54.12,22-05-23-08-21-45-923
76.62,-2.30,101.20,52.43,22-05-23-08-21-45-960
76.58,-2.20,101.00,49.13,22-05-23-08-21-45-993
76.54,-2.08,100.86,42.00,22-05-23-08-21-46-025
76.49,-1.96,100.30,38.75,22-05-23-08-21-46-061
76.41,-1.82,99.48,36.17,22-05-23-08-21-46-094
76.34,-1.69,98.62,34.23,22-05-23-08-21-46-124
76.25,-1.51,97.58,32.37,22-05-23-08-21-46-162
76.15,-1.34,96.66,30.73,22-05-23-08-21-46-192
76.03,-1.20,666.00,29.27,22-05-23-08-21-46-226
75.92,-1.06,666.00,27.90,22-05-23-08-21-46-260
75.81,-0.91,666.00,24.87,22-05-23-08-21-46-294
75.72,-0.81,666.00,22.88,22-05-23-08-21-46-326
75.65,-0.72,666.00,20.93,22-05-23-08-21-46-358
75.59,-0.65,666.00,19.28,22-05-23-08-21-46-392
75.54,-0.58,666.00,17.90,22-05-23-08-21-46-423
75.51,-0.50,666.00,16.90,22-05-23-08-21-46-461
75.49,-0.44,666.00,16.14,22-05-23-08-21-46-493
75.48,-0.39,666.00,15.51,22-05-23-08-21-46-523
75.48,-0.35,666.00,14.54,22-05-23-08-21-46-560
75.49,-0.31,666.00,13.93,22-05-23-08-21-46-592
75.51,-0.26,666.00,12.24,22-05-23-08-21-46-626
75.52,-0.22,666.00,11.13,22-05-23-08-21-46-660
75.55,-0.17,666.00,10.39,22-05-23-08-21-46-692
75.57,-0.12,666.00,9.90,22-05-23-08-21-46-726
75.60,-0.07,666.00,9.58,22-05-23-08-21-46-759
75.63,-0.01,666.00,11.20,22-05-23-08-21-46-794
75.64,0.04,666.00,11.72,22-05-23-08-21-46-826
75.66,0.09,666.00,12.14,22-05-23-08-21-46-857
75.66,0.12,666.00,12.52,22-05-23-08-21-46-893
75.67,0.15,666.00,12.87,22-05-23-08-21-46-925
75.67,0.17,666.00,13.44,22-05-23-08-21-46-957
75.66,0.20,666.00,14.58,22-05-23-08-21-46-993
75.65,0.20,666.00,17.94,22-05-23-08-21-47-028
75.65,0.17,666.00,19.94,22-05-23-08-21-47-058
75.63,0.14,666.00,21.96,22-05-23-08-21-47-093
75.62,0.12,666.00,23.86,22-05-23-08-21-47-125
75.61,0.10,666.00,26.97,22-05-23-08-21-47-159
75.59,0.07,101.77,32.67,22-05-23-08-21-47-195
75.56,0.02,102.08,35.35,22-05-23-08-21-47-226
75.52,-0.05,102.12,37.89,22-05-23-08-21-47-259
75.47,-0.12,103.77,45.36,22-05-23-08-21-47-294
75.41,-0.19,105.76,51.43,22-05-23-08-21-47-325
75.35,-0.26,106.19,57.47,22-05-23-08-21-47-358
75.30,-0.34,106.73,60.78,22-05-23-08-21-47-392
75.26,-0.41,107.59,64.55,22-05-23-08-21-47-426
75.24,-0.49,108.36,68.50,22-05-23-08-21-47-460
75.23,-0.57,109.38,73.11,22-05-23-08-21-47-495
75.20,-0.66,109.55,77.65,22-05-23-08-21-47-526
75.12,-0.75,109.73,81.73,22-05-23-08-21-47-561
74.98,-0.87,110.04,86.88,22-05-23-08-21-47-591
74.88,-1.05,110.67,92.06,22-05-23-08-21-47-626
74.80,-1.24,112.18,101.30,22-05-23-08-21-47-660
74.78,-1.39,113.42,105.09,22-05-23-08-21-47-693
74.77,-1.58,114.69,110.39,22-05-23-08-21-47-727
74.78,-1.80,115.87,112.62,22-05-23-08-21-47-763
74.83,-2.01,118.04,121.40,22-05-23-08-21-47-791
74.88,-2.21,119.43,124.01,22-05-23-08-21-47-826
75.00,-2.41,120.65,125.66,22-05-23-08-21-47-859
75.13,-2.58,121.73,126.77,22-05-23-08-21-47-892
75.33,-2.76,122.93,127.37,22-05-23-08-21-47-925
75.62,-2.92,124.06,127.55,22-05-23-08-21-47-961
75.91,-3.04,125.04,127.41,22-05-23-08-21-47-992
76.20,-3.15,125.98,126.98,22-05-23-08-21-48-026
76.49,-3.25,126.88,126.39,22-05-23-08-21-48-058
76.75,-3.33,127.61,126.08,22-05-23-08-21-48-094
76.98,-3.38,128.13,125.85,22-05-23-08-21-48-123
77.17,-3.40,128.51,125.68,22-05-23-08-21-48-159
77.33,-3.41,128.76,125.55,22-05-23-08-21-48-192
77.47,-3.39,128.90,125.44,22-05-23-08-21-48-228
77.56,-3.36,128.90,125.39,22-05-23-08-21-48-259
77.64,-3.34,129.78,125.31,22-05-23-08-21-48-292
77.69,-3.30,130.19,125.22,22-05-23-08-21-48-324
77.74,-3.26,130.12,125.10,22-05-23-08-21-48-359
77.76,-3.22,128.96,124.53,22-05-23-08-21-48-397
77.78,-3.17,127.84,123.91,22-05-23-08-21-48-425
77.80,-3.13,126.12,122.16,22-05-23-08-21-48-459
77.78,-3.09,124.56,120.83,22-05-23-08-21-48-494
77.75,-3.06,120.04,113.13,22-05-23-08-21-48-526
77.68,-3.05,117.71,107.24,22-05-23-08-21-48-559
77.44,-3.16,115.81,103.08,22-05-23-08-21-48-593
76.93,-3.40,113.86,98.54,22-05-23-08-21-48-625
76.34,-3.73,111.15,91.81,22-05-23-08-21-48-659
75.95,-4.00,109.43,86.60,22-05-23-08-21-48-694
75.63,-4.13,108.11,82.73,22-05-23-08-21-48-725
75.35,-4.25,107.05,77.84,22-05-23-08-21-48-759
75.20,-4.34,106.29,72.48,22-05-23-08-21-48-792
75.17,-4.37,106.10,68.57,22-05-23-08-21-48-823
75.18,-4.40,104.47,54.40,22-05-23-08-21-48-859
75.17,-4.36,103.38,50.85,22-05-23-08-21-48-898
75.25,-4.34,102.64,47.95,22-05-23-08-21-48-924
75.37,-4.32,102.13,45.73,22-05-23-08-21-48-959
75.51,-4.28,101.48,43.86,22-05-23-08-21-48-994
75.62,-4.17,99.01,39.50,22-05-23-08-21-49-025
75.72,-4.00,97.67,36.95,22-05-23-08-21-49-060
75.78,-3.89,96.84,34.64,22-05-23-08-21-49-094
75.81,-3.84,97.08,32.14,22-05-23-08-21-49-126
75.83,-3.76,666.00,28.53,22-05-23-08-21-49-160
75.81,-3.62,666.00,25.73,22-05-23-08-21-49-193
75.85,-3.45,666.00,23.75,22-05-23-08-21-49-226
75.90,-3.31,666.00,20.07,22-05-23-08-21-49-258
75.95,-3.14,666.00,17.57,22-05-23-08-21-49-292
75.95,-3.00,666.00,15.65,22-05-23-08-21-49-327
75.90,-2.90,666.00,12.49,22-05-23-08-21-49-361
75.83,-2.84,666.00,9.42,22-05-23-08-21-49-393
75.76,-2.87,666.00,8.16,22-05-23-08-21-49-426
75.70,-2.92,666.00,7.57,22-05-23-08-21-49-459
75.65,-3.05,666.00,7.18,22-05-23-08-21-49-491
75.63,-3.19,666.00,6.94,22-05-23-08-21-49-526
75.55,-3.30,666.00,6.87,22-05-23-08-21-49-560
75.48,-3.38,666.00,6.85,22-05-23-08-21-49-593
75.44,-3.37,666.00,6.72,22-05-23-08-21-49-627
75.41,-3.36,666.00,6.56,22-05-23-08-21-49-663
75.37,-3.35,666.00,6.57,22-05-23-08-21-49-694
75.32,-3.36,666.00,6.60,22-05-23-08-21-49-724
75.25,-3.37,666.00,6.64,22-05-23-08-21-49-760
75.17,-3.40,666.00,6.71,22-05-23-08-21-49-793
75.13,-3.48,666.00,6.80,22-05-23-08-21-49-825
75.07,-3.56,666.00,6.97,22-05-23-08-21-49-860
75.01,-3.59,666.00,7.33,22-05-23-08-21-49-890
74.92,-3.59,666.00,8.20,22-05-23-08-21-49-927
74.84,-3.60,666.00,13.38,22-05-23-08-21-49-961
74.75,-3.66,666.00,15.77,22-05-23-08-21-49-992
74.68,-3.75,666.00,17.29,22-05-23-08-21-50-031
74.64,-3.87,666.00,19.30,22-05-23-08-21-50-061
74.56,-4.01,666.00,21.08,22-05-23-08-21-50-091
74.47,-4.13,666.00,24.15,22-05-23-08-21-50-128
74.39,-4.26,666.00,26.30,22-05-23-08-21-50-160
74.23,-4.29,666.00,28.33,22-05-23-08-21-50-191
74.08,-4.34,113.70,32.84,22-05-23-08-21-50-228
73.97,-4.42,114.13,35.82,22-05-23-08-21-50-259
73.88,-4.45,116.27,44.85,22-05-23-08-21-50-292
73.82,-4.49,116.31,47.01,22-05-23-08-21-50-326
73.79,-4.50,115.80,53.62,22-05-23-08-21-50-360
73.78,-4.43,115.24,55.05,22-05-23-08-21-50-393
73.82,-4.36,114.91,56.62,22-05-23-08-21-50-425
73.90,-4.32,118.07,68.04,22-05-23-08-21-50-459
73.99,-4.24,118.31,73.04,22-05-23-08-21-50-492
74.06,-4.24,117.68,76.71,22-05-23-08-21-50-525
74.09,-4.26,117.25,79.92,22-05-23-08-21-50-560
74.05,-4.28,117.27,83.33,22-05-23-08-21-50-595
73.97,-4.30,118.47,88.38,22-05-23-08-21-50-626
73.89,-4.34,119.07,91.53,22-05-23-08-21-50-658
73.82,-4.38,119.56,94.62,22-05-23-08-21-50-693
73.81,-4.36,119.64,97.16,22-05-23-08-21-50-725
73.81,-4.34,119.75,100.96,22-05-23-08-21-50-760
73.86,-4.32,119.50,107.35,22-05-23-08-21-50-793
73.93,-4.29,120.76,114.80,22-05-23-08-21-50-823
74.04,-4.44,122.27,118.99,22-05-23-08-21-50-861
74.13,-4.54,123.16,121.45,22-05-23-08-21-50-893
74.32,-4.57,123.81,123.01,22-05-23-08-21-50-922
74.63,-4.51,124.26,124.22,22-05-23-08-21-50-958
74.92,-4.67,128.55,127.20,22-05-23-08-21-50-994
75.16,-5.03,131.70,128.09,22-05-23-08-21-51-025
75.40,-5.45,139.30,136.91,22-05-23-08-21-51-059
75.66,-5.83,143.48,139.29,22-05-23-08-21-51-095
75.97,-6.02,146.16,140.43,22-05-23-08-21-51-126
76.21,-6.19,148.25,141.12,22-05-23-08-21-51-161
76.41,-6.32,149.79,141.52,22-05-23-08-21-51-194
76.57,-6.35,150.55,141.69,22-05-23-08-21-51-226
76.70,-6.35,150.87,141.65,22-05-23-08-21-51-262
76.83,-6.30,150.86,141.50,22-05-23-08-21-51-294
76.95,-6.28,150.88,141.27,22-05-23-08-21-51-328
77.06,-6.21,150.64,141.09,22-05-23-08-21-51-358
77.14,-6.12,150.00,140.95,22-05-23-08-21-51-393
77.21,-6.06,146.97,140.57,22-05-23-08-21-51-427
77.26,-5.97,145.85,140.03,22-05-23-08-21-51-458
77.30,-5.90,144.49,139.73,22-05-23-08-21-51-493
77.32,-5.81,135.92,130.94,22-05-23-08-21-51-528
77.32,-5.65,132.89,126.66,22-05-23-08-21-51-559
77.33,-5.54,130.99,122.38,22-05-23-08-21-51-593
77.34,-5.39,129.82,118.30,22-05-23-08-21-51-625
77.37,-5.23,128.54,113.01,22-05-23-08-21-51-659
77.41,-5.06,124.85,101.63,22-05-23-08-21-51-694
77.33,-4.85,122.46,96.79,22-05-23-08-21-51-725
77.29,-4.65,120.78,93.58,22-05-23-08-21-51-759
77.33,-4.49,119.47,89.05,22-05-23-08-21-51-793
77.38,-4.38,118.00,84.84,22-05-23-08-21-51-824
77.48,-4.25,116.72,81.59,22-05-23-08-21-51-862
77.61,-4.14,115.75,77.93,22-05-23-08-21-51-891
77.71,-4.06,115.08,74.33,22-05-23-08-21-51-925
77.79,-3.97,112.99,65.06,22-05-23-08-21-51-961
77.86,-3.85,112.83,61.36,22-05-23-08-21-51-990
77.86,-3.71,110.60,56.64,22-05-23-08-21-52-027
77.92,-3.53,109.17,54.12,22-05-23-08-21-52-058
77.94,-3.39,107.89,51.34,22-05-23-08-21-52-093
78.02,-3.31,107.17,48.38,22-05-23-08-21-52-126
78.15,-3.29,106.80,45.72,22-05-23-08-21-52-162
78.25,-3.29,106.51,41.98,22-05-23-08-21-52-192
78.30,-3.30,103.51,32.95,22-05-23-08-21-52-223
78.36,-3.31,666.00,28.43,22-05-23-08-21-52-262
78.39,-3.27,666.00,23.81,22-05-23-08-21-52-293
78.49,-3.28,666.00,20.60,22-05-23-08-21-52-328
78.58,-3.33,666.00,15.54,22-05-23-08-21-52-358
78.59,-3.32,666.00,12.84,22-05-23-08-21-52-394
78.56,-3.29,666.00,10.68,22-05-23-08-21-52-425
78.47,-3.24,666.00,9.45,22-05-23-08-21-52-460
78.36,-3.16,666.00,8.67,22-05-23-08-21-52-492
78.22,-3.10,666.00,8.22,22-05-23-08-21-52-525
78.10,-3.07,666.00,7.88,22-05-23-08-21-52-562
77.95,-3.01,666.00,7.56,22-05-23-08-21-52-590
77.81,-2.95,666.00,7.45,22-05-23-08-21-52-626
77.65,-2.85,666.00,7.50,22-05-23-08-21-52-662
77.48,-2.70,666.00,7.64,22-05-23-08-21-52-690
77.27,-2.56,666.00,8.35,22-05-23-08-21-52-724
77.10,-2.44,666.00,8.04,22-05-23-08-21-52-759
76.93,-2.30,666.00,8.79,22-05-23-08-21-52-794
76.79,-2.15,666.00,8.06,22-05-23-08-21-52-826
76.68,-1.99,666.00,8.64,22-05-23-08-21-52-859
76.58,-1.83,666.00,8.13,22-05-23-08-21-52-891
76.45,-1.68,666.00,8.06,22-05-23-08-21-52-924
76.33,-1.53,666.00,7.98,22-05-23-08-21-52-959
76.22,-1.39,666.00,8.11,22-05-23-08-21-52-992
76.12,-1.26,666.00,10.68,22-05-23-08-21-53-028
76.02,-1.15,666.00,11.83,22-05-23-08-21-53-058
75.94,-1.04,666.00,12.79,22-05-23-08-21-53-093
75.83,-0.90,666.00,13.90,22-05-23-08-21-53-127
75.72,-0.76,666.00,14.75,22-05-23-08-21-53-158
75.62,-0.64,666.00,15.47,22-05-23-08-21-53-191
75.52,-0.52,666.00,16.03,22-05-23-08-21-53-223
75.46,-0.44,666.00,16.61,22-05-23-08-21-53-259
75.39,-0.38,666.00,21.83,22-05-23-08-21-53-292
75.33,-0.35,666.00,24.40,22-05-23-08-21-53-326
75.24,-0.36,666.00,26.23,22-05-23-08-21-53-360
75.18,-0.39,666.00,29.07,22-05-23-08-21-53-393
75.13,-0.47,107.24,31.44,22-05-23-08-21-53-427
75.11,-0.53,106.08,33.62,22-05-23-08-21-53-459
75.10,-0.60,106.16,38.72,22-05-23-08-21-53-491
75.10,-0.66,108.01,45.15,22-05-23-08-21-53-524
75.10,-0.72,108.00,47.14,22-05-23-08-21-53-562
75.14,-0.77,107.79,48.95,22-05-23-08-21-53-591
75.21,-0.84,108.08,52.81,22-05-23-08-21-53-624
75.25,-0.91,108.76,64.34,22-05-23-08-21-53-659
75.32,-1.02,109.07,70.30,22-05-23-08-21-53-693
75.39,-1.14,109.02,74.23,22-05-23-08-21-53-724
75.41,-1.27,109.27,78.23,22-05-23-08-21-53-761
75.40,-1.40,110.84,86.62,22-05-23-08-21-53-792
75.29,-1.59,111.65,90.63,22-05-23-08-21-53-826
75.21,-1.80,112.27,93.52,22-05-23-08-21-53-857
75.14,-1.97,112.79,96.50,22-05-23-08-21-53-892
75.13,-2.10,115.20,103.63,22-05-23-08-21-53-926
75.17,-2.24,116.92,107.36,22-05-23-08-21-53-959
75.26,-2.45,117.81,117.48,22-05-23-08-21-53-994
75.55,-2.73,118.82,121.06,22-05-23-08-21-54-030
75.97,-2.96,120.29,124.49,22-05-23-08-21-54-057
76.63,-3.18,121.94,126.00,22-05-23-08-21-54-093
77.34,-3.30,123.25,127.07,22-05-23-08-21-54-126
78.02,-3.31,122.89,126.89,22-05-23-08-21-54-158
78.54,-3.30,122.44,126.66,22-05-23-08-21-54-195
78.92,-3.27,121.86,126.27,22-05-23-08-21-54-224
79.22,-3.27,121.51,125.74,22-05-23-08-21-54-260
79.44,-3.26,121.14,125.19,22-05-23-08-21-54-291
79.61,-3.20,120.63,124.64,22-05-23-08-21-54-326
79.75,-3.14,120.22,124.17,22-05-23-08-21-54-360
79.83,-3.00,119.45,123.73,22-05-23-08-21-54-390
79.88,-2.85,118.65,123.37,22-05-23-08-21-54-427
79.94,-2.66,117.65,123.11,22-05-23-08-21-54-458
79.99,-2.46,116.66,122.90,22-05-23-08-21-54-490
80.04,-2.30,115.82,122.74,22-05-23-08-21-54-526
80.10,-2.13,114.99,122.71,22-05-23-08-21-54-558
80.15,-2.00,114.28,122.71,22-05-23-08-21-54-593
80.18,-1.90,113.77,122.72,22-05-23-08-21-54-626
80.19,-1.81,113.32,122.73,22-05-23-08-21-54-659
80.19,-1.76,113.05,122.74,22-05-23-08-21-54-693
80.18,-1.73,113.01,122.46,22-05-23-08-21-54-725
80.17,-1.72,114.33,121.01,22-05-23-08-21-54-757
80.15,-1.78,114.54,115.20,22-05-23-08-21-54-793
80.12,-1.90,114.57,105.83,22-05-23-08-21-54-826
80.09,-2.04,114.82,100.64,22-05-23-08-21-54-859
80.05,-2.23,115.09,97.77,22-05-23-08-21-54-892
80.02,-2.47,113.32,89.28,22-05-23-08-21-54-928
79.97,-2.81,113.34,85.45,22-05-23-08-21-54-959
79.92,-3.14,113.93,82.51,22-05-23-08-21-54-994
79.87,-3.47,114.64,79.16,22-05-23-08-21-55-024
79.83,-3.79,115.37,76.51,22-05-23-08-21-55-059
79.80,-4.09,115.04,70.90,22-05-23-08-21-55-093
79.81,-4.43,115.61,67.64,22-05-23-08-21-55-128
79.82,-4.73,116.61,62.94,22-05-23-08-21-55-159
79.84,-4.95,117.56,59.89,22-05-23-08-21-55-192
79.85,-5.14,118.58,56.93,22-05-23-08-21-55-225
79.97,-5.24,119.85,52.43,22-05-23-08-21-55-260
80.14,-5.33,119.85,46.55,22-05-23-08-21-55-294
80.42,-5.44,120.28,42.54,22-05-23-08-21-55-325
80.70,-5.53,120.97,38.53,22-05-23-08-21-55-359
80.98,-5.55,120.13,31.40,22-05-23-08-21-55-396
81.22,-5.51,666.00,27.18,22-05-23-08-21-55-424
81.37,-5.44,666.00,24.50,22-05-23-08-21-55-461
81.48,-5.29,666.00,17.91,22-05-23-08-21-55-490
81.48,-5.16,666.00,14.91,22-05-23-08-21-55-524
81.44,-5.04,666.00,12.39,22-05-23-08-21-55-560
81.35,-4.93,666.00,10.82,22-05-23-08-21-55-595
81.20,-4.80,666.00,9.87,22-05-23-08-21-55-626
81.01,-4.64,666.00,9.08,22-05-23-08-21-55-659
80.72,-4.37,666.00,8.48,22-05-23-08-21-55-690
80.39,-4.04,666.00,8.35,22-05-23-08-21-55-726
80.06,-3.68,666.00,8.49,22-05-23-08-21-55-757
79.77,-3.32,666.00,8.72,22-05-23-08-21-55-790
79.13,-2.51,666.00,10.02,22-05-23-08-21-55-824
78.62,-1.90,666.00,11.05,22-05-23-08-21-55-858
78.23,-1.40,666.00,11.84,22-05-23-08-21-55-896
77.93,-0.97,666.00,12.31,22-05-23-08-21-55-928
77.73,-0.53,666.00,12.30,22-05-23-08-21-55-959
77.60,-0.11,666.00,12.76,22-05-23-08-21-55-992
77.56,0.26,666.00,13.13,22-05-23-08-21-56-028
77.58,0.61,666.00,13.24,22-05-23-08-21-56-059
77.63,0.92,666.00,13.46,22-05-23-08-21-56-092
77.73,1.20,666.00,15.62,22-05-23-08-21-56-125
77.87,1.45,666.00,16.69,22-05-23-08-21-56-159
78.05,1.68,666.00,19.92,22-05-23-08-21-56-195
78.24,1.90,666.00,22.21,22-05-23-08-21-56-225
78.44,2.14,666.00,23.85,22-05-23-08-21-56-257
78.61,2.36,666.00,25.62,22-05-23-08-21-56-293
78.81,2.59,666.00,27.65,22-05-23-08-21-56-326
79.00,2.96,88.91,30.37,22-05-23-08-21-56-362
79.18,3.27,85.55,32.69,22-05-23-08-21-56-393
79.35,3.57,83.75,34.40,22-05-23-08-21-56-422
79.48,3.83,79.99,43.18,22-05-23-08-21-56-460
79.60,4.06,77.44,50.36,22-05-23-08-21-56-491
79.71,4.28,76.69,57.08,22-05-23-08-21-56-524
79.83,4.52,77.16,68.21,22-05-23-08-21-56-560
80.00,4.76,75.71,73.13,22-05-23-08-21-56-594
80.21,4.99,73.24,79.00,22-05-23-08-21-56-627
80.43,5.18,72.53,90.48,22-05-23-08-21-56-659
80.86,5.22,71.05,96.21,22-05-23-08-21-56-691
81.32,5.24,68.62,99.91,22-05-23-08-21-56-728
81.85,5.21,66.41,101.95,22-05-23-08-21-56-760
82.57,5.24,63.78,108.87,22-05-23-08-21-56-792
83.47,5.35,59.94,111.57,22-05-23-08-21-56-826
84.27,5.47,56.13,113.49,22-05-23-08-21-56-859
84.98,5.63,52.53,117.67,22-05-23-08-21-56-894
85.64,5.81,48.76,121.39,22-05-23-08-21-56-928
86.24,5.99,45.57,129.66,22-05-23-08-21-56-960
86.78,6.22,41.48,132.10,22-05-23-08-21-56-994
87.18,6.41,40.21,139.23,22-05-23-08-21-57-024
87.47,6.60,38.15,141.16,22-05-23-08-21-57-060
87.71,6.78,36.37,142.30,22-05-23-08-21-57-092
87.89,6.95,34.96,143.03,22-05-23-08-21-57-127
88.04,7.13,33.74,143.41,22-05-23-08-21-57-158
88.16,7.30,32.73,143.44,22-05-23-08-21-57-193
88.27,7.44,31.84,143.32,22-05-23-08-21-57-227
88.36,7.55,31.13,143.09,22-05-23-08-21-57-260
88.44,7.66,30.42,142.79,22-05-23-08-21-57-290
88.54,7.75,29.60,142.49,22-05-23-08-21-57-327
88.62,7.80,29.07,142.21,22-05-23-08-21-57-360
88.70,7.85,28.44,141.95,22-05-23-08-21-57-391
88.77,7.89,27.94,141.74,22-05-23-08-21-57-428
88.84,7.94,27.45,141.55,22-05-23-08-21-57-459
88.89,7.99,26.47,136.64,22-05-23-08-21-57-491
88.92,8.03,26.07,134.70,22-05-23-08-21-57-528
88.92,8.07,25.47,132.78,22-05-23-08-21-57-560
88.91,8.11,24.26,128.83,22-05-23-08-21-57-593
88.88,8.06,23.78,126.52,22-05-23-08-21-57-629
88.82,7.97,23.79,124.71,22-05-23-08-21-57-658
88.73,7.78,24.07,122.90,22-05-23-08-21-57-692
88.62,7.58,21.64,115.51,22-05-23-08-21-57-726
88.43,7.34,20.57,108.79,22-05-23-08-21-57-759
88.19,7.11,20.51,99.01,22-05-23-08-21-57-791
87.96,6.77,22.18,94.31,22-05-23-08-21-57-825
87.73,6.48,23.99,88.75,22-05-23-08-21-57-857
87.48,6.00,28.52,84.23,22-05-23-08-21-57-892
87.28,5.59,29.95,77.54,22-05-23-08-21-57-924
87.16,5.28,31.55,73.53,22-05-23-08-21-57-958
87.09,5.06,32.89,70.38,22-05-23-08-21-57-993
87.04,4.86,32.67,63.46,22-05-23-08-21-58-023
86.99,4.73,32.73,55.16,22-05-23-08-21-58-060
86.97,4.65,32.52,51.27,22-05-23-08-21-58-091
87.00,4.64,31.90,48.21,22-05-23-08-21-58-125
87.15,4.74,29.57,45.45,22-05-23-08-21-58-160
87.40,4.90,26.66,42.12,22-05-23-08-21-58-194
87.77,5.21,23.10,35.61,22-05-23-08-21-58-224
88.15,5.53,20.16,31.73,22-05-23-08-21-58-261
88.53,5.90,666.00,28.35,22-05-23-08-21-58-294
88.85,6.24,666.00,25.17,22-05-23-08-21-58-337
89.09,6.53,666.00,21.96,22-05-23-08-21-58-359
89.25,6.75,666.00,15.90,22-05-23-08-21-58-390
89.35,6.93,666.00,13.16,22-05-23-08-21-58-425
89.39,7.12,666.00,10.03,22-05-23-08-21-58-459
89.34,7.36,666.00,8.57,22-05-23-08-21-58-491
89.23,7.55,666.00,7.46,22-05-23-08-21-58-523
89.05,7.70,666.00,6.98,22-05-23-08-21-58-560
88.78,7.84,666.00,7.94,22-05-23-08-21-58-591
88.46,7.85,666.00,9.56,22-05-23-08-21-58-625
88.10,7.78,666.00,10.40,22-05-23-08-21-58-660
87.74,7.70,666.00,11.00,22-05-23-08-21-58-695
87.43,7.60,666.00,11.43,22-05-23-08-21-58-725
87.15,7.50,666.00,11.67,22-05-23-08-21-58-760
86.85,7.38,666.00,11.85,22-05-23-08-21-58-792
86.56,7.20,666.00,11.94,22-05-23-08-21-58-825
86.28,6.96,666.00,10.83,22-05-23-08-21-58-860
85.99,6.70,666.00,10.63,22-05-23-08-21-58-892
85.70,6.49,666.00,10.45,22-05-23-08-21-58-927
85.32,6.29,666.00,10.65,22-05-23-08-21-58-958
84.97,6.05,666.00,10.35,22-05-23-08-21-58-992
84.64,5.68,666.00,11.69,22-05-23-08-21-59-024
84.32,5.25,666.00,11.25,22-05-23-08-21-59-058
83.97,4.78,666.00,11.41,22-05-23-08-21-59-094
83.40,4.21,666.00,12.16,22-05-23-08-21-59-126
82.79,3.63,666.00,13.33,22-05-23-08-21-59-158
82.16,3.04,666.00,16.81,22-05-23-08-21-59-191
81.59,2.53,666.00,19.64,22-05-23-08-21-59-225
81.05,2.06,666.00,22.98,22-05-23-08-21-59-256
80.52,1.63,666.00,26.39,22-05-23-08-21-59-295
80.09,1.22,97.12,35.39,22-05-23-08-21-59-324
79.69,0.81,101.26,42.61,22-05-23-08-21-59-360
79.35,0.38,103.14,45.88,22-05-23-08-21-59-391
79.16,-0.05,105.32,55.34,22-05-23-08-21-59-426
79.04,-0.45,106.86,60.18,22-05-23-08-21-59-464
78.98,-0.86,108.93,63.94,22-05-23-08-21-59-490
79.05,-1.47,111.39,66.52,22-05-23-08-21-59-525
79.09,-2.06,113.85,69.31,22-05-23-08-21-59-559
79.21,-2.64,117.82,75.96,22-05-23-08-21-59-593
79.31,-3.22,121.02,80.32,22-05-23-08-21-59-627
79.40,-3.73,124.47,85.47,22-05-23-08-21-59-659
79.52,-4.21,127.39,89.78,22-05-23-08-21-59-692
79.63,-4.60,131.75,102.33,22-05-23-08-21-59-726
79.77,-4.98,133.94,107.69,22-05-23-08-21-59-761
79.95,-5.33,140.93,117.53,22-05-23-08-21-59-790
80.09,-5.61,145.28,128.18,22-05-23-08-21-59-825
80.22,-5.84,148.00,131.72,22-05-23-08-21-59-860
80.37,-6.08,150.38,134.00,22-05-23-08-21-59-893
80.50,-6.27,152.19,135.36,22-05-23-08-21-59-927
80.63,-6.45,153.55,135.86,22-05-23-08-21-59-958
80.73,-6.58,154.34,135.70,22-05-23-08-21-59-992
80.83,-6.65,154.75,135.17,22-05-23-08-22-00-025
80.94,-6.72,155.08,134.50,22-05-23-08-22-00-059
81.03,-6.78,155.32,133.83,22-05-23-08-22-00-091
81.11,-6.83,155.58,133.24,22-05-23-08-22-00-127
81.19,-6.85,155.73,132.72,22-05-23-08-22-00-159
81.27,-6.83,155.71,132.23,22-05-23-08-22-00-193
81.35,-6.82,155.74,131.78,22-05-23-08-22-00-227
81.40,-6.85,155.90,131.43,22-05-23-08-22-00-261
81.44,-6.85,155.95,131.19,22-05-23-08-22-00-294
81.47,-6.83,155.85,130.99,22-05-23-08-22-00-326
81.49,-6.82,155.76,130.86,22-05-23-08-22-00-360
81.47,-6.79,155.47,130.79,22-05-23-08-22-00-394
81.44,-6.77,155.19,130.73,22-05-23-08-22-00-425
81.35,-6.82,153.98,126.30,22-05-23-08-22-00-464
81.25,-6.87,153.38,124.67,22-05-23-08-22-00-493
81.14,-6.95,152.89,123.35,22-05-23-08-22-00-524
81.02,-7.08,152.80,121.93,22-05-23-08-22-00-559
80.90,-7.23,152.52,120.92,22-05-23-08-22-00-593
80.76,-7.48,151.45,117.84,22-05-23-08-22-00-626
80.60,-7.80,149.96,113.27,22-05-23-08-22-00-659
80.44,-8.11,147.50,100.19,22-05-23-08-22-00-692
80.18,-8.62,146.45,93.21,22-05-23-08-22-00-727
79.93,-9.25,145.98,89.93,22-05-23-08-22-00-758
81.15,-10.42,151.45,88.51,22-05-23-08-22-00-793
81.14,-11.22,151.14,79.12,22-05-23-08-22-00-827
81.08,-11.84,151.00,75.83,22-05-23-08-22-00-857
80.98,-12.32,149.18,68.81,22-05-23-08-22-00-893
80.85,-12.69,148.41,64.59,22-05-23-08-22-00-928
80.68,-12.98,148.25,62.03,22-05-23-08-22-00-957
80.56,-13.16,149.49,55.51,22-05-23-08-22-00-996
80.46,-13.26,149.16,49.72,22-05-23-08-22-01-026
80.38,-13.33,147.97,44.99,22-05-23-08-22-01-059
80.32,-13.36,146.83,41.58,22-05-23-08-22-01-093
80.26,-13.37,144.79,37.45,22-05-23-08-22-01-122
80.22,-13.36,143.62,34.91,22-05-23-08-22-01-159
80.20,-13.31,666.00,29.30,22-05-23-08-22-01-195
80.18,-13.22,666.00,26.74,22-05-23-08-22-01-225
80.17,-13.09,666.00,24.11,22-05-23-08-22-01-258
80.16,-12.93,666.00,21.76,22-05-23-08-22-01-293
80.14,-12.80,666.00,19.98,22-05-23-08-22-01-326
80.11,-12.59,666.00,16.87,22-05-23-08-22-01-357
80.09,-12.30,666.00,15.00,22-05-23-08-22-01-390
80.08,-12.02,666.00,13.00,22-05-23-08-22-01-424
80.06,-11.75,666.00,11.68,22-05-23-08-22-01-459
80.02,-11.51,666.00,8.34,22-05-23-08-22-01-492
79.96,-11.25,666.00,6.79,22-05-23-08-22-01-527
79.90,-11.02,666.00,5.76,22-05-23-08-22-01-559
79.84,-10.82,666.00,5.32,22-05-23-08-22-01-591
79.78,-10.61,666.00,5.30,22-05-23-08-22-01-627
79.72,-10.51,666.00,5.41,22-05-23-08-22-01-659
79.67,-10.46,666.00,5.57,22-05-23-08-22-01-691
79.60,-10.47,666.00,6.93,22-05-23-08-22-01-723
79.53,-10.51,666.00,7.58,22-05-23-08-22-01-759
79.45,-10.58,666.00,7.91,22-05-23-08-22-01-793
79.37,-10.66,666.00,6.15,22-05-23-08-22-01-825
79.31,-10.75,666.00,6.40,22-05-23-08-22-01-858
79.20,-10.89,666.00,5.47,22-05-23-08-22-01-893
79.10,-11.03,666.00,7.03,22-05-23-08-22-01-926
78.99,-11.16,666.00,6.80,22-05-23-08-22-01-958
78.88,-11.26,666.00,6.78,22-05-23-08-22-01-991
78.76,-11.33,666.00,6.88,22-05-23-08-22-02-024
78.65,-11.37,666.00,9.33,22-05-23-08-22-02-060
78.52,-11.44,666.00,9.75,22-05-23-08-22-02-090
78.39,-11.52,666.00,10.09,22-05-23-08-22-02-123
78.31,-11.58,666.00,10.57,22-05-23-08-22-02-158
78.22,-11.63,666.00,11.40,22-05-23-08-22-02-192
78.80,-12.27,666.00,16.65,22-05-23-08-22-02-226
79.04,-12.40,666.00,19.44,22-05-23-08-22-02-258
78.33,-12.19,666.00,22.41,22-05-23-08-22-02-293
77.68,-12.05,666.00,24.69,22-05-23-08-22-02-327
77.20,-11.81,666.00,27.05,22-05-23-08-22-02-359
76.85,-11.55,666.00,29.07,22-05-23-08-22-02-394
76.61,-11.26,135.37,31.19,22-05-23-08-22-02-427
76.45,-10.97,134.32,32.77,22-05-23-08-22-02-457
76.31,-10.67,132.36,34.99,22-05-23-08-22-02-492
76.22,-10.38,132.92,44.87,22-05-23-08-22-02-525
76.18,-10.13,132.95,48.69,22-05-23-08-22-02-560
76.20,-9.91,132.88,51.77,22-05-23-08-22-02-592
76.24,-9.69,134.77,61.66,22-05-23-08-22-02-624
76.33,-9.45,135.11,66.04,22-05-23-08-22-02-661
76.44,-9.26,135.24,69.18,22-05-23-08-22-02-693
76.61,-9.06,135.48,72.55,22-05-23-08-22-02-728
76.81,-8.90,135.55,75.64,22-05-23-08-22-02-761
77.04,-8.78,136.00,78.59,22-05-23-08-22-02-793
77.54,-8.79,137.82,83.09,22-05-23-08-22-02-827
77.78,-8.72,139.87,89.29,22-05-23-08-22-02-859
77.97,-8.63,140.83,95.47,22-05-23-08-22-02-891
78.15,-8.58,143.19,108.20,22-05-23-08-22-02-926
78.31,-8.53,144.54,113.78,22-05-23-08-22-02-962
78.46,-8.41,144.97,116.64,22-05-23-08-22-02-991
78.62,-8.26,146.36,121.30,22-05-23-08-22-03-025
78.84,-8.16,148.51,128.76,22-05-23-08-22-03-059
79.09,-8.05,149.41,131.20,22-05-23-08-22-03-092
79.32,-7.92,150.03,132.82,22-05-23-08-22-03-125
79.53,-7.81,150.47,133.95,22-05-23-08-22-03-159
79.73,-7.64,150.54,134.63,22-05-23-08-22-03-195
79.89,-7.48,150.34,134.89,22-05-23-08-22-03-224
80.02,-7.28,149.78,134.85,22-05-23-08-22-03-259
80.11,-7.07,149.22,134.95,22-05-23-08-22-03-295
80.22,-6.78,148.31,135.05,22-05-23-08-22-03-326
80.31,-6.49,147.33,135.12,22-05-23-08-22-03-360
80.38,-6.22,146.38,135.17,22-05-23-08-22-03-394
80.43,-6.01,145.58,135.19,22-05-23-08-22-03-424
80.47,-5.84,144.95,135.19,22-05-23-08-22-03-459
80.51,-5.70,144.44,135.15,22-05-23-08-22-03-493
80.63,-5.62,144.39,134.88,22-05-23-08-22-03-525
80.72,-5.55,144.35,134.62,22-05-23-08-22-03-560
80.79,-5.49,144.25,134.41,22-05-23-08-22-03-592
80.82,-5.42,144.00,134.29,22-05-23-08-22-03-625
80.85,-5.36,143.78,134.20,22-05-23-08-22-03-657
80.85,-5.32,142.42,128.66,22-05-23-08-22-03-695
80.82,-5.31,142.74,125.13,22-05-23-08-22-03-723
80.78,-5.31,142.34,122.00,22-05-23-08-22-03-761
80.73,-5.32,141.96,119.19,22-05-23-08-22-03-793
80.66,-5.36,140.99,114.53,22-05-23-08-22-03-825
80.57,-5.46,139.48,109.71,22-05-23-08-22-03-860
80.45,-5.58,138.38,103.94,22-05-23-08-22-03-890
80.36,-5.84,136.46,94.30,22-05-23-08-22-03-925
80.22,-6.18,136.48,90.11,22-05-23-08-22-03-959
80.04,-6.73,137.33,86.65,22-05-23-08-22-03-994
79.90,-7.21,138.42,82.62,22-05-23-08-22-04-027
79.76,-7.57,138.60,78.26,22-05-23-08-22-04-059
79.63,-7.92,138.70,74.28,22-05-23-08-22-04-092
79.51,-8.27,138.90,70.34,22-05-23-08-22-04-124
79.40,-8.58,141.22,64.34,22-05-23-08-22-04-161
79.26,-8.87,141.73,60.03,22-05-23-08-22-04-192
79.12,-9.14,140.51,49.13,22-05-23-08-22-04-226
78.97,-9.46,140.25,46.48,22-05-23-08-22-04-260
78.85,-9.74,139.72,42.65,22-05-23-08-22-04-291
78.73,-9.99,142.26,36.35,22-05-23-08-22-04-326
78.61,-10.23,142.94,33.78,22-05-23-08-22-04-361
78.49,-10.45,142.02,31.78,22-05-23-08-22-04-393
78.37,-10.59,140.96,30.58,22-05-23-08-22-04-423
78.22,-10.71,666.00,29.65,22-05-23-08-22-04-460
77.98,-10.84,666.00,28.65,22-05-23-08-22-04-493
77.78,-10.86,666.00,28.33,22-05-23-08-22-04-527
77.60,-10.90,666.00,20.75,22-05-23-08-22-04-559
77.44,-10.93,666.00,18.44,22-05-23-08-22-04-592
77.31,-10.95,666.00,16.63,22-05-23-08-22-04-627
77.20,-11.05,666.00,13.93,22-05-23-08-22-04-660
77.10,-11.15,666.00,12.48,22-05-23-08-22-04-691
77.03,-11.24,666.00,10.22,22-05-23-08-22-04-725
76.97,-11.32,666.00,9.94,22-05-23-08-22-04-759
76.91,-11.41,666.00,9.68,22-05-23-08-22-04-793
76.85,-11.50,666.00,9.38,22-05-23-08-22-04-825
76.79,-11.60,666.00,5.60,22-05-23-08-22-04-859
76.71,-11.68,666.00,4.28,22-05-23-08-22-04-891
76.61,-11.74,666.00,3.89,22-05-23-08-22-04-922
76.51,-11.79,666.00,3.63,22-05-23-08-22-04-958
76.40,-11.85,666.00,3.32,22-05-23-08-22-04-992
76.27,-11.90,666.00,2.77,22-05-23-08-22-05-025
76.13,-11.95,666.00,2.75,22-05-23-08-22-05-061
75.99,-12.01,666.00,2.80,22-05-23-08-22-05-092
75.85,-12.05,666.00,2.96,22-05-23-08-22-05-129
75.72,-12.05,666.00,5.88,22-05-23-08-22-05-161
75.61,-11.99,666.00,8.09,22-05-23-08-22-05-194
75.53,-11.92,666.00,9.87,22-05-23-08-22-05-225
75.44,-11.78,666.00,13.50,22-05-23-08-22-05-258
75.36,-11.66,666.00,16.36,22-05-23-08-22-05-292
75.30,-11.55,666.00,18.93,22-05-23-08-22-05-328
75.24,-11.46,666.00,21.65,22-05-23-08-22-05-357
75.19,-11.31,666.00,23.00,22-05-23-08-22-05-393
75.16,-11.16,133.45,30.68,22-05-23-08-22-05-425
75.14,-10.98,134.62,35.69,22-05-23-08-22-05-458
75.18,-10.77,135.30,38.06,22-05-23-08-22-05-492
75.23,-10.60,136.42,42.76,22-05-23-08-22-05-526
75.29,-10.47,136.69,44.65,22-05-23-08-22-05-558
75.34,-10.37,139.29,52.48,22-05-23-08-22-05-593
75.44,-10.28,140.09,55.89,22-05-23-08-22-05-627
75.55,-10.21,142.56,65.69,22-05-23-08-22-05-657
75.70,-10.15,141.92,69.79,22-05-23-08-22-05-692
75.85,-10.11,137.60,66.14,22-05-23-08-22-05-728
76.09,-10.07,136.95,70.34,22-05-23-08-22-05-758
76.33,-10.03,136.68,73.43,22-05-23-08-22-05-794
76.80,-10.13,138.56,78.17,22-05-23-08-22-05-825
77.17,-10.23,140.13,81.36,22-05-23-08-22-05-857
77.48,-10.28,142.65,90.36,22-05-23-08-22-05-894
77.76,-10.32,144.11,93.72,22-05-23-08-22-05-925
78.04,-10.28,145.63,96.72,22-05-23-08-22-05-956
78.28,-10.25,147.56,100.77,22-05-23-08-22-05-993
78.50,-10.23,151.18,111.32,22-05-23-08-22-06-025
78.71,-10.24,152.77,115.49,22-05-23-08-22-06-059
78.85,-10.15,154.27,119.58,22-05-23-08-22-06-093
79.02,-10.06,155.54,122.32,22-05-23-08-22-06-125
79.20,-9.99,156.59,124.01,22-05-23-08-22-06-159
79.46,-9.92,157.96,126.15,22-05-23-08-22-06-192
79.76,-9.77,158.92,127.63,22-05-23-08-22-06-226
80.07,-9.55,159.56,128.61,22-05-23-08-22-06-258
80.30,-9.25,159.55,129.45,22-05-23-08-22-06-292
80.50,-9.00,159.54,129.96,22-05-23-08-22-06-327
80.66,-8.81,159.56,130.31,22-05-23-08-22-06-359
80.80,-8.65,159.55,130.56,22-05-23-08-22-06-391
80.90,-8.52,159.51,130.74,22-05-23-08-22-06-426
80.98,-8.40,159.43,130.86,22-05-23-08-22-06-459
81.05,-8.30,159.30,130.95,22-05-23-08-22-06-492
81.15,-8.17,159.18,130.95,22-05-23-08-22-06-526
81.28,-8.05,159.09,130.85,22-05-23-08-22-06-558
81.40,-7.95,159.01,130.76,22-05-23-08-22-06-591
81.49,-7.79,158.60,130.80,22-05-23-08-22-06-628
81.54,-7.66,158.04,130.88,22-05-23-08-22-06-659
81.58,-7.51,156.75,130.41,22-05-23-08-22-06-690
81.61,-7.38,154.73,126.15,22-05-23-08-22-06-724
81.62,-7.24,153.16,123.41,22-05-23-08-22-06-759
81.58,-7.15,151.56,120.73,22-05-23-08-22-06-793
81.48,-7.10,147.52,108.50,22-05-23-08-22-06-822
81.34,-7.08,145.14,101.35,22-05-23-08-22-06-858
81.19,-7.10,143.58,97.50,22-05-23-08-22-06-893
80.87,-7.27,142.23,94.68,22-05-23-08-22-06-924
80.57,-7.57,141.15,90.53,22-05-23-08-22-06-961
80.25,-8.06,140.26,86.35,22-05-23-08-22-06-991
80.03,-8.45,140.15,83.16,22-05-23-08-22-07-029
79.87,-8.76,139.99,79.92,22-05-23-08-22-07-059
79.77,-9.00,139.58,76.79,22-05-23-08-22-07-090
79.76,-9.14,139.54,75.35,22-05-23-08-22-07-124
79.80,-9.27,140.28,71.59,22-05-23-08-22-07-161
79.87,-9.36,139.69,62.85,22-05-23-08-22-07-192
79.92,-9.47,139.23,58.41,22-05-23-08-22-07-222
79.98,-9.63,136.87,51.20,22-05-23-08-22-07-257
80.03,-9.78,135.34,46.72,22-05-23-08-22-07-292
80.10,-9.88,134.74,43.13,22-05-23-08-22-07-329
80.20,-9.94,134.78,40.72,22-05-23-08-22-07-358
80.27,-9.99,134.94,38.32,22-05-23-08-22-07-392
80.34,-10.05,133.96,31.42,22-05-23-08-22-07-425
80.39,-10.11,666.00,27.05,22-05-23-08-22-07-458
80.43,-10.18,666.00,23.53,22-05-23-08-22-07-489
80.43,-10.22,666.00,20.80,22-05-23-08-22-07-526
80.37,-10.28,666.00,16.88,22-05-23-08-22-07-561
80.28,-10.34,666.00,13.68,22-05-23-08-22-07-591
80.19,-10.40,666.00,11.64,22-05-23-08-22-07-626
79.98,-10.49,666.00,10.14,22-05-23-08-22-07-661
79.62,-10.68,666.00,9.08,22-05-23-08-22-07-692
79.10,-10.89,666.00,8.43,22-05-23-08-22-07-725
78.54,-11.08,666.00,8.14,22-05-23-08-22-07-762
78.05,-11.17,666.00,7.00,22-05-23-08-22-07-791
77.63,-11.21,666.00,5.38,22-05-23-08-22-07-823
77.24,-11.21,666.00,4.44,22-05-23-08-22-07-859
76.88,-11.08,666.00,4.23,22-05-23-08-22-07-891
76.55,-10.88,666.00,4.16,22-05-23-08-22-07-925
76.30,-10.71,666.00,4.10,22-05-23-08-22-07-960
76.09,-10.52,666.00,4.11,22-05-23-08-22-07-992
75.92,-10.34,666.00,4.15,22-05-23-08-22-08-026
75.79,-10.17,666.00,4.25,22-05-23-08-22-08-063
75.68,-10.02,666.00,4.37,22-05-23-08-22-08-093
75.60,-9.90,666.00,4.54,22-05-23-08-22-08-126
75.53,-9.80,666.00,4.77,22-05-23-08-22-08-160
75.45,-9.69,666.00,5.69,22-05-23-08-22-08-191
75.37,-9.60,666.00,7.06,22-05-23-08-22-08-226
75.94,-9.60,666.00,13.02,22-05-23-08-22-08-260
75.16,-9.66,666.00,19.20,22-05-23-08-22-08-290
74.41,-9.72,666.00,24.13,22-05-23-08-22-08-326
73.80,-9.75,129.73,33.18,22-05-23-08-22-08-360
73.40,-9.59,129.77,37.12,22-05-23-08-22-08-393
73.07,-9.46,129.59,44.23,22-05-23-08-22-08-426
72.89,-9.34,129.69,47.87,22-05-23-08-22-08-459
72.81,-9.23,130.20,51.99,22-05-23-08-22-08-491
72.83,-9.09,130.35,56.96,22-05-23-08-22-08-525
72.87,-8.97,130.35,59.21,22-05-23-08-22-08-562
72.92,-8.87,129.86,59.47,22-05-23-08-22-08-593
72.99,-8.81,129.95,63.66,22-05-23-08-22-08-625
73.07,-8.77,132.64,76.12,22-05-23-08-22-08-658
73.22,-8.75,133.08,80.67,22-05-23-08-22-08-694
73.38,-8.78,133.09,82.25,22-05-23-08-22-08-724
73.40,-8.93,134.07,87.90,22-05-23-08-22-08-759
73.57,-9.07,135.21,91.47,22-05-23-08-22-08-792
73.74,-9.17,136.56,97.26,22-05-23-08-22-08-826
74.06,-9.34,136.54,98.92,22-05-23-08-22-08-859
74.70,-9.47,139.28,102.64,22-05-23-08-22-08-894
75.44,-9.52,141.32,104.95,22-05-23-08-22-08-925
76.16,-9.63,143.17,105.97,22-05-23-08-22-08-961
77.02,-9.78,147.66,116.13,22-05-23-08-22-08-994
77.85,-9.83,150.68,119.54,22-05-23-08-22-09-027
78.71,-9.81,153.57,122.14,22-05-23-08-22-09-059
79.55,-9.83,156.48,123.64,22-05-23-08-22-09-094
80.23,-9.76,158.87,125.21,22-05-23-08-22-09-125
80.82,-9.63,160.84,126.27,22-05-23-08-22-09-158
81.28,-9.47,162.27,127.02,22-05-23-08-22-09-196
81.65,-9.38,163.53,127.43,22-05-23-08-22-09-222
81.97,-9.27,164.53,127.63,22-05-23-08-22-09-258
82.21,-9.20,165.33,127.71,22-05-23-08-22-09-291
82.43,-9.11,165.99,127.71,22-05-23-08-22-09-327
82.61,-9.07,166.64,127.63,22-05-23-08-22-09-360
82.72,-9.00,166.92,127.56,22-05-23-08-22-09-391
82.78,-8.95,167.03,127.49,22-05-23-08-22-09-424
82.80,-8.94,167.11,127.34,22-05-23-08-22-09-458
82.72,-8.93,166.81,127.21,22-05-23-08-22-09-492
82.62,-8.96,166.51,127.10,22-05-23-08-22-09-526
82.50,-9.00,166.15,126.98,22-05-23-08-22-09-562
82.34,-9.05,165.93,126.76,22-05-23-08-22-09-592
82.19,-9.08,165.72,126.54,22-05-23-08-22-09-625
82.07,-9.05,165.47,126.32,22-05-23-08-22-09-659
81.94,-9.03,165.08,126.21,22-05-23-08-22-09-692
81.79,-8.99,164.38,125.95,22-05-23-08-22-09-725
81.57,-8.91,163.41,123.16,22-05-23-08-22-09-759
81.36,-8.55,156.50,116.68,22-05-23-08-22-09-793
81.22,-8.26,152.02,101.67,22-05-23-08-22-09-825
81.11,-8.02,149.76,98.18,22-05-23-08-22-09-861
81.02,-8.07,147.71,92.92,22-05-23-08-22-09-892
81.31,-8.19,148.80,90.56,22-05-23-08-22-09-925
81.75,-8.33,150.86,88.80,22-05-23-08-22-09-958
82.23,-8.98,151.28,78.59,22-05-23-08-22-09-994
82.61,-9.44,153.35,73.20,22-05-23-08-22-10-029
82.82,-9.71,153.49,64.34,22-05-23-08-22-10-056
82.93,-9.82,153.45,61.59,22-05-23-08-22-10-092
82.98,-9.83,153.11,59.53,22-05-23-08-22-10-124
83.08,-9.90,149.94,51.10,22-05-23-08-22-10-160
83.26,-10.00,148.99,46.93,22-05-23-08-22-10-192
83.47,-10.14,149.31,43.46,22-05-23-08-22-10-224
83.85,-10.31,147.02,34.90,22-05-23-08-22-10-258
84.26,-10.44,148.16,31.46,22-05-23-08-22-10-297
84.66,-10.52,666.00,27.91,22-05-23-08-22-10-327
85.07,-10.69,666.00,24.40,22-05-23-08-22-10-360
85.38,-10.97,666.00,21.86,22-05-23-08-22-10-394
85.57,-11.14,666.00,18.34,22-05-23-08-22-10-429
85.72,-11.41,666.00,16.16,22-05-23-08-22-10-459
85.80,-11.57,666.00,14.05,22-05-23-08-22-10-493
85.86,-11.78,666.00,12.76,22-05-23-08-22-10-526
85.81,-11.86,666.00,11.97,22-05-23-08-22-10-558
85.63,-11.88,666.00,11.40,22-05-23-08-22-10-592
85.31,-11.85,666.00,11.24,22-05-23-08-22-10-624
84.87,-11.79,666.00,9.82,22-05-23-08-22-10-658
84.29,-11.72,666.00,11.16,22-05-23-08-22-10-693
83.71,-11.64,666.00,8.78,22-05-23-08-22-10-724
82.93,-11.66,666.00,12.37,22-05-23-08-22-10-758
81.95,-11.74,666.00,9.82,22-05-23-08-22-10-793
80.12,-11.99,666.00,9.26,22-05-23-08-22-10-823
78.40,-12.30,666.00,8.30,22-05-23-08-22-10-859
76.48,-12.57,666.00,7.77,22-05-23-08-22-10-891
74.24,-12.80,666.00,8.31,22-05-23-08-22-10-925
71.84,-13.15,666.00,6.80,22-05-23-08-22-10-959
69.06,-13.58,666.00,7.73,22-05-23-08-22-10-990
66.47,-13.91,666.00,8.19,22-05-23-08-22-11-025
62.75,-14.39,666.00,8.51,22-05-23-08-22-11-062
59.53,-14.82,666.00,8.70,22-05-23-08-22-11-090
55.20,-15.39,666.00,12.40,22-05-23-08-22-11-125
51.17,-16.48,666.00,11.69,22-05-23-08-22-11-161
47.15,-18.18,666.00,10.93,22-05-23-08-22-11-192
44.20,-19.75,666.00,8.15,22-05-23-08-22-11-228
41.18,-21.64,666.00,9.16,22-05-23-08-22-11-260
38.65,-23.35,666.00,10.13,22-05-23-08-22-11-291
35.65,-25.26,666.00,11.01,22-05-23-08-22-11-323
32.86,-27.67,666.00,12.75,22-05-23-08-22-11-360
28.57,-32.54,666.00,15.51,22-05-23-08-22-11-395
25.73,-36.51,666.00,17.70,22-05-23-08-22-11-426
23.32,-41.78,666.00,18.69,22-05-23-08-22-11-458
21.41,-46.11,666.00,20.97,22-05-23-08-22-11-494
19.47,-50.26,666.00,23.18,22-05-23-08-22-11-525
18.11,-53.22,666.00,26.72,22-05-23-08-22-11-559
16.94,-55.43,-13.72,33.01,22-05-23-08-22-11-593
16.08,-56.91,-14.96,34.43,22-05-23-08-22-11-625
15.51,-57.77,-14.79,35.47,22-05-23-08-22-11-662
14.97,-58.24,-13.20,34.91,22-05-23-08-22-11-693
14.34,-58.57,-8.13,31.65,22-05-23-08-22-11-725
13.93,-58.50,666.00,28.40,22-05-23-08-22-11-759
13.72,-58.08,666.00,26.54,22-05-23-08-22-11-794
13.61,-57.48,666.00,25.43,22-05-23-08-22-11-824
13.57,-56.81,666.00,25.92,22-05-23-08-22-11-859
13.54,-56.18,666.00,26.40,22-05-23-08-22-11-893
13.53,-55.54,666.00,27.01,22-05-23-08-22-11-925
13.50,-55.02,666.00,27.57,22-05-23-08-22-11-959
13.48,-54.56,666.00,28.10,22-05-23-08-22-11-993
13.46,-54.16,666.00,28.57,22-05-23-08-22-12-024
13.44,-53.80,666.00,28.93,22-05-23-08-22-12-058
13.43,-53.46,666.00,29.38,22-05-23-08-22-12-094
13.42,-53.16,666.00,29.61,22-05-23-08-22-12-125
13.40,-52.92,666.00,29.82,22-05-23-08-22-12-158
13.38,-52.71,666.00,29.96,22-05-23-08-22-12-193
13.37,-52.52,-4.86,30.04,22-05-23-08-22-12-225
13.32,-52.34,-5.12,30.07,22-05-23-08-22-12-259
13.27,-52.18,-5.38,30.04,22-05-23-08-22-12-291
13.23,-52.05,666.00,29.97,22-05-23-08-22-12-325
13.18,-51.95,666.00,29.85,22-05-23-08-22-12-360
13.12,-51.87,666.00,29.75,22-05-23-08-22-12-393
13.01,-51.77,666.00,29.59,22-05-23-08-22-12-425
12.87,-51.65,666.00,29.41,22-05-23-08-22-12-459
12.75,-51.55,666.00,29.14,22-05-23-08-22-12-493
12.63,-51.46,666.00,28.83,22-05-23-08-22-12-528
12.52,-51.38,666.00,28.53,22-05-23-08-22-12-565
12.42,-51.32,666.00,28.25,22-05-23-08-22-12-589
12.34,-51.24,666.00,28.04,22-05-23-08-22-12-625
12.29,-51.15,666.00,27.89,22-05-23-08-22-12-659
12.25,-51.06,666.00,27.80,22-05-23-08-22-12-692
12.21,-50.96,666.00,27.73,22-05-23-08-22-12-726
12.19,-50.87,666.00,27.73,22-05-23-08-22-12-762
12.19,-50.74,666.00,27.84,22-05-23-08-22-12-793
12.21,-50.61,666.00,27.97,22-05-23-08-22-12-825
12.23,-50.49,666.00,28.16,22-05-23-08-22-12-860
