7.71,-6.45,666.00,17.60,05-04-23-10-48-58-869
7.70,-6.51,666.00,17.61,05-04-23-10-48-58-884
7.70,-6.57,666.00,17.62,05-04-23-10-48-58-915
7.69,-6.64,666.00,17.64,05-04-23-10-48-58-953
7.69,-6.71,666.00,17.65,05-04-23-10-48-58-984
7.68,-6.78,666.00,17.67,05-04-23-10-48-59-018
7.68,-6.86,666.00,17.68,05-04-23-10-48-59-055
7.68,-6.91,666.00,17.69,05-04-23-10-48-59-083
7.67,-6.95,666.00,17.70,05-04-23-10-48-59-116
7.67,-6.99,666.00,17.71,05-04-23-10-48-59-148
7.67,-7.02,666.00,17.72,05-04-23-10-48-59-187
7.66,-7.04,666.00,17.72,05-04-23-10-48-59-215
7.66,-7.06,666.00,17.72,05-04-23-10-48-59-252
7.66,-7.07,666.00,17.73,05-04-23-10-48-59-284
7.65,-7.08,666.00,17.73,05-04-23-10-48-59-318
7.65,-7.09,666.00,17.74,05-04-23-10-48-59-349
7.64,-7.09,666.00,17.75,05-04-23-10-48-59-448
7.64,-7.11,666.00,17.75,05-04-23-10-48-59-512
7.64,-7.13,666.00,17.76,05-04-23-10-48-59-549
7.64,-7.16,666.00,17.76,05-04-23-10-48-59-584
7.64,-7.20,666.00,17.78,05-04-23-10-48-59-614
7.64,-7.23,666.00,17.79,05-04-23-10-48-59-647
7.64,-7.27,666.00,17.81,05-04-23-10-48-59-683
7.64,-7.30,666.00,17.82,05-04-23-10-48-59-715
7.64,-7.34,666.00,17.84,05-04-23-10-48-59-757
7.64,-7.38,666.00,17.86,05-04-23-10-48-59-784
7.64,-7.42,666.00,17.88,05-04-23-10-48-59-816
7.63,-7.44,666.00,17.90,05-04-23-10-48-59-848
7.63,-7.52,666.00,17.93,05-04-23-10-48-59-884
7.63,-7.59,666.00,18.01,05-04-23-10-48-59-919
7.63,-7.60,666.00,18.10,05-04-23-10-48-59-952
7.61,-7.52,666.00,18.24,05-04-23-10-48-59-985
7.60,-7.41,666.00,18.40,05-04-23-10-49-00-023
7.59,-7.31,666.00,18.62,05-04-23-10-49-00-051
7.58,-7.23,666.00,18.97,05-04-23-10-49-00-081
7.59,-7.18,666.00,19.38,05-04-23-10-49-00-116
7.60,-7.15,666.00,20.00,05-04-23-10-49-00-149
7.61,-7.11,666.00,20.65,05-04-23-10-49-00-181
7.64,-7.11,666.00,21.53,05-04-23-10-49-00-215
7.67,-7.10,666.00,22.90,05-04-23-10-49-00-250
7.72,-7.01,666.00,24.55,05-04-23-10-49-00-280
7.81,-6.82,666.00,26.55,05-04-23-10-49-00-319
7.96,-6.68,666.00,28.79,05-04-23-10-49-00-351
8.16,-6.44,47.18,32.39,05-04-23-10-49-00-382
8.43,-6.29,49.49,34.95,05-04-23-10-49-00-416
8.73,-6.21,51.21,38.04,05-04-23-10-49-00-448
9.16,-6.05,51.98,40.94,05-04-23-10-49-00-484
9.67,-5.86,52.25,44.08,05-04-23-10-49-00-517
10.17,-5.60,52.44,48.12,05-04-23-10-49-00-551
11.26,-1.40,52.52,49.48,05-04-23-10-49-00-585
12.19,1.94,52.70,50.71,05-04-23-10-49-00-617
13.00,5.24,52.99,51.73,05-04-23-10-49-00-652
13.74,8.33,53.48,54.25,05-04-23-10-49-00-682
14.29,10.64,54.02,56.48,05-04-23-10-49-00-713
14.88,13.01,54.69,58.52,05-04-23-10-49-00-748
15.33,14.78,56.48,62.05,05-04-23-10-49-00-781
15.71,16.26,58.04,64.70,05-04-23-10-49-00-819
16.03,17.49,59.20,66.65,05-04-23-10-49-00-848
16.28,18.17,60.03,68.50,05-04-23-10-49-00-881
16.51,18.61,60.65,70.31,05-04-23-10-49-00-916
16.69,18.88,61.19,71.91,05-04-23-10-49-00-947
16.86,18.98,61.98,73.82,05-04-23-10-49-00-981
17.01,18.96,69.10,78.78,05-04-23-10-49-01-014
17.15,18.88,69.79,80.80,05-04-23-10-49-01-050
17.26,18.77,69.83,82.08,05-04-23-10-49-01-086
17.37,18.58,69.55,82.72,05-04-23-10-49-01-115
17.49,18.35,69.16,82.92,05-04-23-10-49-01-152
17.65,17.90,68.63,82.75,05-04-23-10-49-01-186
17.81,17.45,68.08,82.39,05-04-23-10-49-01-216
17.98,16.98,67.61,81.94,05-04-23-10-49-01-257
18.21,16.49,67.21,81.39,05-04-23-10-49-01-283
18.41,16.07,66.86,80.85,05-04-23-10-49-01-316
18.58,15.73,66.56,80.34,05-04-23-10-49-01-354
18.73,15.46,66.32,79.87,05-04-23-10-49-01-382
18.85,15.25,69.45,77.33,05-04-23-10-49-01-416
18.96,15.08,70.61,76.33,05-04-23-10-49-01-459
19.05,14.94,71.11,75.77,05-04-23-10-49-01-480
19.13,14.84,71.40,75.40,05-04-23-10-49-01-519
19.20,14.76,71.58,75.13,05-04-23-10-49-01-549
19.26,14.70,71.65,74.93,05-04-23-10-49-01-582
19.31,14.65,71.54,74.83,05-04-23-10-49-01-621
19.37,14.61,71.15,74.82,05-04-23-10-49-01-658
19.43,14.60,70.39,74.88,05-04-23-10-49-01-685
19.50,14.68,68.31,75.28,05-04-23-10-49-01-715
19.59,14.85,66.00,75.79,05-04-23-10-49-01-749
19.79,17.53,57.65,77.55,05-04-23-10-49-01-785
19.99,19.61,53.42,78.27,05-04-23-10-49-01-814
20.36,22.59,51.03,78.52,05-04-23-10-49-01-849
20.49,25.22,49.07,79.00,05-04-23-10-49-01-883
20.84,28.24,46.34,79.42,05-04-23-10-49-01-917
21.44,31.45,44.41,79.34,05-04-23-10-49-01-952
22.14,33.94,35.25,80.51,05-04-23-10-49-01-982
22.55,35.48,32.83,80.61,05-04-23-10-49-02-017
22.91,36.75,31.30,80.56,05-04-23-10-49-02-052
23.60,38.75,29.78,80.08,05-04-23-10-49-02-083
24.38,40.74,27.10,79.67,05-04-23-10-49-02-113
25.02,42.19,21.59,80.99,05-04-23-10-49-02-149
25.94,44.43,17.12,81.32,05-04-23-10-49-02-180
27.09,47.12,14.07,77.68,05-04-23-10-49-02-220
28.03,49.65,6.71,79.15,05-04-23-10-49-02-249
21.46,45.39,4.20,79.44,05-04-23-10-49-02-285
20.70,50.13,2.64,80.53,05-04-23-10-49-02-315
14.90,49.66,2.21,87.86,05-04-23-10-49-02-348
11.85,49.48,1.78,91.75,05-04-23-10-49-02-386
10.38,49.70,1.31,93.57,05-04-23-10-49-02-414
9.38,50.25,1.05,94.87,05-04-23-10-49-02-451
