Timestamp,Kinect_LeftShoulder_Ext.-Flex.,Kinect_LeftShoulder_Abd.-Add.,Kinect_LeftShoulder_Int.-Ext.,Kinect_LeftElbow_Ext.-Flex.,Kinect_RightShoulder_Ext.-Flex.,Kinect_RightShoulder_Abd.-Add.,Kinect_RightShoulder_Int.-Ext.,Kinect_RightElbow_Ext.-Flex.,14.99,-47.15,15:40:38:246,666.00,21.81
13.26,-40.61,15:40:38:814,666.00,20.53
12.08,-41.61,15:40:39:049,666.00,19.91
11.17,-42.11,15:40:39:380,666.00,19.72
10.26,-40.33,15:40:39:556,666.00,19.78
10.44,-39.20,15:40:39:698,666.00,20.17
10.59,-38.92,15:40:39:854,666.00,20.45
10.85,-39.95,15:40:39:985,666.00,21.44
11.05,-39.35,15:40:40:120,666.00,23.38
10.82,-36.43,15:40:40:240,666.00,23.72
10.65,-34.12,15:40:40:352,666.00,23.41
10.52,-33.36,15:40:40:462,666.00,22.43
10.99,-35.26,15:40:40:575,666.00,22.68
12.02,-37.08,15:40:40:699,666.00,23.56
12.42,-37.95,15:40:40:815,666.00,23.31
13.04,-40.21,15:40:40:934,666.00,23.72
13.12,-40.82,15:40:41:052,666.00,23.50
12.84,-40.87,15:40:41:167,666.00,22.79
13.29,-40.32,15:40:41:290,666.00,24.04
13.33,-38.30,15:40:41:426,666.00,24.43
13.19,-37.40,15:40:41:540,666.00,25.15
13.03,-36.13,15:40:41:657,666.00,24.96
12.89,-33.95,15:40:41:772,666.00,22.30
13.21,-32.80,15:40:41:891,666.00,22.61
13.46,-33.69,15:40:42:004,666.00,22.19
13.43,-35.21,15:40:42:121,666.00,21.55
13.30,-38.78,15:40:42:244,666.00,21.98
13.36,-41.61,15:40:42:397,666.00,22.54
12.94,-43.22,15:40:42:526,666.00,22.06
12.90,-43.71,15:40:42:643,666.00,22.22
12.91,-43.20,15:40:42:762,666.00,21.21
12.89,-40.95,15:40:42:883,666.00,20.62
13.09,-38.57,15:40:42:999,666.00,20.21
13.14,-38.29,15:40:43:123,666.00,19.85
13.26,-40.70,15:40:43:252,666.00,20.13
13.27,-41.05,15:40:43:367,666.00,19.89
13.46,-40.80,15:40:43:480,666.00,19.85
13.65,-40.69,15:40:43:597,666.00,20.32
13.67,-39.99,15:40:43:706,666.00,20.47
14.11,-39.30,15:40:43:820,666.00,20.84
14.35,-39.18,15:40:43:942,666.00,21.45
14.32,-39.43,15:40:44:064,666.00,21.84
14.17,-38.65,15:40:44:180,666.00,21.70
14.07,-38.48,15:40:44:298,666.00,22.01
14.02,-37.80,15:40:44:419,666.00,22.26
13.87,-37.38,15:40:44:534,666.00,22.65
13.79,-36.72,15:40:44:652,666.00,22.21
13.79,-37.38,15:40:44:775,666.00,22.24
13.41,-37.17,15:40:44:903,666.00,21.65
13.37,-38.05,15:40:45:021,666.00,21.53
13.24,-41.85,15:40:45:140,666.00,22.31
13.10,-41.71,15:40:45:265,666.00,22.25
13.09,-41.86,15:40:45:387,666.00,22.13
13.03,-42.86,15:40:45:511,666.00,22.34
13.07,-42.78,15:40:45:626,666.00,22.52
12.90,-40.65,15:40:45:735,666.00,22.03
12.81,-38.30,15:40:45:858,666.00,21.43
13.28,-37.93,15:40:45:989,666.00,21.57
13.34,-37.84,15:40:46:104,666.00,21.52
13.44,-37.88,15:40:46:222,666.00,21.38
13.48,-38.35,15:40:46:356,666.00,21.22
12.88,-39.38,15:40:46:472,666.00,19.60
12.41,-40.34,15:40:46:589,666.00,19.23
10.33,-37.45,15:40:46:707,666.00,17.62
7.50,4.90,15:40:46:832,666.00,22.76
11.43,57.36,15:40:46:949,666.00,25.05
27.26,71.67,15:40:47:064,-3.13,39.05
56.97,75.14,15:40:47:211,666.00,21.08
71.84,69.46,15:40:47:343,12.43,61.41
110.79,69.53,15:40:47:476,666.00,17.52
127.92,72.87,15:40:47:604,666.00,12.48
138.21,73.14,15:40:47:736,666.00,14.48
143.67,72.29,15:40:47:859,666.00,13.83
147.24,71.62,15:40:47:992,666.00,13.82
147.81,73.86,15:40:48:126,666.00,13.30
147.54,74.27,15:40:48:254,666.00,12.07
145.36,75.36,15:40:48:392,666.00,11.31
141.12,77.03,15:40:48:518,666.00,10.65
136.92,78.02,15:40:48:640,666.00,9.02
132.13,77.02,15:40:48:771,666.00,10.60
128.88,76.23,15:40:48:899,666.00,10.96
121.90,74.93,15:40:49:024,666.00,17.00
117.09,72.01,15:40:49:147,666.00,11.46
107.14,70.37,15:40:49:266,666.00,17.45
102.04,67.30,15:40:49:387,666.00,19.54
96.03,69.34,15:40:49:522,666.00,16.25
82.98,64.27,15:40:49:655,666.00,26.46
78.12,62.81,15:40:49:772,666.00,27.66
74.51,68.75,15:40:49:892,666.00,16.81
61.37,64.62,15:40:50:030,666.00,27.76
46.32,66.65,15:40:50:162,4.58,42.92
42.04,65.12,15:40:50:292,3.17,39.86
36.84,63.82,15:40:50:422,666.00,27.51
22.82,56.56,15:40:50:539,-2.75,42.28
19.47,53.38,15:40:50:669,0.55,31.63
16.02,48.45,15:40:50:786,666.00,29.39
11.61,36.00,15:40:50:919,-0.88,31.20
10.23,21.24,15:40:51:039,666.00,27.88
10.03,7.40,15:40:51:155,666.00,26.45
10.06,-13.82,15:40:51:276,666.00,20.97
9.92,-26.95,15:40:51:437,666.00,19.34
10.81,-38.06,15:40:51:564,666.00,19.10
11.40,-40.89,15:40:51:680,666.00,19.33
11.14,-39.66,15:40:51:803,666.00,19.87
8.95,-25.92,15:40:51:937,666.00,20.97
7.97,-0.55,15:40:52:051,666.00,19.63
8.51,27.77,15:40:52:169,666.00,29.91
11.60,52.22,15:40:52:289,666.00,29.83
22.05,65.75,15:40:52:416,666.00,28.73
38.99,68.64,15:40:52:553,666.00,19.48
47.48,67.81,15:40:52:721,8.10,37.24
56.14,70.45,15:40:52:855,0.12,36.32
66.15,67.38,15:40:52:977,666.00,26.22
79.60,63.16,15:40:53:104,666.00,25.60
78.31,64.02,15:40:53:215,29.88,44.33
94.57,69.26,15:40:53:329,666.00,13.92
99.79,69.41,15:40:53:444,666.00,13.33
107.06,67.05,15:40:53:562,666.00,13.69
109.46,65.09,15:40:53:687,666.00,17.89
119.40,65.74,15:40:53:808,666.00,13.64
122.63,66.49,15:40:53:939,666.00,15.34
128.99,68.34,15:40:54:071,666.00,13.69
130.52,69.03,15:40:54:197,666.00,14.69
134.04,67.55,15:40:54:317,666.00,15.13
137.09,67.96,15:40:54:455,666.00,14.78
139.94,68.63,15:40:54:583,666.00,15.36
141.76,69.41,15:40:54:706,666.00,15.04
142.26,69.95,15:40:54:823,666.00,14.48
142.39,70.06,15:40:54:942,666.00,13.97
141.74,70.44,15:40:55:067,666.00,13.10
139.70,71.16,15:40:55:193,666.00,12.82
131.44,72.89,15:40:55:314,666.00,17.30
125.72,71.67,15:40:55:435,666.00,15.75
121.64,71.36,15:40:55:556,666.00,14.70
115.17,71.55,15:40:55:677,666.00,14.36
106.76,68.92,15:40:55:808,666.00,17.93
100.20,68.12,15:40:55:939,666.00,17.90
94.19,69.99,15:40:56:059,666.00,15.93
85.45,63.06,15:40:56:183,666.00,22.42
75.62,64.44,15:40:56:312,666.00,19.90
62.46,64.67,15:40:56:442,16.08,33.73
61.11,64.94,15:40:56:572,666.00,19.87
53.10,63.33,15:40:56:698,666.00,17.98
47.93,62.19,15:40:56:812,666.00,21.42
35.97,58.39,15:40:56:930,666.00,27.98
26.95,57.20,15:40:57:055,666.00,28.76
16.33,47.34,15:40:57:179,666.00,28.11
10.42,28.64,15:40:57:297,666.00,27.61
9.57,19.26,15:40:57:421,666.00,21.21
8.21,-6.51,15:40:57:540,666.00,16.75
10.01,-22.53,15:40:57:665,666.00,15.53
11.29,-32.31,15:40:57:784,666.00,17.10
11.12,-34.45,15:40:57:904,666.00,15.43
10.79,-34.47,15:40:58:029,666.00,15.05
10.44,-34.17,15:40:58:143,666.00,15.22
8.09,-18.33,15:40:58:266,666.00,20.19
6.70,10.18,15:40:58:394,-4.98,31.04
15.56,63.30,15:40:58:531,-4.75,31.09
24.15,68.39,15:40:58:663,-0.33,35.23
44.76,70.04,15:40:58:792,666.00,21.23
56.86,69.64,15:40:58:926,666.00,14.35
61.96,71.23,15:40:59:052,666.00,20.56
75.78,63.70,15:40:59:176,666.00,29.26
86.46,64.99,15:40:59:303,666.00,22.32
90.01,65.45,15:40:59:433,666.00,24.60
102.61,67.55,15:40:59:561,666.00,16.82
111.81,65.45,15:40:59:720,666.00,19.47
126.05,66.02,15:40:59:848,666.00,15.01
131.01,69.32,15:40:59:981,666.00,15.92
135.75,69.00,15:41:00:103,666.00,14.62
139.54,68.81,15:41:00:221,666.00,15.09
142.83,68.47,15:41:00:346,666.00,14.31
144.06,68.94,15:41:00:483,666.00,14.03
143.72,69.78,15:41:00:607,666.00,14.12
142.82,70.47,15:41:00:735,666.00,13.05
141.52,71.33,15:41:00:857,666.00,13.04
137.77,72.32,15:41:00:986,666.00,13.90
131.79,71.29,15:41:01:109,666.00,13.91
123.14,68.16,15:41:01:231,666.00,13.91
116.21,69.15,15:41:01:356,666.00,11.66
105.43,68.71,15:41:01:476,666.00,14.59
96.24,67.42,15:41:01:600,666.00,16.33
86.50,65.73,15:41:01:732,666.00,20.61
78.16,64.52,15:41:01:854,666.00,21.03
65.84,61.05,15:41:01:973,666.00,24.61
51.51,58.25,15:41:02:096,4.89,43.35
50.95,59.53,15:41:02:225,666.00,24.38
40.44,56.25,15:41:02:344,666.00,25.48
33.61,53.39,15:41:02:472,666.00,23.22
25.52,47.29,15:41:02:604,666.00,25.19
18.77,37.43,15:41:02:720,666.00,26.45
14.67,20.20,15:41:02:841,666.00,23.78
13.23,-11.32,15:41:02:969,666.00,24.79
13.90,-24.75,15:41:03:088,666.00,23.91
13.59,-30.96,15:41:03:208,666.00,22.53
13.08,-30.17,15:41:03:320,666.00,21.99
12.48,-29.76,15:41:03:446,666.00,23.04
9.95,-17.69,15:41:03:576,666.00,25.74
9.63,18.52,15:41:03:699,666.00,29.32
12.86,46.76,15:41:03:833,-5.56,33.16
33.16,66.84,15:41:03:960,666.00,19.62
46.12,69.94,15:41:04:084,666.00,18.49
58.69,73.11,15:41:04:206,666.00,23.59
64.74,72.31,15:41:04:342,8.91,44.36
81.20,67.92,15:41:04:475,666.00,21.37
81.66,67.47,15:41:04:597,26.31,33.93
100.63,72.75,15:41:04:717,666.00,8.57
107.56,68.60,15:41:04:838,666.00,15.17
115.78,67.88,15:41:04:968,666.00,14.91
121.42,66.91,15:41:05:092,666.00,12.74
124.41,64.97,15:41:05:221,666.00,18.68
132.64,68.49,15:41:05:343,666.00,16.35
136.86,68.58,15:41:05:470,666.00,14.23
141.00,68.88,15:41:05:602,666.00,15.13
143.89,67.62,15:41:05:724,666.00,15.19
147.11,66.83,15:41:05:857,666.00,17.98
147.99,67.51,15:41:05:974,666.00,15.30
147.98,67.99,15:41:06:092,666.00,14.50
147.03,69.37,15:41:06:214,666.00,13.32
143.68,72.08,15:41:06:335,666.00,12.89
139.29,73.92,15:41:06:459,666.00,12.40
127.94,73.72,15:41:06:573,666.00,17.21
118.30,74.23,15:41:06:702,666.00,14.08
103.14,72.40,15:41:06:830,666.00,19.95
91.83,72.51,15:41:06:972,666.00,18.01
87.06,67.45,15:41:07:102,666.00,22.29
80.90,66.25,15:41:07:218,666.00,25.04
47.36,64.32,15:41:07:333,5.23,55.40
50.18,64.66,15:41:07:464,666.00,18.08
41.02,60.37,15:41:07:589,666.00,16.25
22.53,46.96,15:41:07:713,666.00,25.61
12.78,17.29,15:41:07:837,-0.99,31.83
11.00,-9.75,15:41:07:968,666.00,25.85
12.14,-27.75,15:41:08:096,666.00,18.86
14.16,-40.09,15:41:08:224,666.00,19.06
14.08,-41.67,15:41:08:350,666.00,17.46
13.65,-41.62,15:41:08:472,666.00,18.85
13.66,-41.56,15:41:08:589,666.00,18.75
13.75,-42.21,15:41:08:705,666.00,17.67
12.37,-37.10,15:41:08:832,666.00,20.73
9.47,-17.89,15:41:08:957,666.00,27.12
12.40,45.64,15:41:09:090,-3.59,31.52
32.10,68.64,15:41:09:208,666.00,25.14
47.19,70.32,15:41:09:333,7.62,35.16
52.28,71.75,15:41:09:454,-0.50,41.73
82.17,68.87,15:41:09:571,666.00,23.45
88.52,70.26,15:41:09:698,666.00,20.54
98.37,74.44,15:41:09:823,666.00,11.16
109.54,73.49,15:41:09:954,666.00,8.15
118.50,68.31,15:41:10:082,666.00,12.26
121.91,67.77,15:41:10:221,666.00,15.76
131.62,67.89,15:41:10:365,666.00,15.64
138.88,67.01,15:41:10:507,666.00,11.50
143.21,64.37,15:41:10:649,666.00,11.10
147.42,62.26,15:41:10:776,666.00,9.42
148.62,62.37,15:41:10:900,666.00,9.73
148.71,62.75,15:41:11:016,666.00,9.66
148.81,63.52,15:41:11:136,666.00,8.75
146.23,65.00,15:41:11:254,666.00,8.11
138.41,66.74,15:41:11:372,666.00,8.98
124.30,68.91,15:41:11:507,666.00,16.36
116.43,70.17,15:41:11:638,666.00,11.22
102.95,68.41,15:41:11:769,666.00,16.10
90.94,67.39,15:41:11:908,666.00,17.24
68.49,64.57,15:41:12:040,666.00,27.32
61.22,62.07,15:41:12:160,666.00,25.15
42.14,59.18,15:41:12:278,666.00,29.71
25.37,48.76,15:41:12:401,666.00,23.45
15.61,35.05,15:41:12:517,666.00,28.20
10.35,-2.07,15:41:12:638,666.00,24.97
11.81,-31.36,15:41:12:765,666.00,19.58
14.17,-43.75,15:41:12:885,666.00,18.27
15.56,-49.84,15:41:13:013,666.00,16.60
14.96,-51.54,15:41:13:140,666.00,16.77
14.71,-51.39,15:41:13:263,666.00,16.77
14.56,-52.58,15:41:13:382,666.00,16.99
14.62,-52.58,15:41:13:503,666.00,18.03
12.14,-39.34,15:41:13:634,666.00,23.96
9.04,-3.07,15:41:13:759,666.00,25.84
12.06,51.09,15:41:13:887,-4.45,33.47
37.52,70.51,15:41:14:010,666.00,23.27
51.97,68.39,15:41:14:133,666.00,27.14
57.06,68.78,15:41:14:259,666.00,29.57
87.69,68.15,15:41:14:374,666.00,24.01
99.09,72.16,15:41:14:500,666.00,11.36
106.77,72.69,15:41:14:626,666.00,12.86
119.29,72.91,15:41:14:757,666.00,8.78
125.29,71.71,15:41:14:899,666.00,18.60
129.89,71.82,15:41:15:023,666.00,16.07
137.08,72.21,15:41:15:151,666.00,15.40
142.11,71.55,15:41:15:274,666.00,15.42
146.33,69.46,15:41:15:392,666.00,15.26
148.43,68.27,15:41:15:526,666.00,15.62
148.96,68.86,15:41:15:650,666.00,14.69
148.63,69.44,15:41:15:764,666.00,14.62
148.11,69.97,15:41:15:888,666.00,14.56
145.57,71.75,15:41:16:019,666.00,13.67
136.75,75.58,15:41:16:144,666.00,14.60
119.24,76.89,15:41:16:269,666.00,18.63
107.68,77.33,15:41:16:389,666.00,15.44
90.27,75.80,15:41:16:517,666.00,12.90
66.72,69.76,15:41:16:647,17.68,45.65
47.70,71.38,15:41:16:765,-3.46,35.30
48.13,68.92,15:41:16:887,666.00,11.58
29.92,65.00,15:41:17:014,666.00,25.48
16.75,57.34,15:41:17:142,666.00,23.53
9.94,38.02,15:41:17:264,666.00,22.38
8.35,-1.46,15:41:17:385,666.00,14.40
11.76,-37.10,15:41:17:503,666.00,16.33
13.50,-43.83,15:41:17:617,666.00,17.37
14.09,-46.22,15:41:17:740,666.00,17.56
13.68,-46.29,15:41:17:871,666.00,18.28
13.01,-45.03,15:41:17:999,666.00,18.60
11.78,-40.57,15:41:18:120,666.00,18.46
8.67,-13.05,15:41:18:234,666.00,23.90
8.90,22.08,15:41:18:358,666.00,29.39
21.14,60.43,15:41:18:494,-2.00,31.61
44.15,66.66,15:41:18:614,666.00,20.87
52.55,68.55,15:41:18:731,-0.43,46.01
64.41,67.42,15:41:18:850,5.22,44.14
80.64,65.14,15:41:18:970,30.54,36.80
106.44,68.75,15:41:19:108,666.00,15.00
118.29,68.99,15:41:19:233,666.00,12.22
126.74,70.12,15:41:19:358,666.00,14.23
132.55,70.99,15:41:19:489,666.00,16.63
139.93,69.13,15:41:19:617,666.00,15.25
143.61,68.35,15:41:19:739,666.00,17.06
145.94,67.44,15:41:19:865,666.00,14.83
146.81,67.78,15:41:19:984,666.00,14.31
146.07,68.49,15:41:20:104,666.00,11.87
143.67,68.79,15:41:20:228,666.00,12.88
139.59,69.60,15:41:20:372,666.00,13.49
132.40,73.98,15:41:20:496,666.00,12.15
128.12,75.56,15:41:20:626,666.00,15.54
118.78,73.98,15:41:20:759,666.00,13.01
104.30,74.09,15:41:20:890,666.00,17.55
93.58,72.91,15:41:21:034,666.00,13.98
85.81,70.46,15:41:21:159,666.00,13.93
79.08,69.72,15:41:21:292,666.00,17.75
46.94,64.28,15:41:21:417,666.00,26.82
41.43,61.70,15:41:21:543,666.00,12.42
29.47,54.03,15:41:21:680,666.00,20.20
18.73,43.00,15:41:21:800,666.00,20.38
10.82,10.08,15:41:21:923,666.00,25.20
10.86,-12.44,15:41:22:056,666.00,18.24
13.50,-36.48,15:41:22:168,666.00,17.41
16.56,-44.96,15:41:22:292,666.00,19.83
17.36,-46.51,15:41:22:416,666.00,21.86
16.53,-46.49,15:41:22:544,666.00,20.58
15.91,-45.41,15:41:22:672,666.00,20.33
15.52,-45.45,15:41:22:794,666.00,21.82
14.31,-43.98,15:41:22:916,666.00,21.96
11.08,-34.10,15:41:23:038,666.00,27.24
8.26,-7.83,15:41:23:164,666.00,27.57
11.28,40.67,15:41:23:290,-5.37,32.61
31.78,65.72,15:41:23:414,666.00,22.83
54.16,69.25,15:41:23:536,666.00,13.00
65.53,72.33,15:41:23:667,666.00,18.25
84.47,70.12,15:41:23:802,666.00,13.20
102.22,72.49,15:41:23:932,666.00,5.25
111.44,68.06,15:41:24:050,666.00,12.98
123.28,66.52,15:41:24:159,666.00,11.39
124.88,65.81,15:41:24:279,666.00,17.77
137.03,68.10,15:41:24:432,666.00,12.32
140.59,69.51,15:41:24:557,666.00,14.17
144.48,68.76,15:41:24:675,666.00,14.61
145.46,68.67,15:41:24:797,666.00,16.79
145.38,69.46,15:41:24:924,666.00,16.48
145.07,70.17,15:41:25:045,666.00,12.65
145.50,71.77,15:41:25:173,666.00,10.74
140.85,74.66,15:41:25:297,666.00,10.86
135.79,76.33,15:41:25:426,666.00,10.38
123.56,76.34,15:41:25:554,666.00,15.73
110.53,76.26,15:41:25:665,666.00,14.51
103.25,74.44,15:41:25:790,666.00,13.65
95.27,73.04,15:41:25:923,666.00,17.41
69.37,68.30,15:41:26:047,666.00,19.03
51.03,66.32,15:41:26:176,666.00,20.24
40.27,61.44,15:41:26:303,666.00,12.36
29.56,55.65,15:41:26:433,666.00,16.74
14.45,37.72,15:41:26:555,666.00,27.68
10.06,13.42,15:41:26:677,666.00,23.47
10.31,-14.22,15:41:26:806,666.00,22.74
11.64,-27.42,15:41:26:937,666.00,17.04
11.54,-33.21,15:41:27:058,666.00,15.25
11.40,-34.44,15:41:27:176,666.00,16.09
11.11,-34.27,15:41:27:296,666.00,17.03
10.95,-34.20,15:41:27:423,666.00,17.48
10.51,-32.07,15:41:27:538,666.00,20.53
8.58,-12.98,15:41:27:672,666.00,24.20
9.05,33.17,15:41:27:798,666.00,27.05
14.49,57.08,15:41:27:917,666.00,27.44
21.35,65.14,15:41:28:031,-8.30,49.34
48.91,69.92,15:41:28:166,6.67,30.37
54.55,73.38,15:41:28:288,666.00,25.19
78.27,68.93,15:41:28:410,666.00,10.89
89.65,69.82,15:41:28:532,666.00,14.90
100.36,71.98,15:41:28:652,666.00,11.73
109.22,70.12,15:41:28:765,666.00,13.96
121.52,72.51,15:41:28:887,666.00,8.03
127.65,72.65,15:41:29:031,666.00,13.07
134.60,73.36,15:41:29:159,666.00,11.43
139.16,72.73,15:41:29:280,666.00,13.73
143.08,70.85,15:41:29:401,666.00,12.86
144.34,70.46,15:41:29:520,666.00,13.46
144.54,71.15,15:41:29:651,666.00,13.62
144.75,72.16,15:41:29:772,666.00,13.16
143.78,72.80,15:41:29:900,666.00,12.57
142.14,74.05,15:41:30:022,666.00,11.52
136.11,76.41,15:41:30:140,666.00,10.99
123.37,75.83,15:41:30:268,666.00,14.20
115.19,73.10,15:41:30:387,666.00,14.96
101.56,74.79,15:41:30:502,666.00,13.74
100.39,75.29,15:41:30:624,666.00,13.77
67.68,67.50,15:41:30:767,666.00,28.33
47.10,66.70,15:41:30:905,666.00,15.18
39.09,59.86,15:41:31:030,666.00,15.40
24.50,49.87,15:41:31:160,666.00,20.72
17.05,28.44,15:41:31:287,666.00,20.43
12.01,-17.44,15:41:31:412,666.00,20.60
13.03,-39.04,15:41:31:537,666.00,18.37
13.61,-43.39,15:41:31:655,666.00,18.81
13.80,-45.09,15:41:31:774,666.00,19.77
12.84,-44.52,15:41:31:902,666.00,18.77
12.09,-44.00,15:41:32:019,666.00,18.27
11.56,-40.71,15:41:32:133,666.00,22.71
9.90,-34.64,15:41:32:252,666.00,26.53
7.20,-11.15,15:41:32:359,-5.86,32.39
8.32,32.59,15:41:32:477,-6.28,32.48
16.73,58.50,15:41:32:601,-3.43,39.35
33.36,68.24,15:41:32:723,666.00,28.30
52.96,71.45,15:41:32:859,666.00,18.45
63.06,70.02,15:41:32:978,666.00,21.48
84.10,71.98,15:41:33:109,666.00,9.61
95.32,72.26,15:41:33:236,666.00,14.62
102.91,71.64,15:41:33:359,666.00,17.08
114.49,67.39,15:41:33:486,666.00,18.78
122.82,66.58,15:41:33:606,666.00,21.18
133.40,70.85,15:41:33:726,666.00,14.97
141.17,68.69,15:41:33:847,666.00,14.13
145.82,66.61,15:41:33:971,666.00,14.11
147.37,66.53,15:41:34:091,666.00,17.80
147.42,67.01,15:41:34:203,666.00,13.78
147.22,67.89,15:41:34:320,666.00,13.10
147.08,69.06,15:41:34:444,666.00,11.34
144.03,71.79,15:41:34:578,666.00,10.89
137.19,74.09,15:41:34:707,666.00,11.29
128.19,74.82,15:41:34:830,666.00,13.61
121.41,74.96,15:41:34:952,666.00,13.06
112.32,72.49,15:41:35:068,666.00,12.07
101.57,72.35,15:41:35:190,666.00,12.30
79.87,71.34,15:41:35:308,666.00,19.37
59.28,66.28,15:41:35:432,666.00,28.15
48.13,65.31,15:41:35:549,666.00,21.23
40.12,58.21,15:41:35:667,666.00,11.14
19.28,35.87,15:41:35:796,666.00,24.06
13.53,6.11,15:41:35:921,666.00,24.00
14.11,-30.07,15:41:36:039,666.00,19.72
15.42,-43.68,15:41:36:161,666.00,16.86
15.39,-45.50,15:41:36:275,666.00,17.41
15.12,-45.91,15:41:36:399,666.00,18.08
15.20,-46.83,15:41:36:518,666.00,19.11
14.93,-46.69,15:41:36:638,666.00,20.08
13.47,-42.10,15:41:36:769,666.00,20.68
11.10,-31.62,15:41:36:890,666.00,24.72
8.63,9.60,15:41:37:009,666.00,26.48
12.82,48.50,15:41:37:135,-3.24,30.74
25.84,65.32,15:41:37:251,666.00,26.72
49.72,68.51,15:41:37:377,666.00,10.77
61.03,69.83,15:41:37:506,666.00,13.61
75.80,68.14,15:41:37:631,666.00,18.08
82.29,72.78,15:41:37:754,15.83,30.25
102.93,73.07,15:41:37:880,666.00,9.63
112.65,68.59,15:41:38:013,666.00,16.27
126.17,67.91,15:41:38:130,666.00,12.27
131.05,68.99,15:41:38:249,666.00,12.13
136.90,66.74,15:41:38:363,666.00,13.17
139.78,66.92,15:41:38:491,666.00,13.92
142.58,66.64,15:41:38:627,666.00,13.44
144.17,67.23,15:41:38:755,666.00,13.24
143.45,68.70,15:41:38:876,666.00,13.29
142.43,69.84,15:41:39:002,666.00,13.11
142.14,70.58,15:41:39:135,666.00,11.90
139.14,73.00,15:41:39:259,666.00,11.83
130.70,75.61,15:41:39:380,666.00,13.81
120.62,73.64,15:41:39:502,666.00,13.50
108.19,70.93,15:41:39:620,666.00,18.49
98.93,69.27,15:41:39:742,666.00,17.12
97.39,68.72,15:41:39:863,666.00,27.80
87.76,66.66,15:41:39:987,151.88,32.48
47.35,60.13,15:41:40:116,666.00,13.09
34.82,56.86,15:41:40:241,666.00,19.65
23.64,50.59,15:41:40:373,666.00,16.07
11.75,22.07,15:41:40:503,666.00,25.84
9.95,-2.57,15:41:40:623,666.00,20.08
11.98,-32.33,15:41:40:753,666.00,17.23
13.06,-37.79,15:41:40:883,666.00,16.09
12.73,-38.47,15:41:41:004,666.00,17.35
12.46,-39.00,15:41:41:137,666.00,18.06
11.95,-38.07,15:41:41:269,666.00,18.40
9.78,-28.00,15:41:41:403,666.00,21.18
7.54,4.47,15:41:41:552,666.00,25.85
14.59,52.79,15:41:41:708,666.00,29.60
30.58,64.99,15:41:41:834,666.00,18.82
47.86,68.33,15:41:41:977,666.00,12.92
61.61,70.90,15:41:42:103,666.00,10.90
68.36,70.10,15:41:42:241,666.00,12.81
84.54,69.29,15:41:42:378,666.00,14.15
93.02,70.60,15:41:42:533,666.00,11.49
105.49,69.91,15:41:42:664,666.00,9.80
109.90,69.36,15:41:42:804,666.00,11.30
120.10,67.40,15:41:42:942,666.00,11.77
123.78,63.96,15:41:43:084,666.00,16.65
132.67,65.40,15:41:43:225,666.00,12.52
138.01,63.16,15:41:43:373,666.00,13.17
144.92,58.98,15:41:43:514,666.00,11.44
147.64,57.42,15:41:43:656,666.00,9.47
148.32,57.37,15:41:43:798,666.00,12.14
148.57,58.02,15:41:43:946,666.00,11.22
148.01,58.59,15:41:44:077,666.00,8.29
147.55,58.58,15:41:44:201,666.00,8.52
147.32,59.44,15:41:44:334,666.00,10.76
147.07,60.05,15:41:44:473,666.00,10.93
145.66,62.29,15:41:44:610,666.00,10.82
139.40,67.16,15:41:44:733,666.00,12.57
133.71,69.26,15:41:44:856,666.00,11.71
123.41,72.17,15:41:44:997,666.00,11.54
107.75,69.05,15:41:45:128,666.00,19.21
96.20,66.96,15:41:45:248,666.00,22.16
81.79,65.67,15:41:45:364,666.00,22.11
67.07,62.68,15:41:45:488,40.88,33.55
51.25,62.53,15:41:45:615,666.00,13.73
36.80,55.75,15:41:45:747,666.00,20.83
17.79,44.26,15:41:45:865,666.00,22.06
11.46,20.18,15:41:45:983,666.00,17.69
11.50,-26.45,15:41:46:101,666.00,15.45
13.41,-38.85,15:41:46:216,666.00,16.69
13.71,-42.75,15:41:46:332,666.00,17.83
13.44,-42.72,15:41:46:458,666.00,18.10
13.54,-43.43,15:41:46:585,666.00,18.97
13.46,-43.75,15:41:46:703,666.00,19.25
12.97,-42.46,15:41:46:825,666.00,18.40
11.82,-37.82,15:41:46:946,666.00,17.80
10.50,-33.19,15:41:47:068,666.00,18.47
9.45,-26.61,15:41:47:185,666.00,20.15
8.73,-2.89,15:41:47:311,666.00,24.78
9.67,25.47,15:41:47:434,-3.10,31.61
18.61,54.86,15:41:47:572,-1.68,34.28
40.16,63.40,15:41:47:691,666.00,16.35
47.37,64.27,15:41:47:813,10.41,39.82
63.33,67.67,15:41:47:936,666.00,29.17
80.12,67.08,15:41:48:062,666.00,20.21
83.64,66.79,15:41:48:179,666.00,24.14
99.94,66.96,15:41:48:306,666.00,14.32
106.89,67.23,15:41:48:419,666.00,11.78
117.73,66.35,15:41:48:540,666.00,9.49
119.32,64.80,15:41:48:658,666.00,16.07
131.15,63.32,15:41:48:775,666.00,11.93
136.81,63.64,15:41:48:902,666.00,13.79
140.15,63.52,15:41:49:016,666.00,13.58
143.26,62.26,15:41:49:130,666.00,12.92
143.93,61.78,15:41:49:249,666.00,12.50
143.60,62.21,15:41:49:374,666.00,12.38
141.37,62.13,15:41:49:497,666.00,14.90
140.44,63.20,15:41:49:621,666.00,15.37
139.33,63.60,15:41:49:751,666.00,13.84
133.67,65.85,15:41:49:889,666.00,16.72
128.75,68.19,15:41:50:008,666.00,13.47
119.60,66.19,15:41:50:139,666.00,18.50
114.63,68.15,15:41:50:255,666.00,13.93
101.94,67.00,15:41:50:373,666.00,21.16
98.43,69.92,15:41:50:495,666.00,9.89
80.88,65.39,15:41:50:619,666.00,23.18
66.25,60.73,15:41:50:753,41.96,30.17
45.68,58.74,15:41:50:880,11.71,39.89
38.65,54.40,15:41:51:002,666.00,29.51
22.60,36.26,15:41:51:141,8.61,37.83
15.99,24.09,15:41:51:263,12.18,30.96
13.23,0.31,15:41:51:383,10.49,30.61
13.16,-21.64,15:41:51:514,666.00,27.17
14.08,-35.09,15:41:51:640,666.00,21.93
14.97,-44.45,15:41:51:764,666.00,19.83
15.19,-45.51,15:41:51:894,666.00,19.62
14.60,-45.38,15:41:52:023,666.00,19.81
14.25,-44.76,15:41:52:149,666.00,20.64
13.81,-44.12,15:41:52:264,666.00,21.76
12.75,-40.05,15:41:52:388,666.00,23.32
10.13,-21.74,15:41:52:510,666.00,27.41
8.89,17.24,15:41:52:630,1.11,31.19
13.04,48.78,15:41:52:748,-1.61,30.74
24.86,65.26,15:41:52:875,6.27,30.53
43.42,69.75,15:41:53:011,666.00,24.64
54.13,72.46,15:41:53:132,6.59,31.21
73.39,72.33,15:41:53:257,666.00,11.46
78.73,66.82,15:41:53:376,128.62,39.51
84.08,65.28,15:41:53:506,39.13,32.50
102.87,71.42,15:41:53:631,666.00,12.39
111.76,68.89,15:41:53:744,666.00,12.34
121.39,68.89,15:41:53:866,666.00,12.55
128.42,71.39,15:41:53:993,666.00,15.58
135.97,71.05,15:41:54:119,666.00,12.17
144.04,69.52,15:41:54:250,666.00,8.58
145.97,69.40,15:41:54:371,666.00,10.36
145.98,70.13,15:41:54:499,666.00,11.07
145.94,70.65,15:41:54:618,666.00,11.05
146.39,71.01,15:41:54:747,666.00,10.87
145.70,71.50,15:41:54:894,666.00,11.03
143.05,73.65,15:41:55:021,666.00,10.94
136.72,76.95,15:41:55:142,666.00,11.33
123.19,75.94,15:41:55:266,666.00,15.18
115.45,75.44,15:41:55:392,666.00,12.07
98.89,71.91,15:41:55:522,666.00,17.41
83.31,66.50,15:41:55:641,666.00,21.54
71.59,60.41,15:41:55:761,41.80,48.03
58.48,62.57,15:41:55:880,666.00,29.31
49.78,61.16,15:41:56:002,666.00,20.00
37.38,57.95,15:41:56:128,666.00,29.72
31.37,56.66,15:41:56:247,666.00,23.18
22.53,52.00,15:41:56:372,666.00,22.06
9.64,7.03,15:41:56:496,1.69,30.80
8.60,3.47,15:41:56:626,666.00,15.49
8.58,-30.15,15:41:56:741,666.00,14.55
10.34,-42.87,15:41:56:867,666.00,16.28
11.38,-45.08,15:41:56:985,666.00,17.64
11.36,-43.97,15:41:57:114,666.00,16.97
11.44,-43.04,15:41:57:240,666.00,17.01
11.84,-39.12,15:41:57:365,666.00,16.81
11.65,-34.22,15:41:57:494,666.00,18.22
10.76,-27.90,15:41:57:626,666.00,19.65
9.44,-3.88,15:41:57:756,666.00,20.57
9.80,28.34,15:41:57:888,666.00,28.02
16.92,57.62,15:41:58:004,666.00,29.28
29.83,68.41,15:41:58:127,666.00,22.75
42.27,69.73,15:41:58:256,13.67,32.03
50.39,72.68,15:41:58:375,-4.26,55.91
64.10,73.31,15:41:58:496,14.55,50.81
81.90,70.53,15:41:58:627,666.00,21.05
98.45,70.66,15:41:58:749,666.00,12.62
106.44,68.53,15:41:58:866,666.00,15.92
114.93,68.00,15:41:59:001,666.00,14.57
126.55,70.39,15:41:59:135,666.00,13.29
133.80,73.07,15:41:59:266,666.00,11.22
138.31,73.33,15:41:59:389,666.00,15.21
142.36,73.97,15:41:59:505,666.00,14.13
143.40,74.06,15:41:59:637,666.00,13.77
143.44,74.05,15:41:59:773,666.00,13.83
142.90,74.26,15:41:59:907,666.00,14.45
142.63,74.47,15:42:00:027,666.00,14.11
141.70,74.99,15:42:00:150,666.00,13.31
137.72,75.06,15:42:00:270,666.00,15.75
135.47,75.73,15:42:00:385,666.00,13.41
126.80,75.75,15:42:00:506,666.00,13.79
115.16,73.12,15:42:00:632,666.00,15.77
104.70,71.31,15:42:00:747,666.00,21.73
94.14,71.85,15:42:00:872,666.00,18.44
80.76,66.79,15:42:00:990,42.78,32.41
66.95,64.56,15:42:01:119,52.26,30.60
49.48,69.42,15:42:01:238,666.00,25.39
43.77,67.01,15:42:01:368,666.00,12.81
19.84,58.62,15:42:01:496,0.55,34.77
13.99,55.81,15:42:01:613,-2.10,34.64
10.46,47.57,15:42:01:732,666.00,21.34
8.51,30.53,15:42:01:852,666.00,13.73
7.88,-6.20,15:42:01:969,666.00,10.25
9.33,-34.90,15:42:02:100,666.00,12.73
9.95,-42.82,15:42:02:220,666.00,13.53
10.28,-46.76,15:42:02:336,666.00,13.61
10.48,-48.08,15:42:02:468,666.00,14.08
10.51,-47.66,15:42:02:582,666.00,14.08
10.33,-48.38,15:42:02:707,666.00,14.91
10.14,-48.41,15:42:02:831,666.00,16.35
9.35,-46.70,15:42:02:955,666.00,16.35
6.19,-29.40,15:42:03:079,666.00,19.10
6.13,31.00,15:42:03:212,666.00,21.40
11.51,63.49,15:42:03:334,666.00,25.04
19.45,69.35,15:42:03:464,666.00,29.16
39.94,74.26,15:42:03:587,666.00,17.35
50.40,74.51,15:42:03:722,666.00,25.31
52.00,76.02,15:42:03:843,3.28,42.41
61.51,74.90,15:42:03:965,9.35,30.79
65.33,74.29,15:42:04:097,2.29,57.98
100.01,74.21,15:42:04:218,666.00,10.20
106.44,70.66,15:42:04:335,666.00,13.96
112.46,67.91,15:42:04:457,666.00,16.04
120.10,69.19,15:42:04:577,666.00,15.77
127.36,67.58,15:42:04:707,666.00,18.16
136.71,72.88,15:42:04:831,666.00,11.64
138.29,73.18,15:42:04:952,666.00,14.56
143.32,72.51,15:42:05:074,666.00,13.14
142.87,72.95,15:42:05:194,666.00,14.27
142.87,72.79,15:42:05:321,666.00,14.19
142.37,73.13,15:42:05:437,666.00,14.06
142.09,72.36,15:42:05:560,666.00,13.98
141.52,72.58,15:42:05:704,666.00,14.00
140.83,72.43,15:42:05:824,666.00,12.29
137.84,73.46,15:42:05:951,666.00,12.94
132.25,74.76,15:42:06:069,666.00,12.53
125.62,74.45,15:42:06:191,666.00,13.10
109.48,72.28,15:42:06:313,666.00,21.04
92.49,73.33,15:42:06:431,666.00,24.69
85.28,71.49,15:42:06:564,666.00,13.95
46.48,64.77,15:42:06:700,14.16,47.87
48.63,66.51,15:42:06:836,666.00,11.21
36.54,61.70,15:42:06:954,666.00,15.24
15.42,40.29,15:42:07:073,666.00,29.46
11.32,10.87,15:42:07:201,666.00,23.32
11.41,-12.27,15:42:07:323,666.00,18.17
13.38,-36.58,15:42:07:448,666.00,17.68
14.20,-41.30,15:42:07:564,666.00,17.62
14.48,-40.30,15:42:07:690,666.00,18.24
14.21,-40.52,15:42:07:807,666.00,19.50
13.71,-40.66,15:42:07:936,666.00,20.41
13.24,-40.39,15:42:08:055,666.00,20.17
13.61,-36.90,15:42:08:174,666.00,20.74
11.89,-29.48,15:42:08:296,666.00,23.58
9.20,-14.49,15:42:08:423,-2.91,30.01
11.13,42.52,15:42:08:555,666.00,28.72
25.44,65.49,15:42:08:689,666.00,27.78
38.82,68.34,15:42:08:815,7.27,37.77
60.67,72.86,15:42:08:936,3.07,31.05
64.00,68.50,15:42:09:065,18.87,38.27
73.09,68.50,15:42:09:197,22.92,34.85
72.26,67.14,15:42:09:318,12.30,53.97
106.97,69.24,15:42:09:432,666.00,13.73
113.57,68.37,15:42:09:548,666.00,13.73
122.51,68.47,15:42:09:668,666.00,11.81
129.91,71.35,15:42:09:794,666.00,9.19
135.27,71.24,15:42:09:927,666.00,11.87
140.15,71.64,15:42:10:050,666.00,13.63
144.88,70.44,15:42:10:174,666.00,16.72
146.67,70.10,15:42:10:299,666.00,14.52
146.43,70.55,15:42:10:416,666.00,11.87
145.85,70.98,15:42:10:537,666.00,11.50
144.15,72.05,15:42:10:668,666.00,12.24
141.78,73.07,15:42:10:784,666.00,11.58
135.97,75.66,15:42:10:915,666.00,10.41
125.56,76.69,15:42:11:038,666.00,12.77
114.75,75.35,15:42:11:169,666.00,12.43
98.43,73.49,15:42:11:288,666.00,23.77
90.18,67.41,15:42:11:407,666.00,23.14
75.03,70.15,15:42:11:530,666.00,19.27
45.02,59.92,15:42:11:647,12.70,58.52
42.49,60.12,15:42:11:772,666.00,24.97
36.42,58.64,15:42:11:915,666.00,18.89
19.60,45.29,15:42:12:034,666.00,26.59
12.76,26.57,15:42:12:153,666.00,25.08
9.85,-2.76,15:42:12:273,666.00,15.70
9.98,-25.26,15:42:12:391,666.00,15.29
11.38,-36.55,15:42:12:520,666.00,14.65
12.42,-38.57,15:42:12:651,666.00,15.74
12.36,-38.57,15:42:12:767,666.00,17.31
12.21,-39.22,15:42:12:891,666.00,17.40
12.02,-38.81,15:42:13:021,666.00,17.82
12.11,-36.91,15:42:13:152,666.00,18.17
9.12,-22.69,15:42:13:273,666.00,27.24
8.20,21.04,15:42:13:398,666.00,26.72
18.77,61.26,15:42:13:518,666.00,26.50
39.55,70.85,15:42:13:637,666.00,19.02
52.90,72.58,15:42:13:781,666.00,22.69
65.50,72.21,15:42:13:905,16.14,32.47
83.68,70.61,15:42:14:028,666.00,15.56
77.43,70.91,15:42:14:149,8.85,41.88
105.40,71.23,15:42:14:269,666.00,12.18
113.28,67.96,15:42:14:391,666.00,11.84
125.08,68.00,15:42:14:520,666.00,9.30
132.29,67.07,15:42:14:633,666.00,11.34
139.28,66.33,15:42:14:750,666.00,10.38
142.50,68.65,15:42:14:870,666.00,10.54
142.32,70.48,15:42:15:004,666.00,11.73
142.50,71.36,15:42:15:138,666.00,12.30
141.61,72.00,15:42:15:251,666.00,13.10
141.60,72.82,15:42:15:367,666.00,12.60
140.42,74.21,15:42:15:482,666.00,12.27
135.66,74.84,15:42:15:610,666.00,11.80
126.86,74.87,15:42:15:730,666.00,14.46
119.88,75.03,15:42:15:853,666.00,11.80
105.48,74.53,15:42:15:978,666.00,13.53
89.12,73.29,15:42:16:101,666.00,13.04
72.90,65.72,15:42:16:220,34.52,38.36
56.98,66.97,15:42:16:339,16.81,34.17
39.71,61.91,15:42:16:460,8.74,31.18
34.04,60.45,15:42:16:585,666.00,20.01
15.88,44.32,15:42:16:725,666.00,29.59
11.68,15.54,15:42:16:857,666.00,24.04
12.48,-14.80,15:42:16:978,666.00,20.26
13.45,-32.64,15:42:17:102,666.00,19.07
13.47,-37.28,15:42:17:223,666.00,17.59
13.67,-40.65,15:42:17:340,666.00,17.66
13.50,-41.98,15:42:17:466,666.00,18.31
13.30,-41.67,15:42:17:582,666.00,18.39
12.27,-41.22,15:42:17:697,666.00,18.12
10.87,-37.49,15:42:17:811,666.00,22.54
8.46,-16.10,15:42:17:938,-6.46,33.37
15.35,45.91,15:42:18:072,-1.78,33.39
39.17,65.52,15:42:18:199,666.00,22.49
49.56,69.58,15:42:18:321,9.72,30.49
66.89,71.60,15:42:18:440,666.00,15.22
83.68,71.57,15:42:18:566,666.00,17.41
97.12,70.35,15:42:18:692,666.00,11.59
107.37,68.86,15:42:18:819,666.00,13.54
111.65,68.16,15:42:18:937,666.00,15.62
118.21,68.19,15:42:19:055,666.00,16.56
125.85,67.51,15:42:19:173,666.00,17.90
135.61,68.92,15:42:19:299,666.00,15.72
139.73,68.63,15:42:19:436,666.00,16.47
142.78,68.85,15:42:19:563,666.00,16.64
142.79,69.80,15:42:19:684,666.00,16.28
141.99,71.08,15:42:19:810,666.00,16.35
142.59,71.32,15:42:19:931,666.00,15.51
141.97,71.73,15:42:20:059,666.00,15.48
141.64,72.73,15:42:20:188,666.00,14.56
141.07,73.69,15:42:20:309,666.00,13.99
137.77,74.39,15:42:20:434,666.00,13.58
133.85,74.43,15:42:20:557,666.00,13.30
124.31,75.15,15:42:20:681,666.00,18.27
118.44,73.97,15:42:20:803,666.00,15.42
109.32,73.46,15:42:20:927,666.00,17.72
102.06,73.52,15:42:21:052,666.00,14.02
94.47,74.09,15:42:21:172,666.00,14.74
78.57,66.39,15:42:21:296,666.00,27.25
42.84,65.37,15:42:21:433,-2.84,50.96
44.78,62.44,15:42:21:554,666.00,17.71
32.35,53.24,15:42:21:669,666.00,18.62
17.89,31.65,15:42:21:802,666.00,26.65
13.64,14.89,15:42:21:922,666.00,25.02
11.32,-11.46,15:42:22:038,666.00,21.86
11.68,-34.98,15:42:22:165,666.00,19.31
11.78,-40.01,15:42:22:288,666.00,17.39
12.21,-42.77,15:42:22:417,666.00,19.22
12.03,-42.62,15:42:22:531,666.00,20.54
11.80,-42.21,15:42:22:652,666.00,20.64
11.63,-41.96,15:42:22:773,666.00,20.16
11.28,-41.43,15:42:22:902,666.00,19.11
10.69,-39.39,15:42:23:020,666.00,19.77
7.76,-18.04,15:42:23:138,666.00,22.86
7.71,32.96,15:42:23:268,-5.42,30.99
15.20,62.51,15:42:23:392,666.00,29.98
31.87,70.92,15:42:23:523,666.00,29.74
50.72,72.21,15:42:23:637,666.00,25.25
61.83,73.51,15:42:23:756,666.00,19.83
77.76,66.77,15:42:23:884,666.00,26.50
82.29,69.43,15:42:24:005,666.00,28.26
96.16,69.42,15:42:24:124,666.00,18.81
105.93,68.57,15:42:24:238,666.00,17.80
117.71,70.39,15:42:24:355,666.00,11.17
123.62,69.87,15:42:24:480,666.00,17.00
131.38,67.74,15:42:24:609,666.00,20.18
138.21,66.27,15:42:24:734,666.00,19.20
141.37,66.45,15:42:24:858,666.00,19.46
144.30,66.80,15:42:24:975,666.00,17.95
144.45,67.07,15:42:25:096,666.00,17.93
144.30,67.00,15:42:25:217,666.00,17.50
143.10,67.61,15:42:25:338,666.00,17.65
142.77,67.65,15:42:25:465,666.00,16.50
139.64,67.97,15:42:25:588,666.00,16.99
133.15,68.79,15:42:25:707,666.00,16.80
122.32,68.79,15:42:25:834,666.00,17.80
107.57,66.06,15:42:25:965,666.00,24.07
98.15,66.11,15:42:26:076,666.00,22.28
85.58,60.40,15:42:26:190,68.87,32.96
55.57,56.51,15:42:26:315,24.63,65.44
46.87,58.97,15:42:26:439,12.07,37.56
39.94,57.66,15:42:26:570,666.00,20.33
28.39,51.17,15:42:26:684,666.00,20.63
13.06,34.82,15:42:26:800,666.00,21.81
8.62,10.25,15:42:26:928,666.00,17.70
9.99,-32.31,15:42:27:044,666.00,13.74
12.61,-49.37,15:42:27:163,666.00,16.31
13.90,-51.74,15:42:27:283,666.00,16.14
14.52,-50.63,15:42:27:397,666.00,16.72
13.68,-49.60,15:42:27:516,666.00,17.40
13.20,-47.64,15:42:27:637,666.00,18.76
12.72,-47.35,15:42:27:769,666.00,19.18
12.48,-47.25,15:42:27:903,666.00,19.26
11.55,-43.82,15:42:28:023,666.00,18.77
9.17,-32.08,15:42:28:146,666.00,23.44
6.95,19.87,15:42:28:267,666.00,27.88
14.29,58.09,15:42:28:391,666.00,27.69
37.27,68.31,15:42:28:531,666.00,23.57
49.30,73.70,15:42:28:650,666.00,25.18
68.78,75.63,15:42:28:764,666.00,26.45
73.54,76.06,15:42:28:880,16.66,37.67
98.25,78.49,15:42:29:013,666.00,11.21
109.24,76.19,15:42:29:134,666.00,12.35
120.66,74.57,15:42:29:276,666.00,12.65
129.20,77.02,15:42:29:404,666.00,12.31
134.41,77.88,15:42:29:520,666.00,11.86
141.41,78.81,15:42:29:645,666.00,11.03
146.22,79.44,15:42:29:766,666.00,10.80
148.99,78.04,15:42:29:889,666.00,12.31
151.48,77.11,15:42:30:002,666.00,11.86
151.75,77.14,15:42:30:121,666.00,11.46
150.69,77.96,15:42:30:241,666.00,11.83
149.68,78.21,15:42:30:362,666.00,12.19
148.57,79.35,15:42:30:483,666.00,12.35
146.95,80.61,15:42:30:609,666.00,11.83
143.81,82.60,15:42:30:728,666.00,10.86
139.91,83.54,15:42:30:858,666.00,10.89
131.77,81.65,15:42:30:977,666.00,13.13
125.15,80.85,15:42:31:099,666.00,14.02
120.37,78.84,15:42:31:233,666.00,11.49
116.06,77.76,15:42:31:358,666.00,10.63
108.14,75.04,15:42:31:476,666.00,15.29
98.20,74.84,15:42:31:599,666.00,16.83
95.57,72.65,15:42:31:724,666.00,12.48
81.24,71.54,15:42:31:853,666.00,15.39
64.27,67.82,15:42:31:972,25.19,40.89
53.96,67.46,15:42:32:098,16.97,32.96
44.78,65.12,15:42:32:219,666.00,28.49
37.01,60.49,15:42:32:354,666.00,27.87
27.99,53.55,15:42:32:477,666.00,26.79
17.67,35.29,15:42:32:595,9.06,32.48
13.79,19.53,15:42:32:719,666.00,29.49
11.26,0.75,15:42:32:835,666.00,21.66
11.08,-28.48,15:42:32:968,666.00,19.87
11.74,-36.09,15:42:33:090,666.00,17.75
12.13,-38.25,15:42:33:214,666.00,15.13
12.45,-39.10,15:42:33:339,666.00,17.64
11.96,-38.89,15:42:33:474,666.00,18.08
11.79,-38.58,15:42:33:600,666.00,18.85
10.71,-34.44,15:42:33:719,666.00,19.82
8.22,-14.99,15:42:33:836,666.00,25.72
8.00,22.33,15:42:33:961,666.00,26.28
13.20,57.16,15:42:34:086,1.73,30.41
15.70,67.18,15:42:34:221,-2.79,52.42
39.40,73.36,15:42:34:349,666.00,19.53
46.77,73.95,15:42:34:465,7.74,36.66
49.74,76.54,15:42:34:581,-8.99,40.32
55.87,75.74,15:42:34:699,4.85,31.63
70.69,73.10,15:42:34:824,666.00,16.24
71.56,73.34,15:42:34:949,4.89,40.59
73.43,72.57,15:42:35:066,5.25,43.46
94.52,70.00,15:42:35:190,666.00,19.08
103.74,72.53,15:42:35:311,666.00,10.56
107.86,69.27,15:42:35:438,666.00,16.98
114.95,70.35,15:42:35:564,666.00,15.10
121.48,71.13,15:42:35:691,666.00,15.20
131.55,73.86,15:42:35:811,666.00,11.44
137.18,74.51,15:42:35:936,666.00,13.29
142.76,74.26,15:42:36:064,666.00,16.43
147.10,73.99,15:42:36:188,666.00,15.16
151.80,72.98,15:42:36:307,666.00,13.91
152.72,73.40,15:42:36:427,666.00,13.41
152.27,73.53,15:42:36:550,666.00,13.55
151.45,74.24,15:42:36:672,666.00,12.25
149.30,75.53,15:42:36:802,666.00,12.98
147.40,77.04,15:42:36:918,666.00,12.89
143.83,78.42,15:42:37:035,666.00,12.69
140.45,79.76,15:42:37:157,666.00,12.98
132.35,79.03,15:42:37:298,666.00,13.37
126.93,79.44,15:42:37:428,666.00,13.51
119.16,78.75,15:42:37:554,666.00,12.54
109.69,76.95,15:42:37:668,666.00,17.14
105.35,75.79,15:42:37:792,666.00,16.38
96.47,71.32,15:42:37:920,666.00,22.95
84.97,69.30,15:42:38:042,666.00,25.98
81.07,68.84,15:42:38:168,666.00,21.18
67.93,61.03,15:42:38:282,43.25,39.95
49.43,59.79,15:42:38:415,16.04,41.75
46.64,62.56,15:42:38:532,6.42,36.85
44.55,61.83,15:42:38:655,666.00,20.21
36.29,58.48,15:42:38:780,666.00,22.56
25.25,53.18,15:42:38:902,666.00,27.82
20.66,50.73,15:42:39:026,666.00,23.94
12.69,39.06,15:42:39:149,666.00,25.62
8.74,23.25,15:42:39:281,666.00,20.28
7.26,-4.66,15:42:39:402,666.00,11.81
8.12,-24.40,15:42:39:529,666.00,12.69
8.49,-29.12,15:42:39:658,666.00,12.71
8.48,-30.64,15:42:39:776,666.00,13.34
8.22,-31.63,15:42:39:905,666.00,13.87
7.94,-28.60,15:42:40:036,666.00,18.26
7.83,-15.34,15:42:40:157,666.00,20.87
7.70,11.12,15:42:40:278,666.00,26.67
9.62,43.08,15:42:40:406,666.00,27.53
15.28,60.54,15:42:40:535,666.00,25.87
20.55,67.84,15:42:40:655,666.00,28.89
27.67,71.82,15:42:40:772,-1.51,36.62
46.26,70.96,15:42:40:903,666.00,19.44
48.55,71.54,15:42:41:050,6.72,40.41
49.70,69.91,15:42:41:179,9.29,39.88
79.86,65.58,15:42:41:300,666.00,24.09
77.88,65.23,15:42:41:421,666.00,27.92
83.92,64.66,15:42:41:538,666.00,28.79
91.69,64.06,15:42:41:655,98.49,33.11
99.04,69.86,15:42:41:785,666.00,13.25
104.13,69.54,15:42:41:913,666.00,12.41
109.40,67.53,15:42:42:039,666.00,14.38
110.24,66.40,15:42:42:158,666.00,15.62
116.24,64.08,15:42:42:274,666.00,18.61
118.67,65.44,15:42:42:392,666.00,15.96
125.21,66.83,15:42:42:521,666.00,14.28
128.59,70.37,15:42:42:656,666.00,16.10
131.02,65.41,15:42:42:776,666.00,19.88
137.66,71.61,15:42:42:909,666.00,15.13
140.35,73.36,15:42:43:030,666.00,14.89
144.24,72.16,15:42:43:151,666.00,14.48
147.47,70.85,15:42:43:276,666.00,15.22
148.12,70.29,15:42:43:403,666.00,16.55
148.23,70.62,15:42:43:541,666.00,16.41
147.61,71.88,15:42:43:682,666.00,16.61
147.13,71.80,15:42:43:812,666.00,14.88
144.40,75.09,15:42:43:969,666.00,13.49
140.89,76.87,15:42:44:108,666.00,12.39
134.03,78.06,15:42:44:238,666.00,12.25
124.46,79.03,15:42:44:372,666.00,14.48
115.60,77.86,15:42:44:518,666.00,12.89
104.58,75.59,15:42:44:648,666.00,17.46
94.68,75.83,15:42:44:778,666.00,18.94
93.99,75.25,15:42:44:906,666.00,13.08
88.65,74.12,15:42:45:043,666.00,14.76
85.33,73.36,15:42:45:192,666.00,26.20
41.71,60.91,15:42:45:321,-1.40,50.99
46.16,62.83,15:42:45:458,666.00,14.79
28.43,55.70,15:42:45:595,5.86,31.67
22.03,49.23,15:42:45:727,666.00,22.44
13.38,26.14,15:42:45:862,666.00,23.57
11.03,-12.88,15:42:46:004,666.00,21.42
12.39,-32.15,15:42:46:138,666.00,19.43
12.54,-38.24,15:42:46:269,666.00,20.03
12.49,-37.19,15:42:46:400,666.00,19.13
12.85,-38.06,15:42:46:539,666.00,22.64
11.41,-30.61,15:42:46:676,666.00,26.76
9.03,-1.95,15:42:46:820,666.00,27.86
10.42,34.00,15:42:46:961,666.00,30.00
28.33,65.59,15:42:47:111,666.00,21.78
42.94,69.24,15:42:47:271,666.00,14.56
54.81,72.96,15:42:47:405,-3.64,37.99
54.55,73.32,15:42:47:536,3.71,45.10
78.92,72.75,15:42:47:672,666.00,16.73
77.97,71.11,15:42:47:807,14.80,34.94
101.46,70.62,15:42:47:946,666.00,12.46
110.85,66.27,15:42:48:084,666.00,16.82
122.16,63.75,15:42:48:216,666.00,16.93
127.03,62.82,15:42:48:355,666.00,16.65
133.81,62.13,15:42:48:502,666.00,15.71
138.41,64.35,15:42:48:636,666.00,16.33
139.99,66.01,15:42:48:794,666.00,15.49
139.49,67.76,15:42:48:951,666.00,15.07
139.18,68.95,15:42:49:091,666.00,14.60
137.70,70.77,15:42:49:218,666.00,15.57
134.82,72.81,15:42:49:355,666.00,14.34
127.38,73.07,15:42:49:494,666.00,18.44
118.63,71.35,15:42:49:623,666.00,17.98
105.69,72.93,15:42:49:756,666.00,21.19
96.17,71.03,15:42:49:908,666.00,18.86
73.16,66.88,15:42:50:047,35.14,34.38
70.03,65.48,15:42:50:177,34.14,34.30
62.65,64.22,15:42:50:304,666.00,24.99
49.16,65.68,15:42:50:435,666.00,18.41
39.91,61.74,15:42:50:563,666.00,21.31
23.27,53.12,15:42:50:694,666.00,22.06
12.26,20.65,15:42:50:841,666.00,25.90
9.68,-19.47,15:42:50:967,666.00,14.78
10.62,-37.46,15:42:51:099,666.00,13.40
11.29,-44.50,15:42:51:240,666.00,14.59
11.62,-45.03,15:42:51:379,666.00,14.50
11.51,-45.35,15:42:51:525,666.00,16.46
11.49,-44.81,15:42:51:667,666.00,18.33
11.57,-44.05,15:42:51:804,666.00,19.65
11.15,-39.81,15:42:51:939,666.00,22.17
8.93,-31.28,15:42:52:076,666.00,24.44
8.35,0.66,15:42:52:216,666.00,26.79
12.93,38.85,15:42:52:345,-9.90,30.83
30.52,63.69,15:42:52:470,666.00,24.82
42.61,67.32,15:42:52:597,666.00,29.63
54.30,71.46,15:42:52:727,666.00,22.64
66.88,70.54,15:42:52:857,29.68,45.58
79.35,69.53,15:42:52:976,666.00,29.44
98.25,71.12,15:42:53:100,666.00,10.76
103.51,68.26,15:42:53:224,666.00,15.08
110.41,66.39,15:42:53:337,666.00,16.72
120.45,65.99,15:42:53:465,666.00,14.01
125.03,65.26,15:42:53:585,666.00,15.42
132.21,65.86,15:42:53:703,666.00,15.51
134.15,67.77,15:42:53:825,666.00,15.78
138.16,67.64,15:42:53:940,666.00,18.74
139.90,67.94,15:42:54:075,666.00,17.02
140.84,68.77,15:42:54:199,666.00,16.33
141.06,69.39,15:42:54:312,666.00,16.60
141.02,69.87,15:42:54:434,666.00,16.29
140.90,70.27,15:42:54:553,666.00,15.71
138.84,71.03,15:42:54:678,666.00,13.82
133.77,72.24,15:42:54:802,666.00,11.92
125.26,71.99,15:42:54:931,666.00,13.84
119.48,70.32,15:42:55:053,666.00,15.05
109.64,72.38,15:42:55:183,666.00,14.42
96.10,69.78,15:42:55:300,666.00,19.44
79.94,67.95,15:42:55:435,666.00,29.01
71.76,62.90,15:42:55:550,38.70,38.99
59.40,62.43,15:42:55:666,27.72,53.42
38.98,62.72,15:42:55:785,-0.58,55.35
46.67,64.78,15:42:55:912,666.00,19.92
38.29,60.84,15:42:56:034,666.00,21.13
21.45,51.46,15:42:56:155,5.51,35.89
17.04,46.23,15:42:56:284,666.00,27.44
11.17,23.17,15:42:56:415,666.00,26.31
9.66,-3.77,15:42:56:543,666.00,21.83
11.04,-29.04,15:42:56:664,666.00,16.28
11.98,-39.46,15:42:56:793,666.00,16.94
13.09,-43.57,15:42:56:920,666.00,18.47
12.20,-43.65,15:42:57:033,666.00,18.28
13.10,-43.91,15:42:57:163,666.00,19.27
12.55,-42.71,15:42:57:281,666.00,19.18
12.98,-42.55,15:42:57:405,666.00,20.48
12.77,-42.25,15:42:57:526,666.00,20.32
12.94,-42.17,15:42:57:650,666.00,20.98
12.94,-42.17,15:42:57:773,666.00,21.16
13.30,-42.04,15:42:57:904,666.00,21.69
12.66,-40.94,15:42:58:028,666.00,21.05
13.12,-40.53,15:42:58:154,666.00,21.33
12.83,-39.65,15:42:58:274,666.00,21.41
12.72,-39.83,15:42:58:394,666.00,21.49
12.02,-39.57,15:42:58:524,666.00,20.31
11.84,-38.44,15:42:58:640,666.00,20.07
11.74,-38.25,15:42:58:763,666.00,20.07
11.84,-37.85,15:42:58:892,666.00,20.15
11.64,-38.23,15:42:59:013,666.00,19.61
11.19,-37.81,15:42:59:127,666.00,19.24
10.75,-38.00,15:42:59:232,666.00,18.89
11.09,-38.27,15:42:59:338,666.00,19.04
11.74,-39.05,15:42:59:449,666.00,19.86
11.38,-38.61,15:42:59:556,666.00,19.41
10.81,-37.65,15:42:59:661,666.00,18.74
11.25,-38.32,15:42:59:768,666.00,19.57
10.70,-37.34,15:42:59:872,666.00,19.19
11.01,-37.15,15:42:59:978,666.00,19.79
11.32,-37.58,15:43:00:084,666.00,21.18
11.50,-38.26,15:43:00:189,666.00,21.80
11.01,-36.89,15:43:00:297,666.00,21.40
12.07,-37.27,15:43:00:406,666.00,22.90
11.47,-36.85,15:43:00:514,666.00,22.40
11.94,-37.85,15:43:00:624,666.00,23.02
