Timestamp,Kinect_LeftShoulder_Ext.-Flex.,Kinect_LeftShoulder_Abd.-Add.,Kinect_LeftShoulder_Int.-Ext.,Kinect_LeftElbow_Ext.-Flex.,Kinect_RightShoulder_Ext.-Flex.,Kinect_RightShoulder_Abd.-Add.,Kinect_RightShoulder_Int.-Ext.,Kinect_RightElbow_Ext.-Flex.,9.64,-4.22,15:26:50:863,666.00,19.89
10.06,-7.94,15:26:51:330,666.00,20.32
10.20,-7.94,15:26:51:531,666.00,20.34
10.15,-9.36,15:26:51:856,666.00,20.49
10.18,-8.47,15:26:52:030,666.00,20.31
10.16,-7.72,15:26:52:181,666.00,20.08
10.13,-7.26,15:26:52:299,666.00,19.96
10.17,-7.45,15:26:52:410,666.00,20.03
10.17,-7.52,15:26:52:523,666.00,20.13
10.14,-7.27,15:26:52:630,666.00,20.14
10.22,-7.28,15:26:52:735,666.00,20.24
10.25,-7.48,15:26:52:844,666.00,20.34
10.29,-7.55,15:26:52:953,666.00,20.40
10.19,-7.24,15:26:53:078,666.00,20.43
10.05,-6.38,15:26:54:114,666.00,20.31
9.98,-5.96,15:26:54:394,666.00,20.11
9.96,-6.39,15:26:54:558,666.00,19.96
10.14,-5.77,15:26:54:725,666.00,20.02
10.39,-6.81,15:26:54:839,666.00,20.35
10.93,-10.90,15:26:54:952,666.00,21.21
12.14,-14.13,15:26:55:062,666.00,21.80
13.29,-15.15,15:26:55:178,666.00,22.39
15.06,-14.58,15:26:55:300,666.00,23.55
16.05,-13.36,15:26:55:419,666.00,24.46
16.79,-12.42,15:26:55:538,666.00,26.08
16.94,-10.73,15:26:55:645,666.00,26.40
16.55,-7.48,15:26:55:753,666.00,26.04
16.44,-3.80,15:26:55:858,666.00,25.52
16.02,0.94,15:26:55:967,666.00,23.25
16.14,0.71,15:26:56:075,666.00,23.61
20.56,-9.20,15:26:56:179,666.00,29.33
27.06,-29.12,15:26:56:290,43.27,30.24
32.65,-47.90,15:26:56:395,54.53,38.76
39.25,-59.71,15:26:56:502,43.90,43.07
37.14,-65.44,15:26:56:606,42.08,39.11
32.99,-63.39,15:26:56:712,47.06,35.61
31.27,-61.59,15:26:56:826,50.10,34.05
31.06,-62.57,15:26:56:947,49.54,33.48
30.11,-62.96,15:26:57:053,50.12,32.49
30.16,-62.78,15:26:57:157,50.25,32.54
30.94,-62.50,15:26:57:269,49.75,33.26
30.82,-62.75,15:26:57:391,49.70,33.08
29.89,-62.88,15:26:57:501,50.42,32.18
30.96,-62.76,15:26:57:609,49.56,33.14
29.53,-63.10,15:26:57:714,50.52,31.75
30.08,-63.14,15:26:57:822,49.97,32.23
30.26,-63.39,15:26:57:932,49.54,32.29
30.61,-63.35,15:26:58:052,49.12,32.58
30.72,-62.58,15:26:58:160,49.53,32.79
31.17,-61.94,15:26:58:276,49.61,33.32
30.53,-62.40,15:26:58:379,49.74,32.64
30.52,-62.10,15:26:58:493,50.01,32.64
30.23,-61.70,15:26:58:919,50.56,32.41
29.86,-61.19,15:26:59:074,51.33,32.10
28.87,-61.46,15:26:59:236,52.16,31.16
29.37,-60.12,15:26:59:396,52.93,31.62
29.24,-60.27,15:26:59:516,52.94,31.34
28.26,-60.94,15:26:59:624,53.22,30.18
28.24,-61.46,15:26:59:728,666.00,29.95
28.60,-62.09,15:26:59:831,51.82,30.11
29.29,-61.13,15:26:59:940,51.62,30.69
28.09,-59.40,15:27:00:064,666.00,29.71
27.77,-61.63,15:27:00:181,666.00,29.15
28.15,-62.77,15:27:00:287,666.00,29.27
28.67,-63.84,15:27:00:395,666.00,29.46
28.44,-63.43,15:27:00:512,666.00,29.32
30.48,-63.99,15:27:00:635,48.26,30.86
30.30,-63.65,15:27:00:760,48.64,30.63
30.07,-64.26,15:27:00:864,48.22,30.18
29.86,-64.48,15:27:00:974,666.00,29.82
29.43,-64.04,15:27:01:078,666.00,29.36
29.72,-64.23,15:27:01:196,666.00,29.51
29.87,-63.75,15:27:01:312,666.00,29.81
31.60,-63.61,15:27:01:420,47.25,31.50
29.35,-63.96,15:27:01:524,666.00,29.11
30.43,-63.98,15:27:01:640,47.76,30.41
31.86,-64.00,15:27:01:746,46.48,34.33
31.66,-59.17,15:27:01:854,47.57,39.09
32.55,-61.02,15:27:01:958,45.31,41.27
30.53,-60.87,15:27:02:066,47.38,39.97
29.74,-62.32,15:27:02:183,47.48,39.39
29.65,-62.50,15:27:02:297,48.77,39.43
27.99,-63.01,15:27:02:418,50.61,38.05
26.59,-62.75,15:27:02:537,52.65,37.13
27.73,-66.65,15:27:02:656,49.96,37.66
28.57,-72.36,15:27:02:762,45.99,37.35
28.20,-66.01,15:27:02:877,49.81,38.64
24.66,-48.85,15:27:02:995,-8.99,30.44
22.25,-27.73,15:27:03:111,-28.50,34.33
26.99,-12.06,15:27:03:230,-13.22,32.59
25.94,-11.90,15:27:03:346,-5.28,31.66
16.33,-15.03,15:27:03:460,666.00,22.95
11.08,-22.96,15:27:03:565,666.00,21.71
10.91,-29.72,15:27:03:672,666.00,21.66
13.26,-27.66,15:27:03:784,666.00,23.46
12.99,-24.57,15:27:03:889,666.00,21.30
11.89,-20.42,15:27:03:995,666.00,20.31
10.66,-11.33,15:27:04:105,666.00,23.59
10.42,-0.04,15:27:04:216,666.00,27.32
9.37,11.35,15:27:04:320,666.00,26.75
9.22,14.61,15:27:04:435,666.00,25.10
9.23,12.62,15:27:04:543,666.00,22.33
9.51,2.06,15:27:04:669,666.00,19.18
9.65,-3.50,15:27:04:777,666.00,19.17
10.12,-12.23,15:27:04:886,666.00,20.03
10.10,-15.11,15:27:04:992,666.00,21.46
9.98,-15.84,15:27:05:100,666.00,23.10
9.96,-16.45,15:27:05:213,666.00,23.66
10.14,-17.52,15:27:05:339,666.00,23.70
10.33,-18.21,15:27:05:479,666.00,23.56
10.51,-17.35,15:27:05:611,666.00,23.26
10.35,-15.93,15:27:05:749,666.00,23.02
10.25,-15.24,15:27:05:866,666.00,23.50
10.31,-15.14,15:27:05:990,666.00,23.50
10.23,-14.85,15:27:06:117,666.00,23.42
10.26,-14.29,15:27:06:235,666.00,23.40
10.03,-13.31,15:27:06:357,666.00,23.24
10.03,-13.12,15:27:06:475,666.00,23.23
10.00,-12.35,15:27:06:601,666.00,22.97
9.88,-11.91,15:27:06:734,666.00,22.86
9.83,-11.17,15:27:06:845,666.00,22.72
9.81,-11.04,15:27:06:969,666.00,22.58
9.79,-10.03,15:27:07:084,666.00,22.49
9.81,-10.06,15:27:07:208,666.00,22.57
9.76,-9.90,15:27:07:339,666.00,22.55
10.84,-10.71,15:27:07:470,13.51,39.63
38.82,39.20,15:27:07:598,39.93,77.50
43.65,36.49,15:27:07:722,6.97,121.57
74.04,55.64,15:27:07:838,19.84,125.10
81.01,55.84,15:27:07:959,22.36,121.29
93.01,52.53,15:27:08:088,35.42,116.61
102.69,39.86,15:27:08:214,52.01,113.24
108.21,36.25,15:27:08:352,57.61,114.85
106.16,20.93,15:27:08:476,60.49,125.33
102.72,6.14,15:27:08:595,77.06,132.23
103.48,-4.64,15:27:08:715,116.00,131.78
104.10,-14.08,15:27:08:853,134.47,132.74
109.73,-20.35,15:27:08:976,124.56,134.48
102.13,-11.19,15:27:09:094,127.17,143.76
104.93,-10.22,15:27:09:218,119.30,141.89
106.64,-5.82,15:27:09:328,108.43,140.57
108.10,-1.80,15:27:09:449,94.89,145.84
105.99,3.27,15:27:09:579,83.37,145.20
93.30,5.33,15:27:09:700,38.48,139.50
46.16,-8.50,15:27:09:833,-50.14,126.64
32.05,-25.81,15:27:09:953,-19.64,79.93
19.65,-29.25,15:27:10:067,37.93,36.17
16.10,-28.66,15:27:10:195,666.00,28.19
41.14,-15.83,15:27:10:315,-36.79,48.86
83.99,3.13,15:27:10:432,666.00,29.87
94.47,2.25,15:27:10:551,666.00,21.93
93.33,-2.74,15:27:10:676,666.00,15.77
91.55,-6.51,15:27:10:797,666.00,11.29
91.44,-6.69,15:27:10:916,666.00,9.85
89.95,-6.60,15:27:11:039,666.00,9.83
88.66,-6.90,15:27:11:165,666.00,10.97
88.03,-6.65,15:27:11:282,666.00,11.42
87.40,-6.06,15:27:11:413,666.00,10.53
87.89,-6.21,15:27:11:533,666.00,12.32
88.26,-6.30,15:27:11:653,666.00,12.72
87.40,-6.66,15:27:11:772,666.00,12.11
86.22,-5.01,15:27:11:906,666.00,12.93
85.57,-2.98,15:27:12:033,666.00,12.52
85.80,-0.97,15:27:12:153,666.00,9.90
86.17,2.03,15:27:12:284,666.00,11.99
86.57,3.14,15:27:12:414,666.00,12.15
85.38,1.75,15:27:12:534,666.00,12.48
84.41,1.65,15:27:12:664,666.00,13.64
83.99,1.65,15:27:12:779,666.00,14.20
83.45,6.63,15:27:12:900,666.00,14.73
82.44,7.82,15:27:13:029,666.00,13.62
82.92,6.90,15:27:13:145,666.00,13.86
83.16,7.18,15:27:13:259,666.00,14.56
83.40,4.45,15:27:13:380,666.00,13.41
83.52,0.86,15:27:13:498,666.00,14.07
83.68,-1.04,15:27:13:618,666.00,14.28
83.99,-2.31,15:27:13:735,666.00,13.85
84.04,-3.28,15:27:13:860,666.00,14.04
83.97,-3.84,15:27:13:976,666.00,14.37
83.23,-2.69,15:27:14:096,666.00,14.60
83.15,-2.62,15:27:14:220,666.00,12.70
83.06,-2.42,15:27:14:340,666.00,13.01
83.09,-2.59,15:27:14:457,666.00,14.27
82.97,-2.45,15:27:14:573,666.00,15.33
83.12,-2.12,15:27:14:697,666.00,17.26
83.10,-2.23,15:27:14:819,666.00,17.64
82.64,-1.57,15:27:14:939,666.00,16.10
82.94,-1.84,15:27:15:061,666.00,16.43
82.88,-1.98,15:27:15:178,666.00,16.10
83.02,-2.27,15:27:15:305,666.00,15.52
83.04,-2.47,15:27:15:427,666.00,15.23
83.10,-2.74,15:27:15:554,666.00,15.13
83.32,-2.70,15:27:15:686,666.00,15.25
83.28,-2.81,15:27:15:798,666.00,13.60
83.41,-2.91,15:27:15:918,666.00,12.11
83.43,-2.74,15:27:16:038,666.00,12.31
83.37,-2.68,15:27:16:163,666.00,12.41
83.36,-2.66,15:27:16:284,666.00,13.15
83.31,-3.01,15:27:16:403,666.00,12.21
82.86,-1.93,15:27:16:539,666.00,11.87
82.98,-2.20,15:27:16:661,666.00,11.87
82.87,-2.16,15:27:16:787,666.00,11.58
82.93,-2.16,15:27:16:910,666.00,11.43
83.05,-2.15,15:27:17:030,666.00,12.29
83.18,-2.37,15:27:17:157,666.00,12.59
83.18,-2.15,15:27:17:279,666.00,12.03
83.15,-2.36,15:27:17:398,666.00,12.75
83.16,-2.26,15:27:17:518,666.00,12.02
83.10,-2.25,15:27:17:637,666.00,12.73
83.06,-2.29,15:27:17:759,666.00,12.96
82.80,-1.71,15:27:17:881,666.00,13.18
82.62,-1.81,15:27:17:996,666.00,14.10
82.61,-1.97,15:27:18:120,666.00,13.83
82.72,-2.11,15:27:18:247,666.00,12.81
82.71,-2.24,15:27:18:373,666.00,12.33
82.59,-1.85,15:27:18:496,666.00,13.45
82.64,-1.90,15:27:18:614,666.00,14.65
82.38,-1.85,15:27:18:732,666.00,17.77
82.53,-1.78,15:27:18:861,666.00,29.87
83.13,-1.38,15:27:18:981,-103.40,39.06
86.82,0.28,15:27:19:100,-84.50,48.31
88.21,1.09,15:27:19:217,-57.53,63.94
90.87,1.04,15:27:19:328,43.18,77.23
90.50,1.99,15:27:19:458,17.80,94.88
92.77,1.74,15:27:19:583,59.78,107.35
96.62,2.02,15:27:19:707,75.48,114.72
94.30,2.89,15:27:19:834,60.07,124.90
93.39,3.95,15:27:19:961,43.54,130.53
93.29,4.31,15:27:20:080,41.66,130.96
92.42,5.80,15:27:20:201,27.56,132.38
92.64,4.22,15:27:20:318,35.76,130.92
96.13,4.39,15:27:20:432,52.46,118.07
95.04,4.35,15:27:20:549,47.65,111.42
90.90,1.65,15:27:20:671,31.33,96.87
89.56,0.60,15:27:20:792,-31.72,78.58
89.28,0.18,15:27:20:914,-75.00,63.79
88.90,-0.20,15:27:21:028,-101.95,43.28
87.24,-0.36,15:27:21:148,-105.77,34.23
84.66,1.05,15:27:21:273,666.00,27.63
84.89,0.07,15:27:21:401,666.00,18.96
85.27,-0.40,15:27:21:524,666.00,16.34
85.49,-0.65,15:27:21:646,666.00,15.20
85.89,-0.19,15:27:21:763,666.00,14.06
85.92,0.32,15:27:21:891,666.00,14.25
85.89,0.33,15:27:22:013,666.00,14.26
85.49,0.41,15:27:22:129,666.00,20.55
84.27,3.07,15:27:22:253,666.00,29.70
85.92,1.59,15:27:22:378,-72.31,42.92
86.44,0.40,15:27:22:502,-80.35,53.94
87.23,0.13,15:27:22:632,-84.47,72.33
89.05,0.34,15:27:22:765,-64.21,87.82
90.87,1.02,15:27:22:880,46.37,100.62
94.23,2.05,15:27:22:997,65.59,114.62
94.73,2.73,15:27:23:164,62.41,126.97
94.96,2.88,15:27:23:280,64.67,128.46
97.70,3.27,15:27:23:400,71.21,126.62
96.00,2.82,15:27:23:524,69.50,124.40
96.49,2.17,15:27:23:653,74.38,114.17
94.85,1.99,15:27:23:769,71.73,100.57
92.26,-0.63,15:27:23:887,109.79,90.18
91.34,-2.17,15:27:24:002,153.59,75.84
91.97,-2.73,15:27:24:118,147.07,64.21
91.13,-2.21,15:27:24:237,153.66,49.62
90.01,-3.21,15:27:24:371,-177.81,34.73
88.63,-3.30,15:27:24:495,-167.12,31.28
87.79,-2.94,15:27:24:616,666.00,25.50
87.02,-2.73,15:27:24:731,666.00,17.47
86.72,-2.87,15:27:24:851,666.00,14.92
86.34,-2.72,15:27:24:979,666.00,12.84
86.01,-1.83,15:27:25:095,666.00,13.72
86.04,-2.22,15:27:25:211,666.00,14.60
86.18,-2.25,15:27:25:328,666.00,17.66
85.98,-2.53,15:27:25:448,666.00,21.79
85.67,-2.46,15:27:25:575,666.00,29.23
87.19,-2.38,15:27:25:694,-133.48,42.33
87.76,-2.83,15:27:25:814,-141.88,59.75
87.92,-2.96,15:27:25:935,-141.85,73.08
89.30,-3.17,15:27:26:064,-161.52,90.50
91.01,-1.99,15:27:26:185,158.62,102.28
99.11,-0.74,15:27:26:301,98.75,114.14
95.96,-0.89,15:27:26:411,98.35,127.14
95.18,-0.71,15:27:26:528,100.70,130.75
94.89,-0.57,15:27:26:645,101.65,131.57
94.80,0.61,15:27:26:767,87.43,131.18
96.26,-2.09,15:27:26:897,113.98,121.13
97.60,-1.43,15:27:27:015,106.23,109.32
94.09,-2.22,15:27:27:129,125.24,97.58
92.72,-2.05,15:27:27:249,133.15,84.74
91.86,-2.27,15:27:27:366,147.25,67.86
91.10,-1.85,15:27:27:498,153.75,57.38
92.05,-0.90,15:27:27:616,116.43,41.67
91.15,-0.42,15:27:27:733,666.00,28.78
88.37,-0.14,15:27:27:850,666.00,19.53
87.03,0.99,15:27:27:969,666.00,14.21
85.42,1.81,15:27:28:099,666.00,16.78
85.27,1.69,15:27:28:217,666.00,14.84
85.91,1.45,15:27:28:337,666.00,19.13
85.94,1.12,15:27:28:451,666.00,21.04
86.54,0.65,15:27:28:566,666.00,22.14
86.43,0.45,15:27:28:688,666.00,25.03
86.04,-0.70,15:27:28:803,-111.75,37.86
87.43,-1.71,15:27:28:919,-125.26,45.93
88.09,-2.76,15:27:29:042,-141.18,59.53
89.22,-3.33,15:27:29:166,-158.29,74.11
90.49,-3.27,15:27:29:291,-178.25,84.70
92.02,-3.30,15:27:29:412,158.78,96.40
95.69,-1.99,15:27:29:528,119.18,106.54
100.83,-0.36,15:27:29:646,100.50,111.90
96.91,-0.52,15:27:29:766,103.18,121.83
98.16,-0.21,15:27:29:888,101.65,124.29
97.73,0.06,15:27:30:003,98.82,128.86
97.64,0.39,15:27:30:123,96.76,129.24
102.19,1.47,15:27:30:238,91.34,125.45
102.27,-0.15,15:27:30:364,99.03,116.41
101.34,-1.62,15:27:30:509,105.78,102.81
93.57,-3.42,15:27:30:631,143.32,92.86
92.38,-3.29,15:27:30:756,155.86,80.68
91.12,-3.15,15:27:30:875,168.04,66.58
88.96,-3.38,15:27:30:994,-161.08,56.73
89.13,-2.95,15:27:31:115,-166.48,41.97
87.65,-2.45,15:27:31:232,-142.43,34.00
86.27,-2.15,15:27:31:363,666.00,23.41
85.39,-1.82,15:27:31:481,666.00,16.20
83.65,-0.77,15:27:31:603,666.00,15.28
83.39,-0.80,15:27:31:724,666.00,12.98
83.39,-0.56,15:27:31:847,666.00,14.52
83.20,-0.33,15:27:31:966,666.00,19.02
83.00,-0.33,15:27:32:085,666.00,19.24
83.16,-0.18,15:27:32:225,666.00,25.45
83.67,-0.17,15:27:32:346,-100.74,37.36
86.19,0.33,15:27:32:471,-86.99,46.67
87.28,0.43,15:27:32:605,-77.51,58.25
86.95,-0.37,15:27:32:732,-89.10,74.15
87.27,-0.05,15:27:32:861,-82.23,90.53
88.74,0.08,15:27:32:976,-76.77,101.85
91.60,1.02,15:27:33:098,66.69,112.84
92.30,1.75,15:27:33:226,62.23,121.74
92.69,2.29,15:27:33:340,57.36,128.50
93.25,2.44,15:27:33:462,61.55,129.27
93.39,2.59,15:27:33:582,60.58,128.52
92.90,2.71,15:27:33:698,55.72,123.67
92.74,2.33,15:27:33:823,58.33,117.50
90.83,0.46,15:27:33:963,71.11,103.55
89.58,0.11,15:27:34:084,-66.35,92.88
88.56,-0.37,15:27:34:199,-95.24,78.21
88.39,-0.55,15:27:34:318,-101.42,63.66
88.72,-0.59,15:27:34:450,-110.66,51.46
89.26,0.60,15:27:34:563,-49.45,42.52
87.57,1.13,15:27:34:687,666.00,26.79
85.13,2.08,15:27:34:811,666.00,20.27
84.96,2.27,15:27:34:926,666.00,21.61
85.38,2.77,15:27:35:045,666.00,20.28
86.20,3.64,15:27:35:163,666.00,12.00
85.97,3.70,15:27:35:293,666.00,13.00
86.16,3.76,15:27:35:410,666.00,19.52
86.34,3.65,15:27:35:532,666.00,19.73
86.37,3.31,15:27:35:650,666.00,26.41
87.38,2.21,15:27:35:766,-56.23,39.34
89.84,1.64,15:27:35:906,-3.90,43.12
89.33,1.23,15:27:36:028,-23.04,59.56
88.82,0.90,15:27:36:150,-43.47,70.81
89.43,0.76,15:27:36:271,-25.68,82.88
90.26,0.55,15:27:36:395,36.12,99.71
92.89,1.26,15:27:36:513,77.83,104.93
95.57,2.55,15:27:36:634,76.00,114.87
95.62,3.03,15:27:36:751,67.73,124.83
96.72,3.32,15:27:36:872,72.75,126.75
97.02,3.34,15:27:36:994,74.38,129.28
96.84,3.10,15:27:37:117,75.86,129.66
96.64,2.73,15:27:37:232,74.67,129.04
99.47,2.70,15:27:37:362,81.04,118.28
96.71,1.77,15:27:37:482,81.66,107.88
92.40,0.41,15:27:37:600,89.72,93.87
90.93,0.31,15:27:37:718,82.18,82.92
90.04,0.43,15:27:37:831,12.65,66.21
89.50,0.25,15:27:37:957,-60.82,50.66
89.95,0.60,15:27:38:075,-0.91,35.20
88.89,1.14,15:27:38:203,666.00,20.18
87.29,1.85,15:27:38:328,666.00,16.40
85.80,1.96,15:27:38:451,666.00,18.54
85.46,1.50,15:27:38:566,666.00,17.87
85.49,0.94,15:27:38:692,666.00,18.74
85.46,0.30,15:27:38:809,666.00,19.53
85.21,0.23,15:27:38:931,666.00,19.79
84.81,-0.17,15:27:39:061,666.00,24.61
84.28,-0.26,15:27:39:182,-106.28,31.56
87.35,-1.43,15:27:39:302,-120.14,48.05
88.44,-1.69,15:27:39:428,-133.37,59.22
88.64,-1.92,15:27:39:565,-136.62,73.21
88.99,-2.01,15:27:39:684,-142.52,86.23
90.67,-2.06,15:27:39:809,172.48,101.26
95.14,-1.40,15:27:39:924,114.80,111.72
95.36,-0.67,15:27:40:044,107.07,119.00
95.88,0.07,15:27:40:163,98.92,123.70
96.06,0.37,15:27:40:293,95.83,127.49
95.80,-0.20,15:27:40:420,99.82,125.72
98.22,-1.04,15:27:40:544,104.55,114.12
94.51,-2.86,15:27:40:663,130.46,101.15
92.23,-3.89,15:27:40:781,159.07,90.71
91.36,-3.92,15:27:40:902,170.16,74.43
89.94,-3.73,15:27:41:026,-175.74,60.03
89.96,-3.62,15:27:41:143,-178.61,43.55
87.76,-2.87,15:27:41:257,-149.93,32.19
86.63,-2.47,15:27:41:379,666.00,25.99
85.81,-0.05,15:27:41:509,666.00,20.01
84.40,1.39,15:27:41:633,666.00,18.20
83.91,2.16,15:27:41:760,666.00,17.15
83.85,2.33,15:27:41:876,666.00,19.34
83.93,2.03,15:27:41:999,666.00,19.95
83.66,1.93,15:27:42:131,666.00,21.11
83.29,1.84,15:27:42:253,666.00,28.09
84.15,1.48,15:27:42:382,-86.57,31.06
85.12,1.14,15:27:42:509,-79.49,36.83
87.19,1.28,15:27:42:628,-63.97,50.56
87.14,1.06,15:27:42:748,-64.61,60.34
87.90,1.04,15:27:42:860,-54.97,72.29
88.59,0.85,15:27:42:983,-47.76,81.03
89.69,0.57,15:27:43:107,-16.67,95.40
93.64,1.94,15:27:43:226,73.72,105.46
97.56,2.56,15:27:43:354,82.47,111.72
98.04,2.94,15:27:43:482,78.24,124.60
96.88,2.50,15:27:43:603,79.61,127.65
96.69,1.98,15:27:43:731,82.30,129.14
99.60,2.65,15:27:43:852,81.54,127.04
100.94,0.50,15:27:43:973,89.35,116.90
99.88,-2.67,15:27:44:098,110.57,101.94
96.12,-2.74,15:27:44:222,120.58,93.60
94.07,-3.31,15:27:44:342,134.81,76.91
93.53,-3.92,15:27:44:469,139.87,62.34
91.78,-4.05,15:27:44:595,154.78,45.72
90.49,-3.91,15:27:44:716,170.30,30.61
87.18,-3.24,15:27:44:832,666.00,24.27
86.29,-2.24,15:27:44:950,666.00,15.17
84.72,-1.19,15:27:45:062,666.00,17.12
83.83,-0.82,15:27:45:196,666.00,14.52
83.62,-0.83,15:27:45:314,666.00,19.93
83.56,-0.82,15:27:45:431,666.00,20.10
83.63,-0.82,15:27:45:546,666.00,20.83
83.85,-1.10,15:27:45:667,666.00,22.58
83.72,-1.17,15:27:45:797,-112.16,30.81
83.67,-1.18,15:27:45:915,-109.81,41.92
86.83,-0.41,15:27:46:042,-100.06,49.33
86.78,-0.21,15:27:46:161,-91.50,62.61
86.97,-0.34,15:27:46:277,-90.86,70.41
87.43,-0.21,15:27:46:398,-84.92,79.23
88.70,-0.51,15:27:46:517,-101.69,86.49
89.37,0.37,15:27:46:637,-50.51,99.65
93.51,1.32,15:27:46:764,78.34,107.07
98.03,2.80,15:27:46:893,79.37,114.05
96.43,3.14,15:27:47:015,73.20,119.73
95.84,3.16,15:27:47:139,68.12,128.02
95.82,2.99,15:27:47:260,71.60,127.37
95.86,3.11,15:27:47:385,70.89,127.09
96.01,2.59,15:27:47:513,75.02,124.99
98.34,1.77,15:27:47:633,83.87,117.51
95.41,-0.41,15:27:47:752,99.53,110.01
91.89,-2.68,15:27:47:874,150.17,99.26
90.14,-3.64,15:27:48:000,-176.67,83.96
88.63,-4.49,15:27:48:122,-157.55,74.16
88.19,-5.21,15:27:48:247,-161.02,57.28
88.34,-4.66,15:27:48:368,-159.72,36.58
87.24,-3.82,15:27:48:492,666.00,27.50
84.87,-2.13,15:27:48:611,666.00,24.06
83.52,-0.42,15:27:48:727,666.00,19.16
83.27,0.09,15:27:48:851,666.00,11.47
82.10,0.76,15:27:48:977,666.00,16.06
81.96,0.87,15:27:49:116,666.00,18.22
82.42,0.54,15:27:49:242,666.00,22.05
82.41,0.19,15:27:49:364,666.00,21.18
82.19,-0.04,15:27:49:481,666.00,22.73
81.94,-0.51,15:27:49:604,666.00,29.29
82.02,-0.35,15:27:49:724,-98.53,35.60
85.23,-0.22,15:27:49:845,-95.09,52.59
85.99,-0.61,15:27:49:969,-94.13,64.17
87.63,-0.80,15:27:50:102,-99.51,73.81
88.73,-0.41,15:27:50:227,-96.33,81.30
88.92,-0.11,15:27:50:352,-85.01,96.98
92.16,1.16,15:27:50:479,72.04,106.56
99.13,1.78,15:27:50:605,88.92,110.38
97.28,2.16,15:27:50:727,82.36,119.22
96.59,1.95,15:27:50:847,79.77,127.38
96.37,1.06,15:27:50:969,85.93,128.29
96.14,1.02,15:27:51:089,85.66,128.83
95.99,0.13,15:27:51:216,93.23,128.82
99.19,0.85,15:27:51:344,86.33,122.29
100.45,0.08,15:27:51:467,94.03,110.24
95.48,-0.96,15:27:51:597,106.40,97.71
92.92,-1.26,15:27:51:715,119.01,87.65
91.01,-2.98,15:27:51:836,168.86,71.70
90.38,-2.80,15:27:51:959,174.44,56.22
90.53,-2.03,15:27:52:076,163.56,45.38
89.06,-1.51,15:27:52:198,-157.20,33.26
87.19,-1.44,15:27:52:321,666.00,26.78
85.66,-1.05,15:27:52:445,666.00,17.48
84.20,-0.44,15:27:52:565,666.00,19.82
84.02,-0.20,15:27:52:699,666.00,17.20
83.59,0.16,15:27:52:832,666.00,17.46
83.81,0.22,15:27:52:971,666.00,15.87
83.70,0.51,15:27:53:104,666.00,20.61
83.77,0.09,15:27:53:234,666.00,22.80
83.30,0.63,15:27:53:370,-103.50,31.87
84.37,1.13,15:27:53:502,-83.05,37.90
87.38,1.27,15:27:53:635,-66.01,49.32
87.65,1.15,15:27:53:761,-61.97,57.61
87.84,1.20,15:27:53:898,-54.37,71.18
88.57,0.79,15:27:54:042,-51.47,83.54
89.60,0.59,15:27:54:173,-24.54,96.18
93.28,0.05,15:27:54:293,98.03,104.29
97.20,0.89,15:27:54:434,91.23,109.61
98.51,1.85,15:27:54:570,86.75,120.50
97.41,1.46,15:27:54:698,86.51,127.92
96.67,1.54,15:27:54:843,86.30,127.61
96.60,2.23,15:27:54:980,78.57,128.49
98.40,2.43,15:27:55:117,76.47,124.51
99.60,0.31,15:27:55:267,91.18,112.44
94.14,-1.91,15:27:55:408,118.65,98.36
91.82,-1.98,15:27:55:537,142.01,83.65
90.43,-1.88,15:27:55:669,170.51,67.94
89.26,-2.28,15:27:55:800,-160.87,49.80
87.75,-1.46,15:27:55:943,-127.40,39.72
85.71,-1.02,15:27:56:077,-112.03,32.35
83.39,-0.41,15:27:56:204,666.00,29.29
83.53,-0.16,15:27:56:328,666.00,18.48
81.90,-0.03,15:27:56:454,666.00,20.69
81.50,0.53,15:27:56:578,666.00,16.62
81.43,0.65,15:27:56:696,666.00,16.71
81.24,0.62,15:27:56:816,666.00,20.52
80.94,0.10,15:27:56:937,666.00,18.82
80.64,0.22,15:27:57:057,666.00,20.87
80.88,0.07,15:27:57:190,666.00,22.92
80.78,-0.05,15:27:57:310,666.00,25.89
80.93,-0.10,15:27:57:424,-97.67,35.32
82.57,-0.08,15:27:57:541,-93.44,47.78
85.54,0.25,15:27:57:656,-85.12,58.89
86.42,0.35,15:27:57:784,-80.13,65.60
86.97,-0.17,15:27:57:899,-84.18,77.11
87.47,-0.10,15:27:58:021,-82.55,87.66
88.24,-0.48,15:27:58:138,-95.54,98.13
91.85,1.37,15:27:58:257,62.34,106.23
98.92,1.94,15:27:58:384,86.45,109.47
102.57,4.21,15:27:58:511,80.31,117.07
99.32,4.13,15:27:58:628,75.11,124.59
99.48,3.79,15:27:58:749,77.85,125.50
97.98,3.59,15:27:58:865,76.12,126.84
97.60,3.94,15:27:58:994,73.46,127.05
101.15,4.53,15:27:59:127,74.46,119.83
97.17,0.52,15:27:59:244,92.79,112.26
95.03,-0.84,15:27:59:363,106.89,100.32
91.85,-2.14,15:27:59:483,147.71,93.97
90.11,-2.05,15:27:59:613,-175.10,80.86
90.10,-2.28,15:27:59:732,-177.56,68.30
88.86,-2.15,15:27:59:854,-150.22,60.98
88.38,-1.80,15:27:59:969,-138.39,48.28
87.17,-0.88,15:28:00:091,-113.78,35.77
85.31,-0.05,15:28:00:215,666.00,29.95
83.88,0.14,15:28:00:335,666.00,19.32
82.92,0.83,15:28:00:451,666.00,20.30
81.51,1.33,15:28:00:577,666.00,16.34
81.27,1.34,15:28:00:702,666.00,14.11
81.18,1.40,15:28:00:825,666.00,18.37
81.15,1.40,15:28:00:961,666.00,19.54
80.98,1.78,15:28:01:079,666.00,18.72
80.91,1.52,15:28:01:202,666.00,24.82
80.67,1.38,15:28:01:327,666.00,25.35
81.09,1.35,15:28:01:449,-92.34,32.81
82.28,1.65,15:28:01:577,-81.79,47.17
85.49,1.55,15:28:01:696,-67.54,53.50
85.56,1.74,15:28:01:820,-66.35,64.66
86.65,1.28,15:28:01:938,-62.89,72.01
87.66,1.13,15:28:02:061,-55.15,81.76
87.78,1.45,15:28:02:184,-48.16,92.64
88.15,1.25,15:28:02:303,-46.14,100.53
94.91,3.12,15:28:02:418,65.89,104.71
97.28,3.88,15:28:02:542,69.71,112.78
100.19,5.07,15:28:02:674,70.11,120.51
98.31,5.40,15:28:02:800,63.94,125.29
96.69,4.43,15:28:02:929,64.50,126.92
96.38,4.58,15:28:03:048,62.51,128.01
96.31,4.15,15:28:03:173,61.64,129.73
101.48,3.87,15:28:03:294,75.97,124.18
102.34,2.49,15:28:03:413,81.25,113.27
100.72,0.37,15:28:03:529,90.87,98.03
93.63,-1.92,15:28:03:646,123.31,91.88
91.02,-2.03,15:28:03:776,159.12,76.36
90.63,-1.27,15:28:03:904,154.31,58.65
89.70,-1.23,15:28:04:038,-169.64,45.42
86.51,-1.37,15:28:04:165,-117.00,38.10
85.44,-1.07,15:28:04:283,666.00,28.02
83.78,0.12,15:28:04:408,666.00,25.37
83.21,1.01,15:28:04:528,666.00,15.76
82.22,1.90,15:28:04:652,666.00,17.41
81.58,2.46,15:28:04:777,666.00,15.88
82.01,2.28,15:28:04:893,666.00,24.86
82.23,2.16,15:28:05:008,666.00,22.43
82.31,2.13,15:28:05:138,666.00,22.44
82.07,2.04,15:28:05:263,666.00,28.00
82.36,1.82,15:28:05:397,-88.08,39.24
86.66,1.72,15:28:05:513,-64.49,47.63
87.64,0.92,15:28:05:625,-63.88,60.32
88.76,0.61,15:28:05:754,-55.91,64.74
88.41,0.53,15:28:05:884,-62.07,76.24
88.78,0.94,15:28:06:010,-41.89,87.25
88.96,1.28,15:28:06:131,-27.80,98.37
90.45,1.72,15:28:06:248,25.19,104.94
97.91,2.99,15:28:06:367,77.57,111.70
99.70,3.25,15:28:06:493,78.94,121.30
97.59,2.89,15:28:06:628,76.62,125.82
96.75,3.00,15:28:06:751,76.29,127.23
96.61,3.09,15:28:06:870,75.11,127.80
96.13,2.88,15:28:06:993,74.43,128.19
101.22,3.82,15:28:07:123,78.98,119.23
100.46,2.18,15:28:07:242,83.80,104.48
92.72,-1.22,15:28:07:364,119.77,90.84
90.99,-2.66,15:28:07:481,166.21,78.92
90.32,-3.16,15:28:07:598,176.75,62.53
89.35,-2.97,15:28:07:721,-167.08,49.63
88.20,-2.54,15:28:07:840,-149.53,34.85
85.69,-2.27,15:28:07:966,666.00,26.69
84.05,-1.75,15:28:08:096,666.00,17.53
83.16,-1.24,15:28:08:220,666.00,11.41
81.24,-0.27,15:28:08:343,666.00,16.50
80.66,0.02,15:28:08:475,666.00,16.00
80.51,0.49,15:28:08:600,666.00,18.54
80.68,0.40,15:28:08:720,666.00,17.41
79.96,0.19,15:28:08:837,666.00,24.35
79.66,-0.18,15:28:08:965,-102.81,34.99
80.90,0.57,15:28:09:081,-89.52,40.48
84.75,0.74,15:28:09:200,-80.89,52.12
84.97,0.81,15:28:09:320,-76.17,57.86
85.45,0.98,15:28:09:450,-69.65,73.20
85.61,1.23,15:28:09:570,-66.77,83.58
86.30,1.90,15:28:09:691,-54.15,94.04
87.55,1.88,15:28:09:807,-44.57,104.23
90.24,2.65,15:28:09:921,13.62,110.93
95.68,4.02,15:28:10:049,63.58,118.81
94.66,4.02,15:28:10:167,58.74,128.45
94.61,4.22,15:28:10:283,56.75,129.99
94.20,4.53,15:28:10:399,53.30,129.85
94.11,4.45,15:28:10:524,52.29,129.82
93.59,3.69,15:28:10:637,52.08,125.97
97.33,2.16,15:28:10:761,79.30,112.32
94.69,-1.20,15:28:10:880,109.07,103.80
92.21,-3.60,15:28:11:004,153.66,89.14
91.22,-5.32,15:28:11:135,173.63,73.45
92.39,-4.90,15:28:11:260,158.54,53.45
92.24,-4.67,15:28:11:376,159.94,42.42
91.07,-3.42,15:28:11:494,666.00,26.66
89.28,-1.62,15:28:11:631,666.00,19.34
88.43,-1.23,15:28:11:764,666.00,11.56
88.00,-1.12,15:28:11:893,666.00,14.43
88.09,-1.41,15:28:12:017,666.00,17.25
88.16,-1.41,15:28:12:134,666.00,16.91
88.45,-1.70,15:28:12:264,-153.30,30.82
89.91,-2.08,15:28:12:394,178.17,37.51
90.89,-2.36,15:28:12:518,156.42,46.93
92.24,-3.38,15:28:12:639,148.72,55.71
93.48,-3.51,15:28:12:763,142.33,66.50
93.69,-4.15,15:28:12:892,147.78,82.19
93.72,-3.99,15:28:13:019,146.04,93.72
101.22,-2.32,15:28:13:145,111.53,99.52
99.76,-3.13,15:28:13:270,115.82,115.71
99.12,-2.64,15:28:13:393,115.58,126.63
103.74,-1.30,15:28:13:511,106.29,126.54
103.76,-2.45,15:28:13:626,109.26,124.07
105.70,-2.75,15:28:13:742,107.33,121.84
102.04,-4.53,15:28:13:868,116.06,116.05
103.98,-5.53,15:28:13:984,115.41,102.88
98.61,-8.53,15:28:14:105,142.93,94.64
97.75,-7.90,15:28:14:237,144.34,79.75
97.50,-8.00,15:28:14:362,147.13,65.48
97.50,-7.53,15:28:14:481,143.58,54.56
95.04,-6.76,15:28:14:601,145.43,41.18
92.92,-5.47,15:28:14:746,152.82,30.50
91.01,-4.57,15:28:14:872,666.00,29.14
89.22,-3.41,15:28:14:992,666.00,23.14
88.56,-3.12,15:28:15:112,666.00,20.42
88.26,-2.92,15:28:15:231,666.00,14.92
87.80,-2.91,15:28:15:361,666.00,16.53
87.25,-2.83,15:28:15:486,666.00,18.97
87.20,-2.87,15:28:15:616,666.00,19.11
87.44,-2.84,15:28:15:736,666.00,25.58
87.60,-3.31,15:28:15:857,-150.21,35.19
88.73,-3.64,15:28:16:004,-164.69,41.86
89.35,-3.50,15:28:16:129,-164.90,56.00
90.46,-3.71,15:28:16:256,-178.51,65.93
90.90,-3.11,15:28:16:369,175.10,74.55
90.75,-3.51,15:28:16:494,179.82,88.60
90.61,-3.29,15:28:16:608,-179.01,97.97
98.08,-1.68,15:28:16:729,112.33,103.22
100.53,-1.15,15:28:16:839,107.53,113.47
98.97,0.14,15:28:16:961,96.55,125.34
97.11,0.10,15:28:17:083,98.54,128.49
96.37,0.15,15:28:17:199,98.27,130.19
96.42,0.11,15:28:17:320,98.84,129.98
103.23,1.42,15:28:17:433,92.10,126.59
103.88,1.93,15:28:17:561,86.51,116.00
99.40,-1.19,15:28:17:697,102.51,108.67
98.70,-3.57,15:28:17:829,115.33,92.21
95.05,-5.96,15:28:17:951,143.16,83.48
96.30,-8.24,15:28:18:061,147.95,67.83
98.12,-8.98,15:28:18:179,142.07,53.59
96.76,-9.03,15:28:18:303,148.38,39.54
94.24,-8.14,15:28:18:428,666.00,26.70
91.78,-6.58,15:28:18:549,666.00,23.27
90.59,-6.43,15:28:18:678,666.00,13.77
89.28,-6.20,15:28:18:797,666.00,12.11
88.20,-5.88,15:28:18:919,666.00,14.16
88.08,-6.26,15:28:19:033,666.00,14.59
88.29,-6.47,15:28:19:152,666.00,17.43
88.17,-6.22,15:28:19:281,666.00,16.49
87.95,-5.65,15:28:19:396,666.00,23.21
87.75,-5.67,15:28:19:531,-170.70,31.74
87.70,-5.50,15:28:19:653,-163.76,39.10
87.40,-6.11,15:28:19:770,-155.72,53.76
87.15,-5.90,15:28:19:896,-147.04,66.51
88.05,-5.29,15:28:20:028,-151.91,78.50
87.72,-4.47,15:28:20:147,-145.62,89.29
89.06,-4.70,15:28:20:275,-159.87,102.74
96.57,-3.19,15:28:20:398,124.09,110.93
100.56,-1.34,15:28:20:521,105.14,117.92
97.08,-3.49,15:28:20:648,125.93,125.59
100.07,-0.66,15:28:20:770,101.71,124.70
101.40,-0.59,15:28:20:890,100.91,123.95
102.95,-1.27,15:28:21:027,100.35,119.01
101.88,-4.95,15:28:21:145,117.79,110.33
101.41,-5.80,15:28:21:270,120.18,94.93
93.61,-7.21,15:28:21:390,159.03,84.52
93.90,-6.92,15:28:21:517,157.20,73.03
93.18,-6.74,15:28:21:644,155.98,59.46
91.26,-6.14,15:28:21:767,164.69,46.97
89.66,-5.12,15:28:21:893,-178.16,35.85
88.69,-4.44,15:28:22:028,666.00,28.60
87.85,-2.66,15:28:22:163,666.00,14.71
86.51,-1.40,15:28:22:283,666.00,17.23
84.94,-0.13,15:28:22:400,666.00,19.92
84.75,0.18,15:28:22:527,666.00,17.07
84.72,0.05,15:28:22:661,666.00,17.56
84.68,-0.13,15:28:22:797,666.00,18.40
84.72,-0.14,15:28:22:918,666.00,18.76
84.96,0.01,15:28:23:033,666.00,21.19
84.88,0.01,15:28:23:156,666.00,28.05
84.96,-0.14,15:28:23:279,-102.79,38.05
86.56,-0.67,15:28:23:398,-108.64,49.65
86.91,-0.85,15:28:23:514,-109.89,60.89
88.20,-1.19,15:28:23:629,-122.50,71.06
88.77,-1.40,15:28:23:752,-133.83,79.73
88.81,-1.25,15:28:23:866,-131.15,93.33
89.83,-1.03,15:28:23:986,-164.78,101.31
96.84,0.00,15:28:24:109,95.64,108.67
100.28,1.94,15:28:24:230,82.47,121.23
101.36,2.46,15:28:24:348,81.42,123.34
96.76,1.84,15:28:24:474,79.09,127.56
96.68,-0.60,15:28:24:596,100.05,127.68
113.50,3.52,15:28:24:716,82.73,118.09
97.68,-0.39,15:28:24:831,96.94,115.25
99.45,-1.11,15:28:24:947,99.52,103.53
94.80,-2.14,15:28:25:067,117.48,93.91
92.83,-2.89,15:28:25:192,139.55,82.43
92.35,-3.01,15:28:25:324,144.51,70.95
91.41,-2.72,15:28:25:446,150.76,54.49
90.91,-2.18,15:28:25:563,149.74,39.61
89.97,-2.06,15:28:25:680,171.78,30.34
88.32,-1.19,15:28:25:796,666.00,19.46
87.28,-0.51,15:28:25:912,666.00,15.60
86.53,0.31,15:28:26:039,666.00,16.23
85.93,0.51,15:28:26:161,666.00,16.91
85.77,0.31,15:28:26:278,666.00,14.09
85.86,0.46,15:28:26:398,666.00,16.90
85.79,0.37,15:28:26:517,666.00,17.20
85.71,0.04,15:28:26:636,666.00,17.05
84.30,-0.74,15:28:26:764,666.00,20.68
83.77,-0.67,15:28:26:880,666.00,29.42
85.37,-0.34,15:28:27:009,-100.59,46.65
86.54,0.18,15:28:27:139,-87.28,60.26
87.38,0.01,15:28:27:268,-85.14,72.63
87.62,0.11,15:28:27:386,-80.00,81.49
88.52,0.83,15:28:27:505,-52.83,96.89
91.62,2.25,15:28:27:629,43.14,106.25
96.55,3.05,15:28:27:748,72.66,112.35
96.47,4.03,15:28:27:861,64.69,122.78
96.59,4.53,15:28:27:983,61.71,127.79
96.66,4.27,15:28:28:101,63.36,129.14
96.23,4.05,15:28:28:217,63.41,129.21
97.97,3.64,15:28:28:336,71.61,127.34
97.51,1.10,15:28:28:463,85.91,121.30
100.60,0.42,15:28:28:591,91.55,107.78
94.72,-2.39,15:28:28:710,122.56,95.82
91.97,-3.09,15:28:28:823,154.22,80.83
92.73,-2.97,15:28:28:948,141.21,66.37
91.91,-3.21,15:28:29:076,152.36,51.64
91.64,-2.56,15:28:29:204,150.95,37.26
89.61,-1.05,15:28:29:340,-169.79,30.10
88.48,-0.71,15:28:29:459,666.00,16.09
87.52,-0.38,15:28:29:587,666.00,15.68
85.46,0.09,15:28:29:712,666.00,19.44
84.90,0.24,15:28:29:836,666.00,19.73
84.83,0.39,15:28:29:956,666.00,20.39
84.38,0.61,15:28:30:078,666.00,19.35
83.50,0.43,15:28:30:196,666.00,20.01
83.34,0.31,15:28:30:317,666.00,21.39
83.20,0.18,15:28:30:440,666.00,26.72
83.78,-0.12,15:28:30:560,-102.38,31.88
85.01,-0.15,15:28:30:691,-98.26,40.48
86.51,-0.12,15:28:30:811,-93.87,55.75
86.81,-0.80,15:28:30:932,-100.85,70.08
87.90,-0.76,15:28:31:058,-102.60,84.56
88.68,-0.60,15:28:31:169,-107.30,99.17
93.16,-0.26,15:28:31:287,100.99,105.46
95.75,0.65,15:28:31:408,90.80,114.89
95.50,1.30,15:28:31:530,79.09,127.47
96.41,1.41,15:28:31:648,84.88,125.54
99.60,1.89,15:28:31:772,81.94,126.66
98.95,1.21,15:28:31:893,85.62,126.91
100.25,1.20,15:28:32:012,86.72,126.44
101.00,1.43,15:28:32:133,85.40,126.42
102.23,1.20,15:28:32:253,86.14,122.43
99.70,-0.58,15:28:32:369,95.09,112.45
95.61,-4.40,15:28:32:495,132.46,97.45
92.52,-5.15,15:28:32:611,159.09,82.91
92.61,-5.17,15:28:32:727,155.60,63.47
92.21,-5.07,15:28:32:847,157.83,46.83
90.98,-4.94,15:28:32:960,666.00,29.50
89.04,-3.98,15:28:33:079,666.00,21.40
86.52,-2.07,15:28:33:207,666.00,16.60
84.75,-0.70,15:28:33:334,666.00,17.72
84.51,0.00,15:28:33:471,666.00,17.64
84.24,0.42,15:28:33:612,666.00,19.82
84.15,0.69,15:28:33:733,666.00,15.26
83.98,0.77,15:28:33:861,666.00,18.66
83.62,0.91,15:28:33:990,666.00,20.86
83.37,0.42,15:28:34:108,666.00,25.52
84.23,-0.03,15:28:34:227,-100.89,33.36
85.62,-0.11,15:28:34:349,-95.76,42.19
87.89,-0.09,15:28:34:463,-92.55,53.99
87.81,0.03,15:28:34:593,-84.00,64.20
88.01,0.08,15:28:34:718,-81.87,74.78
88.60,0.07,15:28:34:846,-79.74,91.15
95.49,0.82,15:28:34:962,86.95,102.41
100.02,2.06,15:28:35:077,84.33,114.21
99.02,2.28,15:28:35:190,77.55,125.45
98.62,2.00,15:28:35:309,79.88,128.20
98.27,2.03,15:28:35:423,81.58,127.44
99.30,2.01,15:28:35:546,81.25,128.28
100.57,2.10,15:28:35:663,81.54,128.35
102.71,1.73,15:28:35:779,84.59,127.05
104.24,0.52,15:28:35:904,88.12,114.50
105.11,-1.04,15:28:36:020,93.93,101.65
102.72,-3.28,15:28:36:137,105.69,88.21
98.09,-4.81,15:28:36:259,121.54,75.37
97.36,-4.99,15:28:36:382,124.26,60.56
95.34,-4.64,15:28:36:497,126.13,46.52
94.07,-3.81,15:28:36:623,129.23,35.47
90.61,-3.26,15:28:36:740,666.00,24.05
87.95,-1.71,15:28:36:869,666.00,11.41
84.52,-0.21,15:28:36:997,666.00,17.11
84.08,-0.07,15:28:37:116,666.00,18.10
84.22,0.22,15:28:37:232,666.00,17.93
84.46,0.39,15:28:37:349,666.00,22.24
84.55,0.08,15:28:37:459,666.00,21.17
84.61,-0.06,15:28:37:578,666.00,20.58
84.56,-0.18,15:28:37:700,666.00,20.53
84.16,-0.15,15:28:37:824,666.00,22.65
84.39,-0.22,15:28:37:944,-104.72,31.49
86.15,-0.68,15:28:38:061,-106.81,40.90
88.06,-1.40,15:28:38:186,-128.36,50.75
89.88,-1.71,15:28:38:311,-174.17,60.72
90.11,-1.95,15:28:38:432,-178.32,71.76
90.79,-2.19,15:28:38:551,168.48,79.93
90.79,-1.61,15:28:38:678,161.64,98.12
97.53,0.27,15:28:38:800,95.77,104.70
99.83,1.44,15:28:38:923,88.98,114.26
98.85,2.49,15:28:39:042,78.17,126.99
97.48,2.31,15:28:39:161,79.74,128.28
96.71,2.23,15:28:39:289,78.77,128.74
97.42,1.89,15:28:39:405,82.07,129.15
97.16,1.72,15:28:39:517,83.53,128.40
103.57,1.56,15:28:39:634,87.92,122.72
105.23,-0.26,15:28:39:759,95.47,109.71
105.70,-2.09,15:28:39:888,100.09,93.45
99.47,-4.15,15:28:40:019,117.76,87.09
97.47,-5.59,15:28:40:133,133.67,70.04
98.06,-5.18,15:28:40:252,127.98,53.93
96.35,-4.19,15:28:40:368,126.36,38.33
93.85,-2.67,15:28:40:492,121.46,30.99
91.63,-1.61,15:28:40:619,666.00,25.12
88.18,-0.71,15:28:40:739,666.00,16.01
86.02,0.63,15:28:40:852,666.00,16.99
85.19,1.07,15:28:40:968,666.00,17.34
85.24,1.04,15:28:41:109,666.00,14.95
85.15,0.71,15:28:41:227,666.00,15.68
85.33,0.55,15:28:41:344,666.00,15.72
85.36,0.27,15:28:41:463,666.00,19.13
85.22,0.37,15:28:41:584,666.00,17.99
85.07,0.27,15:28:41:711,666.00,28.78
85.68,0.01,15:28:41:832,-102.61,36.44
87.77,0.15,15:28:41:956,-94.00,41.70
88.92,0.06,15:28:42:081,-87.89,52.88
90.32,-0.38,15:28:42:210,140.42,61.69
90.91,-1.11,15:28:42:329,146.39,71.20
92.19,-1.45,15:28:42:449,130.61,77.25
91.87,-2.07,15:28:42:566,145.19,87.10
92.81,-2.48,15:28:42:687,139.24,94.74
98.22,-2.52,15:28:42:815,114.51,98.01
101.56,-2.71,15:28:42:941,110.60,105.03
103.67,-1.10,15:28:43:065,100.33,109.40
104.62,-0.61,15:28:43:186,98.38,112.94
106.29,0.79,15:28:43:319,89.65,118.70
106.27,1.54,15:28:43:438,90.38,119.81
106.48,2.23,15:28:43:558,87.76,120.19
106.69,2.27,15:28:43:678,87.26,119.38
105.23,1.34,15:28:43:798,89.99,110.76
105.38,0.07,15:28:43:918,95.26,97.37
98.90,-1.72,15:28:44:040,107.13,88.84
97.21,-2.36,15:28:44:160,115.29,73.22
97.25,-2.04,15:28:44:283,110.12,60.11
94.42,-1.58,15:28:44:406,107.92,45.96
92.21,-1.47,15:28:44:533,118.82,31.92
89.29,-0.60,15:28:44:663,666.00,18.67
87.89,0.25,15:28:44:782,666.00,10.22
84.59,1.63,15:28:44:897,666.00,13.37
83.32,2.28,15:28:45:013,666.00,18.72
83.26,2.57,15:28:45:131,666.00,18.86
83.44,2.55,15:28:45:258,666.00,19.03
83.41,2.63,15:28:45:379,666.00,19.51
83.57,2.83,15:28:45:499,666.00,20.63
83.39,2.50,15:28:45:615,666.00,22.28
83.36,1.63,15:28:45:747,666.00,27.59
84.50,1.15,15:28:45:868,-86.65,37.86
87.40,0.77,15:28:46:001,-78.28,47.26
87.76,0.92,15:28:46:129,-66.10,57.86
87.98,0.68,15:28:46:255,-66.68,66.02
89.55,0.65,15:28:46:384,-27.32,76.62
90.10,0.40,15:28:46:507,23.56,88.02
90.91,0.27,15:28:46:634,82.16,99.32
97.69,1.05,15:28:46:760,91.35,102.81
100.05,1.99,15:28:46:899,87.14,110.65
101.19,2.50,15:28:47:024,86.95,116.29
102.43,2.95,15:28:47:144,82.75,120.63
100.82,2.96,15:28:47:260,80.72,123.10
102.42,3.16,15:28:47:383,81.73,122.85
103.30,3.57,15:28:47:508,81.00,122.82
103.74,3.42,15:28:47:633,84.21,117.33
103.37,2.50,15:28:47:751,86.86,107.22
97.66,-0.36,15:28:47:872,99.20,97.59
95.73,-1.53,15:28:47:996,113.27,81.19
94.11,-2.52,15:28:48:128,128.46,72.67
92.72,-2.72,15:28:48:259,138.52,52.59
92.16,-1.99,15:28:48:367,133.20,41.80
89.53,-1.81,15:28:48:495,-167.68,30.29
87.73,-1.25,15:28:48:618,666.00,25.58
86.33,-0.45,15:28:48:744,666.00,15.64
84.58,-0.12,15:28:48:867,666.00,14.61
83.62,-0.08,15:28:48:990,666.00,19.46
83.66,-0.01,15:28:49:111,666.00,17.41
83.92,0.59,15:28:49:240,666.00,20.46
83.87,0.57,15:28:49:358,666.00,19.75
83.93,0.62,15:28:49:480,666.00,18.56
83.99,0.59,15:28:49:596,666.00,18.43
84.00,0.66,15:28:49:717,666.00,18.30
83.84,0.66,15:28:49:832,666.00,18.49
83.74,0.74,15:28:49:959,666.00,18.39
83.61,0.80,15:28:50:079,666.00,18.84
83.55,0.79,15:28:50:192,666.00,15.35
83.43,0.69,15:28:50:322,666.00,16.04
83.25,0.67,15:28:50:448,666.00,18.14
83.30,0.72,15:28:50:564,666.00,18.40
83.32,0.56,15:28:50:692,666.00,18.45
83.29,0.74,15:28:50:813,666.00,18.42
83.24,0.65,15:28:50:933,666.00,17.72
83.23,0.53,15:28:51:061,666.00,19.31
83.25,0.50,15:28:51:170,666.00,18.56
83.33,0.49,15:28:51:279,666.00,18.93
83.25,0.57,15:28:51:391,666.00,20.27
83.15,0.34,15:28:51:498,666.00,20.95
83.41,0.47,15:28:51:604,666.00,20.83
84.73,0.93,15:28:51:713,666.00,19.44
84.95,1.41,15:28:51:820,666.00,20.52
85.06,1.50,15:28:51:932,666.00,20.97
85.12,1.76,15:28:52:044,666.00,18.15
85.07,1.75,15:28:52:153,666.00,18.50
84.49,1.65,15:28:52:273,666.00,19.47
84.04,1.62,15:28:52:389,666.00,20.21
84.05,1.53,15:28:52:492,666.00,19.60
84.11,1.41,15:28:52:604,666.00,19.49
84.22,1.44,15:28:52:713,666.00,20.97
84.33,1.47,15:28:52:821,666.00,20.84
84.34,1.41,15:28:52:940,666.00,20.09
