14.82,1.95,666.00,19.82,28-04-23-09-03-03-916
14.80,1.88,666.00,19.78,28-04-23-09-03-03-923
14.78,1.83,666.00,19.73,28-04-23-09-03-03-953
14.75,1.81,666.00,19.66,28-04-23-09-03-03-988
14.71,1.81,666.00,19.58,28-04-23-09-03-04-026
14.68,1.83,666.00,19.49,28-04-23-09-03-04-055
14.69,1.67,666.00,19.46,28-04-23-09-03-04-088
14.70,1.54,666.00,19.41,28-04-23-09-03-04-123
14.65,1.55,666.00,19.32,28-04-23-09-03-04-154
14.58,1.62,666.00,19.19,28-04-23-09-03-04-191
14.51,1.73,666.00,19.06,28-04-23-09-03-04-220
14.40,1.86,666.00,18.90,28-04-23-09-03-04-252
14.30,1.97,666.00,18.73,28-04-23-09-03-04-290
14.22,2.04,666.00,18.54,28-04-23-09-03-04-321
14.17,2.07,666.00,18.29,28-04-23-09-03-04-355
14.16,2.06,666.00,17.84,28-04-23-09-03-04-385
14.26,1.92,666.00,17.39,28-04-23-09-03-04-421
14.57,0.94,666.00,18.57,28-04-23-09-03-04-455
15.37,0.11,666.00,21.61,28-04-23-09-03-04-486
17.40,1.72,666.00,21.60,28-04-23-09-03-04-521
19.69,3.73,666.00,23.52,28-04-23-09-03-04-554
24.91,9.81,666.00,17.67,28-04-23-09-03-04-586
28.81,12.76,666.00,16.41,28-04-23-09-03-04-626
32.88,15.16,666.00,14.73,28-04-23-09-03-04-654
36.53,16.74,666.00,14.61,28-04-23-09-03-04-686
39.61,17.74,666.00,15.12,28-04-23-09-03-04-722
43.19,18.56,666.00,15.73,28-04-23-09-03-04-754
47.67,19.15,666.00,12.64,28-04-23-09-03-04-787
52.01,19.01,666.00,14.46,28-04-23-09-03-04-820
56.12,18.91,666.00,13.31,28-04-23-09-03-04-854
59.79,18.29,666.00,11.51,28-04-23-09-03-04-888
62.89,17.43,666.00,11.14,28-04-23-09-03-04-921
66.22,16.57,666.00,10.67,28-04-23-09-03-04-954
69.42,15.79,666.00,10.04,28-04-23-09-03-04-986
72.43,15.32,666.00,9.09,28-04-23-09-03-05-018
75.09,14.77,666.00,8.56,28-04-23-09-03-05-054
78.38,14.40,666.00,7.85,28-04-23-09-03-05-085
80.58,14.06,666.00,7.04,28-04-23-09-03-05-120
82.52,13.63,666.00,6.44,28-04-23-09-03-05-156
84.05,13.17,666.00,6.22,28-04-23-09-03-05-186
85.43,12.66,666.00,6.62,28-04-23-09-03-05-221
86.97,12.40,666.00,6.39,28-04-23-09-03-05-257
88.02,12.10,666.00,6.40,28-04-23-09-03-05-288
88.86,11.75,666.00,6.54,28-04-23-09-03-05-319
89.51,11.36,666.00,6.90,28-04-23-09-03-05-353
91.34,11.97,666.00,8.08,28-04-23-09-03-05-391
92.12,12.12,666.00,9.79,28-04-23-09-03-05-420
92.62,12.33,666.00,10.12,28-04-23-09-03-05-454
92.95,12.44,666.00,8.34,28-04-23-09-03-05-488
93.17,12.58,666.00,8.43,28-04-23-09-03-05-521
93.26,12.46,666.00,8.54,28-04-23-09-03-05-554
93.30,12.31,666.00,8.45,28-04-23-09-03-05-588
93.28,12.07,666.00,8.30,28-04-23-09-03-05-620
93.25,11.81,666.00,8.18,28-04-23-09-03-05-658
93.14,11.59,666.00,7.90,28-04-23-09-03-05-688
93.00,11.37,666.00,7.83,28-04-23-09-03-05-719
92.84,11.13,666.00,8.09,28-04-23-09-03-05-759
92.30,11.50,666.00,7.81,28-04-23-09-03-05-786
91.81,11.98,666.00,12.03,28-04-23-09-03-05-820
91.46,12.91,666.00,17.44,28-04-23-09-03-05-853
91.23,14.37,666.00,20.74,28-04-23-09-03-05-886
91.42,16.99,666.00,22.23,28-04-23-09-03-05-923
93.03,22.47,666.00,12.53,28-04-23-09-03-05-955
93.51,26.44,666.00,9.60,28-04-23-09-03-05-988
93.85,28.42,666.00,12.02,28-04-23-09-03-06-019
94.14,30.36,666.00,13.52,28-04-23-09-03-06-054
94.47,33.62,666.00,12.58,28-04-23-09-03-06-088
94.80,35.43,666.00,15.23,28-04-23-09-03-06-122
95.12,39.10,666.00,12.60,28-04-23-09-03-06-155
95.19,44.74,666.00,8.08,28-04-23-09-03-06-190
95.06,48.30,666.00,8.00,28-04-23-09-03-06-223
94.70,50.36,666.00,11.72,28-04-23-09-03-06-253
94.48,51.76,666.00,14.24,28-04-23-09-03-06-289
94.58,52.58,666.00,16.29,28-04-23-09-03-06-321
93.78,52.69,666.00,17.89,28-04-23-09-03-06-354
97.81,51.19,666.00,21.14,28-04-23-09-03-06-391
100.90,49.26,666.00,25.49,28-04-23-09-03-06-421
98.95,49.88,666.00,22.97,28-04-23-09-03-06-453
67.43,54.10,-4.42,39.89,28-04-23-09-03-06-488
45.58,54.60,17.79,66.00,28-04-23-09-03-06-520
57.43,40.26,-2.08,60.01,28-04-23-09-03-06-554
51.54,37.43,8.31,69.72,28-04-23-09-03-06-588
101.52,49.91,-101.07,33.14,28-04-23-09-03-06-620
105.41,49.77,-100.49,40.82,28-04-23-09-03-06-655
113.83,51.62,-118.89,51.62,28-04-23-09-03-06-686
115.55,52.50,-121.27,51.11,28-04-23-09-03-06-721
116.93,53.70,-124.61,49.68,28-04-23-09-03-06-755
118.10,54.95,-128.00,49.39,28-04-23-09-03-06-787
