16.57,-32.40,666.00,17.40,10-03-23-05-43-00-450
16.91,-32.42,666.00,17.71,10-03-23-05-43-00-460
17.04,-32.42,666.00,17.85,10-03-23-05-43-00-491
17.26,-32.36,666.00,18.08,10-03-23-05-43-00-524
17.32,-32.28,666.00,18.13,10-03-23-05-43-00-556
17.32,-32.23,666.00,18.18,10-03-23-05-43-00-600
17.28,-32.18,666.00,18.17,10-03-23-05-43-00-631
17.24,-32.13,666.00,18.18,10-03-23-05-43-00-657
17.18,-32.11,666.00,18.12,10-03-23-05-43-00-697
17.12,-32.11,666.00,18.06,10-03-23-05-43-00-723
17.05,-32.12,666.00,17.99,10-03-23-05-43-00-755
17.01,-32.11,666.00,18.04,10-03-23-05-43-00-793
16.97,-32.11,666.00,18.03,10-03-23-05-43-00-826
16.93,-32.11,666.00,18.01,10-03-23-05-43-00-861
16.84,-32.09,666.00,17.91,10-03-23-05-43-00-892
16.68,-31.91,666.00,17.75,10-03-23-05-43-00-924
16.14,-30.71,666.00,17.14,10-03-23-05-43-00-958
14.67,-24.64,666.00,15.63,10-03-23-05-43-00-999
13.18,-4.92,666.00,15.85,10-03-23-05-43-01-022
15.16,23.24,666.00,14.25,10-03-23-05-43-01-060
18.42,36.39,666.00,16.43,10-03-23-05-43-01-092
24.75,49.81,666.00,15.87,10-03-23-05-43-01-123
29.79,56.17,666.00,18.35,10-03-23-05-43-01-157
39.79,63.61,666.00,14.08,10-03-23-05-43-01-195
46.63,66.54,666.00,16.18,10-03-23-05-43-01-223
59.15,69.71,666.00,12.31,10-03-23-05-43-01-256
68.23,70.81,666.00,15.70,10-03-23-05-43-01-300
79.40,71.79,666.00,22.89,10-03-23-05-43-01-323
88.09,69.79,666.00,26.36,10-03-23-05-43-01-355
91.35,69.75,666.00,21.04,10-03-23-05-43-01-390
93.43,70.03,666.00,19.84,10-03-23-05-43-01-422
94.67,70.51,666.00,24.48,10-03-23-05-43-01-456
95.31,70.91,666.00,29.33,10-03-23-05-43-01-490
105.69,72.47,666.00,16.58,10-03-23-05-43-01-522
114.00,72.40,666.00,7.78,10-03-23-05-43-01-556
121.34,71.17,666.00,5.92,10-03-23-05-43-01-591
128.99,70.48,666.00,9.60,10-03-23-05-43-01-621
131.90,70.26,666.00,8.79,10-03-23-05-43-01-655
134.64,69.86,666.00,12.74,10-03-23-05-43-01-692
136.72,69.61,666.00,15.90,10-03-23-05-43-01-727
139.37,69.07,666.00,18.52,10-03-23-05-43-01-760
143.27,67.62,666.00,18.80,10-03-23-05-43-01-789
145.90,66.98,666.00,17.13,10-03-23-05-43-01-824
147.60,67.44,666.00,19.60,10-03-23-05-43-01-856
149.33,68.55,666.00,20.45,10-03-23-05-43-01-890
156.19,67.54,666.00,12.63,10-03-23-05-43-01-923
160.16,65.36,666.00,10.91,10-03-23-05-43-01-958
161.85,64.02,666.00,11.07,10-03-23-05-43-01-993
163.08,62.53,666.00,11.34,10-03-23-05-43-02-023
163.92,61.04,666.00,11.97,10-03-23-05-43-02-070
164.51,59.10,666.00,12.88,10-03-23-05-43-02-091
165.09,55.88,666.00,13.36,10-03-23-05-43-02-126
165.46,53.11,666.00,13.84,10-03-23-05-43-02-155
165.71,50.78,666.00,14.08,10-03-23-05-43-02-192
165.89,49.00,666.00,14.14,10-03-23-05-43-02-223
166.00,47.78,666.00,14.16,10-03-23-05-43-02-256
166.06,47.28,666.00,14.12,10-03-23-05-43-02-291
166.03,47.12,666.00,13.81,10-03-23-05-43-02-324
165.79,47.40,666.00,9.99,10-03-23-05-43-02-370
164.51,50.16,666.00,11.20,10-03-23-05-43-02-390
156.72,77.91,666.00,10.17,10-03-23-05-43-02-422
152.74,63.06,666.00,17.21,10-03-23-05-43-02-456
149.65,65.52,666.00,17.97,10-03-23-05-43-02-491
141.89,68.89,666.00,22.13,10-03-23-05-43-02-521
138.59,69.84,666.00,22.12,10-03-23-05-43-02-556
134.65,70.56,666.00,20.62,10-03-23-05-43-02-590
129.91,71.47,666.00,20.85,10-03-23-05-43-02-622
124.37,72.43,666.00,20.45,10-03-23-05-43-02-658
114.92,74.82,666.00,21.27,10-03-23-05-43-02-689
112.23,69.73,666.00,25.09,10-03-23-05-43-02-723
105.92,65.69,666.00,29.97,10-03-23-05-43-02-754
99.11,61.46,-66.25,33.07,10-03-23-05-43-02-791
94.95,58.88,-75.51,30.92,10-03-23-05-43-02-827
92.71,56.92,-81.55,30.32,10-03-23-05-43-02-859
86.25,53.26,-83.26,31.10,10-03-23-05-43-02-899
79.77,50.63,-76.64,31.91,10-03-23-05-43-02-921
75.88,49.84,666.00,28.84,10-03-23-05-43-02-956
68.97,47.84,666.00,25.95,10-03-23-05-43-02-990
63.99,46.28,666.00,24.02,10-03-23-05-43-03-022
59.81,44.56,666.00,24.77,10-03-23-05-43-03-055
51.02,39.04,666.00,25.07,10-03-23-05-43-03-090
45.91,36.28,666.00,25.02,10-03-23-05-43-03-133
40.10,33.66,666.00,24.57,10-03-23-05-43-03-155
35.97,31.88,666.00,23.30,10-03-23-05-43-03-191
28.14,27.81,666.00,22.82,10-03-23-05-43-03-224
24.70,24.35,666.00,18.86,10-03-23-05-43-03-255
21.84,19.20,666.00,16.04,10-03-23-05-43-03-291
19.31,8.12,666.00,15.57,10-03-23-05-43-03-322
18.18,-2.84,666.00,13.59,10-03-23-05-43-03-357
18.05,-18.55,666.00,15.78,10-03-23-05-43-03-390
18.56,-29.11,666.00,17.49,10-03-23-05-43-03-430
19.05,-37.95,666.00,17.33,10-03-23-05-43-03-456
20.50,-46.06,666.00,17.37,10-03-23-05-43-03-490
21.88,-50.97,666.00,17.54,10-03-23-05-43-03-521
22.89,-54.25,666.00,16.97,10-03-23-05-43-03-556
23.93,-56.39,666.00,14.83,10-03-23-05-43-03-591
24.75,-57.73,666.00,13.96,10-03-23-05-43-03-624
25.49,-58.22,666.00,13.76,10-03-23-05-43-03-657
26.04,-58.33,666.00,13.57,10-03-23-05-43-03-689
26.51,-58.08,666.00,13.59,10-03-23-05-43-03-723
26.73,-57.77,666.00,14.66,10-03-23-05-43-03-757
26.82,-57.23,666.00,16.33,10-03-23-05-43-03-791
26.50,-56.22,666.00,19.07,10-03-23-05-43-03-826
24.70,-52.69,666.00,19.78,10-03-23-05-43-03-855
22.08,-46.90,666.00,20.95,10-03-23-05-43-03-893
19.39,-39.33,666.00,17.72,10-03-23-05-43-03-924
16.85,-27.92,666.00,17.33,10-03-23-05-43-03-958
15.42,-16.00,666.00,20.90,10-03-23-05-43-03-992
16.38,10.62,666.00,18.97,10-03-23-05-43-04-025
18.34,23.20,666.00,22.35,10-03-23-05-43-04-059
22.48,35.23,666.00,25.10,10-03-23-05-43-04-091
28.75,45.77,666.00,22.98,10-03-23-05-43-04-123
37.03,54.30,666.00,18.66,10-03-23-05-43-04-154
45.83,59.76,666.00,14.92,10-03-23-05-43-04-198
54.87,61.92,666.00,14.56,10-03-23-05-43-04-223
61.30,64.17,666.00,17.32,10-03-23-05-43-04-257
65.49,65.64,666.00,25.94,10-03-23-05-43-04-290
76.67,69.71,666.00,11.64,10-03-23-05-43-04-323
80.57,70.95,666.00,13.71,10-03-23-05-43-04-355
82.23,70.46,666.00,19.29,10-03-23-05-43-04-389
83.87,70.35,-5.72,41.21,10-03-23-05-43-04-423
95.83,70.34,666.00,27.20,10-03-23-05-43-04-454
99.99,69.72,666.00,29.82,10-03-23-05-43-04-500
111.50,63.29,666.00,20.62,10-03-23-05-43-04-521
122.84,62.52,666.00,14.05,10-03-23-05-43-04-555
127.64,61.71,666.00,13.33,10-03-23-05-43-04-591
130.55,60.79,666.00,13.89,10-03-23-05-43-04-623
133.41,59.55,666.00,14.84,10-03-23-05-43-04-656
137.52,56.56,666.00,16.48,10-03-23-05-43-04-690
141.18,55.19,666.00,17.31,10-03-23-05-43-04-724
144.48,55.11,666.00,17.49,10-03-23-05-43-04-756
146.88,55.40,666.00,17.60,10-03-23-05-43-04-801
149.47,55.35,666.00,17.12,10-03-23-05-43-04-824
151.48,55.30,666.00,17.85,10-03-23-05-43-04-859
153.67,55.37,666.00,17.55,10-03-23-05-43-04-891
155.29,55.96,666.00,16.95,10-03-23-05-43-04-923
158.29,52.57,666.00,15.09,10-03-23-05-43-04-957
162.23,49.43,666.00,13.04,10-03-23-05-43-04-992
163.43,47.39,666.00,12.69,10-03-23-05-43-05-023
164.57,44.98,666.00,12.93,10-03-23-05-43-05-054
164.86,43.75,666.00,13.14,10-03-23-05-43-05-090
164.83,43.08,666.00,13.40,10-03-23-05-43-05-124
164.66,42.46,666.00,13.64,10-03-23-05-43-05-157
164.42,42.15,666.00,13.89,10-03-23-05-43-05-191
163.89,42.78,666.00,14.12,10-03-23-05-43-05-226
163.29,43.63,666.00,14.32,10-03-23-05-43-05-260
161.78,47.07,666.00,14.71,10-03-23-05-43-05-292
159.51,50.61,666.00,14.38,10-03-23-05-43-05-322
157.00,53.54,666.00,14.89,10-03-23-05-43-05-356
150.21,58.17,666.00,17.81,10-03-23-05-43-05-391
146.33,59.98,666.00,19.69,10-03-23-05-43-05-426
143.68,60.88,666.00,17.76,10-03-23-05-43-05-455
139.36,61.98,666.00,19.17,10-03-23-05-43-05-493
133.30,63.73,666.00,20.76,10-03-23-05-43-05-523
129.51,64.61,666.00,20.02,10-03-23-05-43-05-565
125.98,64.58,666.00,20.17,10-03-23-05-43-05-589
120.80,66.76,666.00,19.40,10-03-23-05-43-05-623
113.66,66.44,666.00,24.97,10-03-23-05-43-05-666
107.41,65.15,666.00,27.94,10-03-23-05-43-05-690
104.13,63.51,666.00,28.50,10-03-23-05-43-05-723
98.48,60.89,-59.23,31.01,10-03-23-05-43-05-758
93.93,59.16,666.00,28.87,10-03-23-05-43-05-791
85.95,56.97,-49.51,33.46,10-03-23-05-43-05-824
81.88,57.00,666.00,28.52,10-03-23-05-43-05-860
79.67,56.46,666.00,25.01,10-03-23-05-43-05-890
77.93,56.10,666.00,22.50,10-03-23-05-43-05-926
75.87,55.68,666.00,24.47,10-03-23-05-43-05-957
66.34,50.89,666.00,25.03,10-03-23-05-43-05-990
59.96,48.03,666.00,26.41,10-03-23-05-43-06-034
54.20,45.86,666.00,27.60,10-03-23-05-43-06-057
50.28,44.77,666.00,28.25,10-03-23-05-43-06-089
40.93,43.82,666.00,23.54,10-03-23-05-43-06-128
33.67,41.39,666.00,22.28,10-03-23-05-43-06-156
28.03,37.66,666.00,21.62,10-03-23-05-43-06-187
23.86,33.15,666.00,21.93,10-03-23-05-43-06-227
20.75,28.81,666.00,16.58,10-03-23-05-43-06-260
18.06,22.30,666.00,14.92,10-03-23-05-43-06-289
15.16,11.40,666.00,11.62,10-03-23-05-43-06-332
13.86,1.21,666.00,11.00,10-03-23-05-43-06-357
13.50,-8.93,666.00,11.22,10-03-23-05-43-06-390
13.83,-17.97,666.00,11.37,10-03-23-05-43-06-429
14.95,-28.69,666.00,13.53,10-03-23-05-43-06-456
16.47,-36.87,666.00,15.90,10-03-23-05-43-06-490
18.23,-42.53,666.00,17.79,10-03-23-05-43-06-524
19.69,-45.52,666.00,17.21,10-03-23-05-43-06-555
21.02,-47.40,666.00,18.00,10-03-23-05-43-06-590
21.98,-48.46,666.00,18.35,10-03-23-05-43-06-645
22.56,-48.95,666.00,18.34,10-03-23-05-43-06-656
22.96,-49.27,666.00,18.48,10-03-23-05-43-06-691
23.35,-49.22,666.00,18.26,10-03-23-05-43-06-728
23.50,-49.14,666.00,18.19,10-03-23-05-43-06-754
23.55,-49.00,666.00,18.43,10-03-23-05-43-06-791
23.37,-48.65,666.00,22.29,10-03-23-05-43-06-829
22.20,-47.46,666.00,22.12,10-03-23-05-43-06-856
20.70,-45.76,666.00,22.07,10-03-23-05-43-06-890
18.67,-42.58,666.00,20.08,10-03-23-05-43-06-923
15.79,-35.25,666.00,16.06,10-03-23-05-43-06-954
13.70,-26.22,666.00,13.06,10-03-23-05-43-06-991
12.22,-14.67,666.00,14.82,10-03-23-05-43-07-025
11.34,0.19,666.00,15.62,10-03-23-05-43-07-055
11.69,17.82,666.00,13.54,10-03-23-05-43-07-098
14.17,37.09,666.00,14.80,10-03-23-05-43-07-121
17.17,47.55,666.00,17.67,10-03-23-05-43-07-155
22.37,56.76,666.00,19.12,10-03-23-05-43-07-191
29.66,63.17,666.00,15.77,10-03-23-05-43-07-223
37.70,66.28,666.00,9.16,10-03-23-05-43-07-260
43.28,67.23,666.00,11.26,10-03-23-05-43-07-291
45.86,67.41,666.00,18.39,10-03-23-05-43-07-324
55.90,71.23,666.00,9.19,10-03-23-05-43-07-357
67.02,69.62,666.00,15.68,10-03-23-05-43-07-401
71.26,69.11,666.00,18.22,10-03-23-05-43-07-424
83.09,71.15,666.00,24.10,10-03-23-05-43-07-454
86.33,70.64,666.00,21.44,10-03-23-05-43-07-491
88.43,69.11,666.00,20.38,10-03-23-05-43-07-521
92.02,69.87,666.00,17.16,10-03-23-05-43-07-555
93.88,69.96,666.00,25.66,10-03-23-05-43-07-598
95.03,69.85,-11.73,31.95,10-03-23-05-43-07-632
96.70,69.89,-8.38,37.00,10-03-23-05-43-07-655
111.82,67.29,666.00,13.45,10-03-23-05-43-07-699
121.65,64.74,666.00,9.94,10-03-23-05-43-07-724
126.61,62.81,666.00,11.27,10-03-23-05-43-07-754
128.88,62.01,666.00,13.21,10-03-23-05-43-07-789
130.84,60.65,666.00,16.00,10-03-23-05-43-07-824
136.90,58.58,666.00,15.55,10-03-23-05-43-07-855
138.89,58.19,666.00,16.06,10-03-23-05-43-07-891
140.19,58.38,666.00,17.26,10-03-23-05-43-07-922
141.47,58.36,666.00,19.26,10-03-23-05-43-07-955
142.88,58.06,666.00,19.92,10-03-23-05-43-07-992
145.04,56.89,666.00,19.60,10-03-23-05-43-08-023
147.43,55.06,666.00,18.42,10-03-23-05-43-08-056
150.71,52.37,666.00,16.92,10-03-23-05-43-08-092
152.69,50.67,666.00,16.40,10-03-23-05-43-08-124
154.09,48.99,666.00,16.29,10-03-23-05-43-08-162
155.68,46.78,666.00,16.05,10-03-23-05-43-08-190
156.73,45.41,666.00,15.76,10-03-23-05-43-08-220
157.35,44.96,666.00,15.67,10-03-23-05-43-08-259
157.63,45.15,666.00,15.88,10-03-23-05-43-08-288
157.78,45.53,666.00,16.17,10-03-23-05-43-08-325
157.86,45.85,666.00,16.50,10-03-23-05-43-08-355
157.92,46.17,666.00,16.71,10-03-23-05-43-08-389
157.93,46.55,666.00,16.86,10-03-23-05-43-08-422
157.90,46.90,666.00,16.97,10-03-23-05-43-08-464
154.95,48.87,666.00,19.86,10-03-23-05-43-08-489
153.48,51.15,666.00,19.81,10-03-23-05-43-08-520
152.40,52.79,666.00,18.67,10-03-23-05-43-08-555
150.77,55.18,666.00,17.91,10-03-23-05-43-08-590
146.24,59.43,666.00,18.77,10-03-23-05-43-08-624
141.09,62.97,666.00,19.89,10-03-23-05-43-08-656
137.16,65.02,666.00,20.32,10-03-23-05-43-08-691
132.91,66.35,666.00,20.08,10-03-23-05-43-08-724
127.38,67.79,666.00,20.23,10-03-23-05-43-08-765
123.02,69.53,666.00,18.93,10-03-23-05-43-08-789
118.36,69.23,666.00,19.83,10-03-23-05-43-08-829
108.99,68.82,666.00,24.99,10-03-23-05-43-08-857
109.50,61.68,666.00,29.36,10-03-23-05-43-08-893
103.94,59.41,-75.35,32.41,10-03-23-05-43-08-921
98.71,57.78,-76.04,33.86,10-03-23-05-43-08-956
89.69,52.27,-65.91,41.09,10-03-23-05-43-08-992
82.77,52.36,-52.14,43.10,10-03-23-05-43-09-031
79.82,51.86,-47.81,43.96,10-03-23-05-43-09-070
77.39,52.01,-53.43,39.59,10-03-23-05-43-09-088
75.58,52.34,-70.83,34.64,10-03-23-05-43-09-123
73.31,51.96,-86.68,31.98,10-03-23-05-43-09-158
71.52,51.68,-116.85,33.67,10-03-23-05-43-09-191
66.77,44.27,-101.48,41.01,10-03-23-05-43-09-223
61.97,42.69,-99.89,39.72,10-03-23-05-43-09-258
57.69,41.56,-94.44,37.57,10-03-23-05-43-09-291
47.31,40.55,-71.74,30.53,10-03-23-05-43-09-324
42.08,40.02,666.00,27.33,10-03-23-05-43-09-361
38.12,39.03,666.00,23.85,10-03-23-05-43-09-392
34.62,37.66,666.00,21.66,10-03-23-05-43-09-422
31.28,35.51,666.00,19.23,10-03-23-05-43-09-459
28.48,32.52,666.00,18.60,10-03-23-05-43-09-494
25.94,28.46,666.00,18.53,10-03-23-05-43-09-532
23.81,23.73,666.00,18.29,10-03-23-05-43-09-556
22.13,18.42,666.00,17.85,10-03-23-05-43-09-589
20.48,11.29,666.00,17.09,10-03-23-05-43-09-623
18.50,0.68,666.00,18.02,10-03-23-05-43-09-663
17.55,-5.73,666.00,17.96,10-03-23-05-43-09-690
17.00,-10.35,666.00,17.95,10-03-23-05-43-09-723
16.61,-13.74,666.00,17.01,10-03-23-05-43-09-759
15.82,-15.50,666.00,16.15,10-03-23-05-43-09-793
15.07,-17.71,666.00,15.42,10-03-23-05-43-09-823
14.59,-20.44,666.00,14.60,10-03-23-05-43-09-861
14.42,-23.56,666.00,14.13,10-03-23-05-43-09-892
14.46,-26.90,666.00,14.45,10-03-23-05-43-09-923
14.65,-30.12,666.00,14.62,10-03-23-05-43-09-964
14.86,-32.52,666.00,14.86,10-03-23-05-43-10-005
15.11,-35.11,666.00,15.35,10-03-23-05-43-10-025
15.35,-37.26,666.00,16.01,10-03-23-05-43-10-058
15.51,-38.64,666.00,14.81,10-03-23-05-43-10-096
15.57,-39.59,666.00,14.59,10-03-23-05-43-10-128
15.65,-40.26,666.00,14.55,10-03-23-05-43-10-157
15.70,-40.87,666.00,14.66,10-03-23-05-43-10-197
15.75,-41.27,666.00,14.79,10-03-23-05-43-10-228
15.81,-41.59,666.00,14.97,10-03-23-05-43-10-256
15.86,-41.90,666.00,15.18,10-03-23-05-43-10-304
15.95,-42.06,666.00,15.41,10-03-23-05-43-10-324
16.02,-42.04,666.00,15.57,10-03-23-05-43-10-354
16.10,-41.84,666.00,15.72,10-03-23-05-43-10-395
16.12,-41.70,666.00,15.82,10-03-23-05-43-10-425
16.15,-41.44,666.00,15.94,10-03-23-05-43-10-456
16.12,-41.09,666.00,16.01,10-03-23-05-43-10-493
16.04,-40.68,666.00,16.05,10-03-23-05-43-10-526
15.93,-40.21,666.00,16.97,10-03-23-05-43-10-556
15.79,-39.76,666.00,17.76,10-03-23-05-43-10-595
15.63,-39.25,666.00,18.35,10-03-23-05-43-10-622
15.42,-38.64,666.00,18.83,10-03-23-05-43-10-654
15.17,-37.94,666.00,19.15,10-03-23-05-43-10-693
14.95,-37.17,666.00,19.36,10-03-23-05-43-10-724
14.68,-36.13,666.00,19.78,10-03-23-05-43-10-762
14.40,-35.01,666.00,20.52,10-03-23-05-43-10-787
14.13,-33.72,666.00,20.85,10-03-23-05-43-10-827
13.89,-32.43,666.00,20.92,10-03-23-05-43-10-861
13.69,-31.18,666.00,20.82,10-03-23-05-43-10-891
13.60,-30.00,666.00,20.70,10-03-23-05-43-10-926
13.51,-29.04,666.00,20.54,10-03-23-05-43-10-958
13.43,-28.20,666.00,20.36,10-03-23-05-43-10-989
13.47,-27.39,666.00,20.29,10-03-23-05-43-11-029
13.55,-26.68,666.00,20.27,10-03-23-05-43-11-065
13.55,-26.14,666.00,20.21,10-03-23-05-43-11-090
13.51,-25.64,666.00,20.11,10-03-23-05-43-11-127
13.46,-25.06,666.00,19.99,10-03-23-05-43-11-158
13.40,-24.52,666.00,19.88,10-03-23-05-43-11-189
13.34,-24.06,666.00,19.75,10-03-23-05-43-11-223
13.30,-23.61,666.00,19.66,10-03-23-05-43-11-256
13.28,-23.16,666.00,19.60,10-03-23-05-43-11-289
13.12,-22.64,666.00,19.49,10-03-23-05-43-11-337
13.02,-21.92,666.00,19.42,10-03-23-05-43-11-355
12.94,-21.11,666.00,19.32,10-03-23-05-43-11-391
12.77,-19.70,666.00,19.08,10-03-23-05-43-11-423
12.70,-18.12,666.00,18.97,10-03-23-05-43-11-458
12.70,-16.42,666.00,18.80,10-03-23-05-43-11-492
12.58,-15.12,666.00,18.72,10-03-23-05-43-11-524
12.66,-13.22,666.00,18.52,10-03-23-05-43-11-555
12.72,-11.84,666.00,18.37,10-03-23-05-43-11-596
12.86,-10.88,666.00,18.32,10-03-23-05-43-11-625
12.89,-10.48,666.00,18.32,10-03-23-05-43-11-656
12.86,-10.25,666.00,18.36,10-03-23-05-43-11-693
12.83,-10.32,666.00,18.44,10-03-23-05-43-11-723
12.86,-10.49,666.00,18.47,10-03-23-05-43-11-756
13.12,-10.27,666.00,18.58,10-03-23-05-43-11-792
13.47,-9.45,666.00,18.53,10-03-23-05-43-11-823
13.21,-8.67,666.00,18.08,10-03-23-05-43-11-856
13.08,-7.92,666.00,17.59,10-03-23-05-43-11-892
12.85,-7.05,666.00,17.06,10-03-23-05-43-11-922
12.62,-5.94,666.00,16.55,10-03-23-05-43-11-957
12.78,-5.12,666.00,16.45,10-03-23-05-43-11-996
12.83,-4.00,666.00,16.40,10-03-23-05-43-12-027
12.77,-2.88,666.00,16.17,10-03-23-05-43-12-056
12.76,-2.21,666.00,16.34,10-03-23-05-43-12-092
12.74,-1.47,666.00,16.43,10-03-23-05-43-12-127
12.67,-0.69,666.00,16.56,10-03-23-05-43-12-157
12.58,0.03,666.00,16.75,10-03-23-05-43-12-192
12.61,0.50,666.00,16.93,10-03-23-05-43-12-227
12.75,0.88,666.00,17.13,10-03-23-05-43-12-257
12.81,0.92,666.00,17.16,10-03-23-05-43-12-300
13.08,0.67,666.00,17.31,10-03-23-05-43-12-323
13.46,0.37,666.00,17.52,10-03-23-05-43-12-356
13.79,-0.04,666.00,17.95,10-03-23-05-43-12-393
14.25,-0.74,666.00,18.44,10-03-23-05-43-12-426
14.34,-0.84,666.00,18.11,10-03-23-05-43-12-455
14.59,-1.29,666.00,17.98,10-03-23-05-43-12-491
14.57,-1.32,666.00,17.52,10-03-23-05-43-12-524
14.53,-1.29,666.00,16.93,10-03-23-05-43-12-557
14.33,-1.05,666.00,16.31,10-03-23-05-43-12-599
13.39,1.27,666.00,14.92,10-03-23-05-43-12-623
12.73,2.68,666.00,14.18,10-03-23-05-43-12-658
12.15,3.45,666.00,13.91,10-03-23-05-43-12-693
11.68,3.31,666.00,13.44,10-03-23-05-43-12-726
11.25,3.60,666.00,13.05,10-03-23-05-43-12-757
10.94,2.88,666.00,13.25,10-03-23-05-43-12-794
10.65,2.44,666.00,13.31,10-03-23-05-43-12-829
