Timestamp,Kinect_LeftShoulder_Ext.-Flex.,Kinect_LeftShoulder_Abd.-Add.,Kinect_LeftShoulder_Int.-Ext.,Kinect_LeftElbow_Ext.-Flex.,Kinect_RightShoulder_Ext.-Flex.,Kinect_RightShoulder_Abd.-Add.,Kinect_RightShoulder_Int.-Ext.,Kinect_RightElbow_Ext.-Flex.,32.61,-13.02,20:57:06:590,-35.11,51.58
82.54,9.63,20:57:08:121,666.00,16.36
82.65,9.51,20:57:08:376,666.00,17.25
82.50,10.64,20:57:08:761,666.00,16.49
82.80,11.00,20:57:08:944,666.00,15.13
82.90,10.95,20:57:09:079,666.00,16.68
82.41,11.37,20:57:09:211,666.00,17.54
81.85,11.34,20:57:09:364,666.00,18.45
81.74,10.96,20:57:09:494,666.00,18.13
81.62,10.81,20:57:09:633,666.00,18.16
81.61,10.68,20:57:09:758,666.00,17.43
81.44,10.60,20:57:09:876,666.00,17.22
81.39,10.38,20:57:09:989,666.00,17.15
81.36,10.72,20:57:10:284,666.00,17.40
81.20,10.32,20:57:10:408,666.00,17.71
81.20,10.27,20:57:10:518,666.00,18.85
81.00,10.00,20:57:10:665,666.00,19.08
80.68,9.77,20:57:10:788,666.00,19.22
80.50,9.86,20:57:10:910,666.00,19.12
80.62,9.73,20:57:11:026,666.00,17.31
80.66,9.60,20:57:11:142,666.00,18.61
80.45,9.55,20:57:11:259,666.00,18.05
80.54,9.46,20:57:11:378,666.00,17.04
80.24,9.73,20:57:11:507,666.00,18.21
79.67,9.65,20:57:11:627,666.00,18.69
79.72,8.97,20:57:11:772,666.00,18.47
79.66,8.93,20:57:11:887,666.00,18.48
79.56,9.08,20:57:12:016,666.00,17.90
79.13,9.45,20:57:12:131,666.00,14.69
79.09,9.24,20:57:12:250,666.00,18.60
78.88,9.45,20:57:12:372,666.00,18.50
78.85,9.55,20:57:12:491,666.00,18.64
78.91,9.34,20:57:12:616,666.00,18.79
78.73,9.34,20:57:12:731,666.00,19.03
78.68,9.23,20:57:12:861,666.00,18.71
78.69,9.16,20:57:12:982,666.00,18.97
78.57,9.21,20:57:13:091,666.00,19.05
78.55,8.90,20:57:13:212,666.00,16.61
78.33,8.97,20:57:13:326,666.00,15.81
78.33,8.67,20:57:13:446,666.00,16.61
78.33,8.38,20:57:13:568,666.00,15.96
78.18,8.44,20:57:13:689,666.00,16.53
77.86,8.58,20:57:13:817,666.00,16.51
77.94,8.56,20:57:13:935,666.00,16.56
77.99,8.68,20:57:14:053,666.00,16.04
78.40,8.75,20:57:14:175,666.00,15.75
78.54,8.86,20:57:14:290,666.00,18.08
78.50,10.19,20:57:14:410,666.00,20.87
78.91,9.60,20:57:14:525,666.00,20.56
78.96,9.58,20:57:14:650,666.00,21.96
79.07,9.27,20:57:14:783,666.00,20.90
79.01,9.33,20:57:14:903,666.00,15.04
78.72,9.16,20:57:15:023,666.00,18.68
78.51,8.90,20:57:15:149,666.00,15.31
78.36,8.90,20:57:15:263,666.00,15.17
78.48,8.81,20:57:15:379,666.00,14.69
78.68,8.66,20:57:15:503,666.00,14.46
78.73,8.28,20:57:15:619,666.00,14.18
78.64,7.64,20:57:15:746,666.00,13.93
78.69,6.96,20:57:15:871,666.00,13.89
78.70,6.40,20:57:15:995,666.00,13.80
78.62,6.25,20:57:16:117,666.00,13.95
78.47,5.80,20:57:16:236,666.00,13.97
78.24,5.81,20:57:16:356,666.00,14.70
78.24,5.59,20:57:16:473,666.00,14.86
78.10,5.57,20:57:16:591,666.00,14.81
77.64,5.94,20:57:16:714,666.00,15.90
77.47,6.41,20:57:16:846,666.00,16.59
77.45,6.51,20:57:16:976,666.00,17.11
77.37,6.67,20:57:17:099,666.00,17.53
77.18,6.90,20:57:17:213,666.00,18.20
76.94,7.68,20:57:17:329,666.00,19.00
76.80,7.35,20:57:17:447,666.00,18.76
76.77,7.25,20:57:17:571,666.00,18.99
76.52,7.68,20:57:17:693,666.00,17.54
76.15,7.64,20:57:17:810,666.00,17.77
76.06,7.51,20:57:17:932,666.00,18.23
75.91,7.83,20:57:18:050,666.00,17.18
75.65,7.87,20:57:18:177,666.00,17.62
75.61,7.72,20:57:18:297,666.00,17.42
75.44,7.95,20:57:18:415,666.00,17.78
75.41,8.07,20:57:18:534,666.00,17.10
75.39,7.89,20:57:18:651,666.00,17.21
75.22,7.75,20:57:18:777,666.00,17.32
74.95,7.50,20:57:18:900,666.00,20.30
74.65,7.38,20:57:19:019,-79.89,32.16
74.76,7.34,20:57:19:132,-73.74,38.25
75.49,6.80,20:57:19:249,-71.99,57.53
75.85,6.73,20:57:19:363,-70.25,63.80
76.90,5.85,20:57:19:485,-68.44,73.52
77.23,5.77,20:57:19:606,-68.60,86.07
77.77,5.60,20:57:19:718,-68.17,100.90
78.91,4.83,20:57:19:840,-67.17,99.02
80.06,4.20,20:57:19:961,-69.03,108.02
80.71,3.90,20:57:20:086,-69.23,116.29
81.92,4.53,20:57:20:208,-61.13,128.49
82.69,5.12,20:57:20:318,-55.37,128.10
82.66,5.19,20:57:20:431,-54.86,128.39
82.08,5.30,20:57:20:539,-56.35,128.58
82.47,4.37,20:57:20:663,-59.25,125.07
82.82,4.07,20:57:20:791,-61.23,128.58
83.28,3.81,20:57:20:907,-60.77,123.80
83.32,3.65,20:57:21:026,-59.72,119.39
80.85,4.41,20:57:21:140,-58.77,107.16
78.85,4.98,20:57:21:260,-57.44,87.25
77.52,4.72,20:57:21:381,-60.31,72.47
76.75,5.48,20:57:21:497,-59.66,62.47
77.29,6.35,20:57:21:619,-54.41,44.80
76.73,7.48,20:57:21:747,-58.38,35.59
76.18,8.16,20:57:21:875,666.00,26.86
73.79,8.68,20:57:22:008,666.00,26.54
72.98,9.19,20:57:22:134,666.00,22.07
72.55,9.32,20:57:22:253,666.00,20.64
72.24,9.28,20:57:22:368,666.00,18.46
72.55,9.33,20:57:22:492,666.00,19.32
72.38,9.50,20:57:22:610,666.00,19.55
72.37,9.52,20:57:22:729,666.00,19.94
72.36,9.84,20:57:22:844,666.00,20.41
72.38,10.05,20:57:22:964,666.00,20.31
72.25,10.37,20:57:23:087,666.00,16.89
72.27,10.15,20:57:23:214,666.00,20.48
72.37,10.04,20:57:23:330,666.00,20.58
72.12,9.50,20:57:23:445,666.00,22.12
72.19,8.76,20:57:23:562,666.00,29.15
72.81,8.21,20:57:23:681,-67.72,44.50
72.72,7.94,20:57:23:799,-64.63,56.56
73.80,7.47,20:57:23:913,-60.78,78.31
74.38,7.60,20:57:24:031,-59.35,83.45
75.20,7.68,20:57:24:150,-57.96,92.63
76.53,7.91,20:57:24:279,-56.11,103.40
76.58,7.75,20:57:24:401,-57.86,109.64
76.89,7.49,20:57:24:515,-59.60,117.84
76.87,7.49,20:57:24:634,-58.20,126.75
77.66,7.79,20:57:24:755,-58.55,130.18
78.73,8.51,20:57:24:877,-53.13,130.29
78.35,8.36,20:57:24:992,-54.19,130.67
78.68,8.10,20:57:25:115,-53.61,130.81
78.38,8.13,20:57:25:227,-53.58,131.23
78.56,7.52,20:57:25:342,-55.46,131.04
78.37,7.43,20:57:25:452,-55.90,126.68
79.24,7.64,20:57:25:561,-52.88,126.37
79.81,7.39,20:57:25:677,-53.01,123.43
78.85,6.82,20:57:25:802,-57.07,121.09
78.22,6.72,20:57:25:928,-55.06,103.79
77.46,6.58,20:57:26:048,-55.36,85.86
77.28,6.64,20:57:26:162,-53.82,73.11
77.41,7.29,20:57:26:278,-53.02,58.76
78.02,8.16,20:57:26:402,-50.45,42.32
77.72,9.28,20:57:26:528,-51.27,36.15
77.26,10.08,20:57:26:650,666.00,26.78
76.84,9.91,20:57:26:766,666.00,21.82
75.38,10.58,20:57:26:885,666.00,16.28
74.59,10.43,20:57:27:013,666.00,18.36
74.02,10.13,20:57:27:135,666.00,19.02
73.72,10.15,20:57:27:254,666.00,18.47
73.48,10.14,20:57:27:382,666.00,19.14
73.49,10.17,20:57:27:498,666.00,19.00
73.32,10.24,20:57:27:614,666.00,18.79
73.29,10.12,20:57:27:733,666.00,20.86
73.33,10.23,20:57:27:848,666.00,18.02
73.44,10.06,20:57:27:968,666.00,18.47
73.55,9.70,20:57:28:098,666.00,23.50
73.48,9.47,20:57:28:215,-70.38,32.09
74.22,8.85,20:57:28:332,-64.21,41.71
74.44,8.24,20:57:28:452,-62.79,62.88
75.13,8.25,20:57:28:579,-58.35,74.60
75.48,8.57,20:57:28:706,-54.49,82.58
76.26,8.31,20:57:28:824,-53.01,90.87
77.40,8.04,20:57:28:945,-52.22,100.14
77.86,7.49,20:57:29:066,-54.55,118.58
78.78,7.03,20:57:29:185,-54.78,111.29
80.10,7.51,20:57:29:323,-49.23,127.84
81.11,7.46,20:57:29:435,-47.07,128.60
81.46,7.97,20:57:29:551,-44.20,125.21
81.68,8.00,20:57:29:679,-44.24,123.32
81.90,8.08,20:57:29:790,-42.86,119.81
81.80,8.07,20:57:29:906,-42.04,120.89
81.70,8.03,20:57:30:020,-45.53,119.09
81.58,7.95,20:57:30:142,-44.68,124.74
81.49,8.12,20:57:30:253,-43.82,124.87
81.45,7.22,20:57:30:373,-45.33,119.34
79.74,6.91,20:57:30:493,-50.25,116.82
78.63,6.85,20:57:30:609,-51.36,94.81
77.41,7.18,20:57:30:726,-52.87,86.23
76.70,7.16,20:57:30:847,-52.39,71.61
75.72,7.57,20:57:30:967,-55.99,60.99
76.07,8.34,20:57:31:084,-53.66,46.73
76.04,8.72,20:57:31:200,-56.32,40.57
76.56,9.90,20:57:31:316,-64.18,30.74
76.32,10.27,20:57:31:431,666.00,26.72
75.44,10.64,20:57:31:550,666.00,20.23
74.84,10.61,20:57:31:664,666.00,20.94
74.68,10.52,20:57:31:784,666.00,19.90
74.58,10.09,20:57:31:913,666.00,15.87
74.40,10.06,20:57:32:028,666.00,18.53
74.27,9.85,20:57:32:148,666.00,17.94
74.21,9.78,20:57:32:267,666.00,18.30
74.20,9.27,20:57:32:394,666.00,18.58
74.14,9.01,20:57:32:511,666.00,18.01
73.89,9.17,20:57:32:635,666.00,21.43
73.63,9.17,20:57:32:760,666.00,26.98
73.99,7.86,20:57:32:877,-67.25,37.94
74.42,7.83,20:57:32:996,-62.53,48.25
74.76,7.70,20:57:33:110,-58.34,66.18
75.56,7.78,20:57:33:232,-54.44,73.96
76.68,8.56,20:57:33:353,-49.29,84.75
77.72,8.88,20:57:33:474,-46.63,97.98
78.65,8.46,20:57:33:593,-46.85,112.12
79.31,7.82,20:57:33:710,-49.38,110.68
80.12,7.43,20:57:33:835,-47.39,127.95
81.00,7.48,20:57:33:951,-46.06,129.15
81.46,7.62,20:57:34:077,-44.69,129.57
81.51,7.67,20:57:34:194,-43.56,123.91
81.58,7.87,20:57:34:309,-43.19,114.93
81.66,7.47,20:57:34:427,-45.72,112.53
81.98,7.19,20:57:34:543,-46.50,113.74
81.85,7.39,20:57:34:660,-42.62,124.40
81.76,7.48,20:57:34:775,-42.40,123.62
81.78,7.67,20:57:34:898,-43.89,124.62
81.12,7.07,20:57:35:016,-48.13,129.30
78.85,6.83,20:57:35:136,-53.09,124.11
78.41,6.64,20:57:35:259,-50.89,92.66
77.35,6.94,20:57:35:378,-52.81,90.67
76.31,6.68,20:57:35:494,-53.24,81.92
74.57,6.66,20:57:35:607,-56.33,72.24
74.77,7.52,20:57:35:725,-53.68,61.69
73.21,7.76,20:57:35:849,-55.58,60.85
77.26,11.82,20:57:35:975,-46.26,36.93
77.32,12.07,20:57:36:090,-47.92,32.05
77.23,12.25,20:57:36:213,666.00,26.80
76.82,12.00,20:57:36:329,666.00,23.60
76.13,12.00,20:57:36:450,666.00,20.94
75.89,12.02,20:57:36:573,666.00,19.68
75.85,11.89,20:57:36:688,666.00,19.46
75.72,11.66,20:57:36:802,666.00,19.11
75.78,11.29,20:57:36:917,666.00,18.87
75.61,11.10,20:57:37:042,666.00,18.83
75.30,11.28,20:57:37:159,666.00,18.99
75.20,11.30,20:57:37:276,666.00,19.21
75.29,11.24,20:57:37:402,666.00,18.92
74.23,11.31,20:57:37:532,666.00,21.79
74.41,11.51,20:57:37:659,-56.73,31.94
74.55,11.75,20:57:37:778,-48.89,46.14
73.22,11.78,20:57:37:900,-49.88,72.81
76.25,11.85,20:57:38:015,-41.14,73.17
76.30,11.63,20:57:38:130,-41.01,81.30
76.89,11.93,20:57:38:252,-39.85,87.70
77.51,11.67,20:57:38:379,-40.61,98.50
78.48,11.82,20:57:38:502,-38.50,104.68
79.44,11.58,20:57:38:628,-38.44,121.85
80.80,11.60,20:57:38:781,-33.19,124.63
81.76,11.94,20:57:38:919,-27.98,116.49
82.09,11.97,20:57:39:045,-26.64,116.63
82.31,12.13,20:57:39:166,-24.49,116.77
82.86,12.05,20:57:39:278,-23.97,131.11
82.94,12.21,20:57:39:395,-23.65,130.68
83.15,12.36,20:57:39:511,-22.05,130.67
83.44,12.57,20:57:39:628,-20.52,130.29
83.08,12.22,20:57:39:743,-22.37,114.30
83.07,12.07,20:57:39:859,-21.99,126.14
81.12,11.56,20:57:39:973,-28.96,116.93
80.14,11.20,20:57:40:088,-33.16,88.64
74.88,7.69,20:57:40:214,-48.84,84.82
74.40,2.69,20:57:40:336,-61.32,85.86
70.75,0.61,20:57:40:452,-66.26,77.19
74.32,7.03,20:57:40:577,-52.93,58.92
75.71,8.04,20:57:40:700,-53.67,50.25
76.81,9.09,20:57:40:816,-53.50,32.99
76.72,8.91,20:57:40:933,666.00,28.25
76.16,9.00,20:57:41:050,666.00,24.41
75.46,9.03,20:57:41:178,666.00,22.13
75.33,9.63,20:57:41:295,666.00,21.83
74.95,9.88,20:57:41:415,666.00,21.76
74.73,9.96,20:57:41:529,666.00,21.75
74.63,10.26,20:57:41:647,666.00,22.00
73.84,9.98,20:57:41:767,666.00,22.97
73.82,9.79,20:57:41:885,666.00,22.82
74.17,9.50,20:57:42:002,666.00,22.56
74.01,9.86,20:57:42:118,666.00,23.09
73.82,9.95,20:57:42:247,666.00,26.71
74.16,10.36,20:57:42:370,-58.46,35.53
74.72,9.84,20:57:42:482,-55.48,45.33
74.71,9.46,20:57:42:598,-51.33,53.32
75.25,9.46,20:57:42:721,-50.52,71.57
75.64,9.20,20:57:42:852,-48.51,78.96
76.13,8.97,20:57:42:977,-47.52,87.04
76.24,8.92,20:57:43:093,-47.39,91.08
77.19,8.82,20:57:43:212,-46.40,106.53
77.58,8.62,20:57:43:328,-43.62,92.16
77.82,8.49,20:57:43:448,-49.46,114.72
78.60,8.79,20:57:43:563,-46.16,109.76
79.21,8.63,20:57:43:679,-47.64,128.85
79.49,8.91,20:57:43:801,-44.87,129.31
79.68,8.89,20:57:43:916,-41.89,124.52
79.54,9.00,20:57:44:032,-42.58,117.13
79.46,9.45,20:57:44:163,-41.38,117.73
79.51,9.24,20:57:44:284,-41.42,124.54
79.61,9.11,20:57:44:415,-42.37,116.77
78.25,8.71,20:57:44:541,-45.87,115.34
77.47,8.30,20:57:44:678,-47.32,117.56
77.34,8.74,20:57:44:799,-44.21,90.73
76.36,8.67,20:57:44:914,-44.15,78.29
76.23,8.63,20:57:45:030,-44.50,68.20
75.66,8.81,20:57:45:148,-45.47,55.82
72.99,3.52,20:57:45:270,-57.79,63.96
73.77,8.20,20:57:45:393,-52.20,53.24
74.40,9.48,20:57:45:515,-52.45,45.67
74.44,9.94,20:57:45:628,-54.71,41.08
75.12,11.38,20:57:45:747,666.00,29.07
75.02,11.58,20:57:45:864,666.00,27.37
74.69,12.06,20:57:45:988,666.00,26.17
74.55,12.22,20:57:46:101,666.00,25.36
74.53,12.14,20:57:46:216,666.00,24.84
74.50,11.89,20:57:46:340,666.00,24.41
74.44,11.72,20:57:46:466,666.00,24.21
74.26,11.68,20:57:46:584,666.00,24.00
74.25,11.53,20:57:46:698,666.00,23.97
73.98,11.51,20:57:46:815,666.00,27.07
73.49,11.25,20:57:46:935,-56.85,33.84
73.41,11.26,20:57:47:058,-50.45,44.71
73.11,10.61,20:57:47:183,-50.45,58.07
73.38,10.36,20:57:47:299,-48.99,68.18
73.97,10.17,20:57:47:409,-46.62,76.66
74.63,10.65,20:57:47:529,-44.44,85.72
75.76,13.48,20:57:47:646,-36.66,95.47
75.89,13.66,20:57:47:767,-36.36,93.55
75.54,13.15,20:57:47:883,-37.60,107.95
76.00,12.64,20:57:47:997,-38.46,115.09
76.24,12.49,20:57:48:110,-39.17,127.34
77.80,12.39,20:57:48:234,-36.35,126.78
78.81,12.90,20:57:48:344,-31.21,123.72
78.81,12.94,20:57:48:472,-31.97,117.30
79.09,13.12,20:57:48:610,-30.34,124.47
79.01,13.11,20:57:48:749,-30.62,119.79
79.15,13.32,20:57:48:876,-27.06,115.77
79.33,13.37,20:57:48:993,-28.48,123.89
79.55,13.25,20:57:49:109,-28.50,120.13
78.19,12.39,20:57:49:223,-33.31,113.29
77.58,12.03,20:57:49:343,-33.45,90.57
76.83,11.77,20:57:49:467,-33.33,86.64
76.26,10.02,20:57:49:584,-37.74,73.49
75.98,10.39,20:57:49:701,-38.72,58.03
75.87,10.39,20:57:49:812,-41.80,46.88
74.34,11.23,20:57:49:926,-47.65,49.14
74.12,11.67,20:57:50:049,-50.82,41.05
74.27,11.48,20:57:50:166,666.00,29.52
73.90,11.68,20:57:50:282,666.00,25.17
73.91,11.60,20:57:50:396,666.00,23.14
73.46,11.65,20:57:50:514,666.00,21.21
73.28,11.29,20:57:50:638,666.00,20.76
72.65,11.13,20:57:50:759,666.00,21.24
72.45,11.14,20:57:50:879,666.00,21.32
72.36,11.14,20:57:51:012,666.00,21.20
72.10,10.98,20:57:51:132,666.00,21.59
72.61,10.71,20:57:51:258,666.00,23.59
72.98,10.52,20:57:51:381,-58.89,31.52
73.21,9.95,20:57:51:503,-53.86,43.54
72.87,9.16,20:57:51:619,-53.10,57.02
73.45,9.31,20:57:51:745,-48.74,67.24
72.82,9.27,20:57:51:864,-49.38,87.90
74.66,10.54,20:57:51:988,-42.99,90.88
76.20,10.85,20:57:52:121,-39.71,94.51
77.55,11.68,20:57:52:246,-36.92,114.57
78.06,11.89,20:57:52:368,-35.05,111.72
79.45,11.71,20:57:52:493,-32.44,112.31
79.86,12.15,20:57:52:611,-28.94,119.23
80.28,12.76,20:57:52:734,-28.79,119.77
80.40,13.01,20:57:52:843,-25.29,116.89
80.44,13.13,20:57:52:968,-27.36,123.05
80.40,13.17,20:57:53:084,-23.86,126.25
80.31,13.41,20:57:53:195,-24.10,122.09
80.52,13.44,20:57:53:309,-23.42,120.77
80.24,12.93,20:57:53:419,-25.70,122.64
77.96,11.23,20:57:53:533,-33.94,119.70
76.76,10.55,20:57:53:643,-36.10,94.14
75.90,10.74,20:57:53:773,-36.24,89.76
69.80,6.10,20:57:53:904,-52.95,92.74
74.43,9.72,20:57:54:017,-41.92,65.12
74.85,10.11,20:57:54:132,-42.48,52.35
73.48,10.25,20:57:54:251,-49.67,49.26
73.18,11.46,20:57:54:368,-52.75,40.98
73.11,11.48,20:57:54:484,666.00,26.39
72.69,11.75,20:57:54:607,666.00,20.15
72.25,11.52,20:57:54:723,666.00,19.27
71.86,11.43,20:57:54:846,666.00,19.41
71.88,11.69,20:57:54:963,666.00,19.38
71.93,11.44,20:57:55:079,666.00,19.36
71.84,11.63,20:57:55:194,666.00,19.57
71.83,11.18,20:57:55:310,666.00,19.51
71.77,11.02,20:57:55:421,666.00,19.69
71.88,10.79,20:57:55:535,666.00,22.13
72.20,10.34,20:57:55:649,-61.96,32.17
72.33,9.86,20:57:55:771,-56.32,44.92
72.43,9.47,20:57:55:891,-52.91,61.86
70.37,8.59,20:57:56:012,-55.13,88.43
75.28,9.18,20:57:56:130,-45.28,85.80
76.12,10.16,20:57:56:250,-42.02,102.67
78.21,10.65,20:57:56:375,-36.89,112.76
78.12,10.38,20:57:56:498,-38.24,106.63
79.08,10.13,20:57:56:619,-39.71,125.12
79.81,10.31,20:57:56:731,-37.02,116.33
81.23,10.74,20:57:56:848,-31.33,131.16
81.48,10.71,20:57:56:961,-30.36,131.20
82.16,11.09,20:57:57:075,-26.74,131.60
82.53,11.46,20:57:57:185,-23.57,130.32
83.02,11.37,20:57:57:299,-22.09,130.46
83.24,11.91,20:57:57:413,-20.15,131.24
83.28,11.78,20:57:57:527,-20.44,131.07
83.38,11.43,20:57:57:649,-21.54,131.03
83.43,11.61,20:57:57:776,-22.46,112.40
82.87,11.02,20:57:57:891,-22.72,116.35
81.75,10.95,20:57:58:013,-24.69,99.59
79.60,10.71,20:57:58:150,-29.19,80.80
77.27,9.10,20:57:58:265,-38.11,77.83
70.47,-5.05,20:57:58:383,-71.52,80.54
73.59,10.33,20:57:58:497,-46.07,57.69
74.30,11.54,20:57:58:617,-47.57,44.67
74.90,12.56,20:57:58:734,-50.92,36.94
75.18,13.01,20:57:58:852,666.00,23.10
75.09,12.83,20:57:58:982,666.00,21.19
75.10,12.56,20:57:59:096,666.00,20.35
74.92,12.66,20:57:59:214,666.00,20.05
74.72,12.74,20:57:59:330,666.00,20.12
74.58,13.25,20:57:59:443,666.00,20.21
74.81,13.13,20:57:59:565,666.00,19.90
74.91,12.54,20:57:59:680,666.00,19.69
74.96,12.66,20:57:59:796,666.00,19.56
74.81,12.85,20:57:59:912,666.00,20.19
74.69,12.58,20:58:00:034,666.00,21.94
74.89,11.68,20:58:00:153,666.00,29.13
75.68,11.24,20:58:00:278,-48.14,43.71
75.83,9.53,20:58:00:395,-47.83,56.49
74.60,6.02,20:58:00:513,-53.75,87.29
79.04,10.47,20:58:00:630,-36.05,79.73
80.26,10.29,20:58:00:744,-35.09,93.03
82.63,10.91,20:58:00:859,-28.29,111.52
83.94,10.24,20:58:00:980,-24.88,114.11
85.37,9.61,20:58:01:098,-20.69,120.53
86.25,9.87,20:58:01:230,-15.31,129.27
86.83,10.66,20:58:01:350,-10.25,118.09
87.25,10.67,20:58:01:464,-8.11,129.37
87.05,10.51,20:58:01:580,-9.61,124.32
87.07,10.54,20:58:01:691,-9.56,124.51
86.97,10.46,20:58:01:812,-9.86,118.40
86.86,10.58,20:58:01:926,-10.71,124.51
86.77,10.58,20:58:02:043,-10.74,124.71
86.64,10.61,20:58:02:156,-11.58,124.12
85.73,10.11,20:58:02:275,-15.51,115.82
84.01,9.78,20:58:02:405,-20.60,103.98
82.34,10.51,20:58:02:530,-25.17,87.61
76.82,7.65,20:58:02:647,-44.11,85.76
76.98,4.91,20:58:02:766,-52.49,77.76
78.17,8.47,20:58:02:882,-41.51,62.70
81.48,12.12,20:58:03:002,-30.82,49.00
80.83,12.23,20:58:03:117,-33.77,32.13
80.53,12.34,20:58:03:241,666.00,27.80
80.11,12.20,20:58:03:359,666.00,22.93
79.36,12.22,20:58:03:480,666.00,21.64
79.07,12.27,20:58:03:602,666.00,21.68
78.64,11.97,20:58:03:724,666.00,22.12
78.60,11.90,20:58:03:845,666.00,22.10
78.49,12.06,20:58:03:961,666.00,22.21
78.32,11.88,20:58:04:081,666.00,22.30
78.30,11.82,20:58:04:197,666.00,22.40
78.09,11.77,20:58:04:318,666.00,22.72
77.68,11.35,20:58:04:449,666.00,24.09
77.81,11.50,20:58:04:579,-49.48,30.48
77.72,11.21,20:58:04:699,-46.60,38.91
77.76,10.42,20:58:04:820,-44.13,56.79
76.66,5.52,20:58:04:942,-52.25,83.09
79.17,9.79,20:58:05:060,-37.43,80.39
80.40,10.24,20:58:05:179,-33.54,90.38
81.32,10.97,20:58:05:297,-29.87,94.88
83.43,11.91,20:58:05:410,-19.37,102.45
84.06,11.14,20:58:05:533,-20.54,113.69
84.53,11.09,20:58:05:652,-19.67,117.09
85.17,11.15,20:58:05:772,-17.82,119.13
85.43,11.37,20:58:05:882,-14.04,112.99
85.74,11.85,20:58:05:998,-15.62,128.24
85.64,11.81,20:58:06:110,-13.59,123.58
85.46,11.85,20:58:06:220,-14.36,123.81
85.41,12.05,20:58:06:344,-14.60,123.98
85.06,11.45,20:58:06:459,-17.75,123.62
84.82,11.21,20:58:06:575,-19.34,123.49
85.06,10.88,20:58:06:691,-18.94,123.21
84.92,11.05,20:58:06:815,-17.25,115.86
83.90,11.49,20:58:06:939,-17.58,98.23
83.18,11.47,20:58:07:072,-19.35,79.35
82.11,10.77,20:58:07:224,-24.15,65.72
78.29,9.94,20:58:07:352,-36.41,67.98
75.95,7.82,20:58:07:470,-45.19,62.64
80.82,12.83,20:58:07:608,-39.01,44.84
80.96,13.27,20:58:07:730,-34.67,31.71
80.79,13.50,20:58:07:850,666.00,26.68
80.44,13.56,20:58:07:976,666.00,23.65
80.07,13.38,20:58:08:100,666.00,21.76
79.64,13.56,20:58:08:216,666.00,21.30
79.22,13.55,20:58:08:350,666.00,21.31
79.13,13.40,20:58:08:488,666.00,21.33
79.00,13.07,20:58:08:639,666.00,21.40
78.81,13.14,20:58:08:774,666.00,21.60
78.36,12.98,20:58:08:916,666.00,23.21
78.37,12.60,20:58:09:059,-44.12,31.05
78.12,13.38,20:58:09:194,-37.76,51.09
76.21,8.01,20:58:09:349,-43.77,74.12
78.25,-0.49,20:58:09:489,-66.25,91.23
82.01,14.25,20:58:09:620,-19.00,81.13
83.02,14.00,20:58:09:762,-16.36,98.51
83.70,13.81,20:58:09:901,-15.31,99.97
85.11,14.01,20:58:10:031,-10.94,112.51
86.76,14.72,20:58:10:155,-4.41,117.07
86.60,15.77,20:58:10:285,-5.24,121.70
86.79,16.01,20:58:10:408,-4.72,123.21
86.91,16.52,20:58:10:531,-3.79,124.20
87.09,16.67,20:58:10:668,-4.61,125.96
87.16,16.23,20:58:10:816,-5.39,128.02
87.41,16.67,20:58:10:949,-3.84,127.96
87.54,16.04,20:58:11:079,-3.61,125.90
87.74,16.26,20:58:11:212,-2.74,125.76
87.54,16.29,20:58:11:337,-2.15,124.17
87.08,14.83,20:58:11:471,-4.83,116.05
85.42,14.17,20:58:11:612,-8.14,92.64
84.20,14.24,20:58:11:744,-10.55,81.80
84.05,14.40,20:58:11:864,-11.32,64.92
82.12,12.09,20:58:11:977,-19.08,57.14
80.53,11.18,20:58:12:094,-25.68,52.93
81.91,14.31,20:58:12:211,-28.18,39.71
81.40,14.97,20:58:12:343,-32.77,33.58
80.43,15.05,20:58:12:463,666.00,22.02
80.03,15.28,20:58:12:576,666.00,19.93
79.77,15.30,20:58:12:699,666.00,19.15
79.24,15.45,20:58:12:815,666.00,19.40
79.05,15.32,20:58:12:941,666.00,19.47
78.96,15.04,20:58:13:061,666.00,19.73
78.98,15.10,20:58:13:182,666.00,19.79
78.83,15.18,20:58:13:297,666.00,19.92
78.76,14.86,20:58:13:416,666.00,20.01
78.35,14.83,20:58:13:534,666.00,21.74
78.22,15.18,20:58:13:650,666.00,28.96
78.24,14.51,20:58:13:767,-38.03,39.59
74.06,6.23,20:58:13:894,-50.78,66.91
77.75,7.36,20:58:14:010,-42.56,76.64
80.60,0.68,20:58:14:131,-62.68,90.41
82.80,14.63,20:58:14:250,-15.32,86.11
83.51,14.90,20:58:14:366,-14.53,89.16
85.38,15.09,20:58:14:484,-9.03,107.55
87.43,15.36,20:58:14:606,-3.62,113.99
88.11,14.68,20:58:14:730,-1.56,115.65
88.17,14.98,20:58:14:847,-1.63,121.48
88.33,14.03,20:58:14:958,-1.24,123.32
88.88,15.10,20:58:15:074,1.47,124.48
88.77,15.40,20:58:15:184,2.52,123.80
88.72,15.10,20:58:15:298,2.34,123.55
88.63,15.50,20:58:15:412,2.06,124.51
88.65,14.99,20:58:15:542,1.00,126.13
88.57,15.76,20:58:15:655,1.81,123.27
88.21,16.06,20:58:15:777,3.13,114.36
88.36,15.34,20:58:15:893,4.66,109.09
87.11,14.54,20:58:16:012,1.38,88.70
86.13,14.22,20:58:16:130,-2.66,83.33
84.36,12.41,20:58:16:244,-9.50,75.15
85.08,13.42,20:58:16:357,-8.06,61.37
85.78,14.10,20:58:16:475,-7.15,46.95
84.42,4.83,20:58:16:591,-21.35,50.39
83.70,16.62,20:58:16:710,-28.31,31.32
83.70,15.75,20:58:16:831,666.00,26.06
82.78,15.33,20:58:16:945,666.00,23.53
82.17,14.72,20:58:17:069,666.00,21.43
81.59,14.83,20:58:17:190,666.00,21.22
81.52,14.62,20:58:17:311,666.00,20.22
81.21,14.83,20:58:17:426,666.00,20.50
80.90,14.82,20:58:17:543,666.00,20.44
80.69,14.97,20:58:17:658,666.00,20.77
80.53,14.89,20:58:17:774,666.00,20.89
80.53,14.57,20:58:17:899,666.00,21.19
80.37,15.04,20:58:18:019,666.00,25.40
77.90,14.12,20:58:18:140,-35.48,46.95
77.89,14.77,20:58:18:255,-33.53,60.54
75.91,1.11,20:58:18:378,-59.79,86.48
82.68,17.25,20:58:18:495,-14.22,75.37
82.78,16.88,20:58:18:615,-13.50,88.18
82.93,17.00,20:58:18:729,-12.01,95.83
84.06,16.36,20:58:18:848,-11.13,113.80
84.88,15.92,20:58:18:964,-8.66,115.37
84.61,15.55,20:58:19:088,-11.10,124.65
84.18,15.61,20:58:19:204,-11.98,119.30
84.39,15.53,20:58:19:319,-13.24,132.33
84.19,15.86,20:58:19:446,-10.82,119.20
84.29,16.10,20:58:19:565,-12.35,121.24
84.49,16.15,20:58:19:680,-10.94,121.10
84.45,16.30,20:58:19:795,-10.54,134.26
84.31,16.48,20:58:19:905,-9.41,118.44
84.15,16.69,20:58:20:017,-10.47,132.76
84.17,16.94,20:58:20:134,-5.05,116.17
84.12,15.90,20:58:20:255,-8.73,114.14
83.08,14.90,20:58:20:374,-11.01,97.81
82.56,15.09,20:58:20:489,-11.66,88.41
77.59,11.56,20:58:20:606,-28.72,80.46
79.96,13.55,20:58:20:718,-21.97,62.07
79.64,14.03,20:58:20:844,-25.47,48.75
79.16,11.49,20:58:20:965,-30.35,45.58
78.19,13.65,20:58:21:080,-38.89,35.40
78.93,14.43,20:58:21:199,666.00,22.35
77.32,14.75,20:58:21:316,666.00,19.99
77.07,14.59,20:58:21:438,666.00,19.24
77.00,14.10,20:58:21:559,666.00,19.21
76.61,14.19,20:58:21:679,666.00,19.50
76.29,13.82,20:58:21:790,666.00,17.86
76.21,13.82,20:58:21:914,666.00,17.92
76.12,13.74,20:58:22:029,666.00,17.73
76.16,13.54,20:58:22:143,666.00,20.45
76.29,13.34,20:58:22:262,666.00,25.01
74.25,12.18,20:58:22:382,-46.66,50.27
70.01,1.26,20:58:22:495,-61.88,73.39
72.79,5.11,20:58:22:616,-53.34,87.77
76.98,14.20,20:58:22:730,-29.83,81.30
78.06,14.78,20:58:22:845,-25.07,100.26
79.07,14.84,20:58:22:964,-21.87,98.70
80.71,14.52,20:58:23:095,-17.97,111.81
82.19,15.80,20:58:23:209,-12.72,119.97
82.74,16.44,20:58:23:324,-10.39,127.35
83.32,16.64,20:58:23:441,-6.99,118.50
83.31,16.25,20:58:23:551,-8.16,118.63
83.32,16.29,20:58:23:673,-7.71,119.32
83.61,16.03,20:58:23:788,-9.91,126.27
83.71,16.05,20:58:23:906,-9.28,125.65
83.51,16.04,20:58:24:029,-7.58,121.55
83.38,16.16,20:58:24:140,-6.13,120.59
83.33,16.13,20:58:24:252,-6.99,124.89
83.37,15.95,20:58:24:365,-8.33,121.80
83.20,15.63,20:58:24:478,-9.78,118.79
82.25,14.19,20:58:24:591,-13.52,110.90
81.36,14.23,20:58:24:709,-15.51,91.01
80.40,13.33,20:58:24:834,-18.98,81.19
78.93,10.87,20:58:24:953,-30.95,66.71
79.98,10.96,20:58:25:082,-28.35,52.53
77.63,-0.39,20:58:25:196,-60.24,58.00
79.03,10.04,20:58:25:312,-41.27,39.77
79.71,12.33,20:58:25:431,666.00,26.58
79.03,12.54,20:58:25:549,666.00,21.39
78.78,12.74,20:58:25:664,666.00,19.96
78.39,12.84,20:58:25:775,666.00,19.11
78.26,12.93,20:58:25:893,666.00,18.75
77.97,13.16,20:58:26:011,666.00,18.95
77.97,13.04,20:58:26:132,666.00,18.75
77.38,13.12,20:58:26:249,666.00,18.80
76.80,13.23,20:58:26:363,666.00,19.37
76.70,13.20,20:58:26:479,666.00,19.91
76.58,12.88,20:58:26:601,666.00,24.34
76.87,12.25,20:58:26:722,-48.51,35.14
73.34,5.68,20:58:26:837,-55.33,64.88
77.90,11.45,20:58:26:950,-37.39,64.45
75.39,6.79,20:58:27:065,-48.73,86.78
80.11,13.10,20:58:27:185,-25.93,83.84
80.40,13.56,20:58:27:306,-23.12,100.05
81.26,13.25,20:58:27:425,-20.97,99.91
82.80,12.82,20:58:27:549,-19.05,112.39
83.38,13.03,20:58:27:660,-16.04,123.78
84.28,13.72,20:58:27:773,-12.10,122.62
84.49,14.17,20:58:27:885,-10.87,123.14
84.63,14.64,20:58:27:993,-8.79,118.35
84.59,15.39,20:58:28:111,-8.65,119.18
85.00,15.33,20:58:28:226,-7.86,119.30
85.28,15.62,20:58:28:341,-6.27,118.88
85.32,15.94,20:58:28:451,-3.87,117.45
85.52,15.72,20:58:28:568,-5.85,117.29
85.52,15.68,20:58:28:688,-6.22,117.10
85.48,15.57,20:58:28:799,-6.11,108.58
84.97,13.87,20:58:28:913,-8.36,110.02
84.22,13.04,20:58:29:042,-13.14,84.02
83.03,12.32,20:58:29:164,-16.30,84.31
77.00,2.56,20:58:29:289,-56.43,90.79
79.66,10.81,20:58:29:406,-30.58,66.15
80.39,10.98,20:58:29:522,-28.53,49.12
79.47,12.14,20:58:29:645,-36.02,42.54
78.66,11.74,20:58:29:764,-43.12,35.63
78.81,12.32,20:58:29:882,666.00,22.71
77.64,11.78,20:58:30:000,666.00,20.20
76.72,11.08,20:58:30:113,666.00,18.85
76.53,11.20,20:58:30:230,666.00,18.66
76.44,10.95,20:58:30:346,666.00,18.16
76.24,10.87,20:58:30:473,666.00,18.13
76.10,10.79,20:58:30:591,666.00,17.39
76.18,10.53,20:58:30:711,666.00,17.23
75.96,10.54,20:58:30:826,666.00,17.65
75.71,10.70,20:58:30:945,666.00,21.85
76.27,10.26,20:58:31:069,666.00,28.85
76.71,9.78,20:58:31:199,-47.59,46.84
77.29,9.87,20:58:31:324,-41.53,64.45
77.80,9.99,20:58:31:443,-37.07,81.11
78.06,10.54,20:58:31:555,-33.26,91.10
79.58,11.54,20:58:31:681,-26.58,99.55
81.77,11.68,20:58:31:798,-20.84,102.04
82.64,12.56,20:58:31:909,-18.11,120.16
83.09,13.21,20:58:32:027,-13.48,124.56
83.11,13.16,20:58:32:139,-14.92,128.11
83.10,13.30,20:58:32:262,-13.43,120.30
82.83,14.31,20:58:32:383,-9.32,120.53
82.86,14.52,20:58:32:496,-7.85,120.89
82.77,14.97,20:58:32:610,-7.10,120.87
82.52,14.68,20:58:32:720,-8.84,120.91
82.76,14.66,20:58:32:853,-7.97,120.46
82.59,14.20,20:58:32:972,-9.26,121.14
82.28,13.49,20:58:33:091,-11.05,114.57
81.55,12.51,20:58:33:209,-15.71,112.12
80.91,11.94,20:58:33:330,-18.58,97.87
79.30,11.87,20:58:33:449,-22.01,87.77
75.10,10.69,20:58:33:565,-35.42,89.28
78.76,11.42,20:58:33:686,-27.77,65.93
79.46,11.29,20:58:33:813,-28.22,49.68
77.99,9.97,20:58:33:932,-36.51,43.71
77.46,11.43,20:58:34:050,-41.05,37.52
77.52,12.92,20:58:34:167,666.00,25.34
77.02,12.76,20:58:34:281,666.00,22.84
76.90,12.75,20:58:34:397,666.00,21.24
76.53,12.71,20:58:34:512,666.00,20.48
76.49,12.73,20:58:34:628,666.00,20.21
76.31,12.70,20:58:34:743,666.00,20.32
76.35,12.53,20:58:34:870,666.00,19.87
76.34,12.20,20:58:34:989,666.00,19.52
76.21,12.21,20:58:35:112,666.00,19.57
75.93,12.34,20:58:35:231,666.00,19.67
75.81,12.45,20:58:35:346,666.00,19.76
75.53,12.51,20:58:35:462,666.00,20.06
75.29,12.21,20:58:35:587,666.00,21.12
75.66,12.46,20:58:35:714,666.00,28.69
76.01,12.59,20:58:35:831,-43.21,37.62
76.22,12.48,20:58:35:955,-37.35,58.71
74.05,11.91,20:58:36:081,-39.15,81.27
77.30,12.40,20:58:36:203,-29.03,82.54
78.18,13.26,20:58:36:324,-24.61,91.97
79.10,13.48,20:58:36:443,-23.47,97.51
80.41,13.41,20:58:36:562,-18.53,115.23
81.61,13.80,20:58:36:684,-12.06,110.25
82.51,14.88,20:58:36:810,-9.54,125.19
82.48,14.92,20:58:36:918,-8.16,123.86
82.57,15.51,20:58:37:033,-7.26,127.22
82.71,15.50,20:58:37:144,-5.41,123.54
82.09,15.38,20:58:37:255,-8.21,123.82
82.50,15.04,20:58:37:365,-7.64,123.39
82.37,14.74,20:58:37:476,-8.57,123.25
82.37,14.55,20:58:37:590,-8.84,123.25
82.43,14.74,20:58:37:709,-8.52,123.22
82.31,14.92,20:58:37:825,-8.41,126.58
82.56,14.86,20:58:37:943,-7.57,123.56
82.42,14.35,20:58:38:060,-8.91,116.39
81.39,12.83,20:58:38:176,-13.75,96.20
80.70,12.67,20:58:38:294,-15.12,87.59
82.08,12.96,20:58:38:412,-11.77,72.00
77.94,12.10,20:58:38:544,-27.07,67.30
79.29,12.91,20:58:38:663,-23.10,52.94
79.43,12.58,20:58:38:785,-27.44,46.24
79.69,14.29,20:58:38:918,-33.50,35.78
79.68,13.93,20:58:39:031,666.00,24.61
79.18,13.91,20:58:39:160,666.00,19.92
79.02,14.13,20:58:39:276,666.00,19.20
78.99,13.71,20:58:39:408,666.00,18.77
79.03,13.69,20:58:39:525,666.00,18.51
78.50,13.53,20:58:39:644,666.00,19.08
78.39,13.61,20:58:39:766,666.00,19.15
78.27,13.75,20:58:39:878,666.00,18.76
78.18,14.01,20:58:39:995,666.00,18.76
77.78,14.53,20:58:40:119,666.00,19.46
77.41,14.01,20:58:40:246,666.00,27.10
77.36,14.25,20:58:40:364,-43.10,34.57
74.61,8.91,20:58:40:483,-46.76,63.53
74.30,11.23,20:58:40:602,-42.32,78.44
80.43,15.05,20:58:40:718,-22.60,79.68
81.02,15.27,20:58:40:842,-17.75,99.33
81.51,15.25,20:58:40:956,-15.86,97.56
82.63,15.17,20:58:41:076,-11.01,103.30
83.18,14.96,20:58:41:189,-12.29,113.77
83.68,15.30,20:58:41:310,-9.44,114.79
84.12,15.39,20:58:41:420,-7.62,115.96
84.11,15.77,20:58:41:528,-7.03,117.34
84.12,16.02,20:58:41:643,-7.21,128.80
84.08,15.75,20:58:41:759,-9.63,122.14
84.12,15.51,20:58:41:873,-9.90,123.22
84.16,15.51,20:58:41:984,-9.14,122.54
84.10,15.43,20:58:42:107,-9.29,127.31
84.06,15.73,20:58:42:217,-8.26,121.56
83.81,15.59,20:58:42:341,-8.13,121.20
83.88,15.70,20:58:42:457,-7.35,121.44
83.69,15.61,20:58:42:582,-6.22,114.53
83.69,14.80,20:58:42:699,-8.28,113.01
83.08,14.22,20:58:42:817,-9.92,97.10
82.26,13.98,20:58:42:936,-12.24,89.19
80.84,12.94,20:58:43:049,-17.15,74.55
80.59,12.46,20:58:43:168,-18.33,61.01
81.22,12.75,20:58:43:285,-18.30,47.67
78.61,12.76,20:58:43:413,-32.61,44.67
78.70,12.82,20:58:43:538,666.00,28.85
78.65,12.46,20:58:43:658,666.00,20.60
77.37,12.17,20:58:43:777,666.00,19.55
76.72,12.48,20:58:43:898,666.00,19.33
76.37,12.14,20:58:44:015,666.00,19.74
76.15,11.87,20:58:44:133,666.00,19.90
75.93,12.06,20:58:44:253,666.00,21.08
75.75,11.88,20:58:44:379,666.00,19.98
75.77,11.96,20:58:44:495,666.00,21.12
76.08,10.81,20:58:44:611,666.00,20.63
76.19,11.12,20:58:44:736,666.00,24.51
76.75,11.12,20:58:44:850,-47.02,33.42
75.32,5.21,20:58:44:963,-53.05,55.52
75.52,9.20,20:58:45:089,-43.99,67.76
78.51,9.90,20:58:45:215,-34.12,75.87
75.48,7.75,20:58:45:333,-43.96,89.45
80.01,10.44,20:58:45:458,-27.33,95.79
81.68,10.89,20:58:45:577,-23.17,97.30
82.55,11.64,20:58:45:695,-18.67,110.73
84.01,11.84,20:58:45:813,-15.50,108.59
84.93,11.93,20:58:45:931,-9.77,119.53
85.10,12.38,20:58:46:044,-10.05,125.24
85.17,12.86,20:58:46:164,-8.57,114.23
85.23,12.71,20:58:46:279,-8.85,122.53
85.13,13.03,20:58:46:394,-7.55,116.52
85.00,13.09,20:58:46:508,-7.77,116.50
84.69,12.89,20:58:46:622,-9.16,116.30
84.59,12.95,20:58:46:733,-9.56,116.16
84.47,13.31,20:58:46:840,-8.71,115.90
84.34,12.92,20:58:46:953,-9.12,115.09
84.09,12.39,20:58:47:066,-11.83,115.05
82.05,11.44,20:58:47:175,-19.40,108.73
81.58,11.06,20:58:47:296,-20.89,90.76
76.36,8.97,20:58:47:412,-37.80,88.69
75.84,8.43,20:58:47:528,-39.88,79.60
78.26,9.29,20:58:47:646,-33.86,62.24
81.14,10.45,20:58:47:763,-23.85,48.21
78.47,7.24,20:58:47:878,-39.81,46.82
78.48,10.73,20:58:47:996,-41.21,39.88
79.16,11.58,20:58:48:117,-45.03,30.63
79.63,11.03,20:58:48:243,666.00,22.35
79.45,10.49,20:58:48:364,666.00,19.69
79.09,10.86,20:58:48:479,666.00,19.27
78.91,10.75,20:58:48:602,666.00,19.24
78.75,10.79,20:58:48:739,666.00,19.43
78.79,10.81,20:58:48:854,666.00,19.41
78.83,10.61,20:58:48:974,666.00,19.37
78.57,10.38,20:58:49:089,666.00,19.16
78.13,10.38,20:58:49:213,666.00,18.43
77.69,10.67,20:58:49:334,666.00,19.01
77.16,9.25,20:58:49:447,666.00,20.85
76.63,9.05,20:58:49:572,666.00,28.91
71.78,3.67,20:58:49:703,-62.85,61.32
76.16,7.55,20:58:49:828,-49.48,67.60
74.02,7.46,20:58:49:945,-52.77,85.45
77.25,8.89,20:58:50:064,-42.78,88.70
79.33,8.09,20:58:50:184,-39.57,95.20
81.03,9.03,20:58:50:299,-31.68,96.93
81.93,10.32,20:58:50:422,-24.19,108.80
82.84,10.97,20:58:50:532,-17.92,107.36
82.93,10.83,20:58:50:648,-18.58,122.33
83.20,11.62,20:58:50:763,-15.57,118.82
83.36,11.98,20:58:50:877,-15.05,120.66
83.47,12.11,20:58:50:991,-14.79,120.61
83.44,12.11,20:58:51:108,-13.11,119.69
83.37,12.19,20:58:51:222,-13.15,120.00
83.30,12.04,20:58:51:333,-15.70,133.79
83.26,11.97,20:58:51:445,-13.65,120.14
83.20,11.98,20:58:51:555,-16.73,125.16
83.17,12.07,20:58:51:671,-13.72,122.60
83.21,12.11,20:58:51:799,-15.90,121.08
82.88,10.98,20:58:51:911,-19.23,119.87
82.37,10.48,20:58:52:025,-20.07,111.92
81.13,9.25,20:58:52:142,-27.91,96.03
80.51,9.98,20:58:52:262,-24.47,88.26
74.49,7.84,20:58:52:379,-43.36,86.56
76.24,10.95,20:58:52:497,-35.29,72.89
80.40,13.08,20:58:52:610,-24.61,46.10
80.60,14.54,20:58:52:724,-30.41,43.99
79.76,15.47,20:58:52:844,-37.96,33.05
80.07,14.94,20:58:52:959,666.00,23.79
79.76,14.40,20:58:53:077,666.00,18.75
79.24,14.37,20:58:53:195,666.00,17.54
78.04,14.19,20:58:53:309,666.00,18.12
77.80,13.79,20:58:53:427,666.00,17.42
77.61,13.45,20:58:53:540,666.00,17.69
77.61,13.07,20:58:53:658,666.00,17.95
77.86,12.50,20:58:53:780,666.00,17.66
77.89,12.57,20:58:53:895,666.00,17.82
77.96,12.78,20:58:54:011,666.00,19.13
77.90,12.37,20:58:54:142,666.00,22.26
77.85,12.35,20:58:54:262,-42.71,41.43
77.95,11.92,20:58:54:382,-36.60,53.91
78.27,13.08,20:58:54:502,-32.16,69.31
78.66,13.31,20:58:54:622,-29.35,81.20
79.26,13.73,20:58:54:741,-25.18,88.68
79.83,13.56,20:58:54:866,-25.91,97.39
80.05,13.59,20:58:54:989,-24.15,99.82
81.20,12.93,20:58:55:107,-23.17,110.55
82.77,13.04,20:58:55:230,-22.21,109.62
83.45,13.30,20:58:55:342,-11.79,110.73
83.93,13.38,20:58:55:456,-11.05,115.19
83.87,13.17,20:58:55:573,-14.60,119.49
83.93,13.11,20:58:55:690,-14.68,120.00
83.74,12.74,20:58:55:811,-15.62,121.48
83.62,12.77,20:58:55:924,-16.99,123.09
83.56,12.74,20:58:56:039,-15.66,121.81
83.60,12.75,20:58:56:161,-15.71,125.11
83.56,12.79,20:58:56:275,-17.42,125.12
83.51,12.84,20:58:56:390,-16.87,122.12
83.02,12.75,20:58:56:513,-17.34,123.29
83.10,12.69,20:58:56:626,-18.61,124.23
83.33,12.62,20:58:56:739,-17.99,122.96
83.40,12.89,20:58:56:855,-16.30,122.10
83.19,12.22,20:58:56:974,-18.22,117.67
82.62,11.84,20:58:57:091,-19.54,117.65
81.23,10.94,20:58:57:214,-23.64,103.45
80.74,10.90,20:58:57:334,-25.97,90.47
71.98,6.12,20:58:57:452,-51.96,97.79
79.56,9.28,20:58:57:576,-31.27,75.30
78.98,9.55,20:58:57:693,-32.52,58.20
79.06,9.54,20:58:57:814,-34.54,45.89
78.90,9.17,20:58:57:934,-39.75,38.74
76.78,8.98,20:58:58:058,-50.80,35.08
76.64,9.52,20:58:58:187,666.00,26.24
76.52,9.20,20:58:58:317,666.00,21.41
75.82,9.09,20:58:58:432,666.00,19.87
75.44,9.33,20:58:58:546,666.00,18.87
75.37,9.21,20:58:58:666,666.00,18.44
75.23,9.05,20:58:58:780,666.00,18.88
75.10,9.34,20:58:58:896,666.00,18.86
75.03,9.35,20:58:59:013,666.00,18.98
75.07,9.34,20:58:59:129,666.00,18.79
75.07,9.23,20:58:59:243,666.00,18.96
75.07,9.42,20:58:59:362,666.00,19.22
75.02,9.54,20:58:59:480,666.00,22.21
75.31,9.05,20:58:59:608,666.00,29.00
72.57,7.60,20:58:59:726,-57.75,57.55
74.69,7.06,20:58:59:841,-52.77,57.22
74.22,7.64,20:58:59:960,-52.10,75.59
76.74,8.05,20:59:00:078,-44.83,82.50
77.07,8.21,20:59:00:195,-43.08,90.41
78.22,9.09,20:59:00:312,-38.42,94.14
78.72,8.65,20:59:00:432,-38.18,104.63
79.68,8.73,20:59:00:545,-35.27,113.26
81.26,9.32,20:59:00:662,-29.09,111.39
82.75,9.95,20:59:00:779,-23.07,112.51
83.06,10.21,20:59:00:901,-26.58,122.85
83.07,10.10,20:59:01:014,-23.41,120.49
83.35,10.13,20:59:01:129,-27.35,122.37
83.37,10.38,20:59:01:255,-20.69,129.09
83.33,10.45,20:59:01:378,-19.36,128.68
83.20,10.75,20:59:01:497,-22.13,122.22
83.13,10.91,20:59:01:610,-24.36,121.14
83.05,10.90,20:59:01:730,-21.29,120.82
83.10,10.39,20:59:01:843,-26.52,123.00
83.05,10.49,20:59:01:961,-21.22,134.12
83.10,10.48,20:59:02:073,-23.34,119.87
83.25,10.47,20:59:02:193,-21.75,118.89
83.76,10.22,20:59:02:312,-21.05,118.01
83.48,9.58,20:59:02:429,-20.77,109.33
82.75,9.65,20:59:02:546,-22.17,100.62
81.70,9.56,20:59:02:666,-22.90,92.44
80.35,9.21,20:59:02:793,-29.49,81.84
75.69,7.71,20:59:02:910,-46.14,75.49
78.02,8.77,20:59:03:034,-39.24,62.98
79.45,8.20,20:59:03:152,-41.88,47.04
77.88,6.45,20:59:03:265,-49.13,49.87
79.21,7.92,20:59:03:379,-48.08,38.61
79.47,8.90,20:59:03:494,666.00,26.67
78.65,9.18,20:59:03:609,666.00,23.11
77.87,8.81,20:59:03:734,666.00,21.36
77.19,8.70,20:59:03:853,666.00,19.54
76.75,8.74,20:59:03:975,666.00,19.61
77.01,8.63,20:59:04:092,666.00,20.20
76.57,8.37,20:59:04:213,666.00,20.77
76.37,8.27,20:59:04:342,666.00,21.03
76.36,8.48,20:59:04:471,666.00,21.05
76.14,8.25,20:59:04:590,666.00,21.46
76.17,7.90,20:59:04:714,666.00,21.51
76.06,7.89,20:59:04:837,666.00,23.51
76.04,8.02,20:59:04:958,-60.04,31.27
76.59,7.50,20:59:05:079,-53.03,40.83
75.05,7.38,20:59:05:197,-53.52,56.83
76.31,7.47,20:59:05:315,-48.95,68.54
74.82,7.27,20:59:05:429,-51.01,83.70
76.61,8.11,20:59:05:544,-44.02,86.26
77.05,8.19,20:59:05:666,-42.31,91.22
78.43,8.97,20:59:05:786,-37.73,95.56
79.79,8.66,20:59:05:909,-34.62,100.06
80.38,8.62,20:59:06:026,-33.18,113.08
81.53,8.26,20:59:06:143,-31.82,112.22
82.23,8.59,20:59:06:257,-28.98,112.98
82.87,8.38,20:59:06:377,-27.07,125.18
82.85,8.67,20:59:06:498,-29.55,125.07
82.96,9.24,20:59:06:607,-23.57,120.11
83.03,9.57,20:59:06:753,-21.47,121.49
82.95,9.60,20:59:06:878,-21.92,120.16
82.89,9.59,20:59:06:996,-24.13,123.69
82.98,9.54,20:59:07:122,-23.67,122.48
83.10,9.49,20:59:07:252,-23.78,119.98
83.14,9.42,20:59:07:374,-23.18,118.71
83.39,9.23,20:59:07:497,-23.06,118.50
83.10,8.82,20:59:07:620,-26.52,123.88
82.69,8.48,20:59:07:747,-26.22,111.34
82.06,7.99,20:59:07:872,-29.97,110.19
80.88,7.48,20:59:07:987,-34.52,96.19
80.08,8.08,20:59:08:117,-32.22,91.33
79.04,8.58,20:59:08:250,-32.14,79.46
78.53,9.09,20:59:08:396,-32.05,70.44
78.67,9.32,20:59:08:540,-35.74,48.59
76.40,9.64,20:59:08:693,-41.89,47.68
76.19,9.54,20:59:08:838,-47.59,38.85
75.92,9.48,20:59:08:982,666.00,23.77
75.39,9.32,20:59:09:119,666.00,19.82
75.00,9.34,20:59:09:255,666.00,18.30
74.68,9.14,20:59:09:396,666.00,18.10
74.71,9.14,20:59:09:537,666.00,18.24
74.66,9.12,20:59:09:668,666.00,18.39
74.47,9.10,20:59:09:802,666.00,19.06
74.42,9.02,20:59:09:936,666.00,22.02
74.14,8.35,20:59:10:059,-57.60,33.77
68.87,-7.57,20:59:10:200,-76.59,76.20
73.59,7.57,20:59:10:359,-49.92,81.24
74.96,9.33,20:59:10:488,-41.48,87.25
78.24,11.52,20:59:10:626,-31.13,98.27
78.36,10.82,20:59:10:779,-32.51,105.13
78.92,9.77,20:59:10:925,-34.40,115.60
80.04,9.10,20:59:11:047,-33.02,129.84
80.65,8.90,20:59:11:179,-30.74,126.53
80.61,9.01,20:59:11:307,-32.68,126.67
80.93,9.13,20:59:11:455,-29.27,125.03
81.09,9.33,20:59:11:585,-27.85,122.76
81.16,9.51,20:59:11:706,-26.93,122.90
81.10,9.78,20:59:11:839,-27.12,123.40
81.06,10.06,20:59:11:963,-26.26,119.90
81.27,9.80,20:59:12:086,-24.52,113.86
80.21,9.08,20:59:12:227,-27.91,98.90
78.77,8.91,20:59:12:369,-29.34,80.07
74.01,7.39,20:59:12:514,-43.47,85.16
76.60,8.84,20:59:12:649,-36.81,54.94
76.51,8.95,20:59:12:771,-38.63,45.85
74.66,10.40,20:59:12:916,-47.27,41.20
75.10,10.90,20:59:13:058,666.00,25.25
74.08,10.98,20:59:13:191,666.00,20.13
73.55,10.99,20:59:13:325,666.00,18.39
73.35,10.86,20:59:13:450,666.00,17.94
73.18,10.66,20:59:13:605,666.00,17.83
72.70,10.76,20:59:13:751,666.00,18.16
72.19,11.15,20:59:13:883,666.00,18.68
72.21,10.97,20:59:14:031,666.00,18.58
72.19,10.81,20:59:14:162,666.00,21.37
72.78,10.43,20:59:14:291,-53.71,33.79
73.41,10.17,20:59:14:418,-49.12,51.04
74.32,10.07,20:59:14:561,-43.03,62.73
75.61,10.49,20:59:14:690,-39.09,82.59
76.51,11.89,20:59:14:827,-32.25,90.96
77.63,13.76,20:59:14:957,-24.68,97.72
78.50,14.32,20:59:15:086,-22.10,108.47
79.92,14.15,20:59:15:213,-20.77,117.10
80.81,14.33,20:59:15:347,-18.06,115.62
81.74,14.55,20:59:15:474,-18.49,130.94
82.42,14.38,20:59:15:602,-17.66,128.89
82.44,14.14,20:59:15:733,-17.40,122.24
82.52,14.74,20:59:15:869,-15.07,122.05
82.67,15.10,20:59:16:023,-15.59,128.15
82.98,15.44,20:59:16:167,-15.46,130.97
82.81,15.22,20:59:16:300,-13.81,122.44
82.67,14.95,20:59:16:427,-16.80,131.15
82.20,14.48,20:59:16:549,-19.15,123.20
81.34,13.58,20:59:16:680,-21.47,111.31
79.96,12.45,20:59:16:803,-26.67,90.48
77.11,10.08,20:59:16:920,-36.34,81.22
73.49,8.38,20:59:17:042,-45.59,72.01
74.57,9.09,20:59:17:178,-45.52,52.93
74.62,8.60,20:59:17:305,-49.60,42.92
71.38,7.41,20:59:17:427,-60.95,41.56
71.78,8.97,20:59:17:545,666.00,24.66
71.65,8.85,20:59:17:663,666.00,21.35
71.25,8.31,20:59:17:779,666.00,19.37
71.26,8.37,20:59:17:897,666.00,18.92
71.13,8.30,20:59:18:012,666.00,18.59
71.14,8.21,20:59:18:135,666.00,18.22
71.00,8.08,20:59:18:253,666.00,18.22
71.07,8.38,20:59:18:380,666.00,18.31
71.01,8.35,20:59:18:500,666.00,18.42
70.88,8.37,20:59:18:618,666.00,19.24
70.97,8.42,20:59:18:734,666.00,23.17
71.65,8.29,20:59:18:852,-62.30,34.36
72.87,6.51,20:59:18:983,-59.68,47.40
73.13,6.08,20:59:19:096,-59.88,57.61
70.75,4.15,20:59:19:212,-62.89,87.54
72.53,3.82,20:59:19:332,-61.51,85.01
74.59,5.82,20:59:19:451,-54.80,89.96
76.54,6.65,20:59:19:575,-51.93,102.42
77.71,6.51,20:59:19:698,-49.52,109.14
79.98,6.94,20:59:19:813,-43.07,117.58
80.75,7.35,20:59:19:927,-39.21,117.78
81.47,7.69,20:59:20:037,-36.10,129.50
81.64,7.56,20:59:20:145,-39.23,118.72
81.86,7.97,20:59:20:259,-36.70,131.60
81.79,7.77,20:59:20:374,-35.21,118.80
81.79,7.96,20:59:20:492,-37.13,133.78
81.76,8.08,20:59:20:610,-34.81,123.49
81.85,7.92,20:59:20:724,-35.40,125.44
81.77,8.05,20:59:20:843,-37.30,130.23
81.51,7.92,20:59:20:959,-36.05,125.89
81.35,7.88,20:59:21:073,-37.45,111.48
80.34,7.02,20:59:21:185,-39.61,114.52
78.75,6.58,20:59:21:308,-42.34,101.52
76.88,6.27,20:59:21:424,-45.65,82.91
71.49,4.33,20:59:21:549,-58.44,80.73
74.21,6.10,20:59:21:665,-51.52,59.99
74.60,5.98,20:59:21:786,-55.06,48.05
72.93,4.80,20:59:21:904,-60.85,48.38
73.76,5.71,20:59:22:025,-65.31,31.91
73.37,5.74,20:59:22:144,666.00,24.56
72.97,5.80,20:59:22:260,666.00,21.01
72.53,5.58,20:59:22:377,666.00,19.30
72.10,6.34,20:59:22:494,666.00,19.46
72.05,6.39,20:59:22:610,666.00,19.23
72.00,6.77,20:59:22:729,666.00,19.32
71.87,6.86,20:59:22:848,666.00,19.21
71.66,6.95,20:59:22:967,666.00,19.31
71.32,6.82,20:59:23:082,666.00,19.41
71.07,6.90,20:59:23:201,666.00,19.44
70.78,6.79,20:59:23:319,666.00,20.80
70.50,7.09,20:59:23:447,666.00,27.27
70.25,7.45,20:59:23:566,-66.15,39.29
71.45,7.35,20:59:23:683,-59.07,53.12
71.91,7.58,20:59:23:798,-55.74,61.95
73.39,7.71,20:59:23:914,-52.88,74.01
73.76,7.71,20:59:24:035,-50.81,84.99
75.55,8.24,20:59:24:162,-47.13,91.46
77.16,8.59,20:59:24:279,-45.20,99.15
78.60,7.91,20:59:24:396,-43.63,102.68
81.00,7.91,20:59:24:512,-37.86,107.80
82.10,7.97,20:59:24:630,-35.24,114.01
83.03,8.50,20:59:24:741,-30.50,123.74
83.14,9.11,20:59:24:854,-27.95,126.08
83.25,8.71,20:59:24:980,-29.69,122.99
83.29,8.98,20:59:25:094,-30.32,127.78
83.34,7.83,20:59:25:208,-31.74,122.64
83.31,8.14,20:59:25:322,-30.44,122.91
83.23,8.41,20:59:25:444,-29.84,123.01
83.32,8.16,20:59:25:555,-28.99,121.96
83.17,7.96,20:59:25:676,-32.74,127.60
82.96,8.39,20:59:25:787,-31.82,126.31
82.65,9.01,20:59:25:906,-30.54,126.35
82.17,8.94,20:59:26:019,-29.06,115.10
80.87,7.98,20:59:26:147,-32.90,92.95
79.35,8.42,20:59:26:266,-32.15,86.44
71.65,5.95,20:59:26:382,-51.51,89.01
74.88,8.03,20:59:26:501,-42.67,67.61
74.92,7.97,20:59:26:635,-43.39,50.87
75.48,10.43,20:59:26:752,-44.40,47.68
71.39,9.77,20:59:26:867,-56.93,41.92
72.31,10.72,20:59:26:985,666.00,27.29
72.12,10.59,20:59:27:115,666.00,20.49
71.94,10.00,20:59:27:237,666.00,18.06
71.43,9.81,20:59:27:352,666.00,16.73
71.23,10.01,20:59:27:470,666.00,16.39
71.04,10.15,20:59:27:597,666.00,16.14
70.35,9.54,20:59:27:724,666.00,17.01
70.37,9.55,20:59:27:846,666.00,16.55
70.36,9.69,20:59:27:963,666.00,17.27
70.24,9.67,20:59:28:078,666.00,17.87
70.28,9.44,20:59:28:199,666.00,17.70
70.29,8.70,20:59:28:336,666.00,19.87
70.61,8.75,20:59:28:469,-68.01,31.35
71.70,8.50,20:59:28:590,-60.43,47.60
73.14,8.63,20:59:28:719,-55.43,67.57
72.90,8.39,20:59:28:852,-53.91,90.96
77.36,10.10,20:59:28:981,-43.53,94.94
78.54,10.33,20:59:29:101,-38.57,99.40
79.56,9.97,20:59:29:219,-35.90,105.96
80.29,9.57,20:59:29:341,-36.66,116.92
81.12,9.68,20:59:29:458,-34.33,120.85
81.35,9.65,20:59:29:581,-35.62,125.12
81.39,9.77,20:59:29:703,-30.51,131.21
81.37,9.92,20:59:29:820,-34.96,135.20
80.96,9.91,20:59:29:936,-36.03,131.36
80.50,9.64,20:59:30:049,-38.94,129.67
79.82,9.92,20:59:30:163,-39.38,130.93
79.89,9.93,20:59:30:280,-37.94,131.43
79.95,9.99,20:59:30:393,-35.88,130.53
80.21,10.36,20:59:30:510,-33.09,130.85
80.30,10.58,20:59:30:624,-33.46,133.40
80.26,10.99,20:59:30:735,-31.08,125.95
80.40,10.70,20:59:30:846,-29.00,119.75
79.07,9.98,20:59:30:958,-33.34,103.28
77.18,9.09,20:59:31:079,-37.95,85.84
71.98,7.07,20:59:31:199,-49.88,84.30
73.59,8.29,20:59:31:311,-45.93,61.71
73.79,8.87,20:59:31:426,-46.34,51.16
70.61,8.73,20:59:31:539,-54.90,53.38
70.35,9.37,20:59:31:653,-58.19,46.63
71.14,9.79,20:59:31:776,-63.34,30.31
71.19,9.73,20:59:31:893,666.00,25.13
70.88,9.32,20:59:32:013,666.00,19.47
70.41,8.83,20:59:32:130,666.00,18.26
69.97,8.95,20:59:32:247,666.00,17.09
69.93,8.87,20:59:32:370,666.00,16.73
69.90,8.64,20:59:32:495,666.00,16.04
69.69,8.49,20:59:32:613,666.00,16.02
69.79,8.27,20:59:32:732,666.00,15.82
69.51,8.20,20:59:32:850,666.00,17.47
69.83,8.02,20:59:32:975,666.00,24.13
70.36,7.75,20:59:33:097,-68.07,33.76
70.82,7.50,20:59:33:214,-62.16,50.07
71.90,7.57,20:59:33:329,-58.50,63.42
71.34,8.39,20:59:33:443,-56.23,85.43
71.09,2.91,20:59:33:556,-63.62,104.09
77.73,10.86,20:59:33:674,-38.47,96.24
77.93,10.59,20:59:33:793,-38.56,101.73
78.27,9.65,20:59:33:912,-40.59,108.56
78.31,9.46,20:59:34:026,-41.25,114.45
78.79,9.49,20:59:34:144,-38.64,120.38
79.26,9.58,20:59:34:272,-38.07,122.80
79.58,9.69,20:59:34:392,-37.30,125.47
79.54,9.51,20:59:34:509,-37.19,125.52
79.57,9.64,20:59:34:631,-36.50,125.40
79.86,10.02,20:59:34:743,-35.00,125.59
79.85,9.97,20:59:34:858,-36.26,121.63
79.89,9.79,20:59:34:974,-37.14,126.81
80.01,9.74,20:59:35:090,-36.92,126.83
80.16,9.65,20:59:35:212,-37.74,125.93
80.12,9.59,20:59:35:329,-37.50,126.27
80.05,10.05,20:59:35:437,-36.01,126.28
79.64,10.03,20:59:35:561,-36.68,124.26
78.94,9.51,20:59:35:675,-38.56,113.57
78.56,9.69,20:59:35:799,-36.45,102.21
77.60,9.11,20:59:35:916,-38.92,88.15
77.48,9.59,20:59:36:034,-38.14,74.71
75.82,8.45,20:59:36:150,-44.67,63.85
77.00,8.58,20:59:36:277,-45.00,48.42
75.30,7.95,20:59:36:390,-51.69,50.07
74.84,9.07,20:59:36:509,-54.33,41.37
76.25,9.65,20:59:36:628,666.00,27.67
75.64,9.73,20:59:36:748,666.00,21.97
75.00,10.55,20:59:36:881,666.00,19.91
75.04,10.49,20:59:37:000,666.00,19.46
75.01,10.63,20:59:37:114,666.00,19.11
74.84,11.14,20:59:37:230,666.00,19.09
74.39,10.59,20:59:37:349,666.00,19.21
74.63,10.20,20:59:37:474,666.00,19.10
74.40,10.14,20:59:37:595,666.00,19.15
74.35,10.48,20:59:37:709,666.00,19.54
74.13,10.59,20:59:37:831,666.00,24.83
74.33,11.27,20:59:37:962,-53.79,35.90
76.07,10.33,20:59:38:077,-48.62,46.03
76.20,10.21,20:59:38:192,-48.88,62.92
77.12,9.71,20:59:38:315,-46.52,78.27
77.22,9.79,20:59:38:427,-43.39,80.04
77.88,9.73,20:59:38:544,-40.99,94.44
78.73,9.54,20:59:38:661,-39.94,99.93
80.04,9.23,20:59:38:777,-38.07,113.01
80.72,9.24,20:59:38:893,-35.77,113.59
81.63,9.39,20:59:39:007,-33.06,124.11
82.03,9.52,20:59:39:120,-30.69,122.83
82.41,9.32,20:59:39:245,-30.06,123.48
82.54,9.59,20:59:39:367,-29.40,124.35
82.42,9.97,20:59:39:479,-28.83,120.69
82.29,9.86,20:59:39:594,-29.93,124.53
82.18,9.86,20:59:39:715,-30.11,124.91
82.02,9.94,20:59:39:830,-30.42,124.90
82.19,9.82,20:59:39:950,-31.77,125.25
82.16,9.78,20:59:40:062,-32.21,123.47
82.05,9.71,20:59:40:182,-31.91,123.18
81.82,9.75,20:59:40:296,-31.26,121.64
80.82,9.51,20:59:40:408,-32.48,107.80
80.72,9.67,20:59:40:523,-31.54,104.24
79.16,9.95,20:59:40:642,-32.99,89.61
74.96,10.21,20:59:40:761,-42.18,87.56
74.50,10.49,20:59:40:879,-42.96,74.61
76.65,11.14,20:59:40:997,-36.52,59.68
77.39,10.81,20:59:41:113,-36.28,47.06
77.38,10.72,20:59:41:234,-40.53,39.95
73.38,10.70,20:59:41:355,-51.64,41.94
74.78,12.09,20:59:41:475,666.00,28.08
74.66,11.59,20:59:41:600,666.00,22.97
74.11,11.24,20:59:41:720,666.00,19.60
73.77,11.35,20:59:41:845,666.00,18.83
73.46,11.13,20:59:41:967,666.00,18.64
73.36,10.96,20:59:42:084,666.00,18.71
73.13,11.20,20:59:42:198,666.00,18.94
73.04,11.22,20:59:42:322,666.00,18.98
72.90,11.28,20:59:42:443,666.00,19.15
72.76,11.17,20:59:42:562,666.00,19.25
72.50,10.83,20:59:42:680,666.00,21.30
72.60,10.66,20:59:42:799,666.00,27.37
73.23,10.31,20:59:42:911,-54.22,40.02
74.32,9.80,20:59:43:028,-51.12,50.49
74.76,10.59,20:59:43:143,-46.05,68.65
74.29,10.32,20:59:43:268,-46.70,78.31
73.09,9.56,20:59:43:385,-48.26,94.65
77.28,10.62,20:59:43:503,-37.40,88.92
78.67,11.52,20:59:43:617,-31.94,94.74
79.52,11.98,20:59:43:734,-28.08,98.11
80.54,11.55,20:59:43:850,-25.24,111.45
81.38,11.04,20:59:43:973,-22.93,110.88
82.09,11.39,20:59:44:090,-22.81,123.61
82.61,11.88,20:59:44:206,-18.76,123.70
82.98,12.67,20:59:44:318,-16.26,124.42
83.33,12.44,20:59:44:428,-15.22,118.94
83.67,12.91,20:59:44:546,-13.38,118.19
83.60,13.63,20:59:44:664,-15.34,117.75
83.52,14.04,20:59:44:776,-12.43,125.33
83.42,13.81,20:59:44:890,-12.21,116.24
83.21,12.79,20:59:45:007,-15.09,117.92
83.19,12.78,20:59:45:124,-14.50,124.19
83.02,11.95,20:59:45:240,-19.16,120.40
82.51,11.47,20:59:45:358,-21.14,115.12
81.21,10.65,20:59:45:486,-25.24,104.47
79.78,10.66,20:59:45:613,-29.47,92.77
72.64,8.60,20:59:45:731,-46.89,93.68
73.90,8.49,20:59:45:846,-46.42,78.39
75.23,9.27,20:59:45:961,-42.86,69.56
76.72,9.83,20:59:46:075,-39.92,51.26
76.82,9.78,20:59:46:198,-41.91,44.36
73.28,8.44,20:59:46:314,-53.39,47.51
73.34,9.50,20:59:46:431,-56.46,43.31
74.39,10.62,20:59:46:550,666.00,27.22
74.15,10.98,20:59:46:663,666.00,24.02
73.49,10.52,20:59:46:781,666.00,20.22
73.31,10.04,20:59:46:913,666.00,17.85
73.24,9.88,20:59:47:029,666.00,17.30
73.33,9.86,20:59:47:146,666.00,17.60
73.30,9.97,20:59:47:261,666.00,17.66
73.29,9.96,20:59:47:384,666.00,17.90
73.22,9.75,20:59:47:504,666.00,17.74
73.08,9.79,20:59:47:630,666.00,18.04
73.26,9.75,20:59:47:743,666.00,17.90
73.16,9.79,20:59:47:867,666.00,18.25
73.17,9.59,20:59:47:992,666.00,18.04
73.14,9.51,20:59:48:123,666.00,17.80
73.10,9.99,20:59:48:239,666.00,17.91
72.88,10.22,20:59:48:357,666.00,18.08
73.00,10.04,20:59:48:476,666.00,18.13
73.16,9.83,20:59:48:603,666.00,17.97
73.04,9.67,20:59:48:725,666.00,18.01
73.06,9.65,20:59:48:846,666.00,17.81
73.05,9.52,20:59:48:982,666.00,17.70
72.95,9.61,20:59:49:111,666.00,17.52
72.93,9.57,20:59:49:219,666.00,17.74
72.88,9.30,20:59:49:326,666.00,17.73
72.88,9.53,20:59:49:438,666.00,18.08
72.93,9.57,20:59:49:543,666.00,17.76
72.77,10.05,20:59:49:926,666.00,17.61
72.93,9.81,20:59:50:119,666.00,17.61
72.99,9.43,20:59:50:282,666.00,17.31
72.96,9.67,20:59:50:423,666.00,17.49
72.95,9.43,20:59:50:529,666.00,17.20
72.86,9.76,20:59:50:636,666.00,17.19
