11.47,-5.78,666.00,20.45,22-05-23-06-25-01-843
11.45,-5.71,666.00,20.44,22-05-23-06-25-01-855
11.42,-5.63,666.00,20.43,22-05-23-06-25-01-890
11.40,-5.54,666.00,20.41,22-05-23-06-25-01-924
11.38,-5.45,666.00,20.39,22-05-23-06-25-01-958
11.36,-5.35,666.00,20.38,22-05-23-06-25-01-990
11.36,-5.24,666.00,20.37,22-05-23-06-25-02-025
11.35,-5.14,666.00,20.36,22-05-23-06-25-02-055
11.35,-5.04,666.00,20.35,22-05-23-06-25-02-092
11.35,-4.95,666.00,20.33,22-05-23-06-25-02-125
11.34,-4.87,666.00,20.32,22-05-23-06-25-02-154
11.34,-4.80,666.00,20.29,22-05-23-06-25-02-192
11.33,-4.73,666.00,20.26,22-05-23-06-25-02-224
11.32,-4.68,666.00,20.15,22-05-23-06-25-02-256
11.32,-4.65,666.00,19.78,22-05-23-06-25-02-293
11.32,-4.65,666.00,18.98,22-05-23-06-25-02-323
11.36,-4.76,666.00,17.54,22-05-23-06-25-02-356
11.52,-5.21,666.00,16.93,22-05-23-06-25-02-388
12.29,-7.00,666.00,17.58,22-05-23-06-25-02-424
14.90,-9.61,666.00,18.60,22-05-23-06-25-02-458
18.63,-11.14,666.00,20.10,22-05-23-06-25-02-489
23.11,-11.53,666.00,20.06,22-05-23-06-25-02-525
28.01,-11.23,666.00,18.98,22-05-23-06-25-02-561
31.88,-10.70,666.00,19.40,22-05-23-06-25-02-588
36.23,-10.09,666.00,17.89,22-05-23-06-25-02-625
40.03,-9.45,666.00,16.74,22-05-23-06-25-02-659
43.05,-8.90,666.00,16.71,22-05-23-06-25-02-687
45.94,-8.44,666.00,15.83,22-05-23-06-25-02-725
49.54,-8.07,666.00,16.28,22-05-23-06-25-02-755
51.80,-7.57,666.00,15.50,22-05-23-06-25-02-790
53.96,-7.10,666.00,14.72,22-05-23-06-25-02-822
55.95,-6.71,666.00,13.62,22-05-23-06-25-02-857
57.90,-6.37,666.00,12.62,22-05-23-06-25-02-890
59.49,-6.11,666.00,11.98,22-05-23-06-25-02-923
61.03,-5.95,666.00,12.20,22-05-23-06-25-02-957
62.44,-5.76,666.00,11.85,22-05-23-06-25-02-991
63.86,-5.55,666.00,11.03,22-05-23-06-25-03-023
66.03,-5.44,666.00,8.26,22-05-23-06-25-03-056
67.43,-5.28,666.00,7.27,22-05-23-06-25-03-090
68.71,-5.16,666.00,6.75,22-05-23-06-25-03-123
69.78,-4.91,666.00,7.15,22-05-23-06-25-03-159
71.06,-4.82,666.00,6.62,22-05-23-06-25-03-190
72.23,-4.64,666.00,5.95,22-05-23-06-25-03-222
73.42,-4.47,666.00,5.16,22-05-23-06-25-03-259
74.26,-4.28,666.00,4.53,22-05-23-06-25-03-290
75.54,-4.07,666.00,9.70,22-05-23-06-25-03-325
76.45,-3.72,666.00,9.13,22-05-23-06-25-03-356
77.02,-3.37,666.00,9.28,22-05-23-06-25-03-389
77.32,-2.98,666.00,9.38,22-05-23-06-25-03-426
77.48,-2.61,666.00,9.47,22-05-23-06-25-03-456
77.55,-2.28,666.00,9.48,22-05-23-06-25-03-491
77.56,-1.98,666.00,9.34,22-05-23-06-25-03-524
77.52,-1.69,666.00,7.29,22-05-23-06-25-03-557
77.46,-1.41,666.00,5.58,22-05-23-06-25-03-592
77.37,-1.11,666.00,4.43,22-05-23-06-25-03-630
77.26,-0.81,666.00,3.71,22-05-23-06-25-03-654
77.13,-0.51,666.00,3.23,22-05-23-06-25-03-690
76.98,-0.20,666.00,2.89,22-05-23-06-25-03-725
76.84,0.09,666.00,2.64,22-05-23-06-25-03-754
76.71,0.40,666.00,2.52,22-05-23-06-25-03-793
76.59,0.68,666.00,2.53,22-05-23-06-25-03-825
76.48,0.90,666.00,3.03,22-05-23-06-25-03-858
76.39,1.10,666.00,8.13,22-05-23-06-25-03-893
76.34,1.30,666.00,11.83,22-05-23-06-25-03-926
76.28,1.49,666.00,14.94,22-05-23-06-25-03-957
76.23,1.67,666.00,17.87,22-05-23-06-25-03-989
76.18,1.81,666.00,20.95,22-05-23-06-25-04-025
76.13,1.93,666.00,23.85,22-05-23-06-25-04-059
76.09,2.02,74.96,35.90,22-05-23-06-25-04-088
76.06,2.08,75.66,44.17,22-05-23-06-25-04-123
76.04,2.11,76.32,52.04,22-05-23-06-25-04-158
76.05,2.11,77.89,64.42,22-05-23-06-25-04-188
76.07,2.10,77.76,78.22,22-05-23-06-25-04-228
76.10,2.07,77.34,86.19,22-05-23-06-25-04-254
76.13,2.03,77.55,97.04,22-05-23-06-25-04-288
76.18,2.00,77.81,104.95,22-05-23-06-25-04-326
76.28,1.97,77.84,112.21,22-05-23-06-25-04-355
76.45,1.96,77.70,117.20,22-05-23-06-25-04-390
76.63,1.95,77.49,121.07,22-05-23-06-25-04-427
76.83,1.94,77.12,126.54,22-05-23-06-25-04-455
77.03,1.93,76.90,129.54,22-05-23-06-25-04-489
77.20,1.94,76.84,132.02,22-05-23-06-25-04-526
77.34,1.93,75.66,141.66,22-05-23-06-25-04-557
77.46,1.95,75.15,145.95,22-05-23-06-25-04-589
77.56,2.03,72.84,147.04,22-05-23-06-25-04-626
77.60,2.12,71.28,146.92,22-05-23-06-25-04-660
77.60,2.24,70.38,146.96,22-05-23-06-25-04-688
77.40,2.49,69.42,146.77,22-05-23-06-25-04-724
77.21,2.78,68.46,146.59,22-05-23-06-25-04-757
77.01,3.13,67.45,146.30,22-05-23-06-25-04-788
76.78,3.39,66.96,146.01,22-05-23-06-25-04-824
76.59,3.61,66.58,145.82,22-05-23-06-25-04-858
76.37,3.77,66.46,145.66,22-05-23-06-25-04-889
76.13,3.88,66.61,145.55,22-05-23-06-25-04-924
75.76,3.95,67.03,145.58,22-05-23-06-25-04-954
75.36,3.98,67.65,145.69,22-05-23-06-25-04-992
75.15,4.04,67.86,145.71,22-05-23-06-25-05-023
75.01,4.09,68.00,145.71,22-05-23-06-25-05-055
74.89,4.11,68.18,145.71,22-05-23-06-25-05-091
74.83,4.10,68.42,145.68,22-05-23-06-25-05-125
74.78,4.08,68.67,145.65,22-05-23-06-25-05-156
74.75,4.05,68.93,145.60,22-05-23-06-25-05-188
74.73,4.00,71.23,143.74,22-05-23-06-25-05-221
74.75,3.92,72.89,141.16,22-05-23-06-25-05-256
74.78,3.80,73.90,130.48,22-05-23-06-25-05-288
74.84,3.65,74.61,125.19,22-05-23-06-25-05-323
74.90,3.48,75.05,121.52,22-05-23-06-25-05-359
74.99,3.29,76.33,117.46,22-05-23-06-25-05-387
75.08,3.08,77.22,107.97,22-05-23-06-25-05-424
75.17,2.88,78.21,100.35,22-05-23-06-25-05-455
75.26,2.64,78.69,95.05,22-05-23-06-25-05-487
75.36,2.39,79.47,83.97,22-05-23-06-25-05-524
75.45,2.17,80.17,77.02,22-05-23-06-25-05-556
75.54,1.96,80.81,72.51,22-05-23-06-25-05-592
75.63,1.76,81.81,60.23,22-05-23-06-25-05-625
75.70,1.58,82.36,54.98,22-05-23-06-25-05-657
75.76,1.42,82.93,50.92,22-05-23-06-25-05-688
75.81,1.30,83.56,48.87,22-05-23-06-25-05-725
75.84,1.19,84.63,44.41,22-05-23-06-25-05-757
75.88,1.11,85.22,41.67,22-05-23-06-25-05-788
75.93,1.03,85.86,39.00,22-05-23-06-25-05-823
75.98,0.96,666.00,29.72,22-05-23-06-25-05-857
76.05,0.91,666.00,25.38,22-05-23-06-25-05-889
76.20,0.90,666.00,22.08,22-05-23-06-25-05-925
76.53,0.93,666.00,15.90,22-05-23-06-25-05-960
76.76,0.95,666.00,11.84,22-05-23-06-25-05-988
76.87,0.97,666.00,9.19,22-05-23-06-25-06-024
76.96,0.97,666.00,7.18,22-05-23-06-25-06-056
77.02,0.95,666.00,5.62,22-05-23-06-25-06-088
77.05,0.94,666.00,4.54,22-05-23-06-25-06-124
77.07,0.94,666.00,4.03,22-05-23-06-25-06-155
77.08,0.95,666.00,2.76,22-05-23-06-25-06-191
77.06,0.95,666.00,2.31,22-05-23-06-25-06-227
77.01,0.92,666.00,2.50,22-05-23-06-25-06-257
76.96,0.89,666.00,2.82,22-05-23-06-25-06-290
76.91,0.86,666.00,3.12,22-05-23-06-25-06-323
76.85,0.82,666.00,3.36,22-05-23-06-25-06-357
76.80,0.77,666.00,3.55,22-05-23-06-25-06-390
76.74,0.74,666.00,3.69,22-05-23-06-25-06-424
76.69,0.71,666.00,3.78,22-05-23-06-25-06-454
76.65,0.67,666.00,3.86,22-05-23-06-25-06-491
76.60,0.65,666.00,3.93,22-05-23-06-25-06-525
76.57,0.62,666.00,2.58,22-05-23-06-25-06-557
76.53,0.59,666.00,2.88,22-05-23-06-25-06-588
76.51,0.57,666.00,3.68,22-05-23-06-25-06-624
76.48,0.54,666.00,4.37,22-05-23-06-25-06-657
76.46,0.52,666.00,4.76,22-05-23-06-25-06-692
76.43,0.51,666.00,5.06,22-05-23-06-25-06-725
76.40,0.51,666.00,5.29,22-05-23-06-25-06-758
76.37,0.52,666.00,5.49,22-05-23-06-25-06-790
76.33,0.54,666.00,5.75,22-05-23-06-25-06-822
76.28,0.56,666.00,7.02,22-05-23-06-25-06-858
76.22,0.58,666.00,17.98,22-05-23-06-25-06-892
76.17,0.60,666.00,23.98,22-05-23-06-25-06-924
76.13,0.61,94.38,31.29,22-05-23-06-25-06-958
76.08,0.61,93.76,34.86,22-05-23-06-25-06-987
76.03,0.61,93.29,37.59,22-05-23-06-25-07-023
75.96,0.60,93.36,40.49,22-05-23-06-25-07-055
75.87,0.55,93.78,42.69,22-05-23-06-25-07-089
75.71,0.44,94.15,45.18,22-05-23-06-25-07-123
75.57,0.32,94.19,49.53,22-05-23-06-25-07-155
75.50,0.19,94.31,64.99,22-05-23-06-25-07-189
75.46,0.05,94.52,71.99,22-05-23-06-25-07-224
75.44,-0.15,93.86,82.73,22-05-23-06-25-07-257
75.43,-0.33,93.83,88.14,22-05-23-06-25-07-289
75.43,-0.48,93.95,92.66,22-05-23-06-25-07-324
75.47,-0.59,94.00,100.79,22-05-23-06-25-07-359
75.54,-0.67,93.81,106.53,22-05-23-06-25-07-391
75.68,-0.76,93.70,112.57,22-05-23-06-25-07-425
75.84,-0.83,93.64,116.90,22-05-23-06-25-07-457
76.03,-0.88,93.69,121.22,22-05-23-06-25-07-489
76.24,-0.91,93.32,126.73,22-05-23-06-25-07-524
76.47,-0.92,93.20,129.81,22-05-23-06-25-07-558
76.81,-0.87,91.35,136.20,22-05-23-06-25-07-589
77.08,-0.79,90.71,138.87,22-05-23-06-25-07-624
77.29,-0.69,90.12,140.38,22-05-23-06-25-07-660
77.54,-0.58,89.53,141.36,22-05-23-06-25-07-688
77.77,-0.41,88.80,141.92,22-05-23-06-25-07-723
77.87,-0.22,87.46,142.95,22-05-23-06-25-07-757
77.81,-0.01,86.12,143.82,22-05-23-06-25-07-790
77.75,0.36,84.05,144.52,22-05-23-06-25-07-825
77.61,0.70,82.20,145.10,22-05-23-06-25-07-856
77.48,1.07,80.36,145.54,22-05-23-06-25-07-890
77.25,1.36,78.94,145.99,22-05-23-06-25-07-925
76.97,1.58,77.90,146.44,22-05-23-06-25-07-956
76.65,1.76,77.11,146.88,22-05-23-06-25-07-991
76.49,1.90,76.40,147.14,22-05-23-06-25-08-028
76.28,2.02,75.85,147.41,22-05-23-06-25-08-055
76.06,2.10,75.48,147.67,22-05-23-06-25-08-091
75.84,2.15,75.30,147.89,22-05-23-06-25-08-129
75.81,2.19,79.41,145.22,22-05-23-06-25-08-155
75.83,2.19,81.80,143.32,22-05-23-06-25-08-195
75.88,2.14,83.86,140.91,22-05-23-06-25-08-223
75.96,2.08,85.45,136.52,22-05-23-06-25-08-255
76.07,1.98,86.06,128.78,22-05-23-06-25-08-290
76.18,1.84,86.00,122.73,22-05-23-06-25-08-324
76.30,1.69,86.63,113.24,22-05-23-06-25-08-356
76.39,1.50,87.32,107.25,22-05-23-06-25-08-388
76.43,1.28,88.21,97.52,22-05-23-06-25-08-424
76.41,1.02,89.23,92.29,22-05-23-06-25-08-457
76.35,0.73,90.77,86.72,22-05-23-06-25-08-489
76.27,0.42,92.69,79.13,22-05-23-06-25-08-524
76.19,0.10,94.09,73.82,22-05-23-06-25-08-557
76.11,-0.20,95.40,63.54,22-05-23-06-25-08-590
76.03,-0.49,97.55,53.76,22-05-23-06-25-08-625
75.92,-0.77,98.79,50.42,22-05-23-06-25-08-658
75.83,-1.02,101.09,44.10,22-05-23-06-25-08-691
75.76,-1.24,102.35,41.05,22-05-23-06-25-08-734
75.71,-1.43,103.36,38.59,22-05-23-06-25-08-768
75.67,-1.58,104.05,36.66,22-05-23-06-25-08-790
75.64,-1.70,666.00,29.64,22-05-23-06-25-08-822
75.61,-1.78,666.00,26.20,22-05-23-06-25-08-857
75.63,-1.83,666.00,23.47,22-05-23-06-25-08-891
75.66,-1.86,666.00,21.01,22-05-23-06-25-08-923
75.71,-1.89,666.00,18.74,22-05-23-06-25-08-955
75.73,-1.90,666.00,16.44,22-05-23-06-25-08-988
75.75,-1.87,666.00,6.90,22-05-23-06-25-09-023
75.73,-1.83,666.00,4.89,22-05-23-06-25-09-058
75.71,-1.81,666.00,5.11,22-05-23-06-25-09-091
75.68,-1.82,666.00,5.75,22-05-23-06-25-09-124
75.64,-1.85,666.00,6.33,22-05-23-06-25-09-158
75.57,-1.87,666.00,6.63,22-05-23-06-25-09-191
75.47,-1.93,666.00,6.61,22-05-23-06-25-09-223
75.38,-1.99,666.00,6.47,22-05-23-06-25-09-257
75.28,-2.04,666.00,6.18,22-05-23-06-25-09-289
75.18,-2.08,666.00,5.86,22-05-23-06-25-09-325
75.09,-2.12,666.00,5.56,22-05-23-06-25-09-357
75.01,-2.17,666.00,5.27,22-05-23-06-25-09-389
74.93,-2.19,666.00,5.03,22-05-23-06-25-09-424
74.84,-2.23,666.00,4.81,22-05-23-06-25-09-457
74.76,-2.25,666.00,4.63,22-05-23-06-25-09-490
74.68,-2.25,666.00,4.47,22-05-23-06-25-09-523
74.55,-2.24,666.00,4.29,22-05-23-06-25-09-558
74.42,-2.22,666.00,4.11,22-05-23-06-25-09-593
74.26,-2.14,666.00,3.98,22-05-23-06-25-09-625
74.09,-2.08,666.00,3.97,22-05-23-06-25-09-653
73.94,-2.02,666.00,15.88,22-05-23-06-25-09-686
73.78,-1.98,666.00,22.09,22-05-23-06-25-09-725
73.65,-1.95,666.00,25.22,22-05-23-06-25-09-756
73.52,-1.92,666.00,27.82,22-05-23-06-25-09-787
73.40,-1.89,106.81,36.34,22-05-23-06-25-09-825
73.31,-1.89,105.80,40.60,22-05-23-06-25-09-858
73.23,-1.94,104.36,52.13,22-05-23-06-25-09-891
73.17,-2.03,104.30,55.64,22-05-23-06-25-09-925
73.18,-2.21,104.54,58.29,22-05-23-06-25-09-955
73.40,-2.58,105.54,60.10,22-05-23-06-25-09-989
73.75,-2.98,105.77,74.23,22-05-23-06-25-10-023
74.12,-3.30,105.87,86.16,22-05-23-06-25-10-058
74.51,-3.56,106.02,94.99,22-05-23-06-25-10-087
75.14,-3.79,107.13,100.13,22-05-23-06-25-10-123
76.02,-3.96,108.14,104.12,22-05-23-06-25-10-157
76.88,-4.05,109.24,110.11,22-05-23-06-25-10-189
77.97,-4.09,110.48,113.74,22-05-23-06-25-10-224
79.09,-4.09,112.13,116.00,22-05-23-06-25-10-258
80.91,-4.24,116.27,118.90,22-05-23-06-25-10-288
82.01,-4.28,120.22,122.51,22-05-23-06-25-10-324
82.53,-4.26,122.55,125.10,22-05-23-06-25-10-357
82.86,-4.20,124.05,127.09,22-05-23-06-25-10-391
83.02,-4.07,124.35,139.07,22-05-23-06-25-10-424
82.93,-3.82,122.69,144.34,22-05-23-06-25-10-457
82.63,-3.49,117.09,145.65,22-05-23-06-25-10-491
82.12,-3.05,111.80,146.54,22-05-23-06-25-10-523
81.48,-2.63,107.59,145.91,22-05-23-06-25-10-556
80.75,-2.21,104.09,146.31,22-05-23-06-25-10-590
80.01,-1.82,101.53,146.35,22-05-23-06-25-10-624
79.31,-1.47,99.69,146.21,22-05-23-06-25-10-656
78.82,-1.22,100.34,150.72,22-05-23-06-25-10-688
78.33,-0.99,95.52,158.42,22-05-23-06-25-10-725
77.89,-0.76,94.10,159.95,22-05-23-06-25-10-758
77.48,-0.55,89.83,163.34,22-05-23-06-25-10-790
77.10,-0.35,85.74,165.58,22-05-23-06-25-10-824
76.73,-0.15,81.58,167.16,22-05-23-06-25-10-859
76.49,0.00,78.23,168.17,22-05-23-06-25-10-891
76.26,0.14,75.37,168.87,22-05-23-06-25-10-922
76.08,0.26,72.97,169.33,22-05-23-06-25-10-957
75.90,0.38,71.06,169.59,22-05-23-06-25-10-988
75.74,0.48,69.72,169.67,22-05-23-06-25-11-023
75.63,0.57,68.87,169.65,22-05-23-06-25-11-060
75.53,0.63,68.39,169.58,22-05-23-06-25-11-090
75.46,0.68,84.64,154.24,22-05-23-06-25-11-124
75.44,0.71,86.59,148.36,22-05-23-06-25-11-159
75.50,0.71,89.98,144.68,22-05-23-06-25-11-189
75.78,0.62,94.21,135.46,22-05-23-06-25-11-225
76.07,0.46,96.01,131.20,22-05-23-06-25-11-255
76.42,0.20,97.37,128.70,22-05-23-06-25-11-291
76.75,-0.11,97.61,124.92,22-05-23-06-25-11-323
77.00,-0.42,97.75,122.08,22-05-23-06-25-11-357
77.19,-0.70,97.93,119.64,22-05-23-06-25-11-389
77.33,-0.94,98.00,116.15,22-05-23-06-25-11-423
77.46,-1.15,97.67,110.91,22-05-23-06-25-11-455
77.45,-1.37,97.94,103.56,22-05-23-06-25-11-489
77.28,-1.59,98.19,94.00,22-05-23-06-25-11-526
77.03,-1.81,98.54,89.56,22-05-23-06-25-11-554
76.80,-1.98,98.72,85.53,22-05-23-06-25-11-590
76.62,-2.12,98.14,77.10,22-05-23-06-25-11-625
76.45,-2.22,98.08,73.43,22-05-23-06-25-11-657
76.31,-2.29,97.98,70.10,22-05-23-06-25-11-701
76.16,-2.32,98.18,58.29,22-05-23-06-25-11-725
76.00,-2.30,97.12,48.05,22-05-23-06-25-11-760
75.85,-2.24,96.71,45.29,22-05-23-06-25-11-788
75.71,-2.16,96.31,41.19,22-05-23-06-25-11-826
75.57,-2.05,95.96,38.98,22-05-23-06-25-11-858
75.44,-1.93,95.58,37.45,22-05-23-06-25-11-891
75.30,-1.81,95.06,36.15,22-05-23-06-25-11-925
75.18,-1.68,95.02,35.03,22-05-23-06-25-11-958
75.09,-1.50,666.00,27.36,22-05-23-06-25-11-990
75.03,-1.28,666.00,24.07,22-05-23-06-25-12-026
75.03,-1.00,666.00,20.78,22-05-23-06-25-12-056
75.06,-0.68,666.00,17.96,22-05-23-06-25-12-088
75.08,-0.40,666.00,14.20,22-05-23-06-25-12-124
75.09,-0.18,666.00,3.30,22-05-23-06-25-12-157
75.08,-0.01,666.00,2.92,22-05-23-06-25-12-190
75.06,0.12,666.00,5.35,22-05-23-06-25-12-222
75.03,0.22,666.00,6.01,22-05-23-06-25-12-254
74.99,0.30,666.00,6.14,22-05-23-06-25-12-289
74.94,0.34,666.00,5.31,22-05-23-06-25-12-324
74.89,0.37,666.00,4.91,22-05-23-06-25-12-356
74.83,0.39,666.00,4.34,22-05-23-06-25-12-392
74.78,0.41,666.00,3.86,22-05-23-06-25-12-423
74.71,0.43,666.00,3.72,22-05-23-06-25-12-458
74.62,0.44,666.00,3.73,22-05-23-06-25-12-492
74.52,0.45,666.00,3.76,22-05-23-06-25-12-525
74.41,0.44,666.00,3.85,22-05-23-06-25-12-556
74.30,0.43,666.00,3.97,22-05-23-06-25-12-590
74.15,0.41,666.00,4.16,22-05-23-06-25-12-624
74.00,0.37,666.00,17.88,22-05-23-06-25-12-655
73.86,0.33,666.00,23.80,22-05-23-06-25-12-692
73.73,0.27,666.00,28.11,22-05-23-06-25-12-725
73.62,0.20,100.02,32.04,22-05-23-06-25-12-754
73.53,0.13,97.53,39.40,22-05-23-06-25-12-789
73.46,0.04,96.98,43.61,22-05-23-06-25-12-825
73.40,-0.06,96.54,48.39,22-05-23-06-25-12-857
73.37,-0.19,96.44,54.19,22-05-23-06-25-12-892
73.38,-0.36,96.44,58.94,22-05-23-06-25-12-924
73.52,-0.61,95.37,73.55,22-05-23-06-25-12-957
73.75,-0.89,95.14,84.42,22-05-23-06-25-12-988
73.99,-1.15,95.52,89.84,22-05-23-06-25-13-025
74.25,-1.42,96.27,93.39,22-05-23-06-25-13-057
74.61,-1.75,98.16,99.41,22-05-23-06-25-13-090
75.07,-2.11,99.68,104.17,22-05-23-06-25-13-127
75.59,-2.43,101.28,108.63,22-05-23-06-25-13-155
76.10,-2.70,102.66,112.54,22-05-23-06-25-13-189
76.56,-2.91,103.73,114.86,22-05-23-06-25-13-225
76.97,-3.09,104.70,116.75,22-05-23-06-25-13-256
77.29,-3.21,105.31,118.77,22-05-23-06-25-13-293
77.55,-3.31,105.80,120.99,22-05-23-06-25-13-326
77.75,-3.37,106.48,123.43,22-05-23-06-25-13-354
77.91,-3.41,107.59,125.83,22-05-23-06-25-13-389
78.04,-3.42,108.56,127.70,22-05-23-06-25-13-427
78.14,-3.41,109.03,128.71,22-05-23-06-25-13-455
78.22,-3.39,109.38,129.46,22-05-23-06-25-13-489
78.29,-3.36,108.60,138.79,22-05-23-06-25-13-527
78.33,-3.32,108.66,140.14,22-05-23-06-25-13-555
78.33,-3.26,108.60,140.79,22-05-23-06-25-13-591
78.07,-3.09,107.58,141.30,22-05-23-06-25-13-626
77.70,-2.87,106.30,141.60,22-05-23-06-25-13-658
77.29,-2.66,104.97,141.75,22-05-23-06-25-13-688
76.91,-2.46,103.96,140.63,22-05-23-06-25-13-723
76.52,-2.23,102.86,139.73,22-05-23-06-25-13-755
76.18,-2.01,101.77,139.09,22-05-23-06-25-13-790
75.87,-1.78,100.67,138.65,22-05-23-06-25-13-822
75.70,-1.53,96.93,144.74,22-05-23-06-25-13-856
75.64,-1.28,95.36,145.95,22-05-23-06-25-13-887
75.53,-1.03,94.27,146.04,22-05-23-06-25-13-927
75.40,-0.79,93.41,145.81,22-05-23-06-25-13-959
75.26,-0.57,92.74,145.40,22-05-23-06-25-13-990
75.09,-0.35,92.20,144.93,22-05-23-06-25-14-026
74.92,-0.15,91.74,144.48,22-05-23-06-25-14-055
74.77,0.01,91.40,144.70,22-05-23-06-25-14-090
74.65,0.15,90.95,145.80,22-05-23-06-25-14-124
74.63,0.21,90.73,146.48,22-05-23-06-25-14-156
74.64,0.20,93.14,137.57,22-05-23-06-25-14-187
74.80,0.11,93.61,130.56,22-05-23-06-25-14-222
75.06,0.00,93.09,124.00,22-05-23-06-25-14-257
75.32,-0.11,92.81,118.22,22-05-23-06-25-14-289
75.51,-0.24,92.75,110.87,22-05-23-06-25-14-322
75.57,-0.40,93.05,99.22,22-05-23-06-25-14-356
75.43,-0.65,93.65,92.20,22-05-23-06-25-14-391
75.25,-0.90,93.95,87.31,22-05-23-06-25-14-426
75.13,-1.13,94.56,79.78,22-05-23-06-25-14-458
75.06,-1.30,95.15,74.84,22-05-23-06-25-14-489
75.01,-1.44,95.36,70.50,22-05-23-06-25-14-523
74.95,-1.54,96.86,56.97,22-05-23-06-25-14-556
74.91,-1.61,96.76,47.79,22-05-23-06-25-14-588
74.95,-1.61,96.99,44.34,22-05-23-06-25-14-624
74.99,-1.60,96.94,41.08,22-05-23-06-25-14-657
75.06,-1.57,96.74,38.31,22-05-23-06-25-14-688
75.16,-1.49,93.78,30.26,22-05-23-06-25-14-727
75.29,-1.39,666.00,26.57,22-05-23-06-25-14-756
75.45,-1.26,666.00,23.29,22-05-23-06-25-14-790
75.63,-1.09,666.00,20.47,22-05-23-06-25-14-826
75.82,-0.90,666.00,17.79,22-05-23-06-25-14-854
75.99,-0.72,666.00,15.18,22-05-23-06-25-14-894
76.14,-0.57,666.00,12.83,22-05-23-06-25-14-929
76.28,-0.44,666.00,3.42,22-05-23-06-25-14-957
76.38,-0.29,666.00,0.19,22-05-23-06-25-14-993
76.45,-0.14,666.00,1.85,22-05-23-06-25-15-024
76.50,0.01,666.00,3.11,22-05-23-06-25-15-056
76.55,0.15,666.00,5.86,22-05-23-06-25-15-093
76.58,0.26,666.00,7.12,22-05-23-06-25-15-126
76.62,0.35,666.00,7.97,22-05-23-06-25-15-154
76.66,0.42,666.00,8.49,22-05-23-06-25-15-191
76.71,0.48,666.00,8.77,22-05-23-06-25-15-225
76.77,0.51,666.00,6.27,22-05-23-06-25-15-256
76.83,0.52,666.00,6.19,22-05-23-06-25-15-295
76.89,0.52,666.00,6.20,22-05-23-06-25-15-325
76.93,0.51,666.00,6.51,22-05-23-06-25-15-360
76.94,0.49,666.00,7.98,22-05-23-06-25-15-394
76.93,0.47,666.00,12.54,22-05-23-06-25-15-425
76.91,0.43,666.00,16.13,22-05-23-06-25-15-455
76.87,0.37,666.00,18.84,22-05-23-06-25-15-489
76.81,0.30,666.00,21.20,22-05-23-06-25-15-526
76.75,0.17,98.26,36.07,22-05-23-06-25-15-558
76.70,-0.03,98.86,40.52,22-05-23-06-25-15-590
76.64,-0.29,97.56,49.79,22-05-23-06-25-15-623
76.57,-0.57,98.48,52.68,22-05-23-06-25-15-657
76.53,-0.84,97.64,63.62,22-05-23-06-25-15-689
76.51,-1.11,97.48,70.30,22-05-23-06-25-15-725
76.52,-1.42,98.29,76.02,22-05-23-06-25-15-754
76.53,-1.72,98.59,83.98,22-05-23-06-25-15-791
76.56,-2.05,99.97,95.04,22-05-23-06-25-15-825
76.67,-2.44,101.25,101.25,22-05-23-06-25-15-855
77.06,-2.92,102.97,108.42,22-05-23-06-25-15-890
77.43,-3.33,104.76,113.56,22-05-23-06-25-15-922
77.75,-3.64,105.99,116.61,22-05-23-06-25-15-954
79.39,-4.18,110.37,117.64,22-05-23-06-25-15-990
80.87,-4.57,114.92,118.25,22-05-23-06-25-16-022
82.44,-4.79,120.18,119.37,22-05-23-06-25-16-055
82.94,-4.90,122.18,120.96,22-05-23-06-25-16-093
83.24,-4.92,123.43,123.16,22-05-23-06-25-16-125
83.24,-4.85,123.71,126.03,22-05-23-06-25-16-157
82.95,-4.62,122.43,137.97,22-05-23-06-25-16-191
82.50,-4.32,117.67,141.44,22-05-23-06-25-16-225
81.96,-3.97,114.07,143.59,22-05-23-06-25-16-255
81.81,-3.73,111.82,144.76,22-05-23-06-25-16-293
81.73,-3.53,110.32,145.69,22-05-23-06-25-16-324
81.65,-3.33,110.34,145.76,22-05-23-06-25-16-356
81.24,-2.94,108.00,146.01,22-05-23-06-25-16-391
80.67,-2.52,105.42,146.17,22-05-23-06-25-16-425
80.00,-2.11,103.14,145.89,22-05-23-06-25-16-457
79.30,-1.74,100.98,145.98,22-05-23-06-25-16-493
78.56,-1.38,99.07,146.08,22-05-23-06-25-16-526
78.08,-1.15,98.00,146.20,22-05-23-06-25-16-555
77.62,-0.90,96.85,146.34,22-05-23-06-25-16-588
77.17,-0.68,95.88,146.46,22-05-23-06-25-16-625
76.76,-0.46,94.93,146.58,22-05-23-06-25-16-656
76.34,-0.25,94.02,146.70,22-05-23-06-25-16-688
75.93,-0.04,93.12,146.83,22-05-23-06-25-16-724
75.59,0.16,92.18,146.14,22-05-23-06-25-16-755
75.26,0.35,91.28,146.16,22-05-23-06-25-16-790
74.96,0.53,90.46,146.20,22-05-23-06-25-16-822
74.76,0.69,89.73,146.26,22-05-23-06-25-16-856
74.61,0.85,89.03,146.34,22-05-23-06-25-16-890
74.49,0.96,88.52,146.40,22-05-23-06-25-16-924
74.42,1.04,88.16,146.40,22-05-23-06-25-16-959
74.62,1.06,88.22,145.89,22-05-23-06-25-16-992
74.93,1.06,87.69,144.97,22-05-23-06-25-17-029
75.29,1.04,89.12,140.00,22-05-23-06-25-17-060
75.64,0.96,89.77,136.24,22-05-23-06-25-17-089
75.94,0.77,89.57,131.60,22-05-23-06-25-17-123
76.30,0.48,89.44,125.73,22-05-23-06-25-17-156
76.42,0.16,89.77,121.16,22-05-23-06-25-17-188
76.50,-0.18,89.90,111.34,22-05-23-06-25-17-223
76.44,-0.61,90.97,104.30,22-05-23-06-25-17-260
76.21,-1.03,91.63,93.60,22-05-23-06-25-17-290
75.97,-1.38,92.71,87.63,22-05-23-06-25-17-324
75.81,-1.66,93.27,82.66,22-05-23-06-25-17-359
75.67,-1.87,94.23,76.89,22-05-23-06-25-17-389
75.57,-2.03,95.06,72.50,22-05-23-06-25-17-423
75.48,-2.14,95.84,68.59,22-05-23-06-25-17-458
75.40,-2.23,95.53,54.86,22-05-23-06-25-17-488
75.32,-2.30,95.67,51.03,22-05-23-06-25-17-529
75.25,-2.37,95.93,48.33,22-05-23-06-25-17-554
75.17,-2.43,96.59,45.88,22-05-23-06-25-17-590
75.10,-2.49,97.62,43.84,22-05-23-06-25-17-623
75.06,-2.53,100.79,39.12,22-05-23-06-25-17-656
75.04,-2.57,100.09,31.29,22-05-23-06-25-17-690
75.04,-2.58,666.00,25.10,22-05-23-06-25-17-725
75.05,-2.57,666.00,21.68,22-05-23-06-25-17-756
75.06,-2.54,666.00,19.33,22-05-23-06-25-17-790
75.09,-2.47,666.00,17.63,22-05-23-06-25-17-823
75.13,-2.39,666.00,16.23,22-05-23-06-25-17-856
75.20,-2.29,666.00,7.64,22-05-23-06-25-17-892
75.25,-2.18,666.00,5.79,22-05-23-06-25-17-926
75.31,-2.06,666.00,4.92,22-05-23-06-25-17-957
75.33,-1.94,666.00,4.80,22-05-23-06-25-17-992
75.34,-1.80,666.00,5.17,22-05-23-06-25-18-025
75.33,-1.67,666.00,5.67,22-05-23-06-25-18-055
75.33,-1.53,666.00,6.18,22-05-23-06-25-18-091
75.32,-1.40,666.00,6.66,22-05-23-06-25-18-124
75.30,-1.27,666.00,7.10,22-05-23-06-25-18-154
75.28,-1.14,666.00,7.49,22-05-23-06-25-18-190
75.24,-1.01,666.00,6.49,22-05-23-06-25-18-225
75.18,-0.89,666.00,7.79,22-05-23-06-25-18-256
75.12,-0.78,666.00,9.42,22-05-23-06-25-18-290
75.06,-0.70,666.00,12.16,22-05-23-06-25-18-326
75.01,-0.62,666.00,16.01,22-05-23-06-25-18-358
74.96,-0.56,666.00,19.60,22-05-23-06-25-18-388
74.91,-0.51,666.00,29.66,22-05-23-06-25-18-425
74.87,-0.47,95.56,34.48,22-05-23-06-25-18-456
74.84,-0.44,94.49,39.82,22-05-23-06-25-18-487
74.81,-0.42,94.10,50.51,22-05-23-06-25-18-527
74.79,-0.41,93.57,53.32,22-05-23-06-25-18-558
74.77,-0.41,93.21,55.59,22-05-23-06-25-18-588
74.73,-0.43,92.27,67.79,22-05-23-06-25-18-627
74.70,-0.47,91.75,75.54,22-05-23-06-25-18-660
74.67,-0.52,91.43,82.62,22-05-23-06-25-18-690
74.64,-0.56,91.32,88.17,22-05-23-06-25-18-723
74.63,-0.62,91.37,91.56,22-05-23-06-25-18-758
74.63,-0.70,91.62,95.92,22-05-23-06-25-18-789
74.67,-0.80,91.89,100.91,22-05-23-06-25-18-822
74.77,-0.95,92.75,110.85,22-05-23-06-25-18-856
74.97,-1.12,93.22,114.71,22-05-23-06-25-18-889
76.60,-1.35,94.52,115.90,22-05-23-06-25-18-924
79.21,-1.52,96.59,115.97,22-05-23-06-25-18-958
81.68,-1.68,99.72,116.70,22-05-23-06-25-18-990
82.48,-1.72,100.94,118.50,22-05-23-06-25-19-025
83.43,-1.71,102.78,121.00,22-05-23-06-25-19-055
83.87,-1.67,104.20,124.84,22-05-23-06-25-19-089
83.95,-1.56,102.88,137.86,22-05-23-06-25-19-123
84.01,-1.40,99.63,141.17,22-05-23-06-25-19-155
83.58,-1.10,95.77,143.33,22-05-23-06-25-19-191
82.94,-0.75,92.76,144.05,22-05-23-06-25-19-224
82.31,-0.39,90.00,144.67,22-05-23-06-25-19-256
81.82,-0.13,88.83,144.09,22-05-23-06-25-19-296
81.15,0.09,87.56,144.38,22-05-23-06-25-19-324
80.29,0.33,86.45,144.75,22-05-23-06-25-19-366
79.77,0.44,86.11,145.09,22-05-23-06-25-19-407
79.17,0.53,85.90,145.44,22-05-23-06-25-19-425
78.59,0.62,85.70,145.80,22-05-23-06-25-19-457
77.98,0.70,85.57,146.15,22-05-23-06-25-19-487
77.38,0.78,85.43,146.47,22-05-23-06-25-19-521
76.94,0.84,85.33,146.74,22-05-23-06-25-19-555
76.65,0.86,85.33,146.96,22-05-23-06-25-19-588
76.39,0.87,85.35,147.15,22-05-23-06-25-19-623
76.18,0.88,85.39,147.31,22-05-23-06-25-19-660
76.00,0.88,85.43,147.44,22-05-23-06-25-19-690
75.82,0.88,85.47,147.53,22-05-23-06-25-19-723
75.72,0.86,85.55,147.60,22-05-23-06-25-19-756
75.58,0.87,85.48,147.69,22-05-23-06-25-19-789
75.54,0.84,85.84,148.47,22-05-23-06-25-19-826
75.55,0.78,90.42,140.33,22-05-23-06-25-19-862
75.63,0.64,91.71,134.56,22-05-23-06-25-19-887
75.93,0.41,91.56,129.28,22-05-23-06-25-19-924
76.18,0.13,90.96,123.57,22-05-23-06-25-19-956
76.40,-0.14,90.56,117.23,22-05-23-06-25-19-991
76.57,-0.41,90.39,109.65,22-05-23-06-25-20-023
76.66,-0.68,90.99,98.24,22-05-23-06-25-20-059
76.65,-0.99,91.89,92.50,22-05-23-06-25-20-088
76.62,-1.26,92.67,87.68,22-05-23-06-25-20-126
76.62,-1.48,93.46,78.06,22-05-23-06-25-20-158
76.62,-1.64,94.13,73.21,22-05-23-06-25-20-190
76.62,-1.75,94.56,68.45,22-05-23-06-25-20-228
76.63,-1.83,95.73,55.27,22-05-23-06-25-20-256
76.65,-1.89,96.35,46.51,22-05-23-06-25-20-288
76.68,-1.94,96.63,43.20,22-05-23-06-25-20-323
76.71,-1.97,97.07,39.68,22-05-23-06-25-20-357
76.74,-1.99,97.48,36.54,22-05-23-06-25-20-391
76.77,-2.00,97.86,34.31,22-05-23-06-25-20-422
76.80,-2.01,98.47,32.20,22-05-23-06-25-20-458
76.81,-2.00,666.00,22.75,22-05-23-06-25-20-489
76.82,-2.00,666.00,18.61,22-05-23-06-25-20-522
76.83,-1.99,666.00,16.26,22-05-23-06-25-20-556
76.83,-1.98,666.00,14.49,22-05-23-06-25-20-590
76.82,-1.97,666.00,12.65,22-05-23-06-25-20-623
76.80,-1.95,666.00,11.32,22-05-23-06-25-20-656
76.79,-1.92,666.00,4.78,22-05-23-06-25-20-689
76.77,-1.83,666.00,3.52,22-05-23-06-25-20-721
76.75,-1.74,666.00,2.43,22-05-23-06-25-20-755
76.71,-1.66,666.00,2.58,22-05-23-06-25-20-789
76.68,-1.59,666.00,2.96,22-05-23-06-25-20-822
76.65,-1.52,666.00,3.07,22-05-23-06-25-20-858
76.61,-1.47,666.00,4.15,22-05-23-06-25-20-890
76.58,-1.43,666.00,5.14,22-05-23-06-25-20-924
76.55,-1.39,666.00,5.96,22-05-23-06-25-20-954
76.51,-1.37,666.00,6.84,22-05-23-06-25-20-991
76.47,-1.38,666.00,7.49,22-05-23-06-25-21-023
76.42,-1.38,666.00,8.29,22-05-23-06-25-21-060
76.36,-1.39,666.00,9.46,22-05-23-06-25-21-091
76.31,-1.40,666.00,11.36,22-05-23-06-25-21-123
76.25,-1.41,666.00,13.89,22-05-23-06-25-21-156
76.19,-1.42,666.00,15.87,22-05-23-06-25-21-191
76.13,-1.46,666.00,19.74,22-05-23-06-25-21-224
76.10,-1.54,104.19,32.25,22-05-23-06-25-21-256
76.10,-1.69,103.91,36.90,22-05-23-06-25-21-290
76.14,-1.91,104.21,39.40,22-05-23-06-25-21-322
76.17,-2.14,104.60,41.75,22-05-23-06-25-21-358
76.21,-2.37,105.09,44.57,22-05-23-06-25-21-389
76.24,-2.59,102.66,59.06,22-05-23-06-25-21-428
76.26,-2.77,101.60,70.15,22-05-23-06-25-21-456
76.28,-2.92,101.45,77.14,22-05-23-06-25-21-494
76.30,-3.06,101.32,83.95,22-05-23-06-25-21-526
76.30,-3.20,101.54,88.36,22-05-23-06-25-21-558
76.33,-3.35,102.13,99.67,22-05-23-06-25-21-590
76.37,-3.48,102.84,105.76,22-05-23-06-25-21-624
76.68,-3.63,103.43,111.88,22-05-23-06-25-21-658
77.14,-3.75,103.78,119.97,22-05-23-06-25-21-690
77.51,-3.83,104.04,123.04,22-05-23-06-25-21-725
78.46,-3.96,105.50,124.19,22-05-23-06-25-21-755
79.42,-4.01,107.13,124.91,22-05-23-06-25-21-790
80.94,-4.07,110.38,125.15,22-05-23-06-25-21-823
82.39,-4.18,115.10,125.52,22-05-23-06-25-21-860
82.82,-4.20,117.80,127.30,22-05-23-06-25-21-888
83.10,-4.21,118.75,138.47,22-05-23-06-25-21-927
83.06,-4.18,118.35,143.88,22-05-23-06-25-21-956
83.19,-4.16,118.67,146.09,22-05-23-06-25-21-989
83.26,-4.13,118.71,147.28,22-05-23-06-25-22-024
83.31,-4.10,118.60,147.93,22-05-23-06-25-22-055
83.25,-4.05,118.98,145.44,22-05-23-06-25-22-090
83.04,-3.91,117.50,145.01,22-05-23-06-25-22-122
82.03,-3.63,112.54,144.86,22-05-23-06-25-22-158
80.68,-3.29,107.53,144.83,22-05-23-06-25-22-188
79.28,-2.96,103.45,144.59,22-05-23-06-25-22-224
78.00,-2.64,100.42,144.71,22-05-23-06-25-22-254
77.22,-2.41,98.70,144.84,22-05-23-06-25-22-287
76.51,-2.23,97.42,144.97,22-05-23-06-25-22-324
76.03,-2.10,96.59,145.09,22-05-23-06-25-22-357
75.58,-1.99,95.89,145.23,22-05-23-06-25-22-391
75.24,-1.91,95.41,145.35,22-05-23-06-25-22-426
74.93,-1.84,94.98,145.47,22-05-23-06-25-22-457
74.68,-1.78,94.64,145.57,22-05-23-06-25-22-487
74.50,-1.73,94.36,145.63,22-05-23-06-25-22-528
74.43,-1.69,94.21,145.62,22-05-23-06-25-22-557
74.43,-1.68,94.56,145.42,22-05-23-06-25-22-588
74.59,-1.64,96.28,142.95,22-05-23-06-25-22-625
74.87,-1.60,96.61,141.45,22-05-23-06-25-22-655
75.26,-1.60,96.17,132.93,22-05-23-06-25-22-687
75.85,-1.72,96.38,126.63,22-05-23-06-25-22-727
76.23,-1.89,96.74,121.77,22-05-23-06-25-22-757
76.46,-2.07,97.32,116.77,22-05-23-06-25-22-789
76.60,-2.26,98.22,109.73,22-05-23-06-25-22-823
76.61,-2.46,98.77,103.24,22-05-23-06-25-22-857
76.41,-2.75,99.64,92.59,22-05-23-06-25-22-890
76.21,-2.98,100.12,87.48,22-05-23-06-25-22-922
76.01,-3.18,100.28,80.45,22-05-23-06-25-22-959
75.87,-3.32,101.11,73.35,22-05-23-06-25-22-990
75.76,-3.41,101.41,68.37,22-05-23-06-25-23-024
75.67,-3.48,101.66,60.82,22-05-23-06-25-23-058
75.60,-3.52,102.33,56.33,22-05-23-06-25-23-088
75.55,-3.55,102.74,49.00,22-05-23-06-25-23-129
75.51,-3.56,103.02,42.73,22-05-23-06-25-23-156
75.48,-3.54,104.88,33.16,22-05-23-06-25-23-191
75.46,-3.51,666.00,28.37,22-05-23-06-25-23-221
75.43,-3.48,666.00,18.53,22-05-23-06-25-23-256
75.39,-3.45,666.00,14.85,22-05-23-06-25-23-291
75.33,-3.40,666.00,12.70,22-05-23-06-25-23-321
75.27,-3.34,666.00,11.49,22-05-23-06-25-23-356
75.20,-3.26,666.00,10.67,22-05-23-06-25-23-389
75.13,-3.18,666.00,9.79,22-05-23-06-25-23-423
75.06,-3.07,666.00,5.22,22-05-23-06-25-23-457
74.97,-2.91,666.00,3.12,22-05-23-06-25-23-491
74.88,-2.73,666.00,2.35,22-05-23-06-25-23-523
74.79,-2.57,666.00,2.00,22-05-23-06-25-23-554
74.66,-2.36,666.00,2.18,22-05-23-06-25-23-588
74.50,-2.14,666.00,2.71,22-05-23-06-25-23-626
74.37,-1.95,666.00,3.38,22-05-23-06-25-23-655
74.25,-1.79,666.00,3.66,22-05-23-06-25-23-689
74.13,-1.64,666.00,4.06,22-05-23-06-25-23-725
74.02,-1.51,666.00,4.57,22-05-23-06-25-23-755
73.92,-1.37,666.00,5.31,22-05-23-06-25-23-791
73.83,-1.25,666.00,6.24,22-05-23-06-25-23-825
73.75,-1.16,666.00,7.71,22-05-23-06-25-23-855
73.68,-1.09,666.00,10.85,22-05-23-06-25-23-889
73.63,-1.03,666.00,14.29,22-05-23-06-25-23-923
73.60,-1.00,666.00,17.82,22-05-23-06-25-23-958
73.57,-0.97,666.00,21.22,22-05-23-06-25-23-989
73.57,-0.96,666.00,24.18,22-05-23-06-25-24-022
73.58,-0.96,97.91,34.15,22-05-23-06-25-24-055
73.63,-0.97,97.41,38.50,22-05-23-06-25-24-088
73.73,-0.99,96.13,49.78,22-05-23-06-25-24-127
73.84,-1.01,94.95,56.15,22-05-23-06-25-24-159
73.96,-1.05,94.88,58.63,22-05-23-06-25-24-190
74.09,-1.11,93.86,67.72,22-05-23-06-25-24-225
74.23,-1.18,93.68,72.72,22-05-23-06-25-24-256
74.37,-1.25,93.91,77.39,22-05-23-06-25-24-289
74.50,-1.32,94.33,85.25,22-05-23-06-25-24-323
74.60,-1.41,94.61,89.16,22-05-23-06-25-24-355
74.73,-1.54,94.95,93.51,22-05-23-06-25-24-391
74.89,-1.69,95.21,98.02,22-05-23-06-25-24-421
75.06,-1.85,95.40,104.76,22-05-23-06-25-24-455
75.25,-2.00,95.84,110.06,22-05-23-06-25-24-488
76.24,-2.29,97.24,113.83,22-05-23-06-25-24-523
76.84,-2.41,98.10,116.20,22-05-23-06-25-24-559
77.62,-2.55,99.41,118.73,22-05-23-06-25-24-587
78.08,-2.63,99.62,128.16,22-05-23-06-25-24-622
78.37,-2.66,100.55,131.38,22-05-23-06-25-24-654
78.57,-2.67,101.24,133.32,22-05-23-06-25-24-691
78.71,-2.67,101.35,138.32,22-05-23-06-25-24-724
78.80,-2.63,101.14,142.09,22-05-23-06-25-24-755
78.96,-2.55,100.88,144.51,22-05-23-06-25-24-792
79.18,-2.46,101.15,144.06,22-05-23-06-25-24-824
79.18,-2.37,101.60,143.04,22-05-23-06-25-24-857
79.06,-2.24,101.21,143.04,22-05-23-06-25-24-891
78.61,-2.01,99.92,143.46,22-05-23-06-25-24-924
78.06,-1.76,98.53,143.88,22-05-23-06-25-24-958
77.48,-1.50,97.14,144.26,22-05-23-06-25-24-988
76.96,-1.26,95.90,144.62,22-05-23-06-25-25-023
76.53,-1.08,94.99,144.93,22-05-23-06-25-25-055
76.13,-0.91,94.17,145.21,22-05-23-06-25-25-087
75.74,-0.75,93.45,145.44,22-05-23-06-25-25-121
75.36,-0.59,92.79,145.63,22-05-23-06-25-25-154
75.01,-0.45,92.21,145.80,22-05-23-06-25-25-188
74.79,-0.37,91.85,145.91,22-05-23-06-25-25-226
74.62,-0.30,91.58,145.99,22-05-23-06-25-25-256
74.60,-0.25,91.40,146.02,22-05-23-06-25-25-291
74.51,-0.22,91.25,146.06,22-05-23-06-25-25-326
74.40,-0.18,91.12,146.10,22-05-23-06-25-25-358
74.20,-0.16,91.02,146.14,22-05-23-06-25-25-391
74.11,-0.16,91.71,143.81,22-05-23-06-25-25-422
74.02,-0.20,91.12,145.32,22-05-23-06-25-25-455
74.12,-0.27,91.02,145.96,22-05-23-06-25-25-488
74.33,-0.37,90.94,137.10,22-05-23-06-25-25-522
74.78,-0.56,91.08,129.62,22-05-23-06-25-25-556
75.15,-0.72,90.96,123.39,22-05-23-06-25-25-591
75.47,-0.86,90.61,114.18,22-05-23-06-25-25-626
75.70,-0.99,90.39,104.95,22-05-23-06-25-25-655
75.77,-1.13,90.51,92.31,22-05-23-06-25-25-687
75.66,-1.30,90.80,87.20,22-05-23-06-25-25-726
75.48,-1.50,91.35,81.62,22-05-23-06-25-25-762
75.30,-1.67,92.06,76.15,22-05-23-06-25-25-789
75.13,-1.81,92.53,71.89,22-05-23-06-25-25-823
75.00,-1.93,93.11,67.68,22-05-23-06-25-25-857
74.87,-2.02,93.47,61.85,22-05-23-06-25-25-893
74.77,-2.09,93.82,48.45,22-05-23-06-25-25-925
74.69,-2.14,94.89,44.94,22-05-23-06-25-25-959
74.62,-2.18,95.88,39.85,22-05-23-06-25-25-989
74.56,-2.21,98.41,38.62,22-05-23-06-25-26-020
74.50,-2.23,100.08,34.87,22-05-23-06-25-26-057
74.45,-2.25,100.26,30.26,22-05-23-06-25-26-087
74.40,-2.25,666.00,25.54,22-05-23-06-25-26-126
74.37,-2.24,666.00,23.61,22-05-23-06-25-26-158
74.33,-2.23,666.00,22.16,22-05-23-06-25-26-190
74.29,-2.20,666.00,21.01,22-05-23-06-25-26-223
74.25,-2.16,666.00,19.79,22-05-23-06-25-26-257
74.22,-2.12,666.00,17.99,22-05-23-06-25-26-291
74.20,-2.08,666.00,15.93,22-05-23-06-25-26-321
74.17,-2.04,666.00,14.26,22-05-23-06-25-26-355
74.15,-1.99,666.00,12.42,22-05-23-06-25-26-386
74.14,-1.94,666.00,11.07,22-05-23-06-25-26-424
74.11,-1.88,666.00,9.95,22-05-23-06-25-26-456
74.09,-1.83,666.00,9.20,22-05-23-06-25-26-488
74.05,-1.77,666.00,8.72,22-05-23-06-25-26-523
74.00,-1.71,666.00,8.42,22-05-23-06-25-26-553
73.95,-1.65,666.00,8.27,22-05-23-06-25-26-589
73.90,-1.59,666.00,8.19,22-05-23-06-25-26-624
73.85,-1.52,666.00,8.18,22-05-23-06-25-26-656
73.81,-1.47,666.00,8.19,22-05-23-06-25-26-687
73.77,-1.41,666.00,8.25,22-05-23-06-25-26-723
73.74,-1.35,666.00,8.36,22-05-23-06-25-26-757
73.72,-1.31,666.00,8.14,22-05-23-06-25-26-786
73.71,-1.25,666.00,9.32,22-05-23-06-25-26-826
73.71,-1.20,666.00,10.74,22-05-23-06-25-26-859
73.70,-1.15,666.00,12.77,22-05-23-06-25-26-893
73.69,-1.11,666.00,15.44,22-05-23-06-25-26-922
73.68,-1.07,666.00,18.13,22-05-23-06-25-26-957
73.66,-1.04,666.00,20.74,22-05-23-06-25-26-990
73.65,-1.01,666.00,24.28,22-05-23-06-25-27-024
73.64,-0.99,99.30,34.02,22-05-23-06-25-27-057
73.65,-0.99,98.38,38.45,22-05-23-06-25-27-089
73.67,-1.02,96.41,49.49,22-05-23-06-25-27-122
73.71,-1.08,95.87,54.94,22-05-23-06-25-27-156
73.75,-1.16,96.06,57.46,22-05-23-06-25-27-190
73.78,-1.23,95.40,65.91,22-05-23-06-25-27-222
73.81,-1.32,95.04,70.47,22-05-23-06-25-27-254
73.85,-1.42,95.08,74.23,22-05-23-06-25-27-290
73.90,-1.51,95.20,78.51,22-05-23-06-25-27-325
73.95,-1.60,95.42,83.08,22-05-23-06-25-27-356
74.00,-1.68,95.66,87.45,22-05-23-06-25-27-387
74.04,-1.74,95.93,91.33,22-05-23-06-25-27-423
74.11,-1.81,96.00,103.54,22-05-23-06-25-27-456
74.22,-1.89,95.95,112.24,22-05-23-06-25-27-491
74.34,-1.92,95.76,121.17,22-05-23-06-25-27-524
75.53,-2.03,96.36,123.32,22-05-23-06-25-27-556
77.75,-2.28,98.50,123.98,22-05-23-06-25-27-598
78.72,-2.32,99.18,124.68,22-05-23-06-25-27-625
79.26,-2.33,100.11,126.24,22-05-23-06-25-27-654
79.61,-2.33,100.99,128.59,22-05-23-06-25-27-691
79.83,-2.29,99.87,132.87,22-05-23-06-25-27-724
79.90,-2.17,98.11,139.77,22-05-23-06-25-27-757
80.09,-2.05,96.89,144.25,22-05-23-06-25-27-789
80.26,-1.92,95.85,147.03,22-05-23-06-25-27-823
80.39,-1.77,94.82,148.81,22-05-23-06-25-27-857
80.46,-1.62,92.93,148.62,22-05-23-06-25-27-887
80.48,-1.45,90.94,148.10,22-05-23-06-25-27-929
80.34,-1.23,88.78,147.36,22-05-23-06-25-27-960
79.96,-0.93,86.28,146.54,22-05-23-06-25-27-989
79.46,-0.61,83.82,146.03,22-05-23-06-25-28-026
79.04,-0.34,81.99,145.64,22-05-23-06-25-28-058
78.52,-0.08,80.43,145.44,22-05-23-06-25-28-089
78.16,0.08,81.20,145.02,22-05-23-06-25-28-123
77.75,0.19,82.69,145.24,22-05-23-06-25-28-159
77.22,0.25,81.74,141.97,22-05-23-06-25-28-188
76.83,0.27,86.48,134.67,22-05-23-06-25-28-223
76.48,0.23,87.64,130.38,22-05-23-06-25-28-256
76.25,0.14,88.18,127.48,22-05-23-06-25-28-292
76.24,0.05,88.18,123.15,22-05-23-06-25-28-324
76.19,-0.05,88.23,120.44,22-05-23-06-25-28-361
76.15,-0.15,87.92,116.78,22-05-23-06-25-28-391
76.08,-0.27,87.71,112.26,22-05-23-06-25-28-421
75.93,-0.45,88.00,107.53,22-05-23-06-25-28-462
75.62,-0.70,88.49,99.31,22-05-23-06-25-28-492
75.14,-1.08,89.26,94.81,22-05-23-06-25-28-521
74.70,-1.41,90.03,91.54,22-05-23-06-25-28-555
74.34,-1.71,90.82,86.20,22-05-23-06-25-28-592
74.09,-1.95,91.54,82.55,22-05-23-06-25-28-622
73.91,-2.14,92.45,78.74,22-05-23-06-25-28-659
73.78,-2.28,93.24,75.36,22-05-23-06-25-28-688
73.69,-2.39,93.98,72.09,22-05-23-06-25-28-723
73.63,-2.47,94.68,66.62,22-05-23-06-25-28-757
73.59,-2.51,95.06,60.21,22-05-23-06-25-28-791
73.56,-2.54,95.50,56.19,22-05-23-06-25-28-822
73.54,-2.55,97.11,49.39,22-05-23-06-25-28-858
73.53,-2.55,97.02,41.28,22-05-23-06-25-28-888
73.52,-2.53,96.99,37.35,22-05-23-06-25-28-923
73.52,-2.51,96.73,34.66,22-05-23-06-25-28-957
73.52,-2.49,96.80,32.84,22-05-23-06-25-28-996
73.52,-2.46,666.00,26.42,22-05-23-06-25-29-024
73.54,-2.40,666.00,23.62,22-05-23-06-25-29-057
73.58,-2.31,666.00,21.86,22-05-23-06-25-29-088
73.65,-2.17,666.00,20.46,22-05-23-06-25-29-123
73.72,-1.99,666.00,19.13,22-05-23-06-25-29-162
73.79,-1.80,666.00,17.10,22-05-23-06-25-29-192
73.84,-1.59,666.00,15.47,22-05-23-06-25-29-223
73.89,-1.38,666.00,13.71,22-05-23-06-25-29-257
73.93,-1.15,666.00,12.21,22-05-23-06-25-29-292
73.94,-0.95,666.00,11.00,22-05-23-06-25-29-324
73.93,-0.77,666.00,9.79,22-05-23-06-25-29-355
73.88,-0.59,666.00,8.84,22-05-23-06-25-29-388
73.81,-0.44,666.00,8.24,22-05-23-06-25-29-422
73.73,-0.32,666.00,7.92,22-05-23-06-25-29-456
73.63,-0.23,666.00,7.80,22-05-23-06-25-29-487
73.51,-0.16,666.00,7.83,22-05-23-06-25-29-524
73.38,-0.10,666.00,7.96,22-05-23-06-25-29-557
73.25,-0.09,666.00,6.78,22-05-23-06-25-29-589
73.13,-0.11,666.00,7.66,22-05-23-06-25-29-624
73.04,-0.12,666.00,8.61,22-05-23-06-25-29-654
72.96,-0.14,666.00,9.60,22-05-23-06-25-29-689
72.91,-0.18,666.00,10.67,22-05-23-06-25-29-723
72.86,-0.22,666.00,11.93,22-05-23-06-25-29-757
72.82,-0.29,666.00,20.02,22-05-23-06-25-29-790
72.79,-0.35,666.00,23.89,22-05-23-06-25-29-826
72.76,-0.41,666.00,25.90,22-05-23-06-25-29-858
72.73,-0.48,666.00,26.98,22-05-23-06-25-29-891
72.71,-0.53,666.00,27.80,22-05-23-06-25-29-923
72.69,-0.59,666.00,28.61,22-05-23-06-25-29-954
72.67,-0.64,92.05,41.87,22-05-23-06-25-29-989
72.66,-0.70,92.39,47.29,22-05-23-06-25-30-022
72.64,-0.75,92.03,56.40,22-05-23-06-25-30-056
72.63,-0.80,92.20,59.06,22-05-23-06-25-30-090
72.61,-0.86,90.93,68.82,22-05-23-06-25-30-123
72.60,-0.90,90.62,73.63,22-05-23-06-25-30-156
72.59,-0.95,90.61,77.97,22-05-23-06-25-30-190
72.60,-1.00,90.51,82.27,22-05-23-06-25-30-225
72.61,-1.05,90.21,87.41,22-05-23-06-25-30-256
72.63,-1.11,89.84,91.79,22-05-23-06-25-30-291
72.67,-1.18,89.44,99.94,22-05-23-06-25-30-324
72.72,-1.26,89.72,107.00,22-05-23-06-25-30-354
72.79,-1.33,90.07,112.82,22-05-23-06-25-30-392
72.93,-1.42,90.29,117.56,22-05-23-06-25-30-426
73.12,-1.55,90.59,121.57,22-05-23-06-25-30-455
73.32,-1.67,91.01,124.23,22-05-23-06-25-30-494
73.54,-1.77,91.40,126.14,22-05-23-06-25-30-525
73.82,-1.84,92.44,128.14,22-05-23-06-25-30-556
74.06,-1.90,93.68,130.68,22-05-23-06-25-30-591
74.28,-1.95,94.77,132.63,22-05-23-06-25-30-622
74.47,-1.97,95.43,133.86,22-05-23-06-25-30-653
74.63,-1.99,95.96,134.87,22-05-23-06-25-30-689
75.22,-2.00,96.62,135.46,22-05-23-06-25-30-727
75.58,-2.00,97.03,135.95,22-05-23-06-25-30-755
75.80,-1.99,95.56,138.30,22-05-23-06-25-30-789
75.91,-1.99,94.86,139.40,22-05-23-06-25-30-824
75.96,-1.98,94.23,140.48,22-05-23-06-25-30-857
75.91,-1.98,94.03,141.13,22-05-23-06-25-30-890
75.76,-1.95,93.78,141.71,22-05-23-06-25-30-921
75.60,-1.91,93.54,142.31,22-05-23-06-25-30-955
75.39,-1.91,93.47,142.83,22-05-23-06-25-30-988
75.19,-1.88,93.44,142.91,22-05-23-06-25-31-025
75.06,-1.85,93.45,142.85,22-05-23-06-25-31-061
74.98,-1.81,93.46,142.72,22-05-23-06-25-31-092
74.94,-1.76,93.44,142.55,22-05-23-06-25-31-123
74.92,-1.71,93.50,143.07,22-05-23-06-25-31-155
74.96,-1.66,93.62,142.85,22-05-23-06-25-31-188
74.95,-1.64,93.93,143.12,22-05-23-06-25-31-224
74.97,-1.61,94.43,141.31,22-05-23-06-25-31-256
75.04,-1.57,94.33,136.55,22-05-23-06-25-31-288
75.11,-1.54,93.80,132.59,22-05-23-06-25-31-325
75.10,-1.58,93.10,126.34,22-05-23-06-25-31-359
75.04,-1.69,92.78,120.83,22-05-23-06-25-31-391
74.93,-1.86,92.39,112.02,22-05-23-06-25-31-422
74.75,-2.07,93.21,101.69,22-05-23-06-25-31-456
74.49,-2.29,93.75,94.79,22-05-23-06-25-31-488
74.30,-2.44,94.13,87.61,22-05-23-06-25-31-522
74.19,-2.54,94.75,81.70,22-05-23-06-25-31-557
74.09,-2.61,94.97,76.42,22-05-23-06-25-31-588
74.03,-2.65,94.97,72.27,22-05-23-06-25-31-625
73.98,-2.67,94.83,64.80,22-05-23-06-25-31-657
73.93,-2.65,94.69,59.94,22-05-23-06-25-31-690
73.91,-2.62,94.53,54.75,22-05-23-06-25-31-723
73.90,-2.58,94.47,50.10,22-05-23-06-25-31-757
73.89,-2.53,94.49,46.13,22-05-23-06-25-31-790
73.88,-2.48,95.15,41.15,22-05-23-06-25-31-826
73.86,-2.41,93.56,32.01,22-05-23-06-25-31-855
73.81,-2.34,666.00,25.36,22-05-23-06-25-31-891
73.76,-2.26,666.00,21.07,22-05-23-06-25-31-923
73.74,-2.16,666.00,18.55,22-05-23-06-25-31-957
73.73,-2.06,666.00,16.44,22-05-23-06-25-31-990
73.75,-1.95,666.00,14.64,22-05-23-06-25-32-023
73.78,-1.86,666.00,13.18,22-05-23-06-25-32-058
73.81,-1.77,666.00,7.43,22-05-23-06-25-32-091
73.83,-1.71,666.00,6.01,22-05-23-06-25-32-124
73.83,-1.64,666.00,5.16,22-05-23-06-25-32-157
73.82,-1.58,666.00,4.64,22-05-23-06-25-32-194
73.81,-1.54,666.00,3.66,22-05-23-06-25-32-222
73.79,-1.50,666.00,3.69,22-05-23-06-25-32-253
73.76,-1.47,666.00,3.88,22-05-23-06-25-32-289
73.73,-1.44,666.00,4.29,22-05-23-06-25-32-324
73.69,-1.42,666.00,4.66,22-05-23-06-25-32-354
73.65,-1.41,666.00,4.67,22-05-23-06-25-32-387
73.61,-1.40,666.00,4.63,22-05-23-06-25-32-424
73.57,-1.39,666.00,5.40,22-05-23-06-25-32-455
73.52,-1.39,666.00,6.15,22-05-23-06-25-32-489
73.48,-1.39,666.00,7.11,22-05-23-06-25-32-521
73.44,-1.39,666.00,8.49,22-05-23-06-25-32-557
73.39,-1.40,666.00,11.93,22-05-23-06-25-32-590
73.36,-1.40,666.00,16.22,22-05-23-06-25-32-623
73.32,-1.41,666.00,19.14,22-05-23-06-25-32-655
73.29,-1.41,666.00,23.81,22-05-23-06-25-32-690
73.27,-1.43,98.06,33.56,22-05-23-06-25-32-724
73.27,-1.45,97.66,37.82,22-05-23-06-25-32-760
73.29,-1.49,97.54,49.54,22-05-23-06-25-32-789
73.34,-1.56,97.26,56.36,22-05-23-06-25-32-822
73.42,-1.64,96.58,62.35,22-05-23-06-25-32-854
73.56,-1.77,95.65,70.16,22-05-23-06-25-32-894
73.73,-1.91,95.59,74.10,22-05-23-06-25-32-923
73.94,-2.08,95.72,79.03,22-05-23-06-25-32-954
74.13,-2.27,95.73,83.41,22-05-23-06-25-32-990
74.29,-2.46,95.68,88.08,22-05-23-06-25-33-023
74.50,-2.69,96.71,99.91,22-05-23-06-25-33-057
74.68,-2.89,97.08,107.53,22-05-23-06-25-33-090
74.83,-3.06,97.61,117.89,22-05-23-06-25-33-125
75.82,-3.28,99.09,120.75,22-05-23-06-25-33-155
77.38,-3.39,101.08,121.93,22-05-23-06-25-33-189
79.07,-3.48,103.51,122.53,22-05-23-06-25-33-224
80.39,-3.50,106.02,123.27,22-05-23-06-25-33-254
80.92,-3.51,107.78,124.59,22-05-23-06-25-33-289
81.24,-3.47,109.59,126.67,22-05-23-06-25-33-330
81.24,-3.36,110.01,139.29,22-05-23-06-25-33-358
81.28,-3.28,110.05,143.50,22-05-23-06-25-33-390
81.20,-3.21,112.57,144.49,22-05-23-06-25-33-426
80.99,-3.15,113.60,144.95,22-05-23-06-25-33-457
80.39,-3.04,113.24,144.66,22-05-23-06-25-33-490
79.84,-2.94,112.63,142.21,22-05-23-06-25-33-527
79.37,-2.87,112.18,141.39,22-05-23-06-25-33-559
78.89,-2.80,108.66,147.22,22-05-23-06-25-33-591
78.33,-2.76,107.08,149.00,22-05-23-06-25-33-625
77.88,-2.72,105.86,150.13,22-05-23-06-25-33-659
77.29,-2.63,104.45,151.06,22-05-23-06-25-33-689
76.70,-2.57,103.31,151.79,22-05-23-06-25-33-727
76.31,-2.53,102.59,152.27,22-05-23-06-25-33-756
75.97,-2.52,102.12,152.61,22-05-23-06-25-33-788
75.61,-2.58,100.86,150.64,22-05-23-06-25-33-821
75.21,-2.73,103.99,137.76,22-05-23-06-25-33-854
75.01,-2.93,104.16,126.40,22-05-23-06-25-33-889
74.88,-3.18,104.05,120.02,22-05-23-06-25-33-922
74.77,-3.40,103.97,115.89,22-05-23-06-25-33-955
74.72,-3.57,103.84,112.66,22-05-23-06-25-33-988
74.73,-3.69,103.08,108.31,22-05-23-06-25-34-022
74.74,-3.80,102.30,102.09,22-05-23-06-25-34-055
74.72,-3.90,102.34,93.13,22-05-23-06-25-34-090
74.71,-3.97,102.27,88.30,22-05-23-06-25-34-123
74.70,-4.02,101.63,82.88,22-05-23-06-25-34-157
74.71,-4.06,101.23,77.51,22-05-23-06-25-34-189
74.72,-4.09,101.10,72.42,22-05-23-06-25-34-221
74.72,-4.10,100.75,66.94,22-05-23-06-25-34-256
74.75,-4.09,99.27,58.50,22-05-23-06-25-34-290
74.86,-4.04,98.67,53.65,22-05-23-06-25-34-323
75.13,-3.93,98.36,48.16,22-05-23-06-25-34-355
75.46,-3.85,98.52,44.49,22-05-23-06-25-34-391
75.80,-3.77,99.25,40.99,22-05-23-06-25-34-425
76.10,-3.69,99.81,34.64,22-05-23-06-25-34-457
76.38,-3.63,666.00,26.97,22-05-23-06-25-34-490
76.58,-3.58,666.00,21.12,22-05-23-06-25-34-521
76.72,-3.53,666.00,17.15,22-05-23-06-25-34-558
76.81,-3.48,666.00,13.58,22-05-23-06-25-34-591
76.84,-3.44,666.00,3.07,22-05-23-06-25-34-622
76.83,-3.39,666.00,0.46,22-05-23-06-25-34-657
76.77,-3.33,666.00,3.73,22-05-23-06-25-34-689
76.65,-3.23,666.00,5.29,22-05-23-06-25-34-723
76.43,-3.10,666.00,6.85,22-05-23-06-25-34-754
76.08,-2.93,666.00,6.77,22-05-23-06-25-34-787
75.68,-2.74,666.00,5.98,22-05-23-06-25-34-823
75.30,-2.59,666.00,4.98,22-05-23-06-25-34-855
74.93,-2.46,666.00,4.16,22-05-23-06-25-34-889
74.62,-2.35,666.00,4.08,22-05-23-06-25-34-924
74.34,-2.27,666.00,4.07,22-05-23-06-25-34-955
74.11,-2.20,666.00,4.10,22-05-23-06-25-34-990
73.91,-2.16,666.00,4.09,22-05-23-06-25-35-024
73.75,-2.17,666.00,4.11,22-05-23-06-25-35-056
73.64,-2.19,666.00,4.76,22-05-23-06-25-35-091
73.56,-2.25,666.00,17.83,22-05-23-06-25-35-123
73.51,-2.32,666.00,24.94,22-05-23-06-25-35-156
73.47,-2.43,666.00,27.94,22-05-23-06-25-35-192
73.48,-2.61,666.00,29.97,22-05-23-06-25-35-222
73.59,-3.03,104.85,39.97,22-05-23-06-25-35-258
73.73,-3.46,104.91,45.39,22-05-23-06-25-35-291
73.90,-3.91,105.31,50.35,22-05-23-06-25-35-322
74.07,-4.36,106.20,53.30,22-05-23-06-25-35-355
74.25,-4.84,106.41,62.63,22-05-23-06-25-35-390
74.41,-5.20,106.59,68.98,22-05-23-06-25-35-424
74.56,-5.56,107.07,74.79,22-05-23-06-25-35-456
74.69,-5.87,107.74,81.61,22-05-23-06-25-35-492
74.80,-6.08,108.41,87.84,22-05-23-06-25-35-529
74.86,-6.25,108.63,98.31,22-05-23-06-25-35-554
75.14,-6.38,109.14,103.85,22-05-23-06-25-35-593
75.85,-6.56,110.44,110.12,22-05-23-06-25-35-623
76.94,-6.68,112.41,113.27,22-05-23-06-25-35-657
78.06,-6.80,114.84,115.79,22-05-23-06-25-35-691
79.42,-6.92,118.18,118.51,22-05-23-06-25-35-725
79.91,-6.92,119.81,121.61,22-05-23-06-25-35-759
80.46,-6.77,120.20,136.63,22-05-23-06-25-35-788
80.86,-6.60,121.43,140.04,22-05-23-06-25-35-821
81.16,-6.43,122.46,141.81,22-05-23-06-25-35-856
81.38,-6.28,123.16,142.40,22-05-23-06-25-35-888
81.41,-6.18,123.03,143.34,22-05-23-06-25-35-926
81.08,-6.04,121.41,144.28,22-05-23-06-25-35-961
80.53,-5.86,118.92,145.13,22-05-23-06-25-35-988
80.03,-5.72,116.87,145.68,22-05-23-06-25-36-022
79.43,-5.57,114.64,146.07,22-05-23-06-25-36-056
78.91,-5.42,113.92,149.51,22-05-23-06-25-36-088
78.45,-5.30,112.90,150.67,22-05-23-06-25-36-126
77.95,-5.17,111.78,151.57,22-05-23-06-25-36-155
77.59,-5.09,111.08,152.20,22-05-23-06-25-36-191
77.27,-5.01,110.47,152.67,22-05-23-06-25-36-224
77.01,-4.94,108.79,156.97,22-05-23-06-25-36-255
76.79,-4.89,108.90,157.20,22-05-23-06-25-36-292
76.63,-4.85,109.15,157.10,22-05-23-06-25-36-323
76.49,-4.82,109.36,156.83,22-05-23-06-25-36-354
76.34,-4.76,109.29,156.51,22-05-23-06-25-36-388
76.17,-4.67,108.12,149.10,22-05-23-06-25-36-421
75.82,-4.42,106.33,144.98,22-05-23-06-25-36-457
75.63,-4.13,105.95,140.72,22-05-23-06-25-36-490
76.08,-4.00,105.87,134.48,22-05-23-06-25-36-520
76.67,-3.90,105.26,128.32,22-05-23-06-25-36-554
77.08,-3.80,104.08,122.07,22-05-23-06-25-36-592
77.33,-3.65,102.76,117.21,22-05-23-06-25-36-621
77.50,-3.50,101.29,110.56,22-05-23-06-25-36-660
77.54,-3.37,99.47,103.37,22-05-23-06-25-36-689
77.54,-3.28,99.36,94.35,22-05-23-06-25-36-723
77.32,-3.20,97.35,85.23,22-05-23-06-25-36-761
77.09,-3.17,96.35,81.15,22-05-23-06-25-36-793
76.88,-3.16,95.94,76.68,22-05-23-06-25-36-823
76.73,-3.15,95.76,72.68,22-05-23-06-25-36-857
76.59,-3.14,95.41,69.35,22-05-23-06-25-36-890
76.48,-3.13,95.13,65.46,22-05-23-06-25-36-925
76.41,-3.11,94.83,59.16,22-05-23-06-25-36-960
76.38,-3.09,95.19,46.49,22-05-23-06-25-36-989
76.36,-3.05,95.22,42.32,22-05-23-06-25-37-021
76.35,-3.02,95.16,34.47,22-05-23-06-25-37-057
76.36,-2.98,95.16,31.26,22-05-23-06-25-37-092
76.40,-2.90,666.00,29.11,22-05-23-06-25-37-123
76.45,-2.80,666.00,27.23,22-05-23-06-25-37-155
76.50,-2.71,666.00,20.83,22-05-23-06-25-37-191
76.54,-2.62,666.00,17.82,22-05-23-06-25-37-222
76.59,-2.53,666.00,15.88,22-05-23-06-25-37-255
76.62,-2.45,666.00,13.97,22-05-23-06-25-37-289
76.65,-2.38,666.00,12.16,22-05-23-06-25-37-325
76.65,-2.31,666.00,10.35,22-05-23-06-25-37-356
76.65,-2.25,666.00,8.61,22-05-23-06-25-37-391
76.62,-2.20,666.00,6.78,22-05-23-06-25-37-424
76.55,-2.14,666.00,5.48,22-05-23-06-25-37-455
76.42,-2.06,666.00,4.92,22-05-23-06-25-37-490
76.23,-1.98,666.00,4.80,22-05-23-06-25-37-527
76.00,-1.90,666.00,4.81,22-05-23-06-25-37-557
75.75,-1.83,666.00,4.93,22-05-23-06-25-37-591
75.51,-1.78,666.00,5.08,22-05-23-06-25-37-620
75.29,-1.73,666.00,5.24,22-05-23-06-25-37-655
75.08,-1.69,666.00,5.39,22-05-23-06-25-37-689
74.89,-1.67,666.00,5.54,22-05-23-06-25-37-725
74.71,-1.65,666.00,5.67,22-05-23-06-25-37-757
74.56,-1.64,666.00,5.82,22-05-23-06-25-37-791
74.42,-1.63,666.00,6.04,22-05-23-06-25-37-821
74.31,-1.62,666.00,6.40,22-05-23-06-25-37-853
74.21,-1.61,666.00,7.42,22-05-23-06-25-37-887
74.11,-1.59,666.00,9.82,22-05-23-06-25-37-929
74.03,-1.56,666.00,12.56,22-05-23-06-25-37-954
73.97,-1.54,666.00,14.96,22-05-23-06-25-37-992
73.91,-1.51,666.00,17.90,22-05-23-06-25-38-023
73.86,-1.47,666.00,20.84,22-05-23-06-25-38-054
73.81,-1.43,666.00,23.85,22-05-23-06-25-38-093
73.77,-1.38,666.00,28.25,22-05-23-06-25-38-121
73.74,-1.33,89.31,32.05,22-05-23-06-25-38-155
73.71,-1.28,88.15,36.55,22-05-23-06-25-38-191
73.69,-1.23,87.62,39.26,22-05-23-06-25-38-222
73.67,-1.18,87.79,53.05,22-05-23-06-25-38-255
73.66,-1.14,87.69,60.90,22-05-23-06-25-38-288
73.65,-1.10,87.68,68.05,22-05-23-06-25-38-320
73.65,-1.06,87.45,72.11,22-05-23-06-25-38-356
73.65,-1.03,87.21,76.34,22-05-23-06-25-38-388
73.66,-1.01,86.98,81.99,22-05-23-06-25-38-422
73.66,-0.99,86.45,88.61,22-05-23-06-25-38-455
73.66,-0.96,86.34,93.06,22-05-23-06-25-38-488
73.67,-0.94,85.51,100.59,22-05-23-06-25-38-524
73.70,-0.94,85.27,108.61,22-05-23-06-25-38-558
73.73,-0.94,85.23,113.57,22-05-23-06-25-38-589
74.51,-0.91,85.28,116.20,22-05-23-06-25-38-622
76.08,-1.01,86.03,117.75,22-05-23-06-25-38-656
77.82,-1.05,86.97,120.67,22-05-23-06-25-38-687
79.32,-1.08,88.58,123.71,22-05-23-06-25-38-725
80.16,-1.11,89.62,125.26,22-05-23-06-25-38-760
80.51,-1.11,90.13,126.71,22-05-23-06-25-38-787
80.80,-1.11,90.56,127.84,22-05-23-06-25-38-826
81.04,-1.11,90.95,128.77,22-05-23-06-25-38-857
81.12,-1.16,91.50,129.60,22-05-23-06-25-38-891
81.00,-1.29,92.34,130.44,22-05-23-06-25-38-922
80.83,-1.41,93.05,131.17,22-05-23-06-25-38-957
80.66,-1.54,93.75,131.78,22-05-23-06-25-38-989
80.46,-1.66,94.33,132.36,22-05-23-06-25-39-025
80.22,-1.78,94.80,132.89,22-05-23-06-25-39-056
80.01,-1.89,95.24,133.37,22-05-23-06-25-39-088
79.81,-2.00,95.63,133.77,22-05-23-06-25-39-126
79.64,-2.08,95.88,134.10,22-05-23-06-25-39-158
79.48,-2.16,96.13,134.40,22-05-23-06-25-39-188
79.30,-2.23,96.29,134.69,22-05-23-06-25-39-221
79.14,-2.30,96.49,134.94,22-05-23-06-25-39-255
79.01,-2.37,96.69,135.16,22-05-23-06-25-39-289
78.91,-2.43,96.87,135.32,22-05-23-06-25-39-324
78.85,-2.48,97.03,135.44,22-05-23-06-25-39-356
78.82,-2.50,97.94,135.38,22-05-23-06-25-39-390
78.58,-2.50,98.89,134.52,22-05-23-06-25-39-421
78.64,-2.51,99.64,132.14,22-05-23-06-25-39-456
78.46,-2.52,99.28,126.54,22-05-23-06-25-39-493
78.19,-2.54,99.18,120.16,22-05-23-06-25-39-523
78.02,-2.53,99.09,113.30,22-05-23-06-25-39-557
78.03,-2.47,99.33,99.43,22-05-23-06-25-39-588
77.97,-2.45,98.79,90.59,22-05-23-06-25-39-622
77.85,-2.44,98.19,86.21,22-05-23-06-25-39-658
77.75,-2.42,97.29,81.12,22-05-23-06-25-39-690
77.63,-2.42,96.62,75.96,22-05-23-06-25-39-723
77.46,-2.41,96.21,71.39,22-05-23-06-25-39-759
77.30,-2.39,95.70,68.00,22-05-23-06-25-39-792
77.13,-2.36,96.34,63.39,22-05-23-06-25-39-824
76.98,-2.31,96.17,50.30,22-05-23-06-25-39-859
76.88,-2.24,95.27,45.63,22-05-23-06-25-39-891
76.78,-2.17,97.47,35.15,22-05-23-06-25-39-921
76.71,-2.09,98.38,30.82,22-05-23-06-25-39-958
76.63,-2.01,666.00,28.28,22-05-23-06-25-39-990
76.55,-1.93,666.00,21.60,22-05-23-06-25-40-021
76.48,-1.83,666.00,18.68,22-05-23-06-25-40-057
76.42,-1.75,666.00,16.41,22-05-23-06-25-40-091
76.38,-1.66,666.00,14.88,22-05-23-06-25-40-124
76.35,-1.58,666.00,13.54,22-05-23-06-25-40-155
76.31,-1.49,666.00,12.29,22-05-23-06-25-40-190
76.26,-1.41,666.00,11.06,22-05-23-06-25-40-225
76.18,-1.33,666.00,9.45,22-05-23-06-25-40-255
76.08,-1.24,666.00,8.43,22-05-23-06-25-40-291
75.97,-1.15,666.00,7.76,22-05-23-06-25-40-323
75.83,-1.05,666.00,7.37,22-05-23-06-25-40-354
75.69,-0.95,666.00,7.12,22-05-23-06-25-40-389
75.55,-0.86,666.00,7.00,22-05-23-06-25-40-421
75.41,-0.76,666.00,8.46,22-05-23-06-25-40-456
75.28,-0.67,666.00,7.83,22-05-23-06-25-40-489
75.15,-0.58,666.00,7.41,22-05-23-06-25-40-522
75.05,-0.50,666.00,7.24,22-05-23-06-25-40-557
74.96,-0.44,666.00,7.49,22-05-23-06-25-40-589
74.88,-0.38,666.00,8.37,22-05-23-06-25-40-624
74.81,-0.34,666.00,9.79,22-05-23-06-25-40-657
74.75,-0.31,666.00,12.18,22-05-23-06-25-40-688
74.70,-0.29,666.00,15.65,22-05-23-06-25-40-724
74.63,-0.28,666.00,18.27,22-05-23-06-25-40-757
74.56,-0.30,666.00,21.13,22-05-23-06-25-40-789
74.50,-0.34,93.03,30.76,22-05-23-06-25-40-821
74.43,-0.40,92.53,34.80,22-05-23-06-25-40-856
74.37,-0.49,92.45,45.95,22-05-23-06-25-40-893
74.33,-0.57,92.13,48.74,22-05-23-06-25-40-921
74.30,-0.64,90.78,59.15,22-05-23-06-25-40-956
74.29,-0.69,90.32,65.91,22-05-23-06-25-40-991
74.29,-0.75,89.91,71.13,22-05-23-06-25-41-025
74.31,-0.81,89.74,75.56,22-05-23-06-25-41-058
74.36,-0.87,89.62,82.86,22-05-23-06-25-41-092
74.42,-0.90,89.51,86.67,22-05-23-06-25-41-124
74.57,-0.91,90.40,97.82,22-05-23-06-25-41-155
74.72,-0.91,90.76,103.87,22-05-23-06-25-41-192
74.91,-0.91,90.80,106.81,22-05-23-06-25-41-221
75.38,-0.96,91.64,115.13,22-05-23-06-25-41-257
76.55,-1.12,92.54,117.63,22-05-23-06-25-41-290
78.32,-1.17,93.41,118.87,22-05-23-06-25-41-324
79.71,-1.16,93.43,120.36,22-05-23-06-25-41-355
81.41,-1.21,94.56,120.85,22-05-23-06-25-41-386
82.66,-1.25,96.08,121.50,22-05-23-06-25-41-423
83.54,-1.23,96.95,128.15,22-05-23-06-25-41-458
84.16,-1.16,101.04,134.31,22-05-23-06-25-41-488
84.58,-1.10,101.24,143.22,22-05-23-06-25-41-524
84.93,-1.03,102.45,144.64,22-05-23-06-25-41-555
85.13,-0.95,102.79,145.19,22-05-23-06-25-41-588
85.20,-0.83,102.14,145.13,22-05-23-06-25-41-624
84.91,-0.63,99.60,144.72,22-05-23-06-25-41-656
84.42,-0.39,96.59,144.57,22-05-23-06-25-41-693
83.85,-0.28,95.30,144.48,22-05-23-06-25-41-722
83.09,-0.17,94.12,144.63,22-05-23-06-25-41-755
82.41,-0.08,93.26,144.75,22-05-23-06-25-41-787
81.77,-0.03,92.72,144.81,22-05-23-06-25-41-822
81.21,0.01,92.35,144.84,22-05-23-06-25-41-858
80.74,0.04,92.10,144.81,22-05-23-06-25-41-887
80.33,0.05,91.90,144.77,22-05-23-06-25-41-924
79.31,-0.11,92.54,144.81,22-05-23-06-25-41-957
78.56,-0.24,92.73,144.46,22-05-23-06-25-41-988
78.08,-0.34,91.90,146.28,22-05-23-06-25-42-025
77.41,-0.51,91.88,146.64,22-05-23-06-25-42-056
76.92,-0.66,93.27,138.06,22-05-23-06-25-42-091
76.97,-0.72,93.27,130.46,22-05-23-06-25-42-121
77.21,-0.75,93.14,126.54,22-05-23-06-25-42-156
77.51,-0.81,92.67,122.66,22-05-23-06-25-42-188
77.58,-0.99,92.85,117.71,22-05-23-06-25-42-226
77.50,-1.26,93.36,110.17,22-05-23-06-25-42-258
77.11,-1.66,94.34,104.62,22-05-23-06-25-42-287
76.71,-2.01,95.16,95.82,22-05-23-06-25-42-322
76.28,-2.34,95.79,90.93,22-05-23-06-25-42-357
75.97,-2.57,96.04,86.26,22-05-23-06-25-42-387
75.76,-2.74,96.28,81.70,22-05-23-06-25-42-422
75.61,-2.86,96.82,75.11,22-05-23-06-25-42-453
75.51,-2.92,96.89,70.89,22-05-23-06-25-42-487
75.46,-2.93,96.96,65.53,22-05-23-06-25-42-524
75.44,-2.92,97.97,51.32,22-05-23-06-25-42-557
75.45,-2.90,97.44,46.66,22-05-23-06-25-42-587
75.49,-2.87,97.10,43.48,22-05-23-06-25-42-625
75.53,-2.84,96.75,40.99,22-05-23-06-25-42-655
75.58,-2.78,96.96,35.40,22-05-23-06-25-42-690
75.63,-2.72,97.23,30.29,22-05-23-06-25-42-723
75.69,-2.66,666.00,21.10,22-05-23-06-25-42-756
75.74,-2.58,666.00,15.47,22-05-23-06-25-42-788
75.82,-2.50,666.00,12.40,22-05-23-06-25-42-822
75.90,-2.41,666.00,10.19,22-05-23-06-25-42-858
75.97,-2.32,666.00,5.44,22-05-23-06-25-42-886
76.01,-2.22,666.00,3.92,22-05-23-06-25-42-923
76.08,-2.14,666.00,3.36,22-05-23-06-25-42-957
76.13,-2.06,666.00,3.68,22-05-23-06-25-42-988
76.12,-1.98,666.00,4.38,22-05-23-06-25-43-022
76.12,-1.88,666.00,5.09,22-05-23-06-25-43-057
76.09,-1.77,666.00,5.72,22-05-23-06-25-43-090
76.06,-1.67,666.00,6.24,22-05-23-06-25-43-123
76.02,-1.56,666.00,5.80,22-05-23-06-25-43-157
75.96,-1.45,666.00,5.99,22-05-23-06-25-43-187
75.91,-1.33,666.00,6.17,22-05-23-06-25-43-223
75.87,-1.18,666.00,6.35,22-05-23-06-25-43-257
75.81,-1.00,666.00,6.54,22-05-23-06-25-43-287
75.73,-0.82,666.00,6.75,22-05-23-06-25-43-323
75.61,-0.74,666.00,6.99,22-05-23-06-25-43-361
75.50,-0.67,666.00,7.36,22-05-23-06-25-43-388
75.40,-0.62,666.00,8.18,22-05-23-06-25-43-425
75.30,-0.58,666.00,10.05,22-05-23-06-25-43-456
75.22,-0.56,666.00,13.02,22-05-23-06-25-43-488
75.15,-0.58,666.00,15.73,22-05-23-06-25-43-523
75.10,-0.62,666.00,20.12,22-05-23-06-25-43-554
75.06,-0.67,89.92,33.92,22-05-23-06-25-43-589
75.03,-0.73,89.79,38.54,22-05-23-06-25-43-625
75.01,-0.79,89.78,41.21,22-05-23-06-25-43-654
74.99,-0.84,90.12,43.18,22-05-23-06-25-43-689
74.98,-0.88,90.14,46.29,22-05-23-06-25-43-722
74.98,-0.93,90.64,59.42,22-05-23-06-25-43-759
74.98,-1.00,90.89,68.30,22-05-23-06-25-43-789
74.99,-1.09,91.23,73.59,22-05-23-06-25-43-823
75.01,-1.22,91.79,77.19,22-05-23-06-25-43-857
75.02,-1.39,92.54,80.91,22-05-23-06-25-43-889
75.01,-1.62,93.60,85.71,22-05-23-06-25-43-922
75.01,-1.83,94.39,88.88,22-05-23-06-25-43-956
74.98,-2.05,95.41,92.03,22-05-23-06-25-43-987
74.97,-2.29,96.68,102.08,22-05-23-06-25-44-025
74.97,-2.51,97.46,106.71,22-05-23-06-25-44-056
75.12,-2.77,98.16,110.54,22-05-23-06-25-44-092
75.80,-3.13,99.69,113.29,22-05-23-06-25-44-124
76.24,-3.31,100.51,115.43,22-05-23-06-25-44-154
76.95,-3.46,101.55,116.77,22-05-23-06-25-44-190
78.21,-3.62,103.51,118.12,22-05-23-06-25-44-226
78.76,-3.59,104.14,121.04,22-05-23-06-25-44-252
79.10,-3.53,104.78,124.27,22-05-23-06-25-44-291
79.33,-3.43,105.12,137.76,22-05-23-06-25-44-326
79.43,-3.25,106.33,140.53,22-05-23-06-25-44-356
79.35,-2.87,103.61,146.34,22-05-23-06-25-44-390
79.46,-2.42,100.86,148.05,22-05-23-06-25-44-423
79.58,-2.02,98.85,146.26,22-05-23-06-25-44-454
79.66,-1.69,97.17,145.63,22-05-23-06-25-44-490
79.60,-1.40,95.54,145.08,22-05-23-06-25-44-521
79.46,-1.13,94.05,144.70,22-05-23-06-25-44-557
79.24,-0.93,92.89,143.94,22-05-23-06-25-44-591
78.99,-0.77,92.03,143.74,22-05-23-06-25-44-623
78.75,-0.71,91.96,143.68,22-05-23-06-25-44-656
78.31,-0.65,91.80,143.79,22-05-23-06-25-44-690
77.85,-0.58,91.77,143.80,22-05-23-06-25-44-723
77.57,-0.54,91.87,143.69,22-05-23-06-25-44-757
77.30,-0.48,90.82,144.58,22-05-23-06-25-44-790
77.01,-0.49,91.93,136.03,22-05-23-06-25-44-823
76.99,-0.53,91.90,130.49,22-05-23-06-25-44-857
76.93,-0.61,91.64,125.88,22-05-23-06-25-44-890
76.77,-0.74,90.96,121.21,22-05-23-06-25-44-923
76.58,-0.84,90.08,116.09,22-05-23-06-25-44-956
76.39,-0.93,89.66,105.00,22-05-23-06-25-44-988
76.07,-0.97,88.98,93.72,22-05-23-06-25-45-023
75.75,-0.98,88.65,87.65,22-05-23-06-25-45-057
75.54,-0.97,88.27,81.40,22-05-23-06-25-45-088
75.39,-0.94,88.11,76.62,22-05-23-06-25-45-123
75.30,-0.90,87.84,73.03,22-05-23-06-25-45-157
75.24,-0.85,87.44,70.02,22-05-23-06-25-45-189
75.21,-0.79,86.96,66.87,22-05-23-06-25-45-226
75.18,-0.72,87.71,55.25,22-05-23-06-25-45-255
75.17,-0.63,87.39,46.48,22-05-23-06-25-45-289
75.16,-0.53,87.03,43.04,22-05-23-06-25-45-323
75.16,-0.42,86.15,41.46,22-05-23-06-25-45-356
75.17,-0.31,84.78,36.70,22-05-23-06-25-45-391
75.18,-0.21,83.90,34.13,22-05-23-06-25-45-425
75.20,-0.11,82.91,32.36,22-05-23-06-25-45-457
75.22,0.01,666.00,28.55,22-05-23-06-25-45-489
75.24,0.14,666.00,25.60,22-05-23-06-25-45-527
75.27,0.27,666.00,23.10,22-05-23-06-25-45-556
75.30,0.41,666.00,21.25,22-05-23-06-25-45-591
75.42,0.61,666.00,19.40,22-05-23-06-25-45-623
75.56,0.83,666.00,16.64,22-05-23-06-25-45-655
75.69,1.04,666.00,13.18,22-05-23-06-25-45-689
75.83,1.23,666.00,11.16,22-05-23-06-25-45-725
76.01,1.43,666.00,7.89,22-05-23-06-25-45-756
76.23,1.61,666.00,6.62,22-05-23-06-25-45-789
76.45,1.80,666.00,5.75,22-05-23-06-25-45-822
76.60,1.97,666.00,5.42,22-05-23-06-25-45-856
76.72,2.12,666.00,5.29,22-05-23-06-25-45-888
76.81,2.24,666.00,5.30,22-05-23-06-25-45-923
76.88,2.34,666.00,5.37,22-05-23-06-25-45-957
76.93,2.42,666.00,5.50,22-05-23-06-25-45-993
76.97,2.49,666.00,5.66,22-05-23-06-25-46-025
76.98,2.53,666.00,5.83,22-05-23-06-25-46-057
76.94,2.53,666.00,6.02,22-05-23-06-25-46-090
76.91,2.52,666.00,6.23,22-05-23-06-25-46-124
76.88,2.50,666.00,6.50,22-05-23-06-25-46-157
76.85,2.49,666.00,7.03,22-05-23-06-25-46-192
76.82,2.47,666.00,7.91,22-05-23-06-25-46-223
76.79,2.45,666.00,9.13,22-05-23-06-25-46-261
76.77,2.44,666.00,10.62,22-05-23-06-25-46-290
76.75,2.42,666.00,13.28,22-05-23-06-25-46-322
76.73,2.39,666.00,16.37,22-05-23-06-25-46-360
76.70,2.35,666.00,19.04,22-05-23-06-25-46-389
76.66,2.25,85.46,32.13,22-05-23-06-25-46-422
76.61,2.14,84.55,36.20,22-05-23-06-25-46-457
76.56,2.03,84.85,44.07,22-05-23-06-25-46-488
76.51,1.90,84.87,47.69,22-05-23-06-25-46-526
76.46,1.76,85.35,49.10,22-05-23-06-25-46-560
76.40,1.60,84.07,57.84,22-05-23-06-25-46-588
76.36,1.42,84.01,63.63,22-05-23-06-25-46-624
76.34,1.24,84.31,68.46,22-05-23-06-25-46-656
76.33,1.02,85.06,72.37,22-05-23-06-25-46-689
76.31,0.78,85.94,77.54,22-05-23-06-25-46-727
76.33,0.58,86.75,81.75,22-05-23-06-25-46-758
76.37,0.38,87.57,86.00,22-05-23-06-25-46-789
76.39,0.15,88.71,97.70,22-05-23-06-25-46-821
76.44,-0.03,89.95,103.07,22-05-23-06-25-46-854
76.53,-0.12,90.15,107.26,22-05-23-06-25-46-885
76.94,-0.24,90.11,117.63,22-05-23-06-25-46-924
77.68,-0.44,90.69,120.43,22-05-23-06-25-46-959
78.86,-0.58,91.43,121.91,22-05-23-06-25-46-987
80.31,-0.70,92.37,122.75,22-05-23-06-25-47-021
80.86,-0.72,92.68,124.16,22-05-23-06-25-47-056
81.20,-0.73,93.56,127.10,22-05-23-06-25-47-089
81.44,-0.71,93.95,134.64,22-05-23-06-25-47-121
81.63,-0.71,94.18,137.09,22-05-23-06-25-47-156
81.78,-0.70,94.24,138.82,22-05-23-06-25-47-191
81.86,-0.67,94.07,140.08,22-05-23-06-25-47-223
81.82,-0.61,93.60,141.15,22-05-23-06-25-47-255
81.51,-0.53,92.77,142.18,22-05-23-06-25-47-290
81.19,-0.43,91.88,143.05,22-05-23-06-25-47-325
80.91,-0.35,91.14,143.73,22-05-23-06-25-47-356
80.62,-0.30,90.62,144.29,22-05-23-06-25-47-387
80.36,-0.24,90.11,144.74,22-05-23-06-25-47-423
80.12,-0.26,90.09,145.11,22-05-23-06-25-47-457
79.94,-0.27,90.26,145.03,22-05-23-06-25-47-488
79.82,-0.28,90.53,144.65,22-05-23-06-25-47-525
79.76,-0.28,89.75,146.11,22-05-23-06-25-47-554
79.68,-0.26,91.27,141.32,22-05-23-06-25-47-585
79.71,-0.26,90.53,132.52,22-05-23-06-25-47-627
79.82,-0.29,89.83,126.44,22-05-23-06-25-47-657
80.00,-0.32,89.01,120.15,22-05-23-06-25-47-689
79.73,-0.28,88.47,114.15,22-05-23-06-25-47-724
79.12,-0.26,86.92,104.58,22-05-23-06-25-47-758
78.19,-0.20,85.75,97.44,22-05-23-06-25-47-790
77.25,-0.12,84.37,91.22,22-05-23-06-25-47-823
76.60,-0.09,83.81,86.67,22-05-23-06-25-47-856
76.18,-0.09,83.50,83.14,22-05-23-06-25-47-889
75.89,-0.10,83.35,78.92,22-05-23-06-25-47-921
75.69,-0.12,83.28,75.33,22-05-23-06-25-47-956
75.55,-0.14,83.30,72.05,22-05-23-06-25-47-990
75.45,-0.15,83.32,65.67,22-05-23-06-25-48-021
75.38,-0.16,84.43,54.65,22-05-23-06-25-48-056
75.33,-0.16,85.12,48.60,22-05-23-06-25-48-087
75.33,-0.14,85.18,45.23,22-05-23-06-25-48-123
75.36,-0.10,84.80,42.97,22-05-23-06-25-48-158
75.40,-0.05,84.62,37.58,22-05-23-06-25-48-190
75.52,0.04,86.57,35.08,22-05-23-06-25-48-224
75.67,0.15,666.00,27.41,22-05-23-06-25-48-259
75.83,0.26,666.00,22.38,22-05-23-06-25-48-290
75.97,0.35,666.00,19.19,22-05-23-06-25-48-322
76.10,0.43,666.00,16.59,22-05-23-06-25-48-362
76.21,0.49,666.00,14.10,22-05-23-06-25-48-391
76.30,0.53,666.00,12.01,22-05-23-06-25-48-423
76.38,0.57,666.00,9.92,22-05-23-06-25-48-461
76.42,0.58,666.00,8.56,22-05-23-06-25-48-487
76.44,0.59,666.00,7.63,22-05-23-06-25-48-522
76.46,0.59,666.00,6.47,22-05-23-06-25-48-555
76.47,0.58,666.00,3.88,22-05-23-06-25-48-589
76.47,0.56,666.00,4.66,22-05-23-06-25-48-623
76.46,0.53,666.00,5.06,22-05-23-06-25-48-657
76.45,0.51,666.00,5.36,22-05-23-06-25-48-690
76.43,0.50,666.00,5.20,22-05-23-06-25-48-722
76.40,0.49,666.00,4.53,22-05-23-06-25-48-754
76.38,0.49,666.00,4.46,22-05-23-06-25-48-791
76.35,0.50,666.00,4.64,22-05-23-06-25-48-824
76.32,0.50,666.00,4.94,22-05-23-06-25-48-855
76.28,0.49,666.00,5.29,22-05-23-06-25-48-892
76.24,0.49,666.00,9.56,22-05-23-06-25-48-921
76.20,0.49,666.00,11.24,22-05-23-06-25-48-955
76.15,0.48,666.00,12.49,22-05-23-06-25-48-988
76.10,0.48,666.00,13.95,22-05-23-06-25-49-021
76.05,0.49,666.00,17.22,22-05-23-06-25-49-055
75.98,0.48,666.00,19.27,22-05-23-06-25-49-092
75.91,0.45,666.00,21.35,22-05-23-06-25-49-126
75.84,0.43,666.00,26.45,22-05-23-06-25-49-155
75.77,0.30,93.23,36.74,22-05-23-06-25-49-192
75.71,0.14,92.75,41.44,22-05-23-06-25-49-226
75.66,-0.01,92.54,44.01,22-05-23-06-25-49-257
75.63,-0.17,92.29,46.68,22-05-23-06-25-49-289
75.64,-0.29,92.08,50.48,22-05-23-06-25-49-320
75.65,-0.41,91.92,55.41,22-05-23-06-25-49-353
75.68,-0.58,91.43,60.95,22-05-23-06-25-49-392
75.73,-0.73,91.17,65.41,22-05-23-06-25-49-426
75.80,-0.92,91.44,69.27,22-05-23-06-25-49-458
75.89,-1.23,92.14,73.79,22-05-23-06-25-49-488
75.98,-1.55,93.03,78.52,22-05-23-06-25-49-529
76.05,-1.87,93.93,83.05,22-05-23-06-25-49-554
76.18,-2.07,94.54,90.58,22-05-23-06-25-49-590
76.43,-2.22,95.52,102.33,22-05-23-06-25-49-624
76.65,-2.29,96.27,108.69,22-05-23-06-25-49-652
77.35,-2.39,96.86,117.12,22-05-23-06-25-49-692
78.53,-2.58,98.59,119.17,22-05-23-06-25-49-722
80.01,-2.71,100.88,120.11,22-05-23-06-25-49-755
81.20,-2.76,102.92,126.64,22-05-23-06-25-49-790
82.27,-2.75,105.79,128.74,22-05-23-06-25-49-824
83.08,-2.67,108.46,138.83,22-05-23-06-25-49-858
83.59,-2.59,110.08,141.62,22-05-23-06-25-49-887
83.95,-2.52,111.10,143.31,22-05-23-06-25-49-923
84.20,-2.47,112.05,143.91,22-05-23-06-25-49-957
84.37,-2.41,113.01,143.53,22-05-23-06-25-49-988
84.47,-2.37,113.95,142.94,22-05-23-06-25-50-027
84.48,-2.28,113.77,142.78,22-05-23-06-25-50-054
84.43,-2.21,113.55,142.29,22-05-23-06-25-50-089
84.32,-2.12,112.99,141.86,22-05-23-06-25-50-125
84.17,-2.03,112.19,141.56,22-05-23-06-25-50-160
83.95,-1.97,111.33,141.40,22-05-23-06-25-50-187
83.64,-1.90,110.14,141.43,22-05-23-06-25-50-229
83.33,-1.82,108.86,141.47,22-05-23-06-25-50-259
83.00,-1.73,107.54,141.58,22-05-23-06-25-50-288
82.66,-1.63,106.24,141.72,22-05-23-06-25-50-325
82.38,-1.56,105.37,141.81,22-05-23-06-25-50-356
82.11,-1.51,104.67,141.85,22-05-23-06-25-50-390
81.85,-1.45,101.99,144.56,22-05-23-06-25-50-424
81.66,-1.40,100.35,145.97,22-05-23-06-25-50-457
81.00,-1.26,98.20,145.73,22-05-23-06-25-50-486
80.63,-1.14,96.80,145.21,22-05-23-06-25-50-525
80.45,-1.05,97.39,133.04,22-05-23-06-25-50-556
80.39,-1.00,96.02,123.48,22-05-23-06-25-50-589
79.90,-0.92,94.48,118.87,22-05-23-06-25-50-623
79.06,-0.82,92.89,115.56,22-05-23-06-25-50-656
78.26,-1.16,93.55,112.91,22-05-23-06-25-50-691
77.66,-1.38,93.44,109.83,22-05-23-06-25-50-722
77.06,-1.53,91.90,102.38,22-05-23-06-25-50-758
76.46,-1.59,90.63,91.35,22-05-23-06-25-50-789
76.02,-1.60,90.02,87.04,22-05-23-06-25-50-822
75.73,-1.59,89.50,83.42,22-05-23-06-25-50-855
75.52,-1.56,89.20,80.30,22-05-23-06-25-50-889
75.38,-1.52,88.97,76.76,22-05-23-06-25-50-921
75.29,-1.46,88.48,73.22,22-05-23-06-25-50-955
75.23,-1.38,87.98,69.55,22-05-23-06-25-50-992
75.21,-1.28,87.04,64.00,22-05-23-06-25-51-023
75.24,-1.11,85.71,58.00,22-05-23-06-25-51-053
75.38,-0.81,84.34,52.45,22-05-23-06-25-51-087
75.65,-0.41,82.92,48.29,22-05-23-06-25-51-122
75.96,-0.02,81.64,44.67,22-05-23-06-25-51-154
76.30,0.39,78.88,35.57,22-05-23-06-25-51-188
76.62,0.73,77.04,30.84,22-05-23-06-25-51-220
76.90,1.04,666.00,23.57,22-05-23-06-25-51-254
77.15,1.31,666.00,20.34,22-05-23-06-25-51-289
77.38,1.56,666.00,17.76,22-05-23-06-25-51-322
77.58,1.76,666.00,15.85,22-05-23-06-25-51-358
77.76,1.97,666.00,13.99,22-05-23-06-25-51-388
77.92,2.21,666.00,12.43,22-05-23-06-25-51-424
78.09,2.48,666.00,11.17,22-05-23-06-25-51-454
78.21,2.70,666.00,10.14,22-05-23-06-25-51-492
78.33,2.99,666.00,9.19,22-05-23-06-25-51-522
78.40,3.20,666.00,8.41,22-05-23-06-25-51-554
78.42,3.35,666.00,7.74,22-05-23-06-25-51-590
78.40,3.46,666.00,7.24,22-05-23-06-25-51-623
78.35,3.55,666.00,6.87,22-05-23-06-25-51-656
78.30,3.62,666.00,6.62,22-05-23-06-25-51-692
78.24,3.66,666.00,6.46,22-05-23-06-25-51-722
78.19,3.67,666.00,6.39,22-05-23-06-25-51-755
78.13,3.67,666.00,6.38,22-05-23-06-25-51-789
78.08,3.66,666.00,4.32,22-05-23-06-25-51-828
78.03,3.64,666.00,4.46,22-05-23-06-25-51-856
77.99,3.62,666.00,4.98,22-05-23-06-25-51-892
77.95,3.59,666.00,5.98,22-05-23-06-25-51-923
77.90,3.55,666.00,8.18,22-05-23-06-25-51-957
77.85,3.51,666.00,10.68,22-05-23-06-25-51-992
77.79,3.47,666.00,14.08,22-05-23-06-25-52-025
77.72,3.39,666.00,16.75,22-05-23-06-25-52-056
77.65,3.28,666.00,22.56,22-05-23-06-25-52-092
77.57,3.16,666.00,28.08,22-05-23-06-25-52-125
77.50,3.02,81.53,40.21,22-05-23-06-25-52-157
77.45,2.86,81.05,45.89,22-05-23-06-25-52-192
77.43,2.69,81.62,48.26,22-05-23-06-25-52-224
77.43,2.50,81.44,53.86,22-05-23-06-25-52-256
77.43,2.32,81.56,62.71,22-05-23-06-25-52-291
77.43,2.15,81.80,66.79,22-05-23-06-25-52-322
77.45,1.96,82.28,70.01,22-05-23-06-25-52-355
77.48,1.75,82.62,74.13,22-05-23-06-25-52-388
77.51,1.58,82.97,79.72,22-05-23-06-25-52-423
77.53,1.44,83.34,83.19,22-05-23-06-25-52-455
77.57,1.29,83.83,90.00,22-05-23-06-25-52-488
77.64,1.17,84.36,100.66,22-05-23-06-25-52-520
77.78,1.03,84.86,107.62,22-05-23-06-25-52-556
78.04,0.94,85.29,112.13,22-05-23-06-25-52-588
78.66,0.73,86.10,115.36,22-05-23-06-25-52-626
79.49,0.44,87.17,118.64,22-05-23-06-25-52-660
80.28,0.19,88.17,120.30,22-05-23-06-25-52-689
81.01,0.02,89.01,121.35,22-05-23-06-25-52-726
81.76,-0.13,89.96,122.06,22-05-23-06-25-52-755
82.48,-0.21,91.36,123.55,22-05-23-06-25-52-787
83.05,-0.22,93.68,130.72,22-05-23-06-25-52-825
83.46,-0.18,94.26,133.83,22-05-23-06-25-52-858
83.78,-0.11,94.14,135.63,22-05-23-06-25-52-892
83.96,-0.03,93.66,136.86,22-05-23-06-25-52-922
83.88,0.11,92.49,138.26,22-05-23-06-25-52-958
83.71,0.26,91.24,139.34,22-05-23-06-25-52-991
83.45,0.42,89.98,140.26,22-05-23-06-25-53-024
83.14,0.59,88.71,141.03,22-05-23-06-25-53-058
82.78,0.75,87.67,141.73,22-05-23-06-25-53-090
82.42,0.90,86.74,142.32,22-05-23-06-25-53-125
82.10,1.04,86.03,142.75,22-05-23-06-25-53-159
81.86,1.14,85.56,142.98,22-05-23-06-25-53-186
81.68,1.23,85.14,143.15,22-05-23-06-25-53-224
81.55,1.30,84.62,142.90,22-05-23-06-25-53-257
81.50,1.37,83.77,142.81,22-05-23-06-25-53-291
81.59,1.44,82.82,132.49,22-05-23-06-25-53-321
80.92,1.45,82.91,123.98,22-05-23-06-25-53-357
80.04,1.36,83.68,119.84,22-05-23-06-25-53-386
79.75,1.25,84.04,115.09,22-05-23-06-25-53-423
79.47,1.16,84.09,110.54,22-05-23-06-25-53-457
79.28,1.09,83.57,101.76,22-05-23-06-25-53-487
78.93,0.88,84.09,93.63,22-05-23-06-25-53-523
78.48,0.63,84.81,85.02,22-05-23-06-25-53-556
78.12,0.46,85.27,79.59,22-05-23-06-25-53-593
77.80,0.30,85.83,75.14,22-05-23-06-25-53-622
77.57,0.21,86.25,69.81,22-05-23-06-25-53-657
77.41,0.16,86.37,65.75,22-05-23-06-25-53-691
77.28,0.15,86.16,59.71,22-05-23-06-25-53-720
77.18,0.16,84.58,46.83,22-05-23-06-25-53-755
77.10,0.19,83.87,42.82,22-05-23-06-25-53-787
77.06,0.24,82.92,35.88,22-05-23-06-25-53-825
77.02,0.31,82.71,31.63,22-05-23-06-25-53-855
77.00,0.38,666.00,29.02,22-05-23-06-25-53-891
76.98,0.47,666.00,26.79,22-05-23-06-25-53-927
76.97,0.60,666.00,22.47,22-05-23-06-25-53-956
76.97,0.76,666.00,19.40,22-05-23-06-25-53-988
76.96,0.92,666.00,17.17,22-05-23-06-25-54-021
76.92,1.11,666.00,14.47,22-05-23-06-25-54-053
76.82,1.33,666.00,12.08,22-05-23-06-25-54-092
76.67,1.57,666.00,9.21,22-05-23-06-25-54-123
76.40,1.85,666.00,7.26,22-05-23-06-25-54-156
76.07,2.14,666.00,6.16,22-05-23-06-25-54-190
75.76,2.42,666.00,5.49,22-05-23-06-25-54-223
75.49,2.67,666.00,5.06,22-05-23-06-25-54-256
75.26,2.88,666.00,4.92,22-05-23-06-25-54-287
75.05,3.05,666.00,4.94,22-05-23-06-25-54-323
74.86,3.17,666.00,4.88,22-05-23-06-25-54-356
74.68,3.26,666.00,4.87,22-05-23-06-25-54-388
74.53,3.32,666.00,4.93,22-05-23-06-25-54-423
74.42,3.35,666.00,5.03,22-05-23-06-25-54-459
74.34,3.36,666.00,5.13,22-05-23-06-25-54-489
74.27,3.34,666.00,5.22,22-05-23-06-25-54-525
74.22,3.31,666.00,5.34,22-05-23-06-25-54-557
74.18,3.28,666.00,5.54,22-05-23-06-25-54-587
74.14,3.25,666.00,5.93,22-05-23-06-25-54-624
74.11,3.24,666.00,6.79,22-05-23-06-25-54-658
74.08,3.25,666.00,8.16,22-05-23-06-25-54-689
74.07,3.26,666.00,11.56,22-05-23-06-25-54-723
74.05,3.26,666.00,15.72,22-05-23-06-25-54-754
74.05,3.27,666.00,19.66,22-05-23-06-25-54-791
74.06,3.29,666.00,22.81,22-05-23-06-25-54-823
74.06,3.30,666.00,26.57,22-05-23-06-25-54-856
74.07,3.30,666.00,28.43,22-05-23-06-25-54-893
74.11,3.30,80.29,44.37,22-05-23-06-25-54-923
74.16,3.29,79.54,49.94,22-05-23-06-25-54-954
74.23,3.28,79.63,54.29,22-05-23-06-25-54-988
74.32,3.25,78.15,66.91,22-05-23-06-25-55-021
74.42,3.20,77.48,73.98,22-05-23-06-25-55-058
74.54,3.16,77.27,79.06,22-05-23-06-25-55-090
74.67,3.10,77.17,86.18,22-05-23-06-25-55-123
74.79,3.06,77.05,90.69,22-05-23-06-25-55-157
74.94,3.01,77.31,101.79,22-05-23-06-25-55-189
75.26,2.98,76.89,108.50,22-05-23-06-25-55-223
75.61,2.98,76.37,117.29,22-05-23-06-25-55-255
77.00,3.01,74.87,119.95,22-05-23-06-25-55-290
78.93,3.14,71.61,120.44,22-05-23-06-25-55-322
81.18,3.33,66.71,121.29,22-05-23-06-25-55-355
82.16,3.44,63.63,122.15,22-05-23-06-25-55-389
83.15,3.64,59.90,124.11,22-05-23-06-25-55-421
83.97,3.85,59.68,130.30,22-05-23-06-25-55-456
84.70,4.05,55.61,134.82,22-05-23-06-25-55-489
85.19,4.20,51.07,137.90,22-05-23-06-25-55-522
85.49,4.33,47.88,140.75,22-05-23-06-25-55-555
85.44,4.33,48.23,142.44,22-05-23-06-25-55-589
85.28,4.31,49.46,143.74,22-05-23-06-25-55-622
85.02,4.27,51.25,144.80,22-05-23-06-25-55-657
84.65,4.22,53.54,145.67,22-05-23-06-25-55-687
84.31,4.20,55.39,146.30,22-05-23-06-25-55-721
83.99,4.19,56.77,146.75,22-05-23-06-25-55-755
83.67,4.20,57.90,147.04,22-05-23-06-25-55-787
83.34,4.24,58.79,147.23,22-05-23-06-25-55-823
83.09,4.27,58.62,145.98,22-05-23-06-25-55-857
82.33,4.41,60.99,144.01,22-05-23-06-25-55-889
81.99,4.40,62.59,142.23,22-05-23-06-25-55-923
81.29,4.31,65.12,133.64,22-05-23-06-25-55-956
80.50,4.11,67.83,127.97,22-05-23-06-25-55-989
80.25,3.91,68.22,121.85,22-05-23-06-25-56-021
80.18,3.70,68.07,115.90,22-05-23-06-25-56-056
79.93,3.44,68.99,107.24,22-05-23-06-25-56-093
79.75,3.22,70.35,97.74,22-05-23-06-25-56-122
79.50,2.98,71.45,85.47,22-05-23-06-25-56-158
79.21,2.71,72.74,79.61,22-05-23-06-25-56-189
78.98,2.49,73.52,75.32,22-05-23-06-25-56-224
78.79,2.31,74.33,69.94,22-05-23-06-25-56-258
78.65,2.16,74.87,65.94,22-05-23-06-25-56-289
78.55,2.05,74.83,57.80,22-05-23-06-25-56-324
78.47,1.94,75.40,47.89,22-05-23-06-25-56-356
78.40,1.85,75.23,44.19,22-05-23-06-25-56-387
78.33,1.78,75.22,41.76,22-05-23-06-25-56-422
78.25,1.72,75.70,39.22,22-05-23-06-25-56-453
78.19,1.67,76.68,36.20,22-05-23-06-25-56-489
78.15,1.61,666.00,29.66,22-05-23-06-25-56-522
78.11,1.56,666.00,23.44,22-05-23-06-25-56-555
78.05,1.53,666.00,15.39,22-05-23-06-25-56-587
77.94,1.53,666.00,9.41,22-05-23-06-25-56-625
77.79,1.57,666.00,6.32,22-05-23-06-25-56-654
77.62,1.64,666.00,4.28,22-05-23-06-25-56-690
77.40,1.77,666.00,2.95,22-05-23-06-25-56-724
77.16,1.91,666.00,2.24,22-05-23-06-25-56-753
76.90,2.05,666.00,2.12,22-05-23-06-25-56-789
76.62,2.18,666.00,2.47,22-05-23-06-25-56-824
76.35,2.28,666.00,3.01,22-05-23-06-25-56-855
76.07,2.33,666.00,3.70,22-05-23-06-25-56-890
75.80,2.36,666.00,4.51,22-05-23-06-25-56-922
75.56,2.37,666.00,5.28,22-05-23-06-25-56-956
75.35,2.36,666.00,6.02,22-05-23-06-25-56-990
75.16,2.34,666.00,6.81,22-05-23-06-25-57-021
74.98,2.31,666.00,7.96,22-05-23-06-25-57-057
74.81,2.26,666.00,10.08,22-05-23-06-25-57-088
74.65,2.17,666.00,12.62,22-05-23-06-25-57-123
74.49,2.08,666.00,14.95,22-05-23-06-25-57-157
74.34,1.98,666.00,17.43,22-05-23-06-25-57-190
74.21,1.87,666.00,21.76,22-05-23-06-25-57-226
74.09,1.76,92.09,32.27,22-05-23-06-25-57-257
74.03,1.62,90.42,37.85,22-05-23-06-25-57-286
73.99,1.45,89.88,40.60,22-05-23-06-25-57-324
74.01,1.25,89.68,42.50,22-05-23-06-25-57-357
74.07,1.06,89.49,44.50,22-05-23-06-25-57-389
74.13,0.89,87.31,56.20,22-05-23-06-25-57-423
74.21,0.75,86.12,67.52,22-05-23-06-25-57-454
74.28,0.64,85.79,72.77,22-05-23-06-25-57-490
74.35,0.55,86.03,77.48,22-05-23-06-25-57-526
74.42,0.47,85.99,81.44,22-05-23-06-25-57-556
74.49,0.40,86.03,85.52,22-05-23-06-25-57-590
74.57,0.34,86.52,91.09,22-05-23-06-25-57-620
74.67,0.26,86.83,99.00,22-05-23-06-25-57-655
74.79,0.17,87.30,111.97,22-05-23-06-25-57-690
75.76,-0.12,88.32,118.30,22-05-23-06-25-57-725
77.12,-0.38,89.35,120.75,22-05-23-06-25-57-759
78.73,-0.56,90.38,122.12,22-05-23-06-25-57-790
80.14,-0.70,91.52,123.61,22-05-23-06-25-57-825
81.31,-0.79,93.62,125.65,22-05-23-06-25-57-857
81.79,-0.81,92.00,137.24,22-05-23-06-25-57-893
82.12,-0.81,94.14,139.42,22-05-23-06-25-57-923
82.34,-0.78,93.85,144.92,22-05-23-06-25-57-956
82.53,-0.78,94.99,145.25,22-05-23-06-25-57-988
82.41,-0.70,95.22,144.20,22-05-23-06-25-58-026
82.41,-0.66,94.72,145.06,22-05-23-06-25-58-055
82.39,-0.62,94.67,144.46,22-05-23-06-25-58-090
82.36,-0.58,93.86,145.23,22-05-23-06-25-58-122
82.30,-0.54,94.64,143.55,22-05-23-06-25-58-154
82.18,-0.49,94.68,142.95,22-05-23-06-25-58-190
82.03,-0.44,94.56,142.55,22-05-23-06-25-58-224
81.83,-0.38,94.33,142.06,22-05-23-06-25-58-256
81.63,-0.32,93.98,141.75,22-05-23-06-25-58-285
81.52,-0.24,92.66,141.76,22-05-23-06-25-58-324
81.08,-0.10,91.09,143.29,22-05-23-06-25-58-357
80.78,0.02,88.78,143.39,22-05-23-06-25-58-392
80.39,0.12,88.88,133.44,22-05-23-06-25-58-423
79.85,0.18,88.80,127.77,22-05-23-06-25-58-458
79.11,0.12,88.55,123.69,22-05-23-06-25-58-489
78.88,0.07,87.57,118.81,22-05-23-06-25-58-524
78.67,0.01,84.83,106.74,22-05-23-06-25-58-556
78.44,-0.07,84.78,104.11,22-05-23-06-25-58-590
78.18,-0.14,84.62,100.13,22-05-23-06-25-58-620
77.74,-0.21,84.61,96.87,22-05-23-06-25-58-653
77.34,-0.26,84.45,92.78,22-05-23-06-25-58-688
77.03,-0.27,84.02,88.35,22-05-23-06-25-58-723
76.77,-0.28,83.75,83.83,22-05-23-06-25-58-758
76.57,-0.26,83.51,78.01,22-05-23-06-25-58-787
76.41,-0.23,83.37,73.18,22-05-23-06-25-58-822
76.29,-0.20,83.21,69.18,22-05-23-06-25-58-856
76.20,-0.15,82.90,55.62,22-05-23-06-25-58-887
76.13,-0.10,82.60,48.37,22-05-23-06-25-58-924
76.07,-0.03,82.13,43.73,22-05-23-06-25-58-955
76.04,0.05,81.64,40.80,22-05-23-06-25-58-989
76.03,0.17,81.15,38.43,22-05-23-06-25-59-026
76.03,0.29,81.90,38.12,22-05-23-06-25-59-057
76.04,0.40,80.44,33.21,22-05-23-06-25-59-089
76.06,0.53,79.46,30.39,22-05-23-06-25-59-125
76.10,0.66,666.00,27.26,22-05-23-06-25-59-155
76.15,0.80,666.00,24.41,22-05-23-06-25-59-189
76.20,0.93,666.00,22.29,22-05-23-06-25-59-224
76.25,1.07,666.00,20.29,22-05-23-06-25-59-254
76.30,1.20,666.00,17.78,22-05-23-06-25-59-290
76.35,1.34,666.00,15.42,22-05-23-06-25-59-324
76.39,1.46,666.00,12.83,22-05-23-06-25-59-356
76.42,1.56,666.00,10.66,22-05-23-06-25-59-391
76.44,1.64,666.00,8.67,22-05-23-06-25-59-425
76.44,1.72,666.00,7.35,22-05-23-06-25-59-454
76.43,1.79,666.00,2.84,22-05-23-06-25-59-490
76.37,1.87,666.00,2.55,22-05-23-06-25-59-524
76.26,1.94,666.00,2.74,22-05-23-06-25-59-556
76.14,2.01,666.00,3.10,22-05-23-06-25-59-588
75.98,2.07,666.00,3.38,22-05-23-06-25-59-622
75.80,2.10,666.00,3.90,22-05-23-06-25-59-656
75.62,2.13,666.00,4.60,22-05-23-06-25-59-688
75.44,2.13,666.00,5.43,22-05-23-06-25-59-720
75.29,2.08,666.00,6.72,22-05-23-06-25-59-756
75.15,2.03,666.00,8.73,22-05-23-06-25-59-789
75.02,1.97,666.00,11.13,22-05-23-06-25-59-823
74.90,1.90,666.00,15.18,22-05-23-06-25-59-857
74.80,1.83,666.00,17.74,22-05-23-06-25-59-888
74.70,1.76,666.00,22.40,22-05-23-06-25-59-925
74.63,1.68,666.00,25.41,22-05-23-06-25-59-956
74.58,1.55,85.79,34.68,22-05-23-06-25-59-987
74.55,1.42,85.73,46.19,22-05-23-06-26-00-025
74.54,1.26,86.02,49.55,22-05-23-06-26-00-056
74.55,1.10,86.34,51.48,22-05-23-06-26-00-089
74.57,0.95,86.62,53.91,22-05-23-06-26-00-122
74.63,0.79,86.13,66.12,22-05-23-06-26-00-155
74.69,0.63,86.15,74.23,22-05-23-06-26-00-190
74.77,0.48,86.19,80.82,22-05-23-06-26-00-225
74.90,0.35,86.26,85.36,22-05-23-06-26-00-256
75.03,0.26,87.63,94.65,22-05-23-06-26-00-287
75.31,0.14,88.51,99.08,22-05-23-06-26-00-321
75.56,0.05,88.52,105.23,22-05-23-06-26-00-359
76.79,-0.15,88.67,110.65,22-05-23-06-26-00-391
77.61,-0.24,88.70,115.07,22-05-23-06-26-00-424
79.05,-0.38,88.92,118.44,22-05-23-06-26-00-457
80.66,-0.57,89.86,120.38,22-05-23-06-26-00-488
82.10,-0.65,90.33,122.55,22-05-23-06-26-00-524
83.26,-0.67,90.88,123.84,22-05-23-06-26-00-554
84.19,-0.65,91.63,125.64,22-05-23-06-26-00-590
84.89,-0.60,92.55,137.60,22-05-23-06-26-00-623
85.29,-0.54,92.84,140.25,22-05-23-06-26-00-655
85.57,-0.46,92.45,141.78,22-05-23-06-26-00-688
85.72,-0.38,91.75,142.55,22-05-23-06-26-00-722
85.69,-0.27,90.28,142.87,22-05-23-06-26-00-755
85.46,-0.14,88.50,142.93,22-05-23-06-26-00-790
85.09,-0.01,86.78,142.90,22-05-23-06-26-00-821
84.56,0.10,85.57,142.92,22-05-23-06-26-00-857
84.05,0.19,84.73,142.90,22-05-23-06-26-00-891
83.58,0.27,84.13,142.86,22-05-23-06-26-00-923
83.17,0.34,83.64,142.85,22-05-23-06-26-00-955
82.86,0.39,83.29,142.81,22-05-23-06-26-00-989
82.69,0.42,83.10,142.59,22-05-23-06-26-01-022
82.58,0.45,82.74,143.20,22-05-23-06-26-01-056
82.14,0.50,85.68,135.12,22-05-23-06-26-01-090
82.03,0.51,85.52,129.28,22-05-23-06-26-01-125
80.43,0.57,83.96,122.50,22-05-23-06-26-01-156
79.86,0.55,82.85,117.20,22-05-23-06-26-01-190
79.34,0.53,82.22,111.27,22-05-23-06-26-01-226
78.87,0.53,80.07,101.75,22-05-23-06-26-01-254
78.37,0.52,79.51,95.58,22-05-23-06-26-01-293
77.82,0.47,79.42,88.92,22-05-23-06-26-01-327
77.33,0.39,79.90,83.63,22-05-23-06-26-01-358
76.97,0.34,80.81,76.73,22-05-23-06-26-01-391
76.69,0.28,81.08,72.37,22-05-23-06-26-01-422
76.47,0.25,80.97,67.70,22-05-23-06-26-01-455
76.30,0.26,80.92,54.59,22-05-23-06-26-01-493
76.20,0.31,80.71,46.17,22-05-23-06-26-01-525
76.13,0.37,80.46,43.08,22-05-23-06-26-01-558
76.09,0.44,79.22,37.12,22-05-23-06-26-01-590
76.07,0.52,78.54,34.41,22-05-23-06-26-01-622
76.06,0.61,77.95,31.75,22-05-23-06-26-01-655
76.05,0.71,666.00,26.84,22-05-23-06-26-01-689
76.05,0.80,666.00,22.53,22-05-23-06-26-01-726
76.06,0.90,666.00,19.07,22-05-23-06-26-01-758
76.07,0.99,666.00,15.16,22-05-23-06-26-01-790
76.07,1.08,666.00,12.16,22-05-23-06-26-01-823
76.06,1.17,666.00,9.43,22-05-23-06-26-01-856
76.04,1.27,666.00,7.07,22-05-23-06-26-01-888
75.98,1.37,666.00,5.24,22-05-23-06-26-01-925
75.86,1.46,666.00,4.15,22-05-23-06-26-01-956
75.67,1.56,666.00,3.70,22-05-23-06-26-01-990
75.45,1.65,666.00,3.63,22-05-23-06-26-02-020
75.24,1.73,666.00,3.69,22-05-23-06-26-02-058
75.04,1.80,666.00,3.85,22-05-23-06-26-02-089
74.85,1.84,666.00,3.90,22-05-23-06-26-02-120
74.68,1.88,666.00,4.09,22-05-23-06-26-02-153
74.52,1.92,666.00,4.40,22-05-23-06-26-02-190
74.35,1.94,666.00,5.13,22-05-23-06-26-02-224
74.18,1.97,666.00,6.53,22-05-23-06-26-02-255
74.01,1.99,666.00,9.17,22-05-23-06-26-02-291
73.86,2.02,666.00,13.58,22-05-23-06-26-02-324
73.73,2.05,666.00,17.47,22-05-23-06-26-02-358
73.62,2.06,666.00,20.62,22-05-23-06-26-02-391
73.54,2.08,666.00,24.92,22-05-23-06-26-02-420
73.49,2.09,666.00,27.68,22-05-23-06-26-02-456
73.45,2.09,85.58,42.66,22-05-23-06-26-02-493
73.45,2.09,84.74,51.36,22-05-23-06-26-02-521
73.50,2.03,83.77,54.63,22-05-23-06-26-02-557
73.56,1.96,83.42,57.81,22-05-23-06-26-02-589
73.67,1.87,82.10,68.70,22-05-23-06-26-02-620
73.79,1.78,81.40,74.55,22-05-23-06-26-02-656
73.92,1.69,80.93,78.90,22-05-23-06-26-02-689
74.07,1.59,80.74,83.58,22-05-23-06-26-02-720
74.20,1.51,80.54,88.62,22-05-23-06-26-02-754
74.40,1.39,80.47,92.02,22-05-23-06-26-02-787
74.85,1.28,81.07,103.09,22-05-23-06-26-02-826
75.26,1.21,81.33,110.12,22-05-23-06-26-02-854
75.65,1.18,81.30,119.05,22-05-23-06-26-02-891
76.78,1.12,81.06,121.71,22-05-23-06-26-02-926
78.94,1.03,80.24,122.97,22-05-23-06-26-02-953
80.95,1.08,77.93,124.32,22-05-23-06-26-02-993
82.83,1.25,74.39,124.72,22-05-23-06-26-03-023
84.12,1.38,70.95,125.25,22-05-23-06-26-03-054
85.07,1.52,67.86,126.96,22-05-23-06-26-03-091
85.76,1.64,65.15,131.48,22-05-23-06-26-03-125
86.21,1.72,62.40,134.15,22-05-23-06-26-03-154
86.51,1.88,58.91,135.62,22-05-23-06-26-03-192
86.65,2.03,56.26,136.70,22-05-23-06-26-03-228
86.58,2.18,55.35,137.61,22-05-23-06-26-03-255
86.34,2.31,55.71,138.38,22-05-23-06-26-03-289
86.07,2.48,55.94,139.01,22-05-23-06-26-03-322
85.70,2.60,57.13,139.59,22-05-23-06-26-03-357
85.32,2.72,58.25,140.13,22-05-23-06-26-03-389
84.95,2.83,59.13,140.69,22-05-23-06-26-03-422
84.69,2.93,59.49,140.95,22-05-23-06-26-03-453
84.41,3.10,58.95,140.75,22-05-23-06-26-03-488
84.22,3.20,59.52,134.95,22-05-23-06-26-03-526
84.10,3.25,59.09,128.94,22-05-23-06-26-03-555
83.85,3.29,58.03,122.50,22-05-23-06-26-03-589
82.63,3.42,59.36,115.87,22-05-23-06-26-03-623
81.38,3.51,62.70,107.21,22-05-23-06-26-03-655
80.40,3.49,64.80,101.76,22-05-23-06-26-03-688
79.49,3.49,64.70,90.75,22-05-23-06-26-03-723
78.78,3.49,64.96,84.88,22-05-23-06-26-03-755
78.18,3.46,65.23,79.93,22-05-23-06-26-03-788
77.75,3.41,65.77,74.00,22-05-23-06-26-03-823
77.44,3.37,66.30,69.86,22-05-23-06-26-03-855
77.23,3.32,66.84,66.09,22-05-23-06-26-03-890
77.06,3.27,67.42,62.26,22-05-23-06-26-03-920
76.93,3.22,67.52,48.95,22-05-23-06-26-03-956
76.83,3.18,67.98,45.56,22-05-23-06-26-03-989
76.74,3.17,69.09,37.82,22-05-23-06-26-04-023
76.65,3.20,69.54,34.86,22-05-23-06-26-04-056
76.64,3.23,69.85,32.85,22-05-23-06-26-04-091
76.74,3.27,70.07,30.91,22-05-23-06-26-04-121
76.88,3.31,666.00,29.01,22-05-23-06-26-04-157
77.08,3.34,666.00,26.84,22-05-23-06-26-04-190
77.25,3.36,666.00,24.75,22-05-23-06-26-04-221
77.40,3.35,666.00,22.51,22-05-23-06-26-04-258
77.52,3.33,666.00,20.26,22-05-23-06-26-04-292
77.62,3.30,666.00,18.62,22-05-23-06-26-04-323
77.66,3.24,666.00,16.75,22-05-23-06-26-04-359
77.67,3.17,666.00,13.77,22-05-23-06-26-04-389
77.57,3.03,666.00,10.20,22-05-23-06-26-04-422
77.30,2.84,666.00,7.75,22-05-23-06-26-04-458
76.64,2.55,666.00,7.19,22-05-23-06-26-04-489
75.94,2.28,666.00,7.42,22-05-23-06-26-04-524
75.19,2.01,666.00,6.21,22-05-23-06-26-04-557
74.46,1.79,666.00,5.63,22-05-23-06-26-04-590
73.77,1.60,666.00,6.55,22-05-23-06-26-04-624
73.22,1.45,666.00,5.30,22-05-23-06-26-04-656
72.79,1.33,666.00,5.05,22-05-23-06-26-04-686
72.46,1.23,666.00,3.96,22-05-23-06-26-04-723
72.23,1.17,666.00,4.27,22-05-23-06-26-04-757
72.07,1.13,666.00,4.78,22-05-23-06-26-04-795
71.97,1.10,666.00,5.10,22-05-23-06-26-04-821
71.90,1.08,666.00,6.12,22-05-23-06-26-04-855
71.85,1.07,666.00,7.26,22-05-23-06-26-04-891
71.83,1.06,666.00,8.18,22-05-23-06-26-04-921
71.81,1.06,666.00,9.15,22-05-23-06-26-04-956
71.80,1.06,666.00,9.98,22-05-23-06-26-04-987
71.80,1.05,666.00,15.08,22-05-23-06-26-05-025
71.81,1.05,666.00,16.37,22-05-23-06-26-05-057
71.83,1.05,666.00,17.19,22-05-23-06-26-05-092
71.85,1.05,666.00,17.74,22-05-23-06-26-05-125
71.87,1.05,666.00,18.08,22-05-23-06-26-05-156
71.91,1.06,666.00,18.34,22-05-23-06-26-05-191
71.95,1.07,666.00,18.44,22-05-23-06-26-05-223
72.00,1.09,666.00,18.22,22-05-23-06-26-05-258
72.05,1.11,666.00,17.81,22-05-23-06-26-05-287
72.08,1.14,666.00,15.83,22-05-23-06-26-05-324
71.69,0.99,666.00,13.45,22-05-23-06-26-05-355
70.45,0.62,666.00,8.76,22-05-23-06-26-05-390
68.17,0.10,666.00,8.75,22-05-23-06-26-05-423
65.27,-0.34,666.00,10.04,22-05-23-06-26-05-456
61.39,-0.77,666.00,9.80,22-05-23-06-26-05-489
56.24,-0.94,666.00,12.15,22-05-23-06-26-05-524
52.83,-1.35,666.00,13.05,22-05-23-06-26-05-556
49.98,-1.80,666.00,12.50,22-05-23-06-26-05-591
46.56,-2.40,666.00,11.59,22-05-23-06-26-05-627
43.26,-3.40,666.00,11.59,22-05-23-06-26-05-654
38.87,-5.25,666.00,12.72,22-05-23-06-26-05-689
35.16,-7.20,666.00,14.12,22-05-23-06-26-05-725
32.37,-8.76,666.00,15.43,22-05-23-06-26-05-758
29.92,-10.23,666.00,16.51,22-05-23-06-26-05-788
27.78,-11.64,666.00,17.04,22-05-23-06-26-05-826
25.20,-12.71,666.00,19.92,22-05-23-06-26-05-857
23.13,-13.57,666.00,19.96,22-05-23-06-26-05-888
20.73,-14.80,666.00,20.51,22-05-23-06-26-05-921
17.68,-16.87,666.00,20.83,22-05-23-06-26-05-954
15.31,-19.21,666.00,20.03,22-05-23-06-26-05-987
13.58,-21.01,666.00,20.78,22-05-23-06-26-06-023
12.37,-22.75,666.00,21.00,22-05-23-06-26-06-055
11.50,-24.36,666.00,21.48,22-05-23-06-26-06-091
10.90,-25.82,666.00,21.75,22-05-23-06-26-06-122
10.47,-27.09,666.00,21.79,22-05-23-06-26-06-156
10.17,-28.22,666.00,21.59,22-05-23-06-26-06-190
9.97,-29.12,666.00,21.20,22-05-23-06-26-06-223
9.86,-29.90,666.00,20.73,22-05-23-06-26-06-258
9.82,-30.52,666.00,20.15,22-05-23-06-26-06-287
9.83,-31.08,666.00,19.77,22-05-23-06-26-06-323
9.87,-31.53,666.00,19.41,22-05-23-06-26-06-360
9.92,-31.87,666.00,19.21,22-05-23-06-26-06-387
9.98,-32.16,666.00,19.06,22-05-23-06-26-06-422
10.04,-32.37,666.00,18.97,22-05-23-06-26-06-457
10.09,-32.53,666.00,18.90,22-05-23-06-26-06-489
10.15,-32.65,666.00,18.86,22-05-23-06-26-06-522
10.20,-32.77,666.00,18.82,22-05-23-06-26-06-553
10.24,-32.84,666.00,18.80,22-05-23-06-26-06-590
10.29,-32.93,666.00,18.78,22-05-23-06-26-06-624
10.33,-33.02,666.00,18.78,22-05-23-06-26-06-654
10.36,-33.11,666.00,18.77,22-05-23-06-26-06-691
10.39,-33.21,666.00,18.77,22-05-23-06-26-06-723
10.42,-33.34,666.00,18.79,22-05-23-06-26-06-756
10.46,-33.51,666.00,18.83,22-05-23-06-26-06-789
10.49,-33.66,666.00,18.87,22-05-23-06-26-06-822
10.53,-33.82,666.00,18.92,22-05-23-06-26-06-855
10.56,-33.96,666.00,18.98,22-05-23-06-26-06-889
10.59,-34.10,666.00,19.05,22-05-23-06-26-06-923
10.62,-34.22,666.00,19.13,22-05-23-06-26-06-955
10.64,-34.35,666.00,19.20,22-05-23-06-26-06-988
10.66,-34.46,666.00,19.27,22-05-23-06-26-07-022
10.68,-34.55,666.00,19.33,22-05-23-06-26-07-054
10.70,-34.66,666.00,19.40,22-05-23-06-26-07-087
10.73,-34.76,666.00,19.45,22-05-23-06-26-07-123
10.76,-34.87,666.00,19.49,22-05-23-06-26-07-159
10.81,-35.02,666.00,19.56,22-05-23-06-26-07-188
10.86,-35.17,666.00,19.64,22-05-23-06-26-07-227
10.92,-35.25,666.00,19.72,22-05-23-06-26-07-256
10.97,-35.31,666.00,19.81,22-05-23-06-26-07-288
11.00,-35.38,666.00,19.92,22-05-23-06-26-07-325
11.04,-35.50,666.00,20.03,22-05-23-06-26-07-357
11.07,-35.58,666.00,20.11,22-05-23-06-26-07-387
11.08,-35.66,666.00,20.20,22-05-23-06-26-07-427
11.09,-35.72,666.00,20.24,22-05-23-06-26-07-461
11.10,-35.77,666.00,20.26,22-05-23-06-26-07-489
11.10,-35.83,666.00,20.28,22-05-23-06-26-07-523
11.10,-35.88,666.00,20.29,22-05-23-06-26-07-556
11.09,-35.90,666.00,20.29,22-05-23-06-26-07-587
