8.83,27.88,666.00,12.38,06-04-23-07-43-03-591
8.75,27.93,666.00,12.32,06-04-23-07-43-03-599
8.69,28.14,666.00,12.23,06-04-23-07-43-03-624
8.64,28.36,666.00,12.10,06-04-23-07-43-03-656
8.59,28.55,666.00,11.97,06-04-23-07-43-03-687
8.56,28.75,666.00,11.81,06-04-23-07-43-03-722
8.53,28.87,666.00,11.68,06-04-23-07-43-03-753
8.50,28.99,666.00,11.56,06-04-23-07-43-03-787
8.49,29.07,666.00,11.44,06-04-23-07-43-03-821
8.49,29.10,666.00,11.34,06-04-23-07-43-03-854
8.49,29.08,666.00,11.26,06-04-23-07-43-03-900
8.49,28.96,666.00,11.21,06-04-23-07-43-03-920
8.49,28.76,666.00,11.19,06-04-23-07-43-03-954
8.48,28.44,666.00,11.21,06-04-23-07-43-03-986
8.46,27.96,666.00,11.27,06-04-23-07-43-04-019
8.44,27.48,666.00,11.33,06-04-23-07-43-04-053
8.43,27.05,666.00,11.38,06-04-23-07-43-04-087
8.41,26.68,666.00,11.43,06-04-23-07-43-04-122
8.39,26.26,666.00,11.51,06-04-23-07-43-04-156
8.35,25.88,666.00,11.59,06-04-23-07-43-04-185
8.32,25.60,666.00,11.65,06-04-23-07-43-04-223
8.29,25.33,666.00,11.69,06-04-23-07-43-04-252
8.28,25.19,666.00,11.69,06-04-23-07-43-04-286
8.22,25.10,666.00,11.67,06-04-23-07-43-04-322
8.14,24.76,666.00,11.75,06-04-23-07-43-04-352
8.10,24.54,666.00,11.73,06-04-23-07-43-04-390
8.12,24.48,666.00,11.67,06-04-23-07-43-04-422
8.19,24.32,666.00,12.09,06-04-23-07-43-04-457
8.41,23.64,666.00,15.22,06-04-23-07-43-04-489
9.98,19.23,666.00,20.16,06-04-23-07-43-04-518
17.72,12.58,666.00,19.52,06-04-23-07-43-04-591
24.01,11.25,666.00,22.06,06-04-23-07-43-04-620
29.95,10.87,666.00,22.71,06-04-23-07-43-04-654
34.97,11.07,666.00,25.01,06-04-23-07-43-04-685
40.88,11.80,666.00,21.26,06-04-23-07-43-04-719
46.25,12.47,666.00,19.75,06-04-23-07-43-04-752
51.17,13.39,666.00,18.11,06-04-23-07-43-04-790
55.27,14.12,666.00,16.45,06-04-23-07-43-04-820
59.69,14.57,666.00,14.91,06-04-23-07-43-04-855
64.45,14.82,666.00,12.89,06-04-23-07-43-04-886
70.06,15.25,666.00,9.53,06-04-23-07-43-04-917
73.72,15.41,666.00,9.50,06-04-23-07-43-04-953
77.03,15.59,666.00,8.81,06-04-23-07-43-04-987
79.98,15.71,666.00,7.99,06-04-23-07-43-05-018
82.20,15.67,666.00,7.46,06-04-23-07-43-05-053
84.97,15.72,666.00,5.38,06-04-23-07-43-05-086
88.64,15.74,666.00,1.86,06-04-23-07-43-05-122
90.94,15.61,666.00,3.11,06-04-23-07-43-05-155
92.28,15.55,666.00,1.92,06-04-23-07-43-05-188
93.30,15.42,666.00,2.78,06-04-23-07-43-05-219
93.92,15.31,666.00,3.55,06-04-23-07-43-05-254
94.27,15.22,666.00,3.92,06-04-23-07-43-05-287
94.93,14.82,666.00,3.60,06-04-23-07-43-05-321
95.18,14.70,666.00,3.81,06-04-23-07-43-05-352
95.31,14.63,666.00,4.06,06-04-23-07-43-05-387
95.36,14.62,666.00,4.27,06-04-23-07-43-05-419
95.34,14.71,666.00,4.51,06-04-23-07-43-05-452
95.26,14.93,666.00,4.66,06-04-23-07-43-05-490
95.13,15.38,666.00,4.08,06-04-23-07-43-05-520
95.01,16.39,666.00,3.47,06-04-23-07-43-05-555
94.90,18.28,666.00,2.85,06-04-23-07-43-05-586
94.85,20.11,666.00,3.45,06-04-23-07-43-05-622
94.79,23.24,666.00,5.63,06-04-23-07-43-05-652
94.79,25.91,666.00,5.59,06-04-23-07-43-05-685
94.88,28.64,666.00,4.37,06-04-23-07-43-05-721
95.19,31.84,666.00,4.18,06-04-23-07-43-05-754
95.57,35.49,666.00,5.74,06-04-23-07-43-05-788
95.94,38.42,666.00,6.31,06-04-23-07-43-05-819
96.22,40.85,666.00,11.12,06-04-23-07-43-05-853
96.66,44.96,666.00,8.05,06-04-23-07-43-05-888
97.12,48.11,666.00,8.54,06-04-23-07-43-05-918
97.66,52.06,666.00,5.39,06-04-23-07-43-05-954
98.12,55.51,666.00,5.33,06-04-23-07-43-05-986
98.68,59.14,666.00,1.84,06-04-23-07-43-06-021
99.20,61.24,666.00,3.79,06-04-23-07-43-06-054
100.31,65.28,666.00,4.53,06-04-23-07-43-06-087
100.57,66.86,666.00,5.97,06-04-23-07-43-06-121
100.52,68.47,666.00,5.84,06-04-23-07-43-06-156
100.02,69.92,666.00,5.71,06-04-23-07-43-06-187
99.16,72.75,666.00,2.91,06-04-23-07-43-06-220
98.70,74.21,666.00,6.96,06-04-23-07-43-06-252
97.88,77.02,666.00,5.13,06-04-23-07-43-06-289
96.74,78.45,666.00,4.09,06-04-23-07-43-06-319
95.81,79.15,666.00,4.79,06-04-23-07-43-06-355
95.38,83.27,666.00,5.12,06-04-23-07-43-06-387
95.30,84.75,666.00,6.37,06-04-23-07-43-06-423
95.91,84.57,666.00,6.21,06-04-23-07-43-06-454
92.70,85.48,666.00,9.38,06-04-23-07-43-06-489
91.21,85.21,666.00,10.71,06-04-23-07-43-06-520
82.65,84.17,666.00,26.37,06-04-23-07-43-06-552
80.28,82.31,1.66,32.08,06-04-23-07-43-06-587
82.73,79.25,-10.58,34.82,06-04-23-07-43-06-625
82.98,77.87,-13.51,36.84,06-04-23-07-43-06-653
83.40,76.57,-15.45,38.02,06-04-23-07-43-06-685
83.90,75.62,-17.02,38.69,06-04-23-07-43-06-723
84.53,74.78,-18.55,38.91,06-04-23-07-43-06-753
85.41,74.10,-20.15,38.67,06-04-23-07-43-06-786
86.25,73.52,-21.60,38.25,06-04-23-07-43-06-829
87.03,73.03,-22.84,37.74,06-04-23-07-43-06-855
87.59,72.76,-23.67,37.25,06-04-23-07-43-06-888
87.87,72.65,-24.03,36.93,06-04-23-07-43-06-921
87.97,72.70,-24.11,36.68,06-04-23-07-43-06-951
87.81,72.84,-23.88,36.62,06-04-23-07-43-06-989
87.20,73.00,-23.26,36.99,06-04-23-07-43-07-026
91.95,73.84,-26.88,30.71,06-04-23-07-43-07-055
91.41,73.91,-26.24,30.91,06-04-23-07-43-07-083
90.41,74.09,-25.23,31.70,06-04-23-07-43-07-122
89.18,74.32,-24.17,32.87,06-04-23-07-43-07-154
87.90,74.76,-22.92,33.98,06-04-23-07-43-07-186
86.66,75.22,-1.22,31.35,06-04-23-07-43-07-219
85.46,75.70,15.59,32.84,06-04-23-07-43-07-253
87.59,76.26,31.56,41.21,06-04-23-07-43-07-286
100.07,70.09,666.00,1.52,06-04-23-07-43-07-321
105.85,63.44,666.00,12.28,06-04-23-07-43-07-354
107.79,61.05,666.00,17.22,06-04-23-07-43-07-387
108.51,58.94,666.00,19.30,06-04-23-07-43-07-418
108.36,56.54,666.00,17.93,06-04-23-07-43-07-452
107.18,53.28,666.00,15.73,06-04-23-07-43-07-488
105.70,52.31,666.00,12.28,06-04-23-07-43-07-521
104.85,51.96,666.00,9.80,06-04-23-07-43-07-553
103.59,49.73,666.00,7.80,06-04-23-07-43-07-584
102.34,46.96,666.00,5.68,06-04-23-07-43-07-619
101.04,43.79,666.00,3.21,06-04-23-07-43-07-653
100.17,41.33,666.00,2.24,06-04-23-07-43-07-686
99.43,38.47,666.00,1.68,06-04-23-07-43-07-718
98.82,35.40,666.00,0.46,06-04-23-07-43-07-751
98.10,32.17,666.00,1.23,06-04-23-07-43-07-784
97.57,28.36,666.00,1.52,06-04-23-07-43-07-819
97.22,25.73,666.00,2.06,06-04-23-07-43-07-852
97.04,23.70,666.00,3.33,06-04-23-07-43-07-887
96.88,21.25,666.00,3.77,06-04-23-07-43-07-922
96.75,18.62,666.00,5.67,06-04-23-07-43-07-954
96.60,16.23,666.00,4.93,06-04-23-07-43-07-988
96.35,14.32,666.00,4.70,06-04-23-07-43-08-019
95.93,12.62,666.00,3.90,06-04-23-07-43-08-054
95.57,11.32,666.00,4.53,06-04-23-07-43-08-086
95.30,10.40,666.00,4.65,06-04-23-07-43-08-122
95.09,9.64,666.00,5.18,06-04-23-07-43-08-155
94.92,9.00,666.00,5.79,06-04-23-07-43-08-187
94.76,8.26,666.00,5.67,06-04-23-07-43-08-222
94.61,7.51,666.00,5.59,06-04-23-07-43-08-257
94.54,7.09,666.00,5.58,06-04-23-07-43-08-285
94.42,6.65,666.00,5.01,06-04-23-07-43-08-319
94.32,6.26,666.00,4.55,06-04-23-07-43-08-356
94.26,6.01,666.00,4.70,06-04-23-07-43-08-386
94.21,5.92,666.00,4.73,06-04-23-07-43-08-419
94.19,5.96,666.00,4.67,06-04-23-07-43-08-452
94.17,6.12,666.00,4.72,06-04-23-07-43-08-487
94.16,6.36,666.00,4.77,06-04-23-07-43-08-521
94.15,6.61,666.00,4.72,06-04-23-07-43-08-554
94.15,6.88,666.00,4.48,06-04-23-07-43-08-582
94.15,7.13,666.00,3.58,06-04-23-07-43-08-620
94.17,7.56,666.00,2.24,06-04-23-07-43-08-657
94.25,8.16,666.00,2.07,06-04-23-07-43-08-684
94.47,9.29,666.00,6.14,06-04-23-07-43-08-719
94.83,11.09,666.00,8.23,06-04-23-07-43-08-754
95.32,13.44,666.00,7.85,06-04-23-07-43-08-785
95.98,15.79,666.00,6.43,06-04-23-07-43-08-818
96.67,18.75,666.00,5.42,06-04-23-07-43-08-853
97.17,21.33,666.00,6.01,06-04-23-07-43-08-885
97.50,23.90,666.00,6.98,06-04-23-07-43-08-919
97.67,26.54,666.00,7.98,06-04-23-07-43-08-956
97.68,28.97,666.00,8.22,06-04-23-07-43-08-986
97.54,31.69,666.00,7.90,06-04-23-07-43-09-022
97.41,35.23,666.00,5.84,06-04-23-07-43-09-053
97.32,37.69,666.00,5.17,06-04-23-07-43-09-086
97.19,39.90,666.00,5.74,06-04-23-07-43-09-123
97.08,42.42,666.00,6.17,06-04-23-07-43-09-153
97.04,45.17,666.00,5.12,06-04-23-07-43-09-185
97.01,48.84,666.00,4.20,06-04-23-07-43-09-221
97.14,51.32,666.00,5.13,06-04-23-07-43-09-253
97.16,55.00,666.00,6.44,06-04-23-07-43-09-284
97.19,56.44,666.00,6.48,06-04-23-07-43-09-319
96.73,59.28,666.00,6.04,06-04-23-07-43-09-352
96.43,60.54,666.00,4.85,06-04-23-07-43-09-385
96.18,61.33,666.00,3.46,06-04-23-07-43-09-421
95.72,61.85,666.00,3.45,06-04-23-07-43-09-454
95.12,62.39,666.00,5.33,06-04-23-07-43-09-485
95.01,70.26,666.00,6.66,06-04-23-07-43-09-520
94.32,72.80,666.00,6.25,06-04-23-07-43-09-553
93.94,74.46,666.00,5.29,06-04-23-07-43-09-585
92.46,76.40,666.00,11.08,06-04-23-07-43-09-621
80.60,80.34,10.02,41.74,06-04-23-07-43-09-654
74.48,81.88,8.02,45.21,06-04-23-07-43-09-686
70.70,82.36,7.75,49.76,06-04-23-07-43-09-718
68.34,81.76,7.61,52.05,06-04-23-07-43-09-757
67.19,80.85,7.65,52.76,06-04-23-07-43-09-786
66.71,79.75,-1.54,50.28,06-04-23-07-43-09-820
66.78,78.39,-4.33,49.87,06-04-23-07-43-09-853
89.51,78.81,666.00,19.48,06-04-23-07-43-09-888
92.32,75.06,666.00,18.04,06-04-23-07-43-09-922
91.92,72.01,666.00,15.22,06-04-23-07-43-09-952
82.11,70.13,666.00,24.49,06-04-23-07-43-09-986
77.49,69.14,-26.62,38.27,06-04-23-07-43-10-023
74.23,69.01,-25.24,45.88,06-04-23-07-43-10-052
71.95,68.77,-23.42,50.90,06-04-23-07-43-10-089
70.43,68.76,-22.13,54.08,06-04-23-07-43-10-119
69.40,68.86,-21.02,56.17,06-04-23-07-43-10-153
68.69,69.02,-20.24,57.54,06-04-23-07-43-10-185
68.18,69.24,-19.16,58.40,06-04-23-07-43-10-220
67.80,69.48,-7.57,55.08,06-04-23-07-43-10-252
67.54,69.69,-2.78,54.30,06-04-23-07-43-10-285
80.67,62.61,-28.12,40.21,06-04-23-07-43-10-322
85.31,59.79,-48.49,36.95,06-04-23-07-43-10-357
87.18,58.45,-57.93,36.97,06-04-23-07-43-10-386
87.58,58.00,-62.95,37.79,06-04-23-07-43-10-418
100.41,69.63,666.00,18.23,06-04-23-07-43-10-455
104.79,73.99,666.00,20.57,06-04-23-07-43-10-485
105.97,76.24,666.00,23.57,06-04-23-07-43-10-518
88.23,66.46,666.00,25.79,06-04-23-07-43-10-552
93.10,68.99,666.00,21.64,06-04-23-07-43-10-586
95.76,69.84,666.00,22.33,06-04-23-07-43-10-618
97.76,69.87,666.00,5.53,06-04-23-07-43-10-653
82.33,62.61,-9.47,48.30,06-04-23-07-43-10-687
73.31,61.20,6.95,63.15,06-04-23-07-43-10-718
96.68,57.39,666.00,17.98,06-04-23-07-43-10-755
101.01,54.92,666.00,10.39,06-04-23-07-43-10-787
105.13,53.40,666.00,10.05,06-04-23-07-43-10-819
107.22,52.01,666.00,14.49,06-04-23-07-43-10-852
106.71,51.61,666.00,15.47,06-04-23-07-43-10-883
104.97,49.88,666.00,14.29,06-04-23-07-43-10-919
103.06,48.37,666.00,11.85,06-04-23-07-43-10-954
100.91,45.69,666.00,8.72,06-04-23-07-43-10-987
99.05,43.27,666.00,5.36,06-04-23-07-43-11-018
97.62,41.08,666.00,3.12,06-04-23-07-43-11-055
96.44,38.42,666.00,0.83,06-04-23-07-43-11-085
95.57,35.61,666.00,1.00,06-04-23-07-43-11-118
95.00,32.69,666.00,1.41,06-04-23-07-43-11-153
94.67,29.15,666.00,1.96,06-04-23-07-43-11-186
94.54,26.50,666.00,1.15,06-04-23-07-43-11-223
94.56,24.43,666.00,3.64,06-04-23-07-43-11-255
94.67,22.30,666.00,4.69,06-04-23-07-43-11-285
94.71,19.53,666.00,3.72,06-04-23-07-43-11-324
94.60,17.20,666.00,3.51,06-04-23-07-43-11-355
94.43,15.27,666.00,3.23,06-04-23-07-43-11-387
94.20,13.48,666.00,5.44,06-04-23-07-43-11-422
93.92,11.90,666.00,6.91,06-04-23-07-43-11-456
93.51,9.78,666.00,6.50,06-04-23-07-43-11-485
93.12,7.86,666.00,5.84,06-04-23-07-43-11-520
92.81,6.15,666.00,5.90,06-04-23-07-43-11-554
92.54,4.61,666.00,4.94,06-04-23-07-43-11-584
92.28,3.29,666.00,4.07,06-04-23-07-43-11-621
92.13,2.11,666.00,2.93,06-04-23-07-43-11-658
92.04,1.24,666.00,2.28,06-04-23-07-43-11-684
92.02,0.69,666.00,2.20,06-04-23-07-43-11-719
92.00,0.37,666.00,2.35,06-04-23-07-43-11-756
92.00,0.20,666.00,2.52,06-04-23-07-43-11-786
92.00,0.21,666.00,2.64,06-04-23-07-43-11-820
92.00,0.25,666.00,2.79,06-04-23-07-43-11-858
92.01,0.32,666.00,2.97,06-04-23-07-43-11-884
92.02,0.45,666.00,3.27,06-04-23-07-43-11-920
92.09,0.80,666.00,3.64,06-04-23-07-43-11-952
92.14,1.29,666.00,3.97,06-04-23-07-43-11-987
92.18,1.92,666.00,4.51,06-04-23-07-43-12-021
92.22,2.86,666.00,4.76,06-04-23-07-43-12-057
92.25,3.83,666.00,6.17,06-04-23-07-43-12-085
92.24,5.09,666.00,6.45,06-04-23-07-43-12-119
92.24,6.39,666.00,6.30,06-04-23-07-43-12-153
92.22,7.75,666.00,5.00,06-04-23-07-43-12-185
92.21,9.24,666.00,3.32,06-04-23-07-43-12-221
92.14,11.05,666.00,2.05,06-04-23-07-43-12-252
92.14,12.91,666.00,1.64,06-04-23-07-43-12-287
92.20,14.94,666.00,1.94,06-04-23-07-43-12-319
92.32,17.57,666.00,4.48,06-04-23-07-43-12-353
92.48,20.81,666.00,7.85,06-04-23-07-43-12-385
92.54,24.53,666.00,9.05,06-04-23-07-43-12-418
92.59,28.92,666.00,9.85,06-04-23-07-43-12-453
92.75,32.56,666.00,12.94,06-04-23-07-43-12-488
92.84,36.30,666.00,11.39,06-04-23-07-43-12-520
93.27,41.13,666.00,7.53,06-04-23-07-43-12-553
93.68,45.18,666.00,6.39,06-04-23-07-43-12-585
94.56,50.56,666.00,0.17,06-04-23-07-43-12-618
95.66,55.70,666.00,4.10,06-04-23-07-43-12-653
97.25,61.04,666.00,10.32,06-04-23-07-43-12-694
98.60,64.36,666.00,11.67,06-04-23-07-43-12-721
99.41,67.09,666.00,12.42,06-04-23-07-43-12-754
99.74,69.19,666.00,12.74,06-04-23-07-43-12-785
98.67,70.50,666.00,10.11,06-04-23-07-43-12-820
96.72,72.36,666.00,6.45,06-04-23-07-43-12-853
96.02,72.85,666.00,4.16,06-04-23-07-43-12-885
95.46,73.15,666.00,3.74,06-04-23-07-43-12-922
92.37,74.25,666.00,15.39,06-04-23-07-43-12-952
92.21,75.09,666.00,8.74,06-04-23-07-43-12-985
92.29,75.44,666.00,12.30,06-04-23-07-43-13-021
92.52,75.40,666.00,12.66,06-04-23-07-43-13-052
92.82,75.20,666.00,12.79,06-04-23-07-43-13-087
93.94,74.48,666.00,12.93,06-04-23-07-43-13-119
97.44,72.79,666.00,14.60,06-04-23-07-43-13-152
99.03,71.39,666.00,15.79,06-04-23-07-43-13-185
99.76,70.31,666.00,16.33,06-04-23-07-43-13-219
99.85,69.43,666.00,16.28,06-04-23-07-43-13-255
99.68,68.70,666.00,15.87,06-04-23-07-43-13-285
99.38,68.12,666.00,15.35,06-04-23-07-43-13-324
99.10,67.77,666.00,28.46,06-04-23-07-43-13-357
98.89,67.53,-98.69,33.58,06-04-23-07-43-13-384
98.69,67.37,-93.08,34.23,06-04-23-07-43-13-418
98.52,67.27,-90.06,34.49,06-04-23-07-43-13-454
98.37,67.20,-87.24,34.10,06-04-23-07-43-13-489
98.22,67.16,-84.81,33.37,06-04-23-07-43-13-520
98.06,67.12,-83.26,32.55,06-04-23-07-43-13-552
97.90,67.11,-82.26,32.23,06-04-23-07-43-13-587
97.78,67.12,-81.88,31.87,06-04-23-07-43-13-619
97.63,67.13,-81.57,31.59,06-04-23-07-43-13-657
97.45,67.19,-81.31,31.36,06-04-23-07-43-13-685
97.25,67.32,-81.04,31.20,06-04-23-07-43-13-722
96.81,67.56,666.00,23.14,06-04-23-07-43-13-752
96.55,67.91,666.00,19.17,06-04-23-07-43-13-785
97.25,70.77,666.00,15.09,06-04-23-07-43-13-822
77.11,64.68,-30.16,45.17,06-04-23-07-43-13-853
68.01,61.68,-12.74,58.29,06-04-23-07-43-13-885
63.48,60.61,-2.16,63.42,06-04-23-07-43-13-921
59.61,59.95,6.33,82.83,06-04-23-07-43-13-952
60.10,59.96,8.43,91.03,06-04-23-07-43-13-986
93.75,60.23,666.00,16.33,06-04-23-07-43-14-021
100.34,57.36,666.00,8.85,06-04-23-07-43-14-053
106.36,56.99,666.00,15.90,06-04-23-07-43-14-086
108.38,56.12,666.00,21.59,06-04-23-07-43-14-120
109.89,56.62,666.00,26.64,06-04-23-07-43-14-152
109.71,56.52,666.00,28.02,06-04-23-07-43-14-185
104.74,49.86,666.00,18.95,06-04-23-07-43-14-222
101.52,46.89,666.00,13.61,06-04-23-07-43-14-254
98.57,42.44,666.00,10.77,06-04-23-07-43-14-287
97.01,40.69,666.00,8.74,06-04-23-07-43-14-325
96.00,39.69,666.00,5.90,06-04-23-07-43-14-352
95.31,38.55,666.00,4.61,06-04-23-07-43-14-386
94.98,37.22,666.00,4.51,06-04-23-07-43-14-420
94.89,35.77,666.00,3.81,06-04-23-07-43-14-456
94.96,33.91,666.00,3.71,06-04-23-07-43-14-485
95.10,31.94,666.00,3.53,06-04-23-07-43-14-519
95.34,29.91,666.00,2.69,06-04-23-07-43-14-556
95.58,28.16,666.00,2.70,06-04-23-07-43-14-584
95.78,26.88,666.00,1.71,06-04-23-07-43-14-623
95.92,25.06,666.00,1.74,06-04-23-07-43-14-653
95.99,23.76,666.00,2.21,06-04-23-07-43-14-685
96.00,22.78,666.00,3.12,06-04-23-07-43-14-721
95.99,21.94,666.00,3.76,06-04-23-07-43-14-757
95.93,21.27,666.00,4.10,06-04-23-07-43-14-785
95.72,20.36,666.00,3.90,06-04-23-07-43-14-819
95.44,19.60,666.00,3.80,06-04-23-07-43-14-856
95.09,18.82,666.00,3.60,06-04-23-07-43-14-886
94.77,18.19,666.00,3.82,06-04-23-07-43-14-920
94.45,17.46,666.00,3.65,06-04-23-07-43-14-954
94.17,16.84,666.00,3.39,06-04-23-07-43-14-985
93.97,16.49,666.00,3.30,06-04-23-07-43-15-022
93.79,16.14,666.00,3.02,06-04-23-07-43-15-053
93.63,15.77,666.00,2.72,06-04-23-07-43-15-084
93.51,15.47,666.00,2.51,06-04-23-07-43-15-120
93.42,15.22,666.00,2.42,06-04-23-07-43-15-152
93.36,15.04,666.00,2.38,06-04-23-07-43-15-187
93.32,14.92,666.00,2.38,06-04-23-07-43-15-223
93.29,14.85,666.00,2.39,06-04-23-07-43-15-253
93.28,14.80,666.00,2.42,06-04-23-07-43-15-286
93.27,14.79,666.00,2.45,06-04-23-07-43-15-322
93.30,14.89,666.00,2.48,06-04-23-07-43-15-352
93.33,14.97,666.00,2.57,06-04-23-07-43-15-384
93.35,15.07,666.00,3.24,06-04-23-07-43-15-420
93.37,15.24,666.00,4.21,06-04-23-07-43-15-454
93.35,15.72,666.00,5.62,06-04-23-07-43-15-488
93.30,16.78,666.00,5.84,06-04-23-07-43-15-520
93.28,18.14,666.00,6.41,06-04-23-07-43-15-553
93.28,19.85,666.00,10.26,06-04-23-07-43-15-585
93.36,23.04,666.00,12.97,06-04-23-07-43-15-620
93.42,26.28,666.00,11.04,06-04-23-07-43-15-652
93.47,29.44,666.00,11.81,06-04-23-07-43-15-688
93.50,33.47,666.00,8.97,06-04-23-07-43-15-721
93.54,36.52,666.00,8.18,06-04-23-07-43-15-753
93.62,39.23,666.00,9.35,06-04-23-07-43-15-785
93.70,41.76,666.00,9.32,06-04-23-07-43-15-820
93.77,44.56,666.00,7.90,06-04-23-07-43-15-854
93.87,47.65,666.00,8.41,06-04-23-07-43-15-888
93.92,50.30,666.00,6.90,06-04-23-07-43-15-919
94.33,53.49,666.00,5.62,06-04-23-07-43-15-954
94.54,56.03,666.00,5.05,06-04-23-07-43-15-985
94.95,59.24,666.00,4.01,06-04-23-07-43-16-020
95.56,62.93,666.00,3.20,06-04-23-07-43-16-055
95.32,65.18,666.00,2.51,06-04-23-07-43-16-089
96.05,69.03,666.00,4.15,06-04-23-07-43-16-120
96.36,70.41,666.00,3.90,06-04-23-07-43-16-152
96.45,71.55,666.00,5.30,06-04-23-07-43-16-184
96.06,73.16,666.00,5.02,06-04-23-07-43-16-222
95.34,73.79,666.00,7.19,06-04-23-07-43-16-252
92.47,74.11,666.00,9.31,06-04-23-07-43-16-290
90.43,73.94,666.00,12.94,06-04-23-07-43-16-321
87.80,73.88,666.00,16.19,06-04-23-07-43-16-352
81.97,73.69,666.00,23.13,06-04-23-07-43-16-386
78.43,73.12,666.00,28.56,06-04-23-07-43-16-418
75.87,72.30,-24.80,33.48,06-04-23-07-43-16-456
72.75,70.60,-24.87,36.87,06-04-23-07-43-16-484
71.37,69.48,-29.80,42.23,06-04-23-07-43-16-519
83.45,78.41,666.00,18.71,06-04-23-07-43-16-552
90.08,80.74,666.00,10.79,06-04-23-07-43-16-587
101.87,81.53,666.00,15.96,06-04-23-07-43-16-621
82.44,71.63,-52.07,35.57,06-04-23-07-43-16-652
81.27,49.95,-54.03,63.01,06-04-23-07-43-16-685
79.43,45.19,-50.03,70.70,06-04-23-07-43-16-721
77.89,42.39,-46.73,75.19,06-04-23-07-43-16-752
76.44,40.91,-43.79,77.82,06-04-23-07-43-16-786
96.10,69.43,666.00,24.77,06-04-23-07-43-16-818
92.12,67.95,-57.60,30.48,06-04-23-07-43-16-853
89.66,68.39,-50.76,32.12,06-04-23-07-43-16-886
86.76,67.65,-45.39,36.19,06-04-23-07-43-16-919
84.15,66.56,-41.98,40.17,06-04-23-07-43-16-953
82.07,65.47,-47.82,36.55,06-04-23-07-43-16-985
80.48,64.57,-48.52,36.94,06-04-23-07-43-17-022
79.27,63.85,-48.59,37.63,06-04-23-07-43-17-053
78.36,63.32,-47.72,38.68,06-04-23-07-43-17-085
77.63,62.90,-46.96,39.70,06-04-23-07-43-17-119
73.30,62.00,-27.70,45.19,06-04-23-07-43-17-153
72.14,61.85,-18.06,46.70,06-04-23-07-43-17-186
89.61,69.11,666.00,15.67,06-04-23-07-43-17-220
97.50,71.77,666.00,4.78,06-04-23-07-43-17-253
100.43,72.69,666.00,11.27,06-04-23-07-43-17-287
105.54,68.40,666.00,14.84,06-04-23-07-43-17-320
107.31,65.40,666.00,16.02,06-04-23-07-43-17-352
108.05,62.89,666.00,16.85,06-04-23-07-43-17-384
108.00,60.56,666.00,16.04,06-04-23-07-43-17-420
106.62,59.28,666.00,15.24,06-04-23-07-43-17-452
105.50,56.79,666.00,14.33,06-04-23-07-43-17-486
101.97,48.74,666.00,11.62,06-04-23-07-43-17-522
99.89,44.14,666.00,12.59,06-04-23-07-43-17-555
98.76,41.81,666.00,10.66,06-04-23-07-43-17-585
98.05,40.00,666.00,7.36,06-04-23-07-43-17-621
97.44,38.53,666.00,6.20,06-04-23-07-43-17-654
96.92,37.21,666.00,4.44,06-04-23-07-43-17-687
96.62,35.66,666.00,3.50,06-04-23-07-43-17-722
96.34,33.83,666.00,1.98,06-04-23-07-43-17-752
96.04,31.00,666.00,4.03,06-04-23-07-43-17-785
95.80,29.02,666.00,1.79,06-04-23-07-43-17-819
95.65,27.47,666.00,0.71,06-04-23-07-43-17-853
95.56,25.68,666.00,1.40,06-04-23-07-43-17-887
95.54,24.02,666.00,1.75,06-04-23-07-43-17-918
95.51,22.11,666.00,1.74,06-04-23-07-43-17-955
95.45,20.89,666.00,2.03,06-04-23-07-43-17-987
95.34,19.70,666.00,2.01,06-04-23-07-43-18-021
95.20,18.73,666.00,2.31,06-04-23-07-43-18-053
95.02,17.82,666.00,2.25,06-04-23-07-43-18-088
94.87,17.06,666.00,3.31,06-04-23-07-43-18-120
94.69,16.16,666.00,2.96,06-04-23-07-43-18-153
94.51,15.03,666.00,1.81,06-04-23-07-43-18-186
94.38,14.19,666.00,1.34,06-04-23-07-43-18-220
94.25,13.33,666.00,1.49,06-04-23-07-43-18-256
94.13,12.71,666.00,2.21,06-04-23-07-43-18-286
94.02,12.34,666.00,2.79,06-04-23-07-43-18-320
93.92,12.07,666.00,3.30,06-04-23-07-43-18-355
93.83,11.91,666.00,3.70,06-04-23-07-43-18-386
93.75,11.88,666.00,3.95,06-04-23-07-43-18-421
93.69,11.97,666.00,4.05,06-04-23-07-43-18-452
93.63,12.04,666.00,4.18,06-04-23-07-43-18-485
93.58,12.13,666.00,4.27,06-04-23-07-43-18-518
93.54,12.22,666.00,4.34,06-04-23-07-43-18-553
93.50,12.30,666.00,4.48,06-04-23-07-43-18-589
93.46,12.42,666.00,4.56,06-04-23-07-43-18-620
93.43,12.63,666.00,4.63,06-04-23-07-43-18-655
93.42,13.02,666.00,4.54,06-04-23-07-43-18-687
93.42,13.62,666.00,4.70,06-04-23-07-43-18-718
93.50,14.74,666.00,4.21,06-04-23-07-43-18-753
93.58,16.05,666.00,4.18,06-04-23-07-43-18-786
93.64,17.32,666.00,4.53,06-04-23-07-43-18-821
93.76,18.76,666.00,5.04,06-04-23-07-43-18-853
93.93,20.51,666.00,6.45,06-04-23-07-43-18-886
94.21,22.35,666.00,8.33,06-04-23-07-43-18-922
94.53,24.38,666.00,8.95,06-04-23-07-43-18-953
94.93,26.69,666.00,7.55,06-04-23-07-43-18-985
95.40,29.72,666.00,7.07,06-04-23-07-43-19-022
95.81,32.50,666.00,6.42,06-04-23-07-43-19-052
96.13,35.56,666.00,8.67,06-04-23-07-43-19-085
96.30,38.98,666.00,7.07,06-04-23-07-43-19-120
96.49,41.60,666.00,8.12,06-04-23-07-43-19-152
96.73,44.66,666.00,7.20,06-04-23-07-43-19-187
96.87,47.19,666.00,7.80,06-04-23-07-43-19-220
97.08,51.61,666.00,3.76,06-04-23-07-43-19-256
97.16,54.48,666.00,3.27,06-04-23-07-43-19-285
97.05,57.70,666.00,3.88,06-04-23-07-43-19-323
96.91,60.51,666.00,4.67,06-04-23-07-43-19-353
96.75,62.88,666.00,5.02,06-04-23-07-43-19-385
96.65,65.67,666.00,5.34,06-04-23-07-43-19-419
96.51,69.25,666.00,6.31,06-04-23-07-43-19-454
95.53,71.42,666.00,5.22,06-04-23-07-43-19-486
94.68,72.51,666.00,2.78,06-04-23-07-43-19-518
93.93,75.03,666.00,3.20,06-04-23-07-43-19-552
93.55,75.80,666.00,1.65,06-04-23-07-43-19-588
93.31,76.40,666.00,2.99,06-04-23-07-43-19-620
93.18,76.54,666.00,6.29,06-04-23-07-43-19-654
93.14,76.36,666.00,6.81,06-04-23-07-43-19-688
93.17,76.00,666.00,10.57,06-04-23-07-43-19-716
92.78,75.33,666.00,12.21,06-04-23-07-43-19-760
91.73,74.21,666.00,13.47,06-04-23-07-43-19-782
90.97,73.50,666.00,14.05,06-04-23-07-43-19-818
107.02,79.92,666.00,22.97,06-04-23-07-43-19-852
91.72,72.69,666.00,23.28,06-04-23-07-43-19-884
110.54,79.68,-148.80,30.59,06-04-23-07-43-19-923
92.69,71.91,666.00,27.09,06-04-23-07-43-19-952
92.95,71.57,666.00,28.18,06-04-23-07-43-19-985
111.88,77.52,-145.14,37.46,06-04-23-07-43-20-022
93.13,72.58,-113.44,32.61,06-04-23-07-43-20-053
113.60,71.61,-140.64,45.76,06-04-23-07-43-20-086
113.73,70.05,-140.82,47.61,06-04-23-07-43-20-119
113.83,69.04,-141.83,48.76,06-04-23-07-43-20-156
114.25,69.29,-143.69,49.05,06-04-23-07-43-20-188
114.67,69.51,-144.66,49.12,06-04-23-07-43-20-218
94.28,70.12,-120.26,35.86,06-04-23-07-43-20-254
108.22,77.14,-149.64,30.79,06-04-23-07-43-20-284
105.75,79.96,666.00,23.32,06-04-23-07-43-20-327
104.69,81.45,666.00,17.39,06-04-23-07-43-20-353
83.05,85.40,666.00,6.76,06-04-23-07-43-20-384
103.25,82.09,666.00,12.93,06-04-23-07-43-20-418
82.99,84.94,666.00,8.55,06-04-23-07-43-20-452
85.36,82.53,666.00,5.70,06-04-23-07-43-20-486
89.91,79.20,666.00,4.48,06-04-23-07-43-20-526
70.80,68.41,-25.20,42.86,06-04-23-07-43-20-554
67.92,64.42,-7.47,45.91,06-04-23-07-43-20-585
66.43,61.85,6.35,53.21,06-04-23-07-43-20-618
79.91,55.38,-10.27,31.14,06-04-23-07-43-20-652
88.86,54.20,666.00,13.74,06-04-23-07-43-20-686
93.87,52.74,666.00,3.30,06-04-23-07-43-20-723
97.01,52.28,666.00,4.35,06-04-23-07-43-20-754
98.81,52.06,666.00,9.16,06-04-23-07-43-20-787
98.96,47.73,666.00,9.65,06-04-23-07-43-20-820
98.87,45.94,666.00,9.71,06-04-23-07-43-20-855
97.11,40.84,666.00,7.21,06-04-23-07-43-20-888
95.46,37.58,666.00,6.67,06-04-23-07-43-20-925
94.65,35.77,666.00,5.19,06-04-23-07-43-20-951
94.00,34.04,666.00,3.57,06-04-23-07-43-20-987
93.38,31.55,666.00,4.10,06-04-23-07-43-21-021
92.94,28.63,666.00,3.26,06-04-23-07-43-21-056
92.74,26.48,666.00,2.84,06-04-23-07-43-21-086
92.69,24.34,666.00,2.63,06-04-23-07-43-21-125
92.85,21.83,666.00,2.58,06-04-23-07-43-21-153
93.05,19.97,666.00,1.83,06-04-23-07-43-21-185
93.17,18.41,666.00,1.92,06-04-23-07-43-21-219
93.29,16.93,666.00,2.56,06-04-23-07-43-21-255
93.43,15.69,666.00,2.59,06-04-23-07-43-21-286
93.48,14.68,666.00,2.93,06-04-23-07-43-21-327
93.51,13.42,666.00,3.75,06-04-23-07-43-21-354
93.49,12.66,666.00,3.69,06-04-23-07-43-21-385
93.37,12.23,666.00,2.94,06-04-23-07-43-21-421
93.23,12.13,666.00,1.63,06-04-23-07-43-21-451
92.97,11.81,666.00,1.08,06-04-23-07-43-21-485
92.72,11.58,666.00,1.09,06-04-23-07-43-21-525
92.49,11.46,666.00,1.22,06-04-23-07-43-21-554
92.30,11.46,666.00,0.78,06-04-23-07-43-21-586
92.13,11.54,666.00,1.31,06-04-23-07-43-21-618
92.04,11.86,666.00,2.25,06-04-23-07-43-21-653
91.96,12.14,666.00,2.62,06-04-23-07-43-21-684
91.89,12.40,666.00,2.94,06-04-23-07-43-21-719
91.83,12.63,666.00,3.14,06-04-23-07-43-21-752
91.81,12.93,666.00,2.94,06-04-23-07-43-21-786
91.79,13.18,666.00,2.84,06-04-23-07-43-21-818
91.80,13.50,666.00,2.56,06-04-23-07-43-21-855
91.83,13.81,666.00,2.25,06-04-23-07-43-21-884
91.86,14.15,666.00,2.11,06-04-23-07-43-21-918
91.85,14.39,666.00,1.41,06-04-23-07-43-21-951
91.85,14.67,666.00,2.62,06-04-23-07-43-21-987
91.82,14.94,666.00,3.50,06-04-23-07-43-22-020
91.86,15.51,666.00,3.98,06-04-23-07-43-22-054
91.92,16.39,666.00,4.86,06-04-23-07-43-22-087
91.99,17.61,666.00,9.42,06-04-23-07-43-22-120
92.13,19.14,666.00,10.30,06-04-23-07-43-22-153
92.38,21.49,666.00,11.78,06-04-23-07-43-22-187
92.74,24.38,666.00,10.65,06-04-23-07-43-22-220
93.11,27.64,666.00,10.93,06-04-23-07-43-22-255
93.60,30.99,666.00,9.15,06-04-23-07-43-22-285
93.98,34.20,666.00,8.70,06-04-23-07-43-22-320
94.19,36.74,666.00,9.73,06-04-23-07-43-22-354
94.52,39.83,666.00,8.89,06-04-23-07-43-22-385
94.98,43.60,666.00,7.07,06-04-23-07-43-22-419
95.43,46.42,666.00,6.04,06-04-23-07-43-22-452
95.85,49.36,666.00,6.42,06-04-23-07-43-22-485
96.11,52.43,666.00,6.73,06-04-23-07-43-22-522
96.20,54.98,666.00,6.49,06-04-23-07-43-22-551
96.73,58.58,666.00,4.29,06-04-23-07-43-22-585
96.99,60.67,666.00,6.29,06-04-23-07-43-22-622
97.06,63.65,666.00,5.43,06-04-23-07-43-22-653
96.93,65.67,666.00,6.05,06-04-23-07-43-22-684
96.44,67.77,666.00,5.54,06-04-23-07-43-22-722
95.87,68.86,666.00,6.22,06-04-23-07-43-22-752
95.63,73.36,666.00,5.75,06-04-23-07-43-22-785
95.41,75.02,666.00,4.30,06-04-23-07-43-22-822
94.34,76.43,666.00,2.55,06-04-23-07-43-22-856
93.63,76.79,666.00,2.52,06-04-23-07-43-22-884
92.79,76.91,666.00,7.02,06-04-23-07-43-22-920
91.93,76.79,666.00,8.42,06-04-23-07-43-22-954
91.22,76.47,666.00,10.47,06-04-23-07-43-22-988
90.61,76.02,666.00,12.07,06-04-23-07-43-23-017
99.85,77.24,666.00,10.77,06-04-23-07-43-23-052
99.55,76.96,666.00,12.74,06-04-23-07-43-23-087
87.54,73.87,666.00,22.14,06-04-23-07-43-23-121
99.83,76.25,666.00,20.12,06-04-23-07-43-23-156
85.02,71.74,666.00,26.58,06-04-23-07-43-23-187
85.41,77.88,666.00,19.51,06-04-23-07-43-23-217
84.44,81.41,666.00,15.60,06-04-23-07-43-23-252
83.99,83.42,666.00,12.46,06-04-23-07-43-23-287
90.30,82.85,666.00,18.68,06-04-23-07-43-23-321
69.91,85.67,666.00,24.60,06-04-23-07-43-23-352
74.76,87.08,666.00,12.94,06-04-23-07-43-23-387
101.76,86.29,666.00,18.12,06-04-23-07-43-23-419
79.37,87.63,666.00,2.82,06-04-23-07-43-23-452
80.78,87.90,666.00,0.35,06-04-23-07-43-23-487
103.81,85.10,666.00,25.17,06-04-23-07-43-23-522
104.18,84.78,666.00,26.78,06-04-23-07-43-23-551
104.48,84.26,666.00,28.06,06-04-23-07-43-23-584
104.72,83.42,666.00,29.11,06-04-23-07-43-23-619
104.91,82.48,666.00,25.30,06-04-23-07-43-23-651
84.67,83.76,666.00,4.27,06-04-23-07-43-23-687
85.32,81.45,666.00,5.96,06-04-23-07-43-23-721
85.76,79.06,666.00,8.59,06-04-23-07-43-23-753
63.22,70.11,-23.90,44.12,06-04-23-07-43-23-784
74.05,63.20,-22.53,30.28,06-04-23-07-43-23-819
76.84,58.53,666.00,27.81,06-04-23-07-43-23-854
80.83,55.66,666.00,23.71,06-04-23-07-43-23-884
85.77,54.69,666.00,15.84,06-04-23-07-43-23-918
90.01,53.78,666.00,7.67,06-04-23-07-43-23-954
92.97,52.95,666.00,4.61,06-04-23-07-43-23-985
95.10,51.90,666.00,6.88,06-04-23-07-43-24-019
96.75,46.76,666.00,7.21,06-04-23-07-43-24-051
96.60,42.56,666.00,8.80,06-04-23-07-43-24-086
95.79,39.56,666.00,8.04,06-04-23-07-43-24-118
95.31,37.88,666.00,6.07,06-04-23-07-43-24-158
94.99,36.76,666.00,3.94,06-04-23-07-43-24-187
94.67,35.77,666.00,1.37,06-04-23-07-43-24-220
94.33,34.50,666.00,0.25,06-04-23-07-43-24-252
93.92,32.69,666.00,2.16,06-04-23-07-43-24-285
93.38,29.51,666.00,0.25,06-04-23-07-43-24-319
93.04,27.39,666.00,0.32,06-04-23-07-43-24-355
92.76,25.74,666.00,0.52,06-04-23-07-43-24-388
92.55,24.42,666.00,1.54,06-04-23-07-43-24-420
92.35,22.80,666.00,2.33,06-04-23-07-43-24-452
92.19,21.66,666.00,2.72,06-04-23-07-43-24-486
92.09,20.42,666.00,3.47,06-04-23-07-43-24-520
91.99,19.29,666.00,4.76,06-04-23-07-43-24-555
91.88,18.30,666.00,4.38,06-04-23-07-43-24-585
91.76,17.26,666.00,3.43,06-04-23-07-43-24-618
91.62,16.30,666.00,2.34,06-04-23-07-43-24-652
91.50,15.31,666.00,1.19,06-04-23-07-43-24-687
91.39,14.51,666.00,1.07,06-04-23-07-43-24-721
91.27,13.82,666.00,1.48,06-04-23-07-43-24-755
91.15,13.11,666.00,1.80,06-04-23-07-43-24-785
91.04,12.16,666.00,1.99,06-04-23-07-43-24-823
90.88,11.25,666.00,2.24,06-04-23-07-43-24-854
90.72,10.39,666.00,1.89,06-04-23-07-43-24-885
90.59,9.77,666.00,1.65,06-04-23-07-43-24-919
90.46,9.32,666.00,1.43,06-04-23-07-43-24-956
90.39,9.07,666.00,1.33,06-04-23-07-43-24-986
90.35,8.96,666.00,1.26,06-04-23-07-43-25-019
90.33,8.93,666.00,1.21,06-04-23-07-43-25-050
90.31,8.96,666.00,1.15,06-04-23-07-43-25-084
90.32,9.02,666.00,1.08,06-04-23-07-43-25-119
90.32,9.11,666.00,1.01,06-04-23-07-43-25-158
90.34,9.21,666.00,0.95,06-04-23-07-43-25-185
90.36,9.32,666.00,1.25,06-04-23-07-43-25-219
90.39,9.45,666.00,2.08,06-04-23-07-43-25-254
90.44,9.77,666.00,3.48,06-04-23-07-43-25-285
90.52,10.35,666.00,4.12,06-04-23-07-43-25-322
90.64,11.30,666.00,3.96,06-04-23-07-43-25-357
90.83,12.76,666.00,3.05,06-04-23-07-43-25-385
91.10,14.88,666.00,2.36,06-04-23-07-43-25-418
91.41,17.00,666.00,7.16,06-04-23-07-43-25-453
92.00,19.62,666.00,8.52,06-04-23-07-43-25-488
92.69,22.49,666.00,7.79,06-04-23-07-43-25-518
93.29,25.13,666.00,8.29,06-04-23-07-43-25-559
93.83,28.49,666.00,7.75,06-04-23-07-43-25-585
94.03,31.55,666.00,8.08,06-04-23-07-43-25-618
94.08,37.93,666.00,3.59,06-04-23-07-43-25-653
93.90,42.48,666.00,2.98,06-04-23-07-43-25-689
93.76,44.53,666.00,1.99,06-04-23-07-43-25-720
93.66,45.79,666.00,3.18,06-04-23-07-43-25-751
93.69,47.26,666.00,5.23,06-04-23-07-43-25-783
93.84,49.43,666.00,5.06,06-04-23-07-43-25-820
94.12,52.83,666.00,3.67,06-04-23-07-43-25-854
94.30,55.29,666.00,4.31,06-04-23-07-43-25-885
94.36,57.24,666.00,4.60,06-04-23-07-43-25-920
94.23,59.50,666.00,4.16,06-04-23-07-43-25-950
93.36,62.15,666.00,3.05,06-04-23-07-43-25-984
93.16,63.91,666.00,3.07,06-04-23-07-43-26-020
93.50,69.03,666.00,2.27,06-04-23-07-43-26-052
93.62,72.34,666.00,4.63,06-04-23-07-43-26-085
93.55,73.72,666.00,2.99,06-04-23-07-43-26-121
93.85,74.59,666.00,3.34,06-04-23-07-43-26-150
94.73,75.34,666.00,4.16,06-04-23-07-43-26-185
97.13,77.58,666.00,5.33,06-04-23-07-43-26-221
97.93,79.29,666.00,7.01,06-04-23-07-43-26-250
98.38,79.39,666.00,8.13,06-04-23-07-43-26-285
98.95,78.79,666.00,13.48,06-04-23-07-43-26-323
100.26,77.27,666.00,17.09,06-04-23-07-43-26-349
100.96,76.12,666.00,18.86,06-04-23-07-43-26-387
101.25,75.09,666.00,20.17,06-04-23-07-43-26-419
101.75,73.88,666.00,21.06,06-04-23-07-43-26-451
101.58,73.02,666.00,21.77,06-04-23-07-43-26-482
101.62,72.08,666.00,21.93,06-04-23-07-43-26-519
101.26,71.60,666.00,23.95,06-04-23-07-43-26-553
100.99,71.28,666.00,24.55,06-04-23-07-43-26-586
100.79,71.04,666.00,24.97,06-04-23-07-43-26-620
100.57,70.88,666.00,25.18,06-04-23-07-43-26-650
100.39,70.78,666.00,25.18,06-04-23-07-43-26-686
100.18,70.84,666.00,24.88,06-04-23-07-43-26-722
99.91,70.98,666.00,24.36,06-04-23-07-43-26-751
99.46,71.22,666.00,23.51,06-04-23-07-43-26-784
98.77,71.50,666.00,20.96,06-04-23-07-43-26-820
98.20,71.70,666.00,18.52,06-04-23-07-43-26-852
97.88,71.83,666.00,15.97,06-04-23-07-43-26-889
97.74,71.91,666.00,13.46,06-04-23-07-43-26-921
97.68,72.08,666.00,11.33,06-04-23-07-43-26-953
97.66,72.31,666.00,6.38,06-04-23-07-43-26-986
97.73,72.56,666.00,7.88,06-04-23-07-43-27-017
97.84,72.81,666.00,11.87,06-04-23-07-43-27-054
103.69,66.39,666.00,4.54,06-04-23-07-43-27-086
106.49,63.16,666.00,10.18,06-04-23-07-43-27-118
107.73,60.39,666.00,13.67,06-04-23-07-43-27-154
108.14,58.41,666.00,15.49,06-04-23-07-43-27-186
106.99,56.71,666.00,13.37,06-04-23-07-43-27-218
105.47,54.45,666.00,10.91,06-04-23-07-43-27-252
104.06,54.31,666.00,8.71,06-04-23-07-43-27-284
102.93,54.37,666.00,8.34,06-04-23-07-43-27-320
101.78,52.29,666.00,7.05,06-04-23-07-43-27-353
100.55,49.78,666.00,5.27,06-04-23-07-43-27-388
99.68,47.60,666.00,3.72,06-04-23-07-43-27-418
98.92,45.47,666.00,2.54,06-04-23-07-43-27-452
98.41,43.02,666.00,2.11,06-04-23-07-43-27-484
97.83,40.04,666.00,1.01,06-04-23-07-43-27-518
97.39,37.59,666.00,0.55,06-04-23-07-43-27-552
97.00,35.29,666.00,0.82,06-04-23-07-43-27-585
96.35,31.09,666.00,1.96,06-04-23-07-43-27-620
96.00,28.70,666.00,0.87,06-04-23-07-43-27-655
95.76,26.59,666.00,1.90,06-04-23-07-43-27-684
95.60,24.53,666.00,1.66,06-04-23-07-43-27-719
95.51,22.50,666.00,3.02,06-04-23-07-43-27-755
95.42,20.54,666.00,3.56,06-04-23-07-43-27-786
95.27,18.68,666.00,5.20,06-04-23-07-43-27-820
95.08,17.04,666.00,4.76,06-04-23-07-43-27-851
94.83,15.22,666.00,3.48,06-04-23-07-43-27-884
94.60,13.92,666.00,2.77,06-04-23-07-43-27-920
94.35,12.97,666.00,2.53,06-04-23-07-43-27-952
94.09,12.38,666.00,2.97,06-04-23-07-43-27-986
93.76,11.89,666.00,2.91,06-04-23-07-43-28-020
93.38,11.34,666.00,2.57,06-04-23-07-43-28-055
92.99,10.95,666.00,2.39,06-04-23-07-43-28-085
92.65,10.67,666.00,1.92,06-04-23-07-43-28-116
92.37,10.53,666.00,1.61,06-04-23-07-43-28-153
92.15,10.55,666.00,1.47,06-04-23-07-43-28-193
91.99,10.61,666.00,1.23,06-04-23-07-43-28-219
91.86,10.71,666.00,0.93,06-04-23-07-43-28-253
91.73,10.76,666.00,0.54,06-04-23-07-43-28-286
91.62,10.80,666.00,0.23,06-04-23-07-43-28-319
91.54,10.89,666.00,0.33,06-04-23-07-43-28-355
91.48,11.00,666.00,0.52,06-04-23-07-43-28-391
91.44,11.14,666.00,0.67,06-04-23-07-43-28-420
91.41,11.30,666.00,0.76,06-04-23-07-43-28-453
91.39,11.45,666.00,0.81,06-04-23-07-43-28-487
91.38,11.60,666.00,0.84,06-04-23-07-43-28-523
91.38,11.77,666.00,0.85,06-04-23-07-43-28-551
91.39,12.01,666.00,0.81,06-04-23-07-43-28-584
91.42,12.41,666.00,0.68,06-04-23-07-43-28-618
91.48,13.03,666.00,1.85,06-04-23-07-43-28-653
91.60,14.21,666.00,3.01,06-04-23-07-43-28-688
91.75,15.85,666.00,3.79,06-04-23-07-43-28-718
91.90,17.77,666.00,4.57,06-04-23-07-43-28-753
92.04,20.16,666.00,3.79,06-04-23-07-43-28-786
92.13,22.93,666.00,3.46,06-04-23-07-43-28-818
92.15,25.92,666.00,6.17,06-04-23-07-43-28-852
92.11,29.37,666.00,6.69,06-04-23-07-43-28-887
92.08,32.28,666.00,6.73,06-04-23-07-43-28-922
92.04,35.69,666.00,5.89,06-04-23-07-43-28-953
91.98,38.17,666.00,7.64,06-04-23-07-43-28-988
92.05,41.22,666.00,6.66,06-04-23-07-43-29-020
92.12,43.97,666.00,8.22,06-04-23-07-43-29-055
92.36,47.61,666.00,6.14,06-04-23-07-43-29-083
92.17,50.94,666.00,4.06,06-04-23-07-43-29-121
93.51,56.52,666.00,3.34,06-04-23-07-43-29-154
94.28,58.60,666.00,3.93,06-04-23-07-43-29-186
94.80,59.78,666.00,3.79,06-04-23-07-43-29-220
96.34,64.92,666.00,8.78,06-04-23-07-43-29-252
96.89,67.13,666.00,8.44,06-04-23-07-43-29-284
97.10,68.04,666.00,6.92,06-04-23-07-43-29-318
96.98,68.86,666.00,5.82,06-04-23-07-43-29-351
96.63,69.36,666.00,5.59,06-04-23-07-43-29-383
96.37,69.60,666.00,6.96,06-04-23-07-43-29-418
94.06,71.84,666.00,6.91,06-04-23-07-43-29-454
93.20,72.36,666.00,8.98,06-04-23-07-43-29-486
92.44,75.14,666.00,7.59,06-04-23-07-43-29-517
91.96,77.00,666.00,13.41,06-04-23-07-43-29-551
91.73,77.95,666.00,13.87,06-04-23-07-43-29-585
91.66,78.29,666.00,12.38,06-04-23-07-43-29-621
90.41,78.51,666.00,11.30,06-04-23-07-43-29-653
88.41,77.89,666.00,12.92,06-04-23-07-43-29-685
87.18,77.11,666.00,15.30,06-04-23-07-43-29-723
87.30,75.32,666.00,17.56,06-04-23-07-43-29-752
87.08,73.90,666.00,19.36,06-04-23-07-43-29-787
87.36,72.46,666.00,20.88,06-04-23-07-43-29-819
87.19,71.52,666.00,19.50,06-04-23-07-43-29-853
86.91,70.83,666.00,19.89,06-04-23-07-43-29-882
86.66,70.33,666.00,20.25,06-04-23-07-43-29-919
86.44,69.98,666.00,22.27,06-04-23-07-43-29-953
86.35,69.73,666.00,23.81,06-04-23-07-43-29-983
86.26,69.58,666.00,24.97,06-04-23-07-43-30-019
86.15,69.47,666.00,25.74,06-04-23-07-43-30-055
86.05,69.42,666.00,26.88,06-04-23-07-43-30-088
85.97,69.38,-33.70,30.43,06-04-23-07-43-30-120
85.91,69.35,-30.32,31.91,06-04-23-07-43-30-154
85.83,69.37,-27.97,33.03,06-04-23-07-43-30-183
85.67,69.45,-15.06,31.38,06-04-23-07-43-30-220
85.03,69.68,-9.52,31.61,06-04-23-07-43-30-254
83.22,70.13,1.53,38.55,06-04-23-07-43-30-286
82.49,70.52,5.93,43.99,06-04-23-07-43-30-320
82.40,70.88,7.54,45.38,06-04-23-07-43-30-350
81.03,65.71,1.36,56.67,06-04-23-07-43-30-386
93.34,60.25,666.00,20.35,06-04-23-07-43-30-417
100.16,55.36,666.00,13.87,06-04-23-07-43-30-453
101.97,53.90,666.00,13.18,06-04-23-07-43-30-488
103.08,52.79,666.00,16.37,06-04-23-07-43-30-523
103.86,52.09,666.00,18.35,06-04-23-07-43-30-553
103.20,51.52,666.00,16.88,06-04-23-07-43-30-585
102.05,49.32,666.00,15.49,06-04-23-07-43-30-619
100.94,48.56,666.00,13.91,06-04-23-07-43-30-655
99.72,47.60,666.00,12.45,06-04-23-07-43-30-688
98.11,44.18,666.00,7.82,06-04-23-07-43-30-719
97.07,42.07,666.00,5.05,06-04-23-07-43-30-755
96.20,39.52,666.00,2.52,06-04-23-07-43-30-786
95.59,37.28,666.00,1.12,06-04-23-07-43-30-820
95.06,34.84,666.00,0.30,06-04-23-07-43-30-852
94.65,32.21,666.00,0.75,06-04-23-07-43-30-885
94.43,29.13,666.00,3.09,06-04-23-07-43-30-918
94.12,26.47,666.00,3.76,06-04-23-07-43-30-954
93.97,24.98,666.00,3.23,06-04-23-07-43-30-984
93.83,23.84,666.00,2.46,06-04-23-07-43-31-017
93.69,22.44,666.00,2.04,06-04-23-07-43-31-052
93.58,21.22,666.00,2.50,06-04-23-07-43-31-084
93.43,20.17,666.00,3.75,06-04-23-07-43-31-119
93.29,19.16,666.00,3.95,06-04-23-07-43-31-156
93.18,18.38,666.00,4.28,06-04-23-07-43-31-186
93.10,17.54,666.00,4.13,06-04-23-07-43-31-221
93.02,16.90,666.00,3.69,06-04-23-07-43-31-251
92.94,16.15,666.00,9.33,06-04-23-07-43-31-287
92.90,15.52,666.00,9.96,06-04-23-07-43-31-320
92.88,15.13,666.00,10.46,06-04-23-07-43-31-354
92.89,14.71,666.00,10.40,06-04-23-07-43-31-386
92.86,14.28,666.00,9.84,06-04-23-07-43-31-418
92.82,13.88,666.00,9.44,06-04-23-07-43-31-454
92.79,13.46,666.00,8.71,06-04-23-07-43-31-486
92.75,13.12,666.00,7.97,06-04-23-07-43-31-521
92.72,12.86,666.00,7.26,06-04-23-07-43-31-553
92.70,12.70,666.00,6.64,06-04-23-07-43-31-586
92.70,12.57,666.00,6.08,06-04-23-07-43-31-619
92.69,12.53,666.00,5.61,06-04-23-07-43-31-655
92.70,12.54,666.00,5.22,06-04-23-07-43-31-686
92.70,12.60,666.00,4.89,06-04-23-07-43-31-719
92.70,12.65,666.00,4.51,06-04-23-07-43-31-753
92.70,12.73,666.00,4.15,06-04-23-07-43-31-784
92.69,12.82,666.00,3.75,06-04-23-07-43-31-820
92.69,12.93,666.00,3.11,06-04-23-07-43-31-853
92.69,13.05,666.00,2.24,06-04-23-07-43-31-886
92.68,13.26,666.00,2.00,06-04-23-07-43-31-920
92.67,13.61,666.00,2.47,06-04-23-07-43-31-950
92.69,14.34,666.00,3.05,06-04-23-07-43-31-985
92.69,15.48,666.00,2.95,06-04-23-07-43-32-021
92.66,16.60,666.00,3.14,06-04-23-07-43-32-051
92.68,18.26,666.00,3.47,06-04-23-07-43-32-085
92.68,20.11,666.00,4.66,06-04-23-07-43-32-121
92.77,22.29,666.00,6.60,06-04-23-07-43-32-154
92.84,24.53,666.00,8.71,06-04-23-07-43-32-186
92.94,27.15,666.00,11.45,06-04-23-07-43-32-220
93.04,30.68,666.00,9.54,06-04-23-07-43-32-253
92.96,35.10,666.00,8.34,06-04-23-07-43-32-285
92.85,38.40,666.00,8.14,06-04-23-07-43-32-321
92.73,41.22,666.00,6.89,06-04-23-07-43-32-353
92.71,45.19,666.00,4.53,06-04-23-07-43-32-385
92.11,49.03,666.00,1.42,06-04-23-07-43-32-431
92.13,52.21,666.00,2.18,06-04-23-07-43-32-454
92.38,54.64,666.00,1.31,06-04-23-07-43-32-485
92.89,57.02,666.00,2.43,06-04-23-07-43-32-519
93.05,58.35,666.00,4.47,06-04-23-07-43-32-553
93.66,62.03,666.00,6.82,06-04-23-07-43-32-584
93.17,64.52,666.00,6.20,06-04-23-07-43-32-625
91.39,66.81,666.00,4.15,06-04-23-07-43-32-652
90.31,67.84,666.00,4.12,06-04-23-07-43-32-684
89.84,68.10,666.00,11.06,06-04-23-07-43-32-719
90.77,71.94,666.00,4.79,06-04-23-07-43-32-750
91.05,72.82,666.00,3.92,06-04-23-07-43-32-784
84.09,75.98,666.00,18.26,06-04-23-07-43-32-819
81.59,77.15,666.00,23.36,06-04-23-07-43-32-853
80.12,77.57,666.00,27.63,06-04-23-07-43-32-884
78.66,77.78,666.00,27.34,06-04-23-07-43-32-919
77.59,77.66,666.00,27.62,06-04-23-07-43-32-954
76.77,77.20,666.00,28.75,06-04-23-07-43-32-984
84.22,77.67,666.00,14.19,06-04-23-07-43-33-019
88.28,77.72,666.00,4.77,06-04-23-07-43-33-055
92.42,76.98,666.00,2.72,06-04-23-07-43-33-085
94.84,76.54,666.00,6.68,06-04-23-07-43-33-119
96.27,76.36,666.00,9.12,06-04-23-07-43-33-151
97.85,76.22,666.00,10.16,06-04-23-07-43-33-184
99.17,76.16,666.00,10.15,06-04-23-07-43-33-221
99.92,76.19,666.00,9.47,06-04-23-07-43-33-250
78.64,81.05,-0.58,37.98,06-04-23-07-43-33-285
63.64,84.65,6.83,61.21,06-04-23-07-43-33-321
58.85,85.93,9.79,63.12,06-04-23-07-43-33-351
57.02,83.19,9.68,57.68,06-04-23-07-43-33-387
58.24,78.87,5.06,61.75,06-04-23-07-43-33-419
60.44,75.20,0.65,61.24,06-04-23-07-43-33-450
74.87,65.20,-29.84,40.06,06-04-23-07-43-33-485
81.07,60.35,-52.25,37.68,06-04-23-07-43-33-518
87.05,56.51,-73.38,39.14,06-04-23-07-43-33-553
89.26,54.97,-81.23,40.80,06-04-23-07-43-33-585
90.51,54.18,-72.03,43.93,06-04-23-07-43-33-617
90.86,54.01,-67.94,45.16,06-04-23-07-43-33-658
90.41,54.21,-63.35,45.90,06-04-23-07-43-33-684
88.84,54.77,-56.87,41.72,06-04-23-07-43-33-720
87.22,55.50,-51.03,40.54,06-04-23-07-43-33-754
85.71,56.29,-46.61,40.48,06-04-23-07-43-33-785
83.72,57.34,-31.01,40.16,06-04-23-07-43-33-820
79.74,58.69,-15.56,44.89,06-04-23-07-43-33-854
77.07,59.86,-7.70,47.99,06-04-23-07-43-33-883
75.03,60.91,-1.58,50.04,06-04-23-07-43-33-921
72.26,61.71,7.98,55.47,06-04-23-07-43-33-953
85.60,60.88,1.96,30.05,06-04-23-07-43-33-985
100.72,58.37,666.00,3.64,06-04-23-07-43-34-018
106.07,55.76,666.00,14.59,06-04-23-07-43-34-052
108.26,53.76,666.00,20.07,06-04-23-07-43-34-084
108.21,52.11,666.00,20.97,06-04-23-07-43-34-118
105.78,49.41,666.00,17.13,06-04-23-07-43-34-152
103.10,46.20,666.00,12.97,06-04-23-07-43-34-185
101.30,44.56,666.00,9.74,06-04-23-07-43-34-219
99.97,42.64,666.00,5.67,06-04-23-07-43-34-251
98.95,41.07,666.00,3.19,06-04-23-07-43-34-287
97.94,39.03,666.00,1.20,06-04-23-07-43-34-319
97.23,37.01,666.00,1.10,06-04-23-07-43-34-352
96.87,34.97,666.00,2.11,06-04-23-07-43-34-388
96.69,32.20,666.00,2.85,06-04-23-07-43-34-421
96.65,29.98,666.00,3.07,06-04-23-07-43-34-453
97.11,26.71,666.00,4.47,06-04-23-07-43-34-487
97.36,25.10,666.00,3.06,06-04-23-07-43-34-520
97.56,23.90,666.00,2.14,06-04-23-07-43-34-552
97.79,22.36,666.00,0.76,06-04-23-07-43-34-585
97.94,21.27,666.00,1.17,06-04-23-07-43-34-619
98.05,20.21,666.00,3.30,06-04-23-07-43-34-655
98.12,19.10,666.00,4.09,06-04-23-07-43-34-684
98.13,18.01,666.00,3.98,06-04-23-07-43-34-721
98.05,16.69,666.00,3.12,06-04-23-07-43-34-751
97.97,15.65,666.00,2.98,06-04-23-07-43-34-785
97.84,14.53,666.00,2.45,06-04-23-07-43-34-821
97.69,13.52,666.00,2.23,06-04-23-07-43-34-851
97.52,12.67,666.00,1.82,06-04-23-07-43-34-886
97.35,12.14,666.00,1.58,06-04-23-07-43-34-921
97.14,11.64,666.00,1.55,06-04-23-07-43-34-952
96.93,11.25,666.00,1.58,06-04-23-07-43-34-984
96.68,10.90,666.00,1.62,06-04-23-07-43-35-020
96.49,10.65,666.00,1.73,06-04-23-07-43-35-052
96.24,10.38,666.00,1.60,06-04-23-07-43-35-083
95.99,10.12,666.00,1.41,06-04-23-07-43-35-120
95.81,9.96,666.00,1.29,06-04-23-07-43-35-152
95.60,9.82,666.00,1.03,06-04-23-07-43-35-188
95.42,9.70,666.00,0.80,06-04-23-07-43-35-219
95.30,9.65,666.00,0.65,06-04-23-07-43-35-250
95.16,9.60,666.00,0.50,06-04-23-07-43-35-285
95.06,9.58,666.00,0.44,06-04-23-07-43-35-319
94.98,9.60,666.00,0.45,06-04-23-07-43-35-352
94.88,9.67,666.00,0.53,06-04-23-07-43-35-387
94.78,9.83,666.00,0.91,06-04-23-07-43-35-420
94.66,10.20,666.00,1.84,06-04-23-07-43-35-450
94.53,11.01,666.00,2.77,06-04-23-07-43-35-485
94.47,12.29,666.00,4.16,06-04-23-07-43-35-520
94.47,13.99,666.00,5.55,06-04-23-07-43-35-557
94.64,16.18,666.00,4.82,06-04-23-07-43-35-585
94.82,18.23,666.00,4.50,06-04-23-07-43-35-619
95.04,20.48,666.00,5.18,06-04-23-07-43-35-656
95.30,22.74,666.00,5.28,06-04-23-07-43-35-687
95.56,25.43,666.00,5.75,06-04-23-07-43-35-720
95.76,27.66,666.00,8.07,06-04-23-07-43-35-750
95.93,30.39,666.00,8.56,06-04-23-07-43-35-787
96.14,33.63,666.00,7.08,06-04-23-07-43-35-822
96.32,36.14,666.00,6.78,06-04-23-07-43-35-855
96.50,38.53,666.00,6.13,06-04-23-07-43-35-885
96.66,40.65,666.00,5.16,06-04-23-07-43-35-920
96.83,42.83,666.00,5.71,06-04-23-07-43-35-957
97.05,45.55,666.00,4.26,06-04-23-07-43-35-985
97.21,48.37,666.00,3.77,06-04-23-07-43-36-020
97.29,51.01,666.00,3.46,06-04-23-07-43-36-055
97.19,54.43,666.00,4.38,06-04-23-07-43-36-085
97.13,56.17,666.00,5.01,06-04-23-07-43-36-119
97.01,57.63,666.00,5.50,06-04-23-07-43-36-150
96.75,58.84,666.00,6.01,06-04-23-07-43-36-185
96.44,60.21,666.00,6.30,06-04-23-07-43-36-221
96.04,61.85,666.00,5.85,06-04-23-07-43-36-257
95.34,63.82,666.00,6.19,06-04-23-07-43-36-297
93.36,66.71,666.00,5.27,06-04-23-07-43-36-323
92.25,68.25,666.00,9.72,06-04-23-07-43-36-352
91.73,68.86,666.00,11.58,06-04-23-07-43-36-385
90.82,69.44,666.00,12.88,06-04-23-07-43-36-420
85.22,71.95,-22.04,32.06,06-04-23-07-43-36-455
79.58,73.17,-15.83,49.19,06-04-23-07-43-36-485
75.86,73.57,-12.93,57.52,06-04-23-07-43-36-521
73.32,73.52,-13.30,41.93,06-04-23-07-43-36-551
71.66,73.17,-13.08,42.31,06-04-23-07-43-36-586
71.51,71.12,-13.68,42.90,06-04-23-07-43-36-621
71.95,69.11,-26.46,46.52,06-04-23-07-43-36-655
71.94,67.77,-37.21,40.93,06-04-23-07-43-36-683
72.20,66.58,-46.27,44.16,06-04-23-07-43-36-721
88.53,76.28,666.00,20.94,06-04-23-07-43-36-751
96.02,80.57,666.00,16.80,06-04-23-07-43-36-788
99.57,82.26,666.00,18.03,06-04-23-07-43-36-831
89.63,71.17,666.00,28.54,06-04-23-07-43-36-868
84.25,70.48,-55.09,34.26,06-04-23-07-43-36-896
81.59,70.19,-36.16,40.27,06-04-23-07-43-36-933
79.98,70.16,-28.59,44.13,06-04-23-07-43-36-952
78.92,70.23,-25.21,46.35,06-04-23-07-43-36-994
78.48,70.47,-23.07,47.47,06-04-23-07-43-37-020
77.85,70.46,-21.57,48.63,06-04-23-07-43-37-058
81.00,66.84,-31.19,46.00,06-04-23-07-43-37-083
95.31,76.30,666.00,18.36,06-04-23-07-43-37-122
94.49,63.52,-65.39,35.79,06-04-23-07-43-37-153
86.62,67.95,-61.41,32.75,06-04-23-07-43-37-191
92.26,53.96,-81.18,44.84,06-04-23-07-43-37-221
91.21,52.28,-81.65,47.46,06-04-23-07-43-37-259
90.22,51.44,-81.31,49.13,06-04-23-07-43-37-290
89.31,51.11,-69.01,45.03,06-04-23-07-43-37-319
84.97,51.72,-50.92,39.63,06-04-23-07-43-37-350
79.18,52.67,-22.18,71.89,06-04-23-07-43-37-385
75.12,53.70,-11.24,71.67,06-04-23-07-43-37-420
71.95,54.76,-6.19,68.00,06-04-23-07-43-37-453
87.80,57.26,666.00,26.41,06-04-23-07-43-37-485
98.41,59.63,666.00,3.78,06-04-23-07-43-37-520
102.09,57.74,666.00,15.29,06-04-23-07-43-37-554
104.87,57.65,666.00,22.69,06-04-23-07-43-37-586
103.45,52.43,666.00,20.82,06-04-23-07-43-37-622
102.13,50.20,666.00,18.11,06-04-23-07-43-37-653
100.61,47.69,666.00,14.17,06-04-23-07-43-37-684
98.94,45.00,666.00,10.93,06-04-23-07-43-37-718
97.30,41.94,666.00,6.36,06-04-23-07-43-37-752
96.07,38.77,666.00,2.24,06-04-23-07-43-37-788
95.27,36.57,666.00,0.92,06-04-23-07-43-37-819
94.59,33.90,666.00,3.52,06-04-23-07-43-37-851
94.19,31.73,666.00,3.16,06-04-23-07-43-37-887
94.01,28.44,666.00,5.93,06-04-23-07-43-37-921
93.92,26.66,666.00,5.16,06-04-23-07-43-37-956
93.95,24.70,666.00,3.82,06-04-23-07-43-37-986
94.02,23.21,666.00,1.46,06-04-23-07-43-38-024
94.09,21.88,666.00,1.23,06-04-23-07-43-38-053
94.19,20.47,666.00,2.04,06-04-23-07-43-38-085
94.29,18.99,666.00,4.46,06-04-23-07-43-38-122
94.37,17.36,666.00,4.05,06-04-23-07-43-38-153
94.40,16.21,666.00,3.57,06-04-23-07-43-38-186
94.35,14.95,666.00,3.05,06-04-23-07-43-38-219
94.35,13.68,666.00,3.23,06-04-23-07-43-38-254
94.27,12.45,666.00,3.62,06-04-23-07-43-38-285
94.14,11.60,666.00,3.69,06-04-23-07-43-38-321
93.97,11.00,666.00,3.52,06-04-23-07-43-38-354
93.76,10.68,666.00,3.06,06-04-23-07-43-38-384
93.49,10.45,666.00,2.62,06-04-23-07-43-38-418
93.24,10.35,666.00,2.19,06-04-23-07-43-38-455
93.01,10.35,666.00,1.04,06-04-23-07-43-38-484
92.81,10.49,666.00,0.28,06-04-23-07-43-38-518
92.64,10.69,666.00,0.81,06-04-23-07-43-38-555
92.48,10.94,666.00,1.30,06-04-23-07-43-38-587
92.34,11.18,666.00,1.63,06-04-23-07-43-38-618
92.21,11.40,666.00,1.84,06-04-23-07-43-38-655
92.09,11.65,666.00,1.58,06-04-23-07-43-38-684
91.98,11.92,666.00,1.25,06-04-23-07-43-38-719
91.86,12.29,666.00,1.88,06-04-23-07-43-38-751
91.71,12.97,666.00,3.37,06-04-23-07-43-38-785
91.54,14.39,666.00,4.23,06-04-23-07-43-38-817
91.32,16.35,666.00,4.99,06-04-23-07-43-38-857
91.09,18.80,666.00,5.83,06-04-23-07-43-38-884
90.93,21.58,666.00,8.07,06-04-23-07-43-38-918
90.87,25.19,666.00,9.17,06-04-23-07-43-38-951
90.84,28.62,666.00,8.32,06-04-23-07-43-38-985
90.86,31.85,666.00,8.68,06-04-23-07-43-39-020
90.88,35.07,666.00,9.34,06-04-23-07-43-39-051
90.84,39.39,666.00,6.82,06-04-23-07-43-39-088
90.57,45.50,666.00,3.99,06-04-23-07-43-39-118
90.29,49.58,666.00,4.62,06-04-23-07-43-39-150
90.28,52.08,666.00,4.00,06-04-23-07-43-39-187
90.25,54.78,666.00,3.28,06-04-23-07-43-39-218
90.97,57.76,666.00,0.94,06-04-23-07-43-39-255
91.56,59.78,666.00,1.61,06-04-23-07-43-39-283
92.26,61.85,666.00,4.26,06-04-23-07-43-39-321
92.39,63.33,666.00,5.93,06-04-23-07-43-39-355
92.81,68.76,666.00,8.39,06-04-23-07-43-39-385
92.73,70.24,666.00,7.34,06-04-23-07-43-39-421
90.82,72.81,666.00,4.53,06-04-23-07-43-39-454
90.45,76.84,666.00,8.22,06-04-23-07-43-39-484
90.16,78.69,666.00,7.52,06-04-23-07-43-39-522
86.79,82.43,666.00,16.76,06-04-23-07-43-39-552
87.44,84.73,666.00,16.05,06-04-23-07-43-39-584
87.35,84.97,666.00,15.61,06-04-23-07-43-39-617
87.37,84.71,666.00,12.12,06-04-23-07-43-39-653
86.63,83.45,666.00,13.66,06-04-23-07-43-39-686
85.37,81.09,666.00,13.04,06-04-23-07-43-39-719
85.13,79.30,666.00,12.18,06-04-23-07-43-39-761
85.39,77.81,666.00,13.52,06-04-23-07-43-39-787
80.30,72.96,666.00,20.70,06-04-23-07-43-39-822
76.56,71.25,666.00,23.78,06-04-23-07-43-39-854
99.49,77.32,666.00,22.40,06-04-23-07-43-39-885
102.79,65.94,-132.14,44.64,06-04-23-07-43-39-920
112.72,74.75,-154.18,53.95,06-04-23-07-43-39-951
110.75,67.02,-153.24,58.93,06-04-23-07-43-39-984
116.93,66.29,-158.89,62.74,06-04-23-07-43-40-018
119.54,65.54,-161.78,64.69,06-04-23-07-43-40-055
101.08,69.70,-138.51,32.86,06-04-23-07-43-40-083
87.56,71.83,666.00,16.44,06-04-23-07-43-40-121
81.92,72.62,666.00,18.21,06-04-23-07-43-40-151
76.57,72.68,666.00,24.40,06-04-23-07-43-40-184
73.94,72.82,666.00,28.51,06-04-23-07-43-40-222
72.31,72.85,-14.43,31.27,06-04-23-07-43-40-253
71.16,72.49,-18.20,31.28,06-04-23-07-43-40-284
69.71,71.10,-21.17,33.21,06-04-23-07-43-40-320
68.54,69.61,-24.16,34.95,06-04-23-07-43-40-352
95.90,73.07,666.00,15.51,06-04-23-07-43-40-384
95.66,73.25,666.00,16.28,06-04-23-07-43-40-421
66.75,67.69,-23.03,33.86,06-04-23-07-43-40-452
66.58,67.58,-8.68,33.19,06-04-23-07-43-40-485
66.58,67.45,-2.77,33.62,06-04-23-07-43-40-518
66.69,67.45,-3.69,36.45,06-04-23-07-43-40-550
69.88,65.80,666.00,29.70,06-04-23-07-43-40-588
74.70,64.00,666.00,21.73,06-04-23-07-43-40-619
78.51,62.45,666.00,18.84,06-04-23-07-43-40-652
82.21,60.98,666.00,16.14,06-04-23-07-43-40-688
85.57,58.93,666.00,11.92,06-04-23-07-43-40-717
88.65,57.50,666.00,7.12,06-04-23-07-43-40-754
90.82,56.60,666.00,5.28,06-04-23-07-43-40-789
92.45,54.43,666.00,5.81,06-04-23-07-43-40-821
91.84,47.54,666.00,3.68,06-04-23-07-43-40-853
91.71,45.79,666.00,3.78,06-04-23-07-43-40-887
92.23,43.21,666.00,5.66,06-04-23-07-43-40-919
92.61,41.53,666.00,5.09,06-04-23-07-43-40-953
92.52,40.15,666.00,3.84,06-04-23-07-43-40-987
92.20,38.73,666.00,2.33,06-04-23-07-43-41-019
91.97,37.11,666.00,1.77,06-04-23-07-43-41-052
91.86,35.83,666.00,3.04,06-04-23-07-43-41-088
91.75,34.36,666.00,3.35,06-04-23-07-43-41-119
91.73,32.84,666.00,4.79,06-04-23-07-43-41-152
91.62,30.06,666.00,3.65,06-04-23-07-43-41-185
91.60,27.44,666.00,3.38,06-04-23-07-43-41-221
91.58,24.75,666.00,2.78,06-04-23-07-43-41-255
91.60,22.07,666.00,2.47,06-04-23-07-43-41-289
91.64,19.75,666.00,2.20,06-04-23-07-43-41-322
91.71,17.45,666.00,2.61,06-04-23-07-43-41-352
91.86,14.71,666.00,3.69,06-04-23-07-43-41-387
91.87,12.92,666.00,4.65,06-04-23-07-43-41-420
91.85,11.48,666.00,5.11,06-04-23-07-43-41-454
91.81,10.19,666.00,4.39,06-04-23-07-43-41-488
91.76,9.13,666.00,3.91,06-04-23-07-43-41-521
91.70,8.53,666.00,3.33,06-04-23-07-43-41-552
91.62,7.96,666.00,2.87,06-04-23-07-43-41-586
91.55,7.51,666.00,2.31,06-04-23-07-43-41-622
91.47,7.03,666.00,2.86,06-04-23-07-43-41-652
91.38,6.66,666.00,2.59,06-04-23-07-43-41-689
91.30,6.42,666.00,2.21,06-04-23-07-43-41-720
91.21,6.13,666.00,2.12,06-04-23-07-43-41-753
91.13,5.91,666.00,1.96,06-04-23-07-43-41-788
91.09,5.87,666.00,1.82,06-04-23-07-43-41-821
91.03,5.77,666.00,1.73,06-04-23-07-43-41-853
90.99,5.66,666.00,1.54,06-04-23-07-43-41-889
90.95,5.55,666.00,1.24,06-04-23-07-43-41-920
90.91,5.48,666.00,0.98,06-04-23-07-43-41-954
90.89,5.43,666.00,0.77,06-04-23-07-43-41-984
90.86,5.42,666.00,0.60,06-04-23-07-43-42-018
90.84,5.44,666.00,0.40,06-04-23-07-43-42-052
90.83,5.48,666.00,3.03,06-04-23-07-43-42-091
90.81,5.69,666.00,5.83,06-04-23-07-43-42-121
90.82,6.74,666.00,8.43,06-04-23-07-43-42-151
90.85,8.89,666.00,8.32,06-04-23-07-43-42-185
90.98,11.65,666.00,6.86,06-04-23-07-43-42-221
91.16,14.78,666.00,8.61,06-04-23-07-43-42-254
91.46,18.59,666.00,10.63,06-04-23-07-43-42-284
91.81,23.06,666.00,11.29,06-04-23-07-43-42-319
92.03,26.35,666.00,12.91,06-04-23-07-43-42-350
92.18,31.16,666.00,10.84,06-04-23-07-43-42-383
92.47,36.95,666.00,6.67,06-04-23-07-43-42-420
92.73,40.39,666.00,5.71,06-04-23-07-43-42-454
92.94,43.32,666.00,6.81,06-04-23-07-43-42-486
93.81,49.65,666.00,2.78,06-04-23-07-43-42-518
94.05,52.48,666.00,3.49,06-04-23-07-43-42-552
94.22,54.69,666.00,3.87,06-04-23-07-43-42-583
95.55,62.65,666.00,13.38,06-04-23-07-43-42-619
96.12,65.58,666.00,14.73,06-04-23-07-43-42-654
96.57,67.07,666.00,14.02,06-04-23-07-43-42-684
97.07,68.21,666.00,13.21,06-04-23-07-43-42-717
97.46,69.35,666.00,12.84,06-04-23-07-43-42-752
95.92,69.48,666.00,7.03,06-04-23-07-43-42-784
94.25,69.42,666.00,4.01,06-04-23-07-43-42-821
93.12,70.91,666.00,1.58,06-04-23-07-43-42-852
91.98,71.74,666.00,1.96,06-04-23-07-43-42-883
91.11,72.54,666.00,3.39,06-04-23-07-43-42-917
90.79,77.38,666.00,0.92,06-04-23-07-43-42-953
83.77,78.54,666.00,12.19,06-04-23-07-43-42-987
80.31,78.55,666.00,18.03,06-04-23-07-43-43-017
78.29,78.11,666.00,21.95,06-04-23-07-43-43-051
72.91,76.07,-4.22,35.32,06-04-23-07-43-43-084
70.46,74.31,-5.71,41.57,06-04-23-07-43-43-119
67.67,72.32,-10.53,49.60,06-04-23-07-43-43-154
63.71,70.73,-11.99,55.71,06-04-23-07-43-43-187
60.92,69.86,-12.28,58.80,06-04-23-07-43-43-219
60.00,69.31,-13.08,59.32,06-04-23-07-43-43-255
59.97,68.86,-16.66,59.33,06-04-23-07-43-43-283
60.29,68.70,-18.91,58.37,06-04-23-07-43-43-319
60.59,68.65,-20.56,57.45,06-04-23-07-43-43-353
60.90,68.66,-21.74,56.59,06-04-23-07-43-43-383
61.68,69.00,-22.90,54.78,06-04-23-07-43-43-419
88.81,74.66,666.00,29.55,06-04-23-07-43-43-455
62.75,69.39,-24.09,52.36,06-04-23-07-43-43-485
63.18,69.49,-24.33,51.38,06-04-23-07-43-43-519
63.58,69.42,-24.51,50.58,06-04-23-07-43-43-551
66.85,67.90,-27.85,46.63,06-04-23-07-43-43-584
71.18,66.91,-32.80,43.36,06-04-23-07-43-43-619
73.06,66.57,-35.18,41.83,06-04-23-07-43-43-654
74.13,66.50,-36.50,40.88,06-04-23-07-43-43-686
74.95,66.57,-37.39,40.19,06-04-23-07-43-43-719
85.73,66.78,666.00,17.52,06-04-23-07-43-43-751
94.89,64.12,666.00,3.74,06-04-23-07-43-43-784
100.08,58.05,666.00,10.06,06-04-23-07-43-43-820
102.84,55.79,666.00,15.24,06-04-23-07-43-43-851
102.62,51.46,666.00,13.74,06-04-23-07-43-43-886
101.37,48.26,666.00,11.23,06-04-23-07-43-43-919
99.02,44.22,666.00,8.99,06-04-23-07-43-43-954
97.90,42.95,666.00,7.63,06-04-23-07-43-43-986
96.26,40.28,666.00,6.63,06-04-23-07-43-44-021
95.13,39.14,666.00,3.81,06-04-23-07-43-44-050
94.24,38.32,666.00,2.13,06-04-23-07-43-44-087
93.70,37.53,666.00,2.91,06-04-23-07-43-44-123
93.30,35.64,666.00,2.38,06-04-23-07-43-44-153
92.87,33.18,666.00,1.55,06-04-23-07-43-44-185
92.55,30.98,666.00,2.31,06-04-23-07-43-44-219
92.31,28.63,666.00,2.16,06-04-23-07-43-44-253
92.06,26.00,666.00,1.95,06-04-23-07-43-44-284
91.91,24.19,666.00,2.05,06-04-23-07-43-44-321
91.91,22.57,666.00,1.70,06-04-23-07-43-44-355
91.98,20.99,666.00,1.21,06-04-23-07-43-44-384
92.07,19.63,666.00,0.98,06-04-23-07-43-44-420
92.17,18.30,666.00,1.78,06-04-23-07-43-44-456
92.22,16.98,666.00,2.39,06-04-23-07-43-44-485
92.25,16.04,666.00,2.71,06-04-23-07-43-44-519
92.20,15.10,666.00,2.86,06-04-23-07-43-44-553
92.07,14.16,666.00,2.41,06-04-23-07-43-44-583
91.88,13.22,666.00,2.19,06-04-23-07-43-44-620
91.66,12.36,666.00,2.24,06-04-23-07-43-44-655
91.43,11.61,666.00,2.20,06-04-23-07-43-44-684
91.23,11.01,666.00,1.95,06-04-23-07-43-44-721
91.05,10.60,666.00,1.60,06-04-23-07-43-44-752
90.88,10.32,666.00,1.26,06-04-23-07-43-44-784
90.73,10.14,666.00,0.99,06-04-23-07-43-44-818
90.58,10.00,666.00,0.73,06-04-23-07-43-44-857
90.43,9.89,666.00,0.46,06-04-23-07-43-44-888
90.29,9.83,666.00,0.35,06-04-23-07-43-44-920
90.18,9.86,666.00,0.40,06-04-23-07-43-44-955
90.08,9.90,666.00,0.50,06-04-23-07-43-44-985
90.01,9.98,666.00,0.57,06-04-23-07-43-45-018
89.95,10.09,666.00,0.61,06-04-23-07-43-45-053
89.89,10.20,666.00,0.66,06-04-23-07-43-45-085
89.83,10.30,666.00,0.69,06-04-23-07-43-45-119
89.78,10.40,666.00,0.68,06-04-23-07-43-45-152
89.76,10.51,666.00,0.61,06-04-23-07-43-45-184
89.74,10.62,666.00,0.44,06-04-23-07-43-45-221
89.71,10.99,666.00,0.78,06-04-23-07-43-45-254
89.68,11.83,666.00,1.65,06-04-23-07-43-45-285
89.64,13.53,666.00,1.79,06-04-23-07-43-45-324
89.63,15.52,666.00,3.37,06-04-23-07-43-45-353
89.61,18.08,666.00,7.15,06-04-23-07-43-45-387
89.68,21.23,666.00,8.31,06-04-23-07-43-45-420
89.77,25.11,666.00,8.46,06-04-23-07-43-45-450
89.86,28.68,666.00,6.93,06-04-23-07-43-45-484
89.94,32.31,666.00,5.79,06-04-23-07-43-45-517
90.07,36.84,666.00,4.07,06-04-23-07-43-45-552
90.39,40.56,666.00,3.73,06-04-23-07-43-45-585
90.66,44.60,666.00,3.38,06-04-23-07-43-45-619
91.68,49.90,666.00,4.89,06-04-23-07-43-45-654
92.50,52.81,666.00,5.01,06-04-23-07-43-45-684
92.95,54.73,666.00,5.00,06-04-23-07-43-45-720
93.73,57.31,666.00,6.59,06-04-23-07-43-45-754
93.63,60.57,666.00,7.41,06-04-23-07-43-45-784
93.75,65.42,666.00,9.31,06-04-23-07-43-45-820
92.93,67.88,666.00,5.73,06-04-23-07-43-45-855
91.99,69.37,666.00,3.50,06-04-23-07-43-45-887
90.95,70.90,666.00,8.90,06-04-23-07-43-45-919
90.14,71.83,666.00,9.10,06-04-23-07-43-45-952
79.64,72.72,666.00,24.84,06-04-23-07-43-45-989
77.07,73.19,-19.83,37.24,06-04-23-07-43-46-016
75.52,73.01,-19.30,43.48,06-04-23-07-43-46-055
74.53,72.65,-18.75,46.70,06-04-23-07-43-46-086
73.96,72.18,-18.32,48.66,06-04-23-07-43-46-124
70.35,71.64,-14.78,50.39,06-04-23-07-43-46-151
67.98,70.83,-24.25,38.70,06-04-23-07-43-46-185
66.45,69.92,-23.76,42.59,06-04-23-07-43-46-220
65.43,68.95,-22.88,44.85,06-04-23-07-43-46-253
62.18,67.84,-19.54,55.91,06-04-23-07-43-46-287
59.11,67.02,-17.14,61.56,06-04-23-07-43-46-325
57.36,66.30,-19.87,67.24,06-04-23-07-43-46-352
56.28,65.69,-20.20,69.80,06-04-23-07-43-46-385
55.57,65.15,-20.21,71.35,06-04-23-07-43-46-417
55.09,64.67,-20.12,72.29,06-04-23-07-43-46-452
54.75,64.23,-19.95,72.88,06-04-23-07-43-46-484
78.97,70.20,-34.62,49.76,06-04-23-07-43-46-523
54.34,63.54,-19.43,72.93,06-04-23-07-43-46-554
57.18,61.79,-21.21,70.98,06-04-23-07-43-46-582
59.64,60.45,-23.02,69.14,06-04-23-07-43-46-618
61.17,59.65,-24.28,67.80,06-04-23-07-43-46-653
62.24,58.91,-25.23,66.86,06-04-23-07-43-46-687
62.85,58.27,-25.86,66.30,06-04-23-07-43-46-719
63.69,58.13,-26.66,65.38,06-04-23-07-43-46-751
74.55,57.53,-19.76,33.46,06-04-23-07-43-46-783
81.47,56.91,666.00,21.18,06-04-23-07-43-46-820
85.39,56.50,666.00,14.06,06-04-23-07-43-46-853
91.04,52.06,666.00,4.08,06-04-23-07-43-46-885
93.25,49.32,666.00,1.52,06-04-23-07-43-46-920
94.55,47.12,666.00,3.92,06-04-23-07-43-46-950
94.96,44.81,666.00,5.31,06-04-23-07-43-46-986
94.23,41.05,666.00,7.16,06-04-23-07-43-47-019
94.27,40.67,666.00,5.14,06-04-23-07-43-47-054
94.44,40.95,666.00,4.35,06-04-23-07-43-47-084
94.86,40.55,666.00,5.39,06-04-23-07-43-47-120
94.33,35.31,666.00,6.03,06-04-23-07-43-47-153
93.73,32.52,666.00,6.63,06-04-23-07-43-47-184
93.23,30.73,666.00,6.63,06-04-23-07-43-47-221
92.74,29.28,666.00,5.85,06-04-23-07-43-47-250
92.40,28.34,666.00,3.77,06-04-23-07-43-47-284
92.06,27.24,666.00,2.90,06-04-23-07-43-47-318
91.82,26.33,666.00,2.56,06-04-23-07-43-47-355
91.62,25.56,666.00,2.45,06-04-23-07-43-47-385
91.39,23.77,666.00,2.41,06-04-23-07-43-47-417
91.21,22.77,666.00,2.16,06-04-23-07-43-47-452
91.08,21.86,666.00,0.50,06-04-23-07-43-47-487
90.97,20.92,666.00,1.27,06-04-23-07-43-47-519
90.83,19.88,666.00,3.74,06-04-23-07-43-47-553
90.66,18.95,666.00,7.42,06-04-23-07-43-47-585
90.52,18.14,666.00,7.81,06-04-23-07-43-47-618
90.39,17.35,666.00,7.82,06-04-23-07-43-47-652
90.24,16.63,666.00,7.23,06-04-23-07-43-47-684
90.11,15.85,666.00,6.26,06-04-23-07-43-47-719
90.00,15.23,666.00,5.37,06-04-23-07-43-47-754
89.92,14.69,666.00,4.54,06-04-23-07-43-47-784
89.85,14.11,666.00,3.66,06-04-23-07-43-47-819
89.80,13.68,666.00,3.11,06-04-23-07-43-47-852
89.76,13.42,666.00,2.79,06-04-23-07-43-47-885
89.72,13.32,666.00,2.55,06-04-23-07-43-47-920
89.67,13.31,666.00,2.33,06-04-23-07-43-47-952
89.64,13.38,666.00,2.14,06-04-23-07-43-47-985
89.61,13.49,666.00,1.99,06-04-23-07-43-48-021
89.59,13.63,666.00,1.86,06-04-23-07-43-48-055
89.58,13.80,666.00,1.76,06-04-23-07-43-48-085
89.57,13.97,666.00,1.69,06-04-23-07-43-48-121
89.56,14.14,666.00,1.64,06-04-23-07-43-48-153
89.56,14.30,666.00,1.65,06-04-23-07-43-48-191
89.56,14.49,666.00,2.02,06-04-23-07-43-48-221
89.59,14.93,666.00,3.27,06-04-23-07-43-48-254
89.68,15.86,666.00,5.17,06-04-23-07-43-48-284
89.81,17.49,666.00,8.72,06-04-23-07-43-48-320
90.07,20.12,666.00,12.17,06-04-23-07-43-48-356
90.34,23.25,666.00,12.78,06-04-23-07-43-48-387
90.60,26.29,666.00,12.17,06-04-23-07-43-48-419
90.79,30.23,666.00,10.87,06-04-23-07-43-48-452
90.86,35.03,666.00,8.77,06-04-23-07-43-48-486
90.94,38.43,666.00,9.35,06-04-23-07-43-48-518
91.00,41.93,666.00,10.02,06-04-23-07-43-48-554
90.92,46.62,666.00,7.30,06-04-23-07-43-48-588
90.82,50.13,666.00,6.93,06-04-23-07-43-48-620
92.52,56.60,666.00,1.28,06-04-23-07-43-48-653
93.66,61.92,666.00,6.81,06-04-23-07-43-48-685
94.93,65.57,666.00,9.92,06-04-23-07-43-48-722
95.01,67.28,666.00,7.62,06-04-23-07-43-48-755
94.97,68.17,666.00,5.98,06-04-23-07-43-48-787
94.39,69.62,666.00,4.73,06-04-23-07-43-48-818
94.06,74.50,666.00,6.41,06-04-23-07-43-48-856
93.64,76.49,666.00,5.00,06-04-23-07-43-48-887
92.95,77.60,666.00,4.65,06-04-23-07-43-48-918
92.47,78.50,666.00,3.97,06-04-23-07-43-48-954
91.94,80.43,666.00,6.14,06-04-23-07-43-48-988
91.81,80.60,666.00,6.59,06-04-23-07-43-49-024
90.27,80.33,666.00,7.17,06-04-23-07-43-49-054
78.73,77.33,-12.27,30.46,06-04-23-07-43-49-086
74.67,75.39,-12.40,39.02,06-04-23-07-43-49-119
72.16,73.56,-12.32,44.02,06-04-23-07-43-49-153
72.29,71.88,-12.44,47.06,06-04-23-07-43-49-187
72.14,69.59,-12.96,48.66,06-04-23-07-43-49-220
73.12,68.12,-13.79,47.96,06-04-23-07-43-49-252
68.83,66.73,-10.51,51.53,06-04-23-07-43-49-284
65.95,65.43,-8.24,53.76,06-04-23-07-43-49-322
63.82,64.33,-6.42,55.39,06-04-23-07-43-49-356
62.66,63.70,-5.18,56.24,06-04-23-07-43-49-385
61.84,63.21,-4.16,56.83,06-04-23-07-43-49-417
61.45,62.98,-3.34,57.00,06-04-23-07-43-49-454
61.20,62.93,-2.61,57.04,06-04-23-07-43-49-487
61.28,63.08,-2.02,56.74,06-04-23-07-43-49-523
61.29,63.14,-1.48,56.56,06-04-23-07-43-49-559
61.16,63.45,-0.84,56.48,06-04-23-07-43-49-584
60.97,63.82,-0.23,56.48,06-04-23-07-43-49-619
60.88,64.07,0.21,56.43,06-04-23-07-43-49-652
60.78,64.36,0.58,56.42,06-04-23-07-43-49-692
61.56,64.72,0.44,55.59,06-04-23-07-43-49-732
62.36,64.97,-8.08,46.84,06-04-23-07-43-49-754
67.55,64.20,-28.50,40.69,06-04-23-07-43-49-787
71.67,63.45,-39.77,38.97,06-04-23-07-43-49-841
74.86,62.76,-47.71,38.47,06-04-23-07-43-49-852
76.79,62.39,-27.92,31.47,06-04-23-07-43-49-886
80.36,62.07,666.00,27.50,06-04-23-07-43-49-919
88.23,61.72,666.00,14.40,06-04-23-07-43-49-957
93.92,59.81,666.00,3.98,06-04-23-07-43-49-983
96.30,58.66,666.00,2.74,06-04-23-07-43-50-019
104.49,55.99,666.00,19.46,06-04-23-07-43-50-053
103.90,52.15,666.00,17.92,06-04-23-07-43-50-082
102.77,50.23,666.00,16.22,06-04-23-07-43-50-120
101.81,49.14,666.00,14.55,06-04-23-07-43-50-150
100.46,48.97,666.00,12.67,06-04-23-07-43-50-184
97.07,44.97,666.00,9.36,06-04-23-07-43-50-219
94.82,42.88,666.00,8.19,06-04-23-07-43-50-254
93.42,41.77,666.00,6.47,06-04-23-07-43-50-287
92.71,40.14,666.00,5.57,06-04-23-07-43-50-320
92.07,38.12,666.00,6.09,06-04-23-07-43-50-351
91.74,36.69,666.00,6.70,06-04-23-07-43-50-383
91.61,35.43,666.00,6.61,06-04-23-07-43-50-417
91.66,33.84,666.00,6.45,06-04-23-07-43-50-454
91.74,32.42,666.00,5.92,06-04-23-07-43-50-484
91.83,31.06,666.00,5.32,06-04-23-07-43-50-518
91.90,29.37,666.00,4.90,06-04-23-07-43-50-551
92.07,27.40,666.00,4.44,06-04-23-07-43-50-586
92.26,25.71,666.00,3.67,06-04-23-07-43-50-622
92.42,24.13,666.00,3.20,06-04-23-07-43-50-651
92.52,22.61,666.00,3.10,06-04-23-07-43-50-685
92.57,21.26,666.00,2.63,06-04-23-07-43-50-723
92.57,19.90,666.00,2.42,06-04-23-07-43-50-758
92.59,18.61,666.00,2.06,06-04-23-07-43-50-784
92.58,17.06,666.00,1.71,06-04-23-07-43-50-818
92.62,16.02,666.00,2.28,06-04-23-07-43-50-852
92.65,15.15,666.00,3.12,06-04-23-07-43-50-884
92.67,14.37,666.00,3.29,06-04-23-07-43-50-920
92.68,13.73,666.00,3.13,06-04-23-07-43-50-952
92.66,13.08,666.00,2.64,06-04-23-07-43-50-984
92.62,12.36,666.00,2.03,06-04-23-07-43-51-020
92.56,11.77,666.00,3.22,06-04-23-07-43-51-052
92.46,11.17,666.00,3.36,06-04-23-07-43-51-083
92.33,10.64,666.00,3.04,06-04-23-07-43-51-119
92.18,10.11,666.00,2.60,06-04-23-07-43-51-152
92.00,9.63,666.00,2.47,06-04-23-07-43-51-183
91.82,9.25,666.00,2.37,06-04-23-07-43-51-221
91.64,9.00,666.00,2.31,06-04-23-07-43-51-254
91.47,8.87,666.00,2.29,06-04-23-07-43-51-285
91.31,8.82,666.00,2.28,06-04-23-07-43-51-319
91.13,8.81,666.00,2.29,06-04-23-07-43-51-354
90.95,8.84,666.00,2.31,06-04-23-07-43-51-385
90.79,8.91,666.00,2.34,06-04-23-07-43-51-418
90.62,9.01,666.00,2.37,06-04-23-07-43-51-458
90.47,9.15,666.00,2.42,06-04-23-07-43-51-485
90.32,9.31,666.00,2.47,06-04-23-07-43-51-518
90.19,9.46,666.00,2.64,06-04-23-07-43-51-553
90.08,9.62,666.00,2.90,06-04-23-07-43-51-583
89.95,9.80,666.00,3.23,06-04-23-07-43-51-619
89.84,9.98,666.00,3.79,06-04-23-07-43-51-655
89.73,10.18,666.00,4.80,06-04-23-07-43-51-685
89.60,10.47,666.00,5.76,06-04-23-07-43-51-721
89.47,10.88,666.00,6.62,06-04-23-07-43-51-750
89.35,11.43,666.00,7.18,06-04-23-07-43-51-785
89.26,12.09,666.00,7.50,06-04-23-07-43-51-820
89.21,13.40,666.00,6.79,06-04-23-07-43-51-852
89.16,14.58,666.00,7.26,06-04-23-07-43-51-886
89.10,15.99,666.00,7.66,06-04-23-07-43-51-921
89.04,18.14,666.00,6.44,06-04-23-07-43-51-953
88.98,20.51,666.00,6.67,06-04-23-07-43-51-988
88.94,22.95,666.00,9.17,06-04-23-07-43-52-018
88.83,25.66,666.00,8.72,06-04-23-07-43-52-052
88.63,28.46,666.00,8.54,06-04-23-07-43-52-086
88.40,31.90,666.00,8.12,06-04-23-07-43-52-118
88.24,34.90,666.00,8.50,06-04-23-07-43-52-152
88.25,38.36,666.00,6.15,06-04-23-07-43-52-182
88.03,41.87,666.00,5.45,06-04-23-07-43-52-220
88.58,45.73,666.00,2.95,06-04-23-07-43-52-256
90.81,50.84,666.00,5.53,06-04-23-07-43-52-285
92.43,54.76,666.00,9.42,06-04-23-07-43-52-320
92.98,55.89,666.00,9.94,06-04-23-07-43-52-353
93.15,56.75,666.00,8.93,06-04-23-07-43-52-386
92.99,57.61,666.00,7.48,06-04-23-07-43-52-418
92.54,58.44,666.00,6.56,06-04-23-07-43-52-450
93.68,65.57,666.00,9.04,06-04-23-07-43-52-486
93.79,68.23,666.00,5.48,06-04-23-07-43-52-519
93.47,69.69,666.00,4.85,06-04-23-07-43-52-554
92.82,72.26,666.00,7.18,06-04-23-07-43-52-585
92.92,73.16,666.00,3.99,06-04-23-07-43-52-618
94.19,74.54,666.00,6.81,06-04-23-07-43-52-651
73.28,75.43,666.00,16.94,06-04-23-07-43-52-687
64.05,75.83,666.00,27.50,06-04-23-07-43-52-720
60.27,75.84,2.59,31.54,06-04-23-07-43-52-753
58.01,75.34,4.05,34.25,06-04-23-07-43-52-787
56.77,74.46,5.05,36.15,06-04-23-07-43-52-818
56.31,73.82,6.75,35.97,06-04-23-07-43-52-855
57.21,73.17,7.37,35.05,06-04-23-07-43-52-886
56.43,72.40,8.13,35.82,06-04-23-07-43-52-919
53.13,71.36,9.18,38.53,06-04-23-07-43-52-952
51.09,70.34,9.72,40.20,06-04-23-07-43-52-988
49.30,69.36,10.32,41.70,06-04-23-07-43-53-018
47.96,68.45,10.80,42.86,06-04-23-07-43-53-053
46.99,67.67,11.22,43.69,06-04-23-07-43-53-083
88.16,63.14,666.00,10.12,06-04-23-07-43-53-116
93.39,71.45,666.00,21.35,06-04-23-07-43-53-151
95.59,73.88,162.73,31.13,06-04-23-07-43-53-188
95.31,75.34,161.51,35.72,06-04-23-07-43-53-218
93.40,76.13,159.65,35.39,06-04-23-07-43-53-250
90.88,76.33,157.59,32.30,06-04-23-07-43-53-283
88.59,75.91,666.00,28.71,06-04-23-07-43-53-319
106.86,78.63,157.19,45.51,06-04-23-07-43-53-352
66.29,64.91,666.00,19.08,06-04-23-07-43-53-389
56.74,54.40,-6.65,44.70,06-04-23-07-43-53-419
53.74,50.62,-5.11,52.24,06-04-23-07-43-53-453
51.95,48.19,-4.14,56.80,06-04-23-07-43-53-486
55.76,48.26,-9.51,51.85,06-04-23-07-43-53-519
64.19,50.08,-23.47,39.66,06-04-23-07-43-53-550
78.33,55.57,-13.71,34.20,06-04-23-07-43-53-587
96.93,58.96,666.00,0.83,06-04-23-07-43-53-619
102.14,58.20,666.00,8.66,06-04-23-07-43-53-650
103.88,57.85,666.00,12.07,06-04-23-07-43-53-686
101.26,52.90,666.00,8.84,06-04-23-07-43-53-718
98.19,48.39,666.00,6.13,06-04-23-07-43-53-755
96.36,45.92,666.00,5.68,06-04-23-07-43-53-786
95.01,43.99,666.00,5.79,06-04-23-07-43-53-818
94.40,43.25,666.00,3.64,06-04-23-07-43-53-851
94.12,42.72,666.00,2.34,06-04-23-07-43-53-884
93.31,39.52,666.00,3.27,06-04-23-07-43-53-921
93.45,37.01,666.00,3.94,06-04-23-07-43-53-952
93.18,34.96,666.00,4.66,06-04-23-07-43-53-983
93.04,33.55,666.00,4.20,06-04-23-07-43-54-022
92.99,32.59,666.00,2.53,06-04-23-07-43-54-050
92.92,31.77,666.00,1.51,06-04-23-07-43-54-084
92.88,30.32,666.00,1.23,06-04-23-07-43-54-124
92.84,28.96,666.00,1.28,06-04-23-07-43-54-151
92.75,27.68,666.00,1.39,06-04-23-07-43-54-185
92.67,25.45,666.00,1.18,06-04-23-07-43-54-221
92.62,23.56,666.00,1.16,06-04-23-07-43-54-254
92.55,21.96,666.00,0.73,06-04-23-07-43-54-286
92.40,20.30,666.00,1.01,06-04-23-07-43-54-320
92.28,18.56,666.00,1.24,06-04-23-07-43-54-352
92.15,17.25,666.00,0.96,06-04-23-07-43-54-384
92.01,16.36,666.00,1.79,06-04-23-07-43-54-420
91.92,15.28,666.00,2.70,06-04-23-07-43-54-453
91.77,13.87,666.00,2.01,06-04-23-07-43-54-487
91.64,12.82,666.00,2.49,06-04-23-07-43-54-521
91.53,12.00,666.00,2.12,06-04-23-07-43-54-550
91.41,11.31,666.00,1.79,06-04-23-07-43-54-586
91.27,10.60,666.00,1.73,06-04-23-07-43-54-618
91.15,9.99,666.00,1.91,06-04-23-07-43-54-654
91.00,9.34,666.00,1.88,06-04-23-07-43-54-686
90.83,8.67,666.00,1.34,06-04-23-07-43-54-718
90.59,8.07,666.00,0.64,06-04-23-07-43-54-754
90.34,7.67,666.00,0.79,06-04-23-07-43-54-787
90.06,7.40,666.00,1.19,06-04-23-07-43-54-818
89.79,7.28,666.00,1.58,06-04-23-07-43-54-852
89.54,7.33,666.00,1.87,06-04-23-07-43-54-884
89.34,7.45,666.00,2.10,06-04-23-07-43-54-923
89.16,7.61,666.00,2.26,06-04-23-07-43-54-953
89.00,7.81,666.00,2.39,06-04-23-07-43-54-986
88.86,8.01,666.00,2.49,06-04-23-07-43-55-020
88.74,8.24,666.00,2.57,06-04-23-07-43-55-050
88.63,8.49,666.00,2.64,06-04-23-07-43-55-086
88.52,8.77,666.00,2.69,06-04-23-07-43-55-118
88.43,9.04,666.00,2.74,06-04-23-07-43-55-152
88.31,9.36,666.00,2.83,06-04-23-07-43-55-186
88.17,9.74,666.00,3.23,06-04-23-07-43-55-223
88.02,10.36,666.00,3.81,06-04-23-07-43-55-253
87.86,11.27,666.00,4.87,06-04-23-07-43-55-285
87.74,12.84,666.00,5.91,06-04-23-07-43-55-322
87.72,14.71,666.00,8.62,06-04-23-07-43-55-352
87.77,17.24,666.00,9.15,06-04-23-07-43-55-385
87.88,20.20,666.00,13.26,06-04-23-07-43-55-417
88.11,23.73,666.00,12.45,06-04-23-07-43-55-454
88.73,28.59,666.00,9.81,06-04-23-07-43-55-486
89.53,33.41,666.00,6.98,06-04-23-07-43-55-520
90.24,37.16,666.00,7.74,06-04-23-07-43-55-554
90.94,41.44,666.00,6.23,06-04-23-07-43-55-585
91.13,45.02,666.00,6.57,06-04-23-07-43-55-618
91.44,49.23,666.00,3.71,06-04-23-07-43-55-651
92.29,53.39,666.00,0.92,06-04-23-07-43-55-685
93.75,59.35,666.00,8.02,06-04-23-07-43-55-721
94.32,61.29,666.00,6.92,06-04-23-07-43-55-752
94.94,62.85,666.00,6.29,06-04-23-07-43-55-786
95.55,64.49,666.00,7.01,06-04-23-07-43-55-820
95.73,65.62,666.00,7.19,06-04-23-07-43-55-851
97.68,73.70,666.00,13.12,06-04-23-07-43-55-884
97.73,78.14,666.00,16.45,06-04-23-07-43-55-918
95.31,83.65,666.00,21.34,06-04-23-07-43-55-954
94.89,84.18,666.00,19.42,06-04-23-07-43-55-987
102.99,87.89,135.78,37.04,06-04-23-07-43-56-019
108.12,89.40,146.73,51.34,06-04-23-07-43-56-051
111.39,89.67,149.96,58.62,06-04-23-07-43-56-084
83.84,89.46,666.00,27.49,06-04-23-07-43-56-117
66.81,87.90,12.78,62.00,06-04-23-07-43-56-157
61.73,85.97,8.44,73.87,06-04-23-07-43-56-187
76.66,80.70,5.64,40.00,06-04-23-07-43-56-222
86.30,78.10,666.00,19.92,06-04-23-07-43-56-252
91.56,76.70,666.00,10.00,06-04-23-07-43-56-285
73.50,76.29,5.88,47.77,06-04-23-07-43-56-320
61.50,73.19,6.71,75.09,06-04-23-07-43-56-352
58.76,71.68,7.64,84.69,06-04-23-07-43-56-384
57.32,72.55,9.61,88.66,06-04-23-07-43-56-424
56.57,71.72,9.80,91.36,06-04-23-07-43-56-454
84.53,76.13,20.55,32.03,06-04-23-07-43-56-484
78.15,65.41,-8.84,46.95,06-04-23-07-43-56-517
76.62,51.69,-25.73,63.63,06-04-23-07-43-56-551
77.50,48.94,-26.73,70.26,06-04-23-07-43-56-585
74.01,47.93,-20.86,76.58,06-04-23-07-43-56-623
91.72,63.16,666.00,22.69,06-04-23-07-43-56-653
100.68,70.71,666.00,8.03,06-04-23-07-43-56-685
102.80,73.39,666.00,17.90,06-04-23-07-43-56-721
103.33,75.07,666.00,22.72,06-04-23-07-43-56-751
103.43,75.44,666.00,23.69,06-04-23-07-43-56-785
76.64,72.15,6.76,37.74,06-04-23-07-43-56-825
58.88,70.31,13.86,67.96,06-04-23-07-43-56-850
62.68,66.94,15.75,74.90,06-04-23-07-43-56-884
64.55,65.16,17.21,81.51,06-04-23-07-43-56-919
95.34,58.41,666.00,12.50,06-04-23-07-43-56-951
103.69,55.60,666.00,7.67,06-04-23-07-43-56-983
110.35,54.29,666.00,26.70,06-04-23-07-43-57-019
109.81,50.32,666.00,27.81,06-04-23-07-43-57-050
106.39,45.70,666.00,25.72,06-04-23-07-43-57-086
104.75,42.04,666.00,24.92,06-04-23-07-43-57-118
102.27,41.18,666.00,21.90,06-04-23-07-43-57-155
100.12,41.44,666.00,17.92,06-04-23-07-43-57-183
98.12,41.57,666.00,14.28,06-04-23-07-43-57-221
95.05,38.03,666.00,8.54,06-04-23-07-43-57-253
93.17,36.50,666.00,4.17,06-04-23-07-43-57-284
91.90,35.49,666.00,1.18,06-04-23-07-43-57-320
90.95,33.83,666.00,1.83,06-04-23-07-43-57-355
90.32,32.23,666.00,2.21,06-04-23-07-43-57-384
89.98,30.19,666.00,2.63,06-04-23-07-43-57-420
90.14,26.83,666.00,2.03,06-04-23-07-43-57-452
90.36,24.04,666.00,1.81,06-04-23-07-43-57-485
90.52,22.27,666.00,1.79,06-04-23-07-43-57-520
90.70,20.45,666.00,5.26,06-04-23-07-43-57-550
90.83,18.83,666.00,5.53,06-04-23-07-43-57-589
90.99,16.36,666.00,4.18,06-04-23-07-43-57-617
91.04,14.64,666.00,2.99,06-04-23-07-43-57-652
90.99,13.26,666.00,2.49,06-04-23-07-43-57-683
90.87,12.00,666.00,1.33,06-04-23-07-43-57-719
90.72,10.96,666.00,0.84,06-04-23-07-43-57-753
90.57,10.24,666.00,1.38,06-04-23-07-43-57-788
90.38,9.56,666.00,1.61,06-04-23-07-43-57-819
90.21,8.83,666.00,1.58,06-04-23-07-43-57-853
90.06,8.21,666.00,1.31,06-04-23-07-43-57-883
89.92,7.69,666.00,0.72,06-04-23-07-43-57-918
89.78,7.41,666.00,0.82,06-04-23-07-43-57-953
89.66,7.21,666.00,1.27,06-04-23-07-43-57-983
89.55,7.16,666.00,1.62,06-04-23-07-43-58-019
89.44,7.20,666.00,1.85,06-04-23-07-43-58-051
89.28,7.26,666.00,1.96,06-04-23-07-43-58-085
89.06,7.33,666.00,1.98,06-04-23-07-43-58-117
88.80,7.41,666.00,2.02,06-04-23-07-43-58-152
88.49,7.47,666.00,2.13,06-04-23-07-43-58-186
88.19,7.57,666.00,2.30,06-04-23-07-43-58-222
87.91,7.69,666.00,2.51,06-04-23-07-43-58-252
87.66,7.79,666.00,2.76,06-04-23-07-43-58-285
87.44,7.91,666.00,2.98,06-04-23-07-43-58-324
87.23,8.08,666.00,3.16,06-04-23-07-43-58-351
86.98,8.40,666.00,3.29,06-04-23-07-43-58-386
86.80,8.78,666.00,3.57,06-04-23-07-43-58-420
86.72,9.30,666.00,4.41,06-04-23-07-43-58-453
86.83,10.17,666.00,5.16,06-04-23-07-43-58-483
87.32,12.35,666.00,4.33,06-04-23-07-43-58-517
87.93,15.00,666.00,2.94,06-04-23-07-43-58-552
88.47,17.77,666.00,4.15,06-04-23-07-43-58-585
88.98,20.41,666.00,5.90,06-04-23-07-43-58-620
89.41,22.92,666.00,5.91,06-04-23-07-43-58-654
90.02,25.58,666.00,8.40,06-04-23-07-43-58-685
90.97,29.09,666.00,8.48,06-04-23-07-43-58-717
92.08,33.40,666.00,8.26,06-04-23-07-43-58-752
92.92,36.87,666.00,7.48,06-04-23-07-43-58-784
93.56,40.23,666.00,7.41,06-04-23-07-43-58-820
93.99,43.69,666.00,7.29,06-04-23-07-43-58-851
94.34,47.47,666.00,5.40,06-04-23-07-43-58-885
94.74,52.99,666.00,3.42,06-04-23-07-43-58-919
94.99,55.81,666.00,4.92,06-04-23-07-43-58-952
95.28,58.46,666.00,6.31,06-04-23-07-43-58-985
94.80,62.20,666.00,5.27,06-04-23-07-43-59-019
94.55,64.74,666.00,5.00,06-04-23-07-43-59-051
93.94,66.64,666.00,4.89,06-04-23-07-43-59-082
92.52,68.88,666.00,3.00,06-04-23-07-43-59-118
92.04,69.88,666.00,9.20,06-04-23-07-43-59-153
82.71,73.19,666.00,22.73,06-04-23-07-43-59-185
69.63,75.72,-3.58,48.49,06-04-23-07-43-59-218
64.57,75.71,-2.61,59.47,06-04-23-07-43-59-252
62.01,74.71,-3.87,57.28,06-04-23-07-43-59-288
60.48,73.52,-4.08,58.76,06-04-23-07-43-59-319
78.66,76.50,666.00,26.22,06-04-23-07-43-59-351
88.24,77.34,666.00,12.81,06-04-23-07-43-59-386
95.63,76.60,666.00,6.48,06-04-23-07-43-59-417
100.34,75.38,666.00,8.36,06-04-23-07-43-59-453
78.45,64.54,-31.06,47.04,06-04-23-07-43-59-487
61.57,58.38,-16.51,71.30,06-04-23-07-43-59-519
57.84,52.48,-13.83,80.66,06-04-23-07-43-59-554
57.63,48.58,-13.16,84.87,06-04-23-07-43-59-584
58.48,45.97,-13.43,86.66,06-04-23-07-43-59-620
60.15,44.49,-14.62,86.67,06-04-23-07-43-59-653
61.33,43.88,-15.44,86.38,06-04-23-07-43-59-685
90.44,66.81,-37.54,30.65,06-04-23-07-43-59-718
85.98,60.68,-39.27,42.46,06-04-23-07-43-59-750
100.19,72.55,666.00,9.88,06-04-23-07-43-59-786
86.82,60.50,-41.79,41.34,06-04-23-07-43-59-820
97.57,70.47,666.00,16.47,06-04-23-07-43-59-852
100.34,73.21,666.00,8.18,06-04-23-07-43-59-886
101.58,74.45,666.00,4.20,06-04-23-07-43-59-921
102.27,75.24,666.00,2.50,06-04-23-07-43-59-951
102.60,75.69,666.00,2.74,06-04-23-07-43-59-986
101.82,75.61,666.00,2.70,06-04-23-07-44-00-021
100.68,74.85,666.00,3.40,06-04-23-07-44-00-054
99.51,73.24,666.00,5.93,06-04-23-07-44-00-084
98.42,71.35,666.00,9.23,06-04-23-07-44-00-120
97.08,69.13,666.00,4.24,06-04-23-07-44-00-156
83.59,57.64,-14.63,46.39,06-04-23-07-44-00-185
66.94,46.82,0.74,62.18,06-04-23-07-44-00-221
90.20,48.76,666.00,16.33,06-04-23-07-44-00-253
93.12,46.43,666.00,10.72,06-04-23-07-44-00-286
97.57,45.21,666.00,11.76,06-04-23-07-44-00-322
99.91,44.84,666.00,14.57,06-04-23-07-44-00-353
101.34,44.35,666.00,17.15,06-04-23-07-44-00-383
99.08,42.29,666.00,16.45,06-04-23-07-44-00-418
97.39,41.55,666.00,14.83,06-04-23-07-44-00-454
95.82,40.50,666.00,13.69,06-04-23-07-44-00-485
93.84,37.82,666.00,9.79,06-04-23-07-44-00-519
92.23,35.33,666.00,6.87,06-04-23-07-44-00-554
90.95,33.03,666.00,4.23,06-04-23-07-44-00-586
90.15,29.55,666.00,2.06,06-04-23-07-44-00-617
89.62,26.35,666.00,0.97,06-04-23-07-44-00-655
89.42,23.25,666.00,2.14,06-04-23-07-44-00-684
89.31,21.21,666.00,2.03,06-04-23-07-44-00-716
89.41,19.36,666.00,1.17,06-04-23-07-44-00-753
89.62,17.68,666.00,0.50,06-04-23-07-44-00-784
89.87,16.02,666.00,3.44,06-04-23-07-44-00-821
90.07,14.64,666.00,5.25,06-04-23-07-44-00-853
90.24,13.35,666.00,5.94,06-04-23-07-44-00-886
90.36,12.38,666.00,5.92,06-04-23-07-44-00-919
90.46,11.46,666.00,5.37,06-04-23-07-44-00-951
90.53,10.48,666.00,4.59,06-04-23-07-44-00-984
90.54,9.75,666.00,4.04,06-04-23-07-44-01-021
90.47,9.29,666.00,3.73,06-04-23-07-44-01-055
90.34,9.08,666.00,3.43,06-04-23-07-44-01-087
90.16,9.00,666.00,3.08,06-04-23-07-44-01-119
89.93,9.05,666.00,2.68,06-04-23-07-44-01-152
89.68,9.22,666.00,2.26,06-04-23-07-44-01-184
89.37,9.57,666.00,1.80,06-04-23-07-44-01-219
89.06,9.95,666.00,1.36,06-04-23-07-44-01-256
88.80,10.37,666.00,0.97,06-04-23-07-44-01-286
88.59,10.83,666.00,0.63,06-04-23-07-44-01-320
88.41,11.26,666.00,0.46,06-04-23-07-44-01-351
88.27,11.67,666.00,0.43,06-04-23-07-44-01-384
88.16,12.07,666.00,0.48,06-04-23-07-44-01-420
88.08,12.42,666.00,0.54,06-04-23-07-44-01-462
88.01,12.74,666.00,0.59,06-04-23-07-44-01-484
88.00,13.06,666.00,0.60,06-04-23-07-44-01-522
88.06,13.45,666.00,1.03,06-04-23-07-44-01-553
88.26,14.17,666.00,2.47,06-04-23-07-44-01-586
88.62,15.60,666.00,3.24,06-04-23-07-44-01-621
89.00,17.80,666.00,4.11,06-04-23-07-44-01-651
89.36,20.56,666.00,5.36,06-04-23-07-44-01-685
89.68,23.26,666.00,5.70,06-04-23-07-44-01-717
89.98,26.10,666.00,6.39,06-04-23-07-44-01-750
90.18,29.26,666.00,9.89,06-04-23-07-44-01-786
90.35,32.86,666.00,8.56,06-04-23-07-44-01-820
90.45,36.25,666.00,7.08,06-04-23-07-44-01-852
90.42,40.45,666.00,3.87,06-04-23-07-44-01-887
90.46,43.89,666.00,4.87,06-04-23-07-44-01-921
90.53,46.50,666.00,5.78,06-04-23-07-44-01-950
90.74,49.44,666.00,7.29,06-04-23-07-44-01-984
90.30,53.75,666.00,6.57,06-04-23-07-44-02-018
90.96,57.53,666.00,3.10,06-04-23-07-44-02-052
91.66,60.25,666.00,3.31,06-04-23-07-44-02-086
91.91,61.96,666.00,5.39,06-04-23-07-44-02-118
91.48,65.76,666.00,4.43,06-04-23-07-44-02-153
88.98,70.70,666.00,2.97,06-04-23-07-44-02-184
87.97,72.70,666.00,3.61,06-04-23-07-44-02-218
87.48,74.79,666.00,4.64,06-04-23-07-44-02-250
87.10,75.50,666.00,5.75,06-04-23-07-44-02-283
86.85,75.66,666.00,9.90,06-04-23-07-44-02-323
86.69,75.49,666.00,12.39,06-04-23-07-44-02-351
86.59,75.09,666.00,22.77,06-04-23-07-44-02-385
86.54,74.45,666.00,25.78,06-04-23-07-44-02-419
85.95,73.00,666.00,27.31,06-04-23-07-44-02-454
84.42,70.71,666.00,29.55,06-04-23-07-44-02-486
83.89,69.08,-70.61,30.79,06-04-23-07-44-02-518
85.66,76.75,666.00,17.68,06-04-23-07-44-02-551
103.21,85.21,-172.41,30.52,06-04-23-07-44-02-586
85.93,81.44,666.00,18.42,06-04-23-07-44-02-619
85.44,82.19,666.00,20.63,06-04-23-07-44-02-654
85.09,82.52,666.00,22.42,06-04-23-07-44-02-684
84.85,82.67,666.00,23.67,06-04-23-07-44-02-721
84.68,82.77,666.00,24.41,06-04-23-07-44-02-752
84.57,82.82,666.00,24.70,06-04-23-07-44-02-786
84.47,82.81,666.00,24.64,06-04-23-07-44-02-819
84.40,82.77,666.00,24.32,06-04-23-07-44-02-852
84.33,82.70,666.00,23.89,06-04-23-07-44-02-885
84.24,82.50,666.00,23.45,06-04-23-07-44-02-918
84.12,82.09,666.00,22.84,06-04-23-07-44-02-954
83.93,81.34,666.00,21.81,06-04-23-07-44-02-984
83.70,80.26,666.00,20.56,06-04-23-07-44-03-019
83.55,79.13,666.00,19.48,06-04-23-07-44-03-053
86.71,76.51,666.00,21.60,06-04-23-07-44-03-083
87.34,74.28,666.00,21.79,06-04-23-07-44-03-119
88.69,71.72,666.00,23.44,06-04-23-07-44-03-151
67.31,63.84,666.00,29.88,06-04-23-07-44-03-186
55.60,55.15,0.12,58.34,06-04-23-07-44-03-218
51.75,51.53,11.28,74.62,06-04-23-07-44-03-252
78.99,51.28,-16.35,34.44,06-04-23-07-44-03-284
83.59,49.23,666.00,27.19,06-04-23-07-44-03-320
93.54,48.67,666.00,7.62,06-04-23-07-44-03-353
97.23,48.58,666.00,9.39,06-04-23-07-44-03-385
98.94,46.50,666.00,15.95,06-04-23-07-44-03-424
99.37,45.48,666.00,18.53,06-04-23-07-44-03-450
98.49,43.82,666.00,17.76,06-04-23-07-44-03-486
94.28,39.54,666.00,10.05,06-04-23-07-44-03-517
92.21,37.38,666.00,6.49,06-04-23-07-44-03-551
90.72,35.21,666.00,3.64,06-04-23-07-44-03-588
89.74,33.76,666.00,2.18,06-04-23-07-44-03-616
88.97,31.74,666.00,3.22,06-04-23-07-44-03-652
88.56,29.89,666.00,3.63,06-04-23-07-44-03-686
88.32,27.54,666.00,4.72,06-04-23-07-44-03-718
88.34,24.77,666.00,5.39,06-04-23-07-44-03-752
88.40,23.08,666.00,5.31,06-04-23-07-44-03-783
88.67,21.22,666.00,4.47,06-04-23-07-44-03-818
88.97,19.78,666.00,3.43,06-04-23-07-44-03-852
89.31,18.75,666.00,2.02,06-04-23-07-44-03-885
89.60,17.80,666.00,5.81,06-04-23-07-44-03-920
89.89,16.65,666.00,8.38,06-04-23-07-44-03-952
90.21,14.76,666.00,7.70,06-04-23-07-44-03-988
90.49,12.81,666.00,5.70,06-04-23-07-44-04-019
90.79,10.33,666.00,2.53,06-04-23-07-44-04-051
91.00,8.43,666.00,0.59,06-04-23-07-44-04-088
91.17,6.46,666.00,1.04,06-04-23-07-44-04-118
91.21,4.95,666.00,5.06,06-04-23-07-44-04-153
91.16,3.69,666.00,5.69,06-04-23-07-44-04-184
90.98,2.92,666.00,5.60,06-04-23-07-44-04-220
90.70,2.40,666.00,5.32,06-04-23-07-44-04-255
90.36,2.08,666.00,5.07,06-04-23-07-44-04-285
90.00,1.96,666.00,4.81,06-04-23-07-44-04-321
89.69,1.83,666.00,4.44,06-04-23-07-44-04-351
89.39,1.80,666.00,4.20,06-04-23-07-44-04-384
89.10,1.86,666.00,4.11,06-04-23-07-44-04-417
88.86,1.97,666.00,4.11,06-04-23-07-44-04-455
88.65,2.07,666.00,4.12,06-04-23-07-44-04-489
88.49,2.20,666.00,4.16,06-04-23-07-44-04-519
88.34,2.35,666.00,3.64,06-04-23-07-44-04-552
88.21,2.54,666.00,3.00,06-04-23-07-44-04-586
88.07,2.84,666.00,2.79,06-04-23-07-44-04-620
87.92,3.20,666.00,3.40,06-04-23-07-44-04-653
87.75,3.70,666.00,4.03,06-04-23-07-44-04-691
87.60,4.65,666.00,4.67,06-04-23-07-44-04-720
87.42,6.13,666.00,4.68,06-04-23-07-44-04-754
87.25,7.96,666.00,4.72,06-04-23-07-44-04-783
87.00,11.00,666.00,3.56,06-04-23-07-44-04-820
86.81,13.27,666.00,3.15,06-04-23-07-44-04-854
86.67,16.07,666.00,2.51,06-04-23-07-44-04-889
86.67,18.42,666.00,3.30,06-04-23-07-44-04-918
86.78,20.87,666.00,6.14,06-04-23-07-44-04-953
86.89,24.46,666.00,7.23,06-04-23-07-44-04-984
87.01,27.64,666.00,7.39,06-04-23-07-44-05-018
87.20,31.24,666.00,9.57,06-04-23-07-44-05-054
87.79,35.85,666.00,5.33,06-04-23-07-44-05-089
88.31,39.25,666.00,5.42,06-04-23-07-44-05-119
89.17,42.83,666.00,2.34,06-04-23-07-44-05-153
89.97,45.91,666.00,2.51,06-04-23-07-44-05-184
90.68,48.76,666.00,2.23,06-04-23-07-44-05-218
91.88,53.20,666.00,2.09,06-04-23-07-44-05-251
92.53,55.04,666.00,3.21,06-04-23-07-44-05-289
93.52,58.04,666.00,5.74,06-04-23-07-44-05-319
93.78,59.66,666.00,6.80,06-04-23-07-44-05-355
93.76,61.80,666.00,6.70,06-04-23-07-44-05-386
94.22,67.98,666.00,8.44,06-04-23-07-44-05-418
92.91,70.24,666.00,5.94,06-04-23-07-44-05-454
91.62,71.10,666.00,2.40,06-04-23-07-44-05-487
90.23,71.48,666.00,5.66,06-04-23-07-44-05-519
89.48,71.42,666.00,7.76,06-04-23-07-44-05-555
70.00,71.80,666.00,27.15,06-04-23-07-44-05-585
60.37,70.69,-5.89,50.70,06-04-23-07-44-05-618
56.47,69.52,-5.50,58.15,06-04-23-07-44-05-654
73.16,76.02,-10.61,31.62,06-04-23-07-44-05-687
66.87,72.20,-12.16,51.41,06-04-23-07-44-05-718
60.35,68.38,-10.99,63.51,06-04-23-07-44-05-753
53.69,66.05,-8.24,73.00,06-04-23-07-44-05-785
49.42,64.44,-6.17,78.89,06-04-23-07-44-05-819
47.11,63.19,-4.75,82.13,06-04-23-07-44-05-854
45.68,62.14,-3.52,84.03,06-04-23-07-44-05-886
44.73,61.27,-2.42,85.13,06-04-23-07-44-05-919
44.02,60.57,-1.38,85.79,06-04-23-07-44-05-949
43.52,59.92,-0.48,86.20,06-04-23-07-44-05-985
43.18,59.41,0.27,86.40,06-04-23-07-44-06-017
70.99,68.16,-11.15,57.57,06-04-23-07-44-06-052
43.02,58.70,1.32,86.25,06-04-23-07-44-06-084
43.04,58.46,-4.47,80.40,06-04-23-07-44-06-122
43.10,58.29,-6.44,78.21,06-04-23-07-44-06-153
43.18,58.13,-7.59,76.81,06-04-23-07-44-06-183
43.37,57.90,-8.35,75.82,06-04-23-07-44-06-219
43.63,57.66,-8.98,75.03,06-04-23-07-44-06-253
71.79,67.88,-25.92,46.26,06-04-23-07-44-06-285
48.55,56.37,-12.57,70.73,06-04-23-07-44-06-322
52.48,55.49,-15.51,67.91,06-04-23-07-44-06-351
54.56,55.24,-17.25,66.44,06-04-23-07-44-06-384
56.38,55.14,-18.69,65.27,06-04-23-07-44-06-420
58.19,55.01,-20.11,64.19,06-04-23-07-44-06-450
86.18,53.30,666.00,24.08,06-04-23-07-44-06-485
97.35,53.03,666.00,11.09,06-04-23-07-44-06-520
102.16,52.09,666.00,13.00,06-04-23-07-44-06-551
103.64,51.50,666.00,15.00,06-04-23-07-44-06-586
103.65,49.76,666.00,14.90,06-04-23-07-44-06-620
102.18,47.54,666.00,12.02,06-04-23-07-44-06-652
101.41,46.97,666.00,11.61,06-04-23-07-44-06-687
100.54,45.72,666.00,11.34,06-04-23-07-44-06-719
97.46,41.18,666.00,11.18,06-04-23-07-44-06-752
95.90,39.87,666.00,9.77,06-04-23-07-44-06-783
95.03,39.50,666.00,6.88,06-04-23-07-44-06-819
94.29,38.58,666.00,4.14,06-04-23-07-44-06-853
93.80,37.30,666.00,3.66,06-04-23-07-44-06-883
93.50,35.63,666.00,3.49,06-04-23-07-44-06-920
93.35,34.07,666.00,3.78,06-04-23-07-44-06-953
93.27,32.44,666.00,3.85,06-04-23-07-44-06-985
93.20,30.95,666.00,3.59,06-04-23-07-44-07-020
93.09,28.76,666.00,3.89,06-04-23-07-44-07-052
92.99,26.47,666.00,4.11,06-04-23-07-44-07-084
92.91,24.59,666.00,3.78,06-04-23-07-44-07-120
92.80,22.87,666.00,2.94,06-04-23-07-44-07-152
92.68,21.24,666.00,3.55,06-04-23-07-44-07-184
92.57,19.71,666.00,3.31,06-04-23-07-44-07-222
92.49,18.18,666.00,4.83,06-04-23-07-44-07-251
92.44,16.71,666.00,4.53,06-04-23-07-44-07-285
92.36,15.10,666.00,4.93,06-04-23-07-44-07-320
92.05,13.42,666.00,5.64,06-04-23-07-44-07-353
91.67,12.19,666.00,5.88,06-04-23-07-44-07-386
91.30,11.25,666.00,7.01,06-04-23-07-44-07-419
90.95,10.35,666.00,6.51,06-04-23-07-44-07-450
90.61,9.55,666.00,5.56,06-04-23-07-44-07-486
90.26,8.78,666.00,4.63,06-04-23-07-44-07-519
89.93,8.07,666.00,3.55,06-04-23-07-44-07-551
89.64,7.32,666.00,2.35,06-04-23-07-44-07-586
89.41,6.74,666.00,1.70,06-04-23-07-44-07-618
89.24,6.37,666.00,1.45,06-04-23-07-44-07-653
89.11,6.16,666.00,1.44,06-04-23-07-44-07-688
89.01,6.10,666.00,1.55,06-04-23-07-44-07-721
88.94,6.16,666.00,1.68,06-04-23-07-44-07-753
88.89,6.33,666.00,1.78,06-04-23-07-44-07-783
88.85,6.61,666.00,1.84,06-04-23-07-44-07-824
88.82,6.91,666.00,1.99,06-04-23-07-44-07-851
88.79,7.23,666.00,2.54,06-04-23-07-44-07-884
88.77,7.61,666.00,3.44,06-04-23-07-44-07-923
88.73,8.21,666.00,4.35,06-04-23-07-44-07-952
88.67,9.64,666.00,5.46,06-04-23-07-44-07-986
88.62,11.61,666.00,5.94,06-04-23-07-44-08-020
88.64,14.40,666.00,6.28,06-04-23-07-44-08-053
88.65,17.63,666.00,6.69,06-04-23-07-44-08-085
88.73,20.63,666.00,6.19,06-04-23-07-44-08-126
88.88,23.68,666.00,8.25,06-04-23-07-44-08-150
89.04,26.67,666.00,9.71,06-04-23-07-44-08-187
89.32,30.37,666.00,9.05,06-04-23-07-44-08-220
89.58,33.45,666.00,7.99,06-04-23-07-44-08-253
90.06,40.35,666.00,2.93,06-04-23-07-44-08-286
90.31,43.19,666.00,4.89,06-04-23-07-44-08-325
90.42,45.23,666.00,5.59,06-04-23-07-44-08-352
90.51,51.45,666.00,2.80,06-04-23-07-44-08-384
90.73,54.28,666.00,2.59,06-04-23-07-44-08-422
91.57,57.99,666.00,1.06,06-04-23-07-44-08-454
93.29,62.56,666.00,4.37,06-04-23-07-44-08-484
94.46,65.79,666.00,5.64,06-04-23-07-44-08-524
95.00,70.01,666.00,7.73,06-04-23-07-44-08-552
95.11,72.74,666.00,5.77,06-04-23-07-44-08-586
93.83,74.87,666.00,2.01,06-04-23-07-44-08-617
92.55,76.44,666.00,1.52,06-04-23-07-44-08-652
90.13,78.58,666.00,10.40,06-04-23-07-44-08-684
92.92,86.46,666.00,6.76,06-04-23-07-44-08-719
94.95,88.81,666.00,10.79,06-04-23-07-44-08-751
96.05,88.76,666.00,12.09,06-04-23-07-44-08-785
96.97,88.17,666.00,13.38,06-04-23-07-44-08-820
97.57,86.34,666.00,14.23,06-04-23-07-44-08-855
100.24,83.62,666.00,15.54,06-04-23-07-44-08-885
99.16,75.99,666.00,14.72,06-04-23-07-44-08-917
85.90,73.52,666.00,10.59,06-04-23-07-44-08-951
80.37,71.15,666.00,15.38,06-04-23-07-44-08-985
78.20,71.59,666.00,18.26,06-04-23-07-44-09-266
76.96,72.19,666.00,19.94,06-04-23-07-44-09-289
76.04,72.80,666.00,21.21,06-04-23-07-44-09-323
75.57,73.59,666.00,21.94,06-04-23-07-44-09-353
75.53,74.16,666.00,22.04,06-04-23-07-44-09-387
75.86,74.57,666.00,21.66,06-04-23-07-44-09-425
76.38,74.90,666.00,21.07,06-04-23-07-44-09-451
76.95,75.03,666.00,20.45,06-04-23-07-44-09-502
97.10,70.38,666.00,13.06,06-04-23-07-44-09-517
104.12,67.96,666.00,21.37,06-04-23-07-44-09-552
106.42,66.33,666.00,24.35,06-04-23-07-44-09-583
107.32,64.95,666.00,25.46,06-04-23-07-44-09-618
106.89,63.87,666.00,15.92,06-04-23-07-44-09-653
105.89,63.18,666.00,14.89,06-04-23-07-44-09-683
100.67,62.70,666.00,15.78,06-04-23-07-44-09-720
90.22,65.19,666.00,26.00,06-04-23-07-44-09-754
95.57,64.01,666.00,12.31,06-04-23-07-44-09-785
97.81,63.35,666.00,3.50,06-04-23-07-44-09-818
98.04,59.31,666.00,2.58,06-04-23-07-44-09-853
97.81,57.19,666.00,1.21,06-04-23-07-44-09-889
97.46,54.92,666.00,2.45,06-04-23-07-44-09-918
96.69,52.03,666.00,3.58,06-04-23-07-44-09-950
96.31,50.01,666.00,3.43,06-04-23-07-44-09-986
96.08,48.60,666.00,2.50,06-04-23-07-44-10-017
95.90,46.82,666.00,4.54,06-04-23-07-44-10-052
95.39,43.77,666.00,4.17,06-04-23-07-44-10-088
94.92,40.90,666.00,2.62,06-04-23-07-44-10-118
94.42,37.97,666.00,1.72,06-04-23-07-44-10-151
93.97,35.30,666.00,0.53,06-04-23-07-44-10-186
93.57,32.27,666.00,1.23,06-04-23-07-44-10-218
93.19,29.41,666.00,2.99,06-04-23-07-44-10-253
92.87,26.59,666.00,3.01,06-04-23-07-44-10-284
92.69,24.29,666.00,2.55,06-04-23-07-44-10-318
92.56,22.60,666.00,1.53,06-04-23-07-44-10-353
92.49,21.44,666.00,0.73,06-04-23-07-44-10-383
92.44,20.39,666.00,1.16,06-04-23-07-44-10-419
92.43,19.16,666.00,1.04,06-04-23-07-44-10-450
92.39,18.13,666.00,0.60,06-04-23-07-44-10-489
92.32,17.05,666.00,0.99,06-04-23-07-44-10-518
92.24,16.21,666.00,1.43,06-04-23-07-44-10-552
92.06,15.42,666.00,1.34,06-04-23-07-44-10-584
91.79,14.77,666.00,1.33,06-04-23-07-44-10-619
91.40,14.16,666.00,0.89,06-04-23-07-44-10-650
90.98,13.74,666.00,0.40,06-04-23-07-44-10-689
90.62,13.58,666.00,0.37,06-04-23-07-44-10-721
90.33,13.45,666.00,0.89,06-04-23-07-44-10-750
90.11,13.52,666.00,1.27,06-04-23-07-44-10-785
89.91,13.59,666.00,1.73,06-04-23-07-44-10-818
89.75,13.70,666.00,2.12,06-04-23-07-44-10-852
89.60,13.84,666.00,2.47,06-04-23-07-44-10-887
89.48,14.02,666.00,2.61,06-04-23-07-44-10-920
89.21,14.13,666.00,2.85,06-04-23-07-44-10-955
88.82,14.28,666.00,2.79,06-04-23-07-44-10-985
87.81,14.38,666.00,2.65,06-04-23-07-44-11-017
86.46,14.44,666.00,3.26,06-04-23-07-44-11-051
83.84,14.46,666.00,4.56,06-04-23-07-44-11-087
79.22,14.75,666.00,3.43,06-04-23-07-44-11-119
73.86,15.33,666.00,3.10,06-04-23-07-44-11-150
68.72,15.91,666.00,2.69,06-04-23-07-44-11-186
62.77,16.46,666.00,2.26,06-04-23-07-44-11-221
57.41,16.90,666.00,2.76,06-04-23-07-44-11-254
50.92,17.34,666.00,4.25,06-04-23-07-44-11-289
46.49,18.11,666.00,6.74,06-04-23-07-44-11-319
41.39,18.59,666.00,6.54,06-04-23-07-44-11-352
37.94,19.06,666.00,6.64,06-04-23-07-44-11-383
34.45,19.71,666.00,4.95,06-04-23-07-44-11-421
30.01,19.86,666.00,7.38,06-04-23-07-44-11-452
26.52,19.78,666.00,7.47,06-04-23-07-44-11-485
23.26,19.75,666.00,9.63,06-04-23-07-44-11-521
20.36,20.02,666.00,10.63,06-04-23-07-44-11-554
17.78,20.93,666.00,11.81,06-04-23-07-44-11-584
15.56,22.01,666.00,12.46,06-04-23-07-44-11-616
14.00,23.08,666.00,12.61,06-04-23-07-44-11-652
12.77,24.17,666.00,12.51,06-04-23-07-44-11-683
11.84,25.24,666.00,12.32,06-04-23-07-44-11-720
11.06,26.26,666.00,11.76,06-04-23-07-44-11-752
10.30,27.24,666.00,11.45,06-04-23-07-44-11-782
9.73,27.92,666.00,11.05,06-04-23-07-44-11-818
9.24,28.46,666.00,10.94,06-04-23-07-44-11-852
8.87,28.92,666.00,10.65,06-04-23-07-44-11-881
8.61,29.23,666.00,10.51,06-04-23-07-44-11-918
8.42,29.56,666.00,10.49,06-04-23-07-44-11-952
8.29,29.88,666.00,10.55,06-04-23-07-44-11-985
8.18,30.22,666.00,10.76,06-04-23-07-44-12-019
8.10,30.61,666.00,11.02,06-04-23-07-44-12-051
8.04,31.04,666.00,11.30,06-04-23-07-44-12-086
8.00,31.48,666.00,11.59,06-04-23-07-44-12-117
7.98,31.97,666.00,11.81,06-04-23-07-44-12-154
7.99,32.61,666.00,11.95,06-04-23-07-44-12-186
8.03,33.18,666.00,12.06,06-04-23-07-44-12-221
8.10,33.60,666.00,12.18,06-04-23-07-44-12-250
8.18,33.95,666.00,12.34,06-04-23-07-44-12-286
8.28,34.21,666.00,12.49,06-04-23-07-44-12-319
8.40,34.13,666.00,12.65,06-04-23-07-44-12-351
8.52,34.00,666.00,12.78,06-04-23-07-44-12-385
8.63,33.95,666.00,12.88,06-04-23-07-44-12-420
8.69,33.90,666.00,12.96,06-04-23-07-44-12-452
8.70,34.20,666.00,12.95,06-04-23-07-44-12-483
8.71,33.99,666.00,12.98,06-04-23-07-44-12-517
8.67,33.44,666.00,13.05,06-04-23-07-44-12-554
8.60,32.89,666.00,13.11,06-04-23-07-44-12-584
8.49,32.84,666.00,13.11,06-04-23-07-44-12-620
8.42,32.25,666.00,13.21,06-04-23-07-44-12-651
8.30,32.28,666.00,13.23,06-04-23-07-44-12-687
8.21,31.72,666.00,13.26,06-04-23-07-44-12-717
8.17,30.48,666.00,13.40,06-04-23-07-44-12-750
8.16,29.09,666.00,13.70,06-04-23-07-44-12-785
8.10,29.18,666.00,13.98,06-04-23-07-44-12-818
8.10,29.06,666.00,14.23,06-04-23-07-44-12-850
8.12,29.15,666.00,14.38,06-04-23-07-44-12-886
8.16,29.67,666.00,14.67,06-04-23-07-44-12-919
8.21,30.08,666.00,14.89,06-04-23-07-44-12-953
8.29,30.65,666.00,15.12,06-04-23-07-44-12-983
8.40,31.36,666.00,15.07,06-04-23-07-44-13-019
8.49,31.75,666.00,15.06,06-04-23-07-44-13-058
8.60,32.15,666.00,14.74,06-04-23-07-44-13-487
9.18,39.38,666.00,15.07,06-04-23-07-44-13-522
9.75,42.63,666.00,15.00,06-04-23-07-44-13-532
10.16,44.05,666.00,14.94,06-04-23-07-44-13-552
10.40,44.46,666.00,14.98,06-04-23-07-44-13-584
10.50,44.27,666.00,15.05,06-04-23-07-44-13-618
10.44,43.26,666.00,14.92,06-04-23-07-44-13-654
10.30,41.48,666.00,14.74,06-04-23-07-44-13-683
10.11,39.47,666.00,14.57,06-04-23-07-44-13-718
9.89,37.49,666.00,14.43,06-04-23-07-44-13-751
9.69,35.66,666.00,14.32,06-04-23-07-44-13-784
9.54,34.06,666.00,14.25,06-04-23-07-44-13-819
9.45,32.69,666.00,14.26,06-04-23-07-44-13-852
9.45,30.93,666.00,14.49,06-04-23-07-44-13-885
9.60,29.59,666.00,14.96,06-04-23-07-44-13-919
9.95,31.96,666.00,15.12,06-04-23-07-44-13-953
10.38,33.99,666.00,15.67,06-04-23-07-44-13-986
10.96,37.40,666.00,16.10,06-04-23-07-44-14-017
11.45,39.97,666.00,16.69,06-04-23-07-44-14-050
11.71,40.56,666.00,17.55,06-04-23-07-44-14-084
