13.56,-24.88,666.00,20.27,10-03-23-05-49-36-524
13.67,-25.01,666.00,20.38,10-03-23-05-49-36-551
13.82,-25.14,666.00,20.52,10-03-23-05-49-36-590
13.94,-25.15,666.00,20.58,10-03-23-05-49-36-618
14.04,-25.12,666.00,20.65,10-03-23-05-49-36-653
14.19,-25.14,666.00,20.75,10-03-23-05-49-36-689
14.27,-25.11,666.00,20.81,10-03-23-05-49-36-720
14.35,-25.03,666.00,20.86,10-03-23-05-49-36-753
14.46,-24.87,666.00,20.89,10-03-23-05-49-36-789
14.53,-24.72,666.00,20.90,10-03-23-05-49-36-825
14.60,-24.56,666.00,20.91,10-03-23-05-49-36-855
14.59,-24.19,666.00,20.91,10-03-23-05-49-36-889
14.57,-23.72,666.00,20.95,10-03-23-05-49-36-927
14.52,-23.05,666.00,21.00,10-03-23-05-49-36-954
14.45,-22.27,666.00,22.87,10-03-23-05-49-36-989
14.38,-21.24,666.00,24.42,10-03-23-05-49-37-018
13.85,-18.69,666.00,25.19,10-03-23-05-49-37-052
13.56,-16.67,666.00,27.34,10-03-23-05-49-37-091
12.94,-12.84,666.00,29.11,10-03-23-05-49-37-130
12.57,-9.90,-17.71,31.51,10-03-23-05-49-37-153
12.30,-7.12,-15.85,33.59,10-03-23-05-49-37-191
12.41,-5.06,-14.73,37.93,10-03-23-05-49-37-233
12.32,-0.93,-14.18,38.95,10-03-23-05-49-37-264
12.16,3.53,-13.51,39.99,10-03-23-05-49-37-296
12.00,9.62,-12.18,41.13,10-03-23-05-49-37-320
11.98,15.08,-10.85,42.44,10-03-23-05-49-37-356
12.07,19.86,-10.03,43.59,10-03-23-05-49-37-389
12.25,23.81,-9.45,44.41,10-03-23-05-49-37-420
12.55,27.34,-8.80,45.74,10-03-23-05-49-37-454
12.94,30.42,-7.97,47.85,10-03-23-05-49-37-488
13.47,33.10,-8.09,47.91,10-03-23-05-49-37-519
13.95,34.73,-7.62,50.31,10-03-23-05-49-37-556
14.31,35.84,-7.44,51.62,10-03-23-05-49-37-588
14.59,36.55,-7.40,52.39,10-03-23-05-49-37-620
14.84,36.56,-7.48,52.85,10-03-23-05-49-37-654
15.06,36.43,-7.65,53.41,10-03-23-05-49-37-688
15.25,36.52,-7.85,53.91,10-03-23-05-49-37-721
15.43,36.65,-8.02,54.53,10-03-23-05-49-37-750
15.61,36.78,-8.27,54.82,10-03-23-05-49-37-788
15.74,36.99,-8.52,55.02,10-03-23-05-49-37-820
15.85,37.19,-8.82,55.01,10-03-23-05-49-37-864
15.95,37.34,-9.06,54.97,10-03-23-05-49-37-891
16.04,36.91,-9.27,55.05,10-03-23-05-49-37-919
16.13,36.19,-9.37,55.20,10-03-23-05-49-37-952
16.22,35.51,-9.46,55.23,10-03-23-05-49-37-986
16.32,34.43,-9.45,55.38,10-03-23-05-49-38-018
16.38,33.40,-8.17,55.14,10-03-23-05-49-38-052
16.68,29.07,-4.14,51.85,10-03-23-05-49-38-086
16.97,27.55,-3.19,51.12,10-03-23-05-49-38-117
17.16,26.60,-1.35,49.89,10-03-23-05-49-38-152
17.30,25.80,2.82,48.67,10-03-23-05-49-38-193
17.50,25.06,7.27,48.14,10-03-23-05-49-38-219
17.75,24.53,10.68,47.68,10-03-23-05-49-38-253
18.02,24.09,16.63,46.97,10-03-23-05-49-38-287
18.27,23.66,21.81,46.65,10-03-23-05-49-38-318
18.43,23.16,27.53,46.41,10-03-23-05-49-38-350
18.58,22.01,35.90,45.55,10-03-23-05-49-38-386
18.73,19.70,40.64,46.63,10-03-23-05-49-38-417
18.92,17.14,45.73,47.21,10-03-23-05-49-38-450
19.32,12.98,48.21,47.96,10-03-23-05-49-38-497
19.55,8.52,50.20,48.43,10-03-23-05-49-38-519
22.32,3.56,51.13,48.69,10-03-23-05-49-38-553
24.08,1.68,51.43,49.06,10-03-23-05-49-38-586
25.58,0.79,51.11,49.35,10-03-23-05-49-38-622
25.82,-1.03,50.37,47.69,10-03-23-05-49-38-652
26.47,-1.52,50.30,47.83,10-03-23-05-49-38-688
26.88,-1.78,50.27,48.02,10-03-23-05-49-38-720
27.24,-2.01,50.01,48.29,10-03-23-05-49-38-756
26.62,-3.36,49.14,47.96,10-03-23-05-49-38-794
25.80,-4.62,49.35,48.38,10-03-23-05-49-38-821
25.77,-4.54,47.97,49.47,10-03-23-05-49-38-856
25.74,-4.43,46.91,50.28,10-03-23-05-49-38-888
25.70,-4.52,45.98,50.88,10-03-23-05-49-38-918
25.36,-4.58,44.12,50.21,10-03-23-05-49-38-953
25.14,-4.35,40.43,51.15,10-03-23-05-49-38-987
24.88,-3.96,39.03,51.31,10-03-23-05-49-39-022
24.50,-3.36,37.55,51.52,10-03-23-05-49-39-051
23.78,-2.83,28.21,52.39,10-03-23-05-49-39-087
23.10,-1.79,23.10,52.85,10-03-23-05-49-39-123
22.52,-0.34,13.28,55.65,10-03-23-05-49-39-151
21.98,0.94,6.90,56.75,10-03-23-05-49-39-188
21.37,1.96,-3.68,57.08,10-03-23-05-49-39-220
20.69,3.54,-8.87,60.31,10-03-23-05-49-39-258
20.03,5.53,-11.45,61.02,10-03-23-05-49-39-288
19.41,7.55,-20.39,60.72,10-03-23-05-49-39-323
18.18,15.43,-25.15,61.43,10-03-23-05-49-39-354
17.59,20.73,-27.39,61.04,10-03-23-05-49-39-387
17.24,25.00,-48.61,64.10,10-03-23-05-49-39-421
17.02,28.80,-56.57,65.19,10-03-23-05-49-39-454
16.77,36.14,-52.16,62.78,10-03-23-05-49-39-489
16.75,41.45,-52.28,62.34,10-03-23-05-49-39-522
16.79,45.22,-50.61,61.11,10-03-23-05-49-39-559
16.87,47.87,-49.66,60.09,10-03-23-05-49-39-586
16.94,49.80,-49.57,59.08,10-03-23-05-49-39-621
16.97,51.13,-49.48,58.33,10-03-23-05-49-39-658
16.95,52.00,-49.45,58.07,10-03-23-05-49-39-689
16.83,52.47,-49.44,58.03,10-03-23-05-49-39-719
16.93,54.58,-49.90,57.18,10-03-23-05-49-39-752
16.97,55.67,-51.45,59.13,10-03-23-05-49-39-785
16.91,56.20,-52.29,60.61,10-03-23-05-49-39-821
16.83,56.40,-52.57,60.74,10-03-23-05-49-39-860
16.75,56.49,-52.88,60.95,10-03-23-05-49-39-886
16.67,56.32,-53.21,61.14,10-03-23-05-49-39-921
16.58,55.73,-53.39,61.44,10-03-23-05-49-39-952
16.84,64.60,-54.23,59.13,10-03-23-05-49-39-990
16.68,62.89,-54.41,59.25,10-03-23-05-49-40-018
16.80,64.18,-54.76,58.86,10-03-23-05-49-40-052
16.79,63.45,-54.71,58.89,10-03-23-05-49-40-088
16.76,62.36,-54.58,58.90,10-03-23-05-49-40-119
16.70,60.79,-53.91,58.49,10-03-23-05-49-40-151
16.65,59.39,-52.92,58.09,10-03-23-05-49-40-186
16.59,58.63,-47.04,54.28,10-03-23-05-49-40-218
16.54,57.95,-43.50,53.13,10-03-23-05-49-40-253
16.49,57.36,-38.60,52.75,10-03-23-05-49-40-284
16.44,56.76,-35.79,52.98,10-03-23-05-49-40-319
16.32,55.68,-34.22,53.24,10-03-23-05-49-40-352
16.19,54.23,-29.88,53.24,10-03-23-05-49-40-389
16.10,52.90,-24.24,53.34,10-03-23-05-49-40-415
16.01,51.49,-18.56,53.15,10-03-23-05-49-40-452
15.92,50.14,-10.84,52.38,10-03-23-05-49-40-486
15.57,47.14,3.94,49.81,10-03-23-05-49-40-520
15.35,44.31,11.09,49.61,10-03-23-05-49-40-555
15.27,40.45,23.29,48.26,10-03-23-05-49-40-587
15.36,36.43,31.35,49.23,10-03-23-05-49-40-626
15.53,31.94,35.36,50.37,10-03-23-05-49-40-652
15.89,27.79,36.22,51.36,10-03-23-05-49-40-688
16.31,24.53,37.43,52.18,10-03-23-05-49-40-721
16.79,20.94,38.13,52.86,10-03-23-05-49-40-751
17.22,18.10,39.28,53.22,10-03-23-05-49-40-787
18.32,15.01,40.92,53.62,10-03-23-05-49-40-819
19.05,12.45,43.20,52.62,10-03-23-05-49-40-852
19.95,9.98,44.54,51.90,10-03-23-05-49-40-887
20.60,7.37,45.57,51.69,10-03-23-05-49-40-931
21.04,5.38,46.10,51.65,10-03-23-05-49-40-953
21.34,3.89,47.04,51.61,10-03-23-05-49-40-986
22.69,1.94,49.23,51.92,10-03-23-05-49-41-017
24.45,0.78,49.69,51.74,10-03-23-05-49-41-052
24.62,0.09,51.26,50.38,10-03-23-05-49-41-088
24.41,-0.72,51.70,50.27,10-03-23-05-49-41-118
23.96,-1.63,52.76,50.43,10-03-23-05-49-41-155
24.58,-1.00,52.17,50.67,10-03-23-05-49-41-188
24.98,-0.29,51.88,50.78,10-03-23-05-49-41-228
25.33,0.34,51.54,50.90,10-03-23-05-49-41-252
25.53,0.94,51.17,51.02,10-03-23-05-49-41-287
25.03,1.15,49.99,50.36,10-03-23-05-49-41-318
24.23,1.26,49.94,50.55,10-03-23-05-49-41-352
23.27,0.81,49.91,51.16,10-03-23-05-49-41-384
22.51,0.57,49.05,51.86,10-03-23-05-49-41-421
21.88,0.71,46.35,52.76,10-03-23-05-49-41-453
21.34,0.96,40.12,54.32,10-03-23-05-49-41-488
20.63,2.67,33.15,55.78,10-03-23-05-49-41-520
20.06,5.19,28.22,57.29,10-03-23-05-49-41-553
19.57,8.10,25.46,56.99,10-03-23-05-49-41-589
19.19,11.47,19.57,57.29,10-03-23-05-49-41-622
18.90,15.98,11.89,58.22,10-03-23-05-49-41-652
18.77,20.01,3.98,60.19,10-03-23-05-49-41-695
18.61,23.20,-2.72,62.16,10-03-23-05-49-41-721
18.39,25.81,-7.91,63.79,10-03-23-05-49-41-753
18.12,29.09,-12.09,63.52,10-03-23-05-49-41-790
17.92,31.72,-15.71,64.59,10-03-23-05-49-41-822
17.72,34.18,-21.91,63.76,10-03-23-05-49-41-852
17.37,38.06,-23.28,61.44,10-03-23-05-49-41-885
17.14,41.57,-24.96,60.52,10-03-23-05-49-41-919
18.36,58.62,-39.29,58.54,10-03-23-05-49-41-950
19.47,65.75,-43.85,57.31,10-03-23-05-49-41-994
20.16,69.70,-51.16,56.59,10-03-23-05-49-42-019
20.58,71.73,-53.31,56.49,10-03-23-05-49-42-054
20.80,72.85,-56.33,55.95,10-03-23-05-49-42-086
20.93,74.70,-57.88,55.17,10-03-23-05-49-42-119
21.00,76.03,-58.69,54.83,10-03-23-05-49-42-151
21.71,83.05,-58.79,51.79,10-03-23-05-49-42-187
22.09,86.15,-58.97,50.42,10-03-23-05-49-42-223
20.41,78.36,-58.45,55.14,10-03-23-05-49-42-251
19.83,75.13,-58.27,57.08,10-03-23-05-49-42-295
19.35,72.18,-58.06,58.56,10-03-23-05-49-42-316
19.05,70.65,-57.83,59.25,10-03-23-05-49-42-353
18.81,69.64,-57.60,59.66,10-03-23-05-49-42-387
19.15,76.22,-57.53,58.14,10-03-23-05-49-42-420
19.25,78.08,-57.29,57.35,10-03-23-05-49-42-457
19.62,81.06,-57.18,55.65,10-03-23-05-49-42-489
19.61,80.57,-57.18,56.65,10-03-23-05-49-42-518
20.01,84.22,-55.05,53.67,10-03-23-05-49-42-551
20.40,86.99,-49.54,52.27,10-03-23-05-49-42-590
18.56,76.22,-46.88,53.95,10-03-23-05-49-42-619
19.06,79.64,-42.38,52.24,10-03-23-05-49-42-653
17.55,71.78,-38.84,54.10,10-03-23-05-49-42-687
16.76,65.79,-36.50,55.36,10-03-23-05-49-42-718
16.36,61.31,-33.73,57.10,10-03-23-05-49-42-760
16.18,58.23,-28.07,57.80,10-03-23-05-49-42-787
16.27,55.76,-22.81,58.02,10-03-23-05-49-42-818
16.42,52.83,-11.32,57.06,10-03-23-05-49-42-851
16.69,50.88,-4.82,56.60,10-03-23-05-49-42-889
16.89,49.55,0.32,56.33,10-03-23-05-49-42-919
17.04,45.10,6.78,55.88,10-03-23-05-49-42-952
17.20,41.75,10.69,55.76,10-03-23-05-49-42-984
17.09,36.60,18.23,50.75,10-03-23-05-49-43-018
17.05,32.40,22.47,50.30,10-03-23-05-49-43-060
17.20,28.80,24.17,51.56,10-03-23-05-49-43-086
17.64,26.07,24.97,52.57,10-03-23-05-49-43-121
18.00,24.42,26.33,53.09,10-03-23-05-49-43-154
18.33,23.48,29.91,53.52,10-03-23-05-49-43-187
18.69,22.56,35.47,53.52,10-03-23-05-49-43-219
18.98,21.87,39.11,53.71,10-03-23-05-49-43-256
19.25,21.18,46.01,52.54,10-03-23-05-49-43-288
19.47,20.26,49.21,51.84,10-03-23-05-49-43-325
19.65,19.29,50.35,51.78,10-03-23-05-49-43-364
19.84,18.13,51.00,51.82,10-03-23-05-49-43-384
19.99,16.18,52.57,51.95,10-03-23-05-49-43-428
20.09,14.25,53.63,52.11,10-03-23-05-49-43-455
20.24,12.42,54.67,52.08,10-03-23-05-49-43-487
20.25,11.80,55.56,52.03,10-03-23-05-49-43-522
25.97,8.96,51.62,48.76,10-03-23-05-49-43-552
25.72,4.57,49.51,49.60,10-03-23-05-49-43-586
26.23,3.83,49.26,49.91,10-03-23-05-49-43-622
26.63,3.44,48.74,50.14,10-03-23-05-49-43-652
26.51,3.17,48.93,48.32,10-03-23-05-49-43-688
26.52,3.14,48.13,48.19,10-03-23-05-49-43-719
26.15,3.46,48.12,48.07,10-03-23-05-49-43-755
25.61,3.81,47.46,48.78,10-03-23-05-49-43-788
25.01,4.38,45.11,49.51,10-03-23-05-49-43-824
24.39,5.10,41.28,50.39,10-03-23-05-49-43-856
23.62,6.00,37.39,51.27,10-03-23-05-49-43-888
23.22,8.70,28.88,53.71,10-03-23-05-49-43-920
22.86,11.41,20.74,56.16,10-03-23-05-49-43-956
22.60,13.82,15.33,57.66,10-03-23-05-49-43-987
22.35,16.46,6.12,60.46,10-03-23-05-49-44-021
22.21,20.28,1.48,59.04,10-03-23-05-49-44-052
22.03,23.50,-2.86,59.92,10-03-23-05-49-44-086
21.47,27.39,-7.21,60.49,10-03-23-05-49-44-124
20.89,31.02,-10.56,61.37,10-03-23-05-49-44-152
19.84,40.97,-9.50,57.86,10-03-23-05-49-44-188
19.11,48.92,-8.56,54.04,10-03-23-05-49-44-219
18.86,53.89,-13.92,56.99,10-03-23-05-49-44-252
19.02,57.91,-16.21,57.11,10-03-23-05-49-44-286
19.17,60.67,-33.39,62.28,10-03-23-05-49-44-320
19.30,62.79,-35.38,62.50,10-03-23-05-49-44-352
19.43,64.40,-38.52,62.73,10-03-23-05-49-44-394
19.51,65.48,-40.21,62.55,10-03-23-05-49-44-427
19.59,66.05,-48.08,60.59,10-03-23-05-49-44-454
20.08,71.96,-55.30,56.26,10-03-23-05-49-44-490
20.81,77.97,-58.57,52.91,10-03-23-05-49-44-517
21.69,84.15,-60.09,50.53,10-03-23-05-49-44-554
22.32,87.54,-60.73,49.39,10-03-23-05-49-44-585
22.71,89.56,-60.53,49.13,10-03-23-05-49-44-619
22.93,90.90,-59.95,49.04,10-03-23-05-49-44-651
23.08,91.73,-59.19,49.07,10-03-23-05-49-44-687
23.18,92.23,-58.38,49.20,10-03-23-05-49-44-729
23.14,92.18,-57.41,49.59,10-03-23-05-49-44-753
23.10,92.16,-56.72,49.85,10-03-23-05-49-44-786
23.05,92.06,-56.10,50.13,10-03-23-05-49-44-822
22.98,91.87,-55.54,50.45,10-03-23-05-49-44-852
22.88,91.64,-55.04,50.77,10-03-23-05-49-44-888
22.80,91.48,-54.67,51.02,10-03-23-05-49-44-919
22.65,91.26,-54.33,51.30,10-03-23-05-49-44-951
22.50,91.05,-53.75,50.81,10-03-23-05-49-44-985
18.92,80.19,-50.91,57.81,10-03-23-05-49-45-018
18.55,78.14,-50.45,58.62,10-03-23-05-49-45-052
18.47,77.01,-49.57,59.46,10-03-23-05-49-45-086
18.22,74.16,-48.40,59.63,10-03-23-05-49-45-119
18.04,71.66,-47.60,59.42,10-03-23-05-49-45-149
17.93,69.81,-46.23,58.73,10-03-23-05-49-45-188
18.10,69.88,-37.55,57.77,10-03-23-05-49-45-219
18.42,70.53,-28.28,56.33,10-03-23-05-49-45-252
18.62,70.81,-22.73,55.60,10-03-23-05-49-45-288
18.40,68.72,-14.90,55.43,10-03-23-05-49-45-321
18.36,66.95,-16.85,57.41,10-03-23-05-49-45-353
18.13,64.27,-9.33,57.80,10-03-23-05-49-45-387
17.87,61.36,1.33,57.89,10-03-23-05-49-45-417
17.77,58.85,6.67,58.14,10-03-23-05-49-45-453
17.76,56.12,10.12,58.37,10-03-23-05-49-45-492
17.77,53.01,15.36,57.35,10-03-23-05-49-45-515
17.86,49.16,18.72,57.50,10-03-23-05-49-45-554
18.12,44.94,19.69,57.23,10-03-23-05-49-45-589
18.51,41.42,21.74,56.76,10-03-23-05-49-45-618
19.32,38.40,23.86,55.84,10-03-23-05-49-45-651
20.08,36.19,26.89,55.13,10-03-23-05-49-45-688
21.02,34.05,31.57,54.30,10-03-23-05-49-45-719
23.24,31.66,33.30,52.65,10-03-23-05-49-45-754
24.40,30.16,36.48,51.45,10-03-23-05-49-45-795
25.37,28.68,38.91,50.56,10-03-23-05-49-45-819
26.63,26.85,43.70,49.85,10-03-23-05-49-45-856
27.40,25.54,49.67,49.55,10-03-23-05-49-45-891
27.82,24.60,53.10,49.51,10-03-23-05-49-45-918
26.83,22.12,53.16,47.15,10-03-23-05-49-45-954
26.83,20.76,53.81,47.89,10-03-23-05-49-45-989
26.96,19.45,54.08,48.00,10-03-23-05-49-46-018
27.11,18.34,53.66,48.18,10-03-23-05-49-46-053
26.96,17.28,51.46,46.74,10-03-23-05-49-46-100
26.37,15.83,50.24,46.94,10-03-23-05-49-46-119
25.73,14.48,49.28,47.42,10-03-23-05-49-46-152
25.46,14.15,48.16,47.65,10-03-23-05-49-46-188
25.14,13.99,46.13,48.22,10-03-23-05-49-46-220
24.20,13.67,40.84,50.61,10-03-23-05-49-46-253
23.45,13.95,32.91,53.26,10-03-23-05-49-46-289
22.79,14.44,26.67,54.78,10-03-23-05-49-46-321
22.25,15.96,16.86,57.15,10-03-23-05-49-46-353
20.92,16.46,12.20,58.50,10-03-23-05-49-46-398
20.08,17.30,9.15,59.39,10-03-23-05-49-46-426
19.50,18.00,-2.38,62.29,10-03-23-05-49-46-454
19.08,18.48,-10.27,65.19,10-03-23-05-49-46-487
18.77,19.02,-12.72,66.31,10-03-23-05-49-46-520
19.38,25.15,-17.62,65.40,10-03-23-05-49-46-550
20.01,28.81,-31.97,62.96,10-03-23-05-49-46-587
20.34,31.45,-37.10,61.81,10-03-23-05-49-46-622
20.54,33.35,-43.31,68.82,10-03-23-05-49-46-653
20.61,36.02,-45.33,70.11,10-03-23-05-49-46-687
20.53,39.93,-46.36,69.90,10-03-23-05-49-46-722
20.46,43.41,-46.73,69.02,10-03-23-05-49-46-751
20.42,45.94,-45.72,69.78,10-03-23-05-49-46-789
20.37,48.51,-48.50,67.35,10-03-23-05-49-46-826
20.29,49.93,-49.32,67.42,10-03-23-05-49-46-855
19.49,49.33,-48.26,68.58,10-03-23-05-49-46-887
19.20,49.41,-48.01,69.37,10-03-23-05-49-46-922
19.11,49.66,-47.97,70.11,10-03-23-05-49-46-952
19.10,50.15,-47.98,70.60,10-03-23-05-49-46-989
19.61,62.05,-48.69,69.66,10-03-23-05-49-47-023
19.81,63.83,-49.15,66.02,10-03-23-05-49-47-051
20.03,65.56,-49.31,65.05,10-03-23-05-49-47-088
20.53,69.40,-49.36,63.32,10-03-23-05-49-47-119
20.82,70.70,-49.56,62.73,10-03-23-05-49-47-157
21.13,69.07,-50.22,61.48,10-03-23-05-49-47-188
17.37,54.03,-43.40,67.86,10-03-23-05-49-47-220
16.96,51.17,-41.89,68.31,10-03-23-05-49-47-252
16.72,49.18,-40.77,68.60,10-03-23-05-49-47-290
16.65,48.72,-39.81,68.47,10-03-23-05-49-47-319
16.62,48.51,-37.65,69.00,10-03-23-05-49-47-351
16.61,48.77,-33.72,71.47,10-03-23-05-49-47-389
16.64,49.40,-31.32,71.86,10-03-23-05-49-47-419
16.71,50.03,-29.03,71.96,10-03-23-05-49-47-462
16.79,50.63,-26.56,71.88,10-03-23-05-49-47-489
17.60,49.94,-23.71,71.60,10-03-23-05-49-47-519
18.46,48.95,-21.43,71.21,10-03-23-05-49-47-550
18.79,47.30,-11.33,69.81,10-03-23-05-49-47-587
19.05,46.17,-8.83,69.86,10-03-23-05-49-47-617
19.22,45.73,-3.13,67.35,10-03-23-05-49-47-651
19.35,45.48,0.70,65.54,10-03-23-05-49-47-687
19.45,45.35,7.88,63.91,10-03-23-05-49-47-717
19.53,45.26,11.96,62.65,10-03-23-05-49-47-761
19.58,45.19,17.16,62.34,10-03-23-05-49-47-788
20.90,46.40,21.67,61.59,10-03-23-05-49-47-820
21.98,47.17,26.56,60.49,10-03-23-05-49-47-853
22.80,47.49,28.70,59.94,10-03-23-05-49-47-885
23.27,47.37,30.74,59.67,10-03-23-05-49-47-918
23.60,47.12,33.08,59.07,10-03-23-05-49-47-952
24.31,46.37,35.41,57.75,10-03-23-05-49-47-987
24.86,45.61,38.63,56.41,10-03-23-05-49-48-018
25.88,43.66,40.53,55.16,10-03-23-05-49-48-053
26.80,41.48,44.02,54.28,10-03-23-05-49-48-085
27.97,39.22,47.93,54.44,10-03-23-05-49-48-117
28.76,37.58,49.53,54.46,10-03-23-05-49-48-154
29.39,35.93,50.61,54.41,10-03-23-05-49-48-186
29.82,34.72,51.30,54.34,10-03-23-05-49-48-226
30.11,33.82,51.79,54.28,10-03-23-05-49-48-252
30.33,33.17,52.15,54.23,10-03-23-05-49-48-285
30.53,32.46,52.22,54.16,10-03-23-05-49-48-318
30.69,31.83,52.17,54.07,10-03-23-05-49-48-353
30.85,31.19,51.93,53.95,10-03-23-05-49-48-388
30.89,30.60,51.37,53.89,10-03-23-05-49-48-419
29.19,29.39,48.88,53.97,10-03-23-05-49-48-451
28.00,28.53,44.80,53.19,10-03-23-05-49-48-489
27.07,27.95,39.93,53.31,10-03-23-05-49-48-526
26.41,27.49,32.06,54.46,10-03-23-05-49-48-552
25.89,27.16,21.59,55.85,10-03-23-05-49-48-595
25.46,27.06,15.71,57.95,10-03-23-05-49-48-619
25.12,27.12,4.90,61.47,10-03-23-05-49-48-653
24.11,29.15,-0.44,63.84,10-03-23-05-49-48-688
23.34,31.29,-3.94,65.11,10-03-23-05-49-48-719
22.65,32.30,-9.11,67.07,10-03-23-05-49-48-751
22.14,33.15,-12.21,68.46,10-03-23-05-49-48-784
21.77,33.95,-9.21,65.05,10-03-23-05-49-48-827
21.39,34.35,-15.13,66.43,10-03-23-05-49-48-853
21.03,34.84,-22.28,67.55,10-03-23-05-49-48-886
20.67,35.33,-26.73,68.05,10-03-23-05-49-48-919
20.29,36.25,-35.96,71.33,10-03-23-05-49-48-953
19.88,37.12,-40.78,71.85,10-03-23-05-49-48-987
19.44,37.63,-42.78,72.15,10-03-23-05-49-49-019
19.03,38.40,-44.55,71.86,10-03-23-05-49-49-053
18.52,38.13,-48.21,71.05,10-03-23-05-49-49-087
17.98,38.52,-50.43,75.18,10-03-23-05-49-49-128
17.60,38.69,-51.03,76.98,10-03-23-05-49-49-150
17.41,39.23,-60.59,69.16,10-03-23-05-49-49-188
17.31,39.81,-57.34,74.73,10-03-23-05-49-49-217
17.20,39.99,-55.07,77.82,10-03-23-05-49-49-252
17.11,40.10,-53.55,79.64,10-03-23-05-49-49-286
17.06,40.22,-52.53,80.73,10-03-23-05-49-49-318
17.01,40.31,-51.76,81.39,10-03-23-05-49-49-358
12.58,13.06,-41.01,86.26,10-03-23-05-49-49-391
12.50,11.06,-37.57,88.20,10-03-23-05-49-49-421
13.18,16.83,-36.51,87.18,10-03-23-05-49-49-451
13.76,21.33,-38.81,81.85,10-03-23-05-49-49-487
14.34,25.93,-41.07,81.93,10-03-23-05-49-49-520
14.90,31.60,-42.47,78.11,10-03-23-05-49-49-550
15.26,33.64,-46.80,71.66,10-03-23-05-49-49-593
15.49,35.28,-48.69,68.89,10-03-23-05-49-49-619
15.65,36.76,-45.56,68.34,10-03-23-05-49-49-653
15.78,38.33,-42.96,68.61,10-03-23-05-49-49-687
15.92,40.44,-39.69,68.33,10-03-23-05-49-49-721
16.04,42.11,-36.31,68.18,10-03-23-05-49-49-751
16.10,42.69,-32.26,68.52,10-03-23-05-49-49-786
16.12,42.40,-27.87,68.99,10-03-23-05-49-49-822
16.33,41.34,-27.06,69.63,10-03-23-05-49-49-850
16.39,39.95,-26.87,70.34,10-03-23-05-49-49-893
16.43,38.28,-15.34,68.86,10-03-23-05-49-49-920
16.55,36.80,-6.80,68.09,10-03-23-05-49-49-952
16.69,35.94,3.14,66.94,10-03-23-05-49-49-988
16.79,35.37,9.74,66.54,10-03-23-05-49-50-021
16.83,35.06,14.34,66.55,10-03-23-05-49-50-052
17.32,35.25,18.10,66.08,10-03-23-05-49-50-085
17.86,35.69,22.01,65.90,10-03-23-05-49-50-127
18.50,36.15,24.42,65.69,10-03-23-05-49-50-152
19.09,36.49,26.38,65.54,10-03-23-05-49-50-194
19.62,36.70,30.06,65.63,10-03-23-05-49-50-221
20.13,36.88,31.92,65.31,10-03-23-05-49-50-256
20.61,36.93,33.30,64.12,10-03-23-05-49-50-305
21.08,36.83,35.68,62.39,10-03-23-05-49-50-323
21.48,36.59,38.24,60.73,10-03-23-05-49-50-366
21.88,36.22,40.48,59.28,10-03-23-05-49-50-387
22.24,35.79,42.60,58.28,10-03-23-05-49-50-424
22.55,35.28,44.38,57.71,10-03-23-05-49-50-459
23.71,33.85,44.96,56.78,10-03-23-05-49-50-499
24.42,33.14,45.72,56.16,10-03-23-05-49-50-520
24.85,32.63,46.66,55.83,10-03-23-05-49-50-551
25.15,32.12,47.34,55.59,10-03-23-05-49-50-589
25.55,31.48,47.47,55.28,10-03-23-05-49-50-616
25.77,30.99,47.53,55.16,10-03-23-05-49-50-652
25.93,30.62,47.53,55.08,10-03-23-05-49-50-687
26.06,30.30,47.50,55.03,10-03-23-05-49-50-717
26.14,30.03,47.15,54.86,10-03-23-05-49-50-752
26.19,29.83,45.93,54.47,10-03-23-05-49-50-794
26.19,29.73,38.63,55.31,10-03-23-05-49-50-821
26.14,29.76,27.25,57.28,10-03-23-05-49-50-856
25.96,30.12,19.28,59.02,10-03-23-05-49-50-886
25.57,30.77,7.90,60.22,10-03-23-05-49-50-928
25.00,32.59,3.12,61.28,10-03-23-05-49-50-952
24.18,34.31,0.83,60.76,10-03-23-05-49-50-987
23.21,36.72,-4.82,61.81,10-03-23-05-49-51-018
22.22,39.61,-6.92,61.55,10-03-23-05-49-51-053
21.19,40.94,-11.93,63.10,10-03-23-05-49-51-087
20.46,41.85,-14.84,64.31,10-03-23-05-49-51-119
19.47,43.82,-20.41,65.89,10-03-23-05-49-51-151
18.93,45.54,-23.98,66.78,10-03-23-05-49-51-185
18.59,46.76,-26.20,67.22,10-03-23-05-49-51-218
18.34,47.91,-35.55,69.88,10-03-23-05-49-51-258
18.22,50.68,-38.48,69.79,10-03-23-05-49-51-287
18.96,63.13,-40.40,65.22,10-03-23-05-49-51-320
22.19,80.96,-42.35,57.66,10-03-23-05-49-51-353
24.07,87.20,-43.77,54.44,10-03-23-05-49-51-388
25.19,90.40,-44.98,52.74,10-03-23-05-49-51-420
25.84,91.90,-54.64,46.92,10-03-23-05-49-51-452
26.25,93.00,-58.30,47.43,10-03-23-05-49-51-488
26.38,93.36,-58.21,48.81,10-03-23-05-49-51-518
26.07,92.79,-57.69,50.58,10-03-23-05-49-51-559
25.37,87.97,-58.52,54.44,10-03-23-05-49-51-588
24.24,82.94,-59.48,57.69,10-03-23-05-49-51-617
23.05,77.79,-59.69,60.74,10-03-23-05-49-51-652
22.45,75.31,-59.38,62.33,10-03-23-05-49-51-687
21.92,73.45,-59.00,63.44,10-03-23-05-49-51-731
21.50,72.03,-58.62,64.32,10-03-23-05-49-51-753
21.13,71.32,-58.19,64.78,10-03-23-05-49-51-789
21.44,78.27,-57.57,61.09,10-03-23-05-49-51-821
21.55,80.92,-57.12,59.62,10-03-23-05-49-51-861
21.63,83.11,-57.01,58.25,10-03-23-05-49-51-889
21.60,84.25,-56.92,57.49,10-03-23-05-49-51-919
21.54,84.88,-55.22,57.57,10-03-23-05-49-51-952
22.09,89.60,-52.14,56.71,10-03-23-05-49-51-985
22.57,92.75,-46.38,57.19,10-03-23-05-49-52-022
22.73,93.88,-44.13,57.64,10-03-23-05-49-52-050
22.61,93.76,-43.00,57.77,10-03-23-05-49-52-088
22.50,93.42,-41.74,57.60,10-03-23-05-49-52-119
22.14,91.88,-37.19,56.07,10-03-23-05-49-52-151
20.93,86.13,-36.05,58.03,10-03-23-05-49-52-185
20.05,81.42,-32.68,58.66,10-03-23-05-49-52-222
19.45,77.62,-29.31,59.04,10-03-23-05-49-52-251
18.56,72.39,-25.80,60.45,10-03-23-05-49-52-286
18.18,65.47,-17.38,60.90,10-03-23-05-49-52-319
17.75,60.46,-10.04,61.59,10-03-23-05-49-52-353
17.47,56.64,-5.78,62.61,10-03-23-05-49-52-389
17.02,52.99,-2.36,63.81,10-03-23-05-49-52-420
16.81,50.81,0.29,64.47,10-03-23-05-49-52-453
16.71,49.33,3.66,64.72,10-03-23-05-49-52-485
16.65,48.23,6.96,64.81,10-03-23-05-49-52-520
18.53,49.21,10.66,62.55,10-03-23-05-49-52-551
20.24,49.88,13.96,60.69,10-03-23-05-49-52-585
21.44,50.18,17.16,59.59,10-03-23-05-49-52-628
22.19,50.18,21.55,59.03,10-03-23-05-49-52-653
22.73,49.75,25.02,58.62,10-03-23-05-49-52-688
23.18,49.00,27.94,58.23,10-03-23-05-49-52-720
23.56,48.02,31.25,57.75,10-03-23-05-49-52-752
23.82,46.35,33.08,57.43,10-03-23-05-49-52-784
23.90,44.06,35.31,57.13,10-03-23-05-49-52-820
23.93,41.81,36.84,56.89,10-03-23-05-49-52-853
23.96,39.80,41.19,54.13,10-03-23-05-49-52-887
23.98,38.10,42.99,52.99,10-03-23-05-49-52-928
23.97,36.46,43.72,52.53,10-03-23-05-49-52-952
23.91,34.79,43.69,52.32,10-03-23-05-49-52-988
23.87,33.35,43.87,52.09,10-03-23-05-49-53-018
23.84,32.13,44.05,51.84,10-03-23-05-49-53-053
23.83,31.09,44.25,51.64,10-03-23-05-49-53-088
23.81,30.09,44.51,51.42,10-03-23-05-49-53-118
23.77,29.13,44.62,51.35,10-03-23-05-49-53-150
23.71,28.26,44.56,51.39,10-03-23-05-49-53-186
23.68,27.57,44.37,51.45,10-03-23-05-49-53-217
23.65,27.03,43.99,51.55,10-03-23-05-49-53-252
23.63,26.65,43.02,51.69,10-03-23-05-49-53-287
23.63,26.38,37.64,52.97,10-03-23-05-49-53-317
23.62,26.24,33.28,54.87,10-03-23-05-49-53-351
23.63,26.39,24.85,57.64,10-03-23-05-49-53-396
23.51,27.69,14.97,60.90,10-03-23-05-49-53-421
23.36,29.19,8.58,63.14,10-03-23-05-49-53-452
21.07,34.70,7.57,64.47,10-03-23-05-49-53-487
19.70,39.30,5.32,65.18,10-03-23-05-49-53-521
18.65,44.40,2.47,65.05,10-03-23-05-49-53-550
18.24,48.43,0.32,64.58,10-03-23-05-49-53-585
17.59,51.87,-4.06,65.08,10-03-23-05-49-53-621
17.58,54.52,-7.43,68.02,10-03-23-05-49-53-652
17.57,56.15,-13.93,68.43,10-03-23-05-49-53-692
17.56,57.34,-17.09,68.58,10-03-23-05-49-53-716
17.57,57.93,-20.39,68.83,10-03-23-05-49-53-752
17.79,59.50,-24.32,68.58,10-03-23-05-49-53-786
17.97,60.73,-28.66,68.69,10-03-23-05-49-53-821
18.46,63.30,-33.27,68.10,10-03-23-05-49-53-852
19.76,69.31,-37.51,65.79,10-03-23-05-49-53-885
20.61,72.43,-47.61,65.93,10-03-23-05-49-53-921
21.55,71.90,-53.05,67.47,10-03-23-05-49-53-955
22.34,70.56,-56.47,68.90,10-03-23-05-49-53-994
22.74,68.84,-58.84,70.57,10-03-23-05-49-54-018
23.03,67.14,-60.18,71.83,10-03-23-05-49-54-055
23.15,65.36,-60.98,72.93,10-03-23-05-49-54-086
23.19,63.79,-63.08,73.32,10-03-23-05-49-54-120
23.11,62.35,-63.59,74.01,10-03-23-05-49-54-154
23.01,61.42,-63.85,74.31,10-03-23-05-49-54-186
22.83,60.54,-63.77,74.52,10-03-23-05-49-54-220
22.62,59.75,-63.48,74.68,10-03-23-05-49-54-251
22.38,59.05,-63.35,74.57,10-03-23-05-49-54-286
22.20,74.64,-62.26,68.19,10-03-23-05-49-54-319
22.19,77.51,-60.75,66.95,10-03-23-05-49-54-357
22.24,78.90,-59.88,66.29,10-03-23-05-49-54-385
22.20,79.38,-59.07,65.98,10-03-23-05-49-54-422
21.94,77.14,-58.25,66.85,10-03-23-05-49-54-458
21.87,78.58,-56.41,66.25,10-03-23-05-49-54-486
21.84,80.04,-54.46,66.00,10-03-23-05-49-54-519
21.81,80.62,-49.62,62.31,10-03-23-05-49-54-550
21.97,82.71,-43.35,60.79,10-03-23-05-49-54-586
21.24,81.55,-38.88,60.70,10-03-23-05-49-54-618
20.87,80.93,-35.22,60.40,10-03-23-05-49-54-654
20.51,78.93,-28.74,61.95,10-03-23-05-49-54-690
18.97,71.22,-26.87,64.73,10-03-23-05-49-54-721
18.62,63.27,-24.88,66.27,10-03-23-05-49-54-759
18.38,56.82,-24.75,70.57,10-03-23-05-49-54-787
18.00,50.94,-24.89,75.57,10-03-23-05-49-54-815
17.77,46.54,-16.71,74.14,10-03-23-05-49-54-853
17.68,43.68,-6.41,70.86,10-03-23-05-49-54-889
17.48,41.86,7.44,65.22,10-03-23-05-49-54-917
17.51,40.57,17.81,63.63,10-03-23-05-49-54-953
17.71,40.10,22.98,63.04,10-03-23-05-49-54-989
18.25,40.66,26.79,62.13,10-03-23-05-49-55-019
18.90,41.46,28.26,62.14,10-03-23-05-49-55-068
19.57,42.00,30.45,61.42,10-03-23-05-49-55-093
20.15,42.09,31.82,61.48,10-03-23-05-49-55-118
20.63,41.90,33.25,61.52,10-03-23-05-49-55-152
21.03,41.84,35.44,60.44,10-03-23-05-49-55-186
21.37,41.58,38.17,59.15,10-03-23-05-49-55-221
21.77,40.91,41.20,58.21,10-03-23-05-49-55-251
22.16,39.69,43.98,57.29,10-03-23-05-49-55-287
22.61,37.30,46.37,56.83,10-03-23-05-49-55-320
24.01,32.18,48.21,56.63,10-03-23-05-49-55-351
25.22,28.86,48.76,56.11,10-03-23-05-49-55-385
27.19,25.59,49.40,55.91,10-03-23-05-49-55-417
28.30,23.92,49.96,55.24,10-03-23-05-49-55-452
28.99,22.93,50.54,54.65,10-03-23-05-49-55-490
29.45,22.18,51.10,54.08,10-03-23-05-49-55-519
29.81,21.59,51.43,53.56,10-03-23-05-49-55-552
29.08,20.29,51.74,53.66,10-03-23-05-49-55-589
29.07,19.66,51.74,53.57,10-03-23-05-49-55-618
29.05,19.19,51.64,53.55,10-03-23-05-49-55-651
28.37,18.50,51.34,53.88,10-03-23-05-49-55-689
27.92,18.18,50.68,54.19,10-03-23-05-49-55-718
27.05,17.81,48.62,55.01,10-03-23-05-49-55-749
26.24,17.48,45.23,55.47,10-03-23-05-49-55-788
25.62,17.32,41.80,55.92,10-03-23-05-49-55-827
25.12,17.23,37.36,57.76,10-03-23-05-49-55-850
24.63,17.25,32.59,58.30,10-03-23-05-49-55-890
24.17,17.38,27.41,60.28,10-03-23-05-49-55-916
23.78,17.73,18.61,61.84,10-03-23-05-49-55-950
23.40,18.31,12.03,64.08,10-03-23-05-49-55-989
22.85,19.00,4.42,66.66,10-03-23-05-49-56-020
22.10,19.72,-1.95,68.86,10-03-23-05-49-56-052
21.53,20.68,-7.01,69.98,10-03-23-05-49-56-092
21.01,22.47,-10.05,70.26,10-03-23-05-49-56-123
20.62,24.27,-12.82,70.06,10-03-23-05-49-56-153
20.16,25.23,-14.71,70.34,10-03-23-05-49-56-185
19.94,26.11,-17.36,73.26,10-03-23-05-49-56-220
19.79,26.67,-19.08,73.69,10-03-23-05-49-56-257
20.71,21.58,-20.86,75.59,10-03-23-05-49-56-286
20.74,21.86,-22.49,75.97,10-03-23-05-49-56-319
21.80,17.02,-29.22,79.85,10-03-23-05-49-56-355
25.24,-6.21,-30.00,92.50,10-03-23-05-49-56-387
26.55,-10.95,-32.41,95.99,10-03-23-05-49-56-428
27.01,-8.07,-35.84,95.95,10-03-23-05-49-56-454
27.29,-9.38,-36.84,96.56,10-03-23-05-49-56-489
27.29,-0.68,-42.38,94.23,10-03-23-05-49-56-520
21.27,31.05,-49.53,82.53,10-03-23-05-49-56-553
21.09,61.24,-54.87,77.03,10-03-23-05-49-56-587
22.15,70.09,-56.74,75.13,10-03-23-05-49-56-621
23.02,74.82,-57.90,73.93,10-03-23-05-49-56-653
22.70,72.73,-58.00,73.54,10-03-23-05-49-56-687
22.09,69.42,-57.51,73.59,10-03-23-05-49-56-730
20.23,60.36,-55.23,76.13,10-03-23-05-49-56-752
19.31,53.32,-53.74,77.76,10-03-23-05-49-56-785
18.87,48.22,-52.45,77.68,10-03-23-05-49-56-824
18.66,46.41,-51.76,77.50,10-03-23-05-49-56-851
18.88,72.65,-50.08,68.60,10-03-23-05-49-56-893
18.52,71.06,-47.55,69.55,10-03-23-05-49-56-922
18.09,67.36,-45.48,71.00,10-03-23-05-49-56-953
17.79,63.52,-43.26,68.40,10-03-23-05-49-56-987
17.64,61.02,-42.08,66.97,10-03-23-05-49-57-018
17.55,59.14,-41.02,67.24,10-03-23-05-49-57-051
17.49,57.71,-39.50,67.43,10-03-23-05-49-57-088
17.45,56.57,-38.66,67.83,10-03-23-05-49-57-120
17.42,55.80,-35.18,68.28,10-03-23-05-49-57-152
17.41,55.25,-31.23,68.66,10-03-23-05-49-57-188
17.94,50.92,-28.47,70.05,10-03-23-05-49-57-218
18.33,47.13,-25.60,71.41,10-03-23-05-49-57-251
18.62,44.43,-26.47,73.18,10-03-23-05-49-57-287
18.75,41.61,-27.86,75.23,10-03-23-05-49-57-321
18.56,39.77,-19.51,74.53,10-03-23-05-49-57-352
18.18,39.78,-12.11,73.16,10-03-23-05-49-57-386
17.88,42.61,-2.28,70.47,10-03-23-05-49-57-419
17.92,45.86,5.80,68.28,10-03-23-05-49-57-452
18.06,48.47,11.51,66.83,10-03-23-05-49-57-493
18.50,50.91,15.74,65.49,10-03-23-05-49-57-521
18.90,52.66,20.83,62.53,10-03-23-05-49-57-551
19.33,53.70,22.64,61.17,10-03-23-05-49-57-589
19.95,54.00,24.08,60.21,10-03-23-05-49-57-620
20.95,53.56,26.27,59.10,10-03-23-05-49-57-652
21.80,52.87,28.51,57.55,10-03-23-05-49-57-685
22.42,52.50,30.50,56.52,10-03-23-05-49-57-721
22.93,51.96,32.79,56.30,10-03-23-05-49-57-752
23.33,51.38,36.03,55.36,10-03-23-05-49-57-803
23.65,50.70,39.12,55.42,10-03-23-05-49-57-818
23.89,49.59,41.68,54.77,10-03-23-05-49-57-852
24.01,47.98,44.69,54.10,10-03-23-05-49-57-886
24.08,46.32,46.03,53.75,10-03-23-05-49-57-922
24.14,44.76,46.96,53.48,10-03-23-05-49-57-953
24.17,43.24,47.89,53.25,10-03-23-05-49-57-986
24.19,42.11,48.50,53.08,10-03-23-05-49-58-018
24.16,40.95,48.86,52.98,10-03-23-05-49-58-052
24.14,39.90,49.00,52.93,10-03-23-05-49-58-097
24.13,38.72,48.74,52.95,10-03-23-05-49-58-118
24.15,37.82,48.46,52.97,10-03-23-05-49-58-150
24.17,37.05,48.12,53.01,10-03-23-05-49-58-189
24.18,36.65,47.84,53.06,10-03-23-05-49-58-220
24.19,36.39,47.43,53.09,10-03-23-05-49-58-253
24.21,36.41,45.15,54.41,10-03-23-05-49-58-287
24.23,36.60,42.48,54.49,10-03-23-05-49-58-318
24.26,36.81,38.12,54.67,10-03-23-05-49-58-352
24.39,37.44,29.48,57.04,10-03-23-05-49-58-386
24.41,38.00,17.80,58.32,10-03-23-05-49-58-419
24.39,38.85,10.31,60.52,10-03-23-05-49-58-454
24.19,39.95,5.59,61.84,10-03-23-05-49-58-486
23.85,41.25,2.26,62.58,10-03-23-05-49-58-519
23.07,43.89,1.36,62.56,10-03-23-05-49-58-555
22.49,45.95,0.06,62.62,10-03-23-05-49-58-586
21.49,47.41,-0.09,63.12,10-03-23-05-49-58-619
20.65,49.14,-0.51,63.57,10-03-23-05-49-58-650
19.87,50.52,-0.37,66.81,10-03-23-05-49-58-688
19.48,51.25,0.17,68.20,10-03-23-05-49-58-729
19.15,52.02,-4.64,69.78,10-03-23-05-49-58-753
18.93,52.54,-9.00,71.11,10-03-23-05-49-58-785
18.77,53.03,-12.75,71.94,10-03-23-05-49-58-818
18.65,53.44,-16.88,72.45,10-03-23-05-49-58-858
19.09,56.83,-22.04,71.26,10-03-23-05-49-58-887
20.23,64.94,-25.75,67.61,10-03-23-05-49-58-921
25.73,85.18,-31.46,57.14,10-03-23-05-49-58-954
27.65,89.63,-36.06,54.03,10-03-23-05-49-58-987
28.64,91.74,-40.90,52.64,10-03-23-05-49-59-018
29.27,93.06,-45.33,51.87,10-03-23-05-49-59-052
29.50,93.74,-48.77,51.91,10-03-23-05-49-59-087
29.34,94.04,-50.75,52.56,10-03-23-05-49-59-122
28.71,93.74,-51.49,53.79,10-03-23-05-49-59-160
28.04,93.32,-51.70,54.92,10-03-23-05-49-59-187
27.38,92.87,-51.60,55.89,10-03-23-05-49-59-222
26.86,92.51,-51.37,56.52,10-03-23-05-49-59-253
26.40,92.13,-50.96,57.07,10-03-23-05-49-59-283
26.00,91.73,-50.50,57.51,10-03-23-05-49-59-323
25.69,91.41,-49.94,57.80,10-03-23-05-49-59-352
25.46,91.15,-49.18,57.95,10-03-23-05-49-59-388
25.28,90.96,-47.11,57.89,10-03-23-05-49-59-417
24.54,89.02,-37.94,59.72,10-03-23-05-49-59-464
23.91,87.13,-35.63,60.28,10-03-23-05-49-59-489
18.07,60.03,-34.50,74.19,10-03-23-05-49-59-519
18.26,40.94,-33.83,80.75,10-03-23-05-49-59-553
19.05,32.19,-30.21,84.70,10-03-23-05-49-59-586
19.63,27.29,-28.52,85.60,10-03-23-05-49-59-619
20.47,27.69,-27.73,84.60,10-03-23-05-49-59-652
20.88,27.28,-26.16,83.93,10-03-23-05-49-59-689
21.09,27.59,-23.49,82.70,10-03-23-05-49-59-719
21.08,28.63,-20.57,81.29,10-03-23-05-49-59-753
20.89,29.88,-17.00,79.76,10-03-23-05-49-59-787
20.22,43.18,-10.44,73.09,10-03-23-05-49-59-821
20.26,48.16,-1.77,69.00,10-03-23-05-49-59-852
20.54,51.20,7.52,66.13,10-03-23-05-49-59-887
20.70,53.20,13.70,64.78,10-03-23-05-49-59-921
20.84,54.53,18.71,63.99,10-03-23-05-49-59-953
21.19,55.34,24.96,64.46,10-03-23-05-49-59-988
21.74,55.56,29.60,62.57,10-03-23-05-50-00-021
22.46,55.23,30.69,61.33,10-03-23-05-50-00-051
23.18,54.36,31.10,60.46,10-03-23-05-50-00-086
23.79,53.47,32.17,59.16,10-03-23-05-50-00-118
24.26,52.57,34.01,57.58,10-03-23-05-50-00-152
24.68,51.30,36.67,55.87,10-03-23-05-50-00-189
25.03,50.04,40.11,54.51,10-03-23-05-50-00-226
25.30,48.49,44.21,53.30,10-03-23-05-50-00-251
25.51,47.21,47.03,52.51,10-03-23-05-50-00-286
26.34,43.49,47.11,51.69,10-03-23-05-50-00-318
27.18,40.12,48.75,52.32,10-03-23-05-50-00-351
27.47,37.95,49.96,52.56,10-03-23-05-50-00-388
27.66,36.40,50.70,52.87,10-03-23-05-50-00-421
27.73,35.32,51.08,53.08,10-03-23-05-50-00-451
27.74,34.32,51.19,53.87,10-03-23-05-50-00-489
28.00,33.46,50.90,53.87,10-03-23-05-50-00-528
28.25,32.85,50.45,53.80,10-03-23-05-50-00-551
28.46,32.59,48.63,53.20,10-03-23-05-50-00-587
28.66,32.60,46.00,52.59,10-03-23-05-50-00-626
28.11,32.61,41.80,54.44,10-03-23-05-50-00-652
27.71,32.94,37.30,54.50,10-03-23-05-50-00-686
27.27,33.06,29.49,54.85,10-03-23-05-50-00-719
26.86,33.43,23.30,54.98,10-03-23-05-50-00-751
25.63,33.62,17.03,57.36,10-03-23-05-50-00-789
24.99,33.97,8.57,60.28,10-03-23-05-50-00-819
24.47,34.29,-0.70,62.95,10-03-23-05-50-00-853
23.05,35.60,-5.11,65.17,10-03-23-05-50-00-885
21.91,37.03,-6.98,66.83,10-03-23-05-50-00-919
21.23,38.10,-1.86,66.19,10-03-23-05-50-00-953
20.40,37.54,0.76,67.22,10-03-23-05-50-00-989
20.08,37.70,-11.98,71.00,10-03-23-05-50-01-019
19.94,37.52,-15.31,72.20,10-03-23-05-50-01-052
19.90,37.29,-18.24,72.81,10-03-23-05-50-01-085
19.68,38.52,-20.93,72.59,10-03-23-05-50-01-119
19.49,40.30,-27.07,72.80,10-03-23-05-50-01-153
19.35,42.05,-31.12,72.98,10-03-23-05-50-01-188
19.30,42.79,-33.91,73.54,10-03-23-05-50-01-219
19.24,43.49,-36.16,73.83,10-03-23-05-50-01-253
18.70,32.10,-37.68,78.04,10-03-23-05-50-01-290
21.19,13.87,-38.63,85.10,10-03-23-05-50-01-320
21.82,36.53,-46.62,77.54,10-03-23-05-50-01-351
22.74,46.34,-50.90,75.19,10-03-23-05-50-01-385
23.32,50.70,-53.66,76.19,10-03-23-05-50-01-419
23.01,52.50,-54.22,77.32,10-03-23-05-50-01-450
22.30,51.00,-53.18,81.77,10-03-23-05-50-01-490
21.60,48.85,-52.75,78.45,10-03-23-05-50-01-519
21.23,48.12,-52.37,77.07,10-03-23-05-50-01-552
20.86,46.55,-51.78,76.67,10-03-23-05-50-01-602
17.95,36.78,-46.12,77.56,10-03-23-05-50-01-619
21.97,-3.38,-36.51,88.80,10-03-23-05-50-01-652
23.37,-14.29,-31.18,92.78,10-03-23-05-50-01-690
23.33,-16.05,-29.39,93.24,10-03-23-05-50-01-717
18.15,16.35,-32.89,80.16,10-03-23-05-50-01-753
18.58,14.24,-31.73,80.67,10-03-23-05-50-01-790
20.30,21.10,-33.28,79.64,10-03-23-05-50-01-817
21.43,24.01,-33.91,79.61,10-03-23-05-50-01-856
22.31,26.04,-34.38,79.68,10-03-23-05-50-01-896
23.51,31.27,-35.74,78.67,10-03-23-05-50-01-917
23.88,33.06,-35.97,79.27,10-03-23-05-50-01-955
24.02,34.27,-26.28,77.37,10-03-23-05-50-01-987
24.47,37.47,-16.32,73.14,10-03-23-05-50-02-019
24.68,39.63,-10.22,70.44,10-03-23-05-50-02-050
24.37,41.55,-4.37,68.41,10-03-23-05-50-02-088
24.02,43.02,1.32,66.08,10-03-23-05-50-02-118
22.82,44.21,9.88,59.57,10-03-23-05-50-02-155
22.42,44.85,13.26,58.96,10-03-23-05-50-02-196
22.20,44.95,16.05,59.00,10-03-23-05-50-02-219
22.04,45.11,20.07,58.76,10-03-23-05-50-02-255
21.88,44.88,23.83,59.54,10-03-23-05-50-02-286
21.73,44.37,25.65,59.92,10-03-23-05-50-02-318
21.67,43.85,28.35,60.93,10-03-23-05-50-02-351
21.70,42.96,31.40,60.85,10-03-23-05-50-02-387
21.81,41.65,34.20,60.59,10-03-23-05-50-02-419
21.96,40.38,38.06,60.11,10-03-23-05-50-02-451
22.35,38.36,40.29,59.70,10-03-23-05-50-02-486
22.80,36.43,42.36,59.39,10-03-23-05-50-02-518
23.18,34.59,44.91,59.36,10-03-23-05-50-02-551
24.03,31.60,46.17,59.36,10-03-23-05-50-02-591
24.84,29.00,47.54,59.32,10-03-23-05-50-02-618
25.47,27.27,48.86,59.30,10-03-23-05-50-02-654
26.13,25.65,49.97,59.10,10-03-23-05-50-02-688
26.69,24.20,51.19,58.85,10-03-23-05-50-02-721
27.44,22.74,52.36,58.39,10-03-23-05-50-02-752
28.51,21.42,52.75,57.70,10-03-23-05-50-02-788
29.27,20.62,53.66,57.12,10-03-23-05-50-02-821
29.78,20.08,54.36,56.66,10-03-23-05-50-02-851
30.19,19.74,55.38,56.87,10-03-23-05-50-02-886
30.51,19.51,55.87,56.58,10-03-23-05-50-02-920
30.73,19.33,56.16,56.36,10-03-23-05-50-02-961
30.46,19.53,56.87,56.61,10-03-23-05-50-02-988
30.34,19.62,57.30,56.68,10-03-23-05-50-03-023
30.37,19.66,57.48,56.65,10-03-23-05-50-03-053
30.42,19.61,55.71,57.41,10-03-23-05-50-03-086
30.26,19.49,54.40,57.84,10-03-23-05-50-03-120
30.10,19.45,53.27,58.09,10-03-23-05-50-03-151
29.27,19.46,51.18,58.62,10-03-23-05-50-03-188
28.46,19.51,47.53,59.05,10-03-23-05-50-03-219
27.44,20.04,42.47,59.15,10-03-23-05-50-03-259
26.60,20.69,36.87,58.99,10-03-23-05-50-03-288
25.79,21.41,30.36,59.68,10-03-23-05-50-03-319
25.00,22.18,18.99,61.29,10-03-23-05-50-03-352
24.33,23.16,14.10,62.67,10-03-23-05-50-03-387
23.72,24.61,5.25,66.01,10-03-23-05-50-03-418
22.72,26.58,-2.96,69.87,10-03-23-05-50-03-452
20.25,31.39,-4.50,71.24,10-03-23-05-50-03-487
18.83,35.66,-3.78,71.09,10-03-23-05-50-03-515
18.07,37.13,-5.43,72.57,10-03-23-05-50-03-561
17.53,37.96,1.86,74.14,10-03-23-05-50-03-601
17.14,38.48,6.43,74.98,10-03-23-05-50-03-626
18.15,32.88,-1.55,76.39,10-03-23-05-50-03-652
19.46,27.30,4.31,75.08,10-03-23-05-50-03-689
20.05,25.17,-15.12,76.94,10-03-23-05-50-03-730
20.64,23.93,-20.25,77.55,10-03-23-05-50-03-749
20.37,25.88,-30.19,79.16,10-03-23-05-50-03-785
20.44,25.57,-33.22,79.96,10-03-23-05-50-03-819
20.57,11.67,-33.23,86.32,10-03-23-05-50-03-854
30.24,-31.02,-23.83,106.03,10-03-23-05-50-03-884
18.29,5.98,-33.15,85.90,10-03-23-05-50-03-919
16.89,20.15,-34.84,80.56,10-03-23-05-50-03-952
17.02,37.54,-37.63,74.77,10-03-23-05-50-03-988
18.06,51.97,-38.60,70.00,10-03-23-05-50-04-026
18.78,57.18,-39.23,67.87,10-03-23-05-50-04-051
19.28,60.08,-39.65,66.64,10-03-23-05-50-04-086
19.46,60.64,-39.86,66.38,10-03-23-05-50-04-120
19.36,59.66,-39.53,66.84,10-03-23-05-50-04-151
18.85,56.80,-38.10,68.32,10-03-23-05-50-04-186
18.40,53.95,-36.66,69.67,10-03-23-05-50-04-218
18.32,42.42,-34.80,74.58,10-03-23-05-50-04-252
18.97,33.08,-33.12,78.09,10-03-23-05-50-04-288
19.18,28.84,-31.57,79.26,10-03-23-05-50-04-337
19.31,26.43,-29.87,79.79,10-03-23-05-50-04-352
19.38,24.66,-29.17,80.65,10-03-23-05-50-04-389
19.50,23.20,-28.64,81.44,10-03-23-05-50-04-420
19.59,22.28,-28.27,82.13,10-03-23-05-50-04-450
19.62,21.81,-17.50,79.52,10-03-23-05-50-04-485
18.30,23.52,-6.99,77.44,10-03-23-05-50-04-520
17.41,29.00,0.34,75.08,10-03-23-05-50-04-552
16.85,35.77,9.40,72.49,10-03-23-05-50-04-589
17.03,40.43,15.75,70.91,10-03-23-05-50-04-627
17.49,43.67,20.34,69.76,10-03-23-05-50-04-650
18.13,45.70,28.48,67.34,10-03-23-05-50-04-689
19.26,46.44,31.22,65.35,10-03-23-05-50-04-721
20.15,46.14,32.17,64.43,10-03-23-05-50-04-751
20.84,45.50,32.87,63.70,10-03-23-05-50-04-786
21.37,44.94,34.31,62.65,10-03-23-05-50-04-820
21.70,44.05,36.35,62.12,10-03-23-05-50-04-851
22.00,42.71,38.32,60.62,10-03-23-05-50-04-885
22.19,41.07,39.97,59.18,10-03-23-05-50-04-919
22.36,39.27,41.37,57.90,10-03-23-05-50-04-953
22.60,37.40,42.41,57.06,10-03-23-05-50-04-989
22.83,35.49,42.99,56.47,10-03-23-05-50-05-017
22.99,34.00,43.50,56.21,10-03-23-05-50-05-059
23.15,32.37,43.71,56.15,10-03-23-05-50-05-090
23.70,30.30,43.82,55.89,10-03-23-05-50-05-117
24.13,28.84,43.99,55.71,10-03-23-05-50-05-152
24.42,27.87,44.23,55.66,10-03-23-05-50-05-186
24.59,27.20,44.79,55.77,10-03-23-05-50-05-220
25.36,26.53,46.66,57.59,10-03-23-05-50-05-253
25.63,26.20,48.18,57.44,10-03-23-05-50-05-287
25.77,26.02,48.79,57.35,10-03-23-05-50-05-320
25.88,25.87,48.89,57.29,10-03-23-05-50-05-355
25.92,25.73,48.65,57.22,10-03-23-05-50-05-394
25.91,25.66,48.15,57.16,10-03-23-05-50-05-420
25.80,25.59,46.79,57.02,10-03-23-05-50-05-454
25.63,25.56,41.78,58.90,10-03-23-05-50-05-487
25.34,25.66,37.67,59.22,10-03-23-05-50-05-517
24.98,25.67,25.56,59.47,10-03-23-05-50-05-549
24.57,25.96,18.99,60.55,10-03-23-05-50-05-585
23.99,27.22,9.82,63.85,10-03-23-05-50-05-618
22.03,29.76,5.68,66.26,10-03-23-05-50-05-652
20.96,31.95,-1.87,67.27,10-03-23-05-50-05-695
20.31,33.58,-4.53,68.58,10-03-23-05-50-05-718
19.96,34.56,-7.70,70.26,10-03-23-05-50-05-751
19.75,35.41,-5.84,69.24,10-03-23-05-50-05-792
19.64,36.00,-9.40,71.88,10-03-23-05-50-05-819
20.30,35.56,-14.43,73.49,10-03-23-05-50-05-854
20.63,35.51,-22.80,74.51,10-03-23-05-50-05-885
20.86,35.88,-30.94,78.25,10-03-23-05-50-05-920
20.80,43.44,-34.71,76.18,10-03-23-05-50-05-953
21.05,49.77,-36.74,74.42,10-03-23-05-50-05-985
21.20,52.06,-38.87,73.62,10-03-23-05-50-06-018
21.30,53.21,-41.19,73.36,10-03-23-05-50-06-052
23.38,24.82,-46.13,83.06,10-03-23-05-50-06-085
23.53,35.70,-51.37,79.95,10-03-23-05-50-06-116
23.77,71.12,-54.24,64.60,10-03-23-05-50-06-157
26.48,86.63,-55.04,56.34,10-03-23-05-50-06-187
27.80,91.49,-55.39,53.63,10-03-23-05-50-06-219
28.64,94.12,-55.12,52.36,10-03-23-05-50-06-250
29.07,95.64,-53.99,51.86,10-03-23-05-50-06-286
28.87,96.00,-52.08,52.26,10-03-23-05-50-06-317
28.31,95.54,-49.78,53.33,10-03-23-05-50-06-352
24.91,83.69,-45.89,63.44,10-03-23-05-50-06-387
24.47,81.82,-43.77,64.31,10-03-23-05-50-06-417
23.58,76.81,-42.70,67.24,10-03-23-05-50-06-459
20.24,60.86,-39.52,73.06,10-03-23-05-50-06-486
21.75,34.46,-37.94,81.52,10-03-23-05-50-06-524
22.64,28.03,-36.57,83.65,10-03-23-05-50-06-550
23.30,24.12,-31.71,82.49,10-03-23-05-50-06-588
23.47,22.76,-29.99,82.38,10-03-23-05-50-06-617
23.23,23.42,-28.28,81.33,10-03-23-05-50-06-650
22.94,24.70,-25.63,80.06,10-03-23-05-50-06-684
23.11,27.79,-23.35,77.70,10-03-23-05-50-06-718
23.04,27.74,-19.68,77.13,10-03-23-05-50-06-761
19.54,29.29,-11.27,76.65,10-03-23-05-50-06-782
17.54,30.69,-4.66,76.25,10-03-23-05-50-06-817
16.80,32.34,5.48,69.54,10-03-23-05-50-06-850
17.21,37.94,13.47,67.14,10-03-23-05-50-06-885
18.19,42.03,19.45,65.22,10-03-23-05-50-06-918
19.10,44.40,25.20,64.49,10-03-23-05-50-06-951
19.93,45.98,26.84,63.52,10-03-23-05-50-06-985
20.60,47.06,28.30,62.20,10-03-23-05-50-07-017
21.33,47.59,29.38,60.77,10-03-23-05-50-07-050
21.92,47.59,31.46,58.68,10-03-23-05-50-07-084
22.40,47.34,33.86,57.26,10-03-23-05-50-07-119
22.79,47.06,35.78,56.12,10-03-23-05-50-07-150
23.10,46.81,38.16,54.97,10-03-23-05-50-07-186
23.38,46.41,40.82,53.95,10-03-23-05-50-07-220
23.63,45.77,42.96,53.16,10-03-23-05-50-07-261
23.83,44.90,45.07,52.53,10-03-23-05-50-07-285
29.61,34.94,40.70,50.28,10-03-23-05-50-07-316
31.91,32.19,39.79,50.82,10-03-23-05-50-07-352
32.97,31.08,39.94,51.52,10-03-23-05-50-07-386
33.61,30.46,40.34,52.11,10-03-23-05-50-07-417
34.06,30.05,40.72,52.67,10-03-23-05-50-07-451
34.32,29.83,40.98,53.04,10-03-23-05-50-07-486
34.43,29.79,41.08,53.21,10-03-23-05-50-07-520
33.00,29.99,42.89,52.23,10-03-23-05-50-07-552
32.73,30.16,42.72,52.11,10-03-23-05-50-07-586
32.57,30.39,42.06,52.09,10-03-23-05-50-07-617
32.47,30.66,40.12,52.24,10-03-23-05-50-07-651
32.42,30.97,36.61,52.67,10-03-23-05-50-07-687
32.39,31.23,30.41,53.72,10-03-23-05-50-07-719
25.78,29.50,22.07,57.63,10-03-23-05-50-07-751
22.96,28.99,19.26,59.72,10-03-23-05-50-07-788
21.41,28.54,16.36,61.12,10-03-23-05-50-07-824
20.42,28.18,11.19,62.21,10-03-23-05-50-07-850
19.56,28.15,8.10,64.20,10-03-23-05-50-07-887
18.99,28.14,1.24,67.04,10-03-23-05-50-07-917
18.97,29.19,-4.61,69.71,10-03-23-05-50-07-950
19.78,31.98,-15.99,76.00,10-03-23-05-50-07-985
20.61,33.27,-19.88,77.51,10-03-23-05-50-08-019
21.83,29.80,-24.85,80.50,10-03-23-05-50-08-050
22.94,21.24,-28.02,84.97,10-03-23-05-50-08-088
26.09,-17.18,-22.06,99.49,10-03-23-05-50-08-126
23.94,3.71,-31.43,92.96,10-03-23-05-50-08-151
22.86,20.97,-37.48,87.45,10-03-23-05-50-08-190
22.95,38.52,-42.13,81.38,10-03-23-05-50-08-219
23.38,44.32,-44.42,79.27,10-03-23-05-50-08-253
24.25,53.41,-47.45,75.81,10-03-23-05-50-08-287
24.56,57.27,-48.54,73.97,10-03-23-05-50-08-318
24.11,59.15,-48.59,73.55,10-03-23-05-50-08-351
23.86,60.20,-51.37,74.49,10-03-23-05-50-08-388
23.53,60.34,-52.22,74.72,10-03-23-05-50-08-427
23.24,60.09,-52.58,74.71,10-03-23-05-50-08-451
21.63,56.86,-50.69,76.13,10-03-23-05-50-08-489
20.54,54.30,-49.16,77.16,10-03-23-05-50-08-518
20.31,53.76,-48.61,77.03,10-03-23-05-50-08-552
20.13,53.25,-47.68,76.70,10-03-23-05-50-08-588
20.15,53.21,-46.86,76.10,10-03-23-05-50-08-617
19.19,51.03,-44.48,76.71,10-03-23-05-50-08-651
20.07,16.79,-39.75,86.98,10-03-23-05-50-08-689
25.90,-11.84,-33.02,97.94,10-03-23-05-50-08-716
22.30,28.28,-42.42,82.30,10-03-23-05-50-08-750
23.64,41.55,-45.49,77.28,10-03-23-05-50-08-795
24.00,52.69,-45.67,70.91,10-03-23-05-50-08-819
24.42,55.99,-44.31,69.14,10-03-23-05-50-08-854
24.21,57.85,-42.81,68.13,10-03-23-05-50-08-885
23.78,58.85,-39.47,67.48,10-03-23-05-50-08-920
22.99,58.53,-36.99,67.70,10-03-23-05-50-08-951
22.23,56.11,-33.52,68.95,10-03-23-05-50-08-988
20.65,27.07,-30.84,80.30,10-03-23-05-50-09-018
21.28,20.88,-29.44,82.67,10-03-23-05-50-09-050
21.63,17.39,-28.39,84.23,10-03-23-05-50-09-088
21.78,15.30,-21.59,84.84,10-03-23-05-50-09-119
21.54,14.29,-16.91,85.09,10-03-23-05-50-09-152
21.07,13.56,-13.27,85.34,10-03-23-05-50-09-191
19.77,23.39,-10.21,81.44,10-03-23-05-50-09-222
19.27,26.55,-7.86,80.28,10-03-23-05-50-09-252
18.37,26.19,-5.33,80.61,10-03-23-05-50-09-286
17.81,26.27,-3.60,80.68,10-03-23-05-50-09-321
17.36,27.03,-2.25,80.43,10-03-23-05-50-09-350
17.15,28.05,-1.29,79.75,10-03-23-05-50-09-388
16.98,29.63,-0.48,78.84,10-03-23-05-50-09-420
16.83,32.78,0.15,76.46,10-03-23-05-50-09-455
16.79,35.28,0.64,74.42,10-03-23-05-50-09-497
16.83,36.55,0.94,73.05,10-03-23-05-50-09-518
16.91,37.54,0.87,71.82,10-03-23-05-50-09-551
16.98,37.81,0.61,71.44,10-03-23-05-50-09-593
17.12,39.46,0.50,70.55,10-03-23-05-50-09-620
17.44,41.38,0.29,69.54,10-03-23-05-50-09-655
17.66,42.66,0.12,68.85,10-03-23-05-50-09-687
18.39,44.63,-0.53,66.88,10-03-23-05-50-09-720
18.73,44.44,-1.26,66.03,10-03-23-05-50-09-751
19.01,44.62,-1.77,64.88,10-03-23-05-50-09-797
21.49,51.91,-2.37,60.43,10-03-23-05-50-09-818
21.79,52.56,-3.39,47.62,10-03-23-05-50-09-855
21.72,52.53,-3.87,40.37,10-03-23-05-50-09-888
21.39,52.09,-3.67,37.13,10-03-23-05-50-09-919
20.86,51.30,-3.32,33.54,10-03-23-05-50-09-954
20.28,50.14,-2.93,32.32,10-03-23-05-50-09-987
18.94,48.31,-1.07,33.62,10-03-23-05-50-10-019
17.71,46.32,0.51,35.39,10-03-23-05-50-10-058
17.05,44.65,1.08,35.78,10-03-23-05-50-10-086
16.37,42.73,1.73,36.57,10-03-23-05-50-10-117
15.96,41.32,2.23,36.69,10-03-23-05-50-10-151
15.68,40.00,3.09,34.82,10-03-23-05-50-10-185
15.43,38.55,3.90,33.71,10-03-23-05-50-10-220
15.23,36.88,4.05,33.34,10-03-23-05-50-10-259
15.07,35.49,4.23,32.59,10-03-23-05-50-10-289
14.94,34.28,4.48,30.20,10-03-23-05-50-10-318
14.78,33.30,666.00,26.34,10-03-23-05-50-10-352
14.66,32.67,666.00,20.19,10-03-23-05-50-10-387
14.54,32.17,666.00,11.02,10-03-23-05-50-10-426
14.25,31.39,666.00,7.16,10-03-23-05-50-10-450
13.96,30.62,666.00,7.14,10-03-23-05-50-10-488
13.72,29.87,666.00,8.61,10-03-23-05-50-10-521
13.46,29.06,666.00,9.61,10-03-23-05-50-10-556
13.17,28.60,666.00,10.26,10-03-23-05-50-10-587
12.91,28.17,666.00,10.90,10-03-23-05-50-10-621
12.66,27.91,666.00,11.02,10-03-23-05-50-10-655
12.44,27.64,666.00,10.93,10-03-23-05-50-10-688
12.24,27.91,666.00,10.80,10-03-23-05-50-10-724
12.08,27.96,666.00,10.96,10-03-23-05-50-10-755
11.96,27.93,666.00,11.32,10-03-23-05-50-10-790
11.85,27.97,666.00,11.73,10-03-23-05-50-10-823
11.77,27.72,666.00,12.19,10-03-23-05-50-10-867
11.71,27.33,666.00,12.67,10-03-23-05-50-10-890
11.65,25.34,666.00,13.49,10-03-23-05-50-10-924
11.58,23.54,666.00,14.13,10-03-23-05-50-10-951
11.50,23.04,666.00,14.44,10-03-23-05-50-10-990
11.48,21.77,666.00,14.76,10-03-23-05-50-11-024
11.47,20.15,666.00,15.08,10-03-23-05-50-11-066
11.50,18.35,666.00,15.33,10-03-23-05-50-11-092
11.54,16.74,666.00,15.46,10-03-23-05-50-11-124
11.55,15.91,666.00,15.35,10-03-23-05-50-11-155
11.61,14.98,666.00,15.28,10-03-23-05-50-11-190
11.68,14.05,666.00,15.27,10-03-23-05-50-11-223
11.79,13.05,666.00,15.30,10-03-23-05-50-11-254
11.87,12.43,666.00,15.26,10-03-23-05-50-11-289
11.97,11.88,666.00,15.25,10-03-23-05-50-11-327
11.95,11.72,666.00,15.04,10-03-23-05-50-11-355
12.01,11.50,666.00,15.07,10-03-23-05-50-11-396
12.08,11.35,666.00,15.57,10-03-23-05-50-11-419
12.17,11.22,666.00,16.14,10-03-23-05-50-11-450
12.25,11.33,666.00,16.48,10-03-23-05-50-11-486
12.27,11.87,666.00,16.81,10-03-23-05-50-11-519
12.26,12.62,666.00,17.06,10-03-23-05-50-11-556
12.33,13.19,666.00,17.50,10-03-23-05-50-11-589
12.37,13.80,666.00,18.16,10-03-23-05-50-11-631
12.39,14.49,666.00,18.67,10-03-23-05-50-11-655
12.23,15.58,666.00,19.03,10-03-23-05-50-11-686
12.01,16.73,666.00,19.24,10-03-23-05-50-11-719
11.85,17.79,666.00,19.34,10-03-23-05-50-12-192
12.41,17.81,666.00,18.95,10-03-23-05-50-12-229
12.72,17.43,666.00,18.62,10-03-23-05-50-12-242
12.93,16.73,666.00,18.50,10-03-23-05-50-12-253
13.41,15.93,666.00,18.63,10-03-23-05-50-12-289
13.72,15.17,666.00,18.81,10-03-23-05-50-12-320
13.91,14.48,666.00,19.00,10-03-23-05-50-12-362
14.64,13.50,666.00,19.62,10-03-23-05-50-12-386
15.46,12.57,666.00,19.66,10-03-23-05-50-12-420
15.71,12.13,666.00,19.67,10-03-23-05-50-12-451
14.51,18.38,666.00,16.81,10-03-23-05-50-12-488
13.96,19.83,666.00,16.66,10-03-23-05-50-12-519
13.99,17.41,666.00,18.05,10-03-23-05-50-12-552
14.14,14.95,666.00,19.40,10-03-23-05-50-12-588
14.45,11.79,666.00,20.56,10-03-23-05-50-12-621
14.95,8.46,666.00,21.76,10-03-23-05-50-12-668
15.40,6.01,666.00,21.90,10-03-23-05-50-12-686
15.64,4.55,666.00,20.38,10-03-23-05-50-12-719
16.38,-3.31,666.00,24.34,10-03-23-05-50-12-757
16.72,-6.61,666.00,23.73,10-03-23-05-50-12-788
15.48,-3.73,666.00,17.48,10-03-23-05-50-12-831
15.09,-2.80,666.00,15.15,10-03-23-05-50-12-854
14.61,-1.49,666.00,13.53,10-03-23-05-50-12-889
13.76,0.39,666.00,12.03,10-03-23-05-50-12-934
13.11,2.21,666.00,10.93,10-03-23-05-50-12-954
12.40,4.03,666.00,10.43,10-03-23-05-50-12-989
11.81,6.01,666.00,10.05,10-03-23-05-50-13-019
11.52,7.86,666.00,9.88,10-03-23-05-50-13-056
11.56,8.65,666.00,10.32,10-03-23-05-50-13-085
11.58,8.58,666.00,10.83,10-03-23-05-50-13-129
12.43,-5.73,666.00,14.58,10-03-23-05-50-13-150
14.71,-16.13,666.00,19.93,10-03-23-05-50-13-186
15.41,-17.68,666.00,21.50,10-03-23-05-50-13-220
15.32,-18.51,666.00,21.95,10-03-23-05-50-13-252
15.55,-17.68,666.00,21.91,10-03-23-05-50-13-286
16.00,-13.96,666.00,21.32,10-03-23-05-50-13-321
16.37,-11.55,666.00,20.90,10-03-23-05-50-13-352
16.58,-10.52,666.00,20.87,10-03-23-05-50-13-384
16.55,-10.17,666.00,20.83,10-03-23-05-50-13-426
15.57,-11.07,666.00,20.32,10-03-23-05-50-13-451
14.91,-11.24,666.00,19.97,10-03-23-05-50-13-486
14.51,-11.00,666.00,19.94,10-03-23-05-50-13-518
14.30,-10.61,666.00,20.15,10-03-23-05-50-13-551
14.27,-9.90,666.00,21.57,10-03-23-05-50-13-586
14.14,-9.42,666.00,22.78,10-03-23-05-50-13-619
14.02,-8.76,666.00,23.66,10-03-23-05-50-13-652
13.96,-8.15,666.00,24.37,10-03-23-05-50-13-687
13.93,-7.73,666.00,24.94,10-03-23-05-50-13-727
14.36,-7.31,666.00,25.51,10-03-23-05-50-13-753
14.59,-7.01,666.00,25.70,10-03-23-05-50-13-786
14.70,-6.73,666.00,25.86,10-03-23-05-50-13-818
14.74,-6.52,666.00,25.87,10-03-23-05-50-13-854
14.73,-6.39,666.00,25.79,10-03-23-05-50-13-885
14.75,-5.91,666.00,25.48,10-03-23-05-50-13-925
14.75,-5.63,666.00,25.16,10-03-23-05-50-13-953
14.75,-5.12,666.00,24.68,10-03-23-05-50-13-988
14.92,-3.52,666.00,21.95,10-03-23-05-50-14-017
15.06,-2.37,666.00,21.03,10-03-23-05-50-14-054
15.15,-1.85,666.00,20.57,10-03-23-05-50-14-085
15.12,-1.47,666.00,20.31,10-03-23-05-50-14-119
15.04,-1.11,666.00,20.11,10-03-23-05-50-14-193
14.59,-0.51,666.00,19.49,10-03-23-05-50-14-203
13.75,0.40,666.00,18.65,10-03-23-05-50-14-221
12.75,1.80,666.00,17.70,10-03-23-05-50-14-252
11.94,3.11,666.00,17.06,10-03-23-05-50-14-291
11.28,4.30,666.00,16.53,10-03-23-05-50-14-320
10.73,5.40,666.00,16.08,10-03-23-05-50-14-352
10.29,6.32,666.00,15.73,10-03-23-05-50-14-386
9.99,7.02,666.00,15.25,10-03-23-05-50-14-420
9.76,7.63,666.00,15.04,10-03-23-05-50-14-452
9.60,8.17,666.00,14.90,10-03-23-05-50-14-494
9.50,8.60,666.00,14.81,10-03-23-05-50-14-519
9.47,8.81,666.00,14.76,10-03-23-05-50-14-555
9.51,8.92,666.00,14.95,10-03-23-05-50-14-588
9.58,9.12,666.00,15.06,10-03-23-05-50-14-621
9.73,9.11,666.00,15.24,10-03-23-05-50-14-651
9.87,9.46,666.00,15.29,10-03-23-05-50-14-688
10.00,10.05,666.00,15.29,10-03-23-05-50-14-721
10.13,10.49,666.00,15.28,10-03-23-05-50-14-752
10.25,10.82,666.00,15.28,10-03-23-05-50-14-794
10.42,11.03,666.00,15.29,10-03-23-05-50-14-821
10.57,10.93,666.00,15.33,10-03-23-05-50-14-852
10.67,10.55,666.00,15.43,10-03-23-05-50-14-885
10.73,10.02,666.00,15.50,10-03-23-05-50-14-918
10.78,9.50,666.00,15.57,10-03-23-05-50-14-950
10.90,11.27,666.00,15.26,10-03-23-05-50-14-986
11.00,12.18,666.00,15.10,10-03-23-05-50-15-020
11.01,12.26,666.00,15.05,10-03-23-05-50-15-051
10.97,12.14,666.00,15.01,10-03-23-05-50-15-088
10.96,13.15,666.00,14.63,10-03-23-05-50-15-120
10.92,13.16,666.00,14.47,10-03-23-05-50-15-153
10.96,12.86,666.00,14.39,10-03-23-05-50-15-186
10.96,12.24,666.00,14.39,10-03-23-05-50-15-222
10.99,11.40,666.00,14.45,10-03-23-05-50-15-257
11.11,14.14,666.00,13.83,10-03-23-05-50-15-285
11.22,16.46,666.00,13.22,10-03-23-05-50-15-319
11.25,17.04,666.00,13.08,10-03-23-05-50-15-353
11.28,17.35,666.00,13.01,10-03-23-05-50-15-389
11.31,17.42,666.00,13.01,10-03-23-05-50-15-418
11.34,17.41,666.00,13.59,10-03-23-05-50-15-451
11.35,17.27,666.00,13.99,10-03-23-05-50-15-487
11.38,16.79,666.00,14.77,10-03-23-05-50-15-518
11.40,15.82,666.00,15.39,10-03-23-05-50-15-552
11.45,14.70,666.00,15.88,10-03-23-05-50-15-586
11.58,13.17,666.00,16.39,10-03-23-05-50-15-620
11.65,12.80,666.00,16.59,10-03-23-05-50-15-653
11.71,12.18,666.00,16.79,10-03-23-05-50-15-687
11.75,12.47,666.00,16.76,10-03-23-05-50-15-722
11.82,13.19,666.00,16.58,10-03-23-05-50-15-752
11.89,13.99,666.00,16.22,10-03-23-05-50-15-786
11.92,14.35,666.00,15.89,10-03-23-05-50-15-819
11.95,14.87,666.00,15.55,10-03-23-05-50-15-853
11.97,14.62,666.00,15.46,10-03-23-05-50-15-884
12.00,14.39,666.00,15.35,10-03-23-05-50-15-918
12.01,13.73,666.00,15.20,10-03-23-05-50-15-953
12.04,12.43,666.00,14.90,10-03-23-05-50-15-987
12.09,10.20,666.00,15.12,10-03-23-05-50-16-022
12.17,7.63,666.00,15.27,10-03-23-05-50-16-052
12.31,4.51,666.00,15.74,10-03-23-05-50-16-085
12.53,1.52,666.00,16.40,10-03-23-05-50-16-118
12.80,-1.08,666.00,16.60,10-03-23-05-50-16-153
13.08,-3.66,666.00,15.76,10-03-23-05-50-16-188
13.33,-5.83,666.00,15.26,10-03-23-05-50-16-220
13.22,-6.44,666.00,14.65,10-03-23-05-50-16-252
12.95,-6.57,666.00,14.17,10-03-23-05-50-16-287
12.95,-7.11,666.00,14.08,10-03-23-05-50-16-324
12.92,-7.49,666.00,14.00,10-03-23-05-50-16-351
12.15,-4.35,666.00,12.98,10-03-23-05-50-16-386
11.51,-1.08,666.00,12.13,10-03-23-05-50-16-421
11.13,1.47,666.00,11.60,10-03-23-05-50-16-457
10.56,5.94,666.00,10.83,10-03-23-05-50-16-487
10.23,9.48,666.00,10.37,10-03-23-05-50-16-520
9.96,13.11,666.00,9.97,10-03-23-05-50-16-552
9.74,15.90,666.00,9.90,10-03-23-05-50-16-586
9.58,17.64,666.00,10.10,10-03-23-05-50-16-626
9.43,19.54,666.00,10.27,10-03-23-05-50-16-654
9.27,20.76,666.00,10.65,10-03-23-05-50-16-685
9.18,22.10,666.00,10.79,10-03-23-05-50-16-721
9.15,23.26,666.00,10.98,10-03-23-05-50-16-752
9.15,25.50,666.00,10.87,10-03-23-05-50-16-789
9.16,27.95,666.00,10.68,10-03-23-05-50-16-819
9.17,29.36,666.00,10.65,10-03-23-05-50-16-856
9.19,30.30,666.00,10.66,10-03-23-05-50-16-886
9.21,31.35,666.00,10.62,10-03-23-05-50-16-929
9.26,32.51,666.00,10.50,10-03-23-05-50-16-952
9.29,33.33,666.00,10.48,10-03-23-05-50-16-987
9.36,34.07,666.00,10.40,10-03-23-05-50-17-019
9.49,35.48,666.00,10.27,10-03-23-05-50-17-052
9.68,37.37,666.00,10.01,10-03-23-05-50-17-095
9.89,38.49,666.00,9.88,10-03-23-05-50-17-117
10.12,38.49,666.00,9.87,10-03-23-05-50-17-153
10.32,38.40,666.00,9.91,10-03-23-05-50-17-186
10.45,35.10,666.00,10.50,10-03-23-05-50-17-220
10.57,31.67,666.00,11.11,10-03-23-05-50-17-250
10.68,29.17,666.00,11.59,10-03-23-05-50-17-286
10.70,27.83,666.00,11.90,10-03-23-05-50-17-318
11.29,17.53,666.00,13.95,10-03-23-05-50-17-351
11.67,12.63,666.00,14.91,10-03-23-05-50-17-389
11.89,9.71,666.00,15.43,10-03-23-05-50-17-418
12.00,8.21,666.00,15.72,10-03-23-05-50-17-451
12.34,6.45,666.00,15.99,10-03-23-05-50-17-486
12.52,5.16,666.00,16.10,10-03-23-05-50-17-516
12.95,2.56,666.00,16.68,10-03-23-05-50-17-553
13.14,0.69,666.00,17.04,10-03-23-05-50-17-585
13.03,-1.06,666.00,17.13,10-03-23-05-50-17-617
12.56,-3.29,666.00,17.00,10-03-23-05-50-17-650
12.11,-5.62,666.00,16.84,10-03-23-05-50-17-692
11.92,-6.08,666.00,16.60,10-03-23-05-50-17-720
11.67,-5.33,666.00,16.33,10-03-23-05-50-17-751
10.74,-3.57,666.00,15.83,10-03-23-05-50-17-787
9.62,-2.22,666.00,15.71,10-03-23-05-50-17-818
8.57,0.53,666.00,15.27,10-03-23-05-50-17-851
8.08,59.43,666.00,8.44,10-03-23-05-50-17-885
9.68,47.89,666.00,8.12,10-03-23-05-50-17-918
10.26,37.75,666.00,9.58,10-03-23-05-50-17-952
10.57,30.96,666.00,9.78,10-03-23-05-50-17-995
10.54,29.19,666.00,9.34,10-03-23-05-50-18-019
10.58,26.13,666.00,9.29,10-03-23-05-50-18-052
10.25,23.57,666.00,9.01,10-03-23-05-50-18-085
12.06,4.80,666.00,13.43,10-03-23-05-50-18-120
12.51,-3.41,666.00,12.45,10-03-23-05-50-18-152
13.08,-8.37,666.00,12.88,10-03-23-05-50-18-187
12.63,-11.16,666.00,12.40,10-03-23-05-50-18-220
12.03,-13.03,666.00,12.15,10-03-23-05-50-18-253
12.15,-13.93,666.00,12.87,10-03-23-05-50-18-306
11.72,-14.68,666.00,13.04,10-03-23-05-50-18-319
11.38,-15.92,666.00,17.20,10-03-23-05-50-18-351
10.84,-15.50,666.00,18.02,10-03-23-05-50-18-388
10.29,-14.13,666.00,18.36,10-03-23-05-50-18-418
9.21,-9.37,666.00,17.13,10-03-23-05-50-18-451
8.78,-6.21,666.00,16.24,10-03-23-05-50-18-486
8.05,0.44,666.00,14.29,10-03-23-05-50-18-518
8.02,3.85,666.00,14.11,10-03-23-05-50-18-552
7.98,8.54,666.00,13.02,10-03-23-05-50-18-586
8.17,18.24,666.00,11.08,10-03-23-05-50-18-618
8.58,20.81,666.00,11.61,10-03-23-05-50-18-655
9.26,16.11,666.00,13.98,10-03-23-05-50-18-686
9.82,15.45,666.00,15.04,10-03-23-05-50-18-720
10.19,16.99,666.00,15.11,10-03-23-05-50-18-755
10.42,18.72,666.00,15.19,10-03-23-05-50-18-785
10.60,19.46,666.00,15.52,10-03-23-05-50-18-820
10.75,19.85,666.00,16.12,10-03-23-05-50-18-853
10.93,20.91,666.00,16.17,10-03-23-05-50-18-885
11.27,19.39,666.00,16.79,10-03-23-05-50-18-918
11.55,18.63,666.00,17.06,10-03-23-05-50-18-952
11.83,17.26,666.00,17.29,10-03-23-05-50-18-985
12.57,14.03,666.00,17.95,10-03-23-05-50-19-019
12.95,12.29,666.00,18.17,10-03-23-05-50-19-070
13.19,10.82,666.00,18.25,10-03-23-05-50-19-084
13.53,9.51,666.00,18.08,10-03-23-05-50-19-117
13.79,8.68,666.00,17.88,10-03-23-05-50-19-151
14.02,8.16,666.00,17.66,10-03-23-05-50-19-186
14.24,7.68,666.00,17.64,10-03-23-05-50-19-218
14.29,7.75,666.00,17.62,10-03-23-05-50-19-251
14.36,7.68,666.00,17.91,10-03-23-05-50-19-285
14.44,7.81,666.00,18.19,10-03-23-05-50-19-320
14.51,8.05,666.00,18.50,10-03-23-05-50-19-360
14.58,8.30,666.00,18.85,10-03-23-05-50-19-385
14.63,8.41,666.00,19.21,10-03-23-05-50-19-418
14.61,8.55,666.00,19.40,10-03-23-05-50-19-451
14.54,8.79,666.00,19.45,10-03-23-05-50-19-487
14.19,9.91,666.00,19.15,10-03-23-05-50-19-518
13.74,11.81,666.00,18.62,10-03-23-05-50-19-551
13.37,13.56,666.00,18.14,10-03-23-05-50-19-585
13.00,15.61,666.00,17.08,10-03-23-05-50-19-618
12.75,17.08,666.00,16.30,10-03-23-05-50-19-661
12.55,16.64,666.00,16.63,10-03-23-05-50-19-687
12.58,13.22,666.00,17.07,10-03-23-05-50-19-718
12.66,10.52,666.00,17.08,10-03-23-05-50-19-752
12.97,6.23,666.00,16.87,10-03-23-05-50-19-792
12.90,9.25,666.00,14.76,10-03-23-05-50-19-820
12.84,8.49,666.00,13.20,10-03-23-05-50-19-852
12.72,7.10,666.00,10.28,10-03-23-05-50-19-886
12.62,4.32,666.00,10.09,10-03-23-05-50-19-919
12.43,2.03,666.00,10.42,10-03-23-05-50-19-948
12.21,0.86,666.00,10.52,10-03-23-05-50-19-987
12.04,-0.37,666.00,10.93,10-03-23-05-50-20-018
11.90,-1.04,666.00,11.25,10-03-23-05-50-20-052
11.74,-1.72,666.00,11.63,10-03-23-05-50-20-085
11.57,-1.95,666.00,12.01,10-03-23-05-50-20-119
11.42,-1.80,666.00,12.30,10-03-23-05-50-20-152
11.30,-1.55,666.00,12.56,10-03-23-05-50-20-186
11.16,0.05,666.00,12.58,10-03-23-05-50-20-219
11.08,1.18,666.00,12.66,10-03-23-05-50-20-251
11.02,2.12,666.00,12.73,10-03-23-05-50-20-288
10.97,3.10,666.00,12.77,10-03-23-05-50-20-318
11.09,4.32,666.00,12.84,10-03-23-05-50-20-352
11.19,5.16,666.00,12.93,10-03-23-05-50-20-385
11.30,6.43,666.00,12.91,10-03-23-05-50-20-421
11.42,7.59,666.00,12.89,10-03-23-05-50-20-451
11.49,8.25,666.00,12.92,10-03-23-05-50-20-486
11.53,8.75,666.00,13.04,10-03-23-05-50-20-519
11.55,9.09,666.00,13.16,10-03-23-05-50-20-551
11.56,9.43,666.00,13.28,10-03-23-05-50-20-584
11.58,10.06,666.00,13.50,10-03-23-05-50-20-618
11.56,11.42,666.00,14.28,10-03-23-05-50-20-649
11.60,12.77,666.00,15.12,10-03-23-05-50-20-687
11.64,14.21,666.00,15.48,10-03-23-05-50-20-724
11.69,15.64,666.00,15.60,10-03-23-05-50-20-752
11.78,16.62,666.00,15.74,10-03-23-05-50-20-784
11.83,17.10,666.00,15.79,10-03-23-05-50-20-819
11.90,17.13,666.00,15.83,10-03-23-05-50-20-851
12.01,16.93,666.00,15.79,10-03-23-05-50-20-886
12.09,16.70,666.00,15.73,10-03-23-05-50-20-918
12.17,16.45,666.00,15.68,10-03-23-05-50-20-952
12.28,16.13,666.00,16.02,10-03-23-05-50-20-986
12.36,15.80,666.00,16.25,10-03-23-05-50-21-025
12.43,15.43,666.00,16.51,10-03-23-05-50-21-049
12.51,14.94,666.00,16.71,10-03-23-05-50-21-085
12.57,14.50,666.00,16.80,10-03-23-05-50-21-119
12.63,14.09,666.00,16.87,10-03-23-05-50-21-151
12.66,13.74,666.00,16.93,10-03-23-05-50-21-186
12.66,13.29,666.00,16.91,10-03-23-05-50-21-220
12.64,12.58,666.00,16.88,10-03-23-05-50-21-253
12.62,11.77,666.00,16.89,10-03-23-05-50-21-284
12.60,11.15,666.00,16.93,10-03-23-05-50-21-317
12.58,10.62,666.00,16.92,10-03-23-05-50-21-351
12.59,10.43,666.00,16.69,10-03-23-05-50-21-386
12.61,11.01,666.00,16.43,10-03-23-05-50-21-419
12.63,11.72,666.00,16.04,10-03-23-05-50-21-452
12.64,12.77,666.00,15.22,10-03-23-05-50-21-488
12.66,13.44,666.00,14.68,10-03-23-05-50-21-519
12.68,14.19,666.00,14.25,10-03-23-05-50-21-552
12.63,14.34,666.00,14.04,10-03-23-05-50-21-587
12.57,15.13,666.00,13.75,10-03-23-05-50-21-620
12.54,15.61,666.00,13.55,10-03-23-05-50-21-651
12.50,15.91,666.00,13.45,10-03-23-05-50-21-685
12.48,16.33,666.00,13.37,10-03-23-05-50-21-720
12.48,16.25,666.00,13.59,10-03-23-05-50-21-753
12.45,15.84,666.00,13.83,10-03-23-05-50-21-788
12.42,15.52,666.00,14.05,10-03-23-05-50-21-820
12.41,15.13,666.00,14.27,10-03-23-05-50-21-849
12.40,14.86,666.00,14.42,10-03-23-05-50-21-886
12.40,14.62,666.00,14.70,10-03-23-05-50-21-920
12.40,14.39,666.00,15.01,10-03-23-05-50-21-953
12.40,14.17,666.00,15.37,10-03-23-05-50-21-986
12.41,14.00,666.00,16.03,10-03-23-05-50-22-019
12.42,13.98,666.00,16.57,10-03-23-05-50-22-051
12.43,13.80,666.00,16.99,10-03-23-05-50-22-103
12.40,13.99,666.00,17.15,10-03-23-05-50-22-120
12.41,14.09,666.00,17.09,10-03-23-05-50-22-153
12.45,14.82,666.00,16.65,10-03-23-05-50-22-186
12.49,15.36,666.00,16.93,10-03-23-05-50-22-217
12.51,16.06,666.00,16.87,10-03-23-05-50-22-251
12.47,16.43,666.00,16.75,10-03-23-05-50-22-285
12.49,15.57,666.00,16.83,10-03-23-05-50-22-318
12.51,14.93,666.00,17.03,10-03-23-05-50-22-352
12.54,14.34,666.00,17.26,10-03-23-05-50-22-393
12.57,14.10,666.00,17.29,10-03-23-05-50-22-418
12.59,14.08,666.00,17.25,10-03-23-05-50-22-452
12.58,14.15,666.00,17.14,10-03-23-05-50-22-487
12.55,14.13,666.00,17.05,10-03-23-05-50-22-519
12.53,14.33,666.00,16.90,10-03-23-05-50-22-551
12.52,14.42,666.00,16.74,10-03-23-05-50-22-584
12.54,14.63,666.00,16.56,10-03-23-05-50-22-618
12.59,15.06,666.00,16.22,10-03-23-05-50-22-651
12.58,15.78,666.00,15.87,10-03-23-05-50-22-685
12.56,16.67,666.00,15.42,10-03-23-05-50-22-718
12.56,17.30,666.00,15.14,10-03-23-05-50-22-750
12.54,17.69,666.00,14.88,10-03-23-05-50-22-792
12.50,18.02,666.00,14.63,10-03-23-05-50-22-823
12.46,18.22,666.00,14.44,10-03-23-05-50-22-856
12.42,18.33,666.00,14.22,10-03-23-05-50-22-885
12.37,18.20,666.00,14.12,10-03-23-05-50-22-925
12.19,17.72,666.00,13.96,10-03-23-05-50-22-952
12.04,17.14,666.00,13.83,10-03-23-05-50-22-986
11.92,16.65,666.00,13.75,10-03-23-05-50-23-016
11.86,16.57,666.00,13.67,10-03-23-05-50-23-051
11.82,16.50,666.00,13.71,10-03-23-05-50-23-085
11.76,16.38,666.00,13.81,10-03-23-05-50-23-118
11.71,16.30,666.00,13.95,10-03-23-05-50-23-158
11.66,16.21,666.00,14.05,10-03-23-05-50-23-185
11.63,16.01,666.00,14.14,10-03-23-05-50-23-218
11.61,15.72,666.00,14.24,10-03-23-05-50-23-251
11.60,15.44,666.00,14.37,10-03-23-05-50-23-286
11.62,15.07,666.00,14.48,10-03-23-05-50-23-318
11.64,14.72,666.00,14.56,10-03-23-05-50-23-350
11.65,14.30,666.00,14.65,10-03-23-05-50-23-385
11.66,13.91,666.00,14.73,10-03-23-05-50-23-419
11.68,13.48,666.00,14.82,10-03-23-05-50-23-459
11.72,12.73,666.00,14.96,10-03-23-05-50-23-485
11.76,12.03,666.00,15.10,10-03-23-05-50-23-520
11.81,11.30,666.00,15.24,10-03-23-05-50-23-551
11.88,10.54,666.00,15.49,10-03-23-05-50-23-587
11.96,9.84,666.00,15.70,10-03-23-05-50-23-618
12.06,9.21,666.00,15.87,10-03-23-05-50-23-650
12.14,8.59,666.00,16.02,10-03-23-05-50-23-685
12.22,8.07,666.00,16.15,10-03-23-05-50-23-720
12.28,7.69,666.00,16.25,10-03-23-05-50-23-766
12.33,7.39,666.00,16.32,10-03-23-05-50-23-784
12.38,7.15,666.00,16.35,10-03-23-05-50-23-818
12.42,6.93,666.00,16.38,10-03-23-05-50-23-853
12.46,6.69,666.00,16.41,10-03-23-05-50-23-885
12.48,6.52,666.00,16.45,10-03-23-05-50-23-919
12.49,6.39,666.00,16.46,10-03-23-05-50-23-951
12.50,6.30,666.00,16.45,10-03-23-05-50-23-988
12.51,6.22,666.00,16.43,10-03-23-05-50-24-019
12.51,6.15,666.00,16.41,10-03-23-05-50-24-052
12.52,6.08,666.00,16.41,10-03-23-05-50-24-086
12.53,6.04,666.00,16.39,10-03-23-05-50-24-122
13.97,3.39,666.00,17.52,10-03-23-05-50-24-151
14.21,2.96,666.00,17.69,10-03-23-05-50-24-187
14.35,2.68,666.00,17.76,10-03-23-05-50-24-223
14.44,2.49,666.00,17.80,10-03-23-05-50-24-251
14.48,2.39,666.00,17.80,10-03-23-05-50-24-286
14.49,2.36,666.00,17.76,10-03-23-05-50-24-320
14.45,2.44,666.00,17.65,10-03-23-05-50-24-352
14.40,2.60,666.00,17.52,10-03-23-05-50-24-387
14.29,3.01,666.00,17.28,10-03-23-05-50-24-419
14.19,3.42,666.00,17.04,10-03-23-05-50-24-452
14.07,3.88,666.00,16.81,10-03-23-05-50-24-487
13.96,4.34,666.00,16.58,10-03-23-05-50-24-530
13.85,4.49,666.00,16.45,10-03-23-05-50-24-550
13.75,4.58,666.00,16.34,10-03-23-05-50-24-586
14.42,3.48,666.00,17.19,10-03-23-05-50-24-617
14.90,2.85,666.00,17.74,10-03-23-05-50-24-650
15.10,2.69,666.00,17.93,10-03-23-05-50-24-686
15.16,2.76,666.00,17.96,10-03-23-05-50-24-719
15.11,3.05,666.00,17.89,10-03-23-05-50-24-751
14.97,3.40,666.00,17.73,10-03-23-05-50-24-786
14.50,3.61,666.00,17.12,10-03-23-05-50-24-828
13.97,4.29,666.00,16.43,10-03-23-05-50-24-850
13.41,6.13,666.00,15.61,10-03-23-05-50-24-887
12.87,7.69,666.00,14.91,10-03-23-05-50-24-918
12.35,9.78,666.00,14.32,10-03-23-05-50-24-951
11.57,11.19,666.00,13.90,10-03-23-05-50-24-985
10.82,12.82,666.00,13.98,10-03-23-05-50-25-018
10.06,14.31,666.00,13.73,10-03-23-05-50-25-051
9.69,14.66,666.00,13.76,10-03-23-05-50-25-085
16.96,7.29,666.00,18.36,10-03-23-05-50-25-117
19.92,6.23,666.00,21.18,10-03-23-05-50-25-151
20.66,6.45,666.00,22.12,10-03-23-05-50-25-185
20.86,6.95,666.00,22.44,10-03-23-05-50-25-219
20.80,7.15,666.00,22.58,10-03-23-05-50-25-253
20.51,7.40,666.00,22.28,10-03-23-05-50-25-286
19.27,9.42,666.00,20.36,10-03-23-05-50-25-321
18.38,10.28,666.00,19.24,10-03-23-05-50-25-353
17.53,11.19,666.00,18.57,10-03-23-05-50-25-384
16.82,11.87,666.00,17.95,10-03-23-05-50-25-419
16.09,12.74,666.00,17.26,10-03-23-05-50-25-454
15.45,13.28,666.00,17.09,10-03-23-05-50-25-487
14.80,13.80,666.00,17.18,10-03-23-05-50-25-520
14.30,14.22,666.00,17.41,10-03-23-05-50-25-552
13.89,14.79,666.00,17.56,10-03-23-05-50-25-590
13.49,15.71,666.00,17.38,10-03-23-05-50-25-618
13.18,16.62,666.00,17.19,10-03-23-05-50-25-652
13.01,17.12,666.00,17.00,10-03-23-05-50-25-686
13.09,16.15,666.00,17.31,10-03-23-05-50-25-718
13.24,14.93,666.00,17.77,10-03-23-05-50-25-752
13.46,13.75,666.00,18.16,10-03-23-05-50-25-785
13.73,12.67,666.00,18.55,10-03-23-05-50-25-816
13.97,11.92,666.00,18.75,10-03-23-05-50-25-851
14.14,11.53,666.00,19.16,10-03-23-05-50-25-890
14.37,11.64,666.00,19.39,10-03-23-05-50-25-918
15.11,12.84,666.00,19.10,10-03-23-05-50-25-951
15.76,13.63,666.00,18.89,10-03-23-05-50-25-986
16.18,14.42,666.00,18.64,10-03-23-05-50-26-020
16.33,14.29,666.00,18.65,10-03-23-05-50-26-053
16.46,14.02,666.00,17.21,10-03-23-05-50-26-085
17.01,14.53,666.00,15.65,10-03-23-05-50-26-118
17.06,14.72,666.00,14.94,10-03-23-05-50-26-162
16.95,14.39,666.00,15.19,10-03-23-05-50-26-191
