Timestamp,Kinect_LeftShoulder_Ext.-Flex.,Kinect_LeftShoulder_Abd.-Add.,Kinect_LeftShoulder_Int.-Ext.,Kinect_LeftElbow_Ext.-Flex.,Kinect_RightShoulder_Ext.-Flex.,Kinect_RightShoulder_Abd.-Add.,Kinect_RightShoulder_Int.-Ext.,Kinect_RightElbow_Ext.-Flex.,13.80,-8.74,15:17:48:060,666.00,6.07
23.81,-17.92,15:17:48:555,666.00,10.95
29.07,-14.44,15:17:48:742,148.66,49.89
24.99,-15.30,15:17:49:022,151.73,45.49
24.58,-18.05,15:17:49:210,153.03,47.02
24.51,-14.95,15:17:49:333,154.23,44.16
24.54,-13.18,15:17:49:448,156.30,44.10
24.66,-11.91,15:17:49:572,157.78,43.85
24.76,-11.54,15:17:49:702,158.83,43.40
24.50,-13.42,15:17:49:816,159.71,42.82
24.18,-12.85,15:17:49:933,159.89,44.11
23.80,-11.83,15:17:50:049,160.92,46.77
23.21,-9.89,15:17:50:188,164.95,48.30
20.43,-6.94,15:17:50:318,666.00,10.10
20.06,-8.34,15:17:50:444,666.00,9.75
20.97,-10.93,15:17:50:563,666.00,11.27
21.34,-10.71,15:17:50:679,666.00,8.85
19.43,-11.54,15:17:50:798,666.00,9.49
18.40,-15.21,15:17:50:924,666.00,11.58
16.68,-18.24,15:17:51:047,666.00,12.82
15.77,-20.27,15:17:51:166,666.00,11.76
16.74,-22.95,15:17:51:281,666.00,18.16
18.12,-24.65,15:17:51:397,172.19,50.24
19.61,-24.24,15:17:51:510,168.75,49.00
20.52,-22.73,15:17:51:621,170.86,45.32
22.47,-19.38,15:17:51:733,666.00,18.00
24.59,-18.57,15:17:51:848,666.00,15.15
25.74,-19.56,15:17:51:962,666.00,13.41
22.91,-27.83,15:17:52:083,666.00,16.96
19.67,-27.97,15:17:52:216,666.00,11.22
18.96,-22.10,15:17:52:337,666.00,20.11
20.30,-24.06,15:17:52:452,666.00,22.96
20.92,-22.70,15:17:52:569,666.00,20.42
20.85,-22.30,15:17:52:681,666.00,21.06
20.52,-21.53,15:17:52:803,666.00,19.45
19.76,-21.92,15:17:52:922,666.00,15.23
18.55,-21.24,15:17:53:043,666.00,14.12
18.57,-23.27,15:17:53:167,666.00,10.21
18.28,-23.42,15:17:53:285,666.00,10.78
18.35,-23.62,15:17:53:400,666.00,11.25
18.09,-23.81,15:17:53:515,666.00,8.91
18.10,-25.60,15:17:53:635,666.00,9.83
18.29,-24.67,15:17:53:748,666.00,6.33
18.41,-25.22,15:17:53:863,666.00,15.91
18.37,-24.59,15:17:53:980,666.00,15.78
18.41,-24.97,15:17:54:098,666.00,15.69
18.37,-25.45,15:17:54:215,666.00,15.72
18.17,-24.64,15:17:54:330,666.00,15.42
17.85,-24.10,15:17:54:441,666.00,12.01
18.15,-22.61,15:17:54:560,666.00,15.42
18.27,-19.09,15:17:54:675,666.00,12.44
18.59,-17.61,15:17:54:789,666.00,11.90
18.67,-15.56,15:17:54:930,666.00,14.96
19.04,-15.61,15:17:55:077,666.00,11.70
19.12,-16.35,15:17:55:210,666.00,12.03
18.76,-15.57,15:17:55:364,666.00,12.23
17.85,-23.94,15:17:55:514,666.00,13.03
17.68,-26.22,15:17:55:647,166.41,45.69
18.03,-25.66,15:17:55:771,165.76,45.55
18.03,-24.94,15:17:55:893,166.99,45.58
18.30,-26.04,15:17:56:014,166.64,45.34
18.56,-27.27,15:17:56:143,165.80,45.02
18.49,-27.79,15:17:56:314,165.66,45.79
18.79,-25.52,15:17:56:537,165.01,46.86
18.80,-24.31,15:17:56:685,164.21,47.32
18.97,-24.87,15:17:56:815,163.71,47.35
18.94,-24.81,15:17:56:953,163.70,47.41
18.70,-23.27,15:17:57:102,164.19,48.12
18.28,-21.98,15:17:57:234,165.09,48.54
18.21,-21.31,15:17:57:362,165.37,48.68
18.21,-18.74,15:17:58:489,165.06,48.22
18.65,-19.75,15:17:58:828,164.21,47.73
19.25,-23.56,15:17:59:082,163.59,45.98
19.35,-22.58,15:17:59:228,163.49,46.30
19.30,-22.16,15:17:59:357,163.69,46.55
19.16,-21.77,15:17:59:486,163.89,46.92
18.94,-21.22,15:17:59:618,163.93,47.35
18.78,-21.25,15:17:59:758,164.30,47.34
18.75,-21.11,15:17:59:886,164.33,47.50
18.78,-20.63,15:18:00:012,164.71,47.64
18.60,-20.66,15:18:00:151,164.89,47.65
18.45,-21.23,15:18:00:279,165.09,47.56
18.46,-22.32,15:18:00:402,165.11,47.69
18.30,-23.58,15:18:00:538,165.17,47.48
17.72,-21.16,15:18:00:978,166.49,48.58
17.91,-21.09,15:18:01:161,166.70,48.80
17.71,-22.20,15:18:01:324,167.25,49.21
17.75,-21.83,15:18:01:487,167.23,49.39
17.60,-22.17,15:18:01:624,167.06,49.17
17.49,-21.56,15:18:01:762,167.10,49.56
17.37,-22.08,15:18:01:888,167.39,49.56
17.38,-22.15,15:18:02:019,167.13,49.39
17.53,-22.01,15:18:02:146,167.22,49.74
17.71,-21.97,15:18:02:281,166.73,49.25
17.72,-21.84,15:18:02:420,166.81,49.09
17.95,-21.73,15:18:02:544,166.11,48.66
17.81,-21.87,15:18:02:667,166.52,48.75
17.79,-21.84,15:18:02:790,166.62,48.52
17.77,-21.17,15:18:02:912,166.49,48.64
17.64,-20.22,15:18:03:047,166.58,48.76
17.41,-19.82,15:18:03:194,166.80,48.54
18.46,-20.77,15:18:03:321,166.92,46.09
25.21,-10.44,15:18:03:449,163.01,54.07
27.18,-11.24,15:18:03:576,666.00,13.36
25.61,-13.17,15:18:03:709,666.00,13.87
17.71,-26.34,15:18:03:839,167.50,42.56
16.36,-23.28,15:18:03:967,170.17,45.73
16.94,-24.84,15:18:04:092,169.20,46.38
17.64,-26.43,15:18:04:216,167.26,45.72
17.44,-24.78,15:18:04:344,167.47,46.84
16.78,-23.24,15:18:04:487,168.61,48.20
16.61,-22.64,15:18:04:623,169.18,48.98
16.79,-23.03,15:18:04:755,169.66,48.62
17.48,-21.99,15:18:04:884,168.77,48.50
17.55,-21.42,15:18:05:003,169.52,48.75
17.67,-20.62,15:18:05:124,169.68,48.68
17.61,-20.86,15:18:05:252,666.00,10.00
18.00,-21.58,15:18:05:382,666.00,9.49
17.93,-21.33,15:18:05:506,666.00,9.35
17.97,-20.80,15:18:05:631,666.00,9.06
17.96,-21.01,15:18:05:768,666.00,8.41
17.96,-20.73,15:18:05:898,666.00,8.56
18.10,-20.58,15:18:06:027,666.00,2.65
21.44,-20.49,15:18:06:165,666.00,19.44
26.82,-16.94,15:18:06:304,666.00,15.13
32.59,-9.81,15:18:06:439,666.00,15.70
41.12,-6.42,15:18:06:571,666.00,20.90
50.31,-0.80,15:18:06:700,666.00,17.64
59.17,1.77,15:18:06:835,666.00,18.63
69.64,5.00,15:18:06:963,666.00,13.61
80.37,8.54,15:18:07:092,666.00,12.72
91.37,7.63,15:18:07:215,666.00,14.94
102.88,13.63,15:18:07:353,666.00,8.79
109.57,17.16,15:18:07:483,666.00,13.10
120.32,18.38,15:18:07:612,666.00,14.42
129.20,21.90,15:18:07:739,666.00,12.02
135.16,28.83,15:18:07:880,666.00,7.82
142.53,35.13,15:18:08:011,666.00,7.22
145.91,38.99,15:18:08:142,666.00,13.31
149.60,47.30,15:18:08:288,666.00,10.78
149.86,48.95,15:18:08:415,666.00,15.51
149.69,49.54,15:18:08:537,666.00,16.43
149.12,48.68,15:18:08:679,666.00,13.25
146.25,44.56,15:18:08:804,666.00,8.21
140.97,38.63,15:18:08:951,666.00,7.76
133.22,32.44,15:18:09:087,666.00,9.67
126.15,26.92,15:18:09:210,666.00,10.57
120.28,24.21,15:18:09:335,666.00,10.65
110.07,20.80,15:18:09:464,666.00,12.26
101.98,19.35,15:18:09:590,666.00,13.75
93.58,16.46,15:18:09:717,666.00,16.41
92.14,11.90,15:18:09:847,666.00,12.94
82.07,8.28,15:18:09:980,666.00,16.33
76.36,6.98,15:18:10:107,666.00,16.25
68.10,3.06,15:18:10:236,666.00,12.35
59.83,0.08,15:18:10:376,666.00,13.81
52.23,-2.08,15:18:10:507,666.00,9.52
43.19,-5.01,15:18:10:638,666.00,14.83
35.80,-8.31,15:18:10:768,666.00,14.92
29.57,-11.14,15:18:10:906,666.00,13.00
24.90,-14.52,15:18:11:043,666.00,9.60
20.96,-22.81,15:18:11:166,666.00,12.99
18.07,-19.39,15:18:11:286,666.00,13.16
17.33,-16.97,15:18:11:412,666.00,13.08
17.48,-19.90,15:18:11:540,666.00,13.96
19.18,-16.59,15:18:11:673,666.00,13.30
25.72,-12.32,15:18:11:816,666.00,15.42
34.14,-8.71,15:18:11:950,666.00,16.56
45.61,-4.65,15:18:12:086,666.00,18.14
55.35,-2.05,15:18:12:213,666.00,21.22
62.24,0.81,15:18:12:334,666.00,22.88
74.69,3.61,15:18:12:457,666.00,15.41
83.33,5.29,15:18:12:578,666.00,15.35
89.99,5.63,15:18:12:707,666.00,16.05
97.02,8.49,15:18:12:835,666.00,14.96
99.14,8.88,15:18:12:965,666.00,16.72
102.57,10.89,15:18:13:102,666.00,16.03
107.18,11.86,15:18:13:238,666.00,19.88
112.05,13.65,15:18:13:377,666.00,17.80
116.18,15.00,15:18:13:506,666.00,15.19
119.83,16.35,15:18:13:635,666.00,15.00
124.05,18.94,15:18:13:766,666.00,11.80
126.80,21.99,15:18:13:903,666.00,15.02
130.04,24.63,15:18:14:033,666.00,12.19
135.48,29.71,15:18:14:167,666.00,11.72
139.69,34.05,15:18:14:292,666.00,10.03
143.13,38.49,15:18:14:415,666.00,12.54
144.86,41.82,15:18:14:544,666.00,9.46
145.41,43.30,15:18:14:681,666.00,11.26
145.81,44.26,15:18:14:824,666.00,10.74
145.32,44.02,15:18:14:952,666.00,8.36
141.96,39.01,15:18:15:080,666.00,6.25
135.97,33.28,15:18:15:207,666.00,7.99
129.01,27.54,15:18:15:335,666.00,7.92
119.87,22.69,15:18:15:463,666.00,9.22
110.42,19.76,15:18:15:595,666.00,11.34
102.41,17.71,15:18:15:722,666.00,10.62
92.67,14.24,15:18:15:853,666.00,11.95
84.39,12.09,15:18:15:986,666.00,15.85
77.21,11.12,15:18:16:115,666.00,15.35
70.18,11.42,15:18:16:245,666.00,17.18
63.42,10.18,15:18:16:373,666.00,14.89
57.17,9.36,15:18:16:508,666.00,10.67
49.26,5.16,15:18:16:638,666.00,11.62
41.99,3.55,15:18:16:764,666.00,9.00
33.73,3.26,15:18:16:893,666.00,8.81
26.60,-2.87,15:18:17:017,666.00,11.71
22.66,-3.00,15:18:17:150,666.00,11.73
20.89,-4.13,15:18:17:286,666.00,11.79
20.45,-4.82,15:18:17:415,666.00,12.87
20.12,-4.23,15:18:17:549,666.00,13.53
20.67,-6.12,15:18:17:677,666.00,13.85
22.27,-3.32,15:18:17:808,666.00,15.11
26.31,-3.49,15:18:17:937,666.00,16.33
32.84,0.78,15:18:18:066,666.00,14.52
42.35,1.33,15:18:18:192,666.00,13.55
47.52,2.30,15:18:18:317,666.00,17.60
56.30,4.13,15:18:18:445,666.00,20.19
65.36,5.87,15:18:18:589,666.00,20.82
75.13,8.45,15:18:18:718,666.00,17.30
83.05,9.44,15:18:18:850,666.00,14.06
88.75,9.21,15:18:18:982,666.00,20.42
95.73,11.78,15:18:19:124,666.00,16.57
102.15,12.95,15:18:19:257,666.00,16.90
109.19,14.73,15:18:19:385,666.00,16.08
115.26,16.17,15:18:19:518,666.00,14.65
120.23,17.91,15:18:19:647,666.00,13.00
123.74,21.00,15:18:19:769,666.00,14.63
126.96,23.77,15:18:19:896,666.00,13.70
133.71,28.35,15:18:20:021,666.00,9.65
139.60,33.57,15:18:20:150,666.00,9.87
143.77,39.07,15:18:20:283,666.00,8.35
143.84,41.45,15:18:20:422,666.00,13.91
146.23,45.30,15:18:20:551,666.00,11.57
146.85,47.73,15:18:20:684,666.00,10.94
146.69,47.65,15:18:20:810,666.00,10.35
145.84,46.83,15:18:20:943,666.00,7.01
142.42,41.22,15:18:21:079,666.00,10.27
138.38,36.50,15:18:21:214,666.00,8.22
128.70,28.37,15:18:21:347,666.00,7.80
120.28,23.11,15:18:21:484,666.00,8.77
112.76,18.63,15:18:21:612,666.00,14.86
104.58,15.23,15:18:21:748,666.00,15.94
98.52,14.33,15:18:21:873,666.00,15.44
91.19,11.25,15:18:22:001,666.00,12.81
79.74,7.62,15:18:22:132,666.00,18.53
71.59,7.57,15:18:22:272,666.00,15.22
62.23,9.65,15:18:22:403,666.00,13.23
54.72,8.37,15:18:22:540,666.00,9.93
47.18,7.37,15:18:22:676,666.00,10.51
35.48,6.48,15:18:22:823,666.00,12.61
27.98,2.79,15:18:22:958,666.00,11.70
23.42,0.03,15:18:23:088,666.00,9.71
20.57,-3.35,15:18:23:216,666.00,10.56
19.91,-2.58,15:18:23:348,666.00,10.71
19.88,-0.79,15:18:23:481,666.00,11.07
20.34,0.88,15:18:23:616,666.00,10.48
21.24,-6.97,15:18:23:752,666.00,14.17
24.34,-6.56,15:18:23:880,666.00,16.21
32.70,-2.28,15:18:24:016,666.00,10.38
34.32,-1.70,15:18:24:140,666.00,16.99
42.61,2.33,15:18:24:274,666.00,16.11
48.93,6.00,15:18:24:411,666.00,19.81
57.12,9.04,15:18:24:538,666.00,20.89
66.69,8.80,15:18:24:674,666.00,24.61
76.26,11.40,15:18:24:802,666.00,18.62
84.18,10.64,15:18:24:934,666.00,19.32
93.24,10.96,15:18:25:064,666.00,19.13
101.88,12.66,15:18:25:194,666.00,16.23
110.52,14.31,15:18:25:317,666.00,17.06
116.15,15.91,15:18:25:452,666.00,18.38
122.62,19.35,15:18:25:584,666.00,13.56
126.42,23.22,15:18:25:719,666.00,19.18
133.50,27.44,15:18:25:845,666.00,7.60
136.55,29.15,15:18:25:976,666.00,11.21
142.51,33.39,15:18:26:102,666.00,7.66
146.44,37.20,15:18:26:229,666.00,7.72
147.30,39.98,15:18:26:364,666.00,11.83
148.18,42.31,15:18:26:489,666.00,11.15
146.33,42.80,15:18:26:616,666.00,12.77
146.78,42.92,15:18:26:764,666.00,12.27
146.84,42.16,15:18:26:894,666.00,11.64
144.90,39.35,15:18:27:024,666.00,11.09
142.50,35.67,15:18:27:166,666.00,9.14
138.85,31.75,15:18:27:310,666.00,9.73
132.21,26.58,15:18:27:449,666.00,10.45
127.86,23.64,15:18:27:577,666.00,8.67
121.70,19.12,15:18:27:701,666.00,9.86
116.70,15.50,15:18:27:827,666.00,13.56
110.54,13.43,15:18:27:957,666.00,14.20
105.66,12.84,15:18:28:085,666.00,9.71
99.26,12.10,15:18:28:213,666.00,12.48
90.54,9.35,15:18:28:348,666.00,16.37
88.13,9.56,15:18:28:478,666.00,13.08
82.83,7.59,15:18:28:607,666.00,10.00
75.70,6.90,15:18:28:733,666.00,15.83
68.61,7.72,15:18:28:861,666.00,17.43
61.27,6.50,15:18:28:994,666.00,16.35
57.47,5.37,15:18:29:119,666.00,10.79
52.50,4.21,15:18:29:247,666.00,13.28
46.99,-0.15,15:18:29:382,666.00,11.76
41.41,4.95,15:18:29:517,666.00,10.22
34.36,5.48,15:18:29:648,666.00,14.19
30.66,3.48,15:18:29:783,666.00,12.68
26.34,1.62,15:18:29:920,666.00,11.70
23.69,0.57,15:18:30:049,666.00,10.67
21.92,2.00,15:18:30:171,666.00,8.82
20.60,2.88,15:18:30:301,666.00,9.94
21.05,2.79,15:18:30:428,666.00,10.02
21.52,3.81,15:18:30:553,666.00,10.83
24.06,3.31,15:18:30:682,666.00,15.89
33.86,4.25,15:18:30:816,666.00,17.28
44.92,7.14,15:18:30:947,666.00,15.16
50.92,8.01,15:18:31:072,666.00,18.54
57.04,8.73,15:18:31:208,666.00,23.75
64.39,8.39,15:18:31:335,666.00,21.91
71.29,10.57,15:18:31:461,666.00,19.84
77.71,12.96,15:18:31:596,666.00,12.60
78.90,11.38,15:18:31:724,666.00,19.42
82.54,11.71,15:18:31:853,666.00,19.42
88.11,11.68,15:18:31:984,666.00,22.03
94.31,12.83,15:18:32:123,666.00,18.67
100.00,15.65,15:18:32:249,666.00,14.53
102.69,16.55,15:18:32:376,666.00,14.21
109.40,17.38,15:18:32:507,666.00,15.38
113.39,17.89,15:18:32:636,666.00,15.55
118.54,18.24,15:18:32:767,666.00,15.63
124.71,19.76,15:18:32:897,666.00,13.09
130.29,22.36,15:18:33:033,666.00,13.27
137.13,25.39,15:18:33:162,666.00,12.09
142.68,29.73,15:18:33:285,666.00,8.88
145.11,32.17,15:18:33:425,666.00,10.75
147.72,35.72,15:18:33:562,666.00,15.58
149.87,39.12,15:18:33:705,666.00,15.15
149.76,39.59,15:18:33:834,666.00,12.10
148.79,38.51,15:18:33:973,666.00,5.29
145.68,34.27,15:18:34:103,666.00,6.39
140.01,29.80,15:18:34:227,666.00,10.21
132.65,25.49,15:18:34:354,666.00,8.65
122.93,20.04,15:18:34:486,666.00,10.82
113.67,15.69,15:18:34:611,666.00,10.91
107.23,13.86,15:18:34:741,666.00,10.14
98.46,12.19,15:18:34:873,666.00,13.74
91.12,10.79,15:18:35:006,666.00,9.51
78.99,9.78,15:18:35:139,666.00,16.45
69.17,7.40,15:18:35:261,666.00,14.86
61.09,6.91,15:18:35:386,666.00,13.23
53.89,3.87,15:18:35:515,666.00,12.03
47.23,0.95,15:18:35:646,666.00,13.02
37.88,1.23,15:18:35:780,666.00,15.61
34.39,-0.68,15:18:35:909,666.00,9.30
26.55,-4.11,15:18:36:053,666.00,9.63
22.51,-3.51,15:18:36:192,666.00,12.56
22.46,-3.38,15:18:36:326,666.00,12.71
23.51,-2.89,15:18:36:452,666.00,14.39
24.45,-2.27,15:18:36:578,666.00,15.47
30.26,-4.68,15:18:36:715,666.00,17.71
35.93,0.29,15:18:36:836,666.00,18.76
48.32,2.16,15:18:36:969,666.00,16.22
60.42,5.96,15:18:37:101,666.00,20.00
75.64,9.64,15:18:37:227,666.00,18.90
88.33,10.41,15:18:37:348,666.00,20.98
97.95,14.07,15:18:37:469,666.00,16.95
110.15,14.72,15:18:37:612,666.00,14.03
119.72,16.43,15:18:37:750,666.00,14.42
122.16,18.59,15:18:37:878,666.00,17.07
129.11,21.73,15:18:38:003,666.00,15.54
136.59,23.01,15:18:38:139,666.00,12.61
141.87,27.56,15:18:38:269,666.00,9.19
144.62,30.76,15:18:38:395,666.00,14.04
146.13,33.66,15:18:38:534,666.00,15.18
146.20,34.43,15:18:38:662,666.00,15.15
145.90,34.67,15:18:38:788,666.00,13.70
143.54,33.99,15:18:38:913,666.00,11.72
139.64,30.99,15:18:39:042,666.00,11.18
133.72,26.69,15:18:39:174,666.00,10.50
126.07,23.07,15:18:39:299,666.00,12.61
118.43,20.25,15:18:39:435,666.00,14.44
111.22,17.46,15:18:39:558,666.00,16.20
103.72,16.70,15:18:39:688,666.00,14.74
96.51,16.94,15:18:39:816,666.00,16.69
91.34,12.24,15:18:39:947,666.00,9.32
84.24,10.62,15:18:40:068,666.00,15.48
76.72,8.26,15:18:40:190,666.00,14.84
65.38,6.45,15:18:40:316,666.00,10.44
56.99,6.97,15:18:40:439,666.00,14.21
47.03,5.15,15:18:40:560,666.00,13.76
35.76,3.79,15:18:40:694,666.00,16.00
28.26,4.05,15:18:40:822,666.00,16.67
25.97,1.02,15:18:40:950,666.00,13.76
23.33,1.99,15:18:41:077,666.00,13.60
22.22,1.69,15:18:41:198,666.00,13.38
22.26,2.35,15:18:41:321,666.00,14.06
21.44,11.46,15:18:41:454,666.00,15.30
23.46,6.76,15:18:41:581,666.00,15.25
30.87,-35.18,15:18:41:705,-30.13,45.49
35.22,6.69,15:18:41:828,666.00,13.39
43.30,7.56,15:18:41:960,666.00,15.43
51.52,10.48,15:18:42:096,666.00,17.89
59.76,12.86,15:18:42:224,666.00,22.27
69.20,12.43,15:18:42:353,666.00,24.08
78.18,13.34,15:18:42:485,666.00,20.36
89.48,14.19,15:18:42:617,666.00,21.42
99.28,16.24,15:18:42:745,666.00,17.10
107.21,16.75,15:18:42:885,666.00,13.55
111.88,18.02,15:18:43:017,666.00,17.28
119.18,19.96,15:18:43:144,666.00,14.21
124.07,22.01,15:18:43:271,666.00,12.19
129.44,24.83,15:18:43:398,666.00,13.34
134.37,27.48,15:18:43:524,666.00,11.78
138.75,30.30,15:18:43:651,666.00,11.96
142.20,32.80,15:18:43:780,666.00,12.10
143.87,35.94,15:18:43:916,666.00,9.46
145.65,37.94,15:18:44:050,666.00,9.52
145.62,38.39,15:18:44:181,666.00,8.94
143.73,37.20,15:18:44:317,666.00,7.20
136.40,30.64,15:18:44:451,666.00,9.12
128.94,25.73,15:18:44:577,666.00,8.18
121.50,21.07,15:18:44:710,666.00,10.75
111.52,19.36,15:18:44:841,666.00,13.25
102.67,16.70,15:18:44:966,666.00,12.46
92.54,14.18,15:18:45:094,666.00,16.36
83.13,12.91,15:18:45:226,666.00,16.63
74.27,11.46,15:18:45:348,666.00,16.22
64.71,10.83,15:18:45:472,666.00,11.00
54.60,9.24,15:18:45:615,666.00,16.40
47.88,6.81,15:18:45:746,666.00,13.19
44.45,4.74,15:18:45:868,666.00,12.00
36.14,2.35,15:18:45:995,666.00,17.17
32.72,2.32,15:18:46:118,666.00,11.11
23.36,-3.16,15:18:46:250,666.00,15.84
20.82,-5.81,15:18:46:381,666.00,13.91
19.47,-5.29,15:18:46:514,666.00,11.09
19.23,-4.58,15:18:46:642,666.00,10.46
19.12,-8.81,15:18:46:768,666.00,12.67
19.89,-3.73,15:18:46:905,666.00,11.52
20.17,-5.16,15:18:47:032,666.00,11.31
22.09,-5.60,15:18:47:165,666.00,15.28
30.06,-2.68,15:18:47:293,666.00,13.12
38.98,1.37,15:18:47:425,666.00,13.16
46.58,3.03,15:18:47:561,666.00,20.17
55.39,5.84,15:18:47:695,666.00,21.91
66.27,7.97,15:18:47:820,666.00,24.64
74.53,11.21,15:18:47:950,666.00,18.01
80.64,10.38,15:18:48:073,666.00,18.01
89.05,10.63,15:18:48:206,666.00,17.64
99.82,12.13,15:18:48:329,666.00,15.45
106.01,14.79,15:18:48:452,666.00,15.81
113.54,17.16,15:18:48:594,666.00,17.30
120.37,18.27,15:18:48:723,666.00,14.01
125.15,20.96,15:18:48:853,666.00,11.08
128.64,22.62,15:18:48:987,666.00,16.03
134.71,24.74,15:18:49:118,666.00,11.60
139.25,28.74,15:18:49:246,666.00,10.83
145.32,31.79,15:18:49:383,666.00,8.39
148.37,34.12,15:18:49:506,666.00,9.41
149.65,37.49,15:18:49:632,666.00,13.27
149.47,38.19,15:18:49:755,666.00,14.35
147.84,37.23,15:18:49:878,666.00,9.32
139.97,29.43,15:18:50:017,666.00,11.97
131.67,24.37,15:18:50:147,666.00,9.03
120.71,16.83,15:18:50:271,666.00,15.77
109.59,12.07,15:18:50:402,666.00,15.19
96.76,10.28,15:18:50:529,666.00,14.94
84.22,6.34,15:18:50:665,666.00,16.97
74.08,5.83,15:18:50:796,666.00,11.64
59.31,5.07,15:18:50:935,666.00,19.10
55.14,0.91,15:18:51:064,666.00,13.18
48.02,-0.57,15:18:51:195,666.00,15.64
37.76,-4.20,15:18:51:325,666.00,15.10
28.02,-6.19,15:18:51:456,666.00,18.24
24.25,-14.62,15:18:51:596,666.00,12.76
20.79,-13.65,15:18:51:720,666.00,12.23
20.75,-16.80,15:18:51:861,666.00,14.97
22.34,-7.58,15:18:51:997,666.00,14.45
23.15,-6.90,15:18:52:144,666.00,13.44
22.53,-6.50,15:18:52:271,666.00,14.87
26.09,-18.48,15:18:52:397,666.00,26.79
36.86,3.32,15:18:52:524,666.00,15.23
49.76,4.73,15:18:52:659,666.00,24.26
63.86,11.52,15:18:52:793,666.00,23.37
76.84,14.78,15:18:52:932,666.00,20.39
90.48,15.17,15:18:53:066,666.00,17.03
103.94,18.73,15:18:53:191,666.00,11.76
112.44,19.24,15:18:53:318,666.00,16.33
119.86,21.02,15:18:53:449,666.00,13.05
123.54,21.54,15:18:53:585,666.00,13.50
131.64,24.80,15:18:53:719,666.00,11.87
138.15,28.33,15:18:53:857,666.00,8.03
143.71,32.68,15:18:53:983,666.00,8.92
146.26,34.59,15:18:54:122,666.00,11.78
148.13,37.74,15:18:54:252,666.00,14.67
148.06,37.69,15:18:54:385,666.00,12.73
145.85,36.25,15:18:54:510,666.00,5.86
143.56,34.00,15:18:54:647,666.00,6.61
137.86,30.19,15:18:54:790,666.00,8.09
130.63,26.29,15:18:54:915,666.00,12.49
123.42,23.10,15:18:55:058,666.00,13.87
112.47,19.38,15:18:55:204,666.00,15.83
99.99,18.57,15:18:55:355,666.00,12.86
89.52,17.22,15:18:55:504,666.00,11.84
75.75,12.43,15:18:55:668,666.00,18.99
64.81,11.13,15:18:55:802,666.00,16.61
55.81,9.70,15:18:55:948,666.00,14.08
44.96,7.61,15:18:56:093,666.00,11.01
32.75,6.59,15:18:56:230,666.00,14.35
23.69,-1.74,15:18:56:369,666.00,15.17
18.57,-2.50,15:18:56:520,666.00,9.80
17.69,-4.71,15:18:56:660,666.00,10.20
18.37,-2.95,15:18:56:804,666.00,10.03
18.95,-2.15,15:18:56:945,666.00,9.64
19.47,-1.58,15:18:57:097,666.00,9.63
21.37,-2.28,15:18:57:242,666.00,12.96
29.83,0.13,15:18:57:406,666.00,16.23
42.08,3.66,15:18:57:554,666.00,15.60
49.17,6.76,15:18:57:699,666.00,22.29
59.45,7.55,15:18:57:841,666.00,19.99
69.97,8.84,15:18:57:969,666.00,18.67
75.83,10.45,15:18:58:103,666.00,22.22
87.93,12.06,15:18:58:243,666.00,17.36
100.61,15.66,15:18:58:379,666.00,12.91
106.64,15.85,15:18:58:502,666.00,14.85
113.16,17.80,15:18:58:637,666.00,17.48
120.73,19.88,15:18:58:763,666.00,13.11
124.60,20.22,15:18:58:895,666.00,15.87
129.23,23.97,15:18:59:018,666.00,12.78
133.34,26.83,15:18:59:146,666.00,11.82
138.23,30.79,15:18:59:281,666.00,10.57
140.92,32.24,15:18:59:403,666.00,10.88
142.87,32.85,15:18:59:540,666.00,10.84
143.65,32.44,15:18:59:662,666.00,11.76
143.69,32.19,15:18:59:785,666.00,11.84
142.25,30.36,15:18:59:914,666.00,8.79
138.57,27.32,15:19:00:052,666.00,6.37
131.71,24.20,15:19:00:186,666.00,9.00
125.93,21.08,15:19:00:329,666.00,6.37
119.98,17.47,15:19:00:471,666.00,10.98
113.47,12.19,15:19:00:604,666.00,15.93
109.98,13.00,15:19:00:737,666.00,8.10
105.07,12.57,15:19:00:865,666.00,11.00
97.08,11.11,15:19:00:992,666.00,14.05
91.17,10.35,15:19:01:120,666.00,12.32
83.82,10.11,15:19:01:249,666.00,15.07
75.46,10.44,15:19:01:388,666.00,17.79
68.20,10.10,15:19:01:516,666.00,19.25
58.36,7.76,15:19:01:649,666.00,17.43
54.06,8.95,15:19:01:786,666.00,13.51
47.68,5.55,15:19:01:915,666.00,13.53
42.71,5.86,15:19:02:043,666.00,10.74
34.17,5.62,15:19:02:173,666.00,12.85
25.07,-19.95,15:19:02:298,666.00,29.77
22.77,-4.64,15:19:02:427,666.00,11.06
21.55,-4.36,15:19:02:564,666.00,8.34
21.51,-5.09,15:19:02:705,666.00,9.45
22.92,-4.91,15:19:02:835,666.00,13.38
30.66,-2.90,15:19:02:967,666.00,11.97
38.57,0.32,15:19:03:108,666.00,12.22
46.79,1.96,15:19:03:236,666.00,18.73
55.94,5.43,15:19:03:356,666.00,22.74
71.03,6.18,15:19:03:485,666.00,17.24
75.73,8.70,15:19:03:611,666.00,19.02
83.49,8.49,15:19:03:738,666.00,18.12
91.70,9.44,15:19:03:869,666.00,17.52
98.86,12.49,15:19:03:995,666.00,16.46
105.32,14.03,15:19:04:119,666.00,16.45
111.46,16.04,15:19:04:249,666.00,17.19
115.23,16.57,15:19:04:371,666.00,17.33
120.07,18.79,15:19:04:507,666.00,13.72
121.82,19.86,15:19:04:647,666.00,14.73
127.88,22.94,15:19:04:781,666.00,12.39
134.28,25.87,15:19:04:909,666.00,10.00
139.53,29.37,15:19:05:049,666.00,9.99
143.22,32.94,15:19:05:195,666.00,10.22
144.85,35.41,15:19:05:329,666.00,10.23
144.26,34.62,15:19:05:455,666.00,11.43
143.69,34.15,15:19:05:582,666.00,11.05
141.81,32.59,15:19:05:716,666.00,9.93
137.17,30.05,15:19:05:848,666.00,10.75
132.83,26.17,15:19:05:979,666.00,10.92
126.24,22.93,15:19:06:119,666.00,11.71
118.07,19.40,15:19:06:249,666.00,12.54
110.71,17.28,15:19:06:380,666.00,12.70
105.82,16.38,15:19:06:504,666.00,14.24
100.83,16.18,15:19:06:631,666.00,11.78
94.57,15.73,15:19:06:769,666.00,12.03
87.47,16.10,15:19:06:891,666.00,13.57
81.51,15.24,15:19:07:020,666.00,16.23
75.40,15.05,15:19:07:155,666.00,17.22
70.92,16.11,15:19:07:290,666.00,17.07
60.68,13.69,15:19:07:426,666.00,20.31
56.67,13.97,15:19:07:562,666.00,13.24
50.92,11.66,15:19:07:692,666.00,14.50
43.69,13.47,15:19:07:816,666.00,13.15
35.36,9.35,15:19:07:946,666.00,12.96
28.65,6.57,15:19:08:085,666.00,14.56
24.78,2.02,15:19:08:218,666.00,11.05
19.02,0.58,15:19:08:349,666.00,9.42
15.74,-1.00,15:19:08:473,666.00,9.69
14.66,0.08,15:19:08:609,666.00,10.72
15.36,3.55,15:19:08:753,666.00,12.24
16.39,3.15,15:19:08:885,666.00,11.49
18.61,0.21,15:19:09:014,666.00,12.38
28.56,-0.38,15:19:09:148,666.00,13.99
38.09,4.24,15:19:09:273,666.00,15.57
46.93,8.88,15:19:09:400,666.00,20.95
60.41,10.90,15:19:09:522,666.00,20.00
69.67,12.60,15:19:09:651,666.00,19.73
80.51,14.23,15:19:09:784,666.00,18.84
90.00,13.99,15:19:09:915,666.00,18.80
104.48,16.80,15:19:10:052,666.00,11.63
113.98,18.08,15:19:10:178,666.00,13.86
117.58,17.41,15:19:10:306,666.00,13.68
123.32,19.35,15:19:10:437,666.00,10.27
125.08,21.35,15:19:10:570,666.00,15.95
134.45,23.88,15:19:10:717,666.00,10.71
140.77,26.71,15:19:10:855,666.00,13.18
146.27,32.19,15:19:10:988,666.00,10.02
148.37,37.97,15:19:11:119,666.00,13.19
149.11,40.67,15:19:11:248,666.00,11.44
148.51,40.65,15:19:11:386,666.00,9.16
144.60,36.73,15:19:11:517,666.00,7.27
137.19,29.53,15:19:11:650,666.00,11.81
129.75,25.70,15:19:11:781,666.00,10.88
121.53,21.18,15:19:11:917,666.00,8.00
109.75,13.95,15:19:12:049,666.00,18.38
104.57,13.53,15:19:12:173,666.00,16.92
96.57,12.94,15:19:12:303,666.00,17.62
90.88,14.00,15:19:12:446,666.00,11.98
82.00,12.43,15:19:12:582,666.00,15.08
75.11,11.27,15:19:12:714,666.00,15.44
68.84,10.79,15:19:12:842,666.00,11.35
58.33,11.18,15:19:12:979,666.00,14.84
51.48,7.48,15:19:13:116,666.00,13.29
46.33,8.17,15:19:13:243,666.00,12.22
42.55,6.88,15:19:13:372,666.00,10.64
33.03,6.86,15:19:13:500,666.00,14.96
25.41,4.82,15:19:13:633,666.00,16.76
23.70,6.38,15:19:13:757,666.00,8.98
20.23,2.85,15:19:13:888,666.00,8.24
18.22,4.63,15:19:14:018,666.00,8.79
18.61,7.03,15:19:14:149,666.00,9.26
19.51,4.13,15:19:14:281,666.00,8.74
19.79,4.03,15:19:14:411,666.00,8.54
19.79,3.68,15:19:14:536,666.00,8.49
21.53,5.84,15:19:14:663,666.00,9.28
25.45,5.21,15:19:14:792,666.00,10.42
32.22,7.02,15:19:14:920,666.00,14.85
42.69,7.97,15:19:15:054,666.00,14.88
50.18,8.38,15:19:15:179,666.00,18.50
55.79,10.66,15:19:15:303,666.00,22.28
65.64,11.06,15:19:15:431,666.00,19.42
75.76,12.40,15:19:15:551,666.00,18.21
81.01,11.50,15:19:15:672,666.00,18.59
91.33,11.77,15:19:15:800,666.00,16.26
98.89,14.14,15:19:15:932,666.00,12.45
105.10,16.51,15:19:16:058,666.00,12.18
111.56,16.89,15:19:16:197,666.00,14.63
117.69,18.03,15:19:16:326,666.00,15.43
122.24,19.84,15:19:16:452,666.00,13.04
127.06,23.07,15:19:16:585,666.00,13.36
135.15,27.87,15:19:16:717,666.00,8.77
140.15,32.08,15:19:16:840,666.00,8.95
143.15,35.95,15:19:16:975,666.00,9.63
145.85,39.07,15:19:17:116,666.00,9.60
146.10,40.47,15:19:17:248,666.00,9.51
145.25,39.76,15:19:17:379,666.00,8.09
143.81,38.53,15:19:17:511,666.00,6.71
140.28,34.81,15:19:17:640,666.00,9.29
135.42,30.00,15:19:17:764,666.00,7.52
127.92,25.18,15:19:17:904,666.00,7.30
118.56,20.39,15:19:18:039,666.00,11.80
110.49,18.25,15:19:18:167,666.00,11.33
103.17,16.30,15:19:18:291,666.00,11.36
92.55,12.85,15:19:18:427,666.00,15.65
85.27,11.51,15:19:18:553,666.00,14.69
75.92,9.15,15:19:18:682,666.00,17.62
70.07,5.85,15:19:18:816,666.00,13.08
59.03,5.15,15:19:18:946,666.00,17.35
56.20,1.86,15:19:19:081,666.00,13.09
49.42,-0.23,15:19:19:205,666.00,9.84
44.03,0.39,15:19:19:334,666.00,12.30
34.13,-0.83,15:19:19:456,666.00,18.64
30.74,2.72,15:19:19:579,666.00,15.82
26.11,-25.36,15:19:19:705,666.00,19.73
22.73,-1.87,15:19:19:829,666.00,8.79
18.65,-3.72,15:19:19:957,666.00,10.06
17.49,-3.92,15:19:20:084,666.00,10.39
18.66,0.70,15:19:20:218,666.00,9.14
19.24,0.01,15:19:20:349,666.00,9.34
20.42,0.48,15:19:20:477,666.00,8.61
22.43,0.77,15:19:20:605,666.00,9.74
26.71,1.81,15:19:20:732,666.00,12.10
33.57,3.24,15:19:20:858,666.00,13.27
42.44,4.70,15:19:20:985,666.00,13.20
48.15,5.25,15:19:21:113,666.00,17.90
53.45,7.24,15:19:21:236,666.00,20.22
59.64,8.11,15:19:21:365,666.00,19.72
66.69,8.97,15:19:21:486,666.00,22.71
75.45,11.98,15:19:21:615,666.00,15.01
80.50,11.31,15:19:21:750,666.00,17.67
86.99,12.05,15:19:21:885,666.00,19.96
95.39,14.24,15:19:22:012,666.00,18.31
101.11,15.11,15:19:22:140,666.00,14.86
107.89,16.73,15:19:22:270,666.00,12.13
111.62,17.23,15:19:22:402,666.00,13.24
115.38,17.92,15:19:22:525,666.00,14.51
118.09,18.33,15:19:22:655,666.00,14.27
122.08,19.54,15:19:22:785,666.00,11.56
125.33,20.68,15:19:22:915,666.00,12.97
130.05,24.22,15:19:23:051,666.00,9.49
135.35,26.57,15:19:23:186,666.00,7.61
139.80,29.38,15:19:23:319,666.00,7.82
141.68,31.09,15:19:23:458,666.00,7.77
143.53,31.99,15:19:23:585,666.00,8.86
144.69,33.67,15:19:23:716,666.00,7.87
144.98,34.32,15:19:23:845,666.00,7.44
145.00,34.49,15:19:23:974,666.00,7.41
144.88,34.27,15:19:24:102,666.00,7.52
142.74,31.47,15:19:24:229,666.00,7.40
136.14,24.63,15:19:24:354,666.00,8.16
128.98,20.41,15:19:24:490,666.00,8.50
120.51,16.53,15:19:24:614,666.00,10.93
115.33,14.60,15:19:24:734,666.00,14.07
110.61,15.30,15:19:24:873,666.00,11.93
106.50,14.39,15:19:25:003,666.00,12.59
102.84,14.22,15:19:25:133,666.00,11.65
96.09,13.10,15:19:25:265,666.00,16.14
91.39,12.52,15:19:25:400,666.00,14.52
86.35,12.66,15:19:25:524,666.00,14.29
80.01,11.55,15:19:25:651,666.00,18.00
76.04,12.06,15:19:25:779,666.00,15.05
70.70,10.60,15:19:25:912,666.00,18.47
62.51,7.86,15:19:26:040,666.00,18.47
55.49,8.17,15:19:26:169,666.00,12.90
46.98,7.74,15:19:26:296,666.00,14.20
35.59,7.04,15:19:26:436,666.00,12.95
26.80,5.78,15:19:26:566,666.00,14.46
22.00,6.30,15:19:26:694,666.00,11.59
20.90,7.11,15:19:26:828,666.00,9.95
19.57,11.17,15:19:26:954,666.00,11.17
19.92,11.64,15:19:27:086,666.00,10.70
20.10,10.31,15:19:27:218,666.00,10.35
20.34,10.36,15:19:27:352,666.00,10.18
23.63,6.61,15:19:27:481,666.00,14.75
32.84,6.63,15:19:27:610,666.00,16.26
41.57,8.97,15:19:27:737,666.00,15.78
51.61,10.12,15:19:27:862,666.00,17.38
61.85,10.74,15:19:27:994,666.00,20.89
70.61,12.73,15:19:28:126,666.00,19.44
78.76,13.65,15:19:28:253,666.00,21.82
88.21,14.85,15:19:28:384,666.00,20.82
96.82,15.78,15:19:28:512,666.00,16.90
104.21,15.79,15:19:28:635,666.00,14.23
110.10,17.69,15:19:28:765,666.00,14.70
113.22,18.40,15:19:28:894,666.00,16.25
116.95,18.87,15:19:29:029,666.00,15.42
120.67,20.32,15:19:29:162,666.00,13.38
124.03,21.75,15:19:29:285,666.00,10.39
127.28,23.20,15:19:29:412,666.00,12.97
127.53,24.40,15:19:29:545,666.00,12.11
132.12,26.76,15:19:29:676,666.00,8.89
137.01,29.19,15:19:29:802,666.00,7.45
139.76,32.30,15:19:29:937,666.00,9.10
141.70,34.70,15:19:30:070,666.00,9.88
143.07,36.15,15:19:30:198,666.00,8.58
141.80,34.47,15:19:30:327,666.00,10.17
141.81,34.55,15:19:30:451,666.00,8.78
141.18,34.08,15:19:30:582,666.00,8.10
139.03,32.92,15:19:30:711,666.00,8.30
136.85,31.86,15:19:30:842,666.00,8.96
132.18,27.41,15:19:30:972,666.00,11.44
127.42,24.00,15:19:31:100,666.00,10.16
121.60,20.02,15:19:31:229,666.00,9.79
113.17,16.22,15:19:31:359,666.00,12.96
105.70,13.79,15:19:31:485,666.00,10.27
96.06,11.74,15:19:31:613,666.00,15.32
87.77,10.53,15:19:31:751,666.00,17.36
83.12,9.70,15:19:31:879,666.00,14.21
75.15,8.14,15:19:32:012,666.00,17.15
70.18,7.37,15:19:32:143,666.00,18.27
61.02,7.15,15:19:32:279,666.00,17.50
56.52,6.63,15:19:32:405,666.00,12.99
49.33,2.65,15:19:32:540,666.00,15.58
43.33,4.60,15:19:32:675,666.00,13.01
31.66,-28.09,15:19:32:811,-43.39,48.46
30.94,2.64,15:19:32:941,666.00,14.83
27.39,5.26,15:19:33:071,666.00,12.38
22.46,5.52,15:19:33:210,666.00,12.51
22.19,6.65,15:19:33:343,666.00,9.37
19.35,11.43,15:19:33:467,666.00,12.07
20.57,10.49,15:19:33:596,666.00,11.08
20.74,38.02,15:19:33:728,666.00,16.32
21.67,33.11,15:19:33:856,666.00,14.08
22.91,29.20,15:19:33:980,666.00,13.07
23.79,23.90,15:19:34:111,666.00,14.21
28.54,16.36,15:19:34:241,666.00,13.64
39.54,12.71,15:19:34:365,666.00,6.00
45.61,12.15,15:19:34:493,666.00,14.68
53.95,13.79,15:19:34:624,666.00,18.29
62.14,15.08,15:19:34:752,666.00,20.88
76.45,16.99,15:19:34:883,666.00,13.52
79.84,17.18,15:19:35:005,666.00,18.46
86.79,15.38,15:19:35:143,666.00,23.00
95.43,16.35,15:19:35:268,666.00,18.07
101.96,18.14,15:19:35:402,666.00,15.57
108.76,20.60,15:19:35:527,666.00,13.11
112.01,19.76,15:19:35:648,666.00,17.67
115.83,19.81,15:19:35:774,666.00,15.62
120.90,20.37,15:19:35:911,666.00,13.17
125.30,22.63,15:19:36:043,666.00,11.76
125.79,24.71,15:19:36:170,666.00,14.81
132.18,27.54,15:19:36:300,666.00,11.13
138.12,32.08,15:19:36:433,666.00,8.03
140.93,34.20,15:19:36:559,666.00,10.39
142.60,34.96,15:19:36:683,666.00,8.99
142.56,34.51,15:19:36:819,666.00,8.38
141.80,33.95,15:19:36:949,666.00,8.16
140.52,33.69,15:19:37:085,666.00,7.06
139.61,33.32,15:19:37:209,666.00,8.33
139.08,33.60,15:19:37:332,666.00,8.33
136.80,31.28,15:19:37:463,666.00,9.72
132.92,27.65,15:19:37:588,666.00,6.54
124.54,22.80,15:19:37:717,666.00,10.05
116.64,19.77,15:19:37:847,666.00,14.56
110.06,18.74,15:19:37:982,666.00,9.17
102.72,16.84,15:19:38:114,666.00,12.93
93.94,15.70,15:19:38:254,666.00,14.98
85.08,14.92,15:19:38:382,666.00,13.51
78.07,15.31,15:19:38:513,666.00,18.14
74.73,15.00,15:19:38:639,666.00,13.24
62.54,14.77,15:19:38:766,666.00,19.76
58.56,12.70,15:19:38:886,666.00,16.31
53.10,11.60,15:19:39:029,666.00,16.22
47.04,9.10,15:19:39:160,666.00,14.08
40.28,12.04,15:19:39:285,666.00,10.47
31.12,14.67,15:19:39:413,666.00,19.09
30.07,9.44,15:19:39:536,666.00,13.74
25.45,9.92,15:19:39:669,666.00,12.66
22.16,12.77,15:19:39:800,666.00,9.26
18.28,15.82,15:19:39:937,666.00,10.69
16.81,16.62,15:19:40:071,666.00,11.48
16.23,9.12,15:19:40:199,666.00,10.90
16.62,5.26,15:19:40:322,666.00,9.61
17.40,3.49,15:19:40:454,666.00,8.90
18.31,3.76,15:19:40:582,666.00,8.10
18.89,4.74,15:19:40:704,666.00,8.67
20.43,7.77,15:19:40:830,666.00,8.17
21.62,7.80,15:19:40:960,666.00,7.91
24.41,6.98,15:19:41:092,666.00,10.25
31.70,9.47,15:19:41:216,666.00,14.06
42.16,6.93,15:19:41:352,666.00,13.83
49.79,6.30,15:19:41:480,666.00,16.84
56.33,7.77,15:19:41:621,666.00,20.14
63.64,9.25,15:19:41:758,666.00,21.98
69.50,11.30,15:19:41:887,666.00,18.60
77.04,13.28,15:19:42:014,666.00,15.04
80.03,12.15,15:19:42:154,666.00,21.99
84.92,11.41,15:19:42:283,666.00,22.01
88.77,12.58,15:19:42:418,666.00,20.90
94.82,14.98,15:19:42:546,666.00,17.10
99.20,16.33,15:19:42:678,666.00,14.62
103.18,17.96,15:19:42:807,666.00,15.15
109.63,18.96,15:19:42:935,666.00,12.17
113.14,19.71,15:19:43:057,666.00,16.01
116.41,20.25,15:19:43:181,666.00,16.14
117.79,20.56,15:19:43:307,666.00,17.17
121.97,22.65,15:19:43:435,666.00,12.20
124.71,23.72,15:19:43:573,666.00,14.89
127.51,24.91,15:19:43:707,666.00,13.75
135.57,28.64,15:19:43:839,666.00,9.99
140.53,33.06,15:19:43:968,666.00,8.02
140.33,33.20,15:19:44:107,666.00,6.88
138.86,33.43,15:19:44:229,666.00,6.37
135.49,29.61,15:19:44:353,666.00,10.20
133.05,26.70,15:19:44:478,666.00,8.49
129.57,23.76,15:19:44:607,666.00,9.64
124.38,19.27,15:19:44:734,666.00,8.40
114.58,13.71,15:19:44:865,666.00,10.41
106.48,12.48,15:19:44:985,666.00,9.24
96.36,10.86,15:19:45:116,666.00,13.85
85.95,7.58,15:19:45:251,666.00,16.28
79.78,6.92,15:19:45:379,666.00,17.67
75.22,8.14,15:19:45:514,666.00,16.00
66.14,7.58,15:19:45:649,666.00,13.75
57.87,2.74,15:19:45:777,666.00,15.90
51.74,4.89,15:19:45:907,666.00,13.33
43.33,1.68,15:19:46:034,666.00,11.33
35.68,-39.59,15:19:46:160,-43.89,53.67
29.40,3.83,15:19:46:294,666.00,13.52
25.42,-6.32,15:19:46:419,666.00,13.32
22.97,-4.72,15:19:46:552,666.00,8.96
20.20,-3.80,15:19:46:683,666.00,10.83
19.79,-1.04,15:19:46:816,666.00,10.23
19.89,-1.45,15:19:46:947,666.00,10.21
20.20,-1.02,15:19:47:076,666.00,9.60
19.96,-1.68,15:19:47:206,666.00,9.68
19.48,-0.91,15:19:47:336,666.00,9.94
20.51,-0.01,15:19:47:465,666.00,9.32
21.90,0.14,15:19:47:589,666.00,12.55
27.14,4.72,15:19:47:719,666.00,14.32
34.07,14.53,15:19:47:848,666.00,14.20
42.00,8.35,15:19:47:981,666.00,15.68
49.31,9.87,15:19:48:117,666.00,20.79
58.38,11.00,15:19:48:246,666.00,22.73
64.65,11.99,15:19:48:376,666.00,21.02
76.11,14.62,15:19:48:512,666.00,23.34
83.35,13.86,15:19:48:639,666.00,21.10
89.66,14.07,15:19:48:767,666.00,20.54
98.74,15.20,15:19:48:895,666.00,14.63
105.09,15.87,15:19:49:025,666.00,12.73
109.42,15.81,15:19:49:164,666.00,13.68
113.50,15.51,15:19:49:296,666.00,17.54
118.36,16.42,15:19:49:428,666.00,16.29
123.74,19.18,15:19:49:560,666.00,12.30
127.39,21.24,15:19:49:707,666.00,14.48
132.33,24.98,15:19:49:844,666.00,11.12
136.02,25.67,15:19:49:970,666.00,12.05
139.12,29.71,15:19:50:104,666.00,10.38
140.02,30.73,15:19:50:236,666.00,10.77
140.21,30.45,15:19:50:363,666.00,11.02
140.06,30.63,15:19:50:505,666.00,9.95
138.70,29.39,15:19:50:636,666.00,10.95
137.42,28.18,15:19:50:767,666.00,9.71
136.17,26.69,15:19:50:905,666.00,10.96
134.21,24.36,15:19:51:031,666.00,10.39
129.05,20.77,15:19:51:156,666.00,10.77
120.56,15.16,15:19:51:292,666.00,12.89
113.51,12.66,15:19:51:425,666.00,15.77
107.07,12.45,15:19:51:555,666.00,15.88
103.25,14.96,15:19:51:681,666.00,11.28
96.21,13.44,15:19:51:816,666.00,15.67
92.93,12.41,15:19:51:949,666.00,11.33
86.32,8.07,15:19:52:082,666.00,18.06
83.81,9.99,15:19:52:203,666.00,15.19
77.42,7.58,15:19:52:329,666.00,19.98
75.44,9.52,15:19:52:454,666.00,13.61
69.25,7.49,15:19:52:587,666.00,18.37
60.85,7.56,15:19:52:718,666.00,22.06
55.91,-1.09,15:19:52:854,666.00,20.57
51.06,7.30,15:19:52:984,666.00,16.30
43.40,6.38,15:19:53:115,666.00,13.67
37.22,6.10,15:19:53:246,666.00,15.64
32.86,-29.83,15:19:53:371,-37.09,43.92
29.51,-1.06,15:19:53:503,666.00,10.41
24.98,-3.51,15:19:53:642,666.00,4.96
21.18,-6.41,15:19:53:768,666.00,8.18
20.01,-6.64,15:19:53:897,666.00,6.91
20.13,-11.03,15:19:54:026,666.00,6.68
21.00,-14.79,15:19:54:150,666.00,6.69
21.53,-13.26,15:19:54:287,666.00,6.62
21.77,-6.22,15:19:54:417,666.00,6.71
22.15,-1.79,15:19:54:550,666.00,6.47
21.27,-0.87,15:19:54:686,666.00,6.63
20.55,-1.01,15:19:54:811,666.00,7.24
22.26,-3.87,15:19:54:947,666.00,11.37
30.48,1.35,15:19:55:084,666.00,17.19
42.41,5.80,15:19:55:221,666.00,12.36
51.98,7.56,15:19:55:349,666.00,18.42
62.72,10.41,15:19:55:479,666.00,23.54
75.12,14.57,15:19:55:614,666.00,14.37
79.02,14.41,15:19:55:738,666.00,18.49
87.19,15.02,15:19:55:865,666.00,19.69
94.72,16.40,15:19:55:998,666.00,18.46
100.05,17.48,15:19:56:128,666.00,16.33
104.85,18.11,15:19:56:259,666.00,15.75
110.39,19.24,15:19:56:388,666.00,15.68
114.15,19.60,15:19:56:518,666.00,16.55
118.52,19.76,15:19:56:653,666.00,14.26
119.81,20.38,15:19:56:782,666.00,14.80
121.77,20.85,15:19:56:912,666.00,14.61
123.76,21.60,15:19:57:036,666.00,14.08
126.54,22.67,15:19:57:166,666.00,15.52
132.10,24.11,15:19:57:317,666.00,12.96
135.75,24.89,15:19:57:453,666.00,11.95
138.11,27.26,15:19:57:585,666.00,11.16
139.67,30.07,15:19:57:726,666.00,8.03
139.55,30.10,15:19:57:872,666.00,6.94
138.85,28.36,15:19:57:999,666.00,7.94
138.16,27.16,15:19:58:123,666.00,8.55
137.56,26.48,15:19:58:253,666.00,7.73
131.28,24.07,15:19:58:395,666.00,10.23
122.34,19.54,15:19:58:522,666.00,10.20
114.05,17.38,15:19:58:660,666.00,8.92
105.77,16.52,15:19:58:802,666.00,11.15
96.82,15.14,15:19:58:932,666.00,15.61
87.88,14.11,15:19:59:077,666.00,15.38
77.22,13.54,15:19:59:216,666.00,18.32
70.18,11.13,15:19:59:366,666.00,15.25
60.29,10.21,15:19:59:503,666.00,18.12
53.76,6.08,15:19:59:628,666.00,18.15
47.32,6.28,15:19:59:754,666.00,14.75
42.39,4.52,15:19:59:880,666.00,13.56
32.72,2.83,15:20:00:023,666.00,17.40
27.75,-2.17,15:20:00:158,666.00,11.92
20.61,-1.50,15:20:00:286,666.00,6.99
16.21,-5.87,15:20:00:434,666.00,11.05
16.15,-4.27,15:20:00:572,666.00,10.88
17.47,-3.25,15:20:00:717,666.00,10.66
17.54,-0.55,15:20:00:853,666.00,10.50
17.34,-6.61,15:20:01:005,666.00,11.92
17.66,-3.64,15:20:01:158,666.00,11.45
19.75,1.67,15:20:01:302,666.00,10.45
24.93,1.62,15:20:01:466,666.00,15.36
33.45,5.11,15:20:01:609,666.00,15.89
47.48,6.08,15:20:01:769,666.00,19.30
57.59,5.60,15:20:01:913,666.00,22.91
76.83,7.86,15:20:02:057,666.00,12.78
84.26,10.51,15:20:02:208,666.00,18.81
96.03,12.35,15:20:02:360,666.00,17.91
109.88,16.26,15:20:02:520,666.00,12.75
116.25,17.53,15:20:02:664,666.00,17.65
121.75,19.02,15:20:02:807,666.00,12.38
128.32,22.19,15:20:02:961,666.00,11.69
132.92,24.87,15:20:03:121,666.00,10.93
137.55,26.30,15:20:03:259,666.00,10.04
141.69,31.03,15:20:03:406,666.00,8.90
143.37,32.54,15:20:03:540,666.00,9.69
145.13,34.84,15:20:03:687,666.00,11.80
145.75,35.06,15:20:03:843,666.00,11.01
145.69,34.70,15:20:03:989,666.00,9.76
145.23,34.37,15:20:04:136,666.00,9.53
142.98,32.24,15:20:04:290,666.00,8.40
136.59,26.24,15:20:04:437,666.00,10.29
128.51,21.60,15:20:04:572,666.00,10.31
113.95,13.23,15:20:04:721,666.00,12.10
101.63,9.61,15:20:04:849,666.00,11.33
88.82,7.87,15:20:04:985,666.00,15.97
77.83,2.46,15:20:05:121,666.00,18.81
68.22,2.32,15:20:05:270,666.00,20.73
53.16,-2.84,15:20:05:422,666.00,21.36
47.81,-4.37,15:20:05:572,666.00,11.59
35.18,-9.61,15:20:05:712,666.00,17.18
28.57,-15.77,15:20:05:854,666.00,17.68
23.61,-10.74,15:20:05:994,666.00,15.05
22.18,-11.29,15:20:06:133,666.00,13.16
19.49,-6.04,15:20:06:289,666.00,10.13
18.67,-6.50,15:20:06:418,666.00,10.07
18.32,-8.20,15:20:06:555,666.00,10.49
18.61,-11.24,15:20:06:692,666.00,10.03
18.15,-12.44,15:20:06:836,666.00,10.36
17.70,-12.08,15:20:06:968,666.00,9.52
16.96,-5.12,15:20:07:118,666.00,8.72
16.62,1.34,15:20:07:264,666.00,9.84
18.37,2.01,15:20:07:418,666.00,10.73
22.09,4.29,15:20:07:549,666.00,15.14
31.12,6.11,15:20:07:683,666.00,16.62
41.51,9.23,15:20:07:810,666.00,16.02
51.67,9.05,15:20:07:944,666.00,21.41
61.09,8.11,15:20:08:080,666.00,21.60
75.96,11.37,15:20:08:205,666.00,15.12
85.03,14.48,15:20:08:333,666.00,12.72
91.00,14.01,15:20:08:468,666.00,18.23
98.85,16.62,15:20:08:607,666.00,19.87
107.16,17.80,15:20:08:737,666.00,13.75
112.07,18.17,15:20:08:861,666.00,16.91
117.01,18.97,15:20:08:992,666.00,16.33
122.30,19.44,15:20:09:126,666.00,13.73
127.94,21.85,15:20:09:248,666.00,13.65
133.63,26.16,15:20:09:380,666.00,9.26
136.16,27.94,15:20:09:509,666.00,9.81
138.41,29.44,15:20:09:637,666.00,11.44
141.90,33.97,15:20:09:771,666.00,9.90
141.27,33.17,15:20:09:904,666.00,11.63
140.63,33.36,15:20:10:038,666.00,11.98
140.73,33.14,15:20:10:166,666.00,11.29
140.40,33.25,15:20:10:308,666.00,10.30
139.47,31.81,15:20:10:453,666.00,9.28
138.15,29.76,15:20:10:584,666.00,10.35
136.18,27.88,15:20:10:715,666.00,8.73
130.44,23.64,15:20:10:856,666.00,10.36
121.75,18.77,15:20:11:013,666.00,9.37
111.46,15.32,15:20:11:157,666.00,13.50
104.04,14.24,15:20:11:291,666.00,12.52
96.37,14.49,15:20:11:423,666.00,16.60
87.46,9.85,15:20:11:563,666.00,20.75
85.08,12.58,15:20:11:710,666.00,11.26
75.71,10.81,15:20:11:849,666.00,9.64
67.76,8.41,15:20:11:987,666.00,15.50
59.17,2.51,15:20:12:132,666.00,19.81
51.90,0.98,15:20:12:274,666.00,16.49
42.62,-4.13,15:20:12:415,666.00,16.63
36.01,-9.85,15:20:12:564,666.00,15.29
30.06,-13.44,15:20:12:694,666.00,14.20
24.71,-8.95,15:20:12:827,666.00,14.52
20.04,-5.68,15:20:12:961,666.00,12.44
21.18,-18.88,15:20:13:095,666.00,14.09
19.86,-3.04,15:20:13:222,666.00,12.95
19.93,-2.48,15:20:13:351,666.00,13.29
21.10,-3.61,15:20:13:482,666.00,14.44
24.94,-7.36,15:20:13:619,666.00,19.77
32.53,0.04,15:20:13:752,666.00,18.00
40.91,1.37,15:20:13:884,666.00,18.12
50.10,0.16,15:20:14:009,666.00,23.31
57.74,-0.55,15:20:14:133,666.00,21.92
66.50,2.45,15:20:14:265,666.00,22.09
74.78,7.07,15:20:14:396,666.00,20.88
85.37,7.43,15:20:14:523,666.00,22.61
94.56,12.17,15:20:14:651,666.00,21.87
103.41,12.62,15:20:14:782,666.00,21.46
108.55,12.34,15:20:14:904,666.00,19.04
115.49,14.75,15:20:15:035,666.00,14.85
120.49,16.62,15:20:15:161,666.00,14.86
125.57,19.74,15:20:15:289,666.00,15.82
130.27,22.47,15:20:15:424,666.00,12.67
133.14,23.66,15:20:15:553,666.00,16.14
136.17,26.03,15:20:15:683,666.00,13.83
138.39,27.24,15:20:15:816,666.00,11.81
139.20,28.87,15:20:15:949,666.00,14.05
139.24,29.29,15:20:16:080,666.00,13.34
138.36,28.61,15:20:16:213,666.00,13.99
138.80,28.70,15:20:16:343,666.00,12.77
138.54,28.21,15:20:16:468,666.00,13.23
137.70,27.18,15:20:16:599,666.00,10.72
134.04,24.48,15:20:16:732,666.00,11.82
128.61,21.24,15:20:16:875,666.00,11.10
121.94,17.89,15:20:17:002,666.00,11.24
114.07,13.83,15:20:17:135,666.00,16.04
108.39,12.06,15:20:17:265,666.00,11.43
102.35,10.55,15:20:17:399,666.00,14.33
94.55,10.48,15:20:17:530,666.00,15.84
91.35,9.88,15:20:17:659,666.00,13.10
86.33,4.81,15:20:17:783,666.00,18.85
83.42,3.99,15:20:17:903,666.00,14.69
77.36,-1.70,15:20:18:026,666.00,20.28
73.92,3.05,15:20:18:152,666.00,13.41
68.52,2.56,15:20:18:284,666.00,11.84
59.43,-2.15,15:20:18:414,666.00,21.09
56.08,-4.11,15:20:18:538,666.00,12.13
50.40,-3.45,15:20:18:677,666.00,15.13
44.44,-5.56,15:20:18:802,666.00,15.25
39.63,-5.55,15:20:18:926,666.00,14.19
32.94,-2.42,15:20:19:065,666.00,13.21
26.64,-2.82,15:20:19:195,666.00,16.76
23.08,-2.95,15:20:19:316,666.00,12.45
19.45,-10.78,15:20:19:454,666.00,14.17
17.26,-10.03,15:20:19:588,666.00,10.48
16.54,-10.79,15:20:19:719,666.00,11.06
17.57,-12.10,15:20:19:851,666.00,11.35
17.54,-13.14,15:20:19:984,666.00,11.88
17.58,-11.87,15:20:20:106,666.00,11.27
17.71,-11.26,15:20:20:234,666.00,11.07
19.85,-6.61,15:20:20:361,666.00,12.27
25.11,-3.37,15:20:20:487,666.00,14.76
32.58,-1.64,15:20:20:613,666.00,16.52
39.15,1.83,15:20:20:741,666.00,17.66
49.52,2.43,15:20:20:868,666.00,19.67
59.02,6.52,15:20:20:999,666.00,21.44
73.34,10.27,15:20:21:131,666.00,14.28
84.54,13.50,15:20:21:253,666.00,10.29
90.05,11.78,15:20:21:385,666.00,19.23
94.31,14.54,15:20:21:516,666.00,20.71
103.51,15.70,15:20:21:653,666.00,14.83
109.65,17.94,15:20:21:782,666.00,15.03
113.88,18.13,15:20:21:911,666.00,17.26
118.01,18.58,15:20:22:051,666.00,16.06
121.35,18.83,15:20:22:181,666.00,15.12
126.31,19.90,15:20:22:309,666.00,14.26
132.39,21.87,15:20:22:436,666.00,11.40
138.37,24.39,15:20:22:572,666.00,9.06
139.67,24.52,15:20:22:699,666.00,11.85
141.32,24.90,15:20:22:822,666.00,12.48
141.94,25.25,15:20:22:956,666.00,13.03
141.95,24.30,15:20:23:091,666.00,12.68
141.86,24.01,15:20:23:219,666.00,11.67
141.91,24.00,15:20:23:346,666.00,10.87
139.93,22.22,15:20:23:481,666.00,11.99
135.05,19.37,15:20:23:607,666.00,10.21
127.44,14.04,15:20:23:741,666.00,10.10
119.31,8.94,15:20:23:873,666.00,13.82
110.40,6.26,15:20:23:996,666.00,13.78
101.16,5.39,15:20:24:123,666.00,14.64
94.13,4.37,15:20:24:255,666.00,14.58
85.81,1.57,15:20:24:381,666.00,15.69
81.37,-0.97,15:20:24:510,666.00,11.84
75.70,0.34,15:20:24:643,666.00,14.10
67.86,-1.34,15:20:24:773,666.00,18.06
59.46,-9.65,15:20:24:898,666.00,27.72
53.99,-4.27,15:20:25:027,666.00,15.55
43.51,-7.17,15:20:25:156,666.00,13.03
35.96,-10.59,15:20:25:282,666.00,16.23
27.95,-12.08,15:20:25:416,666.00,20.04
24.43,-7.58,15:20:25:546,666.00,11.78
21.66,-7.41,15:20:25:674,666.00,11.07
19.58,-8.27,15:20:25:814,666.00,11.69
19.65,-7.46,15:20:25:949,666.00,11.75
20.13,-11.10,15:20:26:077,666.00,11.62
20.58,-12.84,15:20:26:209,666.00,11.42
20.53,-10.09,15:20:26:338,666.00,10.72
19.32,-4.83,15:20:26:459,666.00,10.74
18.86,-0.49,15:20:26:583,666.00,11.01
20.57,1.77,15:20:26:716,666.00,14.07
26.28,-0.58,15:20:26:848,666.00,17.52
37.84,-1.35,15:20:26:977,666.00,14.02
44.59,-0.64,15:20:27:109,666.00,19.63
53.56,1.61,15:20:27:233,666.00,17.52
61.45,1.27,15:20:27:357,666.00,21.73
74.86,7.29,15:20:27:488,666.00,10.12
77.65,6.72,15:20:27:622,666.00,15.21
83.36,9.02,15:20:27:747,666.00,15.30
87.00,9.20,15:20:27:869,666.00,16.80
92.22,11.41,15:20:27:997,666.00,17.19
97.70,13.83,15:20:28:122,666.00,16.24
103.37,14.21,15:20:28:247,666.00,17.48
108.49,15.96,15:20:28:375,666.00,13.96
112.58,16.75,15:20:28:506,666.00,16.09
117.70,17.63,15:20:28:637,666.00,12.85
122.33,19.57,15:20:28:762,666.00,12.80
124.46,19.65,15:20:28:885,666.00,14.56
129.20,21.89,15:20:29:016,666.00,14.18
133.06,22.19,15:20:29:146,666.00,12.45
138.19,25.57,15:20:29:280,666.00,11.79
140.59,27.96,15:20:29:419,666.00,10.86
140.67,27.88,15:20:29:550,666.00,12.08
140.17,28.22,15:20:29:681,666.00,11.39
140.03,27.85,15:20:29:811,666.00,11.05
139.87,27.23,15:20:29:939,666.00,10.85
138.34,24.85,15:20:30:071,666.00,11.26
133.88,19.45,15:20:30:198,666.00,13.53
126.33,16.04,15:20:30:340,666.00,12.16
114.37,10.92,15:20:30:478,666.00,16.63
108.13,10.02,15:20:30:602,666.00,14.57
98.51,7.75,15:20:30:725,666.00,12.68
90.05,5.44,15:20:30:853,666.00,14.10
81.73,2.20,15:20:30:983,666.00,12.53
66.74,-0.01,15:20:31:117,666.00,15.80
60.65,2.88,15:20:31:241,666.00,17.92
55.95,1.74,15:20:31:382,666.00,14.14
47.60,2.44,15:20:31:516,666.00,14.30
37.70,-3.58,15:20:31:644,666.00,22.20
29.77,3.59,15:20:31:785,666.00,18.48
25.07,1.65,15:20:31:915,666.00,10.04
22.33,0.56,15:20:32:045,666.00,10.00
19.14,-1.29,15:20:32:181,666.00,8.69
18.53,-1.58,15:20:32:306,666.00,9.27
18.81,-0.87,15:20:32:437,666.00,10.08
19.44,0.23,15:20:32:563,666.00,10.46
18.86,-0.12,15:20:32:688,666.00,11.33
20.65,-1.78,15:20:32:815,666.00,14.48
27.53,2.08,15:20:32:956,666.00,15.82
42.15,6.15,15:20:33:086,666.00,17.31
55.34,9.44,15:20:33:210,666.00,21.14
68.42,10.28,15:20:33:336,666.00,22.53
80.00,13.50,15:20:33:458,666.00,16.90
91.27,14.37,15:20:33:584,666.00,18.10
96.85,15.48,15:20:33:711,666.00,19.26
102.73,15.77,15:20:33:834,666.00,16.47
109.22,14.90,15:20:33:958,666.00,19.34
115.43,13.44,15:20:34:081,666.00,17.90
120.72,15.17,15:20:34:213,666.00,12.24
122.68,15.90,15:20:34:336,666.00,14.67
125.74,16.87,15:20:34:459,666.00,17.70
130.43,19.41,15:20:34:585,666.00,13.81
134.02,22.40,15:20:34:717,666.00,12.91
138.00,25.15,15:20:34:846,666.00,10.33
139.23,25.81,15:20:34:974,666.00,10.97
140.67,28.48,15:20:35:099,666.00,11.73
142.10,30.07,15:20:35:235,666.00,12.17
143.40,32.74,15:20:35:362,666.00,12.11
143.34,33.41,15:20:35:494,666.00,11.70
142.05,32.44,15:20:35:628,666.00,11.22
140.93,30.73,15:20:35:749,666.00,9.51
138.09,25.02,15:20:35:872,666.00,12.35
134.12,20.78,15:20:36:005,666.00,12.47
127.94,17.48,15:20:36:141,666.00,14.46
120.69,15.05,15:20:36:269,666.00,13.95
112.94,12.35,15:20:36:399,666.00,13.90
103.99,10.64,15:20:36:525,666.00,10.73
94.59,9.51,15:20:36:652,666.00,12.19
84.89,4.52,15:20:36:785,666.00,22.15
81.02,2.27,15:20:36:915,666.00,11.91
72.84,-4.50,15:20:37:043,666.00,7.48
63.19,-8.53,15:20:37:175,666.00,16.61
55.75,-12.78,15:20:37:304,666.00,14.16
47.34,-18.67,15:20:37:430,666.00,6.48
35.54,-25.73,15:20:37:569,666.00,17.40
30.42,-28.76,15:20:37:694,666.00,14.08
25.73,-28.67,15:20:37:814,666.00,9.50
24.65,-29.35,15:20:37:948,666.00,8.21
23.24,-26.59,15:20:38:082,666.00,9.87
22.68,-24.31,15:20:38:212,666.00,9.96
22.15,-22.30,15:20:38:337,666.00,9.63
22.18,-21.42,15:20:38:481,666.00,9.49
21.87,-20.90,15:20:38:610,666.00,9.78
22.00,-19.68,15:20:38:739,666.00,9.72
24.16,-17.71,15:20:38:879,666.00,11.56
31.32,-13.43,15:20:39:012,666.00,16.10
38.04,-8.65,15:20:39:135,666.00,15.60
47.35,-6.59,15:20:39:265,666.00,21.49
55.92,-2.29,15:20:39:390,666.00,21.39
65.46,1.48,15:20:39:514,666.00,19.39
75.28,4.78,15:20:39:644,666.00,13.03
77.04,5.23,15:20:39:775,666.00,17.83
84.76,7.66,15:20:39:902,666.00,17.88
92.64,8.03,15:20:40:029,666.00,21.03
100.02,10.80,15:20:40:154,666.00,12.66
107.29,11.84,15:20:40:282,666.00,13.62
112.52,12.21,15:20:40:413,666.00,16.92
115.80,12.48,15:20:40:538,666.00,13.84
121.27,14.10,15:20:40:655,666.00,14.72
125.30,16.49,15:20:40:785,666.00,14.02
130.33,19.17,15:20:40:918,666.00,12.32
133.67,21.03,15:20:41:045,666.00,12.73
137.68,23.92,15:20:41:177,666.00,10.58
139.54,26.55,15:20:41:302,666.00,10.73
140.07,28.06,15:20:41:432,666.00,11.87
140.65,29.60,15:20:41:557,666.00,12.01
140.85,29.04,15:20:41:685,666.00,11.50
140.23,29.06,15:20:41:813,666.00,11.10
138.66,27.67,15:20:41:952,666.00,11.41
133.81,23.06,15:20:42:091,666.00,11.00
123.80,16.02,15:20:42:217,666.00,10.39
111.47,11.51,15:20:42:349,666.00,12.98
99.45,7.47,15:20:42:474,666.00,14.62
83.82,5.01,15:20:42:597,666.00,21.92
77.97,3.38,15:20:42:726,666.00,13.35
68.44,0.60,15:20:42:848,666.00,12.77
58.77,-2.71,15:20:42:975,666.00,23.77
50.90,0.39,15:20:43:100,666.00,15.94
42.98,-0.37,15:20:43:228,666.00,12.34
34.73,-6.28,15:20:43:353,666.00,21.42
28.82,-10.73,15:20:43:480,666.00,19.28
24.21,-4.98,15:20:43:603,666.00,13.05
20.41,-12.02,15:20:43:727,666.00,12.12
16.48,-7.47,15:20:43:852,666.00,11.25
13.57,-7.00,15:20:43:982,666.00,11.97
14.40,-12.34,15:20:44:111,666.00,11.51
13.19,-6.26,15:20:44:239,666.00,12.76
15.08,-15.03,15:20:44:385,666.00,11.74
15.61,-14.91,15:20:44:512,666.00,11.36
15.87,-15.03,15:20:44:647,666.00,11.88
16.36,-13.94,15:20:44:780,666.00,11.88
16.83,-8.48,15:20:44:912,666.00,12.88
21.28,-5.57,15:20:45:056,666.00,14.69
29.18,-6.05,15:20:45:186,666.00,18.00
37.44,-4.85,15:20:45:313,666.00,16.42
43.70,-4.05,15:20:45:450,666.00,19.66
49.79,-2.08,15:20:45:584,666.00,23.01
57.86,-2.85,15:20:45:720,666.00,22.86
66.09,-0.63,15:20:45:850,666.00,24.92
78.86,3.16,15:20:45:980,666.00,18.52
85.88,7.34,15:20:46:107,666.00,14.91
92.68,9.30,15:20:46:236,666.00,19.13
98.55,12.99,15:20:46:358,666.00,22.72
108.10,14.49,15:20:46:488,666.00,19.52
114.10,15.79,15:20:46:619,666.00,18.79
118.57,15.69,15:20:46:743,666.00,16.23
123.19,17.99,15:20:46:876,666.00,13.13
126.81,19.15,15:20:46:997,666.00,13.91
131.09,20.22,15:20:47:116,666.00,13.48
136.25,23.13,15:20:47:233,666.00,11.77
140.20,27.12,15:20:47:351,666.00,11.50
142.11,28.12,15:20:47:475,666.00,14.62
142.75,29.62,15:20:47:595,666.00,15.86
143.05,28.40,15:20:47:713,666.00,14.34
141.43,28.49,15:20:47:830,666.00,13.61
134.79,24.73,15:20:47:945,666.00,12.05
123.48,19.18,15:20:48:066,666.00,15.56
98.87,14.09,15:20:48:190,666.00,24.64
82.29,5.86,15:20:48:307,666.00,24.11
66.55,-0.87,15:20:48:430,666.00,26.72
50.59,-5.18,15:20:48:549,666.00,28.79
36.98,-9.62,15:20:48:664,666.00,27.59
20.61,-9.75,15:20:48:784,666.00,18.89
11.48,-20.95,15:20:48:904,666.00,6.28
12.55,-27.69,15:20:49:019,666.00,18.61
23.49,-28.88,15:20:49:143,22.75,61.80
25.04,-22.86,15:20:49:261,21.02,79.49
21.43,34.60,15:20:49:374,32.34,68.33
18.38,35.80,15:20:49:493,34.80,69.62
18.38,71.62,15:20:49:607,27.72,57.29
17.10,57.22,15:20:49:720,36.55,59.41
23.87,4.87,15:20:49:830,44.97,79.25
34.88,-22.69,15:20:49:944,45.68,69.71
