Timestamp,Kinect_LeftShoulder_Ext.-Flex.,Kinect_LeftShoulder_Abd.-Add.,Kinect_LeftShoulder_Int.-Ext.,Kinect_LeftElbow_Ext.-Flex.,Kinect_RightShoulder_Ext.-Flex.,Kinect_RightShoulder_Abd.-Add.,Kinect_RightShoulder_Int.-Ext.,Kinect_RightElbow_Ext.-Flex.,91.56,8.25,17:34:26:128,666.00,0.98
90.59,8.92,17:34:26:692,666.00,1.72
90.85,7.39,17:34:26:883,666.00,2.06
90.79,5.42,17:34:27:235,666.00,1.76
90.56,4.76,17:34:27:426,666.00,2.51
90.42,4.95,17:34:27:579,666.00,2.53
90.15,4.88,17:34:27:701,666.00,2.74
89.87,5.76,17:34:27:832,666.00,3.49
90.00,5.51,17:34:27:956,666.00,2.85
90.04,5.67,17:34:28:074,666.00,2.51
89.99,5.79,17:34:28:376,666.00,1.19
90.19,4.62,17:34:28:502,666.00,3.15
90.35,4.38,17:34:28:616,666.00,3.13
90.17,4.08,17:34:28:736,666.00,3.30
90.16,3.93,17:34:28:852,666.00,3.12
90.09,3.95,17:34:28:967,666.00,2.72
90.08,3.92,17:34:29:082,666.00,3.32
90.05,3.93,17:34:29:208,666.00,2.94
90.00,3.85,17:34:29:324,666.00,2.82
90.07,3.95,17:34:29:444,666.00,2.66
89.91,3.78,17:34:29:571,666.00,2.40
89.63,3.33,17:34:29:693,666.00,2.72
89.45,3.21,17:34:29:819,666.00,2.26
89.25,3.05,17:34:29:936,666.00,1.84
89.24,3.13,17:34:30:052,666.00,2.71
89.19,3.27,17:34:30:169,666.00,2.71
89.17,3.53,17:34:30:285,666.00,3.49
89.18,3.45,17:34:30:403,666.00,3.14
89.25,3.61,17:34:30:516,666.00,2.75
89.19,3.90,17:34:30:636,666.00,3.35
89.10,4.07,17:34:30:750,666.00,2.68
89.23,3.98,17:34:30:863,666.00,2.77
89.15,4.08,17:34:30:983,666.00,2.68
89.06,4.10,17:34:31:105,666.00,2.71
89.08,4.17,17:34:31:224,666.00,2.66
88.93,4.15,17:34:31:340,666.00,2.73
88.87,5.07,17:34:31:456,666.00,2.68
89.33,10.34,17:34:31:576,666.00,3.92
89.21,17.12,17:34:31:696,666.00,1.97
88.61,27.90,17:34:31:821,666.00,10.28
91.07,41.83,17:34:31:934,666.00,8.65
92.09,53.44,17:34:32:050,666.00,7.41
93.47,61.54,17:34:32:169,666.00,11.28
76.84,68.99,17:34:32:307,666.00,29.82
72.32,80.20,17:34:32:434,-11.44,31.66
55.36,99.77,17:34:32:554,-21.20,65.38
57.44,97.84,17:34:32:674,-20.47,64.61
58.37,96.27,17:34:32:796,-20.21,64.67
58.58,94.33,17:34:32:912,-26.12,66.37
52.53,82.70,17:34:33:036,-28.06,67.83
98.94,49.89,17:34:33:152,666.00,11.04
96.34,37.76,17:34:33:264,666.00,6.43
95.24,29.15,17:34:33:377,666.00,5.56
95.06,19.14,17:34:33:503,666.00,5.41
94.48,10.27,17:34:33:632,666.00,1.31
94.69,4.09,17:34:33:769,666.00,2.49
92.93,-1.97,17:34:33:896,666.00,2.37
92.01,-4.50,17:34:34:016,666.00,0.94
91.05,-5.47,17:34:34:130,666.00,2.70
90.91,-3.79,17:34:34:249,666.00,2.81
90.87,3.29,17:34:34:370,666.00,5.63
91.22,8.46,17:34:34:492,666.00,5.48
92.74,17.45,17:34:34:610,666.00,5.22
92.47,27.87,17:34:34:725,666.00,15.54
93.16,40.61,17:34:34:840,666.00,9.74
93.10,51.71,17:34:34:964,666.00,12.26
91.04,62.40,17:34:35:077,666.00,8.22
76.57,69.64,17:34:35:198,666.00,24.96
64.22,59.14,17:34:35:314,26.62,58.72
64.73,87.42,17:34:35:433,-11.19,55.52
97.38,81.61,17:34:35:560,666.00,1.59
96.24,79.97,17:34:35:684,666.00,4.62
95.23,70.89,17:34:35:803,666.00,8.11
23.62,123.68,17:34:35:921,-18.79,99.03
96.60,43.43,17:34:36:036,666.00,9.34
94.88,38.51,17:34:36:158,666.00,7.98
93.00,27.38,17:34:36:277,666.00,4.51
91.95,16.58,17:34:36:403,666.00,4.79
91.80,8.59,17:34:36:527,666.00,0.59
90.60,-1.40,17:34:36:648,666.00,2.43
89.82,-7.19,17:34:36:773,666.00,1.35
89.18,-7.89,17:34:36:891,666.00,1.75
88.48,-7.65,17:34:37:005,666.00,3.33
87.98,-4.78,17:34:37:127,666.00,6.06
87.35,2.83,17:34:37:246,666.00,6.97
88.29,11.95,17:34:37:370,666.00,7.47
89.93,24.66,17:34:37:504,666.00,5.10
90.46,35.15,17:34:37:632,666.00,9.15
90.60,45.28,17:34:37:745,666.00,5.97
92.06,56.92,17:34:37:871,666.00,7.41
94.10,65.93,17:34:37:982,666.00,9.71
75.68,63.30,17:34:38:100,32.25,32.87
79.07,59.31,17:34:38:224,61.30,34.09
63.22,54.32,17:34:38:342,34.54,46.77
69.05,54.18,17:34:38:465,40.48,61.02
87.93,58.92,17:34:38:578,64.44,45.30
102.21,62.70,17:34:38:701,666.00,27.59
110.07,49.94,17:34:38:817,165.60,32.62
98.55,46.92,17:34:38:929,666.00,11.13
94.89,39.64,17:34:39:054,666.00,6.00
93.21,29.92,17:34:39:187,666.00,4.73
93.39,21.92,17:34:39:316,666.00,6.97
92.58,11.43,17:34:39:432,666.00,2.33
91.80,6.25,17:34:39:547,666.00,5.57
91.10,-0.93,17:34:39:667,666.00,3.17
90.12,-3.18,17:34:39:781,666.00,2.06
89.33,-4.01,17:34:39:904,666.00,2.99
89.42,-3.33,17:34:40:020,666.00,3.30
88.64,1.47,17:34:40:134,666.00,11.05
89.42,10.62,17:34:40:251,666.00,4.56
90.18,20.83,17:34:40:382,666.00,8.85
91.49,28.80,17:34:40:509,666.00,9.49
92.79,36.68,17:34:40:642,666.00,9.58
93.34,48.29,17:34:40:771,666.00,5.65
92.89,49.43,17:34:40:896,666.00,11.83
97.04,62.06,17:34:41:016,666.00,15.68
92.18,66.39,17:34:41:132,666.00,12.98
93.37,65.34,17:34:41:249,666.00,15.55
84.16,61.70,17:34:41:367,666.00,29.75
116.80,52.87,17:34:41:484,134.26,55.52
117.73,50.75,17:34:41:601,136.07,58.75
118.34,79.19,17:34:41:717,163.26,34.19
130.66,67.96,17:34:41:833,-173.38,53.47
100.40,57.35,17:34:41:949,666.00,15.41
102.71,48.29,17:34:42:073,666.00,15.97
97.46,44.34,17:34:42:187,666.00,7.75
95.64,34.33,17:34:42:299,666.00,4.99
95.30,27.11,17:34:42:416,666.00,3.35
94.72,16.63,17:34:42:531,666.00,4.86
94.56,9.88,17:34:42:663,666.00,4.12
92.44,2.51,17:34:42:788,666.00,4.01
92.34,-2.63,17:34:42:904,666.00,4.22
91.45,-5.01,17:34:43:022,666.00,3.80
91.45,-4.39,17:34:43:149,666.00,2.77
91.10,-3.47,17:34:43:277,666.00,3.91
91.76,1.98,17:34:43:400,666.00,10.44
91.83,8.63,17:34:43:520,666.00,7.06
91.15,19.52,17:34:43:635,666.00,8.01
90.27,27.21,17:34:43:748,666.00,6.78
90.55,38.47,17:34:43:874,666.00,8.55
91.10,46.72,17:34:43:990,666.00,8.92
88.94,59.25,17:34:44:106,666.00,5.66
87.08,62.99,17:34:44:230,666.00,9.35
69.27,60.38,17:34:44:343,666.00,26.53
82.23,55.84,17:34:44:457,666.00,14.88
80.36,54.49,17:34:44:583,41.89,46.18
66.70,50.88,17:34:44:712,25.97,57.75
78.07,53.09,17:34:44:841,39.39,48.23
71.92,61.34,17:34:44:959,29.72,48.88
102.93,46.08,17:34:45:091,666.00,22.84
98.82,41.39,17:34:45:209,666.00,13.15
95.98,40.08,17:34:45:334,666.00,10.32
94.91,29.90,17:34:45:461,666.00,4.65
94.91,24.37,17:34:45:575,666.00,6.79
92.70,15.75,17:34:45:695,666.00,4.77
92.32,8.45,17:34:45:807,666.00,2.44
91.58,1.26,17:34:45:932,666.00,0.57
90.75,-2.18,17:34:46:046,666.00,1.27
90.21,-4.19,17:34:46:168,666.00,1.28
90.38,-4.30,17:34:46:290,666.00,0.61
89.41,-2.34,17:34:46:404,666.00,1.49
90.09,2.08,17:34:46:521,666.00,4.84
89.15,8.92,17:34:46:638,666.00,6.13
89.11,16.70,17:34:46:757,666.00,11.05
88.47,29.26,17:34:46:876,666.00,9.87
90.06,39.99,17:34:47:004,666.00,9.50
92.36,53.32,17:34:47:140,666.00,10.00
89.01,61.55,17:34:47:257,666.00,3.70
76.48,62.99,17:34:47:382,666.00,28.40
76.34,60.37,17:34:47:503,45.60,33.02
65.51,53.64,17:34:47:621,31.84,45.71
72.36,56.21,17:34:47:741,41.44,50.15
115.73,56.10,17:34:47:867,116.10,45.96
107.16,49.78,17:34:47:987,101.40,52.46
117.33,52.59,17:34:48:101,118.66,46.09
112.25,48.25,17:34:48:222,149.51,42.18
104.11,42.89,17:34:48:332,124.63,30.71
98.16,50.77,17:34:48:451,666.00,13.89
96.10,43.33,17:34:48:569,666.00,13.14
95.52,38.80,17:34:48:686,666.00,6.33
95.29,29.11,17:34:48:802,666.00,6.69
97.09,22.34,17:34:48:916,666.00,8.10
94.87,11.87,17:34:49:035,666.00,4.62
94.77,5.24,17:34:49:153,666.00,4.29
94.60,-0.40,17:34:49:273,666.00,3.29
94.58,-4.34,17:34:49:391,666.00,3.21
93.37,-5.71,17:34:49:519,666.00,4.10
92.46,-5.41,17:34:49:636,666.00,2.67
92.24,-4.16,17:34:49:754,666.00,1.51
91.34,1.72,17:34:49:869,666.00,3.51
91.44,7.06,17:34:49:989,666.00,5.12
91.72,16.21,17:34:50:108,666.00,5.32
93.07,25.54,17:34:50:224,666.00,6.01
93.59,35.77,17:34:50:342,666.00,7.53
96.15,47.39,17:34:50:463,666.00,8.69
96.55,51.58,17:34:50:582,666.00,10.10
92.81,62.25,17:34:50:699,666.00,5.82
73.45,69.60,17:34:50:818,666.00,23.08
76.20,62.41,17:34:50:932,29.24,33.42
62.43,53.28,17:34:51:054,16.75,64.08
124.08,48.50,17:34:51:177,155.31,53.86
120.43,52.61,17:34:51:297,151.87,47.68
120.66,52.18,17:34:51:422,152.67,47.46
115.65,52.74,17:34:51:532,143.85,44.10
128.07,57.56,17:34:51:646,-175.05,51.10
104.13,46.62,17:34:51:771,666.00,23.56
96.95,46.54,17:34:51:886,666.00,9.56
95.29,36.52,17:34:51:999,666.00,7.04
94.87,29.85,17:34:52:115,666.00,2.44
94.48,18.33,17:34:52:233,666.00,6.02
93.20,9.84,17:34:52:352,666.00,7.21
91.73,4.01,17:34:52:471,666.00,3.40
91.32,1.21,17:34:52:589,666.00,1.80
90.83,-1.14,17:34:52:714,666.00,0.70
89.22,-0.83,17:34:52:829,666.00,1.27
88.48,-1.18,17:34:52:950,666.00,2.97
88.42,0.36,17:34:53:068,666.00,4.61
88.28,5.09,17:34:53:184,666.00,3.34
87.91,11.70,17:34:53:301,666.00,7.13
87.74,18.18,17:34:53:421,666.00,6.47
88.03,28.89,17:34:53:538,666.00,8.45
90.35,38.27,17:34:53:658,666.00,7.89
91.06,45.83,17:34:53:774,666.00,5.67
93.01,51.99,17:34:53:887,666.00,10.44
90.08,58.91,17:34:54:002,666.00,7.86
64.19,61.58,17:34:54:116,-2.05,54.31
63.00,56.23,17:34:54:233,-1.50,59.73
68.79,50.97,17:34:54:353,4.81,55.82
94.38,76.90,17:34:54:467,666.00,20.93
94.64,77.28,17:34:54:582,666.00,22.26
94.52,70.32,17:34:54:700,666.00,17.53
71.03,50.87,17:34:54:819,9.75,54.66
100.82,45.02,17:34:54:936,666.00,27.31
99.83,45.80,17:34:55:050,666.00,13.99
96.29,42.90,17:34:55:167,666.00,9.17
94.63,31.03,17:34:55:283,666.00,9.88
91.59,20.59,17:34:55:402,666.00,5.16
91.73,13.03,17:34:55:521,666.00,4.22
90.14,3.73,17:34:55:634,666.00,2.79
89.56,0.05,17:34:55:769,666.00,2.54
87.87,-3.66,17:34:55:893,666.00,1.79
86.95,-5.62,17:34:56:006,666.00,2.58
86.71,-5.71,17:34:56:121,666.00,2.46
86.20,-3.19,17:34:56:238,666.00,6.71
86.69,1.13,17:34:56:355,666.00,5.28
87.32,8.30,17:34:56:472,666.00,6.38
87.82,15.46,17:34:56:592,666.00,5.61
88.15,24.01,17:34:56:707,666.00,8.94
90.20,35.51,17:34:56:838,666.00,8.46
91.91,49.77,17:34:56:976,666.00,7.63
90.19,55.78,17:34:57:113,666.00,9.55
79.69,49.35,17:34:57:236,20.99,52.82
69.32,36.21,17:34:57:370,7.21,65.99
74.00,36.72,17:34:57:510,41.63,71.67
119.18,57.95,17:34:57:625,161.79,41.18
126.09,48.53,17:34:57:740,156.43,59.91
131.59,48.83,17:34:57:860,172.41,57.09
135.82,58.56,17:34:57:982,-169.98,67.17
95.36,45.45,17:34:58:100,666.00,11.57
94.23,43.86,17:34:58:211,666.00,11.98
92.40,32.92,17:34:58:330,666.00,10.80
89.85,20.67,17:34:58:444,666.00,9.55
88.90,10.47,17:34:58:568,666.00,2.45
88.36,3.51,17:34:58:684,666.00,0.71
86.08,-3.47,17:34:58:800,666.00,5.29
84.11,-6.40,17:34:58:918,666.00,2.39
83.15,-8.15,17:34:59:036,666.00,5.20
82.91,-7.50,17:34:59:157,666.00,2.02
82.24,-5.19,17:34:59:273,666.00,2.84
82.82,-0.42,17:34:59:405,666.00,6.19
83.15,6.66,17:34:59:519,666.00,3.96
84.43,17.37,17:34:59:637,666.00,3.88
86.11,24.55,17:34:59:753,666.00,7.69
88.52,38.83,17:34:59:867,666.00,8.61
90.06,45.26,17:34:59:986,666.00,10.50
90.04,57.84,17:35:00:103,666.00,8.99
86.75,67.22,17:35:00:216,666.00,4.46
86.02,57.95,17:35:00:335,666.00,29.14
77.17,47.76,17:35:00:451,49.57,43.92
116.31,52.21,17:35:00:565,142.82,49.27
114.73,50.31,17:35:00:678,139.14,49.63
113.05,40.55,17:35:00:797,155.87,49.22
122.27,47.47,17:35:00:916,166.52,54.03
94.15,52.64,17:35:01:036,666.00,14.24
96.93,42.31,17:35:01:155,666.00,16.87
93.27,37.66,17:35:01:270,666.00,8.81
90.60,30.01,17:35:01:383,666.00,6.42
89.66,17.35,17:35:01:504,666.00,8.16
89.35,10.87,17:35:01:620,666.00,3.41
87.57,4.42,17:35:01:735,666.00,2.77
86.82,-0.69,17:35:01:852,666.00,0.47
83.51,-8.03,17:35:01:967,666.00,7.42
82.09,-10.39,17:35:02:091,666.00,4.28
82.07,-8.65,17:35:02:213,666.00,0.29
81.95,-8.33,17:35:02:348,666.00,2.92
83.24,-3.09,17:35:02:465,666.00,5.59
84.00,0.15,17:35:02:585,666.00,5.10
85.48,5.90,17:35:02:699,666.00,8.49
85.69,14.34,17:35:02:818,666.00,9.16
88.87,33.32,17:35:02:936,666.00,8.71
90.23,41.97,17:35:03:055,666.00,8.53
90.89,51.85,17:35:03:173,666.00,7.83
66.87,57.91,17:35:03:287,4.30,30.04
64.88,52.32,17:35:03:401,25.16,44.18
71.14,47.38,17:35:03:517,34.20,42.75
60.71,41.56,17:35:03:633,25.11,67.31
60.22,41.48,17:35:03:749,24.52,67.42
59.36,40.47,17:35:03:864,22.73,69.25
73.15,45.88,17:35:03:977,41.58,60.12
100.20,40.42,17:35:04:101,666.00,21.74
95.09,37.62,17:35:04:220,666.00,10.45
93.71,25.18,17:35:04:345,666.00,10.77
91.98,18.34,17:35:04:459,666.00,6.20
90.87,8.42,17:35:04:571,666.00,6.79
88.57,2.65,17:35:04:682,666.00,2.04
87.04,-1.57,17:35:04:801,666.00,4.86
85.35,-4.04,17:35:04:918,666.00,5.82
82.27,-6.72,17:35:05:036,666.00,1.23
81.61,-7.70,17:35:05:155,666.00,3.27
81.35,-6.54,17:35:05:279,666.00,3.12
81.47,-3.17,17:35:05:402,666.00,1.07
80.98,1.07,17:35:05:518,666.00,0.87
80.30,9.21,17:35:05:635,666.00,4.11
80.92,18.11,17:35:05:758,666.00,4.67
82.08,29.30,17:35:05:873,666.00,9.24
85.10,41.77,17:35:05:989,666.00,8.15
89.94,55.18,17:35:06:102,666.00,10.00
87.67,64.26,17:35:06:222,666.00,3.94
86.11,62.32,17:35:06:338,666.00,12.22
107.87,51.57,17:35:06:451,666.00,28.36
120.16,59.03,17:35:06:576,154.92,46.79
119.90,61.85,17:35:06:688,159.61,39.70
125.33,62.62,17:35:06:812,170.30,46.19
123.69,64.18,17:35:06:941,176.70,48.17
101.08,49.87,17:35:07:067,666.00,17.14
92.98,47.44,17:35:07:182,666.00,8.64
92.54,37.49,17:35:07:302,666.00,8.05
90.21,29.23,17:35:07:418,666.00,7.92
88.07,19.06,17:35:07:546,666.00,4.03
87.68,9.28,17:35:07:666,666.00,1.12
86.56,3.77,17:35:07:781,666.00,1.73
85.76,-0.54,17:35:07:900,666.00,1.97
84.09,-1.97,17:35:08:012,666.00,2.15
83.69,-2.31,17:35:08:132,666.00,2.85
83.60,-1.75,17:35:08:254,666.00,2.64
82.76,0.87,17:35:08:377,666.00,2.20
83.57,6.06,17:35:08:511,666.00,4.70
84.33,11.65,17:35:08:636,666.00,5.16
84.50,18.07,17:35:08:759,666.00,8.55
85.93,28.64,17:35:08:875,666.00,8.66
87.48,38.29,17:35:08:992,666.00,6.68
90.94,49.28,17:35:09:107,666.00,8.38
87.95,59.56,17:35:09:232,666.00,12.34
84.64,56.08,17:35:09:347,666.00,19.05
92.65,47.05,17:35:09:464,666.00,19.49
118.82,47.51,17:35:09:578,152.71,49.15
117.40,51.18,17:35:09:697,150.72,45.07
115.75,52.19,17:35:09:811,146.59,45.17
87.59,42.12,17:35:09:934,85.02,51.99
86.41,43.16,17:35:10:049,82.73,53.93
96.50,46.97,17:35:10:167,666.00,21.12
96.99,44.58,17:35:10:295,666.00,11.32
92.99,40.09,17:35:10:408,666.00,13.00
92.10,31.23,17:35:10:524,666.00,7.93
89.96,18.70,17:35:10:640,666.00,8.96
88.64,11.45,17:35:10:753,666.00,8.09
86.69,2.22,17:35:10:868,666.00,6.78
86.16,-1.40,17:35:10:989,666.00,4.24
84.30,-2.95,17:35:11:112,666.00,1.58
82.62,-3.84,17:35:11:229,666.00,0.95
82.16,-3.40,17:35:11:342,666.00,2.51
81.93,0.21,17:35:11:470,666.00,4.09
82.23,3.76,17:35:11:584,666.00,7.20
83.43,14.20,17:35:11:704,666.00,6.81
84.05,23.19,17:35:11:824,666.00,10.56
87.43,36.42,17:35:11:940,666.00,10.17
90.06,51.54,17:35:12:063,666.00,10.09
89.29,58.45,17:35:12:178,666.00,7.05
86.28,61.05,17:35:12:302,666.00,15.70
90.42,54.07,17:35:12:436,666.00,22.56
111.57,53.43,17:35:12:582,125.49,51.27
115.06,54.57,17:35:12:716,145.47,53.11
126.53,41.00,17:35:12:833,158.56,72.02
100.92,30.68,17:35:12:952,119.08,74.36
111.32,37.99,17:35:13:070,135.00,70.99
93.18,49.96,17:35:13:184,666.00,17.86
95.48,43.55,17:35:13:299,666.00,8.60
94.93,38.75,17:35:13:422,666.00,7.76
94.56,29.72,17:35:13:535,666.00,10.02
93.57,21.69,17:35:13:654,666.00,8.53
92.34,10.34,17:35:13:771,666.00,4.42
91.07,4.52,17:35:13:886,666.00,1.45
89.53,-2.81,17:35:14:004,666.00,2.02
88.46,-6.26,17:35:14:122,666.00,2.91
87.52,-9.47,17:35:14:243,666.00,2.11
87.50,-9.86,17:35:14:365,666.00,3.04
87.28,-9.28,17:35:14:486,666.00,2.82
86.38,-5.85,17:35:14:602,666.00,0.84
86.95,-2.62,17:35:14:728,666.00,7.50
86.87,4.32,17:35:14:862,666.00,4.34
87.20,15.42,17:35:14:986,666.00,5.57
87.35,27.64,17:35:15:109,666.00,6.77
87.59,43.23,17:35:15:237,666.00,5.19
90.45,50.19,17:35:15:359,666.00,10.54
90.34,60.29,17:35:15:475,666.00,8.03
88.53,66.03,17:35:15:602,666.00,10.19
88.39,61.53,17:35:15:721,666.00,14.98
78.92,56.32,17:35:15:847,666.00,24.84
130.71,60.04,17:35:15:966,-170.10,45.77
124.83,54.53,17:35:16:091,-179.65,41.76
115.18,56.86,17:35:16:217,170.67,32.02
97.36,54.06,17:35:16:350,666.00,20.23
96.66,50.77,17:35:16:476,666.00,15.14
93.63,42.64,17:35:16:604,666.00,10.50
90.32,31.53,17:35:16:743,666.00,6.54
88.20,18.68,17:35:16:874,666.00,6.32
87.86,9.61,17:35:17:005,666.00,2.13
86.31,5.62,17:35:17:126,666.00,1.44
85.22,1.11,17:35:17:246,666.00,8.75
83.93,0.93,17:35:17:369,666.00,3.19
83.81,1.25,17:35:17:490,666.00,2.43
84.41,3.55,17:35:17:618,666.00,8.53
84.44,12.05,17:35:17:735,666.00,3.72
84.85,17.91,17:35:17:854,666.00,7.59
87.15,28.79,17:35:17:979,666.00,5.96
90.16,40.84,17:35:18:110,666.00,9.07
90.85,48.31,17:35:18:221,666.00,9.84
89.31,58.69,17:35:18:333,666.00,3.15
88.14,62.36,17:35:18:450,666.00,12.76
76.80,59.68,17:35:18:566,666.00,25.95
91.50,44.10,17:35:18:680,91.20,36.31
124.90,58.51,17:35:18:802,171.67,45.00
127.57,60.28,17:35:18:922,175.82,46.78
128.24,54.28,17:35:19:040,161.95,52.95
132.72,60.70,17:35:19:155,169.02,50.90
93.49,57.41,17:35:19:272,666.00,4.51
101.51,45.27,17:35:19:389,666.00,17.92
94.29,39.35,17:35:19:502,666.00,12.53
93.41,33.12,17:35:19:619,666.00,6.26
93.00,22.18,17:35:19:740,666.00,3.15
91.71,11.85,17:35:19:865,666.00,5.87
90.23,4.66,17:35:19:985,666.00,1.21
89.33,-3.43,17:35:20:104,666.00,1.93
88.40,-5.54,17:35:20:220,666.00,3.01
85.94,-5.61,17:35:20:343,666.00,2.81
85.79,-5.08,17:35:20:458,666.00,0.65
85.98,-2.41,17:35:20:582,666.00,5.00
86.29,5.91,17:35:20:701,666.00,4.56
86.42,13.89,17:35:20:818,666.00,6.64
86.32,25.98,17:35:20:933,666.00,10.99
89.58,40.55,17:35:21:054,666.00,11.80
90.44,44.95,17:35:21:169,666.00,9.67
89.55,54.36,17:35:21:298,666.00,19.09
79.66,58.57,17:35:21:423,666.00,15.20
76.98,50.21,17:35:21:540,666.00,22.47
65.11,39.66,17:35:21:660,30.62,35.73
80.54,43.49,17:35:21:773,666.00,27.89
75.29,37.83,17:35:21:885,57.34,33.81
92.68,46.56,17:35:22:004,666.00,24.89
87.94,47.22,17:35:22:134,666.00,23.73
99.57,49.80,17:35:22:253,666.00,16.09
94.91,43.90,17:35:22:369,666.00,8.45
95.47,41.94,17:35:22:486,666.00,8.89
92.13,29.86,17:35:22:612,666.00,3.06
91.26,20.44,17:35:22:737,666.00,6.42
88.98,13.92,17:35:22:855,666.00,5.43
86.52,5.76,17:35:22:968,666.00,3.60
85.46,3.40,17:35:23:081,666.00,3.59
83.63,-0.04,17:35:23:198,666.00,1.81
82.88,-1.29,17:35:23:310,666.00,1.81
82.58,-1.09,17:35:23:435,666.00,0.94
81.70,-0.62,17:35:23:564,666.00,2.96
82.05,3.66,17:35:23:679,666.00,14.05
82.23,13.06,17:35:23:801,666.00,5.96
82.31,19.57,17:35:23:918,666.00,8.40
85.37,33.38,17:35:24:044,666.00,10.49
86.96,42.54,17:35:24:166,666.00,9.76
89.10,50.65,17:35:24:280,666.00,10.86
87.55,57.39,17:35:24:405,666.00,5.28
83.19,57.62,17:35:24:536,666.00,23.79
85.53,53.23,17:35:24:650,666.00,28.23
77.12,44.23,17:35:24:772,54.20,55.26
124.80,42.66,17:35:24:891,137.07,62.30
127.90,46.62,17:35:25:010,141.02,58.42
128.93,43.69,17:35:25:143,141.87,63.26
129.19,41.43,17:35:25:264,141.80,67.39
117.50,64.67,17:35:25:384,125.33,43.04
102.64,46.60,17:35:25:500,666.00,25.17
97.92,44.32,17:35:25:622,666.00,12.08
95.08,37.09,17:35:25:733,666.00,10.98
92.78,30.75,17:35:25:852,666.00,9.28
91.13,19.41,17:35:25:968,666.00,7.13
89.17,10.08,17:35:26:098,666.00,3.25
89.11,2.66,17:35:26:214,666.00,2.56
88.09,-3.01,17:35:26:335,666.00,2.52
86.35,-4.96,17:35:26:461,666.00,2.71
85.97,-4.14,17:35:26:578,666.00,3.00
85.64,-2.84,17:35:26:701,666.00,6.49
85.43,1.56,17:35:26:828,666.00,9.72
84.55,8.63,17:35:26:953,666.00,5.88
84.37,15.94,17:35:27:095,666.00,4.86
84.80,21.49,17:35:27:227,666.00,10.49
86.36,34.53,17:35:27:371,666.00,9.46
88.29,40.34,17:35:27:507,666.00,11.21
88.50,47.85,17:35:27:644,666.00,7.78
86.44,56.57,17:35:27:776,666.00,8.77
86.06,62.66,17:35:27:934,666.00,11.74
77.41,55.60,17:35:28:069,45.94,30.98
70.09,36.92,17:35:28:206,38.49,63.45
64.48,44.60,17:35:28:342,28.19,59.53
56.01,41.17,17:35:28:481,20.02,53.62
85.63,41.58,17:35:28:616,80.83,36.23
86.56,45.52,17:35:28:743,666.00,16.61
90.20,43.59,17:35:28:867,666.00,8.23
91.30,39.81,17:35:28:993,666.00,10.25
91.84,30.70,17:35:29:124,666.00,8.15
90.59,22.58,17:35:29:264,666.00,7.25
88.23,13.65,17:35:29:397,666.00,1.73
87.87,5.85,17:35:29:537,666.00,1.90
86.27,1.65,17:35:29:669,666.00,1.19
85.15,0.89,17:35:29:808,666.00,3.60
83.33,1.27,17:35:29:939,666.00,2.94
83.50,2.76,17:35:30:074,666.00,6.51
84.80,9.53,17:35:30:209,666.00,6.26
84.49,13.91,17:35:30:329,666.00,4.59
85.24,21.67,17:35:30:449,666.00,10.70
86.54,29.97,17:35:30:569,666.00,8.31
90.07,39.45,17:35:30:682,666.00,10.43
93.64,46.86,17:35:30:806,666.00,11.48
96.64,60.78,17:35:30:928,666.00,19.75
95.94,62.13,17:35:31:042,666.00,10.29
78.67,60.68,17:35:31:155,43.14,36.49
85.59,55.38,17:35:31:279,65.81,41.60
78.62,50.86,17:35:31:399,54.21,47.63
80.06,51.69,17:35:31:515,56.49,45.91
74.17,47.43,17:35:31:630,44.94,55.55
79.79,54.31,17:35:31:746,52.30,48.97
88.43,56.38,17:35:31:860,666.00,15.39
100.77,46.36,17:35:31:973,666.00,18.54
95.07,43.07,17:35:32:091,666.00,15.09
92.66,34.80,17:35:32:216,666.00,6.25
91.91,25.74,17:35:32:330,666.00,4.29
92.83,19.35,17:35:32:456,666.00,4.09
91.58,11.74,17:35:32:573,666.00,4.55
91.09,5.13,17:35:32:687,666.00,2.78
89.98,-2.05,17:35:32:805,666.00,5.34
89.02,-3.80,17:35:32:920,666.00,3.81
86.79,-3.50,17:35:33:039,666.00,3.98
86.32,-2.82,17:35:33:163,666.00,1.88
86.12,-2.38,17:35:33:284,666.00,5.19
86.24,2.26,17:35:33:407,666.00,6.68
86.05,8.44,17:35:33:530,666.00,8.02
86.74,17.27,17:35:33:641,666.00,6.83
86.70,23.48,17:35:33:755,666.00,6.72
87.79,35.94,17:35:33:872,666.00,8.99
90.63,46.92,17:35:34:000,666.00,10.86
86.82,50.33,17:35:34:114,666.00,11.41
64.64,59.72,17:35:34:232,-8.69,51.80
57.58,57.78,17:35:34:348,8.09,54.06
58.08,39.87,17:35:34:466,21.66,55.63
68.51,48.45,17:35:34:582,35.04,44.91
57.73,35.25,17:35:34:700,19.05,72.59
56.85,36.48,17:35:34:816,18.46,71.86
56.08,38.87,17:35:34:930,20.49,72.38
68.95,50.35,17:35:35:040,37.63,58.62
96.18,44.96,17:35:35:157,666.00,20.93
95.37,39.76,17:35:35:277,666.00,17.53
90.84,39.82,17:35:35:391,666.00,6.72
89.45,27.13,17:35:35:509,666.00,8.61
88.46,18.13,17:35:35:622,666.00,8.14
87.40,9.07,17:35:35:736,666.00,1.97
86.36,3.57,17:35:35:854,666.00,3.63
84.93,0.36,17:35:35:974,666.00,4.34
83.61,0.75,17:35:36:089,666.00,4.18
81.98,1.08,17:35:36:205,666.00,2.25
81.53,2.24,17:35:36:324,666.00,2.35
80.98,4.88,17:35:36:438,666.00,5.94
82.43,8.80,17:35:36:556,666.00,8.56
82.82,14.45,17:35:36:673,666.00,5.60
83.15,22.03,17:35:36:806,666.00,9.73
85.47,28.97,17:35:36:924,666.00,8.94
87.32,39.66,17:35:37:049,666.00,10.57
90.19,48.65,17:35:37:169,666.00,12.07
87.79,51.20,17:35:37:285,666.00,12.06
84.90,51.29,17:35:37:401,666.00,26.18
88.78,69.06,17:35:37:515,666.00,21.99
91.72,70.18,17:35:37:632,666.00,5.75
94.12,71.95,17:35:37:748,666.00,3.03
93.80,71.05,17:35:37:867,666.00,4.14
92.98,70.14,17:35:37:983,666.00,5.34
71.65,45.98,17:35:38:101,38.74,58.04
72.05,47.03,17:35:38:219,40.30,57.49
93.63,43.93,17:35:38:336,666.00,14.03
92.31,37.67,17:35:38:452,666.00,17.70
90.56,33.36,17:35:38:571,666.00,22.65
88.97,21.65,17:35:38:691,666.00,11.46
88.07,16.31,17:35:38:819,666.00,8.10
86.84,7.99,17:35:38:945,666.00,3.13
85.65,3.22,17:35:39:064,666.00,3.61
85.65,0.28,17:35:39:184,666.00,5.23
82.72,-0.67,17:35:39:309,666.00,2.04
81.14,-1.55,17:35:39:425,666.00,1.81
80.76,-2.85,17:35:39:538,666.00,2.88
81.27,-3.17,17:35:39:653,666.00,5.65
80.34,-0.16,17:35:39:772,666.00,5.81
81.32,4.26,17:35:39:891,666.00,9.13
82.02,9.15,17:35:40:009,666.00,7.73
83.43,13.13,17:35:40:127,666.00,11.00
84.23,21.06,17:35:40:256,666.00,8.73
85.94,30.09,17:35:40:384,666.00,10.67
87.74,40.57,17:35:40:505,666.00,8.75
87.76,44.89,17:35:40:616,666.00,11.14
86.30,57.72,17:35:40:739,666.00,3.45
61.79,60.18,17:35:40:868,4.27,52.36
47.30,53.96,17:35:40:990,5.71,55.89
50.13,53.61,17:35:41:115,5.46,57.56
66.07,49.50,17:35:41:239,41.22,37.70
64.44,47.46,17:35:41:356,37.73,40.56
61.10,49.06,17:35:41:477,22.29,36.40
105.00,48.78,17:35:41:599,154.81,35.17
94.87,44.93,17:35:41:710,666.00,22.57
94.83,40.16,17:35:41:833,666.00,17.30
90.12,36.75,17:35:41:954,666.00,9.68
88.82,27.79,17:35:42:065,666.00,9.37
89.10,18.32,17:35:42:183,666.00,11.39
88.11,9.73,17:35:42:305,666.00,5.42
87.00,1.47,17:35:42:436,666.00,3.13
85.87,-7.05,17:35:42:551,666.00,5.52
84.42,-11.54,17:35:42:662,666.00,4.36
83.22,-12.61,17:35:42:790,666.00,2.14
79.55,-12.70,17:35:42:916,666.00,1.06
80.34,-10.25,17:35:43:034,666.00,1.52
80.02,-8.56,17:35:43:143,666.00,3.07
80.52,-5.04,17:35:43:267,666.00,7.70
81.12,-0.50,17:35:43:387,666.00,12.70
81.71,6.40,17:35:43:524,666.00,6.27
83.09,13.94,17:35:43:642,666.00,12.01
84.95,20.09,17:35:43:754,666.00,11.46
88.06,33.19,17:35:43:872,666.00,11.06
88.12,41.70,17:35:43:992,666.00,6.68
88.69,53.58,17:35:44:116,666.00,8.02
93.11,56.57,17:35:44:234,666.00,23.88
97.23,50.93,17:35:44:356,118.62,34.04
89.47,44.99,17:35:44:470,76.20,48.69
90.48,40.33,17:35:44:589,77.41,51.70
92.73,41.55,17:35:44:704,90.62,40.74
103.14,48.88,17:35:44:819,131.40,36.87
100.02,54.96,17:35:44:939,666.00,20.21
96.63,43.74,17:35:45:057,666.00,15.69
91.90,34.94,17:35:45:173,666.00,8.42
89.95,27.91,17:35:45:297,666.00,6.89
88.50,15.80,17:35:45:417,666.00,5.72
87.45,5.80,17:35:45:542,666.00,7.71
85.02,0.10,17:35:45:653,666.00,5.58
82.32,-1.78,17:35:45:772,666.00,3.94
81.35,-3.52,17:35:45:886,666.00,4.45
79.48,-2.05,17:35:46:006,666.00,3.13
78.85,-1.39,17:35:46:124,666.00,3.25
78.70,-0.62,17:35:46:241,666.00,5.33
79.87,0.30,17:35:46:365,666.00,10.11
80.40,3.24,17:35:46:482,666.00,7.86
81.24,7.82,17:35:46:606,666.00,8.31
83.15,15.54,17:35:46:734,666.00,10.73
83.90,21.12,17:35:46:854,666.00,8.60
85.56,33.77,17:35:46:971,666.00,9.59
86.00,41.37,17:35:47:091,666.00,8.97
86.73,44.82,17:35:47:211,666.00,12.96
84.84,50.10,17:35:47:333,666.00,17.26
87.46,56.24,17:35:47:448,666.00,9.10
84.08,53.11,17:35:47:563,666.00,29.73
59.27,80.40,17:35:47:676,-18.22,43.23
94.76,71.44,17:35:47:789,161.40,32.38
94.88,72.70,17:35:47:903,162.93,32.14
58.11,80.55,17:35:48:020,-16.93,44.38
21.56,97.93,17:35:48:135,-13.94,82.80
16.52,85.11,17:35:48:248,-10.56,81.29
93.51,40.52,17:35:48:369,666.00,14.72
93.14,37.60,17:35:48:485,666.00,9.61
91.85,26.39,17:35:48:600,666.00,8.90
89.82,19.57,17:35:48:719,666.00,19.74
87.70,10.98,17:35:48:832,666.00,11.21
86.96,9.51,17:35:48:950,666.00,2.90
84.36,3.42,17:35:49:074,666.00,6.52
81.73,1.28,17:35:49:199,666.00,1.92
80.91,0.31,17:35:49:315,666.00,2.72
80.58,0.43,17:35:49:433,666.00,4.03
79.99,0.22,17:35:49:553,666.00,3.91
79.35,1.56,17:35:49:676,666.00,4.18
78.73,4.92,17:35:49:816,666.00,9.77
79.53,7.62,17:35:49:935,666.00,5.63
80.08,11.09,17:35:50:058,666.00,8.50
80.99,20.88,17:35:50:170,666.00,12.98
81.74,30.15,17:35:50:289,666.00,10.22
84.34,44.10,17:35:50:406,666.00,10.95
88.52,54.32,17:35:50:518,666.00,12.20
86.77,59.11,17:35:50:634,666.00,11.57
86.40,69.05,17:35:50:754,666.00,6.36
55.82,66.97,17:35:50:872,14.06,32.87
52.06,63.42,17:35:50:986,20.39,49.67
38.64,98.37,17:35:51:099,-9.47,49.48
39.29,103.36,17:35:51:216,-11.66,49.88
36.05,86.39,17:35:51:334,-5.82,51.23
77.01,75.39,17:35:51:447,146.14,32.28
20.33,99.21,17:35:51:562,1.94,74.86
83.19,50.42,17:35:51:675,666.00,13.18
87.47,47.47,17:35:51:797,666.00,6.50
89.49,39.30,17:35:51:916,666.00,9.15
89.32,31.57,17:35:52:036,666.00,8.02
86.36,23.55,17:35:52:150,666.00,7.33
83.71,14.46,17:35:52:271,666.00,7.55
81.17,9.74,17:35:52:390,666.00,6.08
79.11,3.77,17:35:52:522,666.00,5.11
75.59,-0.70,17:35:52:634,666.00,3.03
74.64,-2.25,17:35:52:748,666.00,3.53
74.15,-2.87,17:35:52:866,666.00,5.68
73.70,-2.48,17:35:52:998,666.00,5.18
73.65,-0.11,17:35:53:119,666.00,4.92
73.36,5.79,17:35:53:239,666.00,9.13
73.82,9.66,17:35:53:355,666.00,10.68
76.16,18.00,17:35:53:473,666.00,10.88
80.95,32.51,17:35:53:586,666.00,11.40
84.23,41.86,17:35:53:706,666.00,7.89
86.66,47.64,17:35:53:825,666.00,9.15
59.73,63.29,17:35:53:940,-11.84,40.38
47.61,55.59,17:35:54:066,-0.95,63.04
50.35,39.49,17:35:54:182,5.38,66.94
60.40,43.33,17:35:54:296,15.72,69.79
52.18,58.94,17:35:54:412,6.70,64.97
51.03,39.45,17:35:54:529,7.46,75.57
58.23,39.25,17:35:54:641,15.56,75.38
64.97,46.99,17:35:54:764,26.18,69.06
93.59,52.47,17:35:54:881,666.00,17.50
89.87,47.89,17:35:54:999,666.00,13.09
89.24,39.90,17:35:55:123,666.00,8.32
88.26,32.49,17:35:55:239,666.00,7.85
84.77,21.73,17:35:55:356,666.00,5.71
81.48,13.76,17:35:55:471,666.00,3.23
81.34,7.25,17:35:55:591,666.00,3.55
82.32,1.56,17:35:55:705,666.00,3.51
82.01,1.65,17:35:55:824,666.00,4.35
80.15,2.00,17:35:55:944,666.00,1.71
78.54,4.23,17:35:56:071,666.00,5.10
77.38,5.54,17:35:56:195,666.00,5.91
77.03,6.19,17:35:56:323,666.00,6.24
76.67,7.35,17:35:56:446,666.00,4.55
76.33,7.70,17:35:56:574,666.00,6.29
76.02,7.49,17:35:56:688,666.00,6.07
75.74,6.99,17:35:56:803,666.00,5.61
75.34,6.52,17:35:56:923,666.00,4.70
73.98,6.47,17:35:57:037,666.00,4.78
69.72,5.98,17:35:57:151,666.00,3.59
53.94,0.06,17:35:57:270,666.00,13.18
37.50,-9.65,17:35:57:382,666.00,18.65
15.15,-29.35,17:35:57:498,666.00,20.02
14.31,-39.13,17:35:57:622,666.00,28.68
20.02,-23.75,17:35:57:743,666.00,26.83
22.19,-14.27,17:35:57:863,666.00,18.63
21.45,-12.15,17:35:57:974,666.00,17.04
18.20,-15.58,17:35:58:097,666.00,24.16
11.73,-21.77,17:35:58:216,666.00,23.64
10.78,-44.66,17:35:58:331,666.00,27.62
12.00,-31.53,17:35:58:459,31.52,30.04
13.93,-22.71,17:35:58:580,28.08,30.55
16.04,-24.94,17:35:58:698,666.00,23.85
17.30,-35.29,17:35:58:812,666.00,20.04
18.35,-44.21,17:35:58:919,666.00,19.22
19.00,-45.70,17:35:59:030,666.00,19.06
15.00,-32.81,17:35:59:167,666.00,20.27
11.59,-11.92,17:35:59:284,666.00,19.89
10.92,7.91,17:35:59:401,666.00,28.36
12.55,1.21,17:35:59:515,27.51,36.77
12.80,-10.27,17:35:59:637,25.88,47.79
11.59,-19.66,17:35:59:752,24.28,55.16
7.78,-3.88,17:35:59:862,31.26,59.12
9.27,-16.83,17:35:59:971,33.91,68.52
8.27,-13.83,17:36:00:081,40.48,69.06
21.05,-26.93,17:36:00:258,40.18,87.11
25.77,-31.69,17:36:00:362,38.59,88.16
25.00,-31.29,17:36:00:467,40.01,82.73
24.74,-35.77,17:36:00:570,37.25,82.73
