Timestamp,Kinect_LeftShoulder_Ext.-Flex.,Kinect_LeftShoulder_Abd.-Add.,Kinect_LeftShoulder_Int.-Ext.,Kinect_LeftElbow_Ext.-Flex.,Kinect_RightShoulder_Ext.-Flex.,Kinect_RightShoulder_Abd.-Add.,Kinect_RightShoulder_Int.-Ext.,Kinect_RightElbow_Ext.-Flex.,13.73,-11.30,20:41:07:803,17.34,31.46
13.74,-15.53,20:41:08:250,14.68,31.53
16.66,-7.85,20:41:08:441,-33.53,30.87
29.53,-3.27,20:41:08:760,666.00,24.12
32.35,-3.72,20:41:08:919,-38.01,34.16
41.65,-7.09,20:41:09:068,-44.92,50.32
44.08,-6.83,20:41:09:202,-45.82,64.80
44.92,-6.59,20:41:09:333,-41.60,69.32
45.88,-2.80,20:41:09:461,-52.47,71.19
46.18,-1.28,20:41:09:583,-55.88,44.34
42.70,-2.62,20:41:09:704,-24.96,32.53
35.33,-1.07,20:41:09:829,666.00,21.52
22.65,-25.25,20:41:10:124,666.00,25.12
20.89,-31.84,20:41:10:241,666.00,27.53
20.02,-32.01,20:41:10:366,666.00,28.84
19.39,-25.75,20:41:10:486,666.00,26.32
18.56,-24.41,20:41:10:596,666.00,27.03
18.55,-20.12,20:41:10:711,666.00,27.90
18.90,-23.48,20:41:10:832,666.00,28.55
18.20,-20.79,20:41:10:954,666.00,25.64
18.88,-19.50,20:41:11:077,666.00,26.16
19.38,-16.25,20:41:11:212,666.00,25.18
19.28,-12.14,20:41:11:337,666.00,22.92
19.54,-10.55,20:41:11:456,666.00,22.30
19.90,-10.28,20:41:11:572,666.00,21.17
19.83,-8.83,20:41:11:696,666.00,19.39
19.82,-8.90,20:41:11:815,666.00,18.42
19.99,-8.77,20:41:11:942,666.00,17.50
20.06,-8.71,20:41:12:064,666.00,18.84
20.26,-11.63,20:41:12:191,666.00,25.74
14.72,-29.83,20:41:12:312,24.15,32.15
12.28,-34.48,20:41:12:442,29.03,30.30
13.58,-40.98,20:41:12:555,24.73,33.56
14.09,-40.69,20:41:12:668,22.77,31.00
14.32,-39.91,20:41:12:778,666.00,30.00
13.75,-38.87,20:41:12:897,666.00,28.69
12.75,-29.69,20:41:13:015,666.00,21.64
14.76,-17.44,20:41:13:138,666.00,17.68
15.64,-7.60,20:41:13:256,666.00,18.48
14.88,5.15,20:41:13:379,666.00,18.28
14.13,12.30,20:41:13:502,666.00,20.53
14.71,15.95,20:41:13:622,666.00,20.03
15.04,6.09,20:41:13:748,666.00,15.74
15.74,-9.31,20:41:13:863,666.00,14.31
17.43,-19.86,20:41:13:979,666.00,13.92
17.22,-23.17,20:41:14:095,666.00,16.10
16.55,-24.46,20:41:14:209,666.00,17.11
16.10,-23.26,20:41:14:326,666.00,16.99
15.47,-21.80,20:41:14:447,666.00,16.48
15.19,-20.77,20:41:14:565,666.00,16.29
14.94,-20.00,20:41:14:682,666.00,16.99
15.16,-20.43,20:41:14:801,666.00,17.86
15.38,-21.35,20:41:14:919,666.00,19.50
14.98,-20.22,20:41:15:047,666.00,20.74
14.95,-19.38,20:41:15:167,666.00,20.67
15.02,-18.72,20:41:15:284,666.00,21.00
15.59,-18.87,20:41:15:406,666.00,22.16
15.38,-16.40,20:41:15:525,666.00,21.38
15.20,-15.24,20:41:15:645,666.00,20.85
14.95,-13.23,20:41:15:759,666.00,21.64
15.03,-12.33,20:41:15:886,666.00,21.80
14.74,-12.45,20:41:16:006,666.00,21.87
14.90,-12.57,20:41:16:128,666.00,21.86
14.93,-13.97,20:41:16:242,666.00,21.81
14.97,-14.62,20:41:16:361,666.00,21.75
14.85,-15.69,20:41:16:476,666.00,22.17
15.03,-16.37,20:41:16:599,666.00,22.13
15.36,-17.92,20:41:16:707,666.00,22.61
15.35,-18.95,20:41:16:829,666.00,22.79
15.03,-16.93,20:41:16:949,666.00,22.05
14.84,-5.96,20:41:17:060,666.00,21.70
15.72,19.77,20:41:17:182,666.00,24.60
21.44,42.67,20:41:17:300,666.00,25.64
38.01,59.91,20:41:17:414,666.00,9.21
42.93,64.34,20:41:17:534,666.00,23.58
56.01,66.03,20:41:17:665,666.00,24.66
76.44,68.39,20:41:17:795,666.00,12.67
78.79,65.02,20:41:17:912,666.00,22.74
83.95,62.85,20:41:18:025,666.00,27.94
90.42,62.52,20:41:18:146,666.00,24.75
93.98,59.84,20:41:18:283,666.00,25.91
95.40,60.13,20:41:18:401,666.00,24.68
96.70,59.64,20:41:18:524,666.00,24.10
97.39,59.58,20:41:18:640,666.00,24.10
97.71,59.71,20:41:18:754,666.00,23.94
96.09,58.68,20:41:18:877,666.00,25.94
91.37,59.21,20:41:18:991,666.00,25.89
81.05,57.46,20:41:19:110,35.59,30.68
72.61,59.00,20:41:19:224,666.00,24.48
63.77,60.90,20:41:19:353,666.00,15.30
43.88,62.13,20:41:19:477,666.00,20.45
32.78,58.71,20:41:19:595,666.00,21.21
17.22,50.23,20:41:19:708,666.00,26.70
12.42,31.83,20:41:19:820,666.00,26.18
11.00,-1.87,20:41:19:944,666.00,25.86
12.91,-16.65,20:41:20:070,666.00,24.72
14.74,-26.80,20:41:20:199,666.00,23.08
14.83,-27.95,20:41:20:316,666.00,22.47
15.06,-29.24,20:41:20:435,666.00,22.36
14.89,-27.97,20:41:20:551,666.00,21.49
15.08,-29.81,20:41:20:675,666.00,21.61
14.94,-29.69,20:41:20:794,666.00,20.81
15.00,-30.44,20:41:20:906,666.00,20.89
15.13,-31.27,20:41:21:023,666.00,21.11
14.79,-31.17,20:41:21:147,666.00,21.74
13.82,-22.81,20:41:21:283,666.00,23.98
12.41,9.18,20:41:21:423,666.00,27.87
20.59,49.09,20:41:21:542,666.00,29.09
31.12,62.25,20:41:21:654,666.00,29.40
54.66,74.72,20:41:21:773,666.00,17.35
64.51,77.92,20:41:21:903,666.00,15.63
73.25,74.76,20:41:22:018,666.00,15.29
72.61,66.70,20:41:22:131,20.71,34.29
87.65,69.60,20:41:22:247,666.00,16.39
88.88,67.77,20:41:22:364,666.00,19.68
92.44,66.94,20:41:22:480,666.00,19.79
93.55,67.13,20:41:22:596,666.00,19.37
94.59,68.58,20:41:22:709,666.00,15.34
96.97,70.57,20:41:22:828,666.00,11.00
95.89,69.47,20:41:22:956,666.00,14.16
96.31,70.09,20:41:23:077,666.00,11.92
85.97,64.41,20:41:23:196,666.00,25.33
75.42,65.59,20:41:23:308,666.00,25.91
68.85,69.03,20:41:23:419,666.00,17.94
49.16,63.39,20:41:23:541,666.00,15.02
31.80,59.76,20:41:23:650,666.00,22.19
21.73,54.10,20:41:23:763,666.00,21.32
13.48,22.59,20:41:23:883,666.00,21.20
14.79,-5.84,20:41:24:002,666.00,21.97
18.27,-27.14,20:41:24:118,666.00,18.01
19.23,-31.39,20:41:24:235,666.00,19.20
19.66,-36.85,20:41:24:360,666.00,19.78
18.81,-35.43,20:41:24:485,666.00,19.94
18.46,-35.66,20:41:24:617,666.00,20.15
18.54,-36.74,20:41:24:735,666.00,20.86
18.29,-36.30,20:41:24:848,666.00,21.03
17.44,-34.09,20:41:24:972,666.00,21.65
14.46,-22.39,20:41:25:093,666.00,21.63
10.91,10.58,20:41:25:214,666.00,24.23
12.40,39.22,20:41:25:336,-14.70,30.88
34.42,66.18,20:41:25:449,666.00,13.84
48.56,70.17,20:41:25:582,666.00,12.08
66.05,73.34,20:41:25:696,666.00,7.37
70.90,72.28,20:41:25:816,666.00,5.31
84.78,71.40,20:41:25:928,666.00,3.65
85.06,67.05,20:41:26:050,666.00,25.27
91.05,65.60,20:41:26:166,666.00,21.68
96.02,62.00,20:41:26:297,666.00,22.65
102.15,68.82,20:41:26:420,666.00,6.39
102.75,70.50,20:41:26:538,666.00,3.48
97.51,66.87,20:41:26:651,666.00,15.61
97.61,65.99,20:41:26:769,666.00,16.40
101.48,67.78,20:41:26:886,666.00,9.31
94.77,63.98,20:41:27:010,666.00,23.19
92.02,63.90,20:41:27:126,666.00,19.62
84.68,63.42,20:41:27:245,666.00,13.79
71.14,63.32,20:41:27:368,666.00,15.63
52.12,54.61,20:41:27:480,666.00,15.44
39.53,50.00,20:41:27:594,666.00,13.42
21.97,28.64,20:41:27:717,666.00,24.45
18.16,1.41,20:41:27:845,666.00,17.86
19.34,-27.49,20:41:27:956,666.00,20.55
22.28,-37.59,20:41:28:079,666.00,20.82
22.74,-41.02,20:41:28:204,666.00,22.53
22.47,-41.02,20:41:28:323,666.00,23.36
21.78,-40.72,20:41:28:448,666.00,26.11
21.43,-40.07,20:41:28:569,666.00,25.77
20.84,-38.85,20:41:28:687,666.00,25.75
20.25,-36.87,20:41:28:803,666.00,25.02
18.58,-29.53,20:41:28:917,666.00,27.04
16.73,-4.94,20:41:29:040,666.00,28.26
18.11,19.33,20:41:29:157,-4.79,30.19
31.51,48.12,20:41:29:279,666.00,22.25
41.21,56.78,20:41:29:395,666.00,27.52
52.08,63.02,20:41:29:505,15.65,37.27
63.47,66.48,20:41:29:614,3.88,148.60
65.76,62.43,20:41:29:727,22.79,39.36
78.51,62.82,20:41:29:843,29.06,39.60
84.40,60.15,20:41:29:957,39.73,36.03
91.87,60.09,20:41:30:076,45.35,30.78
92.78,59.73,20:41:30:188,45.92,30.58
98.28,64.04,20:41:30:301,666.00,18.34
91.10,58.42,20:41:30:420,42.97,34.12
99.28,64.31,20:41:30:544,666.00,16.66
91.72,58.57,20:41:30:662,44.66,33.29
92.07,58.21,20:41:30:775,47.25,33.07
90.70,62.80,20:41:30:896,666.00,25.30
77.62,61.45,20:41:31:020,666.00,27.73
62.31,56.62,20:41:31:134,15.66,41.30
49.01,57.28,20:41:31:249,666.00,25.99
35.43,49.07,20:41:31:367,666.00,23.98
21.71,28.80,20:41:31:495,666.00,26.25
18.05,6.17,20:41:31:615,666.00,21.79
17.17,-11.33,20:41:31:729,666.00,20.66
18.19,-27.77,20:41:31:842,666.00,18.32
19.13,-32.74,20:41:31:954,666.00,21.07
19.48,-35.37,20:41:32:071,666.00,19.93
19.53,-35.77,20:41:32:192,666.00,19.67
19.31,-35.63,20:41:32:313,666.00,20.08
19.10,-35.75,20:41:32:448,666.00,20.00
19.01,-36.06,20:41:32:565,666.00,20.37
18.59,-34.83,20:41:32:677,666.00,20.19
16.90,-25.04,20:41:32:813,666.00,21.01
16.18,-2.98,20:41:32:931,666.00,27.26
22.96,35.14,20:41:33:045,666.00,25.29
32.37,51.10,20:41:33:158,666.00,25.38
46.54,60.53,20:41:33:269,666.00,16.53
62.27,64.09,20:41:33:395,666.00,16.45
74.79,67.40,20:41:33:516,666.00,16.83
80.98,68.51,20:41:33:627,666.00,12.93
87.84,67.24,20:41:33:742,666.00,26.14
93.68,65.68,20:41:33:857,666.00,15.96
96.02,65.21,20:41:33:980,666.00,15.93
96.37,64.40,20:41:34:101,666.00,16.98
95.82,62.44,20:41:34:221,666.00,19.41
95.40,63.26,20:41:34:346,666.00,19.23
95.37,62.95,20:41:34:466,666.00,19.32
97.17,64.57,20:41:34:582,666.00,14.26
96.29,64.00,20:41:34:699,666.00,12.91
89.25,62.16,20:41:34:815,666.00,9.83
78.73,60.79,20:41:34:935,666.00,21.26
68.34,59.71,20:41:35:059,666.00,12.58
47.15,54.62,20:41:35:180,666.00,23.53
34.84,49.25,20:41:35:297,666.00,21.47
21.15,32.16,20:41:35:412,666.00,23.54
15.28,7.68,20:41:35:530,666.00,20.92
16.13,-25.13,20:41:35:651,666.00,23.80
17.66,-34.52,20:41:35:766,666.00,21.95
19.47,-39.59,20:41:35:879,666.00,20.91
19.85,-41.32,20:41:35:996,666.00,20.91
19.04,-40.89,20:41:36:117,666.00,21.91
18.78,-40.08,20:41:36:243,666.00,23.97
18.73,-40.30,20:41:36:362,666.00,23.86
18.76,-40.56,20:41:36:479,666.00,23.68
18.88,-41.28,20:41:36:596,666.00,23.58
18.72,-41.41,20:41:36:720,666.00,23.25
18.03,-37.44,20:41:36:843,666.00,21.75
16.07,-22.20,20:41:36:958,666.00,23.24
16.64,23.26,20:41:37:079,666.00,26.71
23.37,47.68,20:41:37:197,666.00,25.62
35.91,62.49,20:41:37:324,-7.94,30.25
58.03,69.12,20:41:37:445,666.00,17.77
68.53,76.21,20:41:37:558,666.00,9.57
74.63,70.99,20:41:37:677,666.00,26.71
73.27,69.94,20:41:37:795,6.77,38.41
95.39,69.73,20:41:37:916,666.00,8.48
92.36,63.59,20:41:38:043,666.00,24.75
93.15,64.26,20:41:38:157,666.00,24.44
93.65,64.68,20:41:38:279,666.00,23.92
93.96,64.46,20:41:38:404,666.00,23.88
94.13,64.25,20:41:38:538,666.00,24.03
93.51,63.71,20:41:38:676,666.00,25.17
80.23,58.06,20:41:38:820,27.76,43.07
74.61,64.80,20:41:38:950,666.00,23.15
57.93,64.58,20:41:39:076,666.00,28.23
42.86,60.50,20:41:39:195,666.00,26.30
28.92,60.92,20:41:39:313,666.00,23.68
21.17,46.94,20:41:39:438,666.00,22.90
14.93,16.65,20:41:39:555,666.00,24.57
14.90,-7.78,20:41:39:671,666.00,23.06
16.26,-27.86,20:41:39:792,666.00,20.65
18.61,-37.63,20:41:39:911,666.00,23.21
19.09,-41.43,20:41:40:029,666.00,23.36
18.73,-41.59,20:41:40:149,666.00,22.42
18.60,-41.08,20:41:40:263,666.00,21.23
18.52,-40.81,20:41:40:379,666.00,20.35
18.25,-39.19,20:41:40:495,666.00,19.96
18.57,-40.37,20:41:40:615,666.00,20.75
16.62,19.88,20:41:41:017,-10.38,31.12
24.46,50.10,20:41:41:132,666.00,28.86
38.79,65.53,20:41:41:248,666.00,25.58
51.46,69.41,20:41:41:370,666.00,24.63
68.94,75.23,20:41:41:490,666.00,6.39
77.03,72.06,20:41:41:609,666.00,26.81
83.63,71.18,20:41:41:723,666.00,26.82
93.21,69.86,20:41:41:847,666.00,21.17
94.68,69.30,20:41:41:955,666.00,22.81
95.18,69.12,20:41:42:079,666.00,22.88
94.81,68.15,20:41:42:195,666.00,24.15
95.24,68.44,20:41:42:317,666.00,23.08
94.62,67.43,20:41:42:431,666.00,24.65
93.15,66.51,20:41:42:549,666.00,25.36
90.48,64.35,20:41:42:665,666.00,27.15
80.73,63.91,20:41:42:782,666.00,27.59
72.97,63.37,20:41:42:899,666.00,17.26
50.63,60.22,20:41:43:022,666.00,18.67
37.00,54.62,20:41:43:132,666.00,11.69
21.33,35.93,20:41:43:252,666.00,18.64
14.78,-4.93,20:41:43:379,666.00,22.37
15.76,-29.27,20:41:43:495,666.00,21.90
18.90,-45.41,20:41:43:610,666.00,21.84
20.35,-50.21,20:41:43:720,666.00,22.05
19.95,-51.38,20:41:43:831,666.00,22.55
19.39,-50.82,20:41:43:942,666.00,24.79
18.61,-48.63,20:41:44:056,666.00,24.45
18.39,-47.17,20:41:44:179,666.00,24.28
18.31,-46.59,20:41:44:291,666.00,23.95
18.29,-46.98,20:41:44:409,666.00,23.34
18.16,-47.54,20:41:44:517,666.00,22.86
17.35,-43.61,20:41:44:642,666.00,24.31
14.74,-20.47,20:41:44:752,666.00,26.07
16.10,17.64,20:41:44:867,666.00,25.90
25.09,50.23,20:41:44:984,-9.06,30.93
39.79,60.48,20:41:45:097,-5.35,30.47
63.88,66.18,20:41:45:214,666.00,16.15
68.41,65.33,20:41:45:333,666.00,27.09
81.27,66.45,20:41:45:450,666.00,20.60
101.95,64.92,20:41:45:567,666.00,17.11
92.00,62.76,20:41:45:686,666.00,20.68
92.95,60.79,20:41:45:799,666.00,23.60
99.69,63.86,20:41:45:912,666.00,12.81
98.57,60.70,20:41:46:033,666.00,16.15
96.11,58.20,20:41:46:151,666.00,22.16
95.25,56.77,20:41:46:271,666.00,24.75
94.77,56.93,20:41:46:392,666.00,25.48
93.89,57.74,20:41:46:509,666.00,25.60
91.12,59.12,20:41:46:629,666.00,17.21
77.48,57.94,20:41:46:752,666.00,24.88
63.35,54.58,20:41:46:873,666.00,14.92
46.00,49.04,20:41:46:990,666.00,28.42
28.88,39.45,20:41:47:113,666.00,26.25
19.71,27.48,20:41:47:227,666.00,25.84
13.81,-12.58,20:41:47:356,666.00,27.11
14.97,-31.96,20:41:47:474,666.00,26.68
17.26,-44.19,20:41:47:593,666.00,21.49
18.16,-45.83,20:41:47:708,666.00,21.36
18.26,-46.25,20:41:47:819,666.00,22.26
18.19,-46.03,20:41:47:941,666.00,22.67
17.98,-45.99,20:41:48:056,666.00,22.65
18.16,-46.15,20:41:48:169,666.00,22.63
18.38,-44.28,20:41:48:291,666.00,22.35
16.57,-30.27,20:41:48:410,666.00,24.62
15.46,1.76,20:41:48:529,666.00,23.84
22.08,41.29,20:41:48:655,666.00,29.75
44.25,62.29,20:41:48:775,666.00,18.15
54.18,66.76,20:41:48:896,666.00,11.07
67.66,70.39,20:41:49:012,666.00,23.21
73.85,69.91,20:41:49:129,666.00,22.75
84.68,67.76,20:41:49:244,666.00,22.79
89.98,67.25,20:41:49:360,666.00,23.66
93.34,66.78,20:41:49:484,666.00,25.21
95.72,68.57,20:41:49:609,666.00,21.68
96.88,67.31,20:41:49:723,666.00,21.46
96.74,66.48,20:41:49:853,666.00,22.47
96.10,65.22,20:41:49:982,666.00,24.44
95.30,63.16,20:41:50:099,666.00,28.17
94.96,65.76,20:41:50:219,666.00,24.29
90.88,63.98,20:41:50:338,666.00,25.49
76.65,64.37,20:41:50:456,20.57,31.09
50.78,60.98,20:41:50:589,-3.60,35.66
28.82,53.63,20:41:50:711,-10.67,32.44
21.22,36.75,20:41:50:828,666.00,21.73
15.84,3.38,20:41:50:948,666.00,20.03
17.31,-25.63,20:41:51:064,666.00,20.80
20.69,-41.63,20:41:51:180,666.00,19.85
21.19,-44.08,20:41:51:301,666.00,18.79
21.12,-47.07,20:41:51:414,666.00,20.21
20.73,-47.98,20:41:51:529,666.00,21.88
20.34,-47.28,20:41:51:643,666.00,22.13
20.22,-46.61,20:41:51:758,666.00,21.53
20.36,-45.06,20:41:51:879,666.00,21.35
20.14,-43.21,20:41:52:000,666.00,21.72
19.11,-38.38,20:41:52:119,666.00,24.42
15.99,-16.46,20:41:52:231,666.00,25.96
19.42,32.57,20:41:52:353,666.00,25.12
28.23,49.84,20:41:52:469,5.57,30.87
51.03,63.52,20:41:52:588,666.00,26.86
67.84,67.95,20:41:52:702,666.00,14.86
76.66,73.71,20:41:52:814,666.00,17.63
79.29,71.41,20:41:52:928,666.00,25.60
88.91,68.92,20:41:53:065,666.00,23.92
92.76,66.88,20:41:53:186,666.00,21.01
92.54,67.28,20:41:53:310,666.00,20.74
89.55,63.60,20:41:53:425,666.00,25.91
87.87,62.24,20:41:53:552,39.74,30.41
90.60,64.51,20:41:53:667,666.00,23.39
90.37,64.97,20:41:53:778,666.00,22.80
88.10,63.28,20:41:53:900,666.00,25.86
86.96,62.68,20:41:54:015,666.00,18.94
71.87,63.47,20:41:54:134,666.00,27.30
58.75,61.99,20:41:54:251,666.00,19.30
39.90,56.14,20:41:54:374,666.00,23.57
29.51,51.13,20:41:54:490,666.00,23.46
17.42,26.71,20:41:54:611,666.00,19.16
14.69,0.48,20:41:54:730,666.00,16.97
16.43,-32.21,20:41:54:846,666.00,20.16
18.47,-39.22,20:41:54:963,666.00,18.52
18.53,-42.93,20:41:55:079,666.00,17.11
18.47,-44.44,20:41:55:197,666.00,17.80
18.31,-44.94,20:41:55:320,666.00,18.38
18.30,-44.86,20:41:55:432,666.00,19.53
18.43,-45.13,20:41:55:559,666.00,19.02
18.73,-45.77,20:41:55:676,666.00,19.78
18.95,-46.36,20:41:55:793,666.00,20.01
19.16,-44.20,20:41:55:910,666.00,20.04
18.14,-35.99,20:41:56:032,666.00,20.09
15.64,-11.81,20:41:56:149,666.00,22.06
16.48,21.81,20:41:56:268,666.00,21.53
24.32,51.99,20:41:56:386,-9.33,30.81
42.01,67.54,20:41:56:500,666.00,16.97
51.42,74.95,20:41:56:614,-23.81,36.96
71.88,78.38,20:41:56:733,666.00,4.99
72.33,67.16,20:41:56:844,24.44,43.87
88.46,74.93,20:41:56:965,666.00,16.39
88.83,72.69,20:41:57:080,666.00,21.66
89.07,71.67,20:41:57:196,666.00,24.00
90.70,72.08,20:41:57:316,666.00,20.88
91.06,72.43,20:41:57:437,666.00,20.23
90.20,70.97,20:41:57:565,666.00,21.00
91.16,70.48,20:41:57:679,666.00,20.33
90.36,70.21,20:41:57:796,666.00,21.51
88.60,66.73,20:41:57:908,666.00,25.88
89.17,67.17,20:41:58:021,666.00,23.79
84.70,65.06,20:41:58:140,30.90,30.03
76.23,63.28,20:41:58:254,25.17,32.41
68.54,63.28,20:41:58:373,666.00,19.03
54.49,60.27,20:41:58:482,666.00,13.53
42.38,59.36,20:41:58:597,666.00,10.72
28.14,44.23,20:41:58:721,666.00,15.81
19.12,13.03,20:41:58:834,666.00,19.41
18.53,-22.46,20:41:58:950,666.00,16.68
19.66,-36.73,20:41:59:068,666.00,16.56
20.51,-42.71,20:41:59:183,666.00,18.96
20.82,-45.32,20:41:59:301,666.00,21.37
19.92,-44.97,20:41:59:426,666.00,24.16
18.71,-40.46,20:41:59:543,666.00,24.46
18.31,-38.39,20:41:59:679,666.00,24.33
18.46,-38.97,20:41:59:802,666.00,23.55
18.24,-36.64,20:41:59:933,666.00,22.05
14.96,-12.11,20:42:00:047,666.00,24.03
16.76,28.37,20:42:00:165,666.00,24.92
28.42,58.66,20:42:00:285,666.00,26.53
41.85,67.98,20:42:00:401,666.00,22.96
55.17,76.16,20:42:00:512,-10.43,40.74
74.18,75.61,20:42:00:624,666.00,14.12
76.01,74.00,20:42:00:742,666.00,29.37
79.38,66.55,20:42:00:863,27.26,35.60
75.94,64.50,20:42:00:982,19.19,44.71
87.72,68.45,20:42:01:097,666.00,24.66
85.11,65.32,20:42:01:212,31.00,31.58
87.84,67.43,20:42:01:334,666.00,24.88
86.71,66.24,20:42:01:461,666.00,27.35
87.17,67.13,20:42:01:583,666.00,25.81
85.75,62.73,20:42:01:700,38.35,31.89
87.39,67.02,20:42:01:817,666.00,23.03
83.22,65.37,20:42:01:934,666.00,26.26
75.95,65.13,20:42:02:049,666.00,24.19
67.95,64.45,20:42:02:164,666.00,23.11
48.86,59.79,20:42:02:282,666.00,23.61
33.26,55.25,20:42:02:399,666.00,28.65
20.59,38.07,20:42:02:527,666.00,20.17
15.84,-7.91,20:42:02:645,666.00,18.21
18.87,-35.33,20:42:02:771,666.00,18.78
22.18,-47.82,20:42:02:889,666.00,18.15
23.08,-52.52,20:42:03:018,666.00,19.66
22.80,-51.51,20:42:03:135,666.00,20.03
22.36,-49.22,20:42:03:252,666.00,20.72
22.12,-48.00,20:42:03:376,666.00,19.85
21.87,-47.64,20:42:03:492,666.00,19.67
21.99,-46.98,20:42:03:610,666.00,19.32
20.03,-35.43,20:42:03:726,666.00,20.39
17.77,-1.10,20:42:03:844,666.00,23.37
22.19,34.68,20:42:03:960,666.00,25.99
40.26,61.49,20:42:04:079,666.00,10.59
54.93,69.11,20:42:04:198,666.00,10.42
73.78,72.52,20:42:04:312,666.00,13.40
80.87,69.84,20:42:04:429,666.00,21.71
83.61,67.41,20:42:04:541,666.00,22.75
91.60,67.65,20:42:04:654,666.00,12.16
84.97,63.36,20:42:04:773,666.00,26.55
79.79,63.15,20:42:04:893,15.17,33.98
80.31,62.98,20:42:05:012,15.87,31.91
89.73,64.86,20:42:05:124,666.00,16.40
88.55,64.20,20:42:05:247,666.00,14.82
89.96,62.88,20:42:05:366,666.00,13.77
77.30,57.43,20:42:05:477,20.96,40.29
78.08,58.69,20:42:05:588,19.96,37.02
74.13,59.30,20:42:05:715,17.77,30.25
68.18,61.80,20:42:05:833,666.00,26.28
52.98,59.94,20:42:05:947,666.00,15.77
38.96,55.14,20:42:06:064,666.00,19.78
21.72,34.23,20:42:06:176,666.00,20.91
15.45,3.96,20:42:06:299,666.00,20.25
16.93,-35.31,20:42:06:417,666.00,22.10
19.96,-46.13,20:42:06:527,666.00,19.34
21.75,-54.12,20:42:06:644,666.00,20.34
22.89,-56.25,20:42:06:753,666.00,22.85
22.64,-56.03,20:42:06:866,666.00,22.33
22.50,-56.12,20:42:06:982,666.00,23.24
20.81,-54.02,20:42:07:107,666.00,22.70
18.21,-48.60,20:42:07:232,666.00,25.08
14.07,-24.69,20:42:07:356,666.00,22.76
13.71,24.75,20:42:07:475,666.00,28.54
23.21,56.81,20:42:07:594,666.00,29.74
46.72,71.57,20:42:07:714,666.00,11.18
60.81,69.59,20:42:07:828,666.00,23.14
69.42,75.29,20:42:07:953,666.00,22.77
72.84,70.52,20:42:08:080,7.72,36.98
73.02,68.59,20:42:08:207,11.87,41.22
75.19,64.50,20:42:08:344,27.24,43.31
85.58,68.42,20:42:08:484,666.00,28.59
82.79,66.21,20:42:08:612,30.16,36.49
87.45,67.46,20:42:08:741,666.00,28.24
86.15,67.89,20:42:08:892,666.00,28.24
83.21,69.02,20:42:09:017,666.00,21.41
73.72,63.55,20:42:09:143,28.00,34.86
51.93,65.09,20:42:09:282,-0.36,48.22
40.77,60.98,20:42:09:420,666.00,29.39
26.33,47.95,20:42:09:557,666.00,23.63
16.80,8.17,20:42:09:687,666.00,27.90
16.62,-24.92,20:42:09:825,666.00,22.07
20.24,-43.99,20:42:09:959,666.00,18.28
23.76,-50.93,20:42:10:109,666.00,18.72
24.78,-52.36,20:42:10:234,666.00,18.27
25.06,-54.15,20:42:10:371,666.00,19.09
24.64,-54.03,20:42:10:502,666.00,19.18
23.63,-51.63,20:42:10:650,666.00,18.96
18.60,-32.93,20:42:10:782,666.00,21.29
14.88,6.50,20:42:10:921,666.00,26.02
20.93,41.70,20:42:11:050,4.38,31.14
42.91,65.64,20:42:11:194,666.00,22.51
47.58,71.53,20:42:11:331,7.79,37.55
64.42,75.94,20:42:11:457,666.00,19.12
83.01,73.30,20:42:11:594,666.00,13.69
84.14,67.77,20:42:11:709,666.00,27.88
88.50,67.31,20:42:11:831,666.00,23.20
88.83,68.44,20:42:11:951,666.00,22.66
86.03,65.71,20:42:12:079,666.00,29.25
87.39,67.22,20:42:12:196,666.00,25.27
87.71,66.88,20:42:12:313,666.00,25.04
86.52,67.20,20:42:12:432,666.00,25.01
77.11,63.59,20:42:12:543,21.16,41.33
74.83,64.07,20:42:12:657,20.45,34.09
61.21,62.09,20:42:12:775,666.00,25.71
46.76,57.78,20:42:12:893,666.00,28.74
28.61,51.93,20:42:13:015,666.00,25.92
21.43,31.70,20:42:13:131,666.00,22.59
19.72,-5.47,20:42:13:249,666.00,18.70
22.65,-29.34,20:42:13:378,666.00,15.57
24.97,-38.07,20:42:13:495,666.00,12.40
26.32,-44.72,20:42:13:612,666.00,15.30
26.38,-46.10,20:42:13:731,666.00,14.65
25.31,-45.94,20:42:13:848,666.00,14.97
24.71,-45.46,20:42:13:962,666.00,15.83
24.02,-43.78,20:42:14:074,666.00,17.29
21.22,-37.29,20:42:14:188,666.00,19.04
17.73,-18.48,20:42:14:313,666.00,26.89
20.10,31.40,20:42:14:433,666.00,27.06
33.24,64.64,20:42:14:547,666.00,27.67
51.19,72.67,20:42:14:662,666.00,15.00
74.13,77.90,20:42:14:772,666.00,11.25
78.57,73.04,20:42:14:880,666.00,20.72
76.11,71.68,20:42:14:991,12.13,35.63
89.01,68.23,20:42:15:120,666.00,21.75
89.59,68.36,20:42:15:251,666.00,22.27
90.37,67.66,20:42:15:376,666.00,21.97
88.34,64.34,20:42:15:488,666.00,29.09
93.31,64.82,20:42:15:607,666.00,22.46
93.57,67.06,20:42:15:727,666.00,20.19
92.77,67.45,20:42:15:842,666.00,20.58
92.62,66.90,20:42:15:957,666.00,21.52
92.46,66.48,20:42:16:079,666.00,22.14
90.32,67.45,20:42:16:193,666.00,20.65
74.81,67.12,20:42:16:310,666.00,23.99
58.95,68.43,20:42:16:426,666.00,26.76
39.66,61.66,20:42:16:545,666.00,22.19
25.01,52.15,20:42:16:667,666.00,23.64
13.27,23.84,20:42:16:785,666.00,21.44
13.31,-9.60,20:42:16:904,666.00,20.77
17.36,-35.94,20:42:17:025,666.00,21.32
17.93,-43.44,20:42:17:141,666.00,17.83
17.89,-46.20,20:42:17:259,666.00,17.87
18.09,-48.62,20:42:17:372,666.00,18.85
18.11,-48.70,20:42:17:488,666.00,18.48
18.26,-48.97,20:42:17:601,666.00,18.54
18.36,-48.74,20:42:17:714,666.00,18.86
17.29,-42.68,20:42:17:827,666.00,21.87
14.12,-14.80,20:42:17:940,666.00,25.57
14.82,22.49,20:42:18:053,666.00,27.57
26.39,59.14,20:42:18:173,-4.64,31.01
44.00,67.96,20:42:18:297,666.00,13.80
62.37,76.42,20:42:18:414,-59.30,169.18
68.27,77.73,20:42:18:526,-1.19,42.47
74.62,72.73,20:42:18:642,7.07,32.80
75.71,69.77,20:42:18:760,11.36,32.57
75.95,66.18,20:42:18:876,14.65,40.58
78.33,64.86,20:42:18:988,18.39,38.06
86.10,65.51,20:42:19:113,666.00,20.43
88.17,66.94,20:42:19:228,666.00,17.07
88.43,67.26,20:42:19:347,666.00,17.90
88.30,65.86,20:42:19:462,666.00,18.96
86.88,65.26,20:42:19:586,666.00,21.96
85.80,65.61,20:42:19:708,666.00,15.84
73.05,64.86,20:42:19:822,666.00,22.68
60.64,62.30,20:42:19:934,666.00,23.69
41.58,57.65,20:42:20:058,666.00,20.99
22.42,36.71,20:42:20:180,666.00,25.48
18.90,10.50,20:42:20:300,666.00,20.05
21.56,-24.67,20:42:20:415,666.00,14.96
23.45,-36.04,20:42:20:530,666.00,13.90
25.20,-42.49,20:42:20:645,666.00,14.73
26.11,-45.94,20:42:20:766,666.00,15.14
25.43,-46.42,20:42:20:887,666.00,13.98
24.71,-47.42,20:42:21:008,666.00,14.74
24.05,-47.74,20:42:21:126,666.00,15.18
23.31,-47.55,20:42:21:245,666.00,16.27
20.25,-41.53,20:42:21:368,666.00,21.01
15.26,-1.96,20:42:21:486,666.00,22.07
21.00,47.70,20:42:21:612,666.00,29.02
33.71,67.13,20:42:21:729,666.00,27.95
57.62,73.27,20:42:21:846,666.00,8.94
65.37,75.36,20:42:21:969,666.00,12.57
70.09,72.86,20:42:22:089,666.00,27.58
72.02,73.14,20:42:22:202,0.28,38.07
83.21,68.19,20:42:22:327,666.00,25.60
94.80,69.51,20:42:22:443,666.00,8.24
85.03,63.89,20:42:22:561,666.00,28.89
98.09,68.75,20:42:22:676,666.00,6.50
89.62,67.39,20:42:22:792,666.00,19.54
84.24,62.78,20:42:22:910,32.07,31.66
84.77,63.34,20:42:23:037,32.17,30.23
84.79,63.28,20:42:23:160,666.00,29.83
76.32,61.20,20:42:23:279,23.95,39.57
71.53,65.03,20:42:23:393,9.24,36.76
57.07,63.94,20:42:23:510,4.63,37.80
46.23,66.64,20:42:23:630,-17.19,37.34
30.89,62.82,20:42:23:753,666.00,28.98
20.33,47.89,20:42:23:865,-10.92,30.20
13.45,10.02,20:42:23:983,666.00,24.67
14.07,-19.56,20:42:24:098,666.00,21.82
16.94,-38.20,20:42:24:212,666.00,19.64
17.67,-42.56,20:42:24:327,666.00,18.81
18.21,-44.72,20:42:24:441,666.00,17.76
17.86,-44.35,20:42:24:554,666.00,19.73
18.00,-44.44,20:42:24:683,666.00,21.98
18.01,-45.33,20:42:24:816,666.00,22.61
17.97,-45.01,20:42:24:936,666.00,22.68
16.24,-38.60,20:42:25:063,666.00,20.84
11.47,0.23,20:42:25:178,666.00,27.12
15.12,42.32,20:42:25:298,666.00,29.56
33.43,68.88,20:42:25:412,666.00,26.85
50.59,76.09,20:42:25:534,666.00,13.46
61.06,80.26,20:42:25:644,666.00,27.06
69.63,77.61,20:42:25:757,666.00,16.29
67.86,71.90,20:42:25:874,3.63,55.29
82.15,73.03,20:42:25:993,666.00,24.35
84.37,71.22,20:42:26:108,666.00,22.96
79.73,62.76,20:42:26:224,37.13,39.37
85.47,69.29,20:42:26:348,666.00,22.78
84.06,69.11,20:42:26:467,666.00,25.41
82.08,64.96,20:42:26:579,34.49,33.22
83.87,67.51,20:42:26:691,666.00,28.88
84.21,67.99,20:42:26:811,666.00,27.20
80.32,66.15,20:42:26:932,26.67,33.23
80.91,69.13,20:42:27:049,666.00,22.96
72.65,67.29,20:42:27:162,12.74,33.89
70.57,68.86,20:42:27:280,666.00,20.52
41.79,68.26,20:42:27:397,-17.78,51.99
34.62,65.79,20:42:27:508,666.00,10.96
17.10,63.85,20:42:27:630,666.00,22.78
9.61,26.53,20:42:27:747,666.00,21.72
10.49,-14.61,20:42:27:874,666.00,23.04
15.63,-40.95,20:42:27:996,666.00,22.00
18.20,-46.72,20:42:28:112,666.00,20.07
18.40,-46.75,20:42:28:231,666.00,20.28
18.46,-46.57,20:42:28:351,666.00,20.83
18.30,-46.39,20:42:28:465,666.00,20.97
17.85,-46.12,20:42:28:577,666.00,20.14
17.77,-46.26,20:42:28:693,666.00,19.72
16.99,-44.18,20:42:28:813,666.00,20.41
14.58,-34.52,20:42:28:929,666.00,23.85
13.04,13.21,20:42:29:043,666.00,25.34
17.97,43.73,20:42:29:156,-4.08,32.16
32.03,65.53,20:42:29:277,-8.99,33.82
49.33,73.22,20:42:29:388,666.00,21.59
50.09,76.01,20:42:29:498,0.86,36.20
70.96,76.18,20:42:29:608,666.00,22.55
77.03,72.32,20:42:29:720,666.00,24.13
72.98,73.07,20:42:29:840,15.17,37.26
74.53,70.98,20:42:29:964,10.40,38.43
84.03,73.14,20:42:30:083,666.00,18.16
74.87,71.09,20:42:30:198,6.35,37.85
75.98,69.23,20:42:30:316,8.46,37.34
86.55,70.42,20:42:30:426,666.00,19.78
84.99,61.81,20:42:30:541,52.03,30.31
85.52,68.64,20:42:30:658,666.00,22.92
86.86,71.79,20:42:30:776,666.00,17.07
83.94,69.10,20:42:30:898,666.00,21.60
75.56,64.03,20:42:31:025,21.29,39.34
69.76,64.50,20:42:31:147,18.27,34.22
64.86,64.59,20:42:31:265,666.00,20.94
40.03,58.79,20:42:31:397,666.00,22.65
22.15,46.31,20:42:31:515,666.00,26.31
13.35,21.81,20:42:31:645,666.00,20.64
13.85,-8.44,20:42:31:761,666.00,21.84
16.87,-31.37,20:42:31:885,666.00,20.35
18.57,-38.69,20:42:32:006,666.00,19.65
19.63,-41.44,20:42:32:128,666.00,19.72
19.62,-42.17,20:42:32:244,666.00,19.62
19.48,-41.91,20:42:32:371,666.00,19.51
19.14,-41.37,20:42:32:490,666.00,19.57
18.95,-40.80,20:42:32:608,666.00,19.09
17.99,-37.31,20:42:32:720,666.00,20.81
15.17,-18.57,20:42:32:833,666.00,22.65
16.17,29.89,20:42:32:952,666.00,28.71
33.94,62.52,20:42:33:082,666.00,21.48
43.89,66.98,20:42:33:199,666.00,22.22
48.02,74.13,20:42:33:323,-3.97,37.12
70.32,73.79,20:42:33:439,666.00,20.65
72.85,66.36,20:42:33:550,25.11,33.95
75.18,69.14,20:42:33:664,12.57,34.48
85.47,70.94,20:42:33:785,666.00,20.60
87.99,70.63,20:42:33:906,666.00,17.36
73.21,66.48,20:42:34:035,7.94,40.97
88.63,72.10,20:42:34:157,666.00,11.91
75.95,65.79,20:42:34:278,10.22,33.65
73.67,64.39,20:42:34:394,9.47,38.28
84.88,69.03,20:42:34:510,666.00,15.68
85.80,69.10,20:42:34:621,666.00,16.93
83.94,67.80,20:42:34:732,666.00,19.37
84.71,68.33,20:42:34:847,666.00,15.40
70.62,61.00,20:42:34:959,19.36,37.06
66.73,65.08,20:42:35:077,666.00,23.33
57.71,64.92,20:42:35:187,666.00,28.08
45.51,60.98,20:42:35:303,666.00,17.51
29.89,55.80,20:42:35:414,666.00,15.37
18.79,37.80,20:42:35:528,666.00,20.06
14.06,0.01,20:42:35:645,666.00,22.74
16.10,-23.73,20:42:35:775,666.00,19.99
17.73,-34.10,20:42:35:898,666.00,20.75
17.98,-38.80,20:42:36:017,666.00,20.23
18.29,-41.37,20:42:36:135,666.00,21.64
17.89,-40.51,20:42:36:252,666.00,21.02
17.76,-39.96,20:42:36:371,666.00,20.72
17.77,-39.92,20:42:36:483,666.00,21.01
17.44,-39.24,20:42:36:593,666.00,21.18
17.38,-37.37,20:42:36:711,666.00,21.24
16.30,-29.80,20:42:36:825,666.00,22.52
14.74,-3.22,20:42:36:942,666.00,27.51
18.87,36.24,20:42:37:056,666.00,26.16
29.45,58.01,20:42:37:172,-4.02,30.04
44.28,66.77,20:42:37:289,666.00,15.90
52.53,67.96,20:42:37:417,4.28,48.51
63.24,68.62,20:42:37:533,15.33,31.51
76.65,71.21,20:42:37:648,666.00,17.29
74.12,67.44,20:42:37:759,20.05,33.47
74.96,67.77,20:42:37:873,10.65,31.32
81.15,69.12,20:42:37:993,666.00,20.11
75.12,64.49,20:42:38:112,17.55,36.69
78.24,64.26,20:42:38:230,26.39,30.49
78.69,66.43,20:42:38:341,666.00,29.09
87.17,67.33,20:42:38:458,666.00,19.68
81.92,62.00,20:42:38:586,666.00,28.75
85.61,67.19,20:42:38:710,666.00,23.55
69.95,62.62,20:42:38:831,13.23,49.90
70.54,63.53,20:42:38:953,666.00,24.59
58.95,62.25,20:42:39:064,666.00,29.89
38.81,58.78,20:42:39:180,666.00,27.99
29.81,50.97,20:42:39:293,666.00,17.73
15.64,16.17,20:42:39:413,666.00,22.20
15.23,-10.11,20:42:39:539,666.00,20.49
17.54,-29.85,20:42:39:659,666.00,17.33
19.66,-41.36,20:42:39:779,666.00,20.30
19.66,-42.04,20:42:39:897,666.00,18.87
19.79,-42.44,20:42:40:010,666.00,19.41
19.81,-42.02,20:42:40:138,666.00,19.59
19.89,-42.08,20:42:40:265,666.00,19.65
19.84,-42.53,20:42:40:387,666.00,18.87
20.15,-42.69,20:42:40:527,666.00,19.08
18.03,-34.49,20:42:40:642,666.00,20.29
15.16,-9.46,20:42:40:752,666.00,22.33
17.72,25.21,20:42:40:875,666.00,26.18
29.21,56.88,20:42:40:993,-1.30,33.88
52.96,68.95,20:42:41:110,666.00,0.63
53.11,71.69,20:42:41:225,-1.56,41.14
70.61,75.71,20:42:41:344,666.00,21.37
70.12,73.33,20:42:41:457,666.00,21.74
70.98,71.84,20:42:41:575,12.06,39.03
81.00,70.10,20:42:41:694,666.00,25.87
84.02,73.59,20:42:41:810,666.00,17.88
73.05,69.37,20:42:41:921,11.00,43.01
79.79,69.96,20:42:42:040,666.00,23.51
85.60,70.79,20:42:42:163,666.00,14.45
86.90,70.77,20:42:42:279,666.00,11.21
84.31,71.07,20:42:42:398,666.00,14.13
77.17,63.51,20:42:42:509,33.72,32.22
76.16,64.66,20:42:42:620,33.12,30.56
66.71,66.08,20:42:42:744,666.00,28.13
54.47,64.54,20:42:42:868,15.08,33.37
39.21,58.66,20:42:42:983,666.00,15.85
25.60,43.38,20:42:43:099,666.00,21.19
17.14,13.21,20:42:43:220,666.00,18.67
18.00,-22.73,20:42:43:347,666.00,21.49
19.66,-32.85,20:42:43:458,666.00,18.34
19.77,-37.66,20:42:43:577,666.00,19.09
20.02,-38.33,20:42:43:699,666.00,20.17
19.42,-36.60,20:42:43:820,666.00,20.08
19.44,-36.29,20:42:43:941,666.00,22.00
19.13,-35.02,20:42:44:057,666.00,20.87
19.10,-34.68,20:42:44:177,666.00,20.90
18.79,-33.31,20:42:44:300,666.00,21.00
16.00,-19.81,20:42:44:428,666.00,22.82
15.13,15.13,20:42:44:551,666.00,28.05
20.13,46.23,20:42:44:670,-5.76,33.99
40.31,67.35,20:42:44:784,666.00,24.49
45.77,71.20,20:42:44:898,-4.58,43.70
45.93,73.86,20:42:45:012,0.35,56.44
70.21,70.23,20:42:45:125,666.00,24.80
65.75,66.62,20:42:45:243,42.38,46.31
84.59,72.49,20:42:45:367,666.00,13.74
83.81,71.57,20:42:45:481,666.00,17.80
70.15,64.29,20:42:45:598,17.71,53.85
73.21,63.56,20:42:45:718,23.30,47.90
73.24,63.14,20:42:45:831,24.10,45.73
74.60,63.12,20:42:45:947,25.04,44.65
79.26,61.51,20:42:46:061,37.58,38.13
79.70,62.14,20:42:46:182,40.55,33.75
68.64,60.55,20:42:46:295,22.86,44.45
61.76,58.83,20:42:46:406,18.61,41.04
51.65,59.89,20:42:46:519,-5.96,37.10
39.50,59.78,20:42:46:642,666.00,18.86
27.78,53.40,20:42:46:768,666.00,19.36
12.73,9.84,20:42:46:896,666.00,28.08
14.04,-17.94,20:42:47:011,666.00,19.86
16.37,-31.23,20:42:47:131,666.00,17.65
18.06,-38.11,20:42:47:256,666.00,16.49
18.38,-38.68,20:42:47:373,666.00,16.97
18.23,-38.37,20:42:47:494,666.00,17.49
18.16,-38.47,20:42:47:608,666.00,18.11
18.24,-38.56,20:42:47:721,666.00,18.39
18.38,-38.60,20:42:47:835,666.00,18.42
18.22,-38.82,20:42:47:949,666.00,18.91
18.19,-39.60,20:42:48:065,666.00,19.04
17.62,-37.70,20:42:48:186,666.00,18.01
16.35,-28.97,20:42:48:305,666.00,20.52
14.78,11.96,20:42:48:413,666.00,22.55
20.17,43.23,20:42:48:527,666.00,29.54
32.75,64.75,20:42:48:654,-3.71,38.62
58.05,74.42,20:42:48:775,666.00,16.81
56.55,76.46,20:42:48:888,666.00,27.30
70.45,74.29,20:42:49:010,666.00,11.96
75.24,73.69,20:42:49:130,6.19,36.88
74.61,67.20,20:42:49:247,20.63,37.69
86.29,71.81,20:42:49:362,666.00,19.40
85.59,69.83,20:42:49:472,666.00,22.15
85.18,68.58,20:42:49:585,666.00,22.51
86.12,69.95,20:42:49:695,666.00,22.87
87.67,69.94,20:42:49:809,666.00,22.05
87.57,69.78,20:42:49:924,666.00,22.58
87.25,67.28,20:42:50:047,666.00,24.41
87.55,65.43,20:42:50:168,666.00,24.42
82.22,67.53,20:42:50:283,666.00,24.53
67.06,62.12,20:42:50:412,23.56,36.68
48.70,65.01,20:42:50:524,1.16,43.02
39.87,64.35,20:42:50:638,666.00,6.94
26.83,57.22,20:42:50:761,666.00,17.75
12.12,10.52,20:42:50:878,666.00,29.97
14.99,-15.28,20:42:50:996,666.00,23.36
17.06,-30.05,20:42:51:118,666.00,20.89
17.69,-34.15,20:42:51:235,666.00,20.89
17.15,-34.42,20:42:51:357,666.00,21.22
16.08,-33.38,20:42:51:478,666.00,23.22
15.13,-31.22,20:42:51:598,666.00,24.81
14.43,-26.58,20:42:51:716,666.00,25.78
14.62,-27.32,20:42:51:829,666.00,26.39
14.40,-26.12,20:42:51:943,666.00,26.87
14.40,-25.84,20:42:52:061,666.00,26.74
13.91,-24.83,20:42:52:178,666.00,26.51
13.76,-23.99,20:42:52:294,666.00,26.04
13.51,-23.64,20:42:52:410,666.00,25.70
13.58,-23.53,20:42:52:528,666.00,25.89
13.31,-22.78,20:42:52:653,666.00,25.96
13.26,-23.00,20:42:52:772,666.00,25.94
13.19,-22.97,20:42:52:896,666.00,26.10
13.15,-22.90,20:42:53:048,666.00,25.98
13.05,-22.71,20:42:53:170,666.00,25.68
13.24,-22.78,20:42:53:279,666.00,25.80
13.23,-23.37,20:42:53:388,666.00,26.00
13.30,-23.03,20:42:53:492,666.00,26.03
13.30,-23.17,20:42:53:599,666.00,26.08
13.53,-23.99,20:42:53:772,666.00,25.96
13.64,-24.66,20:42:53:889,666.00,26.00
13.56,-23.92,20:42:54:010,666.00,25.86
13.49,-23.41,20:42:54:120,666.00,25.94
13.53,-24.32,20:42:54:235,666.00,26.27
13.56,-23.87,20:42:54:358,666.00,26.12
13.49,-23.25,20:42:54:472,666.00,26.20
13.38,-23.20,20:42:54:578,666.00,25.92
13.26,-22.89,20:42:54:683,666.00,25.68
12.95,-21.29,20:42:54:787,666.00,25.13
12.99,-21.83,20:42:54:893,666.00,25.53
13.05,-22.53,20:42:54:997,666.00,25.88
