23.97,-6.82,20:48:52:333,12.26,91.14
25.05,-3.70,20:48:52:858,13.30,93.36
23.22,-4.55,20:48:53:051,13.04,89.72
26.14,-2.30,20:48:53:391,14.50,100.31
27.54,-5.90,20:48:53:566,14.90,94.00
25.87,-5.71,20:48:53:729,10.35,101.16
28.14,-7.06,20:48:53:875,11.67,99.48
27.30,-7.40,20:48:54:006,11.94,97.70
27.06,-4.66,20:48:54:123,13.18,96.54
28.88,-8.13,20:48:54:244,13.14,97.39
27.12,-4.94,20:48:54:365,12.71,97.88
26.95,-4.57,20:48:54:486,15.11,92.31
26.81,-5.30,20:48:54:609,12.96,100.80
26.95,-4.66,20:48:54:734,11.87,103.50
26.19,-6.44,20:48:54:849,11.68,101.78
26.27,-7.09,20:48:54:965,13.04,95.20
25.58,-6.37,20:48:55:100,11.88,100.49
26.31,-4.72,20:48:55:216,12.43,104.27
26.27,-6.78,20:48:55:330,12.16,102.27
26.11,-2.91,20:48:55:445,15.10,97.95
26.03,-6.09,20:48:55:562,14.96,96.07
25.23,-3.62,20:48:55:679,16.27,91.72
25.28,-4.29,20:48:55:804,16.42,95.56
24.87,-5.75,20:48:55:926,14.04,100.17
24.91,-5.70,20:48:56:045,13.35,95.47
25.92,-5.83,20:48:56:164,14.10,95.09
25.90,-5.54,20:48:56:278,15.19,90.53
26.69,-3.27,20:48:56:394,16.01,90.47
25.32,-4.97,20:48:56:510,14.64,91.62
26.46,-6.39,20:48:56:621,15.28,90.80
26.13,-5.95,20:48:56:740,14.74,93.74
26.68,-7.17,20:48:56:860,13.69,98.16
25.94,-5.45,20:48:56:981,13.23,97.39
26.20,-7.21,20:48:57:100,13.14,97.03
25.54,-7.23,20:48:57:213,12.82,96.78
26.19,-3.03,20:48:57:334,13.86,97.36
27.31,-5.91,20:48:57:450,13.70,97.73
26.07,-6.31,20:48:57:577,12.84,98.27
26.91,-4.84,20:48:57:699,13.17,99.38
27.00,-3.37,20:48:57:819,14.02,97.10
26.70,-4.95,20:48:57:946,12.91,96.53
26.57,-6.41,20:48:58:069,8.99,103.10
12.65,-21.37,20:48:58:192,-8.06,90.19
15.31,-14.23,20:48:58:307,-18.01,99.52
17.43,-2.75,20:48:58:433,-24.71,95.68
19.32,-0.36,20:48:58:550,-35.86,93.69
20.55,-1.36,20:48:58:666,-45.20,92.36
21.92,-4.74,20:48:58:793,-54.77,91.16
24.10,-5.82,20:48:58:917,-63.82,88.30
27.33,-7.07,20:48:59:045,-69.06,84.81
26.30,-14.85,20:48:59:169,-73.16,82.68
26.28,-16.92,20:48:59:294,-76.67,80.72
26.88,-16.69,20:48:59:413,-77.83,80.76
27.95,-16.85,20:48:59:528,-77.84,79.95
28.82,-15.73,20:48:59:647,-76.95,79.42
27.71,-15.98,20:48:59:763,-76.44,80.10
27.42,-14.62,20:48:59:885,-75.09,80.24
26.77,-15.12,20:49:00:003,-73.15,81.15
25.80,-13.87,20:49:00:139,-67.86,84.50
25.33,-13.83,20:49:00:264,-60.39,88.48
25.27,-14.13,20:49:00:383,-51.30,93.05
24.46,-14.59,20:49:00:507,-39.01,98.95
22.68,-15.95,20:49:00:629,-30.44,103.19
21.24,-18.60,20:49:00:744,-19.37,109.43
17.46,-16.54,20:49:00:858,-8.30,97.32
14.10,-20.52,20:49:00:985,-0.72,99.97
25.50,6.07,20:49:01:109,12.54,107.63
25.20,6.10,20:49:01:233,24.52,96.06
24.55,-0.50,20:49:01:348,25.93,101.09
25.04,-11.35,20:49:01:479,26.52,115.63
21.03,0.13,20:49:01:599,32.96,107.91
21.17,-5.68,20:49:01:721,34.64,107.52
20.81,-5.11,20:49:01:844,34.95,106.63
20.45,-4.77,20:49:01:964,35.15,105.85
19.99,-2.94,20:49:02:080,35.36,105.28
20.10,-4.22,20:49:02:202,35.35,105.24
20.02,-4.00,20:49:02:325,35.64,105.51
19.91,-3.59,20:49:02:445,35.71,105.58
19.89,-3.85,20:49:02:560,36.90,107.00
19.81,-2.90,20:49:02:676,37.88,107.38
19.87,-3.78,20:49:02:793,38.81,106.29
20.41,-5.82,20:49:02:911,35.70,108.73
20.28,-3.92,20:49:03:028,32.31,108.24
27.76,-10.34,20:49:03:144,23.56,108.73
26.48,-8.90,20:49:03:261,15.39,102.32
14.00,-25.69,20:49:03:375,-3.17,104.04
14.88,-20.40,20:49:03:494,-12.09,107.64
17.86,-15.81,20:49:03:613,-25.78,99.02
19.22,-14.10,20:49:03:730,-32.52,100.21
18.89,-24.66,20:49:03:856,-40.11,109.68
20.14,-12.88,20:49:03:978,-46.10,105.30
20.73,-11.82,20:49:04:094,-51.75,103.56
21.70,-14.44,20:49:04:227,-58.66,102.06
24.31,-11.51,20:49:04:350,-64.04,98.48
25.07,-10.03,20:49:04:473,-66.21,97.00
26.65,-7.60,20:49:04:590,-67.67,93.62
21.53,-17.15,20:49:04:712,-69.27,98.72
20.73,-22.20,20:49:04:847,-69.25,100.55
20.78,-21.46,20:49:04:963,-69.13,100.52
22.68,-18.45,20:49:05:083,-68.90,96.74
21.77,-23.79,20:49:05:217,-68.66,99.77
26.71,-12.10,20:49:05:344,-67.76,93.79
27.90,-9.10,20:49:05:473,-67.80,91.98
23.82,-17.03,20:49:05:590,-65.97,98.63
23.97,-17.08,20:49:05:710,-59.09,101.06
22.79,-17.91,20:49:05:826,-51.65,104.43
21.74,-25.88,20:49:05:945,-40.42,111.49
21.45,-10.15,20:49:06:075,-26.89,104.19
20.68,-7.89,20:49:06:192,-10.25,109.34
19.88,10.43,20:49:06:305,0.22,104.60
23.88,39.12,20:49:06:437,10.24,94.91
26.60,1.30,20:49:06:564,19.23,102.65
26.38,-7.97,20:49:06:687,23.07,119.28
22.73,-8.20,20:49:06:814,31.32,111.74
20.65,1.65,20:49:06:939,40.55,108.11
20.49,-1.06,20:49:07:053,44.90,109.83
20.42,-2.82,20:49:07:174,47.31,110.58
20.43,-3.84,20:49:07:296,47.57,111.24
20.54,-5.93,20:49:07:416,47.10,112.47
20.25,-4.63,20:49:07:542,47.61,111.62
20.08,-4.53,20:49:07:658,48.31,111.29
20.14,-5.61,20:49:07:774,48.23,111.48
20.21,-5.07,20:49:07:888,48.39,111.03
20.47,-7.27,20:49:08:012,48.31,112.72
20.40,-7.48,20:49:08:142,43.04,112.51
20.69,-8.00,20:49:08:257,41.30,114.51
20.43,-5.07,20:49:08:374,32.87,109.90
22.21,1.36,20:49:08:486,28.66,111.27
23.63,-4.78,20:49:08:609,15.84,106.38
14.26,-20.92,20:49:08:724,-3.91,108.70
17.72,-8.86,20:49:08:844,-24.88,100.82
19.58,-9.71,20:49:08:967,-26.27,103.22
20.88,-26.32,20:49:09:081,-38.54,109.62
21.90,-22.56,20:49:09:198,-45.28,107.07
21.84,-20.40,20:49:09:314,-51.97,104.83
23.09,-16.61,20:49:09:432,-55.88,101.26
22.63,-18.26,20:49:09:552,-61.45,100.15
26.84,-8.96,20:49:09:679,-64.97,93.14
27.66,-8.12,20:49:09:800,-65.63,92.40
25.21,-14.32,20:49:09:916,-66.32,94.90
27.25,-8.02,20:49:10:035,-66.09,92.37
23.41,-16.34,20:49:10:151,-66.56,97.81
26.38,-11.16,20:49:10:276,-66.17,93.40
26.81,-9.47,20:49:10:394,-66.18,93.47
23.26,-17.64,20:49:10:517,-65.86,98.59
23.33,-19.56,20:49:10:646,-62.55,99.86
22.84,-20.17,20:49:10:765,-56.59,101.85
22.30,-18.87,20:49:10:891,-45.70,105.33
20.98,-18.69,20:49:11:010,-33.01,108.90
20.66,-11.21,20:49:11:134,-18.41,114.46
17.24,-1.72,20:49:11:256,-2.34,103.04
23.79,-3.60,20:49:11:372,11.24,96.52
25.59,-3.54,20:49:11:489,16.05,99.25
24.76,2.54,20:49:11:611,22.12,101.15
22.71,0.71,20:49:11:730,24.94,105.32
24.71,-16.90,20:49:11:852,26.15,116.06
22.35,-6.31,20:49:11:966,31.90,109.42
22.44,-5.79,20:49:12:084,34.24,109.95
20.98,-2.89,20:49:12:211,34.82,109.43
21.28,-4.62,20:49:12:333,39.11,109.67
23.78,-11.61,20:49:12:449,33.37,113.44
23.16,-9.00,20:49:12:564,33.29,112.52
21.71,-7.84,20:49:12:684,33.58,110.71
21.01,-6.80,20:49:12:796,34.22,108.46
20.46,-5.23,20:49:12:909,33.10,109.08
20.45,-5.59,20:49:13:034,34.56,109.17
17.09,-11.86,20:49:13:162,31.12,114.33
19.17,-4.46,20:49:13:286,32.77,109.14
20.81,-4.67,20:49:13:409,25.05,109.86
23.53,-8.57,20:49:13:528,17.23,104.92
15.85,1.91,20:49:13:648,-0.06,107.40
21.33,-1.27,20:49:13:779,-14.54,113.03
19.88,-37.47,20:49:13:906,-29.75,118.89
20.19,-34.15,20:49:14:026,-37.11,115.62
20.88,-29.08,20:49:14:150,-44.06,109.93
22.88,-18.76,20:49:14:278,-49.64,104.63
22.38,-21.73,20:49:14:396,-53.42,103.31
21.40,-23.36,20:49:14:518,-56.93,101.93
21.33,-22.85,20:49:14:643,-59.71,100.30
21.46,-22.95,20:49:14:769,-60.48,100.10
21.51,-23.19,20:49:14:889,-61.06,100.12
21.65,-23.07,20:49:15:012,-61.38,99.98
21.73,-22.23,20:49:15:133,-61.20,99.68
21.97,-23.26,20:49:15:255,-61.16,99.75
22.07,-23.00,20:49:15:376,-60.76,99.70
22.17,-21.97,20:49:15:499,-60.28,99.36
22.29,-21.68,20:49:15:617,-59.47,99.29
22.17,-21.59,20:49:15:756,-57.59,99.51
22.14,-20.93,20:49:15:877,-52.38,100.79
22.16,-21.38,20:49:15:997,-46.20,103.55
21.83,-22.16,20:49:16:111,-32.36,107.44
22.47,-36.28,20:49:16:225,-24.66,113.29
16.44,-23.57,20:49:16:343,-7.34,117.67
23.04,-1.30,20:49:16:455,12.76,101.68
28.35,-11.51,20:49:16:575,20.44,105.56
30.06,-16.61,20:49:16:694,24.49,112.46
21.34,-12.37,20:49:16:819,31.27,112.27
20.46,-8.22,20:49:16:957,32.56,109.74
20.55,-9.01,20:49:17:076,33.96,107.13
20.41,-8.76,20:49:17:199,35.18,107.90
20.24,-9.08,20:49:17:320,35.25,108.21
20.36,-10.99,20:49:17:433,34.63,108.01
19.73,-9.87,20:49:17:557,35.41,108.18
19.68,-10.43,20:49:17:680,31.05,108.72
19.48,-9.95,20:49:17:814,29.91,108.87
19.97,-11.81,20:49:17:932,33.04,108.26
20.68,-13.80,20:49:18:055,32.15,108.78
20.53,-14.40,20:49:18:187,25.22,108.48
20.05,-10.70,20:49:18:309,30.89,111.25
20.36,-11.37,20:49:18:429,24.21,113.43
17.66,4.52,20:49:18:542,6.76,99.75
14.00,-15.70,20:49:18:656,-3.82,110.24
17.85,-19.91,20:49:18:773,-22.31,120.35
19.11,-16.29,20:49:18:892,-32.23,111.12
19.78,-23.64,20:49:19:012,-42.24,113.68
19.67,-24.09,20:49:19:132,-47.93,113.13
19.98,-19.78,20:49:19:249,-54.30,111.07
21.47,-14.74,20:49:19:366,-58.25,108.44
22.08,-13.58,20:49:19:499,-60.95,106.43
22.51,-12.81,20:49:19:626,-62.71,105.44
22.49,-16.61,20:49:19:745,-63.36,106.64
22.51,-16.46,20:49:19:867,-64.19,105.75
23.29,-13.31,20:49:19:992,-65.33,104.28
23.79,-12.28,20:49:20:115,-65.73,103.44
23.72,-11.80,20:49:20:230,-66.05,103.16
23.80,-11.13,20:49:20:349,-66.07,102.78
24.20,-12.13,20:49:20:464,-66.08,103.38
23.13,-15.53,20:49:20:579,-64.88,104.79
22.79,-14.71,20:49:20:695,-57.78,105.61
20.38,-21.10,20:49:20:813,-44.59,110.64
19.76,-17.74,20:49:20:926,-32.53,108.79
16.66,-11.82,20:49:21:046,-10.61,111.98
15.10,0.31,20:49:21:162,-2.06,104.75
36.47,-33.13,20:49:21:284,6.51,117.16
20.04,5.09,20:49:21:415,21.40,105.90
21.50,-6.63,20:49:21:535,24.25,112.91
20.70,-2.38,20:49:21:654,33.30,109.07
20.07,-2.98,20:49:21:773,33.10,109.59
19.88,-5.04,20:49:21:885,35.25,109.77
19.72,-6.56,20:49:21:995,32.48,110.36
19.55,-6.42,20:49:22:110,40.19,110.19
19.50,-6.51,20:49:22:221,40.10,110.17
19.75,-7.70,20:49:22:344,33.84,108.95
19.76,-8.75,20:49:22:459,40.23,110.18
19.82,-9.77,20:49:22:574,40.83,111.32
19.68,-9.38,20:49:22:688,40.88,111.00
19.82,-9.93,20:49:22:808,41.70,110.36
19.89,-10.37,20:49:22:931,40.97,111.24
19.70,-9.41,20:49:23:050,40.32,110.77
19.86,-8.50,20:49:23:182,30.40,111.09
19.79,3.32,20:49:23:316,21.86,107.87
12.55,-19.70,20:49:23:446,-7.33,101.93
19.16,-35.94,20:49:23:582,-23.98,124.01
18.93,-14.71,20:49:23:713,-35.16,111.29
19.50,-18.59,20:49:23:839,-41.53,108.07
21.26,-13.52,20:49:23:963,-51.64,104.40
23.41,-10.64,20:49:24:085,-60.32,99.53
26.68,-10.19,20:49:24:217,-67.13,94.91
25.68,-13.09,20:49:24:339,-72.22,96.72
27.75,-9.01,20:49:24:460,-71.24,90.01
26.71,-9.34,20:49:24:580,-69.13,85.07
27.16,-7.24,20:49:24:699,-67.43,77.88
27.44,-6.09,20:49:24:819,-67.46,73.92
27.24,-6.27,20:49:24:934,-67.67,71.80
24.17,-13.11,20:49:25:055,-68.70,71.68
23.72,-15.53,20:49:25:183,-68.83,71.24
23.50,-15.35,20:49:25:309,-69.04,71.28
23.29,-15.85,20:49:25:436,-69.91,71.37
23.30,-16.20,20:49:25:554,-70.29,71.48
23.25,-16.26,20:49:25:677,-70.29,71.56
23.04,-16.52,20:49:25:798,-70.31,72.55
25.32,-8.87,20:49:25:918,-65.39,74.48
24.82,-6.38,20:49:26:043,-57.31,77.76
22.16,-5.46,20:49:26:160,-44.37,84.96
19.24,-4.70,20:49:26:282,-29.73,91.54
17.36,-3.14,20:49:26:414,-18.92,90.80
15.14,-4.13,20:49:26:532,-9.52,93.03
25.95,-8.80,20:49:26:651,7.98,96.20
26.89,-7.98,20:49:26:764,17.36,97.00
21.07,9.09,20:49:26:882,33.60,96.39
21.72,1.68,20:49:26:999,31.48,104.53
18.87,14.26,20:49:27:118,35.68,101.77
17.39,25.12,20:49:27:243,43.43,97.60
17.60,19.71,20:49:27:363,51.23,97.69
18.18,5.83,20:49:27:477,49.76,101.46
18.30,2.39,20:49:27:589,47.50,104.50
18.12,1.95,20:49:27:713,50.47,101.52
18.17,1.65,20:49:27:831,50.23,101.56
18.15,0.83,20:49:27:945,49.96,101.53
18.19,0.57,20:49:28:070,49.72,101.63
18.40,-0.05,20:49:28:191,49.62,102.12
18.32,0.44,20:49:28:307,49.75,101.83
18.22,1.11,20:49:28:424,42.43,101.07
17.91,6.14,20:49:28:547,32.56,98.26
19.10,8.09,20:49:28:663,24.05,92.48
35.17,-22.14,20:49:28:778,5.20,106.82
14.54,-0.96,20:49:28:892,-8.02,95.72
18.11,-15.72,20:49:29:007,-27.53,101.09
18.91,-17.20,20:49:29:126,-37.43,98.46
19.84,-13.10,20:49:29:250,-45.96,94.69
20.64,-9.14,20:49:29:364,-52.63,91.70
23.30,-6.38,20:49:29:491,-60.47,87.67
26.39,-3.93,20:49:29:616,-66.78,82.28
27.65,-3.52,20:49:29:736,-69.12,79.84
24.70,-9.69,20:49:29:855,-69.87,78.05
24.14,-10.70,20:49:29:980,-69.89,77.73
24.08,-11.40,20:49:30:098,-70.04,77.83
23.55,-10.92,20:49:30:219,-69.59,78.20
23.24,-11.44,20:49:30:335,-69.65,78.60
23.23,-11.55,20:49:30:452,-69.59,78.69
23.19,-11.90,20:49:30:575,-69.25,78.96
23.07,-11.85,20:49:30:693,-69.17,79.28
23.18,-13.01,20:49:30:812,-69.14,79.72
25.78,-7.22,20:49:30:931,-69.23,78.74
25.99,-7.22,20:49:31:053,-67.38,79.14
25.84,-6.30,20:49:31:178,-61.41,80.91
24.56,-8.14,20:49:31:300,-51.57,84.91
20.74,-7.86,20:49:31:419,-36.70,90.36
18.19,-5.84,20:49:31:542,-20.00,95.13
15.24,0.29,20:49:31:661,-11.92,94.74
20.41,-6.53,20:49:31:774,7.50,89.65
22.61,-1.05,20:49:31:901,15.92,88.52
20.89,7.36,20:49:32:022,23.28,84.34
22.23,5.24,20:49:32:153,29.95,96.97
19.43,6.63,20:49:32:281,31.54,92.82
18.03,9.73,20:49:32:398,33.30,93.59
17.25,13.45,20:49:32:522,44.60,93.30
16.32,5.74,20:49:32:649,42.95,92.47
16.15,4.04,20:49:32:778,36.90,92.81
16.42,0.79,20:49:32:890,39.68,93.27
16.05,2.30,20:49:33:017,41.57,93.11
16.07,2.16,20:49:33:141,41.13,92.77
15.97,1.95,20:49:33:259,39.45,92.39
16.23,3.01,20:49:33:387,35.69,94.15
20.13,7.66,20:49:33:514,31.44,99.46
27.10,-13.47,20:49:33:631,18.83,96.05
21.24,-18.06,20:49:33:757,0.62,101.73
16.81,-16.30,20:49:33:876,-14.19,101.36
18.32,-17.22,20:49:33:999,-25.61,100.79
19.70,-14.86,20:49:34:125,-39.09,100.22
20.76,-13.92,20:49:34:248,-48.94,97.37
21.42,-14.12,20:49:34:365,-55.57,95.31
21.65,-17.02,20:49:34:485,-61.68,94.43
26.75,-8.15,20:49:34:610,-64.81,86.25
26.53,-8.00,20:49:34:739,-67.91,84.17
26.61,-11.09,20:49:34:864,-69.84,81.67
26.76,-12.01,20:49:35:001,-70.91,80.16
26.03,-14.86,20:49:35:118,-70.81,80.64
25.95,-16.28,20:49:35:236,-71.03,80.87
25.54,-15.92,20:49:35:356,-70.53,80.75
25.15,-13.61,20:49:35:476,-70.74,82.08
25.14,-14.27,20:49:35:595,-70.69,82.59
25.06,-13.69,20:49:35:714,-70.74,82.58
24.94,-14.16,20:49:35:838,-70.87,82.41
25.11,-13.22,20:49:35:956,-70.70,82.64
25.49,-10.32,20:49:36:076,-70.16,83.42
25.07,-10.97,20:49:36:199,-66.77,85.20
23.79,-10.84,20:49:36:317,-58.96,88.17
22.33,-11.36,20:49:36:432,-50.98,91.72
20.37,-10.73,20:49:36:550,-35.24,96.83
18.54,-15.67,20:49:36:662,-25.09,103.01
17.17,-6.18,20:49:36:782,-5.18,97.34
29.69,-20.30,20:49:36:910,9.90,102.70
30.13,-15.11,20:49:37:028,16.29,100.99
23.64,-21.71,20:49:37:149,18.76,115.47
19.22,10.45,20:49:37:263,26.78,98.73
23.24,-8.82,20:49:37:380,30.20,110.84
20.57,0.34,20:49:37:500,34.04,105.60
18.32,4.74,20:49:37:614,53.08,96.97
17.62,5.47,20:49:37:729,42.57,103.73
25.73,-22.50,20:49:37:846,29.85,117.25
18.35,-1.72,20:49:37:962,41.07,104.45
21.36,-9.94,20:49:38:077,49.96,102.31
18.85,-3.61,20:49:38:196,36.24,104.94
17.42,13.83,20:49:38:311,47.66,98.97
17.23,11.85,20:49:38:424,55.78,94.50
17.00,7.56,20:49:38:541,42.08,101.29
17.27,4.50,20:49:38:664,35.10,99.28
18.30,0.82,20:49:38:785,35.05,99.33
21.82,-23.74,20:49:38:913,21.75,115.82
27.49,-16.00,20:49:39:044,20.12,103.28
28.81,-17.63,20:49:39:167,13.72,104.56
9.97,-5.46,20:49:39:293,-3.56,98.81
18.89,-45.75,20:49:39:409,-20.20,118.05
17.29,-36.61,20:49:39:527,-28.04,112.15
18.03,-21.76,20:49:39:655,-37.16,105.44
18.69,-17.22,20:49:39:775,-45.84,101.40
19.47,-15.80,20:49:39:897,-51.37,98.40
20.38,-14.22,20:49:40:016,-57.72,94.08
20.94,-15.22,20:49:40:135,-60.47,93.12
25.05,-8.88,20:49:40:254,-63.76,87.43
26.04,-8.17,20:49:40:384,-66.23,85.92
26.13,-7.34,20:49:40:513,-66.85,85.74
26.15,-7.45,20:49:40:628,-67.07,85.76
26.31,-7.79,20:49:40:746,-67.25,85.52
26.66,-8.62,20:49:40:862,-67.45,85.29
26.83,-9.03,20:49:40:979,-67.51,85.57
26.91,-9.05,20:49:41:100,-67.32,85.52
25.22,-13.57,20:49:41:233,-67.87,87.64
25.59,-12.54,20:49:41:351,-65.74,86.81
23.21,-16.08,20:49:41:474,-56.85,91.92
21.53,-16.89,20:49:41:592,-48.88,96.91
20.20,-19.50,20:49:41:711,-32.85,102.24
18.76,-20.92,20:49:41:826,-21.03,110.65
14.98,-20.14,20:49:41:941,-4.35,104.48
27.42,-1.63,20:49:42:054,12.56,110.70
22.80,8.04,20:49:42:180,20.98,95.50
21.11,13.88,20:49:42:296,24.58,94.49
28.28,-45.83,20:49:42:415,14.42,123.89
22.52,-8.00,20:49:42:528,26.11,109.94
20.51,-5.13,20:49:42:642,26.86,108.72
19.97,-0.77,20:49:42:759,34.23,105.14
19.15,-1.22,20:49:42:887,35.21,105.75
18.21,-4.68,20:49:43:013,34.72,105.29
18.14,-0.18,20:49:43:128,33.62,105.37
17.90,-9.22,20:49:43:246,38.82,105.79
17.74,-8.27,20:49:43:369,42.64,104.50
17.22,-6.48,20:49:43:487,34.91,106.47
17.29,-5.45,20:49:43:624,35.04,106.33
18.44,-4.23,20:49:43:749,34.86,107.53
18.43,-5.22,20:49:43:867,35.66,106.10
18.25,-1.37,20:49:43:981,36.57,106.20
18.22,-3.17,20:49:44:103,34.61,106.24
20.18,-2.03,20:49:44:218,25.24,113.83
24.40,64.12,20:49:44:335,26.26,84.09
21.72,-44.91,20:49:44:447,11.29,97.97
15.53,-7.12,20:49:44:560,-10.01,100.40
19.21,-5.39,20:49:44:681,-24.54,98.11
20.23,-18.56,20:49:44:809,-35.76,103.18
21.21,-14.63,20:49:44:926,-43.26,100.21
21.98,-13.75,20:49:45:045,-53.62,96.95
26.65,-5.34,20:49:45:161,-57.16,90.53
28.39,-3.33,20:49:45:286,-63.01,86.85
28.75,-3.27,20:49:45:414,-66.54,84.56
28.90,-3.42,20:49:45:534,-68.10,83.93
28.89,-4.67,20:49:45:658,-67.96,84.24
28.66,-5.31,20:49:45:785,-67.46,84.76
26.28,-7.93,20:49:45:911,-68.08,87.83
27.33,-8.17,20:49:46:030,-67.96,86.79
27.70,-7.51,20:49:46:149,-67.76,86.17
27.80,-7.15,20:49:46:272,-67.02,86.11
26.92,-7.53,20:49:46:396,-62.52,88.66
23.84,-9.28,20:49:46:514,-53.10,93.96
22.04,-9.29,20:49:46:637,-43.21,98.31
19.37,-11.92,20:49:46:761,-29.84,104.26
17.33,-12.82,20:49:46:874,-17.67,109.00
15.25,-6.27,20:49:46:989,-4.46,102.77
21.42,19.98,20:49:47:106,13.06,96.59
22.54,15.78,20:49:47:227,18.59,95.45
22.76,11.13,20:49:47:346,26.75,102.10
22.03,1.48,20:49:47:466,26.25,111.44
19.23,4.22,20:49:47:581,31.04,107.81
16.07,0.91,20:49:47:710,34.49,111.05
17.56,5.24,20:49:47:841,34.53,110.89
18.83,3.84,20:49:47:966,35.88,109.53
18.53,5.24,20:49:48:090,36.96,109.38
19.49,-6.39,20:49:48:206,33.50,111.44
17.20,1.38,20:49:48:327,34.69,108.54
19.23,-8.58,20:49:48:447,34.24,112.55
18.68,-2.13,20:49:48:577,34.43,110.05
20.08,-5.83,20:49:48:694,33.64,113.62
17.52,3.13,20:49:48:811,24.38,111.29
22.01,0.24,20:49:48:932,24.70,108.17
22.16,13.65,20:49:49:050,17.22,99.15
17.90,23.82,20:49:49:175,4.60,101.80
18.29,16.18,20:49:49:291,5.23,109.44
19.16,-0.27,20:49:49:411,-27.08,105.12
17.68,-15.51,20:49:49:529,-36.29,114.13
17.73,-14.98,20:49:49:650,-47.39,108.76
21.83,-4.15,20:49:49:781,-54.61,102.94
23.62,-3.25,20:49:49:911,-62.06,99.55
26.85,-3.26,20:49:50:038,-66.07,95.33
28.00,-2.81,20:49:50:167,-68.77,92.56
24.51,-10.90,20:49:50:287,-70.62,93.70
25.07,-11.42,20:49:50:409,-71.10,91.94
22.33,-13.59,20:49:50:535,-71.16,94.53
26.92,-6.88,20:49:50:654,-70.69,88.55
27.56,-7.64,20:49:50:778,-70.66,87.29
28.11,-7.76,20:49:50:899,-70.78,86.59
27.96,-6.98,20:49:51:018,-70.78,86.55
27.41,-9.41,20:49:51:146,-70.67,86.49
27.34,-9.84,20:49:51:266,-70.58,86.63
22.17,-16.14,20:49:51:388,-66.87,96.51
21.66,-14.73,20:49:51:515,-50.40,101.12
20.49,-14.43,20:49:51:635,-33.86,104.83
19.07,-8.70,20:49:51:758,-16.98,109.87
13.59,-6.28,20:49:51:873,-1.48,101.98
23.29,6.78,20:49:51:985,16.53,95.11
22.11,16.51,20:49:52:103,22.49,93.42
20.39,16.88,20:49:52:230,27.61,93.83
20.27,10.38,20:49:52:347,38.15,98.23
20.06,12.86,20:49:52:472,37.68,101.85
19.09,15.59,20:49:52:586,58.46,90.76
18.27,11.35,20:49:52:710,50.40,101.77
18.52,8.41,20:49:52:828,51.34,100.05
18.74,7.31,20:49:52:944,49.93,102.09
18.59,7.60,20:49:53:067,49.96,102.11
18.60,6.84,20:49:53:183,49.86,102.78
18.74,7.38,20:49:53:308,49.77,101.36
18.60,7.52,20:49:53:446,50.20,101.58
18.72,5.96,20:49:53:585,49.33,101.70
18.67,6.47,20:49:53:719,49.18,101.40
18.36,5.31,20:49:53:848,46.81,100.37
18.13,8.69,20:49:53:975,34.34,99.57
20.18,9.98,20:49:54:115,23.77,95.33
31.62,-12.61,20:49:54:246,10.38,101.86
14.24,-13.34,20:49:54:384,-4.86,100.27
18.57,4.40,20:49:54:522,-23.30,90.04
18.61,-22.44,20:49:54:675,-32.24,107.75
18.92,-14.78,20:49:54:824,-42.69,101.92
19.62,-12.58,20:49:54:968,-49.74,98.87
19.72,-12.00,20:49:55:099,-54.93,97.27
19.94,-10.41,20:49:55:226,-59.36,95.96
19.90,-8.00,20:49:55:353,-63.62,95.31
19.57,-8.39,20:49:55:487,-65.55,95.88
19.45,-9.92,20:49:55:621,-65.85,95.86
19.36,-10.10,20:49:55:751,-66.26,95.60
19.49,-10.30,20:49:55:891,-66.45,95.40
19.59,-11.17,20:49:56:025,-66.65,95.48
19.80,-11.70,20:49:56:162,-66.69,95.45
19.82,-12.62,20:49:56:293,-66.94,95.77
19.75,-13.36,20:49:56:424,-67.09,96.14
19.99,-14.57,20:49:56:555,-67.06,96.07
20.02,-15.08,20:49:56:694,-66.89,96.11
20.14,-13.60,20:49:56:815,-63.31,97.07
20.22,-13.94,20:49:56:935,-56.56,99.23
20.10,-16.24,20:49:57:053,-42.99,104.12
18.52,-10.88,20:49:57:173,-28.43,98.39
16.64,-6.49,20:49:57:295,-8.98,104.29
15.79,12.61,20:49:57:411,2.81,113.52
22.31,4.99,20:49:57:530,12.69,98.77
21.16,11.33,20:49:57:643,23.97,99.59
21.42,3.12,20:49:57:760,31.71,108.08
22.16,-0.39,20:49:57:876,38.08,107.92
18.89,0.67,20:49:57:999,43.38,104.04
18.06,2.77,20:49:58:116,47.04,103.72
17.61,6.11,20:49:58:243,47.43,102.10
17.55,11.21,20:49:58:372,47.66,102.23
17.80,6.19,20:49:58:488,48.13,102.71
18.13,4.73,20:49:58:609,47.40,102.59
18.19,3.96,20:49:58:722,47.11,103.04
18.13,2.95,20:49:58:840,46.88,103.74
18.60,0.90,20:49:58:954,46.60,104.49
18.32,-0.82,20:49:59:076,41.87,105.25
17.28,10.00,20:49:59:203,59.06,96.65
17.29,2.20,20:49:59:317,45.22,103.18
17.48,3.85,20:49:59:433,36.43,103.94
20.66,2.79,20:49:59:552,30.73,107.45
24.09,6.78,20:49:59:674,21.18,96.67
16.54,11.54,20:49:59:787,7.42,102.32
13.30,-2.93,20:49:59:900,-5.51,99.97
17.03,-5.35,20:50:00:020,-29.51,96.64
18.38,-18.51,20:50:00:144,-36.21,105.64
19.22,-11.78,20:50:00:264,-44.07,99.97
21.03,-5.22,20:50:00:380,-51.90,93.41
21.65,-3.75,20:50:00:499,-56.37,90.44
22.03,-3.96,20:50:00:619,-61.90,89.43
22.13,-3.98,20:50:00:737,-64.49,88.93
24.98,-1.87,20:50:00:856,-65.12,85.45
24.99,1.02,20:50:00:975,-66.17,84.72
23.34,-2.34,20:50:01:111,-66.82,86.74
22.40,-5.35,20:50:01:234,-66.87,88.69
22.54,-4.49,20:50:01:348,-67.41,88.47
21.61,-5.70,20:50:01:467,-66.96,89.74
21.54,-6.21,20:50:01:583,-64.30,91.26
21.09,-4.27,20:50:01:709,-55.13,93.91
20.06,-4.41,20:50:01:824,-48.41,97.41
18.67,-2.34,20:50:01:945,-34.10,102.92
17.45,2.01,20:50:02:060,-26.19,95.13
15.20,9.67,20:50:02:178,-4.34,99.29
13.03,27.11,20:50:02:300,2.06,101.68
24.42,66.52,20:50:02:421,21.56,92.12
19.29,14.22,20:50:02:551,31.31,100.00
18.44,12.83,20:50:02:675,34.35,106.50
17.86,7.80,20:50:02:787,39.54,105.30
17.92,8.82,20:50:02:908,44.45,103.80
17.82,6.31,20:50:03:024,42.13,101.81
15.26,16.71,20:50:03:136,45.38,103.95
14.58,18.30,20:50:03:252,53.47,94.75
16.23,1.47,20:50:03:380,41.03,105.70
14.69,27.49,20:50:03:502,46.11,100.83
17.62,0.19,20:50:03:619,42.80,105.86
17.57,-3.27,20:50:03:732,41.20,106.24
15.11,15.78,20:50:03:852,45.46,102.95
16.65,1.36,20:50:03:971,51.57,108.29
17.07,1.85,20:50:04:086,49.60,108.36
18.87,-11.92,20:50:04:200,30.32,112.01
19.17,5.86,20:50:04:323,21.68,101.88
20.43,1.81,20:50:04:449,6.88,104.28
14.00,-6.35,20:50:04:566,-4.00,120.66
17.11,-16.15,20:50:04:679,-24.26,98.77
19.66,-37.60,20:50:04:794,-28.18,110.97
20.39,-4.97,20:50:04:914,-36.81,97.60
20.57,-4.89,20:50:05:035,-43.84,95.41
20.76,-8.49,20:50:05:154,-52.71,94.75
20.72,-7.23,20:50:05:282,-60.09,94.26
20.50,-7.13,20:50:05:397,-64.93,93.06
20.45,-9.63,20:50:05:515,-67.15,93.24
20.74,-8.84,20:50:05:642,-67.93,92.45
20.97,-9.70,20:50:05:762,-68.49,92.47
21.09,-9.57,20:50:05:878,-68.35,92.61
20.95,-7.79,20:50:05:997,-67.88,92.58
21.02,-8.10,20:50:06:118,-67.75,92.65
21.29,-7.95,20:50:06:240,-67.74,92.58
20.75,-8.11,20:50:06:369,-67.53,93.15
20.39,-10.66,20:50:06:521,-64.83,94.50
20.45,-11.08,20:50:06:642,-51.71,98.65
20.06,-8.71,20:50:06:765,-39.61,101.82
18.70,-8.91,20:50:06:885,-26.12,103.29
16.93,-3.36,20:50:07:006,-18.55,100.17
14.29,10.28,20:50:07:117,2.62,104.05
21.40,56.61,20:50:07:230,16.74,95.40
23.11,-33.19,20:50:07:340,14.52,124.37
21.87,-7.61,20:50:07:467,21.68,118.12
18.52,4.88,20:50:07:590,28.75,111.54
18.35,8.54,20:50:07:725,31.21,110.47
18.70,2.93,20:50:07:846,36.11,109.29
18.58,-0.53,20:50:07:963,40.46,106.23
18.37,-0.38,20:50:08:074,37.54,108.98
17.23,7.71,20:50:08:187,39.96,107.22
18.32,2.66,20:50:08:306,36.39,110.45
18.06,3.62,20:50:08:428,41.25,100.45
17.49,1.25,20:50:08:542,39.86,106.26
17.64,-1.67,20:50:08:657,40.93,105.43
18.25,-0.71,20:50:08:778,34.73,109.89
20.11,0.98,20:50:08:895,35.17,109.91
17.80,18.31,20:50:09:014,33.76,106.92
21.57,1.51,20:50:09:133,24.46,113.06
20.90,3.25,20:50:09:243,8.81,105.12
15.75,-3.19,20:50:09:366,-6.44,103.87
17.55,-2.66,20:50:09:488,-25.76,100.95
20.39,-12.80,20:50:09:607,-31.77,106.99
20.50,-7.58,20:50:09:727,-40.36,102.19
20.58,-8.04,20:50:09:850,-49.21,98.50
21.02,-7.18,20:50:09:977,-57.20,93.73
26.99,2.16,20:50:10:096,-61.94,84.95
28.87,0.90,20:50:10:214,-66.20,81.95
27.87,-1.73,20:50:10:330,-68.21,82.17
27.25,-5.87,20:50:10:448,-69.31,79.64
27.12,-7.10,20:50:10:563,-70.47,79.14
27.26,-8.35,20:50:10:691,-71.47,78.42
27.14,-9.09,20:50:10:813,-72.06,78.22
26.91,-9.87,20:50:10:931,-72.33,78.07
26.71,-11.08,20:50:11:051,-72.81,78.36
26.43,-10.75,20:50:11:178,-72.62,78.75
26.08,-10.56,20:50:11:298,-71.30,79.43
26.75,-4.37,20:50:11:430,-65.45,81.54
24.15,-2.59,20:50:11:564,-54.58,85.87
22.20,0.48,20:50:11:688,-38.27,89.90
20.46,5.34,20:50:11:804,-24.29,92.35
14.52,-6.73,20:50:11:921,-10.39,95.02
28.47,0.57,20:50:12:040,11.71,95.31
26.06,8.37,20:50:12:153,22.63,91.20
23.82,21.88,20:50:12:278,34.43,95.79
21.46,24.68,20:50:12:392,43.43,98.11
19.88,32.86,20:50:12:507,52.85,96.65
19.85,14.23,20:50:12:623,51.83,105.10
18.49,18.46,20:50:12:742,54.65,99.15
18.01,19.59,20:50:12:856,54.66,98.00
17.89,20.70,20:50:12:972,57.68,99.09
17.97,21.38,20:50:13:090,57.60,98.86
17.71,21.13,20:50:13:211,53.41,98.26
17.64,20.53,20:50:13:328,56.98,99.99
17.84,17.84,20:50:13:441,56.55,100.30
17.74,18.58,20:50:13:554,56.45,100.51
17.63,18.31,20:50:13:672,55.99,100.28
17.79,16.77,20:50:13:799,54.74,101.06
18.04,14.37,20:50:13:920,50.32,98.82
18.08,12.52,20:50:14:039,42.18,98.98
18.78,11.04,20:50:14:167,34.55,98.60
30.26,-8.28,20:50:14:283,19.42,103.80
11.21,-24.07,20:50:14:405,-3.12,102.53
15.07,-1.66,20:50:14:523,-15.26,102.82
16.03,-9.46,20:50:14:642,-32.96,103.10
16.93,-6.73,20:50:14:761,-39.69,99.20
18.56,-4.01,20:50:14:882,-50.18,95.48
19.87,-2.62,20:50:14:996,-56.35,92.31
21.44,-0.01,20:50:15:117,-63.45,89.02
25.95,3.54,20:50:15:235,-66.45,83.45
26.76,3.53,20:50:15:354,-67.49,82.56
22.77,-2.95,20:50:15:474,-68.28,87.00
25.89,0.45,20:50:15:592,-68.00,83.45
26.06,1.50,20:50:15:711,-67.53,83.30
26.70,1.65,20:50:15:830,-67.32,82.98
25.02,-1.85,20:50:15:947,-67.01,85.89
24.89,-0.56,20:50:16:067,-65.62,85.94
21.72,-3.85,20:50:16:182,-59.81,91.21
20.21,-3.17,20:50:16:306,-53.41,93.90
19.60,-0.39,20:50:16:420,-42.67,96.83
18.94,1.21,20:50:16:536,-36.42,99.22
16.14,0.59,20:50:16:648,-24.32,105.61
14.23,2.44,20:50:16:762,-18.09,102.77
11.96,10.06,20:50:16:879,-1.56,97.39
26.02,5.60,20:50:17:013,17.33,98.10
20.65,30.83,20:50:17:144,26.52,89.87
21.98,15.40,20:50:17:263,37.97,102.27
20.25,23.45,20:50:17:377,42.13,100.25
19.15,21.79,20:50:17:495,42.41,98.78
19.07,28.23,20:50:17:609,54.30,99.15
18.53,13.97,20:50:17:726,49.64,102.43
18.42,12.39,20:50:17:842,51.02,104.48
18.51,10.09,20:50:17:965,48.75,103.10
18.57,8.23,20:50:18:083,48.44,103.26
18.66,6.36,20:50:18:207,49.87,105.11
18.77,6.66,20:50:18:330,49.66,105.21
18.65,7.64,20:50:18:450,49.86,104.81
18.74,7.04,20:50:18:566,49.64,104.74
18.64,7.42,20:50:18:680,48.20,103.66
18.41,13.63,20:50:18:800,40.00,101.76
22.74,7.22,20:50:18:916,26.33,107.48
22.99,17.98,20:50:19:033,20.79,90.33
14.15,-6.03,20:50:19:149,-1.48,98.61
16.15,-2.91,20:50:19:263,-20.39,94.64
17.85,-22.91,20:50:19:378,-27.28,108.72
18.90,-15.41,20:50:19:499,-33.45,103.18
19.66,-11.06,20:50:19:612,-42.84,98.55
19.86,-12.08,20:50:19:726,-48.54,96.29
20.73,-9.27,20:50:19:849,-54.90,93.30
20.62,-9.29,20:50:19:969,-58.65,93.38
20.44,-9.74,20:50:20:087,-60.38,93.37
20.53,-9.94,20:50:20:220,-60.99,93.42
20.31,-10.22,20:50:20:342,-60.89,94.01
19.96,-11.50,20:50:20:467,-60.90,94.94
20.12,-10.45,20:50:20:589,-58.67,95.77
20.11,-7.96,20:50:20:709,-49.00,98.31
19.95,-7.78,20:50:20:825,-36.40,99.79
18.58,-31.24,20:50:20:950,-22.29,110.12
12.56,-4.25,20:50:21:079,-2.61,98.23
29.34,-9.12,20:50:21:204,8.70,108.67
27.18,-0.53,20:50:21:314,25.33,103.36
19.91,-11.52,20:50:21:433,24.26,112.19
16.24,-5.32,20:50:21:543,30.36,110.73
18.65,-2.77,20:50:21:664,39.90,104.68
17.71,-2.27,20:50:21:791,47.73,104.96
17.23,-0.34,20:50:21:907,49.36,104.90
17.17,0.65,20:50:22:016,49.73,105.44
17.05,2.91,20:50:22:142,50.46,105.23
17.13,1.63,20:50:22:265,50.49,105.73
17.09,2.03,20:50:22:383,50.83,105.85
17.04,2.86,20:50:22:499,51.21,105.48
16.92,1.42,20:50:22:616,50.74,105.51
16.75,1.74,20:50:22:731,50.79,104.94
16.53,6.63,20:50:22:850,38.57,101.51
18.77,7.90,20:50:22:977,33.04,101.10
21.25,10.98,20:50:23:096,26.12,96.04
15.38,28.08,20:50:23:218,4.25,97.24
16.85,-2.04,20:50:23:347,-13.39,92.06
17.72,-2.06,20:50:23:463,-30.40,89.65
18.31,-8.80,20:50:23:579,-35.95,97.83
18.82,-9.06,20:50:23:696,-42.11,93.55
22.19,2.19,20:50:23:816,-50.05,84.93
25.01,4.37,20:50:23:938,-54.64,80.18
26.45,4.74,20:50:24:066,-58.51,77.91
27.01,4.06,20:50:24:183,-60.90,76.93
27.27,4.28,20:50:24:299,-61.12,76.54
27.53,3.81,20:50:24:420,-62.04,75.97
27.17,2.86,20:50:24:542,-62.02,76.73
26.52,1.59,20:50:24:665,-62.64,77.88
26.08,0.33,20:50:24:786,-62.08,79.04
24.85,-0.01,20:50:24:908,-55.72,83.32
22.88,-2.43,20:50:25:027,-49.69,88.64
21.38,-7.77,20:50:25:140,-38.58,97.20
19.12,-14.53,20:50:25:255,-26.08,103.84
18.95,0.89,20:50:25:377,-5.08,96.35
6.41,-49.79,20:50:25:492,-6.68,98.36
32.25,-7.91,20:50:25:613,15.38,100.49
22.98,16.21,20:50:25:730,23.50,94.09
20.09,11.15,20:50:25:852,27.70,97.73
20.09,11.64,20:50:25:965,37.93,99.88
18.31,14.17,20:50:26:082,49.11,100.68
17.58,11.28,20:50:26:198,49.93,101.32
17.77,5.72,20:50:26:310,51.10,102.97
17.85,4.45,20:50:26:434,50.80,102.93
16.85,5.60,20:50:26:554,53.15,102.29
16.89,3.97,20:50:26:674,50.91,102.96
17.07,2.97,20:50:26:787,51.00,103.39
16.96,2.98,20:50:26:898,50.33,103.48
16.89,2.49,20:50:27:012,50.17,103.18
17.22,3.47,20:50:27:136,43.29,101.71
21.95,-1.09,20:50:27:259,35.73,105.19
22.20,10.78,20:50:27:376,26.38,94.28
27.56,-4.02,20:50:27:490,15.81,95.80
11.25,-13.69,20:50:27:610,-4.24,94.95
16.70,-1.15,20:50:27:729,5.51,84.69
16.13,-8.68,20:50:27:847,-29.22,99.05
17.17,-4.89,20:50:27:968,-32.75,97.62
17.80,-2.05,20:50:28:086,-40.62,95.73
18.42,-2.35,20:50:28:200,-47.04,94.39
19.41,-1.78,20:50:28:318,-52.01,92.24
20.07,-1.47,20:50:28:440,-56.73,88.99
20.53,-1.99,20:50:28:558,-57.96,88.43
21.27,-1.86,20:50:28:681,-58.21,87.31
24.45,2.03,20:50:28:801,-57.66,83.75
23.01,-0.14,20:50:28:915,-59.39,85.03
22.88,-0.12,20:50:29:034,-59.77,84.87
23.43,-1.15,20:50:29:156,-59.71,85.03
22.05,-3.17,20:50:29:276,-56.34,87.99
20.30,-5.86,20:50:29:401,-47.98,93.44
19.16,-5.54,20:50:29:528,-32.32,98.26
16.24,-31.33,20:50:29:651,-20.32,110.80
13.57,-0.30,20:50:29:766,-6.99,103.33
20.25,9.45,20:50:29:886,10.91,97.12
21.91,14.89,20:50:30:010,21.42,95.50
21.50,1.07,20:50:30:127,26.13,108.45
19.83,14.02,20:50:30:244,34.69,102.04
18.83,13.47,20:50:30:364,49.60,95.02
18.28,20.18,20:50:30:482,49.69,99.71
17.72,14.70,20:50:30:593,49.46,99.99
18.21,13.42,20:50:30:708,50.19,102.63
17.91,11.36,20:50:30:832,49.47,102.01
17.65,8.74,20:50:30:949,49.88,102.21
17.43,7.46,20:50:31:063,50.06,102.64
17.48,5.27,20:50:31:176,50.04,103.07
17.25,5.76,20:50:31:290,49.39,102.28
17.01,5.06,20:50:31:408,48.70,102.68
16.70,5.64,20:50:31:525,48.40,102.19
16.88,5.99,20:50:31:641,40.09,101.09
17.08,9.68,20:50:31:759,32.09,107.94
21.79,3.82,20:50:31:874,20.46,105.17
21.02,23.09,20:50:31:995,18.15,90.73
12.77,5.04,20:50:32:112,-1.22,99.25
15.06,-2.67,20:50:32:226,-14.38,103.39
18.43,-4.06,20:50:32:340,-23.83,101.19
18.43,-4.36,20:50:32:459,-31.60,102.41
18.61,-3.83,20:50:32:580,-39.06,100.59
18.81,-3.71,20:50:32:700,-43.52,99.88
18.78,-6.53,20:50:32:833,-49.56,98.84
18.97,-5.76,20:50:32:948,-54.77,97.11
19.19,-3.14,20:50:33:075,-57.94,95.46
19.20,-2.16,20:50:33:194,-60.00,94.94
19.16,-0.52,20:50:33:307,-60.85,94.66
19.23,-0.29,20:50:33:429,-61.15,94.59
19.20,-0.87,20:50:33:546,-61.54,94.68
19.26,-0.95,20:50:33:665,-61.55,94.64
19.30,-1.88,20:50:33:786,-60.95,94.83
19.22,-3.75,20:50:33:907,-58.68,95.54
18.69,-7.10,20:50:34:033,-50.23,98.21
17.91,-12.16,20:50:34:147,-34.14,103.20
18.14,-44.74,20:50:34:267,-25.49,113.02
14.14,6.17,20:50:34:380,0.25,101.08
22.13,19.43,20:50:34:496,17.39,92.09
24.34,-16.14,20:50:34:615,40.50,114.01
19.63,3.27,20:50:34:747,31.66,107.86
18.24,4.72,20:50:34:861,41.97,105.38
18.29,5.62,20:50:34:975,45.57,103.15
18.26,3.85,20:50:35:085,43.53,102.73
18.25,1.48,20:50:35:208,42.60,102.45
18.17,1.35,20:50:35:323,42.39,102.22
18.57,0.27,20:50:35:442,42.24,102.70
18.25,0.95,20:50:35:557,42.14,102.19
18.02,1.94,20:50:35:676,42.14,101.73
17.94,1.38,20:50:35:799,41.83,101.46
17.64,0.82,20:50:35:919,34.31,103.36
21.19,10.33,20:50:36:044,26.07,96.63
31.25,-10.90,20:50:36:166,18.16,101.67
7.10,-47.61,20:50:36:281,-3.60,99.09
18.43,13.50,20:50:36:396,-3.38,94.31
17.27,-1.46,20:50:36:506,-23.66,91.50
17.36,1.21,20:50:36:619,-28.63,99.68
17.57,-3.04,20:50:36:736,-37.09,99.80
18.19,-4.50,20:50:36:854,-43.02,97.29
18.86,-8.30,20:50:36:975,-47.88,95.91
19.48,-8.15,20:50:37:094,-50.98,94.48
20.68,-7.65,20:50:37:212,-55.96,93.40
20.74,-8.11,20:50:37:331,-59.02,93.28
20.86,-8.99,20:50:37:454,-61.77,93.33
20.50,-11.15,20:50:37:573,-62.81,93.48
20.51,-11.61,20:50:37:688,-62.97,93.35
19.99,-11.68,20:50:37:808,-63.32,93.69
20.04,-11.74,20:50:37:935,-64.10,93.99
20.22,-10.44,20:50:38:051,-64.31,93.67
20.30,-10.61,20:50:38:175,-64.39,94.29
20.86,-9.47,20:50:38:289,-62.43,93.65
19.61,-14.15,20:50:38:411,-53.87,98.43
19.22,-15.06,20:50:38:529,-45.76,101.15
22.32,-47.72,20:50:38:645,-31.22,115.22
18.99,-12.48,20:50:38:767,-19.80,100.09
12.95,-30.34,20:50:38:881,-3.99,103.04
29.63,-2.90,20:50:39:003,13.17,102.56
25.64,5.44,20:50:39:131,22.80,95.69
28.84,-14.42,20:50:39:259,23.66,106.14
21.66,-3.33,20:50:39:386,30.75,106.90
19.72,8.52,20:50:39:508,40.47,102.93
19.29,2.00,20:50:39:627,44.17,100.09
19.26,-2.81,20:50:39:740,44.17,100.23
19.05,-0.76,20:50:39:866,44.58,99.87
19.36,-4.11,20:50:39:997,44.67,102.06
19.15,-4.20,20:50:40:119,42.07,101.66
19.57,-7.28,20:50:40:242,43.49,102.51
18.58,-3.94,20:50:40:353,39.02,100.17
18.22,-1.74,20:50:40:474,45.34,98.65
17.64,-1.13,20:50:40:594,38.50,102.05
17.53,-0.19,20:50:40:711,41.74,99.36
18.94,-0.84,20:50:40:827,35.72,104.03
20.17,7.06,20:50:40:942,26.57,100.96
28.58,-5.37,20:50:41:064,18.76,100.81
12.01,-28.35,20:50:41:184,-1.99,103.72
15.91,-1.81,20:50:41:303,-9.33,105.99
18.12,-4.71,20:50:41:417,-23.44,91.72
18.84,-6.10,20:50:41:534,-28.22,90.87
20.34,-9.47,20:50:41:650,-35.51,98.59
20.62,-8.02,20:50:41:768,-43.33,96.97
21.03,-7.99,20:50:41:896,-48.37,94.86
20.38,-5.10,20:50:42:013,-53.01,91.91
19.91,-4.63,20:50:42:134,-57.30,91.29
19.70,-5.49,20:50:42:272,-60.04,91.18
20.06,-5.22,20:50:42:402,-61.01,90.83
20.15,-6.89,20:50:42:524,-61.93,90.49
19.70,-8.25,20:50:42:640,-62.56,91.72
19.49,-9.13,20:50:42:760,-62.55,91.85
19.66,-10.73,20:50:42:880,-63.04,92.70
19.42,-10.26,20:50:42:998,-62.39,93.02
19.35,-8.93,20:50:43:118,-58.90,93.36
19.51,-7.61,20:50:43:244,-52.83,95.97
19.62,-9.30,20:50:43:364,-47.09,99.82
19.73,-7.75,20:50:43:485,-36.32,103.24
16.58,-19.03,20:50:43:615,-26.84,111.92
15.94,-7.73,20:50:43:741,-23.41,117.81
26.41,-11.31,20:50:43:860,7.18,103.28
21.14,21.16,20:50:43:976,23.21,92.15
19.93,23.58,20:50:44:091,28.07,93.71
19.68,13.95,20:50:44:211,35.60,100.33
19.05,16.61,20:50:44:333,38.80,102.19
18.66,8.63,20:50:44:448,49.39,105.09
18.16,7.22,20:50:44:569,50.38,104.42
17.86,7.38,20:50:44:681,50.62,104.41
18.12,5.09,20:50:44:796,51.65,106.76
18.27,5.84,20:50:44:912,52.09,108.13
17.97,7.94,20:50:45:026,52.74,106.97
17.73,9.01,20:50:45:139,53.01,105.48
18.08,5.66,20:50:45:254,52.57,107.44
18.30,4.98,20:50:45:379,40.62,96.74
18.57,4.00,20:50:45:500,40.94,97.22
18.53,4.07,20:50:45:612,40.53,95.68
18.47,4.90,20:50:45:724,40.65,95.34
18.20,6.77,20:50:45:838,47.14,104.24
20.39,-0.30,20:50:45:956,27.75,109.79
21.00,13.58,20:50:46:080,28.90,99.66
22.85,10.06,20:50:46:207,17.44,95.43
11.75,-12.08,20:50:46:324,-3.47,101.24
19.09,7.19,20:50:46:441,-22.04,92.22
19.50,3.08,20:50:46:567,-28.49,88.89
19.88,-5.56,20:50:46:685,-35.44,99.56
20.00,-6.07,20:50:46:811,-44.38,96.23
20.09,-7.02,20:50:46:935,-50.51,95.13
20.60,-5.48,20:50:47:051,-57.23,92.99
20.64,-7.14,20:50:47:172,-63.47,92.79
20.89,-6.47,20:50:47:300,-64.65,92.83
21.03,-7.23,20:50:47:422,-65.58,92.82
21.08,-6.42,20:50:47:545,-65.93,92.32
21.07,-6.67,20:50:47:662,-66.19,92.54
21.13,-6.96,20:50:47:785,-65.76,92.53
21.54,-6.33,20:50:47:910,-65.35,92.23
21.57,-7.05,20:50:48:029,-64.69,92.80
21.28,-9.12,20:50:48:149,-57.71,95.99
20.60,-9.93,20:50:48:280,-48.18,100.23
20.66,-6.29,20:50:48:406,-33.02,100.72
18.92,-4.49,20:50:48:521,-19.37,100.67
14.50,-5.85,20:50:48:644,-3.66,104.17
19.22,17.24,20:50:48:765,7.36,95.85
27.88,2.99,20:50:48:883,21.70,102.93
22.83,11.93,20:50:48:999,28.55,102.43
23.16,-7.46,20:50:49:116,30.10,112.15
26.00,-22.26,20:50:49:235,29.93,120.84
19.33,7.22,20:50:49:353,45.36,105.32
19.72,5.49,20:50:49:466,46.25,106.08
19.53,3.20,20:50:49:579,41.21,105.37
19.91,2.87,20:50:49:706,38.88,101.08
19.76,1.85,20:50:49:818,39.46,100.60
19.92,-2.25,20:50:49:941,39.36,100.61
19.63,-0.08,20:50:50:052,38.39,100.05
19.48,1.34,20:50:50:170,38.72,103.56
19.64,1.03,20:50:50:290,36.36,106.53
19.50,5.22,20:50:50:413,26.99,104.18
27.39,1.18,20:50:50:532,14.68,101.41
19.88,19.74,20:50:50:646,-3.55,95.13
18.59,-7.88,20:50:50:767,-26.40,109.43
19.42,-11.36,20:50:50:885,-36.85,105.84
19.27,-12.64,20:50:51:004,-44.11,104.83
19.68,-10.95,20:50:51:121,-52.38,102.19
20.19,-11.15,20:50:51:247,-59.65,99.43
20.57,-9.19,20:50:51:372,-63.16,97.34
20.63,-8.94,20:50:51:492,-65.59,96.30
20.63,-9.70,20:50:51:608,-66.21,95.48
20.34,-10.25,20:50:51:732,-67.26,94.89
20.31,-10.89,20:50:51:853,-67.49,94.90
20.25,-11.46,20:50:51:974,-67.71,95.02
20.08,-11.77,20:50:52:095,-67.72,95.12
20.06,-11.81,20:50:52:215,-67.89,95.19
19.91,-12.15,20:50:52:343,-67.84,95.49
20.08,-11.75,20:50:52:478,-67.01,95.90
20.00,-14.10,20:50:52:600,-62.91,97.82
19.86,-13.81,20:50:52:723,-51.79,102.14
18.80,-6.55,20:50:52:843,-34.94,103.18
18.30,-0.13,20:50:52:961,-26.66,100.39
16.53,25.56,20:50:53:077,-1.86,96.58
27.26,59.91,20:50:53:198,8.11,89.01
23.72,20.87,20:50:53:322,21.68,93.14
23.09,17.33,20:50:53:454,30.09,101.36
21.94,8.10,20:50:53:586,35.70,104.35
18.95,19.16,20:50:53:724,48.03,100.01
17.79,21.28,20:50:53:853,53.11,99.82
17.64,15.47,20:50:53:996,55.09,98.77
17.64,13.05,20:50:54:124,46.20,99.84
17.93,8.95,20:50:54:252,45.41,101.04
17.88,9.02,20:50:54:382,45.52,100.80
18.18,7.89,20:50:54:514,45.41,100.89
18.27,7.11,20:50:54:648,44.96,101.72
17.94,8.44,20:50:54:784,45.01,101.16
18.06,8.15,20:50:54:922,44.84,101.14
17.84,7.70,20:50:55:050,51.48,102.56
20.35,7.23,20:50:55:193,35.57,103.12
21.60,13.77,20:50:55:334,24.02,94.86
26.03,-7.25,20:50:55:474,7.53,98.64
17.37,-1.52,20:50:55:603,-14.95,101.62
18.67,-2.49,20:50:55:726,-28.36,96.42
18.88,-8.29,20:50:55:869,-42.86,99.15
19.41,-6.14,20:50:56:001,-52.27,95.40
20.18,-4.23,20:50:56:140,-61.58,91.46
21.88,-2.19,20:50:56:271,-66.93,88.20
22.81,-5.56,20:50:56:406,-68.18,87.63
21.57,-4.74,20:50:56:542,-69.12,88.34
21.62,-4.42,20:50:56:674,-69.14,88.92
21.84,-4.04,20:50:56:813,-68.90,89.20
21.23,-5.46,20:50:56:979,-69.31,89.77
20.32,-10.39,20:50:57:120,-69.48,91.88
20.15,-11.56,20:50:57:262,-69.45,92.26
20.15,-13.38,20:50:57:402,-69.02,92.74
20.18,-14.01,20:50:57:529,-68.61,92.92
20.56,-12.98,20:50:57:661,-63.35,93.91
20.48,-12.53,20:50:57:807,-52.88,96.74
20.87,-7.94,20:50:57:961,-33.99,101.75
18.46,-5.69,20:50:58:105,-13.51,98.65
13.92,7.62,20:50:58:247,-0.10,99.15
28.40,1.24,20:50:58:387,22.08,102.64
21.86,15.11,20:50:58:517,31.52,103.74
18.78,9.11,20:50:58:649,39.41,103.41
18.25,16.27,20:50:58:780,50.44,101.11
17.94,12.97,20:50:58:915,53.26,101.64
17.67,10.60,20:50:59:050,53.42,101.93
17.66,9.10,20:50:59:180,53.86,101.63
18.03,6.79,20:50:59:312,54.48,103.74
17.80,6.69,20:50:59:434,54.30,102.89
17.85,6.55,20:50:59:570,53.85,102.78
17.77,10.37,20:50:59:706,53.46,102.21
17.72,6.30,20:50:59:837,53.28,102.82
17.92,5.48,20:50:59:973,53.23,102.92
16.90,5.76,20:51:00:118,47.94,101.26
16.68,16.20,20:51:00:262,41.38,100.61
18.78,19.00,20:51:00:397,26.56,94.87
25.52,4.56,20:51:00:530,17.22,93.16
11.00,-5.47,20:51:00:670,-2.40,95.83
16.77,8.39,20:51:00:802,-12.93,98.86
15.54,-3.10,20:51:00:936,-25.36,95.50
17.42,-4.25,20:51:01:064,-31.61,98.90
18.02,-5.40,20:51:01:200,-42.25,99.90
18.31,-5.91,20:51:01:338,-49.91,97.05
18.37,-4.39,20:51:01:470,-57.99,94.36
18.10,-4.96,20:51:01:596,-62.66,93.72
17.98,-4.90,20:51:01:736,-65.08,93.37
18.05,-4.94,20:51:01:878,-66.04,92.68
18.37,-6.44,20:51:02:013,-65.95,93.15
18.42,-7.59,20:51:02:151,-65.79,93.42
18.56,-8.45,20:51:02:286,-65.73,93.50
18.64,-9.82,20:51:02:407,-65.89,93.79
18.82,-8.27,20:51:02:528,-66.05,93.33
19.36,-9.01,20:51:02:641,-65.84,93.15
19.60,-8.41,20:51:02:762,-64.42,93.32
19.49,-9.34,20:51:02:882,-57.89,95.97
19.73,-10.00,20:51:02:995,-49.56,98.75
20.52,-10.68,20:51:03:111,-35.34,101.36
20.32,-5.43,20:51:03:226,-23.53,100.19
16.85,-1.96,20:51:03:340,-5.15,99.40
17.21,19.53,20:51:03:462,0.33,117.32
33.60,-6.68,20:51:03:573,17.29,104.17
25.03,68.01,20:51:03:686,22.68,88.03
20.38,25.31,20:51:03:806,28.43,98.32
26.34,-0.57,20:51:03:921,32.04,111.80
20.17,3.12,20:51:04:044,32.37,108.53
20.24,5.49,20:51:04:164,35.83,106.79
20.23,5.54,20:51:04:279,41.63,107.46
20.32,5.66,20:51:04:402,39.65,109.93
20.11,7.03,20:51:04:521,47.00,104.37
20.03,6.13,20:51:04:635,38.52,103.62
19.98,6.66,20:51:04:747,37.99,104.86
19.79,6.66,20:51:04:863,38.13,103.31
19.03,10.21,20:51:04:977,37.95,101.21
18.99,8.40,20:51:05:093,44.32,104.85
19.76,2.42,20:51:05:212,47.56,102.29
18.81,5.13,20:51:05:329,44.07,106.71
18.87,3.03,20:51:05:441,35.23,109.41
23.00,-10.86,20:51:05:556,28.36,116.15
32.11,70.95,20:51:05:677,30.28,86.44
27.11,55.54,20:51:05:792,8.59,98.87
15.19,-18.61,20:51:05:908,-7.01,103.69
20.74,-1.72,20:51:06:024,-21.13,99.61
21.53,-4.02,20:51:06:140,-29.10,99.12
21.44,-12.42,20:51:06:255,-35.39,101.61
21.67,-14.74,20:51:06:368,-42.23,101.80
21.75,-14.30,20:51:06:487,-48.15,99.49
21.73,-11.88,20:51:06:609,-54.70,96.08
21.36,-11.58,20:51:06:727,-57.50,95.52
21.10,-8.55,20:51:06:843,-61.13,93.85
21.07,-8.40,20:51:06:966,-62.25,94.01
21.14,-7.95,20:51:07:088,-62.64,94.09
21.26,-7.20,20:51:07:210,-62.86,94.13
21.10,-6.98,20:51:07:331,-63.15,94.03
20.78,-8.72,20:51:07:448,-63.43,94.39
20.59,-9.92,20:51:07:578,-63.86,94.72
20.72,-9.75,20:51:07:695,-62.84,94.91
20.75,-8.53,20:51:07:811,-55.44,96.30
21.05,-5.60,20:51:07:928,-48.46,97.80
21.24,-0.13,20:51:08:047,-31.15,101.13
19.51,2.04,20:51:08:162,-24.32,97.09
15.53,8.74,20:51:08:283,-2.52,98.46
23.84,17.03,20:51:08:399,13.59,93.92
24.47,16.37,20:51:08:513,21.88,98.08
24.86,36.81,20:51:08:629,31.19,92.66
22.94,11.66,20:51:08:749,30.44,109.56
21.98,11.44,20:51:08:869,36.21,106.79
20.05,22.45,20:51:08:989,47.43,103.98
19.01,16.68,20:51:09:114,48.51,105.39
18.70,15.21,20:51:09:230,49.59,106.00
18.25,13.95,20:51:09:345,47.31,105.68
18.18,12.71,20:51:09:459,46.63,105.79
17.91,13.45,20:51:09:572,46.39,105.43
17.99,13.03,20:51:09:690,46.09,104.93
18.03,12.88,20:51:09:810,45.72,105.76
18.24,11.29,20:51:09:924,45.70,105.71
18.15,10.49,20:51:10:043,45.91,105.95
17.97,9.61,20:51:10:159,48.42,105.39
19.43,9.06,20:51:10:279,34.25,105.62
20.17,9.60,20:51:10:394,28.84,103.14
23.03,11.13,20:51:10:513,15.12,92.90
11.52,-6.25,20:51:10:631,-2.55,102.10
17.08,2.20,20:51:10:763,-23.61,96.71
19.12,-11.94,20:51:10:885,-33.32,104.69
20.08,-9.87,20:51:11:021,-43.73,100.71
20.17,-10.68,20:51:11:147,-51.38,98.58
20.40,-10.89,20:51:11:265,-58.25,96.87
21.14,-7.86,20:51:11:382,-63.29,92.30
21.95,-5.60,20:51:11:496,-65.97,89.86
27.96,0.06,20:51:11:614,-67.46,82.83
28.82,0.65,20:51:11:729,-68.40,81.01
27.19,-1.99,20:51:11:846,-69.38,83.69
25.71,-6.03,20:51:11:962,-69.37,83.36
25.35,-5.81,20:51:12:082,-70.26,85.07
26.58,-5.90,20:51:12:197,-70.06,83.53
27.33,-5.34,20:51:12:314,-69.93,83.50
26.17,-6.23,20:51:12:429,-69.76,85.11
22.09,-12.78,20:51:12:553,-67.32,90.93
21.57,-13.96,20:51:12:669,-61.76,93.28
20.97,-14.39,20:51:12:799,-52.21,97.43
20.87,-13.78,20:51:12:928,-35.00,101.53
19.55,-9.41,20:51:13:049,-20.86,97.34
17.00,-11.96,20:51:13:168,-7.08,102.79
23.65,-0.32,20:51:13:291,11.84,91.86
22.59,31.43,20:51:13:416,28.80,92.29
20.36,16.36,20:51:13:532,38.18,91.52
19.96,10.07,20:51:13:642,37.09,107.83
19.62,12.83,20:51:13:765,41.88,107.93
18.92,13.84,20:51:13:886,45.28,105.44
18.77,8.48,20:51:14:012,45.57,106.27
18.67,5.68,20:51:14:128,46.44,106.73
18.63,4.63,20:51:14:243,45.89,106.78
18.46,3.97,20:51:14:359,45.70,106.82
18.64,3.39,20:51:14:473,43.23,109.23
18.52,2.65,20:51:14:589,45.64,107.06
18.58,1.26,20:51:14:707,45.48,106.99
18.71,-0.79,20:51:14:827,39.42,103.31
18.87,3.80,20:51:14:942,38.36,105.03
19.02,4.85,20:51:15:057,35.31,105.49
19.59,11.35,20:51:15:177,35.54,107.00
21.69,10.45,20:51:15:307,29.72,104.81
24.35,19.30,20:51:15:423,18.58,94.10
13.75,-9.14,20:51:15:540,-10.76,114.80
18.24,-1.81,20:51:15:652,-16.87,100.41
19.42,-6.74,20:51:15:776,-31.24,98.96
19.83,-15.24,20:51:15:894,-41.41,102.83
20.16,-13.50,20:51:16:015,-49.66,100.26
20.30,-10.03,20:51:16:142,-57.06,96.62
20.30,-10.47,20:51:16:253,-61.47,95.60
20.08,-10.67,20:51:16:378,-64.81,95.07
20.22,-11.71,20:51:16:493,-66.30,94.94
22.17,-11.43,20:51:16:612,-66.84,93.36
24.45,-5.86,20:51:16:729,-67.84,90.65
24.46,-5.93,20:51:16:850,-69.46,91.13
21.82,-10.20,20:51:16:969,-70.15,93.63
21.89,-10.08,20:51:17:095,-70.22,93.70
20.76,-15.27,20:51:17:222,-68.13,97.37
20.21,-15.76,20:51:17:343,-61.64,100.36
19.43,-17.25,20:51:17:460,-53.43,103.88
18.61,-24.08,20:51:17:578,-38.91,110.88
18.97,-15.66,20:51:17:694,-28.09,105.36
16.04,-9.12,20:51:17:812,-6.79,116.98
18.52,-0.56,20:51:17:923,6.17,123.18
20.77,1.66,20:51:18:044,29.87,109.79
20.83,3.65,20:51:18:157,26.99,111.87
20.85,9.68,20:51:18:278,33.37,112.29
21.04,5.09,20:51:18:398,30.92,113.03
20.84,5.56,20:51:18:510,30.56,114.23
20.92,4.75,20:51:18:628,32.53,112.92
20.82,4.82,20:51:18:744,32.04,113.39
21.01,3.34,20:51:18:854,30.94,114.95
20.97,3.50,20:51:18:972,31.04,115.29
20.87,1.87,20:51:19:093,30.68,115.55
20.95,0.87,20:51:19:210,31.24,115.02
20.81,1.47,20:51:19:326,32.25,113.39
20.60,0.95,20:51:19:442,33.23,115.66
20.49,0.63,20:51:19:564,31.83,113.97
21.25,5.81,20:51:19:679,20.25,110.94
22.29,30.29,20:51:19:793,19.24,97.37
19.73,9.12,20:51:19:908,-2.68,103.86
21.36,-0.66,20:51:20:022,-15.46,100.06
21.06,-3.67,20:51:20:143,-33.86,94.39
20.00,-25.07,20:51:20:265,-38.58,110.75
19.65,-17.68,20:51:20:380,-48.11,104.95
19.89,-17.61,20:51:20:516,-54.86,101.97
19.97,-15.37,20:51:20:634,-60.41,99.69
19.71,-18.08,20:51:20:747,-64.88,98.93
19.70,-19.59,20:51:20:876,-67.64,98.25
19.70,-19.70,20:51:21:007,-68.47,97.75
19.59,-19.64,20:51:21:128,-68.34,97.72
19.51,-19.27,20:51:21:248,-68.40,97.62
19.64,-18.17,20:51:21:376,-68.12,97.46
19.59,-18.22,20:51:21:495,-67.90,97.66
19.63,-18.61,20:51:21:613,-67.56,97.98
19.57,-18.72,20:51:21:735,-67.36,98.19
20.08,-17.99,20:51:21:850,-63.72,99.12
20.25,-18.32,20:51:21:974,-54.20,102.36
20.30,-18.37,20:51:22:099,-44.54,106.07
18.86,-14.65,20:51:22:214,-28.85,104.65
16.27,-11.74,20:51:22:330,-16.25,100.48
19.43,3.65,20:51:22:452,8.42,104.76
23.58,32.88,20:51:22:574,24.57,97.23
21.82,11.76,20:51:22:691,28.29,105.42
21.18,-0.52,20:51:22:814,28.79,112.53
20.61,-3.40,20:51:22:927,33.22,111.81
20.39,-5.34,20:51:23:044,33.94,110.84
20.27,-7.47,20:51:23:162,33.86,111.84
20.05,-7.28,20:51:23:284,34.27,111.16
18.90,-5.85,20:51:23:417,34.94,111.63
19.35,-8.01,20:51:23:541,33.12,112.78
19.50,-9.08,20:51:23:650,33.21,113.23
20.16,-13.00,20:51:23:764,30.28,111.07
19.83,-12.50,20:51:23:876,30.27,111.34
19.85,-9.02,20:51:23:991,31.13,113.31
19.68,-9.01,20:51:24:110,32.98,114.09
20.73,-2.57,20:51:24:232,32.11,108.86
23.88,0.20,20:51:24:350,20.59,103.42
13.96,-3.03,20:51:24:463,3.64,102.55
19.05,5.27,20:51:24:577,-7.31,98.15
20.03,-0.73,20:51:24:692,-24.84,100.31
20.24,-15.64,20:51:24:808,-34.01,107.51
20.64,-14.36,20:51:24:923,-41.78,104.34
21.25,-11.93,20:51:25:048,-48.39,100.60
21.75,-9.74,20:51:25:165,-53.01,97.36
21.65,-9.17,20:51:25:285,-57.80,94.98
21.39,-8.50,20:51:25:409,-62.65,93.60
21.44,-9.34,20:51:25:525,-65.43,93.32
21.01,-11.23,20:51:25:649,-66.16,93.88
21.05,-12.81,20:51:25:782,-66.14,94.20
20.82,-13.96,20:51:25:901,-66.16,94.63
20.23,-14.54,20:51:26:017,-66.38,94.96
19.99,-12.92,20:51:26:138,-66.36,94.65
19.99,-14.18,20:51:26:270,-66.32,94.91
20.07,-12.73,20:51:26:387,-59.74,96.10
19.68,-12.51,20:51:26:511,-46.86,100.45
18.84,-18.60,20:51:26:633,-32.58,106.69
16.33,-9.88,20:51:26:752,-17.94,100.84
13.61,-8.55,20:51:26:880,1.63,105.10
22.32,-0.32,20:51:27:004,19.20,104.70
19.87,5.87,20:51:27:120,28.77,112.82
21.14,-12.83,20:51:27:234,26.65,121.86
20.76,-3.46,20:51:27:348,40.59,113.38
20.67,-0.39,20:51:27:478,33.77,114.83
20.74,0.20,20:51:27:601,34.08,115.47
20.80,0.37,20:51:27:735,34.76,115.49
20.75,0.20,20:51:27:852,34.21,114.74
20.74,-0.12,20:51:27:964,34.86,113.62
20.87,-2.88,20:51:28:107,34.19,114.50
20.57,-1.88,20:51:28:237,34.97,112.50
20.47,-1.67,20:51:28:351,32.32,113.73
20.75,12.40,20:51:28:463,26.37,108.91
23.18,17.14,20:51:28:594,14.67,99.58
17.32,7.83,20:51:28:706,-2.47,105.25
18.04,-5.79,20:51:28:827,-15.91,109.39
18.54,-4.11,20:51:28:950,-30.54,100.91
19.30,-3.58,20:51:29:078,-41.29,101.82
20.15,-3.13,20:51:29:194,-47.46,100.08
23.96,2.53,20:51:29:310,-55.33,93.41
22.36,-1.37,20:51:29:424,-61.28,93.40
21.21,-3.71,20:51:29:543,-66.71,93.61
24.19,-0.18,20:51:29:666,-68.95,89.24
27.94,3.00,20:51:29:802,-69.06,84.75
26.36,-0.21,20:51:29:916,-68.88,86.72
22.47,-4.42,20:51:30:037,-69.48,91.95
24.00,-3.71,20:51:30:169,-69.46,90.82
22.71,-5.14,20:51:30:295,-68.28,92.61
21.81,-5.84,20:51:30:416,-62.27,95.54
21.62,-5.81,20:51:30:553,-48.47,99.80
20.42,0.69,20:51:30:682,-33.26,103.00
17.02,4.79,20:51:30:810,-23.79,97.37
15.04,5.57,20:51:30:947,-11.67,100.89
12.80,8.06,20:51:31:066,-0.66,102.90
19.42,-12.98,20:51:31:182,7.16,99.39
22.66,3.22,20:51:31:294,10.07,99.55
29.95,-6.64,20:51:31:408,8.96,114.15
13.91,5.68,20:51:31:518,6.69,106.90
34.16,-14.33,20:51:31:631,11.34,105.27
13.22,20.54,20:51:31:743,6.04,103.67
15.56,22.38,20:51:31:856,6.74,101.92
14.37,23.37,20:51:31:976,5.85,102.49
15.12,31.50,20:51:32:103,4.72,114.19
15.46,31.23,20:51:32:216,6.53,100.33
18.96,-2.30,20:51:32:340,6.50,99.23
17.08,43.34,20:51:32:456,6.94,94.74
16.36,-18.80,20:51:32:574,3.72,102.69
14.17,27.40,20:51:32:690,5.68,99.64
10.04,4.37,20:51:32:812,2.83,101.54
15.69,34.13,20:51:32:932,2.55,116.79
16.23,35.40,20:51:33:047,5.02,118.31
14.30,35.76,20:51:33:163,5.52,97.93
14.19,31.24,20:51:33:282,4.14,116.41
15.30,39.86,20:51:33:395,2.15,119.12
18.83,46.29,20:51:33:505,8.14,93.45
21.24,1.97,20:51:33:608,8.82,98.15
13.28,19.16,20:51:33:712,4.18,119.40
13.77,23.98,20:51:33:815,5.14,100.94
20.66,-2.56,20:51:33:917,7.37,101.23
14.84,26.01,20:51:34:019,6.32,102.16
15.01,17.79,20:51:34:128,6.08,102.60
18.18,34.25,20:51:34:237,8.96,98.33
21.47,-2.91,20:51:34:340,7.60,99.70
10.30,7.33,20:51:34:446,3.24,99.25
14.37,20.83,20:51:34:550,5.42,103.09
14.78,24.34,20:51:34:654,7.88,98.19
19.49,-2.72,20:51:34:756,4.85,105.68
14.92,22.44,20:51:34:859,6.79,102.03
17.35,-6.74,20:51:34:968,5.87,100.19
16.53,26.62,20:51:35:072,7.86,101.50
17.06,-14.20,20:51:36:110,4.82,102.05
16.49,27.39,20:51:36:440,7.95,100.13
15.97,18.61,20:51:36:623,7.18,101.73
15.28,-20.59,20:51:36:737,3.36,110.74
14.74,22.93,20:51:36:844,5.41,105.21
13.42,-3.51,20:51:36:968,3.32,104.82
15.93,26.44,20:51:37:074,7.36,99.89
16.44,26.50,20:51:37:178,5.15,114.13
20.31,35.61,20:51:37:315,12.11,99.99
15.45,22.07,20:51:37:695,6.38,106.57
18.05,25.26,20:51:37:807,8.17,105.78
17.99,27.43,20:51:37:913,8.13,101.57
38.28,-20.72,20:51:38:021,-5.93,124.45
16.10,22.45,20:51:38:143,6.38,102.89
15.61,16.43,20:51:38:250,5.80,104.00
15.98,22.32,20:51:38:395,6.38,101.44
21.44,-6.73,20:51:38:505,6.83,101.84
15.15,21.24,20:51:38:609,4.76,106.35
14.60,22.32,20:51:38:715,1.39,111.77
18.36,33.27,20:51:38:821,8.57,100.58
18.52,-4.89,20:51:38:935,6.28,99.26
11.85,11.02,20:51:39:042,4.21,100.99
18.03,-12.12,20:51:39:149,5.03,101.18
13.49,29.43,20:51:39:261,5.06,98.03
15.79,32.03,20:51:39:364,7.00,99.07
13.08,-2.96,20:51:39:472,4.31,107.06
20.10,0.43,20:51:39:576,7.50,98.68
15.71,24.63,20:51:39:681,7.37,101.46
23.26,-10.97,20:51:39:785,7.24,103.71
19.57,-1.78,20:51:39:895,6.37,103.52
21.23,-3.64,20:51:40:004,8.67,95.63
15.02,-4.12,20:51:40:108,3.86,114.71
20.92,29.21,20:51:40:216,10.53,103.31
38.51,39.32,20:51:40:319,13.35,113.15
46.66,39.90,20:51:40:422,25.88,110.47
44.14,14.84,20:51:40:541,8.00,120.22
42.88,7.37,20:51:40:649,2.65,124.43
42.58,7.89,20:51:40:758,3.95,125.49
42.15,36.21,20:51:40:871,18.09,115.61
38.73,-3.58,20:51:40:975,37.81,102.53
28.10,-8.71,20:51:41:080,34.85,76.16
19.75,-16.36,20:51:41:190,35.30,56.53
8.71,-28.44,20:51:41:305,28.34,33.85
8.73,-36.96,20:51:41:414,666.00,29.65
10.22,-32.15,20:51:41:528,666.00,26.07
