7.87,6.26,666.00,15.72,06-04-23-06-36-41-094
7.88,6.10,666.00,15.74,06-04-23-06-36-41-116
7.88,5.90,666.00,15.77,06-04-23-06-36-41-145
7.89,5.70,666.00,15.79,06-04-23-06-36-41-178
7.89,5.49,666.00,15.82,06-04-23-06-36-41-216
7.90,5.31,666.00,15.85,06-04-23-06-36-41-246
7.90,5.14,666.00,15.88,06-04-23-06-36-41-280
7.91,4.98,666.00,15.91,06-04-23-06-36-41-315
7.92,4.83,666.00,15.93,06-04-23-06-36-41-345
7.92,4.71,666.00,15.95,06-04-23-06-36-41-384
7.92,4.61,666.00,15.98,06-04-23-06-36-41-416
7.93,4.50,666.00,16.00,06-04-23-06-36-41-447
7.93,4.40,666.00,16.03,06-04-23-06-36-41-482
7.93,4.33,666.00,16.07,06-04-23-06-36-41-516
7.93,4.30,666.00,16.16,06-04-23-06-36-41-549
7.93,4.40,666.00,16.29,06-04-23-06-36-41-585
7.92,4.51,666.00,16.41,06-04-23-06-36-41-614
7.91,4.61,666.00,16.54,06-04-23-06-36-41-645
7.89,4.70,666.00,16.73,06-04-23-06-36-41-677
7.88,4.80,666.00,17.06,06-04-23-06-36-41-715
7.86,4.89,666.00,17.42,06-04-23-06-36-41-746
7.85,4.99,666.00,18.18,06-04-23-06-36-41-778
7.83,5.06,666.00,20.44,06-04-23-06-36-41-815
7.82,5.06,666.00,22.79,06-04-23-06-36-41-847
7.80,5.08,666.00,25.80,06-04-23-06-36-41-878
7.79,5.05,666.00,28.63,06-04-23-06-36-41-915
7.77,5.03,-9.03,30.58,06-04-23-06-36-41-949
7.74,4.94,-8.30,34.17,06-04-23-06-36-41-978
7.71,4.84,-7.75,37.97,06-04-23-06-36-42-015
7.69,4.84,-7.21,42.49,06-04-23-06-36-42-047
7.66,5.32,-6.88,48.99,06-04-23-06-36-42-078
7.60,6.02,-5.65,57.19,06-04-23-06-36-42-113
7.54,7.12,-4.64,61.21,06-04-23-06-36-42-148
7.46,8.60,-4.18,63.24,06-04-23-06-36-42-180
7.35,10.63,-3.08,64.19,06-04-23-06-36-42-218
7.25,14.45,-1.81,63.83,06-04-23-06-36-42-248
10.99,38.40,-5.62,54.70,06-04-23-06-36-42-281
12.88,45.21,-7.63,61.05,06-04-23-06-36-42-313
14.53,49.92,-8.78,63.90,06-04-23-06-36-42-345
15.59,52.57,-9.54,63.25,06-04-23-06-36-42-382
17.01,56.45,-10.36,61.20,06-04-23-06-36-42-416
18.06,59.07,-10.80,60.35,06-04-23-06-36-42-444
18.76,63.24,-10.32,59.10,06-04-23-06-36-42-481
19.15,69.52,-7.32,64.71,06-04-23-06-36-42-512
19.95,76.05,-4.64,67.37,06-04-23-06-36-42-547
20.59,79.93,-2.84,69.17,06-04-23-06-36-42-580
21.11,82.03,-1.64,70.47,06-04-23-06-36-42-613
21.47,83.26,-0.82,71.31,06-04-23-06-36-42-647
21.73,84.00,0.10,72.03,06-04-23-06-36-42-681
21.80,84.54,1.08,72.69,06-04-23-06-36-42-713
21.89,84.77,12.80,72.36,06-04-23-06-36-42-746
22.12,84.36,14.43,72.33,06-04-23-06-36-42-783
22.22,83.58,16.02,72.34,06-04-23-06-36-42-813
22.27,82.69,17.02,72.29,06-04-23-06-36-42-848
22.24,81.67,17.65,72.25,06-04-23-06-36-42-880
22.01,80.65,18.21,72.45,06-04-23-06-36-42-915
20.88,78.87,19.03,74.04,06-04-23-06-36-42-950
20.16,77.24,21.55,75.09,06-04-23-06-36-42-978
19.35,75.59,23.98,76.38,06-04-23-06-36-43-015
18.86,73.82,28.10,77.61,06-04-23-06-36-43-046
22.38,55.76,24.53,71.64,06-04-23-06-36-43-077
22.29,51.72,25.84,72.36,06-04-23-06-36-43-116
21.87,49.12,30.87,73.99,06-04-23-06-36-43-146
21.06,47.34,35.95,76.11,06-04-23-06-36-43-182
20.12,46.00,40.33,78.26,06-04-23-06-36-43-215
18.92,44.74,44.93,80.15,06-04-23-06-36-43-246
17.99,43.92,49.29,81.60,06-04-23-06-36-43-278
17.28,43.12,54.07,82.66,06-04-23-06-36-43-315
16.66,42.22,57.62,83.31,06-04-23-06-36-43-349
16.25,41.67,60.52,83.74,06-04-23-06-36-43-381
15.97,41.14,63.19,84.01,06-04-23-06-36-43-414
21.11,28.48,62.92,76.69,06-04-23-06-36-43-447
23.76,24.50,64.71,73.26,06-04-23-06-36-43-478
25.39,22.33,67.29,71.28,06-04-23-06-36-43-516
26.45,21.00,71.21,69.91,06-04-23-06-36-43-548
27.14,19.81,74.17,69.19,06-04-23-06-36-43-579
27.53,18.07,77.20,68.84,06-04-23-06-36-43-614
27.59,15.28,79.46,68.79,06-04-23-06-36-43-649
27.44,12.22,81.80,69.05,06-04-23-06-36-43-681
27.34,8.67,83.59,69.39,06-04-23-06-36-43-713
27.14,6.23,85.41,69.67,06-04-23-06-36-43-747
26.99,3.76,88.11,69.80,06-04-23-06-36-43-780
26.96,1.09,91.10,69.70,06-04-23-06-36-43-814
26.97,-0.86,93.07,69.58,06-04-23-06-36-43-844
27.03,-2.36,94.12,69.53,06-04-23-06-36-43-880
27.01,-3.56,96.64,69.39,06-04-23-06-36-43-912
27.04,-4.62,98.47,69.25,06-04-23-06-36-43-950
27.09,-5.41,99.40,69.17,06-04-23-06-36-43-979
27.15,-5.96,101.46,68.78,06-04-23-06-36-44-015
27.20,-6.16,102.25,68.60,06-04-23-06-36-44-049
27.31,-6.61,102.62,68.42,06-04-23-06-36-44-079
27.43,-6.93,102.81,68.26,06-04-23-06-36-44-111
27.49,-6.79,102.89,68.18,06-04-23-06-36-44-148
27.49,-6.37,102.87,68.19,06-04-23-06-36-44-178
27.44,-5.92,102.82,68.22,06-04-23-06-36-44-215
27.42,-5.57,102.64,68.22,06-04-23-06-36-44-246
27.37,-5.26,102.05,68.36,06-04-23-06-36-44-280
27.28,-4.94,101.21,68.62,06-04-23-06-36-44-314
28.18,-4.24,100.30,67.94,06-04-23-06-36-44-345
28.22,-3.62,97.04,68.35,06-04-23-06-36-44-382
28.23,-3.04,94.46,68.68,06-04-23-06-36-44-416
28.24,-2.66,91.20,69.06,06-04-23-06-36-44-447
28.22,-2.27,87.57,69.50,06-04-23-06-36-44-481
28.26,-2.09,83.02,69.83,06-04-23-06-36-44-518
27.99,-0.88,77.68,70.39,06-04-23-06-36-44-549
27.58,1.51,72.13,70.95,06-04-23-06-36-44-580
27.21,4.66,67.27,71.29,06-04-23-06-36-44-614
26.95,9.17,63.09,71.26,06-04-23-06-36-44-647
26.68,15.98,60.03,70.78,06-04-23-06-36-44-681
26.68,22.23,58.14,70.16,06-04-23-06-36-44-712
26.91,27.68,55.13,69.55,06-04-23-06-36-44-752
27.17,31.53,51.26,69.13,06-04-23-06-36-44-778
27.32,35.00,45.57,69.08,06-04-23-06-36-44-819
27.27,38.76,39.93,69.32,06-04-23-06-36-44-850
27.20,42.94,34.21,69.64,06-04-23-06-36-44-879
27.15,46.52,28.92,69.67,06-04-23-06-36-44-913
26.96,49.53,23.12,69.72,06-04-23-06-36-44-947
22.69,62.98,24.62,74.33,06-04-23-06-36-44-979
20.10,70.08,21.35,76.94,06-04-23-06-36-45-012
18.60,74.34,16.94,78.47,06-04-23-06-36-45-047
18.10,76.29,12.26,78.92,06-04-23-06-36-45-080
17.99,76.46,6.49,80.35,06-04-23-06-36-45-114
17.71,77.22,2.74,81.49,06-04-23-06-36-45-148
17.47,77.66,1.56,80.01,06-04-23-06-36-45-182
20.32,48.78,-4.77,80.60,06-04-23-06-36-45-214
22.95,39.86,-21.95,83.64,06-04-23-06-36-45-247
24.66,35.98,-31.75,87.09,06-04-23-06-36-45-284
27.08,39.19,-39.64,91.10,06-04-23-06-36-45-320
28.32,32.31,-41.28,95.74,06-04-23-06-36-45-346
29.33,30.78,-42.97,97.64,06-04-23-06-36-45-377
29.92,32.04,-44.49,98.37,06-04-23-06-36-45-414
30.58,35.59,-46.64,98.59,06-04-23-06-36-45-445
30.86,44.04,-48.86,95.80,06-04-23-06-36-45-480
31.53,51.73,-50.83,93.00,06-04-23-06-36-45-515
32.02,55.78,-52.70,92.21,06-04-23-06-36-45-549
32.37,57.07,-54.06,92.48,06-04-23-06-36-45-579
32.58,57.09,-54.99,93.36,06-04-23-06-36-45-614
32.55,55.94,-55.35,94.72,06-04-23-06-36-45-647
32.41,54.39,-55.64,96.72,06-04-23-06-36-45-679
32.35,54.10,-56.18,97.68,06-04-23-06-36-45-712
32.22,53.93,-58.01,100.17,06-04-23-06-36-45-747
32.06,53.99,-58.78,101.24,06-04-23-06-36-45-782
31.88,54.20,-59.16,101.79,06-04-23-06-36-45-813
31.71,54.45,-59.35,102.08,06-04-23-06-36-45-850
31.57,54.67,-59.47,102.27,06-04-23-06-36-45-878
31.45,54.85,-59.64,102.53,06-04-23-06-36-45-914
31.35,55.04,-59.85,102.81,06-04-23-06-36-45-945
31.27,55.15,-60.95,103.71,06-04-23-06-36-45-979
31.21,55.22,-61.46,104.11,06-04-23-06-36-46-014
31.17,55.27,-61.86,104.42,06-04-23-06-36-46-046
31.13,55.29,-62.16,104.64,06-04-23-06-36-46-082
31.10,55.31,-62.41,104.81,06-04-23-06-36-46-114
31.08,55.29,-62.61,104.94,06-04-23-06-36-46-148
31.06,55.28,-62.78,105.05,06-04-23-06-36-46-185
31.04,55.27,-62.94,105.13,06-04-23-06-36-46-213
31.03,55.32,-63.08,105.17,06-04-23-06-36-46-248
31.01,55.36,-63.20,105.20,06-04-23-06-36-46-278
31.00,55.41,-63.31,105.22,06-04-23-06-36-46-314
30.99,55.49,-63.42,105.20,06-04-23-06-36-46-351
30.96,55.91,-63.41,104.92,06-04-23-06-36-46-379
30.90,56.80,-63.03,103.99,06-04-23-06-36-46-419
30.81,57.85,-61.15,101.23,06-04-23-06-36-46-447
30.71,58.67,-58.47,98.73,06-04-23-06-36-46-477
30.61,59.37,-56.74,96.99,06-04-23-06-36-46-513
29.02,58.53,-52.60,94.23,06-04-23-06-36-46-547
27.35,56.36,-49.29,93.42,06-04-23-06-36-46-579
26.24,54.03,-47.10,93.15,06-04-23-06-36-46-614
25.24,51.36,-44.87,92.96,06-04-23-06-36-46-647
24.55,49.26,-42.91,92.80,06-04-23-06-36-46-680
24.12,47.84,-39.99,92.17,06-04-23-06-36-46-713
23.92,47.36,-35.00,90.82,06-04-23-06-36-46-745
23.73,46.85,-29.87,88.84,06-04-23-06-36-46-780
23.59,46.63,-26.57,87.10,06-04-23-06-36-46-812
23.40,45.59,-25.23,87.17,06-04-23-06-36-46-845
23.39,45.47,-24.49,86.91,06-04-23-06-36-46-879
17.48,70.82,-22.11,79.76,06-04-23-06-36-46-912
18.03,86.20,-6.53,79.60,06-04-23-06-36-46-947
18.95,90.18,5.97,81.86,06-04-23-06-36-46-976
18.60,90.39,12.37,84.44,06-04-23-06-36-47-011
19.57,84.02,22.92,83.87,06-04-23-06-36-47-046
20.13,80.27,28.32,83.09,06-04-23-06-36-47-077
20.39,77.64,30.88,82.81,06-04-23-06-36-47-119
20.48,75.71,33.24,82.68,06-04-23-06-36-47-148
20.53,74.25,35.64,82.63,06-04-23-06-36-47-180
20.55,72.99,37.00,82.65,06-04-23-06-36-47-220
20.53,71.92,38.55,82.73,06-04-23-06-36-47-250
20.50,71.08,40.59,82.97,06-04-23-06-36-47-280
20.43,70.45,44.57,83.59,06-04-23-06-36-47-319
20.33,69.99,47.35,84.03,06-04-23-06-36-47-348
20.24,69.59,51.41,84.52,06-04-23-06-36-47-379
20.17,69.22,55.79,84.91,06-04-23-06-36-47-413
19.24,68.01,58.39,85.42,06-04-23-06-36-47-447
18.65,66.27,60.92,85.46,06-04-23-06-36-47-480
18.22,64.61,63.38,85.30,06-04-23-06-36-47-514
24.15,41.97,62.92,74.26,06-04-23-06-36-47-547
27.66,35.13,64.77,68.86,06-04-23-06-36-47-581
29.30,32.49,68.19,66.20,06-04-23-06-36-47-614
30.28,31.01,72.16,64.72,06-04-23-06-36-47-646
30.66,29.74,75.88,64.06,06-04-23-06-36-47-682
30.53,28.26,79.89,64.05,06-04-23-06-36-47-717
29.76,26.59,82.73,64.64,06-04-23-06-36-47-748
29.01,24.57,84.51,65.20,06-04-23-06-36-47-779
27.92,21.91,85.93,65.97,06-04-23-06-36-47-814
27.07,19.62,87.29,66.52,06-04-23-06-36-47-850
26.54,17.09,88.31,66.72,06-04-23-06-36-47-880
26.18,15.21,89.64,66.81,06-04-23-06-36-47-916
26.05,13.15,91.23,66.64,06-04-23-06-36-47-954
25.93,11.75,93.04,66.54,06-04-23-06-36-47-981
25.73,10.75,94.69,66.58,06-04-23-06-36-48-015
25.58,9.61,95.96,66.63,06-04-23-06-36-48-047
25.53,7.50,100.86,66.93,06-04-23-06-36-48-080
25.60,5.78,101.48,66.78,06-04-23-06-36-48-114
25.76,4.31,101.50,66.61,06-04-23-06-36-48-147
25.89,3.50,100.74,66.23,06-04-23-06-36-48-182
25.98,3.09,99.85,66.12,06-04-23-06-36-48-216
26.00,3.04,99.13,66.20,06-04-23-06-36-48-248
26.03,2.89,98.44,66.26,06-04-23-06-36-48-281
26.08,2.82,97.56,66.34,06-04-23-06-36-48-314
26.12,2.91,95.99,66.73,06-04-23-06-36-48-348
26.19,3.32,91.62,68.11,06-04-23-06-36-48-380
26.35,4.33,88.98,69.13,06-04-23-06-36-48-412
26.51,6.42,83.01,70.71,06-04-23-06-36-48-447
26.71,9.01,80.43,71.27,06-04-23-06-36-48-480
26.93,12.13,77.34,71.79,06-04-23-06-36-48-515
27.18,15.58,73.55,72.03,06-04-23-06-36-48-548
27.51,18.97,70.15,72.07,06-04-23-06-36-48-582
27.85,22.12,66.73,71.78,06-04-23-06-36-48-614
28.28,25.73,62.93,71.11,06-04-23-06-36-48-648
28.25,30.66,60.23,70.84,06-04-23-06-36-48-681
28.18,34.58,56.54,70.48,06-04-23-06-36-48-712
28.15,37.89,53.85,70.24,06-04-23-06-36-48-749
28.17,41.18,49.10,69.64,06-04-23-06-36-48-778
28.30,44.37,43.16,69.08,06-04-23-06-36-48-813
28.49,47.69,37.60,69.06,06-04-23-06-36-48-853
28.54,50.26,33.55,68.94,06-04-23-06-36-48-885
28.49,53.19,29.99,68.71,06-04-23-06-36-48-918
28.38,55.95,24.69,68.36,06-04-23-06-36-48-953
24.74,70.42,27.44,74.10,06-04-23-06-36-48-985
23.55,77.35,24.98,76.54,06-04-23-06-36-49-011
22.99,81.12,20.86,77.74,06-04-23-06-36-49-048
22.67,83.57,17.46,78.28,06-04-23-06-36-49-079
26.68,85.36,12.72,73.95,06-04-23-06-36-49-113
27.39,86.42,3.88,73.05,06-04-23-06-36-49-144
27.73,87.14,0.06,72.98,06-04-23-06-36-49-180
25.14,56.37,-8.68,80.81,06-04-23-06-36-49-214
26.00,53.64,-22.39,79.20,06-04-23-06-36-49-245
26.75,53.75,-32.56,79.31,06-04-23-06-36-49-281
27.32,55.88,-39.38,81.02,06-04-23-06-36-49-312
27.99,59.93,-43.18,80.74,06-04-23-06-36-49-347
28.13,62.92,-45.08,80.65,06-04-23-06-36-49-377
28.76,66.08,-47.49,81.12,06-04-23-06-36-49-414
29.56,68.61,-50.03,81.77,06-04-23-06-36-49-448
30.32,70.34,-52.66,82.52,06-04-23-06-36-49-479
30.93,71.52,-56.99,84.35,06-04-23-06-36-49-517
31.25,71.39,-58.91,85.41,06-04-23-06-36-49-546
31.55,71.27,-60.36,86.15,06-04-23-06-36-49-580
31.80,71.18,-61.82,86.80,06-04-23-06-36-49-614
32.01,71.06,-62.91,87.36,06-04-23-06-36-49-646
32.14,70.85,-63.67,87.81,06-04-23-06-36-49-679
32.25,70.67,-64.31,88.19,06-04-23-06-36-49-716
32.33,70.57,-64.85,88.53,06-04-23-06-36-49-746
32.38,70.49,-66.65,89.62,06-04-23-06-36-49-778
32.41,70.38,-67.51,90.28,06-04-23-06-36-49-813
32.42,70.29,-68.15,90.81,06-04-23-06-36-49-847
32.41,70.20,-68.61,91.22,06-04-23-06-36-49-878
32.40,70.10,-68.95,91.56,06-04-23-06-36-49-916
32.38,70.00,-69.21,91.87,06-04-23-06-36-49-947
32.20,69.82,-69.41,92.24,06-04-23-06-36-49-979
32.02,69.65,-69.58,92.62,06-04-23-06-36-50-013
31.76,69.40,-69.75,93.07,06-04-23-06-36-50-048
31.42,69.10,-69.88,93.50,06-04-23-06-36-50-078
31.07,68.80,-70.01,93.75,06-04-23-06-36-50-119
30.74,68.52,-70.11,94.01,06-04-23-06-36-50-150
30.46,68.30,-70.21,94.21,06-04-23-06-36-50-179
30.22,68.13,-70.30,94.37,06-04-23-06-36-50-214
30.08,68.03,-70.37,94.47,06-04-23-06-36-50-249
29.97,67.97,-70.43,94.50,06-04-23-06-36-50-278
29.87,67.93,-70.48,94.53,06-04-23-06-36-50-322
29.78,67.91,-70.51,94.56,06-04-23-06-36-50-350
29.71,67.91,-70.51,94.58,06-04-23-06-36-50-382
29.64,67.93,-70.51,94.56,06-04-23-06-36-50-413
29.58,67.97,-70.49,94.54,06-04-23-06-36-50-448
29.54,68.02,-70.47,94.53,06-04-23-06-36-50-477
29.51,68.09,-70.47,94.53,06-04-23-06-36-50-513
29.47,68.15,-70.48,94.54,06-04-23-06-36-50-549
29.44,68.22,-70.47,94.53,06-04-23-06-36-50-584
29.41,68.29,-70.46,94.51,06-04-23-06-36-50-615
29.39,68.37,-70.43,94.50,06-04-23-06-36-50-649
29.36,68.43,-70.42,94.49,06-04-23-06-36-50-683
29.33,68.49,-70.40,94.48,06-04-23-06-36-50-715
29.29,68.55,-70.37,94.46,06-04-23-06-36-50-750
29.26,68.61,-70.35,94.44,06-04-23-06-36-50-782
29.23,68.67,-70.33,94.40,06-04-23-06-36-50-813
29.19,68.72,-70.32,94.40,06-04-23-06-36-50-846
29.16,68.77,-70.30,94.40,06-04-23-06-36-50-882
29.14,68.81,-70.22,94.38,06-04-23-06-36-50-913
29.11,68.86,-70.14,94.36,06-04-23-06-36-50-947
29.09,68.89,-70.11,94.33,06-04-23-06-36-50-978
29.05,68.91,-70.09,94.30,06-04-23-06-36-51-014
29.00,68.93,-70.09,94.23,06-04-23-06-36-51-049
28.96,68.95,-70.10,94.17,06-04-23-06-36-51-079
28.92,68.96,-70.14,94.12,06-04-23-06-36-51-113
28.86,68.96,-70.17,94.07,06-04-23-06-36-51-145
28.80,68.95,-70.21,94.03,06-04-23-06-36-51-179
28.74,68.94,-70.24,93.98,06-04-23-06-36-51-214
28.68,68.92,-70.26,93.94,06-04-23-06-36-51-247
28.63,68.90,-70.25,93.92,06-04-23-06-36-51-281
28.57,68.87,-70.22,93.91,06-04-23-06-36-51-312
28.52,68.86,-70.18,93.85,06-04-23-06-36-51-344
28.47,68.84,-70.17,93.78,06-04-23-06-36-51-377
28.42,68.83,-70.16,93.71,06-04-23-06-36-51-413
28.38,68.82,-70.22,93.54,06-04-23-06-36-51-451
28.33,68.80,-70.16,93.44,06-04-23-06-36-51-485
28.28,68.80,-69.87,94.66,06-04-23-06-36-51-519
28.24,68.80,-69.51,95.16,06-04-23-06-36-51-545
28.20,68.80,-69.38,95.20,06-04-23-06-36-51-584
28.16,68.79,-69.29,95.24,06-04-23-06-36-51-617
28.13,68.78,-69.23,95.27,06-04-23-06-36-51-645
28.10,68.76,-65.94,93.42,06-04-23-06-36-51-678
28.07,68.74,-64.34,92.51,06-04-23-06-36-51-713
28.04,68.74,-63.70,92.19,06-04-23-06-36-51-747
28.02,68.73,-63.25,91.96,06-04-23-06-36-51-781
27.99,68.73,-63.06,91.87,06-04-23-06-36-51-814
27.97,68.72,-63.11,91.89,06-04-23-06-36-51-850
27.94,68.72,-62.98,91.83,06-04-23-06-36-51-884
27.92,68.72,-62.87,91.75,06-04-23-06-36-51-915
27.89,68.73,-62.77,91.68,06-04-23-06-36-51-946
27.86,68.77,-62.67,91.60,06-04-23-06-36-51-981
27.85,68.82,-62.59,91.53,06-04-23-06-36-52-014
27.84,68.88,-62.51,91.46,06-04-23-06-36-52-045
27.85,68.95,-62.44,91.40,06-04-23-06-36-52-079
27.88,69.01,-62.38,91.33,06-04-23-06-36-52-114
27.89,69.05,-62.29,91.26,06-04-23-06-36-52-148
27.90,69.10,-62.07,91.03,06-04-23-06-36-52-183
27.92,69.14,-61.86,90.85,06-04-23-06-36-52-214
27.94,69.18,-61.60,90.63,06-04-23-06-36-52-247
27.96,69.24,-61.36,90.43,06-04-23-06-36-52-282
27.99,69.30,-61.16,90.28,06-04-23-06-36-52-314
28.03,69.36,-60.96,90.12,06-04-23-06-36-52-345
28.06,69.42,-60.99,90.07,06-04-23-06-36-52-381
28.09,69.49,-60.98,90.03,06-04-23-06-36-52-414
28.13,69.56,-60.91,89.97,06-04-23-06-36-52-447
28.16,69.62,-60.83,89.91,06-04-23-06-36-52-480
28.20,69.67,-60.71,89.82,06-04-23-06-36-52-516
28.23,69.72,-60.54,89.72,06-04-23-06-36-52-548
28.26,69.76,-60.64,89.99,06-04-23-06-36-52-582
28.29,69.82,-60.52,90.03,06-04-23-06-36-52-611
28.32,69.87,-60.19,89.92,06-04-23-06-36-52-649
28.34,69.93,-60.17,89.81,06-04-23-06-36-52-681
28.37,70.00,-60.23,89.68,06-04-23-06-36-52-718
28.37,70.04,-60.10,89.62,06-04-23-06-36-52-749
28.37,70.07,-59.87,89.59,06-04-23-06-36-52-781
28.34,70.06,-59.53,89.57,06-04-23-06-36-52-812
28.31,70.07,-59.15,89.53,06-04-23-06-36-52-848
28.29,70.07,-58.84,89.51,06-04-23-06-36-52-882
28.28,70.09,-58.58,89.48,06-04-23-06-36-52-912
28.25,70.08,-58.33,89.46,06-04-23-06-36-52-952
28.23,70.08,-58.11,89.44,06-04-23-06-36-52-982
28.22,70.10,-57.88,89.40,06-04-23-06-36-53-014
28.21,70.11,-57.69,89.37,06-04-23-06-36-53-050
28.21,70.14,-57.49,89.32,06-04-23-06-36-53-080
28.19,70.17,-57.33,89.29,06-04-23-06-36-53-113
28.18,70.20,-57.17,89.24,06-04-23-06-36-53-147
28.18,70.24,-57.04,89.19,06-04-23-06-36-53-181
28.17,70.28,-56.92,89.13,06-04-23-06-36-53-211
28.14,70.31,-56.79,89.05,06-04-23-06-36-53-248
28.09,70.28,-56.57,88.84,06-04-23-06-36-53-279
28.04,70.25,-56.31,88.54,06-04-23-06-36-53-314
27.96,70.19,-55.80,87.68,06-04-23-06-36-53-349
25.83,64.99,-53.60,89.56,06-04-23-06-36-53-379
24.28,60.32,-50.00,87.75,06-04-23-06-36-53-414
23.76,58.86,-48.30,85.59,06-04-23-06-36-53-449
23.31,57.47,-47.14,82.40,06-04-23-06-36-53-480
22.82,55.84,-45.74,79.93,06-04-23-06-36-53-514
22.28,52.83,-44.36,74.67,06-04-23-06-36-53-546
22.04,51.16,-43.83,72.20,06-04-23-06-36-53-577
21.82,49.24,-43.36,70.71,06-04-23-06-36-53-613
21.65,47.73,-43.08,69.33,06-04-23-06-36-53-649
21.50,46.88,-43.19,66.63,06-04-23-06-36-53-681
20.86,50.16,-42.27,62.97,06-04-23-06-36-53-713
20.57,52.39,-42.08,58.73,06-04-23-06-36-53-748
20.39,54.30,-41.84,55.40,06-04-23-06-36-53-779
20.29,55.73,-41.82,50.78,06-04-23-06-36-53-814
20.27,57.14,-41.25,46.02,06-04-23-06-36-53-849
20.06,58.91,-40.17,42.86,06-04-23-06-36-53-883
19.84,60.42,-38.91,39.78,06-04-23-06-36-53-916
19.57,61.74,-37.69,37.20,06-04-23-06-36-53-947
19.27,62.92,-36.48,33.94,06-04-23-06-36-53-982
18.80,64.06,-34.47,31.81,06-04-23-06-36-54-013
18.23,65.01,666.00,28.73,06-04-23-06-36-54-045
17.65,65.80,666.00,26.83,06-04-23-06-36-54-080
17.05,66.32,666.00,25.70,06-04-23-06-36-54-113
16.47,66.62,666.00,25.30,06-04-23-06-36-54-149
15.91,66.71,666.00,25.40,06-04-23-06-36-54-179
15.42,66.67,666.00,25.61,06-04-23-06-36-54-213
14.93,66.51,666.00,25.85,06-04-23-06-36-54-245
14.51,66.12,666.00,26.07,06-04-23-06-36-54-280
14.20,65.81,666.00,25.96,06-04-23-06-36-54-314
13.92,65.34,666.00,25.27,06-04-23-06-36-54-352
13.64,64.69,666.00,24.78,06-04-23-06-36-54-379
13.40,63.90,666.00,24.55,06-04-23-06-36-54-414
13.17,63.24,666.00,24.45,06-04-23-06-36-54-449
12.98,62.75,666.00,24.37,06-04-23-06-36-54-477
12.79,62.14,666.00,24.08,06-04-23-06-36-54-514
12.62,61.60,666.00,23.49,06-04-23-06-36-54-549
12.45,60.93,666.00,22.68,06-04-23-06-36-54-579
12.25,59.84,666.00,20.92,06-04-23-06-36-54-613
12.03,58.58,666.00,19.12,06-04-23-06-36-54-648
11.78,57.17,666.00,16.92,06-04-23-06-36-54-677
11.53,55.78,666.00,15.38,06-04-23-06-36-54-715
11.25,54.15,666.00,14.55,06-04-23-06-36-54-747
10.96,52.56,666.00,13.60,06-04-23-06-36-54-780
9.34,41.81,666.00,8.41,06-04-23-06-36-55-265
8.57,33.66,666.00,8.32,06-04-23-06-36-55-281
8.17,27.63,666.00,8.95,06-04-23-06-36-55-317
7.95,23.46,666.00,9.39,06-04-23-06-36-55-348
7.82,20.61,666.00,9.90,06-04-23-06-36-55-379
7.74,18.59,666.00,10.73,06-04-23-06-36-55-415
7.67,17.10,666.00,11.75,06-04-23-06-36-55-450
7.63,16.09,666.00,12.82,06-04-23-06-36-55-478
7.59,15.51,666.00,13.87,06-04-23-06-36-55-516
7.57,15.41,666.00,14.68,06-04-23-06-36-55-548
7.54,15.67,666.00,15.21,06-04-23-06-36-55-581
7.52,16.18,666.00,15.56,06-04-23-06-36-55-612
7.50,16.95,666.00,15.77,06-04-23-06-36-55-644
7.46,18.03,666.00,15.90,06-04-23-06-36-55-680
7.42,19.21,666.00,15.92,06-04-23-06-36-55-712
7.35,20.53,666.00,15.74,06-04-23-06-36-55-747
7.29,21.88,666.00,15.40,06-04-23-06-36-55-780
7.22,23.23,666.00,14.97,06-04-23-06-36-55-815
7.15,24.52,666.00,14.51,06-04-23-06-36-55-849
7.09,25.67,666.00,14.03,06-04-23-06-36-55-878
7.03,26.69,666.00,13.65,06-04-23-06-36-55-920
