Timestamp,Kinect_LeftShoulder_Ext.-Flex.,Kinect_LeftShoulder_Abd.-Add.,Kinect_LeftShoulder_Int.-Ext.,Kinect_LeftElbow_Ext.-Flex.,Kinect_RightShoulder_Ext.-Flex.,Kinect_RightShoulder_Abd.-Add.,Kinect_RightShoulder_Int.-Ext.,Kinect_RightElbow_Ext.-Flex.,17.21,2.15,21:11:03:266,-1.22,59.98
16.37,5.40,21:11:03:814,-11.44,64.91
18.39,15.37,21:11:05:505,-12.90,57.64
18.26,13.53,21:11:06:010,-12.65,62.46
17.69,10.99,21:11:06:214,-12.80,58.96
17.81,12.72,21:11:06:385,-13.15,58.92
18.39,15.03,21:11:06:511,-11.60,58.18
19.24,23.18,21:11:06:636,-11.83,54.69
17.43,11.81,21:11:06:764,-13.17,59.82
16.98,9.92,21:11:06:894,-13.34,59.63
17.85,13.47,21:11:07:018,-12.12,58.17
16.66,10.75,21:11:07:512,-13.05,58.71
17.29,11.11,21:11:07:639,-12.26,62.37
17.17,12.26,21:11:07:766,-14.35,59.25
17.03,12.07,21:11:07:889,-13.35,59.27
17.71,13.48,21:11:08:020,-11.46,58.09
17.77,12.11,21:11:08:139,-13.49,58.88
18.12,14.93,21:11:08:262,-12.26,57.64
17.13,11.38,21:11:08:394,-12.84,60.06
17.77,13.88,21:11:08:521,-13.42,59.23
18.68,15.66,21:11:08:649,-10.94,56.59
16.86,11.18,21:11:08:774,-12.90,59.71
16.67,10.00,21:11:08:895,-12.87,59.85
16.43,9.34,21:11:09:021,-12.95,60.04
18.03,18.30,21:11:09:150,-12.83,55.96
19.02,16.66,21:11:09:272,-10.58,59.72
17.61,9.38,21:11:09:395,-12.50,62.39
17.31,8.25,21:11:09:518,-13.20,60.16
16.75,7.90,21:11:09:641,-14.62,61.10
17.10,10.40,21:11:09:763,-12.92,59.27
17.09,11.58,21:11:09:889,-14.00,59.34
18.47,16.71,21:11:10:033,-11.74,57.28
17.53,11.03,21:11:10:168,-12.12,59.06
16.76,9.55,21:11:10:299,-13.94,58.45
14.14,3.08,21:11:10:420,-29.49,67.06
12.63,-14.21,21:11:10:558,-42.43,72.93
18.64,-38.09,21:11:10:692,-45.53,82.48
20.79,-50.96,21:11:10:818,-51.52,85.22
30.63,-5.64,21:11:10:961,-65.64,56.67
32.19,-8.07,21:11:11:098,-69.43,52.71
33.13,-11.71,21:11:11:231,-73.30,49.37
33.85,-14.86,21:11:11:364,-76.07,47.47
34.29,-16.81,21:11:11:506,-76.29,46.76
34.28,-17.26,21:11:11:632,-76.50,46.67
34.33,-17.20,21:11:11:761,-75.46,47.21
34.40,-15.70,21:11:11:896,-71.89,48.25
33.35,-12.16,21:11:12:018,-64.65,53.39
30.69,-8.37,21:11:12:149,-59.23,58.79
22.03,-5.69,21:11:12:268,-47.68,70.46
21.73,3.71,21:11:12:400,-37.70,65.96
14.75,-6.42,21:11:12:526,-26.35,77.30
17.09,6.00,21:11:12:655,-9.49,67.42
28.33,4.27,21:11:12:788,16.07,72.37
22.78,21.96,21:11:12:921,22.29,61.42
21.79,31.22,21:11:13:049,30.70,63.83
20.08,9.91,21:11:13:203,32.56,83.64
16.76,-1.32,21:11:13:329,29.82,88.11
15.91,18.67,21:11:13:465,43.02,90.01
17.62,30.10,21:11:13:592,48.52,81.73
17.77,29.84,21:11:13:731,50.26,81.98
17.61,30.73,21:11:13:864,50.63,80.48
17.64,30.32,21:11:13:995,52.34,81.68
18.63,-27.28,21:11:14:132,36.43,98.82
17.53,29.71,21:11:14:256,50.54,81.65
18.73,26.42,21:11:14:389,46.03,79.93
19.45,-1.58,21:11:14:524,23.84,87.26
21.06,27.80,21:11:14:644,27.44,66.57
20.20,13.61,21:11:14:788,-1.61,60.51
19.25,9.01,21:11:14:932,-18.76,58.71
15.67,1.85,21:11:15:059,-34.29,66.43
23.89,5.23,21:11:15:191,-40.11,58.96
26.31,2.10,21:11:15:346,-48.56,56.24
30.41,-3.04,21:11:15:492,-61.13,55.15
33.64,-5.84,21:11:15:625,-68.45,50.08
34.83,-8.43,21:11:15:767,-72.43,48.58
34.54,-10.67,21:11:15:889,-73.63,48.00
34.53,-10.83,21:11:16:017,-73.32,47.68
34.45,-10.38,21:11:16:153,-72.85,47.84
34.30,-9.83,21:11:16:305,-72.21,48.34
34.13,-8.45,21:11:16:449,-67.25,49.98
32.81,-4.79,21:11:16:571,-57.63,54.65
23.87,-4.57,21:11:16:700,-48.77,66.96
19.83,-5.96,21:11:16:826,-39.75,74.29
16.89,5.69,21:11:16:963,-26.59,73.27
18.35,2.97,21:11:17:096,-8.99,67.73
21.42,7.99,21:11:17:238,2.15,65.05
23.79,15.09,21:11:17:401,18.16,65.21
23.99,16.95,21:11:17:545,24.86,64.32
22.30,25.82,21:11:17:684,31.14,63.54
21.36,17.07,21:11:17:819,35.70,78.78
19.94,20.69,21:11:17:956,40.52,77.84
19.25,22.13,21:11:18:089,47.40,81.32
18.48,24.83,21:11:18:227,47.92,80.46
17.63,17.15,21:11:18:365,47.91,80.88
17.58,21.33,21:11:18:491,52.05,83.51
17.79,21.18,21:11:18:625,52.22,83.04
17.69,23.64,21:11:18:765,52.87,82.24
18.32,18.27,21:11:18:892,52.83,83.25
17.89,20.67,21:11:19:018,54.06,82.93
17.81,21.45,21:11:19:168,48.75,83.05
18.35,-7.05,21:11:19:330,30.27,88.88
22.46,15.72,21:11:19:460,25.56,65.86
22.15,11.39,21:11:19:595,8.78,65.30
19.06,5.55,21:11:19:727,-11.30,63.44
18.44,3.39,21:11:19:868,-22.95,62.35
15.23,1.72,21:11:20:010,-33.64,64.15
23.14,4.91,21:11:20:149,-37.10,57.01
26.74,0.94,21:11:20:290,-46.64,56.67
28.89,-1.72,21:11:20:433,-60.56,54.59
30.87,-6.44,21:11:20:564,-66.07,52.86
31.98,-9.73,21:11:20:708,-68.49,50.28
32.22,-10.86,21:11:20:864,-67.96,50.06
32.21,-10.09,21:11:20:994,-65.51,50.31
31.12,-8.64,21:11:21:128,-59.60,55.02
27.78,-5.68,21:11:21:260,-54.82,59.55
25.31,-1.54,21:11:21:399,-39.40,59.60
20.47,1.29,21:11:21:528,-38.49,64.24
15.21,-7.12,21:11:21:650,-30.77,68.69
16.73,-3.92,21:11:21:781,-20.23,66.26
16.45,-3.30,21:11:21:908,-8.94,64.05
17.15,0.36,21:11:22:029,0.90,64.60
18.22,7.00,21:11:22:155,14.89,63.66
18.58,15.24,21:11:22:291,23.71,61.54
19.11,-2.93,21:11:22:425,23.90,81.01
18.15,-5.62,21:11:22:578,27.40,85.54
18.02,15.91,21:11:22:714,37.77,79.63
16.81,24.57,21:11:22:860,47.09,80.21
16.76,23.32,21:11:22:991,48.29,77.90
16.63,25.74,21:11:23:130,52.10,81.91
16.93,22.82,21:11:23:256,44.07,62.95
16.84,22.87,21:11:23:381,48.73,74.13
16.70,25.12,21:11:23:512,49.23,74.18
16.71,24.68,21:11:23:638,51.18,80.34
16.86,22.76,21:11:23:777,46.04,78.04
19.08,17.36,21:11:23:906,32.47,73.95
19.95,20.87,21:11:24:034,21.96,67.48
19.96,14.99,21:11:24:155,4.41,62.57
18.83,9.56,21:11:24:286,-8.39,62.97
15.53,9.24,21:11:24:421,-27.55,63.30
14.74,6.64,21:11:24:566,-39.41,69.77
23.38,8.93,21:11:24:714,-41.00,59.60
25.84,5.52,21:11:24:842,-46.84,56.98
28.70,2.84,21:11:24:978,-50.88,53.77
29.85,0.05,21:11:25:121,-60.68,55.51
30.41,-2.64,21:11:25:259,-60.97,54.76
30.56,-3.32,21:11:25:401,-60.71,54.34
30.43,-3.09,21:11:25:537,-59.42,55.69
28.23,-2.77,21:11:25:666,-54.26,59.52
25.99,0.89,21:11:25:801,-39.40,61.83
15.53,-7.82,21:11:25:948,-34.44,75.16
16.94,2.78,21:11:26:100,-13.62,68.36
18.69,7.86,21:11:26:227,2.68,66.59
20.72,14.35,21:11:26:359,18.26,63.22
22.49,18.10,21:11:26:492,30.55,71.22
20.42,24.62,21:11:26:645,36.50,69.74
19.49,22.27,21:11:26:782,39.95,71.86
17.93,9.78,21:11:26:925,40.14,82.63
16.86,18.67,21:11:27:052,47.18,76.63
16.68,20.60,21:11:27:189,52.96,81.77
16.74,18.85,21:11:27:324,49.21,76.17
16.72,18.45,21:11:27:449,49.06,76.66
16.31,21.56,21:11:27:572,53.82,80.82
16.38,22.15,21:11:27:716,48.31,74.58
16.34,21.63,21:11:27:846,48.43,76.30
17.52,14.49,21:11:27:977,37.61,79.75
24.76,-32.53,21:11:28:114,13.99,94.30
21.61,12.87,21:11:28:248,14.37,61.91
18.72,6.85,21:11:28:387,-6.75,64.58
16.17,0.33,21:11:28:527,-22.48,64.11
13.60,-15.71,21:11:28:658,-36.73,74.26
23.59,3.23,21:11:28:789,-42.04,61.31
24.07,-1.88,21:11:28:912,-48.66,60.05
26.80,-2.58,21:11:29:045,-54.25,56.10
28.55,-5.32,21:11:29:193,-63.55,58.05
28.31,-5.11,21:11:29:326,-63.27,57.68
28.17,-6.77,21:11:29:459,-63.25,58.23
27.89,-5.35,21:11:29:594,-62.89,58.42
27.86,-5.03,21:11:29:725,-58.02,59.15
25.31,-3.08,21:11:29:856,-40.69,62.33
22.47,2.15,21:11:29:983,-28.02,62.26
13.38,0.07,21:11:30:109,-25.45,73.35
16.75,1.20,21:11:30:234,-4.88,66.69
19.52,10.14,21:11:30:360,12.72,66.84
19.85,14.59,21:11:30:485,22.96,61.69
22.07,10.55,21:11:30:625,31.48,72.77
18.77,21.40,21:11:30:770,36.55,69.98
18.80,19.78,21:11:30:905,38.85,71.63
19.74,3.45,21:11:31:038,38.28,85.82
20.00,-13.04,21:11:31:167,35.08,91.70
19.39,6.55,21:11:31:291,44.56,77.37
19.03,9.10,21:11:31:421,46.63,77.05
20.34,8.18,21:11:31:542,48.88,79.83
18.00,15.81,21:11:31:676,48.31,76.62
16.48,12.83,21:11:31:812,45.97,78.11
17.85,12.50,21:11:31:937,47.26,75.88
17.68,5.77,21:11:32:068,42.78,85.09
24.28,-38.37,21:11:32:206,21.38,96.50
18.72,16.01,21:11:32:336,20.08,60.33
19.01,5.90,21:11:32:472,3.39,64.03
17.47,2.18,21:11:32:608,-16.73,61.21
14.65,-1.38,21:11:32:731,-29.43,67.69
21.37,3.48,21:11:32:866,-35.51,60.08
23.83,2.72,21:11:32:999,-43.16,56.60
25.32,-1.65,21:11:33:139,-49.39,56.00
27.68,-3.45,21:11:33:278,-50.36,54.65
27.85,-5.51,21:11:33:403,-59.84,56.63
27.84,-5.16,21:11:33:537,-59.15,56.75
27.87,-6.21,21:11:33:662,-58.18,57.23
28.28,-6.13,21:11:33:792,-56.45,57.47
26.23,-6.01,21:11:33:924,-52.64,60.61
24.45,-3.79,21:11:34:053,-37.52,61.63
14.94,-14.89,21:11:34:189,-31.87,72.61
15.30,-2.94,21:11:34:323,-20.64,67.08
15.94,1.67,21:11:34:475,-7.14,66.49
18.20,6.13,21:11:34:598,6.19,64.41
19.30,13.13,21:11:34:736,21.22,60.32
20.19,19.24,21:11:34:865,31.92,64.71
18.89,24.83,21:11:34:996,39.87,67.98
18.09,12.55,21:11:35:128,38.39,77.99
17.24,15.66,21:11:35:265,40.96,82.54
15.95,25.37,21:11:35:411,45.92,73.34
16.59,24.72,21:11:35:568,48.39,73.94
18.70,14.40,21:11:35:694,48.87,75.74
17.22,22.15,21:11:35:831,49.66,74.25
17.34,19.89,21:11:35:973,49.95,74.84
17.91,15.75,21:11:36:106,49.71,76.42
18.43,11.71,21:11:36:239,48.73,76.38
18.42,3.88,21:11:36:362,41.50,82.99
20.48,13.06,21:11:36:490,36.63,71.30
20.15,13.80,21:11:36:626,14.45,58.55
18.59,6.32,21:11:36:763,-3.49,62.01
17.49,1.12,21:11:36:903,-14.29,64.83
13.27,-4.52,21:11:37:038,-32.82,68.26
14.74,-10.68,21:11:37:177,-43.95,69.41
23.47,-2.72,21:11:37:303,-45.50,59.64
25.95,-4.56,21:11:37:433,-51.47,56.97
27.94,-3.77,21:11:37:577,-59.35,55.85
27.48,-4.71,21:11:37:703,-59.29,56.47
27.30,-5.06,21:11:37:837,-58.84,57.00
27.58,-5.12,21:11:37:986,-55.77,58.23
25.44,-3.66,21:11:38:125,-46.15,62.71
24.19,0.17,21:11:38:243,-35.53,62.72
16.29,-2.35,21:11:38:360,-32.71,68.34
17.17,-0.34,21:11:38:488,-17.40,65.20
17.70,-1.79,21:11:38:609,-4.20,69.23
18.28,4.55,21:11:38:744,2.52,63.72
19.98,12.93,21:11:38:876,19.69,61.21
19.66,16.92,21:11:39:005,33.51,66.12
19.61,13.10,21:11:39:139,36.57,77.43
17.97,15.30,21:11:39:286,39.41,75.51
16.30,16.69,21:11:39:439,44.35,77.37
17.04,10.99,21:11:39:576,46.63,76.37
16.45,14.00,21:11:39:708,47.20,75.82
16.60,11.82,21:11:39:848,40.22,65.11
16.90,11.57,21:11:39:993,48.01,76.21
16.34,12.79,21:11:40:122,46.72,75.70
17.70,5.29,21:11:40:257,43.33,81.30
21.38,-39.81,21:11:40:392,20.30,95.17
17.65,11.87,21:11:40:528,20.40,61.13
18.89,6.70,21:11:40:654,7.21,63.90
18.07,6.49,21:11:40:777,-2.81,63.45
17.50,1.83,21:11:40:903,-15.31,61.68
13.81,-1.16,21:11:41:030,-29.39,65.86
13.38,-7.86,21:11:41:161,-40.59,70.28
23.98,5.06,21:11:41:292,-40.92,55.94
24.64,1.86,21:11:41:422,-45.30,55.14
24.68,-1.11,21:11:41:557,-55.33,56.28
25.44,-2.11,21:11:41:688,-54.61,56.61
25.61,-2.89,21:11:41:816,-54.69,56.76
25.52,-3.67,21:11:41:958,-54.03,57.18
25.37,-3.92,21:11:42:088,-49.61,58.36
24.68,-1.14,21:11:42:224,-37.18,59.31
18.44,-0.42,21:11:42:355,-27.67,65.64
15.93,-4.36,21:11:42:490,-13.75,65.88
16.82,-0.71,21:11:42:618,-0.10,69.65
17.85,5.45,21:11:42:754,10.72,60.85
18.50,11.98,21:11:42:902,24.60,62.77
23.96,-23.61,21:11:43:028,27.16,93.43
15.07,56.63,21:11:43:160,39.52,66.14
15.36,-6.69,21:11:43:284,36.02,88.98
16.14,2.28,21:11:43:412,41.33,84.86
17.50,8.54,21:11:43:539,45.35,77.01
16.57,12.14,21:11:43:665,45.80,75.94
16.59,11.11,21:11:43:791,45.50,75.14
15.46,9.87,21:11:43:934,44.60,77.59
15.59,4.79,21:11:44:075,36.00,82.33
16.52,8.25,21:11:44:202,30.22,69.76
16.94,8.07,21:11:44:323,6.91,61.86
16.17,4.89,21:11:44:454,-15.06,63.66
17.21,-0.31,21:11:44:587,-15.36,63.59
14.08,-8.50,21:11:44:715,-29.68,66.32
13.25,-12.58,21:11:44:848,-41.14,67.35
14.84,-22.97,21:11:44:986,-48.51,71.54
26.59,-7.27,21:11:45:142,-45.70,57.39
27.67,-6.67,21:11:45:287,-52.13,52.67
28.81,-6.75,21:11:45:415,-60.82,51.46
29.20,-7.23,21:11:45:547,-60.32,51.20
29.10,-7.35,21:11:45:675,-60.22,51.34
28.43,-8.26,21:11:45:798,-59.32,53.14
27.29,-8.76,21:11:45:935,-54.29,57.45
25.26,-7.35,21:11:46:061,-37.16,59.31
18.53,-8.44,21:11:46:192,-34.38,67.11
15.75,-8.38,21:11:46:323,-19.20,71.52
17.83,2.12,21:11:46:451,2.48,68.80
18.91,4.51,21:11:46:583,15.96,70.50
18.68,11.16,21:11:46:711,27.50,64.61
17.98,13.95,21:11:46:837,35.78,75.43
19.87,12.83,21:11:46:969,41.56,67.02
18.04,14.08,21:11:47:101,47.61,78.22
17.45,12.56,21:11:47:224,46.89,77.51
16.74,14.62,21:11:47:357,47.96,76.77
16.22,18.02,21:11:47:494,53.05,82.69
16.38,14.77,21:11:47:625,53.01,82.05
17.70,6.42,21:11:47:754,47.37,77.52
16.77,13.04,21:11:47:887,50.47,82.88
17.03,11.11,21:11:48:009,45.59,76.03
16.63,15.64,21:11:48:144,40.94,72.33
17.81,12.58,21:11:48:310,26.33,63.06
18.87,11.23,21:11:48:449,7.90,67.37
17.48,4.31,21:11:48:596,-10.85,67.39
13.48,1.44,21:11:48:732,-30.26,72.77
24.73,12.99,21:11:48:857,-32.35,61.79
25.34,7.34,21:11:48:987,-43.62,59.48
26.11,4.07,21:11:49:114,-50.16,56.76
29.21,1.38,21:11:49:255,-60.07,56.57
30.40,-1.39,21:11:49:385,-59.91,54.61
31.21,-2.84,21:11:49:517,-61.27,51.77
31.76,-3.44,21:11:49:643,-62.00,50.57
31.85,-4.05,21:11:49:773,-61.65,50.05
31.39,-3.97,21:11:49:910,-61.54,50.52
30.85,-4.11,21:11:50:046,-61.32,51.78
30.24,-3.21,21:11:50:194,-57.08,55.23
25.96,-4.18,21:11:50:327,-48.20,62.84
15.03,-10.22,21:11:50:466,-39.22,71.70
13.28,-6.18,21:11:50:593,-22.83,73.54
15.57,-0.76,21:11:50:726,-3.34,72.37
18.90,8.72,21:11:50:861,11.32,65.42
21.53,-6.42,21:11:51:001,24.55,83.82
18.82,20.72,21:11:51:142,36.71,73.41
15.60,53.93,21:11:51:275,48.96,74.07
16.38,26.07,21:11:51:410,48.36,73.84
17.99,16.87,21:11:51:551,49.38,75.41
16.77,23.09,21:11:51:674,49.20,73.49
16.50,25.69,21:11:51:794,43.17,63.95
17.14,21.08,21:11:51:926,50.47,73.97
16.39,23.33,21:11:52:057,47.37,77.82
18.14,20.25,21:11:52:191,37.19,70.57
19.14,19.13,21:11:52:323,17.46,60.59
19.27,13.68,21:11:52:451,-6.24,60.18
17.75,10.06,21:11:52:581,-11.85,57.89
13.78,-7.40,21:11:52:723,-34.64,72.46
23.61,7.56,21:11:52:870,-35.42,61.01
24.16,3.69,21:11:53:006,-45.09,58.60
25.10,-0.56,21:11:53:131,-50.51,57.42
27.76,-0.93,21:11:53:285,-58.19,55.16
29.23,-3.85,21:11:53:436,-59.16,54.32
29.45,-3.89,21:11:53:575,-59.51,53.61
28.78,-3.41,21:11:53:708,-58.76,55.09
28.13,-3.38,21:11:53:829,-55.54,57.43
25.28,-2.13,21:11:53:968,-48.21,61.35
23.70,2.90,21:11:54:095,-32.88,60.64
13.10,-15.45,21:11:54:222,-30.30,76.85
18.94,11.51,21:11:54:351,-6.30,59.88
17.83,7.45,21:11:54:483,3.46,68.36
19.67,9.25,21:11:54:625,19.22,65.12
20.11,9.51,21:11:54:768,28.08,77.05
17.81,18.03,21:11:54:908,43.99,81.01
17.24,20.73,21:11:55:043,46.89,80.57
18.59,7.76,21:11:55:169,48.77,84.22
18.04,8.44,21:11:55:306,48.81,84.57
17.06,11.04,21:11:55:430,49.18,83.90
16.15,12.51,21:11:55:561,48.81,84.28
16.40,12.51,21:11:55:686,46.70,77.57
16.02,14.28,21:11:55:827,44.87,76.73
19.09,7.79,21:11:55:962,34.58,81.07
18.62,10.94,21:11:56:109,18.12,67.47
17.24,8.54,21:11:56:235,-6.30,64.57
14.10,-0.48,21:11:56:364,-29.38,72.96
22.46,8.35,21:11:56:493,-33.61,63.87
25.29,2.56,21:11:56:628,-41.76,62.14
25.79,0.15,21:11:56:758,-47.93,60.40
26.24,-1.89,21:11:56:890,-59.68,61.33
28.35,-3.30,21:11:57:038,-58.69,59.49
28.48,-3.07,21:11:57:183,-58.97,59.03
28.88,-2.80,21:11:57:324,-58.19,58.87
27.95,-3.06,21:11:57:452,-57.30,59.60
27.18,-3.55,21:11:57:582,-53.85,61.90
25.09,-0.37,21:11:57:709,-38.92,61.72
14.15,-16.93,21:11:57:842,-32.80,77.85
15.57,-5.79,21:11:57:985,-11.41,66.15
16.49,2.50,21:11:58:113,-0.77,67.84
18.40,6.49,21:11:58:235,14.57,71.63
18.93,15.55,21:11:58:373,27.09,65.47
17.92,18.63,21:11:58:514,32.91,69.70
17.26,16.94,21:11:58:644,39.97,75.26
19.96,-0.64,21:11:58:773,41.67,80.46
18.11,9.34,21:11:58:901,44.06,77.50
13.82,49.75,21:11:59:029,48.83,77.25
15.96,17.36,21:11:59:158,43.68,74.67
16.34,11.98,21:11:59:294,41.34,79.21
16.37,15.73,21:11:59:430,33.78,70.30
18.00,11.30,21:11:59:558,21.00,67.49
18.49,6.69,21:11:59:688,0.55,64.46
16.90,2.96,21:11:59:813,-14.40,66.12
13.32,-14.46,21:11:59:943,-35.69,74.81
14.63,-19.40,21:12:00:075,-48.33,77.24
17.42,-25.22,21:12:00:203,-55.99,76.57
18.64,-25.81,21:12:00:332,-62.34,75.14
20.81,-34.22,21:12:00:463,-61.88,77.77
21.07,-35.31,21:12:00:599,-62.37,77.83
20.19,-30.89,21:12:00:745,-63.26,76.65
20.67,-27.98,21:12:00:889,-63.75,74.80
19.64,-28.62,21:12:01:025,-61.47,75.52
23.11,-10.08,21:12:01:160,-51.86,66.39
23.87,-2.15,21:12:01:293,-37.86,65.89
14.58,-12.91,21:12:01:420,-33.43,77.89
15.87,4.09,21:12:01:557,-14.07,61.83
17.72,6.05,21:12:01:676,-1.78,65.58
18.74,9.13,21:12:01:797,4.42,62.93
20.15,11.37,21:12:01:918,18.37,66.25
20.17,15.46,21:12:02:045,26.17,66.22
18.80,22.03,21:12:02:181,36.26,70.87
17.92,23.04,21:12:02:312,40.64,72.18
17.16,5.63,21:12:02:434,47.46,88.79
18.68,5.54,21:12:02:557,44.83,79.41
18.70,6.70,21:12:02:689,45.86,78.85
13.60,42.12,21:12:02:827,53.23,80.46
13.64,37.56,21:12:02:957,51.10,80.24
18.27,7.94,21:12:03:099,44.39,77.18
18.42,9.39,21:12:03:228,26.54,69.09
18.13,9.72,21:12:03:354,6.98,63.07
16.60,4.54,21:12:03:484,-12.12,64.02
12.38,-10.10,21:12:03:622,-24.99,75.96
13.69,-13.62,21:12:03:759,-37.79,74.02
22.64,0.66,21:12:03:889,-39.82,63.80
25.13,-1.57,21:12:04:024,-47.52,60.27
29.41,-2.15,21:12:04:160,-55.65,56.53
30.19,-3.18,21:12:04:306,-61.14,54.55
31.71,-5.02,21:12:04:432,-62.92,53.44
32.10,-5.77,21:12:04:563,-63.73,52.75
32.19,-5.71,21:12:04:696,-63.36,52.43
32.26,-5.83,21:12:04:827,-62.77,52.49
31.97,-5.96,21:12:04:956,-62.68,53.08
31.73,-6.08,21:12:05:087,-58.74,56.15
28.12,-5.51,21:12:05:225,-50.72,61.72
25.62,-2.59,21:12:05:363,-35.34,65.60
16.83,-1.60,21:12:05:495,-27.62,77.29
16.65,-5.34,21:12:05:641,-7.42,73.68
20.19,5.41,21:12:05:757,16.17,69.50
20.49,14.34,21:12:05:893,36.10,73.02
21.89,7.97,21:12:06:025,41.15,80.41
21.34,5.07,21:12:06:166,43.90,86.67
19.11,4.57,21:12:06:301,45.11,82.87
19.20,6.81,21:12:06:424,50.26,87.57
19.04,6.50,21:12:06:550,46.26,80.98
19.05,6.90,21:12:06:688,46.57,81.23
19.18,5.72,21:12:06:822,45.83,79.12
20.91,0.30,21:12:06:952,40.44,85.32
19.78,10.05,21:12:07:084,29.93,74.66
19.79,9.38,21:12:07:207,10.01,63.92
19.14,0.48,21:12:07:328,-8.09,65.49
18.91,-0.59,21:12:07:463,-17.80,64.36
14.82,-4.48,21:12:07:591,-34.02,66.64
22.90,1.48,21:12:07:730,-37.19,61.21
26.16,1.23,21:12:07:865,-44.74,57.47
27.35,-0.50,21:12:08:010,-50.49,54.27
29.36,-1.32,21:12:08:148,-56.62,54.14
30.29,-2.58,21:12:08:291,-58.57,52.48
30.82,-3.34,21:12:08:423,-59.57,51.59
30.78,-3.65,21:12:08:565,-59.35,51.66
31.58,-6.14,21:12:08:701,-58.33,51.63
29.24,-4.90,21:12:08:831,-56.74,56.57
26.18,-6.00,21:12:08:967,-38.66,62.55
22.19,-1.16,21:12:09:108,-25.24,65.84
15.76,-8.91,21:12:09:252,-12.69,70.43
19.60,3.11,21:12:09:390,10.80,67.61
20.07,14.53,21:12:09:531,24.70,66.31
19.19,20.06,21:12:09:663,37.73,71.20
21.03,10.34,21:12:09:805,42.97,80.01
20.33,8.50,21:12:09:937,45.04,80.59
18.69,9.82,21:12:10:068,47.70,87.79
18.96,6.81,21:12:10:197,46.61,81.28
18.87,5.31,21:12:10:338,45.90,81.72
18.28,6.92,21:12:10:479,45.78,80.79
18.78,2.71,21:12:10:611,44.70,83.10
20.39,-0.13,21:12:10:760,42.83,85.07
18.85,13.96,21:12:10:894,31.64,70.31
20.50,12.43,21:12:11:021,14.31,65.92
19.84,1.54,21:12:11:144,-7.84,66.90
13.82,-6.28,21:12:11:270,-26.90,76.80
14.92,-5.70,21:12:11:393,-38.93,76.04
24.07,3.43,21:12:11:524,-41.29,63.94
25.82,0.54,21:12:11:660,-55.71,60.46
27.86,-2.29,21:12:11:793,-55.14,60.33
29.35,-3.10,21:12:11:923,-55.64,57.76
30.60,-4.47,21:12:12:057,-56.40,57.51
30.36,-3.61,21:12:12:189,-56.35,58.07
30.42,-3.40,21:12:12:335,-55.66,57.80
28.49,-4.41,21:12:12:484,-55.54,59.51
26.18,-4.31,21:12:12:651,-37.46,63.26
15.79,-7.42,21:12:12:819,-22.59,76.61
18.45,-1.90,21:12:12:969,2.25,72.03
19.84,10.66,21:12:13:110,21.77,68.79
18.22,28.69,21:12:13:246,31.63,61.75
17.41,18.94,21:12:13:385,38.88,74.68
18.32,14.42,21:12:13:520,44.14,75.86
18.31,11.96,21:12:13:657,46.70,78.99
18.61,9.80,21:12:13:805,46.41,79.37
18.93,6.88,21:12:13:964,46.67,78.98
18.81,7.37,21:12:14:122,46.35,78.99
19.99,5.70,21:12:14:274,45.19,84.77
19.79,-32.06,21:12:14:432,22.38,94.62
20.57,7.27,21:12:14:587,22.38,69.03
17.63,5.35,21:12:14:735,-7.69,60.56
11.80,-6.86,21:12:14:881,-30.48,77.94
13.52,-24.32,21:12:15:026,-39.14,82.93
17.07,-19.85,21:12:15:178,-51.38,81.07
19.27,-19.46,21:12:15:336,-58.56,77.09
19.72,-16.51,21:12:15:486,-62.16,74.18
19.41,-15.04,21:12:15:640,-64.06,72.82
30.54,-1.85,21:12:15:779,-59.13,57.19
31.93,0.50,21:12:15:920,-58.84,55.39
28.84,0.18,21:12:16:062,-49.60,62.28
25.62,2.73,21:12:16:191,-34.47,65.67
16.08,3.48,21:12:16:323,-24.22,76.22
16.22,2.78,21:12:16:454,-14.05,73.07
18.76,7.60,21:12:16:580,-0.32,59.97
21.55,13.17,21:12:16:724,21.19,66.45
21.10,23.29,21:12:16:866,36.41,70.24
19.12,20.31,21:12:16:991,37.59,75.20
20.06,16.00,21:12:17:132,47.34,81.53
25.56,-5.98,21:12:17:264,42.20,88.22
17.02,16.20,21:12:17:400,45.00,77.29
21.04,1.08,21:12:17:532,47.02,82.41
16.93,16.92,21:12:17:654,50.14,82.48
18.82,6.85,21:12:17:788,45.71,79.55
18.12,8.18,21:12:17:911,45.69,78.71
16.16,20.05,21:12:18:046,39.01,72.01
17.75,16.47,21:12:18:173,17.78,64.96
17.66,5.40,21:12:18:307,-8.23,63.58
16.97,3.59,21:12:18:433,-12.42,59.14
13.91,-9.06,21:12:18:560,-36.77,73.97
16.01,-14.48,21:12:18:692,-46.80,76.36
26.99,1.53,21:12:18:829,-47.06,60.93
30.63,1.09,21:12:18:958,-56.31,56.87
32.02,-2.21,21:12:19:093,-60.23,56.42
32.52,-3.46,21:12:19:233,-63.63,55.36
33.29,-3.62,21:12:19:363,-63.21,53.54
33.06,-4.11,21:12:19:487,-62.58,53.61
32.83,-3.83,21:12:19:610,-62.31,53.90
31.82,-3.93,21:12:19:745,-61.23,55.88
31.53,-2.28,21:12:19:880,-55.51,57.32
20.65,-10.62,21:12:20:011,-53.72,73.19
20.72,-5.97,21:12:20:138,-40.70,70.90
15.49,-5.97,21:12:20:274,-26.06,71.18
17.77,-3.76,21:12:20:409,-10.40,71.39
20.30,1.09,21:12:20:550,16.95,73.41
20.98,10.52,21:12:20:686,26.11,69.45
20.40,17.19,21:12:20:820,36.78,73.33
23.33,-24.21,21:12:20:962,28.67,96.67
21.71,11.22,21:12:21:102,46.03,78.81
18.35,12.83,21:12:21:233,45.41,81.57
19.08,10.51,21:12:21:374,46.38,80.24
19.54,9.44,21:12:21:520,46.94,79.17
18.94,10.44,21:12:21:654,46.87,78.76
19.60,8.40,21:12:21:786,47.28,79.51
18.95,10.13,21:12:21:940,46.89,79.10
18.08,-4.34,21:12:22:088,31.46,86.47
19.92,8.09,21:12:22:218,7.63,71.43
18.08,3.38,21:12:22:350,-10.92,67.97
12.07,-16.19,21:12:22:480,-29.18,81.21
25.80,7.55,21:12:22:611,-35.35,63.48
29.45,6.05,21:12:22:736,-49.10,60.81
32.07,4.16,21:12:22:883,-60.44,56.66
34.61,-0.88,21:12:23:042,-65.76,53.61
35.77,-2.69,21:12:23:180,-66.46,51.51
35.39,-3.46,21:12:23:321,-66.87,52.02
34.31,-2.28,21:12:23:463,-65.80,53.64
33.97,-1.56,21:12:23:587,-60.98,55.73
32.77,0.05,21:12:23:713,-54.81,58.48
28.57,0.56,21:12:23:841,-45.54,65.62
24.87,3.17,21:12:23:977,-32.90,67.82
14.81,-10.69,21:12:24:108,-22.15,76.10
18.22,-1.67,21:12:24:244,-3.60,66.45
20.96,8.40,21:12:24:375,22.20,70.94
20.33,10.60,21:12:24:519,37.13,81.85
17.46,21.71,21:12:24:648,45.36,80.92
21.04,3.41,21:12:24:783,46.73,81.59
20.11,3.91,21:12:24:921,48.95,87.19
20.00,4.01,21:12:25:041,46.72,80.37
19.82,4.73,21:12:25:167,47.09,80.25
18.19,11.66,21:12:25:289,47.89,77.99
18.88,8.50,21:12:25:421,45.58,77.99
19.45,15.62,21:12:25:556,36.03,71.17
19.44,11.46,21:12:25:692,13.73,61.56
18.53,4.14,21:12:25:823,-7.64,62.47
14.12,-9.90,21:12:25:955,-27.97,70.61
22.47,5.28,21:12:26:093,-36.84,65.35
26.16,3.44,21:12:26:220,-47.39,60.17
29.97,2.12,21:12:26:355,-56.40,58.92
31.47,-0.15,21:12:26:490,-60.70,57.00
31.87,-1.75,21:12:26:633,-61.52,56.72
31.66,-0.89,21:12:26:784,-61.40,56.18
31.58,-1.06,21:12:26:914,-61.32,56.10
31.61,-0.87,21:12:27:043,-60.64,56.03
31.80,-0.99,21:12:27:168,-57.40,57.12
28.24,-0.32,21:12:27:293,-49.94,63.14
23.62,2.46,21:12:27:424,-33.38,66.61
14.14,-12.35,21:12:27:549,-26.38,82.47
16.17,0.63,21:12:27:675,-6.82,71.50
20.04,10.74,21:12:27:796,18.61,71.62
20.63,23.05,21:12:27:923,28.19,65.45
19.99,19.84,21:12:28:058,39.57,75.35
17.29,7.66,21:12:28:190,38.38,84.78
18.19,10.35,21:12:28:331,43.25,83.80
17.17,11.22,21:12:28:459,45.59,80.64
17.15,13.60,21:12:28:602,46.09,79.41
16.76,15.54,21:12:28:730,46.03,77.44
21.09,-26.98,21:12:28:876,25.91,91.52
17.70,18.99,21:12:29:028,23.66,61.53
18.41,7.09,21:12:29:160,-4.38,62.57
16.43,8.99,21:12:29:290,-21.59,59.82
16.17,4.16,21:12:29:422,-39.25,71.76
16.62,-5.97,21:12:29:560,-47.99,73.84
19.08,-16.49,21:12:29:691,-53.57,75.74
19.64,-13.04,21:12:29:830,-59.79,72.88
20.57,-11.27,21:12:29:962,-62.29,70.62
31.32,-0.81,21:12:30:093,-56.91,56.09
30.87,-0.81,21:12:30:232,-57.40,56.12
30.96,-0.75,21:12:30:364,-57.35,55.90
29.32,-2.36,21:12:30:493,-57.23,57.72
29.69,0.20,21:12:30:623,-53.87,57.75
26.64,0.43,21:12:30:754,-47.21,61.79
17.79,-5.32,21:12:30:886,-40.37,73.54
14.76,-18.94,21:12:31:009,-29.74,79.46
15.42,-2.65,21:12:31:134,-15.46,72.81
18.23,3.48,21:12:31:261,1.69,67.51
20.66,17.21,21:12:31:387,24.03,66.32
19.71,24.79,21:12:31:527,37.39,70.10
21.18,18.27,21:12:31:663,41.97,74.24
20.16,13.27,21:12:31:789,45.66,81.48
20.71,8.18,21:12:31:923,46.94,80.96
17.18,16.67,21:12:32:052,47.46,77.27
18.26,12.80,21:12:32:176,48.05,78.06
18.35,11.35,21:12:32:310,47.82,78.33
16.43,20.94,21:12:32:443,45.89,75.73
17.36,18.93,21:12:32:567,34.88,72.25
19.67,12.68,21:12:32:701,17.97,68.54
18.64,2.91,21:12:32:836,1.13,71.02
18.59,-1.77,21:12:32:980,-11.26,68.16
14.94,-3.93,21:12:33:108,-27.98,70.53
20.80,0.24,21:12:33:241,-31.04,66.32
22.07,3.62,21:12:33:371,-37.48,60.09
16.57,-15.88,21:12:33:512,-46.82,74.36
24.68,0.38,21:12:33:643,-47.06,57.81
26.99,-0.30,21:12:33:788,-57.86,56.65
26.58,-0.40,21:12:33:937,-56.58,57.16
26.21,-1.12,21:12:34:082,-56.27,57.68
21.00,-3.69,21:12:34:217,-59.18,64.87
22.86,-2.52,21:12:34:363,-49.75,65.29
22.17,1.51,21:12:34:489,-31.36,66.58
12.65,-6.38,21:12:34:617,-22.03,78.09
15.48,-1.77,21:12:34:741,-4.78,71.27
18.58,11.28,21:12:34:870,15.39,69.73
19.49,24.03,21:12:34:986,29.04,62.81
18.39,28.34,21:12:35:115,37.47,69.27
17.31,12.09,21:12:35:250,39.46,81.42
14.74,1.98,21:12:35:388,37.60,90.44
19.17,4.88,21:12:35:528,43.65,79.12
14.27,55.56,21:12:35:652,46.05,70.52
16.54,16.59,21:12:35:780,45.12,76.66
20.10,-31.12,21:12:35:912,32.26,97.73
17.31,12.83,21:12:36:041,39.82,73.67
18.28,15.87,21:12:36:169,27.61,73.54
18.86,12.21,21:12:36:318,9.37,63.28
17.40,5.49,21:12:36:458,-11.14,62.74
14.64,-3.33,21:12:36:585,-33.05,72.09
15.14,-8.42,21:12:36:718,-40.97,74.50
16.18,-21.93,21:12:36:845,-49.21,77.61
17.50,-17.31,21:12:36:973,-57.55,74.46
19.19,-27.24,21:12:37:106,-57.54,77.14
19.14,-28.10,21:12:37:239,-59.22,76.95
18.70,-23.57,21:12:37:361,-60.48,75.10
29.10,-1.23,21:12:37:502,-57.09,58.07
29.57,-1.01,21:12:37:632,-56.14,58.38
28.83,-1.30,21:12:37:763,-55.05,59.37
27.03,-0.97,21:12:37:892,-48.62,63.79
24.38,0.65,21:12:38:024,-33.78,65.17
15.36,1.40,21:12:38:154,-23.76,74.43
15.41,-0.65,21:12:38:280,-8.40,67.49
18.62,-3.96,21:12:38:412,2.04,70.40
19.78,5.10,21:12:38:542,16.90,65.97
19.41,7.29,21:12:38:681,27.81,65.02
18.42,3.70,21:12:38:839,32.57,83.26
16.93,-16.33,21:12:38:978,27.57,89.76
16.40,13.95,21:12:39:100,43.48,79.19
16.97,12.36,21:12:39:238,41.90,76.04
16.67,6.62,21:12:39:391,40.85,82.21
21.85,-30.65,21:12:39:526,31.08,97.48
16.49,4.14,21:12:39:661,38.92,85.40
17.37,16.56,21:12:39:792,38.26,71.83
20.25,7.62,21:12:39:923,27.08,76.01
20.37,9.51,21:12:40:060,9.71,65.77
18.55,10.53,21:12:40:188,-8.96,60.25
11.41,0.94,21:12:40:308,-30.71,75.03
12.53,-18.08,21:12:40:433,-39.18,82.18
15.36,-11.89,21:12:40:564,-45.73,76.50
25.18,4.37,21:12:40:698,-43.90,61.86
25.78,3.68,21:12:40:820,-46.68,59.72
25.58,2.23,21:12:40:952,-47.53,59.47
25.83,0.23,21:12:41:104,-47.39,60.03
25.71,0.53,21:12:41:241,-46.99,60.54
25.87,1.64,21:12:41:382,-46.65,59.98
25.50,1.66,21:12:41:521,-43.66,60.01
23.82,5.52,21:12:41:654,-33.03,62.79
12.38,-13.19,21:12:41:788,-32.60,80.38
14.61,5.56,21:12:41:919,-17.42,70.92
17.53,8.03,21:12:42:064,6.79,67.76
22.65,10.94,21:12:42:190,29.37,75.51
19.55,24.48,21:12:42:326,35.67,69.52
18.89,23.75,21:12:42:461,38.44,70.62
16.10,47.00,21:12:42:593,44.58,75.36
16.64,-20.34,21:12:42:721,32.78,95.08
18.01,10.99,21:12:42:843,44.64,79.39
19.72,6.00,21:12:42:967,45.17,80.65
16.25,19.42,21:12:43:096,45.73,75.51
21.14,1.97,21:12:43:225,44.73,81.07
20.58,4.38,21:12:43:371,45.05,80.56
18.13,11.04,21:12:43:526,44.93,78.22
16.62,22.60,21:12:43:651,37.79,72.42
17.52,19.72,21:12:43:782,32.08,71.55
19.39,13.99,21:12:43:905,9.70,67.30
17.50,8.57,21:12:44:028,-7.57,59.05
10.91,3.96,21:12:44:155,-29.37,81.15
9.87,0.81,21:12:44:278,-36.09,76.93
16.64,9.68,21:12:44:417,-42.39,78.11
16.28,-0.41,21:12:44:542,-50.14,80.51
29.30,8.42,21:12:44:682,-54.42,64.38
30.99,4.94,21:12:44:824,-58.22,62.09
33.25,4.02,21:12:44:957,-58.61,58.91
32.43,3.48,21:12:45:090,-59.28,58.75
32.28,4.48,21:12:45:225,-59.17,59.01
30.70,3.80,21:12:45:359,-57.37,61.64
26.28,1.28,21:12:45:493,-49.83,67.06
23.69,6.07,21:12:45:623,-31.80,66.82
11.99,-3.01,21:12:45:787,-23.85,79.89
18.34,3.71,21:12:45:920,6.51,71.48
19.55,21.16,21:12:46:051,23.71,64.84
19.09,25.14,21:12:46:180,31.36,63.54
18.05,11.70,21:12:46:312,39.57,84.48
17.91,13.89,21:12:46:443,41.88,80.31
16.46,9.18,21:12:46:575,41.34,82.41
17.05,0.70,21:12:46:699,40.98,86.12
17.14,2.29,21:12:46:835,41.46,84.35
15.35,18.24,21:12:46:968,43.50,79.19
16.34,10.79,21:12:47:105,42.21,81.13
15.90,16.43,21:12:47:233,35.83,76.13
18.39,14.27,21:12:47:357,21.81,66.93
18.64,11.25,21:12:47:483,0.39,61.11
17.70,6.36,21:12:47:612,-12.75,63.72
12.17,-33.80,21:12:47:736,-33.91,89.08
12.78,-12.00,21:12:47:869,-41.11,79.76
15.69,-39.37,21:12:47:993,-46.72,86.38
15.83,-25.82,21:12:48:122,-52.47,80.48
24.34,-3.30,21:12:48:260,-57.00,66.27
25.56,-1.92,21:12:48:407,-57.46,64.01
25.63,-2.07,21:12:48:540,-57.60,63.55
25.62,-0.36,21:12:48:668,-57.54,63.06
25.44,0.11,21:12:48:800,-57.11,63.19
25.37,-0.70,21:12:48:936,-56.10,63.53
25.26,-0.04,21:12:49:082,-53.23,64.47
24.10,3.79,21:12:49:210,-39.07,65.79
20.71,1.48,21:12:49:338,-26.51,72.62
14.28,-1.63,21:12:49:470,-13.85,66.07
19.35,8.12,21:12:49:597,4.47,77.00
20.91,13.47,21:12:49:725,19.60,67.98
21.19,16.39,21:12:49:851,28.21,66.29
19.12,24.02,21:12:49:987,37.30,71.24
18.38,21.61,21:12:50:121,43.34,78.17
19.05,14.92,21:12:50:245,44.47,79.87
16.22,-24.27,21:12:50:372,32.34,97.27
19.92,3.44,21:12:50:498,43.91,82.02
18.87,8.86,21:12:50:623,45.76,79.90
17.15,-0.30,21:12:50:770,41.37,88.44
18.99,7.50,21:12:50:902,45.43,79.95
19.24,7.14,21:12:51:036,45.55,80.53
20.36,4.34,21:12:51:166,45.45,80.96
17.84,0.71,21:12:51:301,36.07,88.38
18.67,12.00,21:12:51:431,27.71,74.65
18.93,12.56,21:12:51:565,-1.68,71.52
9.87,-4.63,21:12:51:691,-22.08,77.66
9.74,-12.45,21:12:51:809,-33.11,78.48
13.76,-28.82,21:12:51:944,-39.36,84.35
14.76,-30.21,21:12:52:082,-44.81,83.95
14.82,-20.58,21:12:52:237,-50.34,76.40
25.76,0.81,21:12:52:369,-45.21,61.48
25.79,0.36,21:12:52:494,-45.74,61.20
25.35,0.02,21:12:52:620,-46.49,61.11
25.55,0.47,21:12:52:752,-46.69,60.74
25.06,1.03,21:12:52:881,-46.58,60.79
24.85,2.34,21:12:53:005,-45.34,61.45
24.06,2.79,21:12:53:132,-39.63,63.79
20.76,2.46,21:12:53:268,-31.07,67.59
12.35,-7.42,21:12:53:410,-24.88,83.43
15.97,0.98,21:12:53:540,1.49,66.32
20.39,7.20,21:12:53:659,13.88,66.88
21.61,13.23,21:12:53:786,31.82,74.56
21.16,16.79,21:12:53:913,34.18,70.71
19.35,13.02,21:12:54:038,35.26,80.06
19.30,16.01,21:12:54:167,41.51,82.37
19.58,15.72,21:12:54:291,46.20,88.15
19.23,14.49,21:12:54:427,44.77,82.47
19.51,12.54,21:12:54:565,46.43,82.01
19.28,13.06,21:12:54:696,45.58,82.55
20.26,7.18,21:12:54:841,45.59,82.69
19.95,6.62,21:12:54:967,45.89,83.78
20.67,3.33,21:12:55:098,45.67,82.23
21.02,3.15,21:12:55:221,45.43,83.04
21.22,2.20,21:12:55:365,45.30,84.74
20.63,3.98,21:12:55:504,45.42,84.28
20.67,4.68,21:12:55:637,45.60,84.37
19.27,10.49,21:12:55:774,43.50,84.07
19.64,17.26,21:12:55:907,34.09,74.37
20.15,14.62,21:12:56:043,9.62,62.13
18.29,6.35,21:12:56:183,-10.01,64.02
13.03,-0.30,21:12:56:306,-25.41,71.22
14.87,-3.58,21:12:56:429,-40.49,72.81
16.41,-8.23,21:12:56:566,-50.42,72.86
17.66,-15.38,21:12:56:699,-56.10,72.85
18.22,-20.17,21:12:56:849,-60.74,74.07
18.03,-20.55,21:12:56:990,-60.68,74.17
17.97,-32.45,21:12:57:126,-58.31,78.55
28.43,1.14,21:12:57:255,-55.78,58.73
27.72,0.10,21:12:57:390,-56.08,59.29
27.00,1.26,21:12:57:523,-54.06,60.34
25.54,1.06,21:12:57:657,-47.92,62.98
23.90,4.13,21:12:57:788,-36.28,64.13
21.20,5.76,21:12:57:925,-26.70,65.16
13.83,7.64,21:12:58:058,-22.58,73.45
18.22,8.36,21:12:58:193,4.40,63.41
19.74,10.01,21:12:58:325,10.98,66.05
23.23,14.53,21:12:58:468,29.95,73.88
20.38,11.70,21:12:58:599,34.36,80.56
19.55,22.61,21:12:58:727,43.13,79.03
17.93,27.92,21:12:58:856,46.91,77.78
18.41,16.97,21:12:58:987,46.34,79.32
18.87,9.87,21:12:59:107,50.44,87.49
17.57,15.80,21:12:59:236,47.89,78.62
18.83,10.37,21:12:59:360,53.41,86.70
19.59,7.67,21:12:59:487,47.10,79.95
18.27,11.41,21:12:59:609,51.71,85.89
19.43,7.13,21:12:59:743,46.89,81.48
18.31,9.98,21:12:59:875,45.82,80.19
17.36,19.68,21:13:00:002,38.49,74.34
18.95,15.94,21:13:00:126,21.99,67.10
19.73,11.45,21:13:00:254,4.15,74.91
16.09,6.61,21:13:00:385,-7.83,63.47
11.52,4.03,21:13:00:522,-24.94,71.79
9.72,-10.85,21:13:00:656,-34.01,78.19
11.31,-36.20,21:13:00:787,-39.55,83.76
14.99,-57.51,21:13:00:910,-40.38,90.35
18.44,4.21,21:13:01:046,-42.24,70.10
20.67,5.12,21:13:01:178,-41.94,66.58
21.93,7.45,21:13:01:308,-40.92,63.72
12.58,-29.58,21:13:01:439,-45.34,82.46
14.92,-5.56,21:13:01:578,-46.11,76.62
21.77,6.15,21:13:01:716,-41.03,63.64
22.18,9.70,21:13:01:849,-37.57,63.03
19.38,7.30,21:13:01:973,-26.88,65.05
13.58,4.47,21:13:02:091,-15.84,69.24
15.59,5.95,21:13:02:211,-13.00,74.09
23.14,10.15,21:13:02:329,18.92,77.13
21.86,16.95,21:13:02:455,34.39,76.04
22.03,16.17,21:13:02:573,38.88,78.37
19.85,16.37,21:13:02:708,43.95,80.88
17.58,9.04,21:13:02:838,42.05,84.43
17.94,10.43,21:13:02:969,46.34,88.60
19.12,8.78,21:13:03:102,46.90,83.62
17.22,15.54,21:13:03:217,47.07,82.33
18.71,9.19,21:13:03:335,46.31,84.45
19.43,6.40,21:13:03:453,46.80,82.42
17.73,11.80,21:13:03:583,47.65,81.08
18.45,8.86,21:13:03:717,47.14,84.49
19.09,5.98,21:13:03:840,48.78,89.82
19.08,6.98,21:13:03:974,44.98,81.95
18.50,9.52,21:13:04:099,43.20,81.03
18.63,18.68,21:13:04:224,30.51,74.34
20.11,18.28,21:13:04:363,15.01,64.65
19.82,12.35,21:13:04:494,2.88,67.71
15.97,6.60,21:13:04:622,-10.03,71.96
13.21,5.07,21:13:04:764,-15.21,74.27
13.31,9.65,21:13:04:894,-16.16,73.45
14.09,8.55,21:13:05:027,-15.03,71.48
14.11,7.71,21:13:05:154,-14.77,71.27
13.97,6.95,21:13:05:288,-14.61,71.01
15.21,-1.43,21:13:05:425,-9.74,61.89
15.39,3.25,21:13:05:560,-8.95,60.80
15.19,3.41,21:13:05:686,-8.21,62.74
14.80,4.55,21:13:05:805,-8.82,63.77
14.76,4.96,21:13:05:932,-8.50,62.80
14.61,5.65,21:13:06:058,-10.25,68.42
14.53,5.51,21:13:06:197,-14.29,67.39
14.48,5.67,21:13:06:328,-13.84,68.63
14.47,4.79,21:13:06:473,-13.89,68.56
14.43,4.95,21:13:06:605,-10.28,65.29
14.42,3.42,21:13:06:730,-14.15,68.32
14.44,5.22,21:13:06:854,-9.14,64.25
14.42,6.25,21:13:06:977,-9.67,68.70
14.52,5.18,21:13:07:104,-10.28,67.09
14.70,4.25,21:13:07:226,-9.23,65.06
14.55,4.65,21:13:07:354,-9.47,64.74
14.37,6.15,21:13:07:480,-12.84,65.89
11.73,7.68,21:13:07:622,-20.29,71.32
10.12,-10.08,21:13:07:758,-35.84,81.06
25.02,11.36,21:13:07:889,-35.86,64.50
28.20,7.20,21:13:08:019,-47.94,62.90
31.28,3.76,21:13:08:161,-59.98,57.98
32.79,-1.21,21:13:08:291,-67.67,55.40
33.84,-5.20,21:13:08:419,-69.41,51.60
33.62,-5.88,21:13:08:556,-69.14,51.90
33.32,-5.10,21:13:08:700,-68.71,52.40
33.07,-3.64,21:13:08:829,-65.66,54.86
30.72,-0.51,21:13:08:967,-59.32,59.24
26.66,1.44,21:13:09:093,-49.31,65.33
23.13,7.89,21:13:09:224,-33.84,66.39
11.83,-2.06,21:13:09:352,-28.79,80.73
13.28,2.43,21:13:09:478,-18.07,75.26
16.73,8.93,21:13:09:599,0.99,72.50
19.27,13.88,21:13:09:725,17.38,69.82
19.61,19.92,21:13:09:858,26.40,64.84
18.91,24.87,21:13:09:987,32.15,62.87
17.88,22.58,21:13:10:120,43.18,79.29
14.84,7.47,21:13:10:254,38.88,88.69
17.07,13.27,21:13:10:385,46.15,77.41
17.35,12.47,21:13:10:519,49.52,77.90
16.67,14.62,21:13:10:644,48.84,77.27
17.67,9.31,21:13:10:773,47.89,78.94
18.21,7.64,21:13:10:903,47.66,79.08
16.39,16.17,21:13:11:044,47.14,77.10
16.88,13.98,21:13:11:187,42.53,75.43
17.42,20.34,21:13:11:328,34.26,73.37
19.07,17.48,21:13:11:457,16.17,63.01
19.20,5.99,21:13:11:587,-0.72,62.03
15.82,6.32,21:13:11:722,-14.92,70.16
11.33,-2.86,21:13:11:854,-30.01,75.51
10.95,-20.46,21:13:11:990,-38.11,82.34
13.25,-24.70,21:13:12:128,-42.75,82.15
15.32,-35.62,21:13:12:260,-46.11,85.19
15.60,-34.08,21:13:12:392,-49.65,83.50
15.72,-32.08,21:13:12:523,-51.76,81.73
15.51,-26.78,21:13:12:652,-53.03,79.78
16.23,-40.13,21:13:12:782,-52.29,83.18
15.81,-35.37,21:13:12:910,-51.93,82.21
15.67,-28.96,21:13:13:036,-50.98,81.22
14.98,-21.02,21:13:13:160,-47.03,79.95
15.03,-45.16,21:13:13:293,-39.58,88.69
11.19,-23.43,21:13:13:421,-31.33,84.43
17.70,23.22,21:13:13:561,-16.67,66.89
17.87,4.12,21:13:13:691,-3.46,69.02
20.40,7.53,21:13:13:820,10.35,66.97
20.63,13.30,21:13:13:950,19.24,66.43
20.32,20.29,21:13:14:077,27.67,65.39
19.20,24.73,21:13:14:205,32.63,62.92
18.53,25.55,21:13:14:335,39.45,69.30
16.70,15.56,21:13:14:468,38.66,76.18
15.77,23.26,21:13:14:611,42.99,75.19
15.60,-19.49,21:13:14:742,33.33,92.10
16.86,-27.94,21:13:14:867,31.81,97.00
16.98,14.32,21:13:14:999,44.24,75.80
16.62,17.10,21:13:15:132,43.95,75.25
16.15,21.56,21:13:15:270,36.62,69.46
16.94,21.44,21:13:15:410,26.22,65.02
18.50,14.17,21:13:15:529,11.82,63.73
18.61,11.23,21:13:15:658,2.21,60.80
15.69,6.68,21:13:15:808,-9.62,68.70
10.12,-12.12,21:13:15:941,-25.84,78.51
15.97,2.10,21:13:16:091,-27.41,70.79
20.07,8.98,21:13:16:227,-30.65,65.56
20.91,8.18,21:13:16:353,-33.56,64.10
21.07,7.36,21:13:16:484,-35.12,63.74
21.87,6.91,21:13:16:623,-36.10,63.32
22.33,6.52,21:13:16:756,-36.84,62.73
22.26,6.52,21:13:16:887,-37.82,62.42
22.22,5.06,21:13:17:032,-38.74,62.94
22.14,3.94,21:13:17:187,-39.17,63.36
22.20,3.72,21:13:17:335,-38.88,64.16
22.22,3.07,21:13:17:463,-38.75,64.25
22.33,4.84,21:13:17:600,-36.18,64.11
20.59,5.75,21:13:17:736,-30.18,64.69
11.27,-7.00,21:13:17:868,-30.13,77.63
10.99,3.68,21:13:18:010,-22.27,76.88
14.07,8.07,21:13:18:155,-8.76,64.44
17.32,10.66,21:13:18:284,3.07,67.37
18.31,12.61,21:13:18:417,11.77,65.36
18.38,12.19,21:13:18:552,12.65,65.43
18.34,12.26,21:13:18:683,12.16,65.67
18.53,12.64,21:13:18:818,11.98,65.67
18.06,11.78,21:13:18:944,7.82,58.23
15.38,5.14,21:13:19:093,6.34,50.21
14.28,2.70,21:13:19:225,8.88,38.87
13.50,1.18,21:13:19:365,666.00,29.89
11.69,-2.60,21:13:19:502,666.00,20.24
11.27,-10.09,21:13:19:647,666.00,13.27
12.11,-20.06,21:13:19:794,666.00,11.24
11.32,-21.59,21:13:19:964,666.00,12.59
11.32,-22.24,21:13:20:114,666.00,13.14
12.06,-24.27,21:13:20:242,666.00,13.77
12.34,-25.35,21:13:20:375,666.00,14.22
12.43,-26.13,21:13:20:506,666.00,14.59
12.70,-27.93,21:13:20:637,666.00,15.06
12.12,-27.26,21:13:20:758,666.00,14.32
11.87,-28.17,21:13:20:886,666.00,13.90
11.53,-27.06,21:13:21:009,666.00,14.18
12.34,-28.63,21:13:21:130,666.00,15.50
12.00,-27.18,21:13:21:248,666.00,15.47
12.16,-25.50,21:13:21:369,666.00,15.56
11.54,-23.40,21:13:21:484,666.00,14.74
11.47,-22.88,21:13:21:617,666.00,14.63
