7.29,44.32,666.00,12.55,06-04-23-07-40-58-225
7.27,44.40,666.00,12.50,06-04-23-07-40-58-258
7.24,44.39,666.00,12.43,06-04-23-07-40-58-289
7.18,44.09,666.00,12.41,06-04-23-07-40-58-324
7.11,43.54,666.00,12.42,06-04-23-07-40-58-359
7.01,43.06,666.00,12.43,06-04-23-07-40-58-388
6.89,42.33,666.00,12.51,06-04-23-07-40-58-421
6.77,41.71,666.00,12.69,06-04-23-07-40-58-454
6.68,42.30,666.00,12.81,06-04-23-07-40-58-492
6.63,43.09,666.00,12.96,06-04-23-07-40-58-522
6.64,43.92,666.00,13.13,06-04-23-07-40-58-558
6.79,45.65,666.00,13.31,06-04-23-07-40-58-589
7.19,49.20,666.00,13.48,06-04-23-07-40-58-624
7.88,54.31,666.00,14.51,06-04-23-07-40-58-656
9.02,60.65,666.00,17.85,06-04-23-07-40-58-685
10.68,66.15,666.00,19.56,06-04-23-07-40-58-722
13.46,70.96,666.00,24.30,06-04-23-07-40-58-755
16.70,74.40,666.00,27.35,06-04-23-07-40-58-789
23.07,76.74,666.00,27.08,06-04-23-07-40-58-825
33.36,76.74,666.00,21.64,06-04-23-07-40-58-854
38.77,76.54,666.00,24.27,06-04-23-07-40-58-889
46.00,77.03,666.00,23.85,06-04-23-07-40-58-921
57.08,78.69,666.00,17.56,06-04-23-07-40-58-952
64.95,80.16,666.00,14.39,06-04-23-07-40-58-986
73.76,81.64,666.00,11.72,06-04-23-07-40-59-019
76.45,81.91,666.00,13.09,06-04-23-07-40-59-055
77.95,81.77,666.00,15.49,06-04-23-07-40-59-085
81.03,82.03,666.00,16.57,06-04-23-07-40-59-121
86.47,82.55,666.00,16.23,06-04-23-07-40-59-154
89.27,81.64,666.00,15.44,06-04-23-07-40-59-186
91.01,80.51,666.00,15.88,06-04-23-07-40-59-224
91.06,79.54,666.00,19.98,06-04-23-07-40-59-253
98.75,78.71,666.00,17.95,06-04-23-07-40-59-288
103.25,77.77,666.00,21.88,06-04-23-07-40-59-324
109.88,77.31,666.00,17.34,06-04-23-07-40-59-352
115.20,76.56,666.00,15.61,06-04-23-07-40-59-387
124.14,75.48,666.00,10.92,06-04-23-07-40-59-429
130.38,75.56,666.00,11.39,06-04-23-07-40-59-454
133.09,75.01,666.00,10.67,06-04-23-07-40-59-488
135.61,74.10,666.00,9.87,06-04-23-07-40-59-524
138.63,72.64,666.00,10.97,06-04-23-07-40-59-556
142.70,70.17,666.00,12.44,06-04-23-07-40-59-589
146.19,67.37,666.00,14.58,06-04-23-07-40-59-625
149.11,64.69,666.00,15.37,06-04-23-07-40-59-655
151.67,62.14,666.00,16.05,06-04-23-07-40-59-686
155.29,53.96,666.00,21.10,06-04-23-07-40-59-722
156.58,49.46,666.00,22.22,06-04-23-07-40-59-758
157.45,46.49,666.00,22.82,06-04-23-07-40-59-791
159.80,40.39,666.00,22.79,06-04-23-07-40-59-823
160.95,36.97,666.00,21.19,06-04-23-07-40-59-856
161.71,34.57,666.00,19.73,06-04-23-07-40-59-889
162.15,32.99,666.00,18.35,06-04-23-07-40-59-921
162.49,31.75,666.00,16.67,06-04-23-07-40-59-956
162.69,30.05,666.00,15.88,06-04-23-07-40-59-988
162.60,29.55,666.00,14.76,06-04-23-07-41-00-025
162.56,28.77,666.00,14.18,06-04-23-07-41-00-057
162.47,28.23,666.00,13.90,06-04-23-07-41-00-087
162.41,27.60,666.00,13.88,06-04-23-07-41-00-122
162.27,26.86,666.00,14.11,06-04-23-07-41-00-157
162.07,26.56,666.00,14.34,06-04-23-07-41-00-189
161.95,26.42,666.00,14.49,06-04-23-07-41-00-222
161.87,26.32,666.00,14.57,06-04-23-07-41-00-256
161.80,26.33,666.00,14.67,06-04-23-07-41-00-286
161.64,26.44,666.00,15.32,06-04-23-07-41-00-324
161.32,27.42,666.00,17.03,06-04-23-07-41-00-354
160.83,30.12,666.00,18.26,06-04-23-07-41-00-388
160.11,34.55,666.00,19.87,06-04-23-07-41-00-424
159.00,40.26,666.00,19.39,06-04-23-07-41-00-458
157.43,46.87,666.00,19.16,06-04-23-07-41-00-491
155.69,52.28,666.00,19.30,06-04-23-07-41-00-522
154.37,55.84,666.00,18.33,06-04-23-07-41-00-558
152.96,59.41,666.00,18.87,06-04-23-07-41-00-587
151.22,62.91,666.00,17.88,06-04-23-07-41-00-623
149.13,66.24,666.00,18.00,06-04-23-07-41-00-658
146.47,69.39,666.00,15.72,06-04-23-07-41-00-686
143.66,71.68,666.00,15.39,06-04-23-07-41-00-729
140.87,73.12,666.00,16.77,06-04-23-07-41-00-754
136.36,74.65,666.00,14.07,06-04-23-07-41-00-788
133.62,74.89,666.00,15.14,06-04-23-07-41-00-822
130.49,74.61,666.00,17.00,06-04-23-07-41-00-857
127.07,74.03,666.00,17.62,06-04-23-07-41-00-888
121.29,72.41,666.00,16.82,06-04-23-07-41-00-923
116.54,70.74,666.00,18.63,06-04-23-07-41-00-955
110.36,68.93,666.00,18.92,06-04-23-07-41-00-987
106.19,68.02,666.00,19.24,06-04-23-07-41-01-027
100.06,66.96,666.00,20.69,06-04-23-07-41-01-056
80.73,63.13,-48.48,34.89,06-04-23-07-41-01-095
74.56,60.62,-40.71,43.74,06-04-23-07-41-01-134
62.24,57.70,-25.62,58.07,06-04-23-07-41-01-159
55.48,57.45,-26.51,55.02,06-04-23-07-41-01-191
67.15,61.26,-62.45,31.75,06-04-23-07-41-01-222
61.95,62.41,666.00,29.31,06-04-23-07-41-01-255
58.83,62.95,666.00,23.89,06-04-23-07-41-01-289
53.97,63.23,666.00,20.48,06-04-23-07-41-01-320
49.54,66.49,666.00,15.42,06-04-23-07-41-01-354
41.70,67.51,666.00,14.96,06-04-23-07-41-01-388
38.98,68.65,666.00,10.94,06-04-23-07-41-01-424
28.98,65.16,666.00,18.85,06-04-23-07-41-01-451
24.24,62.49,666.00,19.96,06-04-23-07-41-01-490
20.38,59.55,666.00,22.88,06-04-23-07-41-01-524
18.24,57.75,666.00,18.39,06-04-23-07-41-01-553
16.88,56.55,666.00,15.05,06-04-23-07-41-01-590
15.85,54.94,666.00,7.95,06-04-23-07-41-01-629
14.72,52.42,666.00,6.24,06-04-23-07-41-01-655
13.23,48.10,666.00,5.66,06-04-23-07-41-01-688
11.53,40.30,666.00,7.11,06-04-23-07-41-01-721
10.19,29.65,666.00,9.21,06-04-23-07-41-01-756
9.39,18.98,666.00,8.25,06-04-23-07-41-01-790
8.85,6.06,666.00,8.33,06-04-23-07-41-01-827
8.77,-5.81,666.00,9.07,06-04-23-07-41-01-856
8.92,-13.98,666.00,9.78,06-04-23-07-41-01-890
9.11,-19.33,666.00,10.03,06-04-23-07-41-01-924
9.31,-23.15,666.00,10.22,06-04-23-07-41-01-955
9.47,-25.61,666.00,10.36,06-04-23-07-41-01-987
9.57,-27.07,666.00,10.42,06-04-23-07-41-02-029
9.64,-28.17,666.00,10.56,06-04-23-07-41-02-058
9.68,-28.73,666.00,10.67,06-04-23-07-41-02-089
9.69,-28.97,666.00,10.81,06-04-23-07-41-02-122
9.69,-29.01,666.00,11.05,06-04-23-07-41-02-155
9.65,-28.81,666.00,11.51,06-04-23-07-41-02-186
9.51,-27.99,666.00,12.34,06-04-23-07-41-02-228
9.26,-26.21,666.00,13.45,06-04-23-07-41-02-255
8.86,-22.75,666.00,14.91,06-04-23-07-41-02-288
8.22,-15.19,666.00,16.69,06-04-23-07-41-02-324
7.70,-0.93,666.00,17.94,06-04-23-07-41-02-355
7.82,15.85,666.00,18.58,06-04-23-07-41-02-391
9.02,35.10,666.00,18.44,06-04-23-07-41-02-427
11.25,49.25,666.00,18.49,06-04-23-07-41-02-456
14.35,59.42,666.00,21.81,06-04-23-07-41-02-489
17.83,66.34,666.00,24.42,06-04-23-07-41-02-523
24.01,72.68,666.00,22.67,06-04-23-07-41-02-555
29.40,75.35,666.00,22.34,06-04-23-07-41-02-586
40.21,78.38,666.00,14.36,06-04-23-07-41-02-626
46.68,78.52,666.00,14.87,06-04-23-07-41-02-652
59.00,79.30,666.00,8.33,06-04-23-07-41-02-690
65.38,78.14,666.00,10.78,06-04-23-07-41-02-723
75.70,75.89,666.00,20.05,06-04-23-07-41-02-756
73.32,81.10,666.00,12.35,06-04-23-07-41-02-786
83.32,84.92,666.00,1.29,06-04-23-07-41-02-820
87.16,86.90,666.00,7.41,06-04-23-07-41-02-859
92.28,88.61,666.00,7.78,06-04-23-07-41-02-888
94.93,89.28,666.00,9.35,06-04-23-07-41-02-925
96.56,89.56,666.00,17.37,06-04-23-07-41-02-955
102.99,81.90,666.00,2.92,06-04-23-07-41-02-988
108.62,79.66,666.00,9.22,06-04-23-07-41-03-022
113.52,78.00,666.00,12.98,06-04-23-07-41-03-055
122.58,74.66,666.00,15.63,06-04-23-07-41-03-092
129.40,73.69,666.00,17.74,06-04-23-07-41-03-120
132.69,72.54,666.00,16.44,06-04-23-07-41-03-156
135.04,70.44,666.00,16.35,06-04-23-07-41-03-191
138.01,68.56,666.00,14.41,06-04-23-07-41-03-220
141.84,65.65,666.00,14.63,06-04-23-07-41-03-256
145.94,61.95,666.00,16.12,06-04-23-07-41-03-289
149.00,58.41,666.00,15.05,06-04-23-07-41-03-323
152.21,53.79,666.00,16.88,06-04-23-07-41-03-360
154.14,49.55,666.00,16.52,06-04-23-07-41-03-390
155.61,45.86,666.00,16.50,06-04-23-07-41-03-425
158.32,33.51,666.00,23.31,06-04-23-07-41-03-456
159.66,26.50,666.00,24.30,06-04-23-07-41-03-487
160.33,21.95,666.00,23.25,06-04-23-07-41-03-523
160.81,17.66,666.00,21.92,06-04-23-07-41-03-553
161.04,14.43,666.00,21.21,06-04-23-07-41-03-588
161.10,12.36,666.00,19.94,06-04-23-07-41-03-622
161.04,11.12,666.00,19.15,06-04-23-07-41-03-657
160.98,9.73,666.00,18.15,06-04-23-07-41-03-686
160.88,8.80,666.00,17.19,06-04-23-07-41-03-725
160.72,7.85,666.00,16.62,06-04-23-07-41-03-756
160.56,7.05,666.00,16.23,06-04-23-07-41-03-790
160.40,6.48,666.00,16.02,06-04-23-07-41-03-823
160.28,6.30,666.00,15.96,06-04-23-07-41-03-854
160.19,6.24,666.00,15.92,06-04-23-07-41-03-889
160.13,6.32,666.00,15.95,06-04-23-07-41-03-923
160.08,6.53,666.00,16.33,06-04-23-07-41-03-955
160.04,7.24,666.00,17.85,06-04-23-07-41-03-988
160.04,9.48,666.00,19.68,06-04-23-07-41-04-023
160.02,15.00,666.00,21.14,06-04-23-07-41-04-056
159.73,24.55,666.00,21.05,06-04-23-07-41-04-087
158.91,35.07,666.00,19.14,06-04-23-07-41-04-121
157.82,42.62,666.00,18.11,06-04-23-07-41-04-159
155.83,51.57,666.00,16.16,06-04-23-07-41-04-191
153.88,57.28,666.00,15.50,06-04-23-07-41-04-221
151.73,61.67,666.00,16.31,06-04-23-07-41-04-258
149.71,64.64,666.00,16.41,06-04-23-07-41-04-288
147.63,66.82,666.00,17.92,06-04-23-07-41-04-322
145.17,68.92,666.00,16.97,06-04-23-07-41-04-355
143.43,69.87,666.00,17.02,06-04-23-07-41-04-387
140.88,71.04,666.00,18.93,06-04-23-07-41-04-420
138.44,71.71,666.00,18.96,06-04-23-07-41-04-453
135.69,72.37,666.00,18.69,06-04-23-07-41-04-486
132.55,72.80,666.00,19.34,06-04-23-07-41-04-522
129.16,73.14,666.00,19.29,06-04-23-07-41-04-557
124.85,73.65,666.00,18.71,06-04-23-07-41-04-587
121.63,73.92,666.00,19.43,06-04-23-07-41-04-623
116.31,74.22,666.00,17.90,06-04-23-07-41-04-653
109.04,73.22,666.00,14.94,06-04-23-07-41-04-690
104.68,72.97,666.00,13.35,06-04-23-07-41-04-725
101.97,72.90,666.00,13.02,06-04-23-07-41-04-756
100.15,72.88,666.00,12.99,06-04-23-07-41-04-786
98.69,73.04,666.00,11.97,06-04-23-07-41-04-824
96.79,73.29,666.00,18.07,06-04-23-07-41-04-854
94.12,73.30,666.00,21.84,06-04-23-07-41-04-888
90.38,72.71,666.00,28.06,06-04-23-07-41-04-926
79.13,70.35,666.00,21.08,06-04-23-07-41-04-955
66.28,67.00,666.00,18.55,06-04-23-07-41-04-989
58.64,66.03,666.00,20.69,06-04-23-07-41-05-025
53.01,63.72,666.00,22.84,06-04-23-07-41-05-054
49.79,63.35,666.00,21.57,06-04-23-07-41-05-088
46.56,63.24,666.00,20.03,06-04-23-07-41-05-121
37.14,63.25,666.00,19.15,06-04-23-07-41-05-153
31.64,63.95,666.00,19.28,06-04-23-07-41-05-187
27.45,63.58,666.00,20.34,06-04-23-07-41-05-221
24.69,63.37,666.00,18.52,06-04-23-07-41-05-257
22.63,63.02,666.00,16.00,06-04-23-07-41-05-290
20.51,61.93,666.00,13.91,06-04-23-07-41-05-322
18.72,60.28,666.00,12.24,06-04-23-07-41-05-358
17.33,58.55,666.00,9.11,06-04-23-07-41-05-389
16.02,55.92,666.00,7.12,06-04-23-07-41-05-422
14.56,51.67,666.00,6.63,06-04-23-07-41-05-452
12.98,44.28,666.00,7.83,06-04-23-07-41-05-491
11.71,36.07,666.00,9.48,06-04-23-07-41-05-523
10.73,26.65,666.00,10.79,06-04-23-07-41-05-556
10.21,18.89,666.00,11.28,06-04-23-07-41-05-589
9.93,12.99,666.00,11.39,06-04-23-07-41-05-623
9.76,8.44,666.00,11.52,06-04-23-07-41-05-657
9.64,4.85,666.00,11.73,06-04-23-07-41-05-688
9.55,2.29,666.00,11.82,06-04-23-07-41-05-723
9.48,0.63,666.00,11.86,06-04-23-07-41-05-757
9.41,-0.42,666.00,11.87,06-04-23-07-41-05-787
9.34,-0.98,666.00,11.92,06-04-23-07-41-05-822
9.26,-0.75,666.00,12.76,06-04-23-07-41-05-853
9.15,1.36,666.00,14.84,06-04-23-07-41-05-888
9.07,7.65,666.00,18.54,06-04-23-07-41-05-923
9.36,20.40,666.00,21.69,06-04-23-07-41-05-957
10.87,38.88,666.00,23.39,06-04-23-07-41-05-986
13.38,51.51,666.00,25.22,06-04-23-07-41-06-026
17.30,60.61,666.00,27.02,06-04-23-07-41-06-057
22.83,66.26,666.00,26.15,06-04-23-07-41-06-085
28.17,69.34,666.00,27.65,06-04-23-07-41-06-125
40.37,72.92,666.00,18.06,06-04-23-07-41-06-153
46.68,73.62,666.00,20.72,06-04-23-07-41-06-195
59.83,76.66,666.00,10.53,06-04-23-07-41-06-221
67.67,77.83,666.00,11.00,06-04-23-07-41-06-256
73.55,78.55,666.00,12.67,06-04-23-07-41-06-291
79.70,79.03,666.00,13.21,06-04-23-07-41-06-323
82.22,79.03,666.00,17.23,06-04-23-07-41-06-355
89.25,80.84,666.00,11.03,06-04-23-07-41-06-386
93.01,81.82,666.00,11.82,06-04-23-07-41-06-424
94.70,81.40,666.00,12.15,06-04-23-07-41-06-457
95.67,80.70,666.00,19.17,06-04-23-07-41-06-489
104.02,78.68,666.00,16.27,06-04-23-07-41-06-519
112.65,78.32,666.00,12.76,06-04-23-07-41-06-557
120.43,77.40,666.00,11.94,06-04-23-07-41-06-587
124.57,74.43,666.00,13.48,06-04-23-07-41-06-622
128.47,72.52,666.00,14.42,06-04-23-07-41-06-659
131.37,70.98,666.00,14.61,06-04-23-07-41-06-689
134.11,69.44,666.00,14.95,06-04-23-07-41-06-723
137.66,67.21,666.00,16.37,06-04-23-07-41-06-757
140.69,64.85,666.00,17.98,06-04-23-07-41-06-790
146.08,60.40,666.00,20.23,06-04-23-07-41-06-824
149.03,57.27,666.00,21.38,06-04-23-07-41-06-859
151.76,54.13,666.00,21.94,06-04-23-07-41-06-891
154.49,50.50,666.00,21.19,06-04-23-07-41-06-924
156.93,47.13,666.00,20.89,06-04-23-07-41-06-955
158.99,44.03,666.00,19.70,06-04-23-07-41-06-988
161.14,40.04,666.00,19.44,06-04-23-07-41-07-022
162.75,36.63,666.00,18.68,06-04-23-07-41-07-057
164.21,32.37,666.00,18.17,06-04-23-07-41-07-090
165.35,27.91,666.00,17.38,06-04-23-07-41-07-121
166.32,22.68,666.00,16.58,06-04-23-07-41-07-156
166.45,22.89,666.00,15.47,06-04-23-07-41-07-189
166.50,21.74,666.00,14.70,06-04-23-07-41-07-221
166.58,18.86,666.00,14.43,06-04-23-07-41-07-261
166.60,15.87,666.00,13.54,06-04-23-07-41-07-288
166.51,12.39,666.00,13.04,06-04-23-07-41-07-322
166.36,9.51,666.00,12.59,06-04-23-07-41-07-354
166.18,6.94,666.00,12.34,06-04-23-07-41-07-386
165.94,4.79,666.00,12.14,06-04-23-07-41-07-423
165.62,2.88,666.00,12.14,06-04-23-07-41-07-455
165.22,1.17,666.00,12.26,06-04-23-07-41-07-487
164.84,-0.07,666.00,12.42,06-04-23-07-41-07-525
164.52,-0.90,666.00,12.59,06-04-23-07-41-07-554
164.24,-1.48,666.00,12.58,06-04-23-07-41-07-589
163.99,-1.89,666.00,12.67,06-04-23-07-41-07-622
163.80,-2.05,666.00,12.77,06-04-23-07-41-07-654
163.71,-1.44,666.00,13.12,06-04-23-07-41-07-686
163.81,0.98,666.00,13.48,06-04-23-07-41-07-720
164.28,7.04,666.00,14.07,06-04-23-07-41-07-757
164.78,17.56,666.00,15.01,06-04-23-07-41-07-787
164.73,30.94,666.00,15.37,06-04-23-07-41-07-827
164.10,41.80,666.00,17.21,06-04-23-07-41-07-857
163.02,51.08,666.00,17.24,06-04-23-07-41-07-887
161.11,59.94,666.00,16.34,06-04-23-07-41-07-924
158.60,66.65,666.00,17.88,06-04-23-07-41-07-956
156.04,71.42,666.00,18.56,06-04-23-07-41-07-987
152.54,75.95,666.00,18.13,06-04-23-07-41-08-024
148.80,78.99,666.00,18.89,06-04-23-07-41-08-057
143.06,81.71,666.00,15.28,06-04-23-07-41-08-088
137.95,83.25,666.00,14.80,06-04-23-07-41-08-124
132.98,84.27,666.00,13.89,06-04-23-07-41-08-152
129.05,84.54,666.00,14.44,06-04-23-07-41-08-185
125.46,83.62,666.00,14.81,06-04-23-07-41-08-225
121.24,82.81,666.00,13.76,06-04-23-07-41-08-256
118.75,81.90,666.00,17.27,06-04-23-07-41-08-289
113.08,80.99,666.00,15.87,06-04-23-07-41-08-327
108.78,79.81,666.00,16.47,06-04-23-07-41-08-355
100.24,76.66,666.00,15.80,06-04-23-07-41-08-387
96.38,75.00,666.00,17.37,06-04-23-07-41-08-422
82.30,70.63,-42.13,30.65,06-04-23-07-41-08-457
77.03,68.60,-35.98,36.41,06-04-23-07-41-08-488
67.90,63.91,-27.96,48.06,06-04-23-07-41-08-523
81.10,64.98,666.00,26.00,06-04-23-07-41-08-556
81.27,64.69,666.00,25.71,06-04-23-07-41-08-586
80.45,64.41,666.00,29.08,06-04-23-07-41-08-622
73.08,58.79,-103.52,34.02,06-04-23-07-41-08-654
64.79,58.26,-92.85,31.96,06-04-23-07-41-08-689
56.61,60.01,666.00,29.35,06-04-23-07-41-08-722
47.49,62.16,666.00,25.74,06-04-23-07-41-08-755
43.10,63.81,666.00,22.55,06-04-23-07-41-08-786
31.57,63.91,666.00,24.23,06-04-23-07-41-08-818
26.56,64.54,666.00,23.40,06-04-23-07-41-08-856
22.81,64.37,666.00,23.06,06-04-23-07-41-08-888
20.88,64.64,666.00,19.03,06-04-23-07-41-08-922
19.15,63.69,666.00,14.95,06-04-23-07-41-08-953
17.76,61.76,666.00,11.33,06-04-23-07-41-08-989
15.99,56.60,666.00,8.38,06-04-23-07-41-09-022
14.15,49.22,666.00,6.47,06-04-23-07-41-09-053
12.72,40.75,666.00,7.35,06-04-23-07-41-09-086
11.55,30.87,666.00,7.41,06-04-23-07-41-09-123
10.90,22.73,666.00,6.41,06-04-23-07-41-09-154
10.35,13.72,666.00,5.27,06-04-23-07-41-09-190
10.02,4.66,666.00,5.20,06-04-23-07-41-09-220
9.90,-4.22,666.00,6.20,06-04-23-07-41-09-257
9.94,-11.18,666.00,6.71,06-04-23-07-41-09-289
10.05,-16.31,666.00,7.10,06-04-23-07-41-09-323
10.18,-19.87,666.00,7.46,06-04-23-07-41-09-355
10.28,-22.15,666.00,7.70,06-04-23-07-41-09-386
10.35,-23.67,666.00,7.91,06-04-23-07-41-09-424
10.37,-24.56,666.00,8.53,06-04-23-07-41-09-457
10.27,-24.57,666.00,11.39,06-04-23-07-41-09-488
9.75,-20.32,666.00,14.69,06-04-23-07-41-09-520
9.13,-12.40,666.00,20.19,06-04-23-07-41-09-556
8.73,3.01,666.00,22.60,06-04-23-07-41-09-589
9.36,24.31,666.00,22.70,06-04-23-07-41-09-622
11.42,42.97,666.00,25.35,06-04-23-07-41-09-654
14.56,55.83,666.00,26.58,06-04-23-07-41-09-689
18.25,63.86,666.00,28.74,06-04-23-07-41-09-722
27.60,71.85,666.00,21.72,06-04-23-07-41-09-756
38.70,75.58,666.00,13.27,06-04-23-07-41-09-787
45.33,77.30,666.00,13.47,06-04-23-07-41-09-822
56.63,77.61,666.00,8.88,06-04-23-07-41-09-856
63.96,77.65,666.00,9.06,06-04-23-07-41-09-890
73.65,79.29,666.00,9.31,06-04-23-07-41-09-922
78.23,79.96,666.00,7.38,06-04-23-07-41-09-955
82.48,81.08,666.00,7.18,06-04-23-07-41-09-987
85.11,81.59,666.00,8.85,06-04-23-07-41-10-022
86.39,81.79,666.00,9.22,06-04-23-07-41-10-056
87.28,81.84,666.00,9.04,06-04-23-07-41-10-088
88.09,81.75,666.00,19.68,06-04-23-07-41-10-123
98.50,79.73,666.00,15.62,06-04-23-07-41-10-161
108.64,77.56,666.00,14.36,06-04-23-07-41-10-186
120.18,77.09,666.00,9.56,06-04-23-07-41-10-224
125.81,75.91,666.00,9.71,06-04-23-07-41-10-253
131.48,72.52,666.00,11.17,06-04-23-07-41-10-289
136.58,69.11,666.00,14.01,06-04-23-07-41-10-322
139.22,67.01,666.00,14.05,06-04-23-07-41-10-355
142.70,64.01,666.00,14.40,06-04-23-07-41-10-390
147.29,59.88,666.00,15.12,06-04-23-07-41-10-421
151.51,54.89,666.00,16.04,06-04-23-07-41-10-458
154.92,49.61,666.00,15.52,06-04-23-07-41-10-494
157.83,42.36,666.00,17.48,06-04-23-07-41-10-522
159.45,35.99,666.00,17.40,06-04-23-07-41-10-556
160.49,29.69,666.00,16.65,06-04-23-07-41-10-589
161.01,24.37,666.00,16.93,06-04-23-07-41-10-626
161.24,18.16,666.00,17.73,06-04-23-07-41-10-653
161.20,12.56,666.00,18.37,06-04-23-07-41-10-696
161.01,7.69,666.00,18.10,06-04-23-07-41-10-721
160.67,4.17,666.00,18.10,06-04-23-07-41-10-757
160.22,0.92,666.00,17.60,06-04-23-07-41-10-789
159.74,-1.24,666.00,16.64,06-04-23-07-41-10-823
159.10,-4.41,666.00,16.40,06-04-23-07-41-10-855
158.41,-7.39,666.00,16.60,06-04-23-07-41-10-890
157.74,-9.91,666.00,17.06,06-04-23-07-41-10-923
157.20,-11.36,666.00,17.34,06-04-23-07-41-10-955
156.77,-12.20,666.00,17.62,06-04-23-07-41-10-988
156.44,-12.72,666.00,17.79,06-04-23-07-41-11-022
156.18,-12.90,666.00,17.94,06-04-23-07-41-11-054
156.15,-11.53,666.00,17.82,06-04-23-07-41-11-089
156.24,-9.40,666.00,17.52,06-04-23-07-41-11-125
156.28,-7.69,666.00,17.31,06-04-23-07-41-11-152
156.30,-6.32,666.00,17.16,06-04-23-07-41-11-189
156.30,-5.26,666.00,17.07,06-04-23-07-41-11-224
156.30,-4.43,666.00,17.01,06-04-23-07-41-11-253
156.29,-3.82,666.00,17.05,06-04-23-07-41-11-293
156.31,-3.12,666.00,17.55,06-04-23-07-41-11-323
156.41,-2.07,666.00,18.72,06-04-23-07-41-11-356
156.73,0.05,666.00,19.98,06-04-23-07-41-11-388
157.26,3.16,666.00,21.89,06-04-23-07-41-11-425
157.94,8.06,666.00,23.82,06-04-23-07-41-11-460
158.69,14.73,666.00,23.10,06-04-23-07-41-11-496
159.20,23.19,666.00,22.29,06-04-23-07-41-11-519
159.26,31.09,666.00,21.37,06-04-23-07-41-11-557
158.87,39.76,666.00,19.72,06-04-23-07-41-11-591
158.06,47.21,666.00,19.26,06-04-23-07-41-11-622
156.74,54.40,666.00,19.83,06-04-23-07-41-11-656
154.97,59.89,666.00,19.15,06-04-23-07-41-11-688
152.67,64.72,666.00,19.12,06-04-23-07-41-11-724
150.09,67.90,666.00,18.90,06-04-23-07-41-11-756
146.17,71.22,666.00,18.06,06-04-23-07-41-11-786
142.83,73.04,666.00,19.93,06-04-23-07-41-11-825
139.73,74.10,666.00,19.90,06-04-23-07-41-11-856
136.06,75.12,666.00,19.56,06-04-23-07-41-11-890
132.25,75.67,666.00,20.14,06-04-23-07-41-11-926
128.20,75.84,666.00,21.94,06-04-23-07-41-11-955
122.16,76.50,666.00,18.91,06-04-23-07-41-11-990
118.16,76.70,666.00,22.15,06-04-23-07-41-12-021
112.92,77.24,666.00,20.10,06-04-23-07-41-12-052
105.96,77.91,666.00,15.13,06-04-23-07-41-12-090
99.84,76.65,666.00,12.65,06-04-23-07-41-12-123
80.85,74.36,666.00,23.08,06-04-23-07-41-12-156
57.73,84.98,2.25,43.82,06-04-23-07-41-12-187
47.69,93.05,11.19,54.70,06-04-23-07-41-12-223
70.30,89.83,666.00,20.86,06-04-23-07-41-12-256
72.11,89.75,666.00,17.43,06-04-23-07-41-12-286
54.57,94.05,20.69,44.70,06-04-23-07-41-12-321
64.27,78.30,666.00,21.53,06-04-23-07-41-12-352
64.41,72.06,666.00,19.47,06-04-23-07-41-12-386
63.12,68.68,666.00,22.04,06-04-23-07-41-12-420
58.19,67.31,666.00,23.58,06-04-23-07-41-12-456
51.35,67.13,666.00,22.73,06-04-23-07-41-12-493
45.41,67.27,666.00,20.95,06-04-23-07-41-12-522
36.45,66.64,666.00,20.69,06-04-23-07-41-12-555
31.51,65.94,666.00,21.11,06-04-23-07-41-12-587
27.68,64.79,666.00,20.44,06-04-23-07-41-12-624
24.55,63.20,666.00,20.24,06-04-23-07-41-12-658
22.02,61.27,666.00,17.91,06-04-23-07-41-12-686
19.57,58.41,666.00,16.37,06-04-23-07-41-12-723
17.15,54.02,666.00,14.59,06-04-23-07-41-12-758
15.29,49.27,666.00,13.57,06-04-23-07-41-12-789
13.74,43.88,666.00,12.19,06-04-23-07-41-12-823
12.37,37.73,666.00,11.22,06-04-23-07-41-12-858
11.52,32.89,666.00,10.01,06-04-23-07-41-12-887
10.66,26.87,666.00,7.55,06-04-23-07-41-12-920
10.00,20.48,666.00,7.00,06-04-23-07-41-12-955
9.50,12.24,666.00,7.28,06-04-23-07-41-12-991
9.25,2.80,666.00,8.17,06-04-23-07-41-13-021
9.23,-3.76,666.00,8.42,06-04-23-07-41-13-057
9.31,-9.06,666.00,8.75,06-04-23-07-41-13-088
9.42,-12.65,666.00,9.00,06-04-23-07-41-13-123
9.53,-15.34,666.00,9.33,06-04-23-07-41-13-155
9.61,-17.10,666.00,9.55,06-04-23-07-41-13-189
9.66,-18.24,666.00,9.82,06-04-23-07-41-13-224
9.66,-18.77,666.00,10.60,06-04-23-07-41-13-257
9.48,-17.63,666.00,13.74,06-04-23-07-41-13-288
9.02,-12.31,666.00,17.47,06-04-23-07-41-13-323
8.41,2.02,666.00,20.11,06-04-23-07-41-13-353
8.51,20.68,666.00,23.24,06-04-23-07-41-13-387
9.69,37.06,666.00,28.09,06-04-23-07-41-13-422
11.89,49.92,666.00,28.11,06-04-23-07-41-13-454
14.61,58.12,-3.03,31.45,06-04-23-07-41-13-488
19.73,66.29,666.00,27.70,06-04-23-07-41-13-524
23.36,69.37,666.00,29.75,06-04-23-07-41-13-558
27.76,71.01,-7.03,31.16,06-04-23-07-41-13-594
40.50,72.61,666.00,17.59,06-04-23-07-41-13-625
43.95,72.47,666.00,22.45,06-04-23-07-41-13-658
54.74,74.30,666.00,12.59,06-04-23-07-41-13-692
59.28,73.54,666.00,14.96,06-04-23-07-41-13-730
61.48,73.27,666.00,18.36,06-04-23-07-41-13-758
63.38,73.22,666.00,18.85,06-04-23-07-41-13-791
64.54,72.91,666.00,19.38,06-04-23-07-41-13-825
65.87,72.13,666.00,20.43,06-04-23-07-41-13-856
66.67,70.97,666.00,22.25,06-04-23-07-41-13-891
67.04,69.69,666.00,24.56,06-04-23-07-41-13-930
67.47,69.03,666.00,25.70,06-04-23-07-41-13-957
67.78,68.40,666.00,26.55,06-04-23-07-41-13-990
67.95,67.85,666.00,27.15,06-04-23-07-41-14-025
67.99,67.37,666.00,27.67,06-04-23-07-41-14-060
67.78,67.09,666.00,27.45,06-04-23-07-41-14-091
67.33,66.83,666.00,27.41,06-04-23-07-41-14-132
66.24,66.31,666.00,27.42,06-04-23-07-41-14-156
64.27,65.18,666.00,28.58,06-04-23-07-41-14-192
59.40,63.72,-68.15,30.58,06-04-23-07-41-14-222
54.55,61.69,-67.23,32.29,06-04-23-07-41-14-256
48.76,58.76,-63.22,34.55,06-04-23-07-41-14-291
44.69,56.94,-63.40,34.54,06-04-23-07-41-14-328
40.84,55.53,-63.18,33.05,06-04-23-07-41-14-354
37.12,54.89,666.00,29.89,06-04-23-07-41-14-387
25.53,53.28,666.00,29.50,06-04-23-07-41-14-425
20.51,53.22,666.00,25.64,06-04-23-07-41-14-456
17.51,54.27,666.00,19.52,06-04-23-07-41-14-490
15.49,55.18,666.00,13.50,06-04-23-07-41-14-528
13.95,55.65,666.00,7.75,06-04-23-07-41-14-555
12.45,55.20,666.00,5.19,06-04-23-07-41-14-589
10.45,52.01,666.00,3.84,06-04-23-07-41-14-623
8.47,43.58,666.00,3.80,06-04-23-07-41-14-656
