Timestamp,Kinect_LeftShoulder_Ext.-Flex.,Kinect_LeftShoulder_Abd.-Add.,Kinect_LeftShoulder_Int.-Ext.,Kinect_LeftElbow_Ext.-Flex.,Kinect_RightShoulder_Ext.-Flex.,Kinect_RightShoulder_Abd.-Add.,Kinect_RightShoulder_Int.-Ext.,Kinect_RightElbow_Ext.-Flex.,25.16,-25.75,20:23:13:735,666.00,13.36
24.30,-25.26,20:23:14:289,666.00,12.48
24.83,-24.85,20:23:14:494,666.00,13.00
24.71,-26.23,20:23:15:028,666.00,13.38
25.02,-27.10,20:23:15:212,666.00,13.22
24.84,-26.98,20:23:15:370,666.00,12.97
24.45,-26.87,20:23:15:513,666.00,13.06
24.29,-26.66,20:23:15:657,666.00,13.22
24.10,-26.75,20:23:15:781,666.00,13.38
24.03,-26.52,20:23:15:906,666.00,13.38
23.92,-26.22,20:23:16:026,666.00,13.17
24.07,-26.42,20:23:16:147,666.00,13.26
23.88,-25.60,20:23:16:272,666.00,13.23
24.23,-25.40,20:23:16:395,666.00,13.08
24.65,-25.66,20:23:16:519,666.00,12.75
24.61,-25.99,20:23:16:640,666.00,13.23
24.40,-25.57,20:23:16:766,666.00,12.96
24.79,-25.73,20:23:16:896,666.00,13.18
24.59,-25.13,20:23:17:017,666.00,12.94
24.58,-25.23,20:23:17:146,666.00,13.15
24.42,-25.59,20:23:17:269,666.00,13.52
24.17,-25.54,20:23:17:388,666.00,13.59
23.69,-24.72,20:23:17:519,666.00,13.05
23.57,-24.77,20:23:17:639,666.00,13.31
23.86,-25.20,20:23:17:764,666.00,13.56
23.73,-24.98,20:23:17:889,666.00,13.32
24.15,-25.09,20:23:18:029,666.00,13.33
24.27,-25.02,20:23:18:151,666.00,13.34
24.41,-26.10,20:23:18:289,666.00,13.69
24.05,-25.72,20:23:18:416,666.00,13.35
24.32,-25.77,20:23:18:538,666.00,13.61
24.95,-24.20,20:23:18:675,666.00,12.93
28.04,-22.31,20:23:18:832,666.00,14.26
34.12,-17.68,20:23:18:972,666.00,15.41
43.35,-12.78,20:23:19:119,666.00,15.47
51.31,-9.04,20:23:19:255,666.00,17.37
59.94,-7.06,20:23:19:394,666.00,18.02
66.87,-5.75,20:23:19:524,666.00,18.73
74.71,-3.54,20:23:19:652,666.00,16.90
78.20,-2.74,20:23:19:786,666.00,19.44
87.48,-3.42,20:23:19:918,666.00,20.38
94.91,-3.04,20:23:20:063,666.00,17.11
98.06,-1.29,20:23:20:213,666.00,16.51
100.63,0.97,20:23:20:339,666.00,12.19
100.36,1.24,20:23:20:467,666.00,12.74
97.06,-0.07,20:23:20:592,666.00,14.63
89.30,-0.43,20:23:20:714,666.00,13.93
82.53,-1.31,20:23:20:853,666.00,7.83
68.40,-5.64,20:23:20:984,666.00,14.17
61.30,-7.84,20:23:21:123,666.00,13.21
53.52,-11.81,20:23:21:254,666.00,11.70
45.71,-15.76,20:23:21:383,666.00,10.01
38.80,-19.34,20:23:21:513,666.00,10.31
30.51,-23.11,20:23:21:640,666.00,9.65
26.83,-27.51,20:23:21:764,666.00,9.35
25.24,-27.05,20:23:21:893,666.00,10.16
24.66,-24.89,20:23:22:034,666.00,11.86
27.03,-21.79,20:23:22:172,666.00,14.12
32.94,-16.49,20:23:22:313,666.00,12.99
40.16,-14.63,20:23:22:440,666.00,17.41
49.24,-11.10,20:23:22:567,666.00,15.16
59.25,-7.01,20:23:22:702,666.00,16.94
68.42,-4.11,20:23:22:830,666.00,16.03
76.17,-1.69,20:23:22:958,666.00,15.82
83.40,-1.56,20:23:23:098,666.00,22.73
94.69,-0.10,20:23:23:231,666.00,14.18
100.83,-0.22,20:23:23:372,666.00,16.04
104.16,-0.52,20:23:23:518,666.00,13.77
102.49,-0.62,20:23:23:659,666.00,13.50
95.77,-0.31,20:23:23:808,666.00,11.46
81.59,-2.30,20:23:23:935,666.00,14.29
69.34,-6.95,20:23:24:076,666.00,15.62
58.01,-9.61,20:23:24:205,666.00,15.43
50.34,-13.12,20:23:24:333,666.00,11.46
42.40,-16.90,20:23:24:469,666.00,12.63
34.76,-20.23,20:23:24:615,666.00,10.09
27.20,-26.60,20:23:24:756,666.00,10.84
23.90,-26.88,20:23:24:888,666.00,11.25
23.88,-25.77,20:23:25:017,666.00,11.93
24.75,-25.50,20:23:25:170,666.00,12.74
28.01,-20.56,20:23:25:308,666.00,14.52
36.81,-14.71,20:23:25:432,666.00,15.02
48.26,-8.72,20:23:25:564,666.00,16.47
60.47,-4.17,20:23:25:699,666.00,16.08
71.36,-1.79,20:23:25:836,666.00,16.06
79.67,-0.47,20:23:25:966,666.00,20.97
90.02,0.42,20:23:26:094,666.00,16.27
96.89,0.29,20:23:26:222,666.00,16.18
104.71,1.26,20:23:26:354,666.00,10.56
104.74,1.44,20:23:26:484,666.00,10.08
103.87,1.23,20:23:26:610,666.00,8.03
96.99,-0.33,20:23:26:741,666.00,17.77
87.88,-0.25,20:23:26:873,666.00,16.94
78.18,-2.50,20:23:27:007,666.00,12.87
66.80,-5.60,20:23:27:140,666.00,11.79
56.79,-5.85,20:23:27:269,666.00,11.50
48.69,-9.38,20:23:27:395,666.00,11.71
41.50,-11.98,20:23:27:523,666.00,9.08
33.49,-14.17,20:23:27:652,666.00,6.95
29.16,-17.74,20:23:27:784,666.00,8.65
26.46,-18.99,20:23:27:935,666.00,11.12
26.41,-17.54,20:23:28:069,666.00,11.54
26.97,-18.03,20:23:28:201,666.00,11.62
29.76,-16.90,20:23:28:340,666.00,10.71
35.79,-14.10,20:23:28:475,666.00,13.96
43.96,-10.61,20:23:28:602,666.00,15.48
52.90,-5.39,20:23:28:728,666.00,13.63
63.02,-2.14,20:23:28:850,666.00,14.52
71.43,-1.28,20:23:28:975,666.00,13.67
79.19,0.12,20:23:29:129,666.00,19.17
92.32,2.37,20:23:29:299,666.00,17.66
103.37,4.70,20:23:29:450,666.00,9.53
106.16,5.50,20:23:29:588,666.00,7.33
105.05,4.67,20:23:29:724,666.00,9.15
103.28,3.85,20:23:29:854,666.00,9.84
99.12,2.15,20:23:29:988,666.00,15.08
93.63,1.88,20:23:30:119,666.00,7.84
83.41,-1.31,20:23:30:256,666.00,9.28
67.36,-7.47,20:23:30:396,666.00,15.27
58.53,-9.87,20:23:30:523,666.00,11.22
50.56,-13.01,20:23:30:656,666.00,13.22
43.89,-15.03,20:23:30:786,666.00,11.86
36.56,-17.04,20:23:30:920,666.00,7.06
30.58,-19.42,20:23:31:050,666.00,7.62
29.07,-20.85,20:23:31:185,666.00,9.30
28.78,-20.13,20:23:31:329,666.00,10.68
29.89,-19.89,20:23:31:466,666.00,10.95
35.34,-16.80,20:23:31:621,666.00,12.29
44.19,-14.69,20:23:31:763,666.00,13.38
54.30,-12.18,20:23:31:886,666.00,15.84
64.38,-8.18,20:23:32:016,666.00,14.09
72.92,-5.47,20:23:32:155,666.00,15.34
80.19,-4.68,20:23:32:282,666.00,20.21
89.15,-3.01,20:23:32:421,666.00,20.12
102.04,-0.65,20:23:32:553,666.00,9.68
103.13,0.57,20:23:32:685,666.00,10.82
105.03,1.45,20:23:32:815,666.00,7.96
103.38,0.67,20:23:32:938,666.00,11.04
102.42,0.29,20:23:33:069,666.00,10.98
100.12,0.02,20:23:33:194,666.00,12.08
94.24,-1.18,20:23:33:318,666.00,13.48
82.13,-4.23,20:23:33:453,666.00,19.17
74.08,-5.30,20:23:33:584,666.00,15.11
63.87,-6.97,20:23:33:719,666.00,11.41
55.17,-10.12,20:23:33:851,666.00,11.66
47.34,-12.63,20:23:33:985,666.00,11.79
37.91,-13.99,20:23:34:119,666.00,10.81
32.24,-15.09,20:23:34:252,666.00,8.81
29.11,-17.87,20:23:34:385,666.00,11.11
29.54,-17.22,20:23:34:517,666.00,11.57
30.54,-16.45,20:23:34:659,666.00,11.34
31.99,-16.73,20:23:34:806,666.00,10.70
37.73,-16.74,20:23:34:941,666.00,13.51
46.76,-13.71,20:23:35:072,666.00,16.21
58.47,-9.66,20:23:35:208,666.00,12.82
68.22,-7.94,20:23:35:330,666.00,14.88
77.62,-5.14,20:23:35:458,666.00,16.84
90.08,-3.56,20:23:35:586,666.00,14.07
102.66,-0.38,20:23:35:726,666.00,8.33
105.40,-0.09,20:23:35:854,666.00,9.90
105.99,0.81,20:23:35:987,666.00,7.82
105.44,1.19,20:23:36:116,666.00,8.29
101.44,0.30,20:23:36:248,666.00,10.99
95.67,-0.36,20:23:36:388,666.00,13.40
86.28,-2.66,20:23:36:525,666.00,16.54
78.82,-3.63,20:23:36:665,666.00,12.83
69.39,-7.13,20:23:36:804,666.00,15.03
59.95,-9.22,20:23:36:940,666.00,13.20
49.84,-11.88,20:23:37:093,666.00,9.10
42.58,-14.07,20:23:37:225,666.00,8.61
33.89,-15.64,20:23:37:353,666.00,6.23
29.74,-19.51,20:23:37:485,666.00,7.55
29.80,-20.12,20:23:37:610,666.00,8.51
31.44,-18.31,20:23:37:740,666.00,9.03
32.88,-17.13,20:23:37:877,666.00,10.27
37.50,-16.43,20:23:38:027,666.00,11.77
46.41,-13.64,20:23:38:170,666.00,13.09
58.16,-7.97,20:23:38:298,666.00,11.62
71.56,-6.10,20:23:38:430,666.00,13.08
84.95,-3.50,20:23:38:561,666.00,9.95
91.88,-2.98,20:23:38:687,666.00,16.70
102.62,0.12,20:23:38:823,666.00,9.17
106.58,1.74,20:23:38:960,666.00,8.50
107.50,2.57,20:23:39:100,666.00,7.66
107.53,2.41,20:23:39:233,666.00,7.69
107.14,2.12,20:23:39:371,666.00,8.19
106.17,1.53,20:23:39:500,666.00,7.70
101.98,0.23,20:23:39:631,666.00,11.93
95.76,-0.00,20:23:39:759,666.00,13.86
89.14,-0.85,20:23:39:893,666.00,9.22
76.77,-5.24,20:23:40:044,666.00,12.28
65.34,-8.16,20:23:40:167,666.00,10.93
55.59,-11.07,20:23:40:299,666.00,12.75
48.78,-14.68,20:23:40:431,666.00,10.44
41.16,-16.08,20:23:40:569,666.00,8.90
33.70,-17.70,20:23:40:705,666.00,7.77
31.10,-19.85,20:23:40:840,666.00,9.84
30.17,-19.24,20:23:40:978,666.00,10.43
31.76,-17.89,20:23:41:110,666.00,10.72
38.87,-11.60,20:23:41:255,666.00,14.93
48.83,-6.26,20:23:41:383,666.00,14.13
58.73,-2.30,20:23:41:520,666.00,14.25
69.82,-0.36,20:23:41:661,666.00,14.09
76.91,1.70,20:23:41:790,666.00,18.12
85.09,2.66,20:23:41:919,666.00,19.89
94.57,3.93,20:23:42:051,666.00,13.51
98.05,4.21,20:23:42:185,666.00,13.77
99.09,4.37,20:23:42:313,666.00,13.21
98.95,4.59,20:23:42:452,666.00,12.99
98.46,4.86,20:23:42:586,666.00,12.53
95.82,3.16,20:23:42:722,666.00,16.06
89.55,3.54,20:23:42:853,666.00,12.76
78.27,1.72,20:23:42:993,666.00,10.61
67.57,-1.61,20:23:43:121,666.00,12.06
58.48,-3.46,20:23:43:254,666.00,9.44
49.86,-6.67,20:23:43:386,666.00,9.74
40.97,-11.73,20:23:43:529,666.00,8.30
32.80,-17.19,20:23:43:661,666.00,7.68
28.80,-21.16,20:23:43:805,666.00,9.22
28.70,-21.01,20:23:43:939,666.00,10.11
28.71,-20.38,20:23:44:076,666.00,10.86
30.27,-18.79,20:23:44:219,666.00,10.34
39.63,-13.24,20:23:44:355,666.00,16.99
51.39,-9.07,20:23:44:490,666.00,13.81
63.74,-5.27,20:23:44:619,666.00,12.94
74.07,-2.36,20:23:44:753,666.00,13.98
83.48,-3.58,20:23:44:889,666.00,19.76
94.13,-2.02,20:23:45:026,666.00,11.23
95.74,-2.50,20:23:45:156,666.00,12.27
95.30,-2.13,20:23:45:288,666.00,12.26
94.96,-2.16,20:23:45:419,666.00,13.10
94.58,-1.99,20:23:45:550,666.00,13.21
93.20,-2.21,20:23:45:688,666.00,14.30
91.19,-2.11,20:23:45:821,666.00,11.59
85.32,-3.53,20:23:45:956,666.00,11.43
79.85,-4.01,20:23:46:090,666.00,5.99
67.87,-6.38,20:23:46:227,666.00,10.77
56.25,-8.81,20:23:46:351,666.00,11.23
47.38,-14.39,20:23:46:484,666.00,11.22
41.12,-16.60,20:23:46:610,666.00,7.31
33.68,-21.68,20:23:46:741,666.00,9.05
30.52,-26.32,20:23:46:866,666.00,10.92
28.92,-26.41,20:23:47:005,666.00,11.26
27.96,-24.88,20:23:47:143,666.00,11.96
29.87,-22.31,20:23:47:283,666.00,12.69
35.17,-18.94,20:23:47:403,666.00,14.77
45.58,-13.61,20:23:47:536,666.00,14.43
59.78,-7.40,20:23:47:671,666.00,14.78
71.36,-4.80,20:23:47:807,666.00,16.36
79.79,-2.04,20:23:47:950,666.00,19.06
92.74,-1.25,20:23:48:096,666.00,15.89
100.60,-0.50,20:23:48:261,666.00,12.08
100.45,0.69,20:23:48:424,666.00,11.19
100.14,1.06,20:23:48:551,666.00,11.31
98.44,0.53,20:23:48:684,666.00,12.85
96.56,-0.48,20:23:48:803,666.00,13.95
92.33,-0.20,20:23:48:935,666.00,13.22
84.26,-1.37,20:23:49:060,666.00,12.72
74.42,-3.99,20:23:49:193,666.00,13.48
63.62,-6.37,20:23:49:327,666.00,11.61
53.43,-9.74,20:23:49:462,666.00,11.76
43.57,-12.78,20:23:49:596,666.00,10.61
35.74,-16.82,20:23:49:726,666.00,9.31
29.35,-21.70,20:23:49:852,666.00,10.46
26.86,-23.56,20:23:49:977,666.00,10.64
26.28,-23.97,20:23:50:103,666.00,10.98
26.72,-23.57,20:23:50:233,666.00,12.08
29.01,-21.13,20:23:50:379,666.00,13.54
37.89,-13.13,20:23:50:531,666.00,13.91
49.07,-9.04,20:23:50:671,666.00,13.43
62.20,-5.81,20:23:50:808,666.00,11.82
72.15,-3.85,20:23:50:946,666.00,15.44
80.89,-2.76,20:23:51:076,666.00,16.51
89.21,-0.06,20:23:51:205,666.00,12.99
93.48,0.01,20:23:51:328,666.00,14.63
96.24,1.56,20:23:51:452,666.00,11.08
94.73,0.52,20:23:51:594,666.00,14.30
93.37,0.43,20:23:51:726,666.00,15.71
91.05,0.31,20:23:51:858,666.00,14.09
85.77,-1.73,20:23:51:985,666.00,12.81
78.06,-3.16,20:23:52:115,666.00,13.49
72.95,-4.63,20:23:52:245,666.00,14.35
64.68,-6.52,20:23:52:372,666.00,12.99
55.84,-8.25,20:23:52:497,666.00,13.07
50.59,-9.81,20:23:52:622,666.00,11.46
43.76,-11.57,20:23:52:754,666.00,10.79
37.00,-13.68,20:23:52:900,666.00,9.28
32.71,-16.01,20:23:53:032,666.00,10.48
29.73,-17.97,20:23:53:164,666.00,11.26
28.58,-18.34,20:23:53:287,666.00,12.17
27.81,-17.73,20:23:53:418,666.00,12.07
31.05,-16.24,20:23:53:566,666.00,12.17
37.36,-13.50,20:23:53:692,666.00,13.83
47.65,-9.51,20:23:53:831,666.00,13.00
58.15,-6.05,20:23:53:973,666.00,16.12
72.95,-3.41,20:23:54:123,666.00,15.09
78.83,-0.63,20:23:54:250,666.00,24.47
87.20,-0.55,20:23:54:376,666.00,19.74
93.94,2.03,20:23:54:512,666.00,14.36
94.91,2.77,20:23:54:637,666.00,13.99
94.50,2.61,20:23:54:769,666.00,14.52
94.17,2.91,20:23:54:908,666.00,14.37
92.83,3.22,20:23:55:040,666.00,13.72
86.39,2.02,20:23:55:173,666.00,16.78
83.45,0.28,20:23:55:318,666.00,9.56
70.52,-2.79,20:23:55:453,666.00,12.94
63.45,-5.00,20:23:55:586,666.00,13.49
55.81,-6.86,20:23:55:721,666.00,12.94
49.33,-9.22,20:23:55:865,666.00,11.94
40.86,-10.30,20:23:55:993,666.00,11.49
33.86,-13.50,20:23:56:121,666.00,7.91
30.26,-16.50,20:23:56:261,666.00,9.32
30.01,-17.61,20:23:56:404,666.00,9.65
30.12,-17.68,20:23:56:530,666.00,10.61
31.13,-16.16,20:23:56:655,666.00,10.09
35.53,-14.43,20:23:56:793,666.00,15.48
46.45,-10.26,20:23:56:923,666.00,12.99
59.48,-5.78,20:23:57:057,666.00,13.32
71.29,-3.93,20:23:57:194,666.00,13.30
79.88,-3.50,20:23:57:340,666.00,16.92
90.02,-1.69,20:23:57:476,666.00,14.37
96.38,0.30,20:23:57:622,666.00,13.34
97.65,0.12,20:23:57:758,666.00,14.02
98.74,0.88,20:23:57:907,666.00,11.59
96.65,1.08,20:23:58:036,666.00,10.82
92.01,1.18,20:23:58:166,666.00,11.45
82.77,-1.41,20:23:58:306,666.00,17.80
76.53,-3.72,20:23:58:436,666.00,13.19
66.14,-5.47,20:23:58:572,666.00,12.10
57.59,-8.20,20:23:58:703,666.00,10.70
49.00,-12.66,20:23:58:838,666.00,11.02
40.56,-16.13,20:23:58:973,666.00,10.19
30.54,-20.44,20:23:59:124,666.00,8.45
27.56,-22.74,20:23:59:264,666.00,10.23
27.69,-22.47,20:23:59:402,666.00,11.25
28.47,-22.20,20:23:59:533,666.00,11.83
30.46,-20.50,20:23:59:681,666.00,10.42
37.16,-15.00,20:23:59:826,666.00,12.58
46.32,-10.75,20:23:59:964,666.00,14.48
57.08,-7.70,20:24:00:097,666.00,17.10
67.13,-4.54,20:24:00:232,666.00,14.52
76.58,-2.06,20:24:00:361,666.00,15.93
83.61,-0.52,20:24:00:491,666.00,19.72
89.75,-0.33,20:24:00:632,666.00,17.82
94.38,1.90,20:24:00:753,666.00,13.28
96.52,2.88,20:24:00:885,666.00,14.82
97.86,3.32,20:24:01:020,666.00,14.00
96.34,3.05,20:24:01:157,666.00,12.98
87.66,1.88,20:24:01:282,666.00,17.46
78.89,0.42,20:24:01:419,666.00,14.01
69.16,-3.05,20:24:01:538,666.00,13.44
59.87,-6.78,20:24:01:671,666.00,12.65
50.60,-9.31,20:24:01:798,666.00,9.92
44.14,-12.64,20:24:01:925,666.00,8.21
38.21,-15.85,20:24:02:059,666.00,8.63
32.33,-19.94,20:24:02:195,666.00,9.02
27.90,-23.50,20:24:02:332,666.00,11.85
27.14,-23.13,20:24:02:462,666.00,12.10
27.62,-23.35,20:24:02:602,666.00,12.37
28.54,-22.28,20:24:02:726,666.00,12.54
31.47,-19.71,20:24:02:853,666.00,12.39
37.27,-14.75,20:24:02:989,666.00,12.75
44.49,-10.96,20:24:03:124,666.00,14.84
54.38,-7.88,20:24:03:260,666.00,14.66
66.74,-3.70,20:24:03:396,666.00,12.31
74.74,-3.54,20:24:03:529,666.00,18.42
83.03,-1.91,20:24:03:667,666.00,20.44
94.09,0.67,20:24:03:798,666.00,13.85
97.22,1.94,20:24:03:946,666.00,14.28
97.00,2.60,20:24:04:073,666.00,13.58
95.75,2.71,20:24:04:204,666.00,14.37
94.62,2.62,20:24:04:339,666.00,13.25
88.44,2.07,20:24:04:473,666.00,14.22
80.76,0.15,20:24:04:598,666.00,13.99
72.51,-1.80,20:24:04:727,666.00,11.26
62.94,-3.72,20:24:04:852,666.00,10.27
53.02,-6.36,20:24:04:981,666.00,10.10
44.90,-10.38,20:24:05:114,666.00,7.59
37.02,-13.02,20:24:05:240,666.00,5.29
29.73,-18.56,20:24:05:368,666.00,7.76
26.78,-20.87,20:24:05:498,666.00,9.07
26.36,-21.38,20:24:05:621,666.00,10.09
26.72,-20.85,20:24:05:751,666.00,10.62
28.09,-19.60,20:24:05:879,666.00,12.16
35.43,-14.48,20:24:06:006,666.00,11.58
44.15,-12.00,20:24:06:140,666.00,13.66
58.06,-7.15,20:24:06:284,666.00,15.84
66.55,-4.52,20:24:06:410,666.00,13.50
77.32,-1.11,20:24:06:541,666.00,14.86
88.68,1.99,20:24:06:671,666.00,11.44
93.44,1.19,20:24:06:817,666.00,14.31
98.11,1.27,20:24:06:962,666.00,11.47
99.99,0.63,20:24:07:091,666.00,9.05
98.53,-0.01,20:24:07:215,666.00,9.77
95.70,-0.52,20:24:07:336,666.00,11.44
92.07,-0.52,20:24:07:465,666.00,13.04
88.23,-1.12,20:24:07:597,666.00,13.24
81.47,-2.12,20:24:07:729,666.00,11.33
73.25,-3.53,20:24:07:862,666.00,6.99
60.80,-5.72,20:24:07:993,666.00,9.47
49.16,-9.45,20:24:08:123,666.00,9.65
40.89,-13.15,20:24:08:252,666.00,7.03
34.57,-16.72,20:24:08:379,666.00,8.33
30.95,-19.73,20:24:08:505,666.00,10.08
26.77,-21.20,20:24:08:642,666.00,10.19
26.30,-21.57,20:24:08:776,666.00,10.80
26.83,-21.36,20:24:08:915,666.00,11.51
27.74,-20.06,20:24:09:056,666.00,12.53
33.55,-16.30,20:24:09:185,666.00,14.83
43.78,-11.61,20:24:09:327,666.00,16.08
56.17,-6.99,20:24:09:464,666.00,12.48
66.83,-4.35,20:24:09:605,666.00,14.14
76.24,-1.84,20:24:09:729,666.00,15.51
83.09,-0.77,20:24:09:853,666.00,19.75
91.82,0.22,20:24:09:988,666.00,15.97
97.52,0.56,20:24:10:138,666.00,13.47
99.07,0.17,20:24:10:276,666.00,13.46
99.12,0.56,20:24:10:414,666.00,13.29
98.65,1.24,20:24:10:547,666.00,11.92
95.81,0.98,20:24:10:675,666.00,12.85
88.19,0.19,20:24:10:802,666.00,13.70
79.63,-2.28,20:24:10:932,666.00,15.01
71.32,-4.23,20:24:11:056,666.00,12.04
61.27,-6.50,20:24:11:186,666.00,13.71
54.36,-9.01,20:24:11:327,666.00,11.77
46.47,-11.63,20:24:11:471,666.00,10.84
38.68,-12.92,20:24:11:605,666.00,10.07
29.57,-14.76,20:24:11:742,666.00,10.93
24.91,-16.08,20:24:11:868,666.00,12.43
24.92,-17.28,20:24:12:003,666.00,13.18
25.15,-16.49,20:24:12:146,666.00,12.94
26.56,-13.69,20:24:12:273,666.00,13.04
32.78,-10.65,20:24:12:400,666.00,13.94
41.61,-8.10,20:24:12:533,666.00,12.84
52.06,-6.00,20:24:12:665,666.00,14.79
64.12,-3.24,20:24:12:795,666.00,11.97
73.28,-2.42,20:24:12:919,666.00,14.12
79.42,-2.52,20:24:13:044,666.00,15.66
86.16,-2.48,20:24:13:165,666.00,18.71
93.73,-1.06,20:24:13:296,666.00,12.20
95.43,-0.94,20:24:13:440,666.00,13.42
94.86,-0.76,20:24:13:572,666.00,14.59
94.50,-0.73,20:24:13:701,666.00,12.65
93.06,-0.67,20:24:13:838,666.00,11.11
88.28,-2.07,20:24:13:966,666.00,12.32
82.42,-3.66,20:24:14:087,666.00,12.66
74.94,-5.09,20:24:14:221,666.00,12.60
65.74,-7.03,20:24:14:353,666.00,12.34
56.73,-8.05,20:24:14:484,666.00,14.71
47.74,-11.29,20:24:14:620,666.00,10.97
41.12,-14.70,20:24:14:760,666.00,10.10
34.23,-19.30,20:24:14:895,666.00,8.32
29.73,-23.02,20:24:15:022,666.00,11.65
27.26,-21.58,20:24:15:155,666.00,11.63
27.07,-21.39,20:24:15:285,666.00,12.11
27.18,-20.61,20:24:15:408,666.00,12.00
27.24,-20.19,20:24:15:535,666.00,11.76
30.27,-17.73,20:24:15:660,666.00,11.12
40.31,-12.57,20:24:15:800,666.00,14.68
54.40,-6.66,20:24:15:950,666.00,14.39
71.81,-2.30,20:24:16:084,666.00,14.77
80.21,-0.62,20:24:16:215,666.00,18.84
86.59,-0.38,20:24:16:342,666.00,21.35
94.60,1.30,20:24:16:477,666.00,17.23
99.04,2.26,20:24:16:617,666.00,12.55
99.75,1.84,20:24:16:751,666.00,13.83
98.67,2.34,20:24:16:886,666.00,12.67
95.75,2.75,20:24:17:030,666.00,12.55
90.82,2.36,20:24:17:169,666.00,3.57
81.99,-0.95,20:24:17:290,666.00,7.71
66.89,-5.50,20:24:17:416,666.00,13.35
56.59,-10.13,20:24:17:551,666.00,13.13
50.37,-12.95,20:24:17:674,666.00,10.51
42.84,-16.63,20:24:17:804,666.00,10.36
34.58,-19.80,20:24:17:928,666.00,9.39
28.48,-23.36,20:24:18:063,666.00,10.25
26.76,-25.03,20:24:18:190,666.00,10.36
27.03,-23.76,20:24:18:331,666.00,10.87
27.55,-23.52,20:24:18:454,666.00,11.69
27.24,-23.00,20:24:18:585,666.00,11.61
28.47,-22.48,20:24:18:718,666.00,13.03
35.16,-18.03,20:24:18:865,666.00,14.16
44.25,-13.58,20:24:18:999,666.00,13.70
55.98,-9.49,20:24:19:128,666.00,12.13
67.54,-7.03,20:24:19:266,666.00,15.44
78.11,-2.50,20:24:19:409,666.00,13.64
88.22,-2.11,20:24:19:539,666.00,15.36
95.25,-1.04,20:24:19:673,666.00,11.79
98.39,-0.19,20:24:19:809,666.00,9.76
98.97,-0.45,20:24:19:937,666.00,9.23
97.54,-0.59,20:24:20:069,666.00,10.09
96.23,-0.12,20:24:20:199,666.00,11.84
95.10,-0.01,20:24:20:335,666.00,13.36
90.45,-1.46,20:24:20:472,666.00,15.65
82.77,-3.76,20:24:20:609,666.00,8.91
67.02,-8.64,20:24:20:754,666.00,12.13
56.51,-10.05,20:24:20:891,666.00,11.04
47.18,-13.54,20:24:21:021,666.00,13.06
39.49,-16.02,20:24:21:155,666.00,6.35
31.06,-21.72,20:24:21:291,666.00,7.55
27.70,-26.55,20:24:21:441,666.00,9.65
26.44,-25.95,20:24:21:590,666.00,10.76
25.82,-24.94,20:24:21:738,666.00,12.22
25.77,-24.76,20:24:21:872,666.00,11.80
29.45,-22.29,20:24:22:023,666.00,12.33
39.27,-14.70,20:24:22:163,666.00,15.98
52.34,-9.41,20:24:22:305,666.00,13.94
65.78,-3.98,20:24:22:441,666.00,11.93
78.65,-2.00,20:24:22:590,666.00,12.03
94.15,-0.69,20:24:22:752,666.00,7.36
98.01,0.85,20:24:22:914,666.00,11.92
101.45,1.69,20:24:23:081,666.00,6.11
97.92,-0.26,20:24:23:235,666.00,11.95
94.20,-0.45,20:24:23:380,666.00,12.46
87.79,-0.46,20:24:23:518,666.00,12.75
77.69,-2.90,20:24:23:674,666.00,10.54
62.90,-6.05,20:24:23:827,666.00,13.53
53.96,-10.19,20:24:23:966,666.00,10.38
45.58,-15.03,20:24:24:113,666.00,8.35
34.37,-19.91,20:24:24:266,666.00,5.82
27.13,-28.76,20:24:24:425,666.00,8.78
25.79,-30.37,20:24:24:575,666.00,10.00
25.60,-30.49,20:24:24:728,666.00,11.41
25.15,-31.19,20:24:24:858,666.00,12.78
25.37,-30.21,20:24:24:986,666.00,12.46
26.43,-28.35,20:24:25:117,666.00,12.33
28.64,-24.95,20:24:25:237,666.00,14.71
37.65,-17.62,20:24:25:369,666.00,14.20
49.37,-12.55,20:24:25:502,666.00,14.38
60.68,-7.86,20:24:25:639,666.00,12.97
70.43,-5.48,20:24:25:778,666.00,13.57
77.92,-5.16,20:24:25:916,666.00,15.37
85.17,-3.94,20:24:26:038,666.00,19.57
90.90,-3.19,20:24:26:174,666.00,18.57
92.68,-2.18,20:24:26:316,666.00,16.79
92.15,-2.20,20:24:26:453,666.00,16.69
92.20,-1.93,20:24:26:580,666.00,15.09
86.55,-2.79,20:24:26:715,666.00,15.07
78.56,-4.06,20:24:26:847,666.00,11.59
72.03,-6.72,20:24:26:979,666.00,9.91
59.65,-9.38,20:24:27:105,666.00,11.10
49.36,-12.42,20:24:27:235,666.00,10.32
40.75,-15.08,20:24:27:362,666.00,8.16
31.28,-19.29,20:24:27:492,666.00,8.42
26.84,-22.70,20:24:27:626,666.00,9.99
26.03,-23.25,20:24:27:757,666.00,10.40
26.15,-22.04,20:24:27:898,666.00,10.83
27.01,-20.99,20:24:28:027,666.00,10.76
28.49,-21.41,20:24:28:151,666.00,12.07
32.61,-19.49,20:24:28:278,666.00,12.40
41.58,-14.01,20:24:28:409,666.00,13.70
55.14,-7.88,20:24:28:535,666.00,15.76
68.26,-4.58,20:24:28:673,666.00,15.44
78.34,-1.48,20:24:28:804,666.00,14.85
88.51,0.90,20:24:28:947,666.00,16.54
94.93,1.97,20:24:29:073,666.00,15.56
96.94,1.42,20:24:29:199,666.00,15.62
97.18,2.40,20:24:29:333,666.00,12.76
94.51,2.55,20:24:29:463,666.00,14.55
92.63,2.46,20:24:29:589,666.00,15.04
87.77,1.90,20:24:29:716,666.00,13.40
79.30,-1.10,20:24:29:852,666.00,12.78
68.35,-4.13,20:24:29:989,666.00,10.32
58.07,-6.54,20:24:30:123,666.00,11.57
48.32,-11.82,20:24:30:251,666.00,12.32
41.74,-14.45,20:24:30:373,666.00,11.54
33.47,-19.02,20:24:30:508,666.00,8.04
27.28,-24.70,20:24:30:633,666.00,10.84
24.39,-26.14,20:24:30:758,666.00,11.39
24.66,-25.37,20:24:30:882,666.00,12.06
25.34,-24.80,20:24:31:018,666.00,13.44
25.44,-23.95,20:24:31:159,666.00,13.33
27.10,-25.56,20:24:31:284,666.00,13.93
30.83,-18.25,20:24:31:416,666.00,12.71
38.64,-13.49,20:24:31:537,666.00,13.88
51.53,-9.04,20:24:31:662,666.00,15.90
64.41,-7.50,20:24:31:798,666.00,16.58
74.85,-4.78,20:24:31:926,666.00,16.86
86.64,-3.21,20:24:32:055,666.00,18.60
96.09,-0.21,20:24:32:188,666.00,13.61
98.68,-0.81,20:24:32:321,666.00,14.04
99.58,-0.38,20:24:32:461,666.00,11.05
96.66,-0.91,20:24:32:595,666.00,14.00
94.17,-1.38,20:24:32:724,666.00,12.14
90.14,-2.12,20:24:32:849,666.00,12.43
83.20,-3.04,20:24:32:975,666.00,13.17
75.29,-5.59,20:24:33:099,666.00,13.67
67.23,-8.54,20:24:33:236,666.00,12.89
57.24,-10.64,20:24:33:363,666.00,12.30
48.75,-14.21,20:24:33:502,666.00,12.84
38.91,-18.24,20:24:33:625,666.00,8.19
29.67,-24.68,20:24:33:748,666.00,8.85
27.57,-29.09,20:24:33:875,666.00,10.19
26.53,-31.49,20:24:33:999,666.00,11.22
27.24,-31.25,20:24:34:130,666.00,12.20
27.00,-30.01,20:24:34:256,666.00,12.84
26.74,-29.74,20:24:34:385,666.00,13.27
28.85,-26.17,20:24:34:519,666.00,13.73
37.52,-17.49,20:24:34:655,666.00,13.84
50.87,-10.97,20:24:34:785,666.00,14.72
65.25,-6.80,20:24:34:918,666.00,13.48
76.63,-3.66,20:24:35:060,666.00,15.21
86.48,-2.99,20:24:35:186,666.00,18.87
97.30,-0.81,20:24:35:315,666.00,15.09
100.99,0.60,20:24:35:445,666.00,13.29
103.26,1.89,20:24:35:579,666.00,9.61
102.97,2.59,20:24:35:717,666.00,9.30
99.44,1.77,20:24:35:854,666.00,12.26
90.00,-0.61,20:24:35:988,666.00,18.48
84.22,-2.04,20:24:36:117,666.00,10.33
74.90,-4.66,20:24:36:249,666.00,12.32
66.87,-7.25,20:24:36:378,666.00,12.85
57.76,-9.27,20:24:36:505,666.00,12.86
49.07,-13.94,20:24:36:629,666.00,12.21
41.68,-17.80,20:24:36:756,666.00,11.68
32.43,-24.65,20:24:36:904,666.00,11.26
24.05,-32.93,20:24:37:046,666.00,12.11
19.91,-31.73,20:24:37:193,666.00,11.72
20.06,-30.26,20:24:37:337,666.00,12.93
21.88,-29.25,20:24:37:456,666.00,13.25
22.28,-27.23,20:24:37:583,666.00,13.27
22.81,-27.17,20:24:37:711,666.00,13.50
23.18,-27.44,20:24:37:837,666.00,13.24
24.00,-28.42,20:24:37:973,666.00,13.33
23.38,-28.76,20:24:38:111,666.00,13.32
23.75,-29.72,20:24:38:242,666.00,13.46
23.84,-29.71,20:24:38:376,666.00,13.56
23.33,-29.60,20:24:38:502,666.00,13.75
23.78,-29.58,20:24:38:643,666.00,13.82
23.63,-29.48,20:24:38:770,666.00,13.80
23.67,-28.79,20:24:38:896,666.00,13.91
23.91,-28.52,20:24:39:027,666.00,13.95
24.12,-28.31,20:24:39:149,666.00,13.86
24.17,-28.35,20:24:39:271,666.00,13.61
24.38,-28.89,20:24:39:390,666.00,13.84
24.08,-29.23,20:24:39:504,666.00,13.85
24.14,-29.33,20:24:39:630,666.00,13.88
23.97,-28.92,20:24:39:754,666.00,13.82
24.54,-29.54,20:24:39:880,666.00,14.06
24.64,-29.21,20:24:40:007,666.00,13.97
23.31,-27.75,20:24:40:130,666.00,13.63
23.32,-27.88,20:24:40:250,666.00,13.60
23.61,-28.67,20:24:40:394,666.00,14.01
