Timestamp,Kinect_LeftShoulder_Ext.-Flex.,Kinect_LeftShoulder_Abd.-Add.,Kinect_LeftShoulder_Int.-Ext.,Kinect_LeftElbow_Ext.-Flex.,Kinect_RightShoulder_Ext.-Flex.,Kinect_RightShoulder_Abd.-Add.,Kinect_RightShoulder_Int.-Ext.,Kinect_RightElbow_Ext.-Flex.,14.91,-35.60,17:28:12:334,666.00,22.73
15.54,-35.26,17:28:12:834,666.00,24.18
14.60,-31.64,17:28:13:034,666.00,23.98
15.45,-22.50,17:28:13:347,666.00,20.49
18.82,-19.32,17:28:13:529,666.00,19.91
19.46,-22.96,17:28:13:682,666.00,9.69
19.48,-31.84,17:28:13:822,666.00,12.31
18.60,-32.07,17:28:13:950,666.00,12.29
17.97,-31.10,17:28:14:072,666.00,12.59
17.88,-31.28,17:28:14:191,666.00,12.37
18.03,-31.18,17:28:14:307,666.00,12.36
17.84,-29.77,17:28:14:427,666.00,11.96
18.22,-28.37,17:28:14:565,666.00,12.04
19.04,-43.40,17:28:15:743,666.00,15.09
20.00,-43.62,17:28:16:076,666.00,15.77
19.80,-40.84,17:28:16:275,666.00,15.27
20.00,-40.29,17:28:16:401,666.00,15.27
20.01,-39.28,17:28:16:521,666.00,15.18
19.72,-38.05,17:28:16:788,666.00,15.52
19.45,-38.38,17:28:16:908,666.00,15.16
19.64,-38.93,17:28:17:039,666.00,14.68
19.77,-38.96,17:28:17:157,666.00,14.72
19.88,-39.50,17:28:17:272,666.00,14.85
19.78,-39.62,17:28:17:419,666.00,15.22
19.40,-39.19,17:28:17:541,666.00,14.97
19.35,-39.85,17:28:17:668,666.00,15.06
19.36,-39.83,17:28:17:789,666.00,15.14
19.52,-39.09,17:28:17:913,666.00,15.02
19.51,-38.92,17:28:18:038,666.00,15.07
19.61,-38.94,17:28:18:163,666.00,15.19
19.50,-38.62,17:28:18:290,666.00,14.89
19.49,-38.77,17:28:18:418,666.00,14.83
19.37,-39.34,17:28:18:548,666.00,14.89
19.47,-39.47,17:28:18:673,666.00,15.00
19.48,-39.77,17:28:18:792,666.00,14.96
19.50,-39.40,17:28:18:912,666.00,14.85
19.47,-39.44,17:28:19:041,666.00,14.85
19.24,-39.24,17:28:19:173,666.00,14.73
18.75,-38.66,17:28:19:304,666.00,14.24
18.95,-38.62,17:28:19:425,666.00,14.67
19.46,-36.81,17:28:19:541,666.00,21.49
18.98,-36.80,17:28:19:660,666.00,25.56
16.59,-44.04,17:28:19:775,666.00,26.95
16.41,-43.08,17:28:19:891,666.00,26.90
16.79,-37.74,17:28:20:011,666.00,25.58
17.38,-36.84,17:28:20:145,666.00,23.33
17.56,-36.73,17:28:20:270,666.00,22.92
18.17,-37.22,17:28:20:389,666.00,24.30
18.21,-39.32,17:28:20:507,666.00,26.17
18.24,-40.52,17:28:20:626,666.00,25.96
18.25,-39.84,17:28:20:748,666.00,25.36
18.24,-40.84,17:28:20:871,666.00,25.06
18.60,-40.41,17:28:20:999,666.00,25.37
18.65,-38.47,17:28:21:118,666.00,25.46
18.42,-37.79,17:28:21:233,666.00,26.33
18.55,-41.03,17:28:21:347,666.00,27.43
18.35,-39.10,17:28:21:470,666.00,26.76
18.81,-37.53,17:28:21:603,666.00,27.50
18.97,-38.39,17:28:21:721,666.00,28.74
19.84,-39.53,17:28:21:844,666.00,28.12
20.63,-42.64,17:28:21:965,666.00,27.57
20.86,-43.05,17:28:22:089,666.00,27.82
20.92,-42.82,17:28:22:209,666.00,28.34
21.04,-42.97,17:28:22:336,666.00,29.61
20.77,-41.35,17:28:22:452,666.00,28.54
19.01,-41.83,17:28:22:577,666.00,26.93
18.63,-40.22,17:28:22:700,666.00,26.88
17.69,-38.44,17:28:22:832,666.00,25.75
17.61,-39.40,17:28:22:947,666.00,25.46
18.00,-41.68,17:28:23:071,666.00,26.16
18.36,-42.33,17:28:23:201,666.00,26.74
18.55,-42.45,17:28:23:320,666.00,26.80
19.02,-43.65,17:28:23:449,666.00,26.91
19.44,-45.90,17:28:23:570,666.00,26.61
20.03,-46.74,17:28:23:703,666.00,26.92
19.90,-47.04,17:28:23:821,666.00,24.13
21.39,-44.95,17:28:23:946,666.00,21.87
22.00,-41.64,17:28:24:071,666.00,22.36
21.87,-41.69,17:28:24:195,666.00,21.82
20.82,-40.46,17:28:24:316,666.00,16.45
20.19,-39.91,17:28:24:437,666.00,14.45
18.91,-40.24,17:28:24:574,666.00,13.96
18.56,-39.85,17:28:24:696,666.00,14.16
18.45,-39.55,17:28:24:820,666.00,14.29
17.97,-38.39,17:28:24:935,666.00,12.73
18.33,-37.74,17:28:25:065,666.00,12.94
18.31,-37.59,17:28:25:183,666.00,12.85
18.53,-36.68,17:28:25:302,666.00,13.27
18.58,-36.92,17:28:25:420,666.00,13.57
18.83,-36.14,17:28:25:549,666.00,12.86
18.88,-34.62,17:28:25:673,666.00,11.79
19.35,-33.67,17:28:25:793,666.00,10.63
19.63,-32.25,17:28:25:914,666.00,9.41
19.68,-32.24,17:28:26:037,666.00,9.24
20.01,-32.88,17:28:26:159,666.00,9.34
20.21,-32.86,17:28:26:274,666.00,9.29
20.23,-33.02,17:28:26:394,666.00,9.32
20.35,-33.08,17:28:26:520,666.00,9.04
21.79,-33.99,17:28:26:980,666.00,9.85
22.00,-34.52,17:28:27:153,666.00,9.68
22.25,-35.59,17:28:27:315,666.00,10.21
22.11,-35.75,17:28:27:487,666.00,10.18
22.06,-35.10,17:28:27:617,666.00,9.98
22.35,-34.23,17:28:27:739,666.00,10.07
22.24,-34.27,17:28:27:870,666.00,9.65
22.02,-34.36,17:28:27:995,666.00,8.88
21.89,-33.72,17:28:28:116,666.00,8.75
21.80,-33.48,17:28:28:234,666.00,8.75
21.84,-33.80,17:28:28:353,666.00,8.67
21.71,-34.92,17:28:28:481,666.00,9.04
21.45,-34.82,17:28:28:634,666.00,8.99
21.46,-34.97,17:28:28:773,666.00,9.14
21.41,-34.99,17:28:28:895,666.00,9.14
21.31,-35.62,17:28:29:015,666.00,9.66
20.96,-35.16,17:28:29:144,666.00,9.59
20.91,-35.23,17:28:29:270,666.00,9.61
20.84,-35.69,17:28:29:387,666.00,9.90
20.74,-35.41,17:28:29:512,666.00,9.79
20.91,-36.16,17:28:29:638,666.00,10.19
20.72,-35.28,17:28:29:761,666.00,9.72
21.07,-35.39,17:28:29:881,666.00,9.70
23.20,-33.79,17:28:30:005,666.00,9.68
26.67,-30.53,17:28:30:122,666.00,10.40
32.96,-23.93,17:28:30:241,666.00,11.75
42.41,-15.49,17:28:30:372,666.00,11.54
47.40,-10.87,17:28:30:502,666.00,14.57
60.12,-4.60,17:28:30:623,666.00,7.75
68.39,-3.85,17:28:30:749,666.00,8.70
75.36,-3.53,17:28:30:872,666.00,13.41
84.91,-2.57,17:28:31:012,666.00,8.97
93.86,-1.02,17:28:31:138,666.00,5.24
95.59,-0.19,17:28:31:256,666.00,10.02
97.33,0.60,17:28:31:381,666.00,10.55
95.52,1.30,17:28:31:503,666.00,8.05
89.61,1.60,17:28:31:627,666.00,5.69
78.38,-1.66,17:28:31:752,666.00,10.03
68.49,-4.10,17:28:31:871,666.00,9.97
63.27,-4.86,17:28:31:985,666.00,4.61
51.97,-8.66,17:28:32:107,666.00,4.91
45.15,-11.55,17:28:32:225,666.00,7.72
33.52,-20.55,17:28:32:341,666.00,11.46
27.98,-27.24,17:28:32:457,666.00,11.55
21.89,-38.69,17:28:32:580,666.00,10.74
19.51,-42.56,17:28:32:707,666.00,10.56
19.13,-43.31,17:28:32:828,666.00,10.11
18.62,-42.63,17:28:32:947,666.00,9.61
18.35,-41.24,17:28:33:068,666.00,10.08
18.67,-38.79,17:28:33:187,666.00,10.82
20.51,-35.03,17:28:33:310,666.00,10.68
26.05,-28.00,17:28:33:438,666.00,13.06
35.77,-20.70,17:28:33:561,666.00,13.58
48.57,-11.49,17:28:33:684,666.00,12.88
62.90,-4.40,17:28:33:807,666.00,4.88
68.69,-1.82,17:28:33:922,666.00,9.19
77.07,-0.95,17:28:34:044,666.00,10.60
85.59,3.03,17:28:34:176,666.00,6.81
92.46,4.28,17:28:34:302,666.00,9.03
96.36,4.75,17:28:34:419,666.00,7.89
99.10,6.18,17:28:34:539,666.00,6.70
100.36,6.76,17:28:34:675,666.00,4.34
96.49,6.13,17:28:34:793,666.00,5.01
87.58,6.08,17:28:34:917,666.00,2.60
75.10,2.83,17:28:35:040,666.00,9.47
68.30,2.32,17:28:35:174,666.00,1.93
61.78,0.74,17:28:35:299,666.00,3.16
53.48,-2.31,17:28:35:420,666.00,4.97
44.88,-5.69,17:28:35:553,666.00,7.50
34.82,-13.04,17:28:35:677,666.00,9.14
29.66,-19.19,17:28:35:796,666.00,10.49
23.06,-28.91,17:28:35:918,666.00,9.34
19.71,-34.77,17:28:36:039,666.00,8.74
19.46,-35.88,17:28:36:162,666.00,9.25
19.49,-36.50,17:28:36:279,666.00,9.41
19.37,-36.38,17:28:36:418,666.00,9.85
20.19,-35.19,17:28:36:544,666.00,10.28
23.40,-30.91,17:28:36:667,666.00,9.70
27.08,-26.61,17:28:36:783,666.00,9.53
34.15,-18.70,17:28:36:906,666.00,16.25
42.16,-10.72,17:28:37:020,666.00,9.86
53.17,-5.78,17:28:37:140,666.00,8.40
61.96,-1.98,17:28:37:261,666.00,6.61
69.11,0.23,17:28:37:385,666.00,7.25
77.38,2.00,17:28:37:512,666.00,6.08
85.21,3.11,17:28:37:639,666.00,4.85
89.06,4.41,17:28:37:759,666.00,7.88
95.27,4.55,17:28:37:878,666.00,5.41
96.31,4.41,17:28:38:001,666.00,6.76
96.14,4.15,17:28:38:123,666.00,5.90
91.32,5.86,17:28:38:252,666.00,2.80
81.58,4.41,17:28:38:373,666.00,6.31
74.08,3.15,17:28:38:488,666.00,5.87
62.70,0.25,17:28:38:606,666.00,9.10
55.08,-0.86,17:28:38:735,666.00,3.39
47.49,-4.08,17:28:38:855,666.00,5.85
36.59,-8.63,17:28:38:979,666.00,7.79
29.62,-18.22,17:28:39:101,666.00,9.29
25.91,-22.97,17:28:39:225,666.00,7.47
22.21,-27.91,17:28:39:344,666.00,7.01
18.82,-32.53,17:28:39:476,666.00,8.24
16.28,-33.76,17:28:39:609,666.00,7.48
16.57,-33.78,17:28:39:737,666.00,7.45
16.85,-34.09,17:28:39:856,666.00,7.69
19.84,-30.63,17:28:39:975,666.00,7.87
27.22,-23.40,17:28:40:106,666.00,10.72
34.68,-17.44,17:28:40:227,666.00,9.68
44.99,-8.12,17:28:40:353,666.00,9.92
58.06,-1.26,17:28:40:482,666.00,7.09
67.87,0.92,17:28:40:602,666.00,10.18
74.66,0.64,17:28:40:719,666.00,9.13
84.41,3.32,17:28:40:840,666.00,9.20
89.36,3.44,17:28:40:955,666.00,8.66
95.35,2.30,17:28:41:077,666.00,7.89
98.26,2.26,17:28:41:193,666.00,7.49
98.28,1.24,17:28:41:309,666.00,10.96
93.10,3.65,17:28:41:434,666.00,2.06
84.83,3.58,17:28:41:554,666.00,4.14
71.39,0.60,17:28:41:670,666.00,6.73
64.11,-0.12,17:28:41:790,666.00,3.26
54.50,-1.15,17:28:41:912,666.00,5.37
43.97,-3.58,17:28:42:036,666.00,6.35
38.43,-8.27,17:28:42:154,666.00,6.10
30.85,-15.55,17:28:42:289,666.00,7.48
25.17,-22.50,17:28:42:421,666.00,7.91
21.18,-29.81,17:28:42:553,666.00,7.34
20.31,-31.72,17:28:42:682,666.00,7.57
19.90,-32.66,17:28:42:808,666.00,8.17
18.94,-33.49,17:28:42:925,666.00,8.71
18.99,-33.17,17:28:43:049,666.00,9.08
19.89,-31.27,17:28:43:176,666.00,8.30
23.36,-28.35,17:28:43:297,666.00,10.33
31.50,-21.22,17:28:43:416,666.00,9.18
42.04,-13.56,17:28:43:538,666.00,12.59
49.71,-10.20,17:28:43:665,666.00,13.81
63.76,-4.32,17:28:43:786,666.00,8.74
72.64,-2.33,17:28:43:904,666.00,11.05
78.23,-2.11,17:28:44:025,666.00,12.46
87.91,0.60,17:28:44:147,666.00,8.15
94.11,0.93,17:28:44:272,666.00,10.21
97.94,0.94,17:28:44:389,666.00,10.93
100.05,2.16,17:28:44:505,666.00,8.70
96.50,3.74,17:28:44:628,666.00,9.74
89.59,3.75,17:28:44:755,666.00,3.84
77.22,2.88,17:28:44:873,666.00,7.46
69.81,0.66,17:28:45:002,666.00,8.41
62.92,-0.35,17:28:45:123,666.00,0.78
54.25,-2.47,17:28:45:247,666.00,2.93
45.59,-4.68,17:28:45:374,666.00,3.33
38.69,-8.19,17:28:45:491,666.00,4.91
30.20,-14.96,17:28:45:613,666.00,7.31
25.94,-21.13,17:28:45:750,666.00,7.83
21.35,-25.36,17:28:45:889,666.00,6.95
19.60,-26.52,17:28:46:020,666.00,7.07
18.63,-27.18,17:28:46:142,666.00,7.01
18.60,-26.65,17:28:46:271,666.00,6.82
19.19,-25.27,17:28:46:395,666.00,7.54
24.26,-21.10,17:28:46:510,666.00,8.95
32.83,-16.31,17:28:46:633,666.00,11.04
40.25,-8.66,17:28:46:750,666.00,11.32
51.51,-2.77,17:28:46:887,666.00,10.78
64.49,2.95,17:28:47:009,666.00,6.90
70.74,3.74,17:28:47:126,666.00,8.71
77.84,4.59,17:28:47:245,666.00,8.42
87.50,5.63,17:28:47:369,666.00,4.64
91.25,6.36,17:28:47:499,666.00,7.62
96.19,7.09,17:28:47:619,666.00,7.32
97.91,6.38,17:28:47:737,666.00,7.43
96.61,6.33,17:28:47:855,666.00,5.73
88.49,6.81,17:28:47:972,666.00,1.13
80.05,4.66,17:28:48:092,666.00,5.01
67.90,3.10,17:28:48:208,666.00,5.03
62.79,1.77,17:28:48:327,666.00,1.69
54.66,-0.95,17:28:48:442,666.00,2.07
46.35,-3.14,17:28:48:560,666.00,3.64
37.94,-8.39,17:28:48:683,666.00,6.70
31.36,-17.68,17:28:48:803,666.00,7.44
27.80,-23.01,17:28:48:923,666.00,7.62
22.56,-29.17,17:28:49:049,666.00,7.26
20.73,-32.44,17:28:49:172,666.00,8.89
19.58,-34.10,17:28:49:312,666.00,9.40
19.04,-34.76,17:28:49:434,666.00,9.41
19.02,-34.52,17:28:49:562,666.00,9.13
21.14,-30.98,17:28:49:688,666.00,9.25
27.45,-24.02,17:28:49:811,666.00,10.33
37.97,-12.23,17:28:49:938,666.00,9.97
48.95,-5.44,17:28:50:073,666.00,10.48
62.53,0.31,17:28:50:200,666.00,6.21
70.48,1.81,17:28:50:321,666.00,8.86
81.96,5.30,17:28:50:439,666.00,3.88
87.26,6.77,17:28:50:559,666.00,5.74
93.98,8.05,17:28:50:686,666.00,5.79
98.15,8.55,17:28:50:808,666.00,6.13
100.97,8.27,17:28:50:937,666.00,4.45
100.75,7.87,17:28:51:055,666.00,4.36
95.39,9.13,17:28:51:172,666.00,3.37
88.77,8.58,17:28:51:291,666.00,0.90
76.62,6.91,17:28:51:413,666.00,7.29
68.49,3.87,17:28:51:540,666.00,5.92
64.71,2.56,17:28:51:659,666.00,2.57
54.60,0.16,17:28:51:784,666.00,4.32
44.31,-3.36,17:28:51:900,666.00,7.07
36.12,-9.22,17:28:52:015,666.00,9.61
29.48,-16.73,17:28:52:136,666.00,10.09
24.04,-22.58,17:28:52:252,666.00,10.33
21.65,-27.48,17:28:52:368,666.00,9.99
21.65,-26.72,17:28:52:493,666.00,9.72
22.43,-25.66,17:28:52:611,666.00,10.60
22.51,-25.33,17:28:52:739,666.00,10.49
20.52,-27.37,17:28:52:860,666.00,10.12
19.11,-30.22,17:28:52:977,666.00,9.86
19.35,-29.17,17:28:53:096,666.00,9.36
25.11,-21.25,17:28:53:220,666.00,10.92
35.86,-11.44,17:28:53:342,666.00,7.77
42.98,-5.52,17:28:53:458,666.00,11.61
57.68,-0.05,17:28:53:573,666.00,6.84
66.98,3.43,17:28:53:690,666.00,5.39
75.05,5.86,17:28:53:818,666.00,8.94
83.70,7.15,17:28:53:939,666.00,4.53
89.06,8.04,17:28:54:063,666.00,3.83
93.70,8.15,17:28:54:179,666.00,6.74
97.91,7.07,17:28:54:302,666.00,6.68
98.96,7.05,17:28:54:417,666.00,5.85
96.40,7.18,17:28:54:538,666.00,4.36
91.35,8.07,17:28:54:659,666.00,1.66
80.73,6.74,17:28:54:777,666.00,5.74
71.20,4.36,17:28:54:905,666.00,4.54
65.49,2.24,17:28:55:026,666.00,2.33
55.35,-0.15,17:28:55:145,666.00,4.44
46.70,-1.96,17:28:55:268,666.00,4.09
36.42,-6.56,17:28:55:399,666.00,5.38
28.77,-12.91,17:28:55:519,666.00,7.63
23.00,-19.73,17:28:55:639,666.00,9.36
20.35,-23.65,17:28:55:768,666.00,7.82
19.46,-24.95,17:28:55:894,666.00,7.56
19.98,-25.73,17:28:56:022,666.00,7.45
20.24,-26.37,17:28:56:143,666.00,7.99
20.73,-26.84,17:28:56:279,666.00,8.70
22.11,-25.27,17:28:56:403,666.00,9.60
24.87,-22.69,17:28:56:521,666.00,10.37
30.01,-17.58,17:28:56:644,666.00,11.13
37.89,-11.87,17:28:56:773,666.00,12.83
44.72,-6.43,17:28:56:895,666.00,8.57
56.71,-1.50,17:28:57:014,666.00,6.31
68.22,2.38,17:28:57:133,666.00,5.96
73.67,4.85,17:28:57:249,666.00,6.29
84.46,7.19,17:28:57:371,666.00,3.53
89.52,8.47,17:28:57:495,666.00,2.98
94.88,9.54,17:28:57:623,666.00,6.33
99.95,9.33,17:28:57:748,666.00,6.12
101.58,9.01,17:28:57:871,666.00,4.42
100.85,8.88,17:28:57:989,666.00,3.15
94.65,9.33,17:28:58:107,666.00,3.07
87.52,7.43,17:28:58:226,666.00,2.05
76.96,5.79,17:28:58:344,666.00,5.24
70.64,3.94,17:28:58:466,666.00,4.38
63.90,3.37,17:28:58:588,666.00,1.07
54.95,-0.11,17:28:58:705,666.00,1.60
47.40,-2.76,17:28:58:828,666.00,4.33
34.71,-10.54,17:28:58:956,666.00,8.17
28.08,-18.49,17:28:59:079,666.00,8.53
23.16,-26.41,17:28:59:198,666.00,9.84
20.42,-30.35,17:28:59:320,666.00,9.14
19.40,-30.18,17:28:59:439,666.00,9.32
19.10,-27.87,17:28:59:565,666.00,8.82
19.04,-27.45,17:28:59:689,666.00,8.74
20.18,-26.49,17:28:59:807,666.00,9.55
22.97,-24.39,17:28:59:923,666.00,11.85
29.59,-18.08,17:29:00:044,666.00,10.78
38.30,-9.62,17:29:00:167,666.00,12.45
45.81,-5.78,17:29:00:288,666.00,12.10
58.79,-0.88,17:29:00:403,666.00,3.36
62.17,0.78,17:29:00:523,666.00,3.96
68.81,3.14,17:29:00:649,666.00,8.28
73.56,3.88,17:29:00:775,666.00,8.94
77.51,4.14,17:29:00:891,666.00,10.39
85.89,6.86,17:29:01:022,666.00,4.64
90.88,8.01,17:29:01:146,666.00,3.42
93.94,9.19,17:29:01:273,666.00,5.26
95.73,8.42,17:29:01:403,666.00,7.36
96.84,7.50,17:29:01:523,666.00,7.47
96.19,6.73,17:29:01:646,666.00,6.37
90.98,6.98,17:29:01:771,666.00,2.22
84.50,7.34,17:29:01:892,666.00,2.66
74.05,5.19,17:29:02:013,666.00,7.53
67.13,4.28,17:29:02:127,666.00,4.75
59.13,2.23,17:29:02:248,666.00,3.20
48.69,-0.95,17:29:02:372,666.00,7.05
42.08,-4.39,17:29:02:493,666.00,8.98
34.95,-9.40,17:29:02:618,666.00,9.10
28.93,-16.16,17:29:02:753,666.00,9.16
23.15,-23.60,17:29:02:871,666.00,9.09
19.37,-30.56,17:29:02:989,666.00,9.14
18.44,-34.17,17:29:03:111,666.00,8.99
18.52,-35.28,17:29:03:236,666.00,9.70
18.74,-35.39,17:29:03:359,666.00,10.09
21.50,-29.66,17:29:03:476,666.00,10.03
28.78,-19.63,17:29:03:603,666.00,11.13
36.11,-12.41,17:29:03:722,666.00,11.25
46.51,-5.66,17:29:03:845,666.00,10.05
57.78,-0.19,17:29:03:967,666.00,4.45
65.51,2.19,17:29:04:092,666.00,3.36
74.81,4.52,17:29:04:214,666.00,3.61
82.63,5.75,17:29:04:333,666.00,4.74
89.01,5.45,17:29:04:451,666.00,3.84
93.71,4.65,17:29:04:573,666.00,6.96
95.82,4.82,17:29:04:706,666.00,5.73
95.28,4.76,17:29:04:824,666.00,3.85
90.52,5.10,17:29:04:948,666.00,0.48
82.46,5.13,17:29:05:074,666.00,0.33
71.70,3.43,17:29:05:203,666.00,5.63
60.45,1.81,17:29:05:332,666.00,2.86
50.78,-2.39,17:29:05:445,666.00,4.22
38.87,-6.65,17:29:05:576,666.00,4.53
29.04,-17.10,17:29:05:702,666.00,7.26
24.73,-22.66,17:29:05:829,666.00,6.56
21.74,-30.49,17:29:05:949,666.00,7.85
20.60,-30.79,17:29:06:073,666.00,7.32
20.29,-30.84,17:29:06:192,666.00,7.72
20.44,-28.81,17:29:06:317,666.00,7.70
23.88,-25.01,17:29:06:454,666.00,9.91
30.21,-18.77,17:29:06:572,666.00,10.76
36.83,-11.69,17:29:06:692,666.00,7.36
44.82,-5.78,17:29:06:808,666.00,9.46
53.17,-1.97,17:29:06:925,666.00,5.72
61.80,0.88,17:29:07:044,666.00,4.78
69.69,2.97,17:29:07:184,666.00,5.31
76.13,3.09,17:29:07:306,666.00,7.25
82.42,4.29,17:29:07:429,666.00,3.78
86.82,5.24,17:29:07:550,666.00,4.24
91.57,6.14,17:29:07:670,666.00,2.64
93.83,6.11,17:29:07:789,666.00,3.31
93.42,5.72,17:29:07:905,666.00,4.35
91.90,5.49,17:29:08:022,666.00,2.32
86.01,5.53,17:29:08:141,666.00,0.89
74.36,4.42,17:29:08:276,666.00,6.34
66.67,3.76,17:29:08:405,666.00,2.51
60.19,2.37,17:29:08:522,666.00,1.34
48.67,-1.47,17:29:08:642,666.00,6.90
43.90,-5.10,17:29:08:759,666.00,6.79
34.34,-10.72,17:29:08:881,666.00,8.72
29.02,-16.14,17:29:09:017,666.00,6.13
24.21,-21.56,17:29:09:137,666.00,7.43
21.96,-26.30,17:29:09:259,666.00,8.01
20.81,-29.40,17:29:09:387,666.00,8.13
20.82,-30.32,17:29:09:506,666.00,8.45
20.93,-30.47,17:29:09:637,666.00,9.19
23.39,-24.72,17:29:09:756,666.00,8.84
31.21,-17.33,17:29:09:879,666.00,11.89
44.52,-8.60,17:29:10:001,666.00,9.97
55.86,-3.73,17:29:10:122,666.00,4.43
68.89,1.18,17:29:10:243,666.00,4.53
75.38,2.57,17:29:10:365,666.00,6.01
84.86,4.15,17:29:10:493,666.00,5.68
92.00,4.38,17:29:10:612,666.00,4.30
95.09,6.77,17:29:10:735,666.00,4.62
97.76,6.78,17:29:10:857,666.00,5.23
98.93,7.45,17:29:10:975,666.00,4.47
97.01,6.90,17:29:11:091,666.00,2.05
86.89,6.41,17:29:11:208,666.00,1.35
75.92,3.73,17:29:11:327,666.00,6.98
65.85,1.86,17:29:11:440,666.00,3.72
60.91,-0.33,17:29:11:555,666.00,3.44
48.92,-4.22,17:29:11:681,666.00,7.12
41.74,-7.13,17:29:11:801,666.00,5.95
30.70,-16.37,17:29:11:937,666.00,10.58
25.43,-21.72,17:29:12:064,666.00,10.37
21.65,-28.52,17:29:12:199,666.00,10.00
20.69,-30.99,17:29:12:323,666.00,10.12
20.09,-32.28,17:29:12:447,666.00,10.29
19.99,-32.55,17:29:12:576,666.00,10.35
20.25,-32.35,17:29:12:695,666.00,10.38
22.68,-27.97,17:29:12:817,666.00,10.52
27.33,-21.71,17:29:12:942,666.00,10.53
32.03,-15.45,17:29:13:065,666.00,11.58
38.44,-10.54,17:29:13:191,666.00,11.25
48.05,-5.82,17:29:13:311,666.00,7.88
55.74,-4.10,17:29:13:431,666.00,12.84
66.89,1.23,17:29:13:544,666.00,3.32
72.30,3.25,17:29:13:661,666.00,6.40
83.10,4.02,17:29:13:781,666.00,3.60
89.91,4.02,17:29:13:901,666.00,5.09
94.19,4.95,17:29:14:022,666.00,6.64
97.01,4.78,17:29:14:140,666.00,6.85
97.36,4.90,17:29:14:260,666.00,5.43
92.59,5.80,17:29:14:382,666.00,0.62
82.79,5.45,17:29:14:506,666.00,1.90
73.93,3.88,17:29:14:623,666.00,4.93
66.07,2.97,17:29:14:744,666.00,1.47
55.34,-0.39,17:29:14:868,666.00,2.37
45.63,-3.57,17:29:14:988,666.00,4.31
34.28,-10.30,17:29:15:101,666.00,7.97
29.03,-15.07,17:29:15:217,666.00,9.51
21.99,-21.17,17:29:15:344,666.00,10.11
20.74,-24.75,17:29:15:469,666.00,9.67
21.05,-25.74,17:29:15:591,666.00,9.51
21.16,-27.84,17:29:15:707,666.00,9.37
20.67,-29.96,17:29:15:837,666.00,10.20
20.72,-28.85,17:29:15:967,666.00,9.95
25.19,-20.91,17:29:16:094,666.00,9.81
37.41,-9.40,17:29:16:229,666.00,6.74
48.44,-3.79,17:29:16:369,666.00,9.82
62.81,2.58,17:29:16:518,666.00,6.28
74.44,4.42,17:29:16:674,666.00,7.21
82.83,6.32,17:29:16:818,666.00,3.54
88.67,6.25,17:29:16:952,666.00,3.95
94.43,5.84,17:29:17:098,666.00,4.93
98.01,5.33,17:29:17:247,666.00,5.68
97.78,6.38,17:29:17:380,666.00,4.99
92.40,8.13,17:29:17:524,666.00,3.02
84.51,7.77,17:29:17:685,666.00,0.99
73.97,5.47,17:29:17:833,666.00,3.92
66.47,4.15,17:29:17:983,666.00,2.35
60.57,3.23,17:29:18:115,666.00,2.93
53.04,1.67,17:29:18:249,666.00,3.20
45.57,-0.17,17:29:18:391,666.00,6.05
38.20,-2.50,17:29:18:537,666.00,6.48
30.57,-7.40,17:29:18:683,666.00,8.48
26.50,-11.01,17:29:18:816,666.00,8.86
23.57,-15.02,17:29:18:953,666.00,9.43
21.78,-16.91,17:29:19:088,666.00,9.10
20.54,-18.64,17:29:19:221,666.00,9.52
19.00,-21.26,17:29:19:348,666.00,9.57
17.58,-26.09,17:29:19:489,666.00,9.89
16.89,-27.70,17:29:19:609,666.00,9.02
18.40,-28.98,17:29:19:728,666.00,9.34
24.59,-22.77,17:29:19:845,666.00,11.62
35.23,-11.44,17:29:19:967,666.00,11.97
44.83,-5.49,17:29:20:090,666.00,10.82
59.89,1.08,17:29:20:210,666.00,4.76
66.75,2.85,17:29:20:327,666.00,4.08
73.25,4.39,17:29:20:445,666.00,7.19
81.02,4.99,17:29:20:569,666.00,3.90
83.79,5.35,17:29:20:687,666.00,3.88
88.22,5.04,17:29:20:813,666.00,2.05
90.14,5.99,17:29:20:927,666.00,3.08
92.83,5.95,17:29:21:047,666.00,5.27
94.12,5.70,17:29:21:168,666.00,4.08
94.17,6.46,17:29:21:290,666.00,3.58
92.37,6.77,17:29:21:415,666.00,1.12
86.80,6.54,17:29:21:538,666.00,0.55
81.65,5.52,17:29:21:667,666.00,0.71
69.41,2.53,17:29:21:809,666.00,1.27
60.23,1.99,17:29:21:940,666.00,3.64
50.92,-1.41,17:29:22:057,666.00,4.43
40.74,-6.04,17:29:22:174,666.00,7.61
32.12,-12.59,17:29:22:301,666.00,8.03
27.52,-17.03,17:29:22:421,666.00,7.92
23.06,-21.23,17:29:22:547,666.00,8.65
21.33,-24.49,17:29:22:680,666.00,9.11
20.63,-26.15,17:29:22:803,666.00,9.93
20.08,-26.84,17:29:22:920,666.00,9.56
19.10,-27.99,17:29:23:039,666.00,9.72
19.01,-29.42,17:29:23:172,666.00,10.77
19.47,-28.75,17:29:23:296,666.00,10.19
23.62,-23.45,17:29:23:422,666.00,9.47
31.86,-17.11,17:29:23:542,666.00,11.31
40.35,-9.30,17:29:23:660,666.00,9.46
53.48,-2.80,17:29:23:778,666.00,4.12
59.08,-0.16,17:29:23:896,666.00,2.02
64.60,2.45,17:29:24:011,666.00,6.83
71.08,3.64,17:29:24:133,666.00,4.92
75.61,3.99,17:29:24:257,666.00,4.91
83.68,4.52,17:29:24:385,666.00,4.14
91.12,4.96,17:29:24:503,666.00,4.04
94.84,5.48,17:29:24:622,666.00,4.55
97.57,6.19,17:29:24:744,666.00,5.46
97.59,6.93,17:29:24:875,666.00,4.82
93.81,7.44,17:29:25:004,666.00,0.80
85.90,7.31,17:29:25:127,666.00,2.40
76.01,4.60,17:29:25:247,666.00,3.72
64.21,3.96,17:29:25:369,666.00,4.07
57.98,2.77,17:29:25:496,666.00,3.02
47.06,-0.67,17:29:25:624,666.00,5.60
38.76,-4.00,17:29:25:740,666.00,5.72
29.93,-12.06,17:29:25:865,666.00,9.97
25.51,-16.49,17:29:25:983,666.00,9.99
21.49,-21.56,17:29:26:104,666.00,10.03
20.61,-23.69,17:29:26:221,666.00,9.93
19.95,-24.99,17:29:26:339,666.00,10.43
19.33,-25.81,17:29:26:454,666.00,10.36
19.32,-25.90,17:29:26:572,666.00,10.60
20.58,-24.50,17:29:26:690,666.00,11.22
26.97,-18.73,17:29:26:809,666.00,11.65
33.50,-14.23,17:29:26:929,666.00,14.49
44.93,-6.26,17:29:27:049,666.00,12.24
55.93,-2.26,17:29:27:167,666.00,12.66
63.44,1.91,17:29:27:285,666.00,7.72
72.04,3.51,17:29:27:407,666.00,7.51
78.02,5.02,17:29:27:536,666.00,8.45
86.95,7.23,17:29:27:663,666.00,4.44
91.25,8.19,17:29:27:781,666.00,6.60
94.30,8.17,17:29:27:903,666.00,5.10
95.45,8.12,17:29:28:025,666.00,4.01
95.22,7.80,17:29:28:153,666.00,3.58
91.19,7.23,17:29:28:293,666.00,1.54
85.20,5.54,17:29:28:428,666.00,2.84
75.94,3.78,17:29:28:554,666.00,8.23
68.44,2.79,17:29:28:677,666.00,4.61
61.18,2.02,17:29:28:805,666.00,2.43
54.68,1.15,17:29:28:928,666.00,4.31
46.14,-1.83,17:29:29:049,666.00,6.03
38.76,-5.30,17:29:29:167,666.00,7.00
32.75,-9.06,17:29:29:286,666.00,7.69
26.56,-15.80,17:29:29:407,666.00,8.79
22.59,-21.47,17:29:29:531,666.00,8.46
20.54,-27.26,17:29:29:654,666.00,9.67
19.24,-31.53,17:29:29:772,666.00,10.47
18.78,-33.26,17:29:29:895,666.00,10.33
18.87,-33.99,17:29:30:010,666.00,10.04
21.56,-29.06,17:29:30:134,666.00,10.32
27.46,-20.47,17:29:30:255,666.00,10.24
38.48,-10.77,17:29:30:374,666.00,6.76
44.35,-7.15,17:29:30:492,666.00,11.80
54.78,-1.76,17:29:30:607,666.00,5.40
61.83,1.53,17:29:30:725,666.00,3.34
68.08,3.43,17:29:30:839,666.00,6.30
73.01,4.74,17:29:30:959,666.00,7.79
81.63,6.82,17:29:31:078,666.00,2.68
87.22,7.27,17:29:31:206,666.00,3.31
91.60,8.83,17:29:31:339,666.00,4.41
94.41,9.00,17:29:31:462,666.00,4.36
96.43,8.24,17:29:31:581,666.00,5.64
96.33,8.41,17:29:31:698,666.00,5.69
93.29,9.01,17:29:31:816,666.00,4.18
85.40,8.29,17:29:31:943,666.00,0.80
69.92,6.36,17:29:32:074,666.00,4.69
60.63,5.27,17:29:32:197,666.00,2.52
47.16,0.91,17:29:32:322,666.00,7.22
36.84,-4.32,17:29:32:439,666.00,5.30
30.21,-11.15,17:29:32:558,666.00,9.53
22.79,-18.98,17:29:32:672,666.00,10.80
19.11,-27.17,17:29:32:788,666.00,11.14
17.92,-30.69,17:29:32:916,666.00,10.43
17.44,-33.13,17:29:33:041,666.00,10.53
17.63,-33.29,17:29:33:168,666.00,10.81
17.96,-32.81,17:29:33:291,666.00,10.65
20.27,-26.81,17:29:33:409,666.00,10.69
25.38,-19.31,17:29:33:533,666.00,9.87
33.12,-12.24,17:29:33:649,666.00,14.15
43.23,-5.76,17:29:33:765,666.00,10.65
56.64,-1.19,17:29:33:881,666.00,6.39
62.34,1.98,17:29:34:001,666.00,5.21
69.26,4.47,17:29:34:120,666.00,4.32
79.33,6.70,17:29:34:242,666.00,2.89
87.74,7.73,17:29:34:370,666.00,3.48
92.32,8.48,17:29:34:495,666.00,7.16
97.76,7.84,17:29:34:618,666.00,6.31
100.18,8.02,17:29:34:736,666.00,5.19
99.44,8.43,17:29:34:859,666.00,4.63
93.59,9.01,17:29:34:985,666.00,0.94
84.10,8.28,17:29:35:102,666.00,1.56
72.84,5.89,17:29:35:219,666.00,7.01
62.82,2.52,17:29:35:332,666.00,5.48
59.12,1.25,17:29:35:453,666.00,3.43
48.87,-2.25,17:29:35:571,666.00,5.32
42.39,-5.05,17:29:35:692,666.00,5.16
33.23,-10.91,17:29:35:815,666.00,7.77
27.30,-16.32,17:29:35:937,666.00,9.74
21.85,-20.91,17:29:36:072,666.00,9.88
20.13,-21.35,17:29:36:204,666.00,10.22
20.00,-21.28,17:29:36:323,666.00,10.17
19.84,-22.06,17:29:36:446,666.00,10.17
20.34,-24.82,17:29:36:567,666.00,10.96
20.34,-25.10,17:29:36:685,666.00,10.77
22.57,-22.50,17:29:36:805,666.00,11.28
32.62,-13.50,17:29:36:935,666.00,9.75
39.85,-7.53,17:29:37:055,666.00,11.75
57.10,-0.68,17:29:37:174,666.00,3.29
64.49,2.31,17:29:37:297,666.00,7.20
71.68,3.61,17:29:37:411,666.00,7.00
79.44,4.83,17:29:37:535,666.00,4.97
87.66,5.83,17:29:37:657,666.00,2.08
91.87,6.55,17:29:37:785,666.00,4.42
95.18,5.92,17:29:37:909,666.00,4.04
98.33,5.57,17:29:38:041,666.00,4.21
98.13,5.21,17:29:38:162,666.00,4.24
94.54,5.92,17:29:38:279,666.00,0.82
84.34,5.56,17:29:38:400,666.00,1.93
75.55,3.60,17:29:38:521,666.00,5.04
66.71,3.02,17:29:38:642,666.00,3.54
61.60,2.45,17:29:38:763,666.00,3.79
52.08,0.68,17:29:38:884,666.00,4.69
42.55,-2.04,17:29:39:006,666.00,4.59
34.37,-6.56,17:29:39:128,666.00,6.47
26.99,-13.80,17:29:39:250,666.00,9.18
21.01,-20.18,17:29:39:370,666.00,9.18
19.53,-22.74,17:29:39:488,666.00,8.99
19.08,-24.76,17:29:39:611,666.00,8.76
18.42,-28.44,17:29:39:734,666.00,9.70
18.37,-30.13,17:29:39:862,666.00,10.18
19.25,-29.49,17:29:39:985,666.00,10.53
23.09,-24.32,17:29:40:103,666.00,10.38
27.69,-19.69,17:29:40:227,666.00,12.35
35.54,-11.90,17:29:40:342,666.00,12.45
43.23,-5.98,17:29:40:459,666.00,10.36
52.50,-1.14,17:29:40:579,666.00,5.17
60.39,1.10,17:29:40:707,666.00,5.65
68.58,2.55,17:29:40:839,666.00,7.39
76.86,3.37,17:29:40:953,666.00,4.04
85.84,4.37,17:29:41:076,666.00,3.95
88.14,5.81,17:29:41:197,666.00,4.86
95.05,6.61,17:29:41:325,666.00,4.90
98.43,6.39,17:29:41:440,666.00,4.99
98.34,6.18,17:29:41:566,666.00,3.24
91.43,6.06,17:29:41:695,666.00,1.97
83.20,6.32,17:29:41:817,666.00,1.99
71.13,4.69,17:29:41:939,666.00,2.87
60.32,2.78,17:29:42:068,666.00,4.95
48.93,-1.36,17:29:42:185,666.00,6.97
37.25,-5.73,17:29:42:304,666.00,8.96
30.25,-11.31,17:29:42:420,666.00,10.91
23.02,-19.80,17:29:42:539,666.00,11.92
19.57,-25.28,17:29:42:659,666.00,12.95
18.49,-29.24,17:29:42:776,666.00,14.57
18.42,-29.92,17:29:42:891,666.00,14.52
18.16,-31.08,17:29:43:015,666.00,13.19
17.13,-34.00,17:29:43:135,666.00,12.76
17.34,-33.63,17:29:43:259,666.00,12.64
20.13,-27.85,17:29:43:383,666.00,12.87
26.80,-18.19,17:29:43:504,666.00,14.44
34.94,-9.67,17:29:43:622,666.00,12.41
46.09,-2.79,17:29:43:740,666.00,13.57
57.61,1.69,17:29:43:862,666.00,4.32
66.96,4.35,17:29:43:981,666.00,4.29
76.91,5.18,17:29:44:104,666.00,7.10
84.89,7.26,17:29:44:221,666.00,3.26
94.20,9.99,17:29:44:342,666.00,3.10
97.25,10.74,17:29:44:460,666.00,4.42
100.75,9.97,17:29:44:577,666.00,2.62
99.45,10.44,17:29:44:702,666.00,3.01
95.91,10.81,17:29:44:821,666.00,0.93
87.02,10.46,17:29:44:943,666.00,1.56
76.27,7.84,17:29:45:073,666.00,3.65
68.28,6.23,17:29:45:190,666.00,4.91
61.95,3.62,17:29:45:310,666.00,3.40
54.18,0.82,17:29:45:428,666.00,4.11
44.63,-1.79,17:29:45:556,666.00,4.90
33.34,-10.54,17:29:45:673,666.00,10.27
27.42,-15.59,17:29:45:789,666.00,10.25
21.07,-23.52,17:29:45:908,666.00,10.49
19.56,-27.75,17:29:46:034,666.00,11.33
19.33,-28.54,17:29:46:152,666.00,11.28
19.09,-28.88,17:29:46:278,666.00,11.02
18.50,-30.96,17:29:46:405,666.00,12.07
18.83,-31.09,17:29:46:527,666.00,11.71
20.99,-27.30,17:29:46:644,666.00,13.09
27.76,-19.22,17:29:46:773,666.00,15.00
36.19,-11.82,17:29:46:890,666.00,10.42
46.93,-6.31,17:29:47:007,666.00,11.32
60.25,-1.71,17:29:47:136,666.00,7.67
67.19,1.01,17:29:47:252,666.00,7.60
76.72,2.09,17:29:47:368,666.00,9.02
85.66,3.99,17:29:47:489,666.00,3.31
92.19,2.96,17:29:47:616,666.00,7.80
96.64,2.39,17:29:47:738,666.00,7.38
98.54,2.35,17:29:47:856,666.00,6.38
97.60,2.36,17:29:47:972,666.00,6.17
94.57,1.17,17:29:48:086,666.00,4.77
85.56,1.65,17:29:48:207,666.00,4.57
72.43,0.36,17:29:48:337,666.00,7.39
64.39,-0.38,17:29:48:451,666.00,5.14
52.97,-2.97,17:29:48:568,666.00,5.01
44.88,-5.30,17:29:48:684,666.00,6.83
36.00,-11.00,17:29:48:804,666.00,7.64
30.11,-17.96,17:29:48:923,666.00,10.62
23.74,-25.12,17:29:49:045,666.00,10.45
19.68,-33.56,17:29:49:172,666.00,12.06
18.53,-36.94,17:29:49:294,666.00,12.72
17.53,-40.87,17:29:49:413,666.00,12.17
17.63,-43.02,17:29:49:537,666.00,12.44
18.75,-42.98,17:29:49:662,666.00,12.55
21.19,-37.44,17:29:49:786,666.00,11.96
24.67,-31.33,17:29:49:913,666.00,12.64
30.86,-23.62,17:29:50:035,666.00,14.82
37.41,-15.08,17:29:50:160,666.00,14.30
46.61,-9.47,17:29:50:285,666.00,14.08
57.94,-3.11,17:29:50:403,666.00,6.45
64.93,-1.67,17:29:50:519,666.00,8.04
73.60,-0.35,17:29:50:634,666.00,7.37
80.32,0.48,17:29:50:756,666.00,4.70
86.69,1.00,17:29:50:876,666.00,3.87
90.65,0.14,17:29:51:006,666.00,4.48
92.54,-1.48,17:29:51:122,666.00,6.14
93.71,-1.00,17:29:51:244,666.00,4.65
92.11,-0.62,17:29:51:359,666.00,4.85
85.64,0.84,17:29:51:476,666.00,2.55
74.60,-0.53,17:29:51:605,666.00,6.42
68.01,0.87,17:29:51:725,666.00,0.68
58.17,-1.57,17:29:51:847,666.00,3.40
46.64,-4.42,17:29:51:973,666.00,4.89
40.94,-7.06,17:29:52:098,666.00,4.88
31.45,-13.72,17:29:52:215,666.00,9.63
27.24,-18.69,17:29:52:331,666.00,9.67
25.28,-20.99,17:29:52:456,666.00,8.75
24.06,-22.59,17:29:52:580,666.00,9.13
24.06,-21.86,17:29:52:704,666.00,8.97
23.35,-21.67,17:29:52:821,666.00,9.50
23.05,-21.04,17:29:52:938,666.00,9.47
23.73,-20.64,17:29:53:055,666.00,9.40
31.00,-17.35,17:29:53:172,666.00,10.48
38.49,-10.76,17:29:53:287,666.00,11.82
51.08,-4.94,17:29:53:432,666.00,5.36
60.43,-0.36,17:29:53:546,666.00,5.51
67.09,1.91,17:29:53:663,666.00,8.26
72.65,2.97,17:29:53:782,666.00,5.93
80.22,5.49,17:29:53:903,666.00,6.97
84.82,5.42,17:29:54:019,666.00,5.39
92.09,6.34,17:29:54:148,666.00,3.93
95.29,6.92,17:29:54:268,666.00,5.35
97.14,6.44,17:29:54:397,666.00,4.57
96.93,6.24,17:29:54:517,666.00,3.87
94.68,6.71,17:29:54:643,666.00,0.83
89.16,6.14,17:29:54:761,666.00,1.23
76.02,4.78,17:29:54:877,666.00,6.45
66.04,3.43,17:29:55:000,666.00,4.47
59.03,3.18,17:29:55:116,666.00,2.31
48.04,0.37,17:29:55:232,666.00,4.59
40.65,-2.16,17:29:55:347,666.00,6.11
31.72,-5.89,17:29:55:476,666.00,6.97
27.12,-13.09,17:29:55:600,666.00,9.88
23.81,-18.83,17:29:55:725,666.00,10.73
21.95,-23.22,17:29:55:840,666.00,9.54
21.56,-26.25,17:29:55:969,666.00,9.59
20.61,-26.95,17:29:56:086,666.00,9.63
20.07,-28.23,17:29:56:203,666.00,9.97
19.78,-28.07,17:29:56:321,666.00,9.82
20.05,-28.23,17:29:56:444,666.00,10.31
22.02,-24.45,17:29:56:574,666.00,9.94
28.93,-18.81,17:29:56:694,666.00,11.80
38.30,-11.18,17:29:56:808,666.00,14.94
48.52,-5.33,17:29:56:923,666.00,10.56
62.14,-0.72,17:29:57:044,666.00,4.19
70.43,1.74,17:29:57:155,666.00,3.46
79.73,4.31,17:29:57:268,666.00,7.63
87.41,5.14,17:29:57:387,666.00,3.21
92.26,6.00,17:29:57:512,666.00,5.46
95.15,5.49,17:29:57:635,666.00,3.74
95.24,5.74,17:29:57:759,666.00,2.99
88.78,5.31,17:29:57:882,666.00,3.64
78.02,3.68,17:29:58:004,666.00,5.00
68.32,3.11,17:29:58:124,666.00,3.88
57.13,0.50,17:29:58:244,666.00,5.27
44.80,-2.08,17:29:58:368,666.00,6.67
38.85,-4.45,17:29:58:484,666.00,6.90
30.45,-10.73,17:29:58:605,666.00,11.26
25.30,-17.25,17:29:58:725,666.00,13.07
19.91,-31.83,17:29:58:842,666.00,18.28
17.55,-46.81,17:29:58:963,666.00,27.14
17.18,-45.19,17:29:59:078,666.00,27.21
17.24,-40.41,17:29:59:192,666.00,27.04
19.03,-30.65,17:29:59:308,666.00,28.00
19.58,-26.33,17:29:59:425,666.00,25.78
19.92,-25.20,17:29:59:539,666.00,24.48
19.93,-25.84,17:29:59:645,666.00,25.79
18.47,-26.71,17:29:59:765,666.00,25.71
17.12,-26.58,17:29:59:882,666.00,26.00
16.76,-24.58,17:30:00:001,666.00,28.83
16.77,-27.02,17:30:00:119,28.19,30.13
17.87,-30.41,17:30:00:234,666.00,27.78
19.06,-35.59,17:30:00:353,666.00,26.72
22.12,-40.53,17:30:00:472,666.00,27.94
23.55,-43.69,17:30:00:596,666.00,25.16
22.88,-48.36,17:30:00:717,666.00,22.43
23.81,-47.43,17:30:00:834,666.00,24.68
24.57,-44.47,17:30:00:956,666.00,26.94
22.68,-40.10,17:30:01:066,666.00,27.04
21.80,-33.06,17:30:01:186,666.00,27.38
17.68,-10.32,17:30:01:311,666.00,26.30
17.06,4.38,17:30:01:439,666.00,27.41
15.93,3.08,17:30:01:549,666.00,27.67
14.44,-0.63,17:30:01:665,666.00,28.90
16.10,-12.01,17:30:01:778,22.88,32.22
14.20,-9.28,17:30:01:889,666.00,29.15
16.05,-13.04,17:30:02:006,666.00,11.37
19.23,5.04,17:30:02:136,666.00,5.00
19.73,5.94,17:30:02:252,666.00,4.91
15.09,-25.93,17:30:02:367,666.00,1.19
17.08,-20.07,17:30:02:478,666.00,7.59
16.36,-12.06,17:30:02:590,666.00,10.62
15.35,6.41,17:30:02:708,666.00,22.94
13.95,-13.29,17:30:02:831,-1.04,68.66
12.98,-13.57,17:30:02:953,1.35,66.84
15.10,-13.77,17:30:03:064,16.86,69.93
14.38,7.47,17:30:03:173,19.38,55.75
