7.53,-8.49,666.00,5.77,10-03-23-11-35-04-862
7.45,-8.11,666.00,5.80,10-03-23-11-35-04-873
7.38,-7.83,666.00,5.81,10-03-23-11-35-04-914
7.38,-8.01,666.00,5.72,10-03-23-11-35-04-940
7.35,-9.00,666.00,5.71,10-03-23-11-35-04-973
7.18,-8.99,666.00,5.92,10-03-23-11-35-05-009
7.10,-10.32,666.00,6.03,10-03-23-11-35-05-058
6.99,-10.28,666.00,6.16,10-03-23-11-35-05-097
6.94,-10.36,666.00,6.21,10-03-23-11-35-05-109
6.72,-9.02,666.00,6.50,10-03-23-11-35-05-141
6.45,-6.97,666.00,6.93,10-03-23-11-35-05-183
6.19,-4.79,666.00,7.38,10-03-23-11-35-05-207
6.07,-3.50,666.00,7.60,10-03-23-11-35-05-239
5.97,-2.29,666.00,7.80,10-03-23-11-35-05-273
5.82,-0.94,666.00,8.04,10-03-23-11-35-05-307
5.71,0.45,666.00,8.23,10-03-23-11-35-05-340
5.62,2.02,666.00,8.40,10-03-23-11-35-05-372
5.58,1.25,666.00,8.34,10-03-23-11-35-05-407
5.52,1.11,666.00,8.38,10-03-23-11-35-05-441
5.49,0.79,666.00,8.34,10-03-23-11-35-05-472
5.45,-0.35,666.00,8.35,10-03-23-11-35-05-507
5.41,-0.98,666.00,8.34,10-03-23-11-35-05-537
5.36,-0.67,666.00,8.44,10-03-23-11-35-05-572
5.29,-1.15,666.00,8.55,10-03-23-11-35-05-607
5.73,-5.45,666.00,7.61,10-03-23-11-35-05-646
5.88,-6.75,666.00,7.16,10-03-23-11-35-05-672
5.97,-7.34,666.00,6.93,10-03-23-11-35-05-706
5.34,-3.70,666.00,8.16,10-03-23-11-35-05-742
4.73,1.81,666.00,9.46,10-03-23-11-35-05-775
4.46,5.54,666.00,10.11,10-03-23-11-35-05-807
4.37,7.98,666.00,10.43,10-03-23-11-35-05-866
8.44,-5.37,666.00,1.91,10-03-23-11-35-05-874
11.07,-10.11,666.00,5.07,10-03-23-11-35-05-909
13.28,-13.15,666.00,9.35,10-03-23-11-35-05-947
13.99,-13.92,666.00,9.63,10-03-23-11-35-05-974
14.65,-14.81,666.00,9.27,10-03-23-11-35-06-010
15.60,-15.12,666.00,8.93,10-03-23-11-35-06-038
16.82,-15.33,666.00,9.92,10-03-23-11-35-06-072
18.54,-15.38,666.00,12.68,10-03-23-11-35-06-106
22.80,-15.97,666.00,15.66,10-03-23-11-35-06-143
25.29,-16.10,666.00,17.68,10-03-23-11-35-06-173
27.61,-15.24,666.00,19.34,10-03-23-11-35-06-211
30.10,-13.35,666.00,19.81,10-03-23-11-35-06-249
32.61,-11.04,666.00,19.53,10-03-23-11-35-06-272
35.07,-8.65,666.00,19.43,10-03-23-11-35-06-308
38.84,-5.28,666.00,19.27,10-03-23-11-35-06-338
41.93,-2.40,666.00,21.15,10-03-23-11-35-06-373
44.77,-0.03,666.00,19.40,10-03-23-11-35-06-407
47.66,1.65,666.00,16.92,10-03-23-11-35-06-444
50.74,3.66,666.00,15.77,10-03-23-11-35-06-471
53.43,5.09,666.00,13.22,10-03-23-11-35-06-509
55.55,6.21,666.00,13.46,10-03-23-11-35-06-549
58.60,7.15,666.00,12.86,10-03-23-11-35-06-571
60.92,7.93,666.00,11.17,10-03-23-11-35-06-610
62.89,8.66,666.00,10.16,10-03-23-11-35-06-638
64.85,9.54,666.00,9.08,10-03-23-11-35-06-673
67.16,10.38,666.00,7.02,10-03-23-11-35-06-705
69.20,11.10,666.00,6.52,10-03-23-11-35-06-739
71.66,11.68,666.00,4.89,10-03-23-11-35-06-775
73.30,12.12,666.00,4.93,10-03-23-11-35-06-805
74.47,12.35,666.00,5.40,10-03-23-11-35-06-846
75.72,12.59,666.00,6.52,10-03-23-11-35-06-871
76.74,12.69,666.00,9.61,10-03-23-11-35-06-907
77.69,12.68,666.00,9.97,10-03-23-11-35-06-938
78.63,12.55,666.00,9.19,10-03-23-11-35-06-973
79.54,12.42,666.00,8.22,10-03-23-11-35-07-007
80.28,12.31,666.00,7.44,10-03-23-11-35-07-043
80.85,12.20,666.00,6.74,10-03-23-11-35-07-072
81.34,12.10,666.00,5.87,10-03-23-11-35-07-106
81.80,11.98,666.00,4.84,10-03-23-11-35-07-151
82.18,11.89,666.00,3.94,10-03-23-11-35-07-172
82.52,11.81,666.00,3.13,10-03-23-11-35-07-207
82.79,11.77,666.00,2.62,10-03-23-11-35-07-239
83.16,11.53,666.00,2.08,10-03-23-11-35-07-272
83.43,11.34,666.00,1.97,10-03-23-11-35-07-306
83.65,11.18,666.00,2.29,10-03-23-11-35-07-340
83.83,11.06,666.00,2.65,10-03-23-11-35-07-374
83.98,10.97,666.00,3.03,10-03-23-11-35-07-410
84.07,10.85,666.00,3.31,10-03-23-11-35-07-439
84.12,10.80,666.00,3.49,10-03-23-11-35-07-472
84.09,10.80,666.00,3.42,10-03-23-11-35-07-507
83.95,10.59,666.00,1.49,10-03-23-11-35-07-539
83.93,10.66,666.00,4.68,10-03-23-11-35-07-573
83.82,10.76,666.00,9.32,10-03-23-11-35-07-619
83.65,10.97,666.00,11.15,10-03-23-11-35-07-639
83.53,11.16,666.00,13.30,10-03-23-11-35-07-673
83.45,11.34,666.00,15.59,10-03-23-11-35-07-707
83.39,11.50,666.00,17.06,10-03-23-11-35-07-737
83.33,11.70,666.00,18.47,10-03-23-11-35-07-774
83.28,11.88,666.00,19.90,10-03-23-11-35-07-806
83.24,12.05,666.00,21.17,10-03-23-11-35-07-836
83.21,12.20,666.00,28.75,10-03-23-11-35-07-872
83.21,12.32,31.51,33.00,10-03-23-11-35-07-908
83.20,12.44,32.10,36.32,10-03-23-11-35-07-943
83.19,12.54,33.48,38.38,10-03-23-11-35-07-973
83.20,12.62,34.76,39.54,10-03-23-11-35-08-007
83.21,12.68,35.53,40.32,10-03-23-11-35-08-042
83.23,12.73,35.98,40.94,10-03-23-11-35-08-070
83.24,12.78,36.20,41.38,10-03-23-11-35-08-108
83.30,12.79,36.18,41.69,10-03-23-11-35-08-139
83.35,12.81,36.05,41.98,10-03-23-11-35-08-173
83.37,12.83,35.91,42.18,10-03-23-11-35-08-212
83.43,12.84,35.75,42.63,10-03-23-11-35-08-238
83.49,12.84,34.82,43.06,10-03-23-11-35-08-271
83.57,12.83,33.91,43.32,10-03-23-11-35-08-307
83.64,12.82,33.00,43.47,10-03-23-11-35-08-338
83.66,12.83,32.05,44.01,10-03-23-11-35-08-371
83.70,12.84,30.52,44.29,10-03-23-11-35-08-407
83.74,12.86,29.44,44.45,10-03-23-11-35-08-438
83.80,12.88,28.86,44.44,10-03-23-11-35-08-471
83.85,12.91,28.12,44.07,10-03-23-11-35-08-515
83.96,12.92,27.46,43.35,10-03-23-11-35-08-541
84.15,12.95,26.85,42.36,10-03-23-11-35-08-573
84.45,13.01,23.68,38.15,10-03-23-11-35-08-606
84.81,13.08,22.49,35.69,10-03-23-11-35-08-640
85.18,13.18,20.85,33.28,10-03-23-11-35-08-675
85.54,13.27,19.06,31.17,10-03-23-11-35-08-708
85.90,13.31,666.00,28.79,10-03-23-11-35-08-742
86.45,13.30,666.00,26.44,10-03-23-11-35-08-772
87.25,13.31,666.00,23.91,10-03-23-11-35-08-813
87.96,13.34,666.00,21.79,10-03-23-11-35-08-841
88.51,13.37,666.00,19.05,10-03-23-11-35-08-872
89.03,13.50,666.00,14.57,10-03-23-11-35-08-908
89.46,13.62,666.00,12.54,10-03-23-11-35-08-940
90.62,14.83,666.00,9.26,10-03-23-11-35-08-971
91.13,15.08,666.00,5.28,10-03-23-11-35-09-005
91.50,15.19,666.00,4.56,10-03-23-11-35-09-040
91.73,15.22,666.00,5.89,10-03-23-11-35-09-072
91.87,15.16,666.00,7.13,10-03-23-11-35-09-114
91.48,15.87,666.00,8.57,10-03-23-11-35-09-144
91.44,15.97,666.00,9.49,10-03-23-11-35-09-173
91.40,16.03,666.00,9.47,10-03-23-11-35-09-206
91.35,16.02,666.00,12.43,10-03-23-11-35-09-240
91.09,16.22,666.00,14.48,10-03-23-11-35-09-271
90.90,16.27,666.00,15.18,10-03-23-11-35-09-313
90.72,16.19,666.00,15.37,10-03-23-11-35-09-343
90.46,15.98,666.00,14.60,10-03-23-11-35-09-376
90.22,15.60,666.00,15.27,10-03-23-11-35-09-413
90.01,15.13,666.00,15.53,10-03-23-11-35-09-439
89.84,14.70,666.00,15.37,10-03-23-11-35-09-475
89.72,14.29,666.00,15.16,10-03-23-11-35-09-509
89.59,13.94,666.00,14.93,10-03-23-11-35-09-544
89.46,13.61,666.00,14.63,10-03-23-11-35-09-582
89.35,13.37,666.00,14.25,10-03-23-11-35-09-605
89.29,13.21,666.00,13.11,10-03-23-11-35-09-638
89.25,13.09,666.00,11.88,10-03-23-11-35-09-671
89.21,12.98,666.00,9.93,10-03-23-11-35-09-705
89.21,12.90,666.00,8.91,10-03-23-11-35-09-743
89.22,12.83,666.00,6.47,10-03-23-11-35-09-774
89.26,12.79,666.00,5.12,10-03-23-11-35-09-810
89.31,12.77,666.00,4.19,10-03-23-11-35-09-841
89.37,12.77,666.00,3.45,10-03-23-11-35-09-881
89.45,12.77,666.00,2.59,10-03-23-11-35-09-908
89.51,12.78,666.00,1.00,10-03-23-11-35-09-940
89.57,12.80,666.00,1.03,10-03-23-11-35-09-973
89.60,12.81,666.00,5.21,10-03-23-11-35-10-006
89.60,12.86,666.00,6.85,10-03-23-11-35-10-040
89.59,12.95,666.00,8.48,10-03-23-11-35-10-073
89.59,13.00,666.00,11.24,10-03-23-11-35-10-107
89.58,13.03,666.00,14.04,10-03-23-11-35-10-139
89.57,13.03,666.00,20.77,10-03-23-11-35-10-189
89.55,13.02,666.00,23.94,10-03-23-11-35-10-207
89.54,12.97,666.00,27.22,10-03-23-11-35-10-240
89.53,12.91,666.00,28.47,10-03-23-11-35-10-272
89.51,12.86,666.00,29.30,10-03-23-11-35-10-305
89.49,12.81,666.00,29.78,10-03-23-11-35-10-339
89.48,12.76,666.00,29.96,10-03-23-11-35-10-373
89.48,12.71,7.73,30.10,10-03-23-11-35-10-408
89.49,12.66,7.63,30.34,10-03-23-11-35-10-441
89.51,12.64,7.49,30.82,10-03-23-11-35-10-471
89.54,12.61,7.23,31.24,10-03-23-11-35-10-504
89.61,12.61,6.82,31.74,10-03-23-11-35-10-539
89.68,12.58,5.89,31.90,10-03-23-11-35-10-571
89.70,12.53,6.26,34.42,10-03-23-11-35-10-604
89.71,12.47,6.47,36.07,10-03-23-11-35-10-640
89.73,12.43,6.47,36.99,10-03-23-11-35-10-673
89.72,12.41,6.59,38.06,10-03-23-11-35-10-705
89.73,12.39,6.79,38.33,10-03-23-11-35-10-739
89.73,12.41,7.13,38.87,10-03-23-11-35-10-773
89.74,12.47,7.28,39.30,10-03-23-11-35-10-808
89.76,12.45,8.03,41.07,10-03-23-11-35-10-841
89.78,12.46,6.53,40.70,10-03-23-11-35-10-872
89.80,12.48,6.21,39.96,10-03-23-11-35-10-906
89.78,12.53,5.72,39.51,10-03-23-11-35-10-945
89.76,12.59,4.60,38.22,10-03-23-11-35-10-970
89.76,12.64,3.63,37.18,10-03-23-11-35-11-007
89.75,12.67,4.57,33.14,10-03-23-11-35-11-039
89.75,12.70,5.00,31.17,10-03-23-11-35-11-070
89.76,12.70,666.00,29.92,10-03-23-11-35-11-108
89.89,12.62,666.00,28.83,10-03-23-11-35-11-138
90.06,12.54,666.00,25.95,10-03-23-11-35-11-172
90.22,12.54,666.00,24.27,10-03-23-11-35-11-208
90.36,12.59,666.00,23.11,10-03-23-11-35-11-248
90.57,12.64,666.00,21.48,10-03-23-11-35-11-270
90.84,12.68,666.00,20.05,10-03-23-11-35-11-308
91.14,12.73,666.00,17.83,10-03-23-11-35-11-340
91.43,12.77,666.00,16.19,10-03-23-11-35-11-371
91.69,12.80,666.00,14.91,10-03-23-11-35-11-410
91.93,12.83,666.00,13.87,10-03-23-11-35-11-437
92.14,12.90,666.00,12.22,10-03-23-11-35-11-471
92.33,13.01,666.00,10.76,10-03-23-11-35-11-512
92.59,13.57,666.00,6.13,10-03-23-11-35-11-549
92.80,13.69,666.00,3.85,10-03-23-11-35-11-570
92.98,13.81,666.00,1.87,10-03-23-11-35-11-607
93.11,13.90,666.00,1.39,10-03-23-11-35-11-640
93.20,13.98,666.00,1.85,10-03-23-11-35-11-674
93.27,14.04,666.00,2.70,10-03-23-11-35-11-704
92.82,14.41,666.00,2.64,10-03-23-11-35-11-739
92.44,14.70,666.00,2.66,10-03-23-11-35-11-772
92.12,14.95,666.00,4.96,10-03-23-11-35-11-808
92.06,15.15,666.00,6.31,10-03-23-11-35-11-847
92.05,15.32,666.00,8.38,10-03-23-11-35-11-872
92.05,15.47,666.00,9.82,10-03-23-11-35-11-906
92.04,15.61,666.00,10.78,10-03-23-11-35-11-938
91.32,16.21,666.00,10.36,10-03-23-11-35-11-975
91.02,16.49,666.00,10.83,10-03-23-11-35-12-007
90.81,16.62,666.00,11.17,10-03-23-11-35-12-042
90.64,16.67,666.00,11.28,10-03-23-11-35-12-071
90.51,16.71,666.00,11.30,10-03-23-11-35-12-106
90.40,16.70,666.00,11.23,10-03-23-11-35-12-140
90.30,16.67,666.00,11.26,10-03-23-11-35-12-175
90.21,16.64,666.00,11.20,10-03-23-11-35-12-207
89.51,16.78,666.00,10.68,10-03-23-11-35-12-241
89.26,16.48,666.00,9.75,10-03-23-11-35-12-271
89.08,16.18,666.00,9.18,10-03-23-11-35-12-308
88.97,15.91,666.00,8.75,10-03-23-11-35-12-341
88.91,15.69,666.00,5.43,10-03-23-11-35-12-371
88.88,15.48,666.00,5.99,10-03-23-11-35-12-408
88.92,15.31,666.00,7.28,10-03-23-11-35-12-437
89.02,15.32,666.00,1.97,10-03-23-11-35-12-473
89.23,15.27,666.00,1.40,10-03-23-11-35-12-506
89.45,15.20,666.00,1.99,10-03-23-11-35-12-537
89.67,15.15,666.00,1.83,10-03-23-11-35-12-575
89.86,15.11,666.00,1.96,10-03-23-11-35-12-610
90.02,15.08,666.00,1.84,10-03-23-11-35-12-638
90.09,15.37,666.00,3.48,10-03-23-11-35-12-674
90.15,15.21,666.00,4.59,10-03-23-11-35-12-709
90.20,15.11,666.00,5.22,10-03-23-11-35-12-740
90.22,15.01,666.00,6.05,10-03-23-11-35-12-777
90.01,15.32,666.00,8.78,10-03-23-11-35-12-807
89.74,15.13,666.00,10.45,10-03-23-11-35-12-839
89.50,14.94,666.00,12.05,10-03-23-11-35-12-874
89.31,14.79,666.00,15.09,10-03-23-11-35-12-915
89.16,14.68,666.00,17.58,10-03-23-11-35-12-942
89.04,14.60,666.00,19.26,10-03-23-11-35-12-973
88.95,14.54,666.00,24.08,10-03-23-11-35-13-007
88.88,14.50,666.00,25.87,10-03-23-11-35-13-039
88.84,14.46,666.00,27.23,10-03-23-11-35-13-072
88.80,14.43,666.00,28.91,10-03-23-11-35-13-107
88.79,14.41,-3.70,30.42,10-03-23-11-35-13-137
88.81,14.37,-3.68,31.09,10-03-23-11-35-13-172
88.80,14.37,-3.19,31.49,10-03-23-11-35-13-214
88.79,14.36,-2.91,31.78,10-03-23-11-35-13-240
88.76,14.39,-2.52,32.03,10-03-23-11-35-13-272
88.81,14.36,-2.52,32.20,10-03-23-11-35-13-307
88.82,14.33,-2.37,32.38,10-03-23-11-35-13-340
88.84,14.27,-2.23,32.54,10-03-23-11-35-13-370
88.83,14.23,-2.08,32.73,10-03-23-11-35-13-409
88.79,14.23,-1.81,33.01,10-03-23-11-35-13-438
88.75,14.22,-1.18,33.91,10-03-23-11-35-13-471
88.67,14.25,-1.51,34.86,10-03-23-11-35-13-507
88.56,14.32,-0.63,36.05,10-03-23-11-35-13-538
88.47,14.36,-0.26,36.71,10-03-23-11-35-13-572
88.37,14.39,0.41,37.38,10-03-23-11-35-13-610
88.34,14.34,0.69,37.77,10-03-23-11-35-13-638
88.31,14.31,0.89,38.08,10-03-23-11-35-13-675
88.29,14.27,1.08,38.35,10-03-23-11-35-13-709
88.28,14.22,1.05,38.50,10-03-23-11-35-13-741
88.26,14.18,1.24,38.67,10-03-23-11-35-13-770
88.24,14.13,1.44,38.73,10-03-23-11-35-13-808
88.22,14.08,1.70,38.74,10-03-23-11-35-13-842
88.21,14.01,-0.09,37.23,10-03-23-11-35-13-872
88.20,13.93,-0.12,37.01,10-03-23-11-35-13-911
88.19,13.84,0.26,36.76,10-03-23-11-35-13-940
88.19,13.76,0.69,36.54,10-03-23-11-35-13-979
88.24,13.70,0.71,36.19,10-03-23-11-35-14-007
88.37,13.65,0.95,35.47,10-03-23-11-35-14-041
88.70,13.59,-0.28,33.98,10-03-23-11-35-14-072
89.17,13.51,-2.31,32.27,10-03-23-11-35-14-107
89.84,13.39,666.00,28.66,10-03-23-11-35-14-139
90.56,13.28,666.00,25.64,10-03-23-11-35-14-171
91.42,13.03,666.00,22.68,10-03-23-11-35-14-206
92.16,12.78,666.00,20.04,10-03-23-11-35-14-239
92.74,12.60,666.00,15.38,10-03-23-11-35-14-281
93.23,12.43,666.00,12.16,10-03-23-11-35-14-306
93.58,12.27,666.00,9.66,10-03-23-11-35-14-342
93.86,12.10,666.00,3.92,10-03-23-11-35-14-374
93.84,12.20,666.00,2.17,10-03-23-11-35-14-406
93.73,12.30,666.00,1.77,10-03-23-11-35-14-441
93.69,12.18,666.00,2.98,10-03-23-11-35-14-473
93.56,12.07,666.00,5.65,10-03-23-11-35-14-506
93.41,12.00,666.00,6.89,10-03-23-11-35-14-539
92.67,12.16,666.00,8.62,10-03-23-11-35-14-571
92.40,12.09,666.00,10.47,10-03-23-11-35-14-607
92.16,12.04,666.00,11.14,10-03-23-11-35-14-638
91.96,11.98,666.00,12.47,10-03-23-11-35-14-671
91.74,11.90,666.00,13.07,10-03-23-11-35-14-708
91.51,11.82,666.00,13.26,10-03-23-11-35-14-740
91.32,11.75,666.00,14.08,10-03-23-11-35-14-771
91.11,11.72,666.00,17.15,10-03-23-11-35-14-808
90.90,11.72,666.00,18.17,10-03-23-11-35-14-840
87.71,12.30,666.00,12.48,10-03-23-11-35-14-873
86.16,12.68,666.00,9.64,10-03-23-11-35-14-908
85.55,12.80,666.00,7.47,10-03-23-11-35-14-939
85.12,12.89,666.00,6.55,10-03-23-11-35-14-975
84.87,12.95,666.00,6.10,10-03-23-11-35-15-007
84.75,12.99,666.00,5.85,10-03-23-11-35-15-041
84.74,13.01,666.00,5.76,10-03-23-11-35-15-070
84.85,12.99,666.00,5.63,10-03-23-11-35-15-106
85.00,12.98,666.00,5.60,10-03-23-11-35-15-142
85.18,12.96,666.00,5.94,10-03-23-11-35-15-172
85.33,12.97,666.00,6.37,10-03-23-11-35-15-208
85.47,13.12,666.00,2.61,10-03-23-11-35-15-239
85.73,12.83,666.00,1.30,10-03-23-11-35-15-272
85.94,12.59,666.00,0.65,10-03-23-11-35-15-303
86.09,12.45,666.00,2.04,10-03-23-11-35-15-349
86.17,12.45,666.00,3.24,10-03-23-11-35-15-369
86.22,12.46,666.00,3.87,10-03-23-11-35-15-407
86.19,12.46,666.00,5.51,10-03-23-11-35-15-440
86.15,12.42,666.00,6.76,10-03-23-11-35-15-472
86.07,12.32,666.00,8.77,10-03-23-11-35-15-504
85.94,12.26,666.00,10.09,10-03-23-11-35-15-538
85.80,12.19,666.00,11.22,10-03-23-11-35-15-571
85.71,12.13,666.00,12.22,10-03-23-11-35-15-607
85.57,12.12,666.00,13.51,10-03-23-11-35-15-639
85.46,12.17,666.00,18.02,10-03-23-11-35-15-672
85.35,12.23,666.00,21.40,10-03-23-11-35-15-703
85.26,12.25,666.00,24.20,10-03-23-11-35-15-740
85.18,12.27,666.00,26.25,10-03-23-11-35-15-771
85.14,12.19,666.00,28.02,10-03-23-11-35-15-813
85.12,12.08,666.00,29.60,10-03-23-11-35-15-838
85.11,12.01,22.78,31.43,10-03-23-11-35-15-869
85.11,11.92,23.05,33.11,10-03-23-11-35-15-908
85.11,11.82,23.62,34.91,10-03-23-11-35-15-938
85.10,11.71,24.24,36.83,10-03-23-11-35-15-973
85.11,11.62,24.76,38.56,10-03-23-11-35-16-008
85.08,11.50,25.01,40.06,10-03-23-11-35-16-040
85.05,11.39,25.14,41.44,10-03-23-11-35-16-075
85.02,11.27,25.43,44.88,10-03-23-11-35-16-112
84.97,11.16,26.11,47.01,10-03-23-11-35-16-140
84.93,11.05,26.48,49.01,10-03-23-11-35-16-170
84.87,10.98,26.50,50.04,10-03-23-11-35-16-208
84.82,10.92,26.52,50.75,10-03-23-11-35-16-237
84.77,10.88,26.47,51.19,10-03-23-11-35-16-270
84.74,10.86,26.40,51.33,10-03-23-11-35-16-303
84.70,10.89,26.18,51.03,10-03-23-11-35-16-337
84.67,10.95,25.66,50.28,10-03-23-11-35-16-374
84.60,11.12,25.08,48.98,10-03-23-11-35-16-416
84.56,11.29,24.81,46.41,10-03-23-11-35-16-440
84.58,11.48,23.96,43.40,10-03-23-11-35-16-475
84.67,11.67,22.78,40.65,10-03-23-11-35-16-506
84.73,11.83,18.76,35.16,10-03-23-11-35-16-540
84.80,11.96,18.77,31.24,10-03-23-11-35-16-573
84.85,12.06,666.00,28.68,10-03-23-11-35-16-610
84.93,12.12,666.00,26.65,10-03-23-11-35-16-640
85.03,12.15,666.00,22.75,10-03-23-11-35-16-672
85.12,12.20,666.00,20.95,10-03-23-11-35-16-709
85.20,12.24,666.00,19.27,10-03-23-11-35-16-741
85.24,12.36,666.00,18.07,10-03-23-11-35-16-772
85.35,12.45,666.00,16.67,10-03-23-11-35-16-812
85.48,12.51,666.00,16.10,10-03-23-11-35-16-840
85.70,12.52,666.00,14.44,10-03-23-11-35-16-879
86.01,12.50,666.00,11.39,10-03-23-11-35-16-908
86.34,12.51,666.00,9.53,10-03-23-11-35-16-942
86.61,12.49,666.00,6.10,10-03-23-11-35-16-973
86.83,12.49,666.00,4.51,10-03-23-11-35-17-011
87.04,12.47,666.00,3.38,10-03-23-11-35-17-039
87.23,12.43,666.00,0.29,10-03-23-11-35-17-072
87.42,12.42,666.00,4.20,10-03-23-11-35-17-106
87.58,12.42,666.00,5.74,10-03-23-11-35-17-140
87.71,12.40,666.00,6.77,10-03-23-11-35-17-179
87.80,12.39,666.00,7.23,10-03-23-11-35-17-208
87.88,12.38,666.00,8.86,10-03-23-11-35-17-240
87.94,12.39,666.00,9.41,10-03-23-11-35-17-270
87.99,12.41,666.00,9.91,10-03-23-11-35-17-310
88.03,12.44,666.00,10.90,10-03-23-11-35-17-341
88.05,12.47,666.00,10.74,10-03-23-11-35-17-374
88.07,12.51,666.00,10.71,10-03-23-11-35-17-407
88.09,12.54,666.00,10.21,10-03-23-11-35-17-442
88.08,12.63,666.00,9.20,10-03-23-11-35-17-471
88.07,12.71,666.00,8.63,10-03-23-11-35-17-506
88.07,12.77,666.00,6.78,10-03-23-11-35-17-542
88.07,12.83,666.00,5.82,10-03-23-11-35-17-574
88.07,12.89,666.00,5.25,10-03-23-11-35-17-604
88.07,12.94,666.00,5.04,10-03-23-11-35-17-641
88.02,13.06,666.00,3.70,10-03-23-11-35-17-673
87.96,13.21,666.00,2.60,10-03-23-11-35-17-706
87.91,13.33,666.00,1.60,10-03-23-11-35-17-737
87.38,13.02,666.00,2.34,10-03-23-11-35-17-772
87.08,12.90,666.00,5.80,10-03-23-11-35-17-806
86.70,12.89,666.00,8.59,10-03-23-11-35-17-841
86.39,12.63,666.00,11.90,10-03-23-11-35-17-872
86.42,12.66,666.00,13.75,10-03-23-11-35-17-908
86.35,12.40,666.00,15.45,10-03-23-11-35-17-941
86.32,12.25,666.00,16.59,10-03-23-11-35-17-970
86.29,12.18,666.00,17.57,10-03-23-11-35-18-006
86.20,12.16,666.00,23.73,10-03-23-11-35-18-041
86.12,12.13,666.00,25.72,10-03-23-11-35-18-073
86.05,12.12,666.00,26.90,10-03-23-11-35-18-105
86.01,12.14,666.00,27.67,10-03-23-11-35-18-139
85.98,12.19,666.00,28.22,10-03-23-11-35-18-176
85.97,12.24,13.04,32.92,10-03-23-11-35-18-206
85.98,12.25,13.17,34.59,10-03-23-11-35-18-242
85.99,12.28,13.15,34.68,10-03-23-11-35-18-271
85.99,12.33,13.12,34.69,10-03-23-11-35-18-306
85.97,12.39,13.39,35.10,10-03-23-11-35-18-339
85.91,12.49,14.35,36.43,10-03-23-11-35-18-372
85.81,12.63,15.45,38.59,10-03-23-11-35-18-407
85.71,12.68,16.32,40.06,10-03-23-11-35-18-439
85.59,12.79,17.12,41.32,10-03-23-11-35-18-470
85.45,12.92,17.87,42.41,10-03-23-11-35-18-509
85.33,13.05,18.51,43.31,10-03-23-11-35-18-549
85.21,13.18,18.98,44.15,10-03-23-11-35-18-571
85.17,13.19,19.19,44.78,10-03-23-11-35-18-607
85.11,13.25,19.36,45.47,10-03-23-11-35-18-641
85.04,13.33,19.52,46.06,10-03-23-11-35-18-672
84.98,13.42,19.70,46.55,10-03-23-11-35-18-708
84.94,13.49,19.77,46.92,10-03-23-11-35-18-740
84.93,13.56,19.73,47.12,10-03-23-11-35-18-773
84.93,13.64,19.57,47.21,10-03-23-11-35-18-805
84.95,13.70,19.12,46.79,10-03-23-11-35-18-851
84.99,13.78,16.05,44.10,10-03-23-11-35-18-873
85.08,13.88,14.22,42.58,10-03-23-11-35-18-911
85.18,13.98,12.93,41.37,10-03-23-11-35-18-940
85.30,14.07,11.93,36.82,10-03-23-11-35-18-975
85.48,14.19,11.15,33.20,10-03-23-11-35-19-009
85.71,14.28,10.70,30.28,10-03-23-11-35-19-043
86.00,14.36,666.00,24.79,10-03-23-11-35-19-072
86.28,14.44,666.00,21.69,10-03-23-11-35-19-107
86.63,14.42,666.00,18.76,10-03-23-11-35-19-140
86.87,14.42,666.00,16.95,10-03-23-11-35-19-171
87.05,14.42,666.00,14.91,10-03-23-11-35-19-208
87.23,14.41,666.00,12.24,10-03-23-11-35-19-240
87.39,14.39,666.00,10.03,10-03-23-11-35-19-274
87.47,14.38,666.00,8.18,10-03-23-11-35-19-308
87.49,14.67,666.00,5.38,10-03-23-11-35-19-340
87.54,14.67,666.00,4.45,10-03-23-11-35-19-372
87.57,14.66,666.00,3.45,10-03-23-11-35-19-406
87.60,14.60,666.00,3.48,10-03-23-11-35-19-440
87.58,14.51,666.00,2.59,10-03-23-11-35-19-472
87.54,14.45,666.00,8.10,10-03-23-11-35-19-505
87.47,14.36,666.00,9.94,10-03-23-11-35-19-539
87.36,14.28,666.00,10.87,10-03-23-11-35-19-571
87.24,14.22,666.00,10.56,10-03-23-11-35-19-614
87.16,14.16,666.00,9.12,10-03-23-11-35-19-637
87.06,14.10,666.00,8.89,10-03-23-11-35-19-673
86.27,14.26,666.00,6.77,10-03-23-11-35-19-705
86.12,14.20,666.00,6.16,10-03-23-11-35-19-736
86.00,14.16,666.00,5.77,10-03-23-11-35-19-770
85.91,14.11,666.00,5.49,10-03-23-11-35-19-808
85.83,14.08,666.00,5.30,10-03-23-11-35-19-839
85.75,14.03,666.00,5.15,10-03-23-11-35-19-879
85.71,13.93,666.00,5.07,10-03-23-11-35-19-906
85.68,13.83,666.00,4.63,10-03-23-11-35-19-938
85.24,13.53,666.00,2.34,10-03-23-11-35-19-973
85.04,13.26,666.00,1.73,10-03-23-11-35-20-004
84.90,13.01,666.00,0.89,10-03-23-11-35-20-040
84.80,12.81,666.00,3.18,10-03-23-11-35-20-077
84.46,12.50,666.00,6.38,10-03-23-11-35-20-110
84.31,12.30,666.00,8.07,10-03-23-11-35-20-137
84.19,12.15,666.00,9.47,10-03-23-11-35-20-172
84.11,12.05,666.00,12.85,10-03-23-11-35-20-204
84.06,11.97,666.00,14.68,10-03-23-11-35-20-238
84.02,11.93,666.00,18.23,10-03-23-11-35-20-270
84.00,11.86,666.00,20.86,10-03-23-11-35-20-307
84.01,11.81,666.00,23.98,10-03-23-11-35-20-342
84.05,11.67,666.00,29.76,10-03-23-11-35-20-377
84.12,11.43,26.21,32.39,10-03-23-11-35-20-405
84.30,11.27,26.71,33.59,10-03-23-11-35-20-439
84.51,11.16,26.68,34.19,10-03-23-11-35-20-471
84.86,10.99,25.37,34.41,10-03-23-11-35-20-505
85.20,10.90,23.71,34.80,10-03-23-11-35-20-537
85.46,10.81,22.49,35.27,10-03-23-11-35-20-571
85.71,10.75,21.16,41.35,10-03-23-11-35-20-603
85.90,10.76,20.41,42.75,10-03-23-11-35-20-639
86.06,10.82,19.87,44.02,10-03-23-11-35-20-686
86.21,10.90,21.03,45.21,10-03-23-11-35-20-706
86.33,10.98,21.24,45.61,10-03-23-11-35-20-739
86.44,11.07,21.00,45.75,10-03-23-11-35-20-773
86.53,11.17,20.97,47.73,10-03-23-11-35-20-806
86.60,11.28,20.55,47.39,10-03-23-11-35-20-840
86.65,11.38,20.83,47.76,10-03-23-11-35-20-874
86.69,11.47,20.61,47.75,10-03-23-11-35-20-906
86.70,11.54,20.37,47.68,10-03-23-11-35-20-939
86.69,11.64,20.23,47.63,10-03-23-11-35-20-981
86.66,11.71,20.11,47.59,10-03-23-11-35-21-007
86.62,11.76,20.20,47.75,10-03-23-11-35-21-040
86.57,11.83,20.23,47.73,10-03-23-11-35-21-071
86.51,11.88,20.27,47.64,10-03-23-11-35-21-106
86.46,11.93,20.23,47.40,10-03-23-11-35-21-139
86.41,11.98,19.92,46.89,10-03-23-11-35-21-173
86.36,12.06,19.37,46.01,10-03-23-11-35-21-215
86.33,12.17,14.39,40.86,10-03-23-11-35-21-242
86.36,12.25,11.42,37.35,10-03-23-11-35-21-272
86.41,12.32,9.59,35.01,10-03-23-11-35-21-306
86.48,12.38,9.13,30.32,10-03-23-11-35-21-348
86.59,12.42,666.00,28.26,10-03-23-11-35-21-370
86.71,12.47,666.00,23.94,10-03-23-11-35-21-403
86.82,12.53,666.00,20.45,10-03-23-11-35-21-444
86.94,12.58,666.00,18.25,10-03-23-11-35-21-469
87.11,12.70,666.00,16.08,10-03-23-11-35-21-504
87.27,12.78,666.00,12.42,10-03-23-11-35-21-539
87.50,13.72,666.00,10.02,10-03-23-11-35-21-574
87.66,14.45,666.00,8.37,10-03-23-11-35-21-606
87.75,14.83,666.00,7.09,10-03-23-11-35-21-642
87.82,15.08,666.00,5.91,10-03-23-11-35-21-673
87.88,15.15,666.00,4.71,10-03-23-11-35-21-706
87.97,15.12,666.00,0.89,10-03-23-11-35-21-747
88.07,15.02,666.00,2.51,10-03-23-11-35-21-773
88.15,14.89,666.00,3.88,10-03-23-11-35-21-808
88.24,14.73,666.00,6.04,10-03-23-11-35-21-842
88.29,14.59,666.00,8.18,10-03-23-11-35-21-873
88.08,14.60,666.00,8.75,10-03-23-11-35-21-906
88.03,14.54,666.00,8.25,10-03-23-11-35-21-937
88.00,14.42,666.00,7.87,10-03-23-11-35-21-977
87.75,14.36,666.00,6.96,10-03-23-11-35-22-008
87.72,14.24,666.00,6.68,10-03-23-11-35-22-047
87.43,14.32,666.00,6.04,10-03-23-11-35-22-073
87.18,14.37,666.00,5.52,10-03-23-11-35-22-106
86.98,14.40,666.00,5.13,10-03-23-11-35-22-140
86.83,14.41,666.00,4.64,10-03-23-11-35-22-173
86.78,14.33,666.00,7.37,10-03-23-11-35-22-205
86.67,14.22,666.00,7.45,10-03-23-11-35-22-242
86.58,14.13,666.00,7.37,10-03-23-11-35-22-271
86.50,14.04,666.00,5.51,10-03-23-11-35-22-306
86.45,13.84,666.00,3.85,10-03-23-11-35-22-351
86.36,13.65,666.00,4.13,10-03-23-11-35-22-373
86.26,13.44,666.00,5.27,10-03-23-11-35-22-409
86.18,13.25,666.00,7.16,10-03-23-11-35-22-442
86.10,13.08,666.00,8.97,10-03-23-11-35-22-472
86.01,12.86,666.00,11.54,10-03-23-11-35-22-507
85.93,12.67,666.00,13.40,10-03-23-11-35-22-541
85.87,12.46,666.00,15.08,10-03-23-11-35-22-572
85.83,12.30,666.00,16.96,10-03-23-11-35-22-607
85.80,12.12,666.00,18.79,10-03-23-11-35-22-642
85.79,11.93,666.00,25.82,10-03-23-11-35-22-673
85.79,11.79,666.00,28.87,10-03-23-11-35-22-705
85.83,11.66,17.43,30.49,10-03-23-11-35-22-743
86.00,11.51,16.23,31.37,10-03-23-11-35-22-769
86.17,11.37,15.06,31.99,10-03-23-11-35-22-812
86.28,11.31,14.05,32.67,10-03-23-11-35-22-841
86.38,11.24,14.32,34.61,10-03-23-11-35-22-877
86.45,11.19,14.12,35.96,10-03-23-11-35-22-906
86.50,11.14,15.39,37.10,10-03-23-11-35-22-942
86.52,11.11,15.87,37.76,10-03-23-11-35-22-974
86.51,11.10,16.10,38.31,10-03-23-11-35-23-007
86.40,11.10,16.49,39.16,10-03-23-11-35-23-041
86.16,11.06,17.41,40.11,10-03-23-11-35-23-073
85.92,11.03,18.23,40.95,10-03-23-11-35-23-114
85.66,11.05,19.03,41.78,10-03-23-11-35-23-138
85.40,11.08,19.83,42.51,10-03-23-11-35-23-173
85.19,11.16,20.36,43.08,10-03-23-11-35-23-208
85.00,11.25,20.91,43.52,10-03-23-11-35-23-238
84.82,11.35,21.44,43.90,10-03-23-11-35-23-274
84.63,11.49,22.03,44.27,10-03-23-11-35-23-307
84.48,11.50,22.54,44.19,10-03-23-11-35-23-337
84.37,11.49,22.85,43.75,10-03-23-11-35-23-371
84.27,11.52,23.12,42.21,10-03-23-11-35-23-417
84.21,11.56,20.74,38.09,10-03-23-11-35-23-438
84.15,11.60,21.32,33.95,10-03-23-11-35-23-477
84.13,11.62,20.41,30.74,10-03-23-11-35-23-506
84.12,11.64,666.00,28.69,10-03-23-11-35-23-540
84.12,11.64,666.00,26.32,10-03-23-11-35-23-574
84.15,11.65,666.00,24.73,10-03-23-11-35-23-606
84.18,11.65,666.00,23.71,10-03-23-11-35-23-639
84.25,11.66,666.00,22.83,10-03-23-11-35-23-680
84.37,11.67,666.00,22.03,10-03-23-11-35-23-706
84.53,11.67,666.00,18.26,10-03-23-11-35-23-739
84.89,11.78,666.00,15.77,10-03-23-11-35-23-771
85.26,11.97,666.00,13.69,10-03-23-11-35-23-806
85.56,12.18,666.00,11.18,10-03-23-11-35-23-842
85.82,12.36,666.00,9.35,10-03-23-11-35-23-875
86.07,12.70,666.00,5.54,10-03-23-11-35-23-906
86.24,13.01,666.00,3.63,10-03-23-11-35-23-939
86.40,13.24,666.00,2.39,10-03-23-11-35-23-972
86.49,13.40,666.00,1.56,10-03-23-11-35-24-005
86.53,13.53,666.00,0.83,10-03-23-11-35-24-038
86.54,13.61,666.00,4.70,10-03-23-11-35-24-072
86.56,13.68,666.00,7.97,10-03-23-11-35-24-107
86.30,14.31,666.00,10.12,10-03-23-11-35-24-140
86.23,14.40,666.00,9.78,10-03-23-11-35-24-180
86.17,14.44,666.00,8.98,10-03-23-11-35-24-208
85.71,14.71,666.00,8.14,10-03-23-11-35-24-238
85.56,14.72,666.00,6.69,10-03-23-11-35-24-271
85.24,14.81,666.00,5.43,10-03-23-11-35-24-307
85.30,14.66,666.00,5.07,10-03-23-11-35-24-340
85.02,14.74,666.00,4.74,10-03-23-11-35-24-372
85.10,14.19,666.00,3.99,10-03-23-11-35-24-408
85.04,13.99,666.00,4.12,10-03-23-11-35-24-439
85.11,13.75,666.00,2.85,10-03-23-11-35-24-470
85.02,13.27,666.00,2.53,10-03-23-11-35-24-505
85.00,12.92,666.00,2.55,10-03-23-11-35-24-538
85.02,12.59,666.00,3.11,10-03-23-11-35-24-572
85.10,12.29,666.00,3.99,10-03-23-11-35-24-606
85.22,11.99,666.00,5.34,10-03-23-11-35-24-638
85.27,11.76,666.00,6.91,10-03-23-11-35-24-670
85.33,11.63,666.00,9.75,10-03-23-11-35-24-704
85.35,11.43,666.00,13.25,10-03-23-11-35-24-738
85.35,11.27,666.00,15.34,10-03-23-11-35-24-771
85.36,11.08,666.00,16.68,10-03-23-11-35-24-805
85.33,10.96,666.00,17.75,10-03-23-11-35-24-838
85.32,10.83,666.00,18.72,10-03-23-11-35-24-870
85.29,10.78,666.00,22.50,10-03-23-11-35-24-905
85.27,10.76,666.00,29.03,10-03-23-11-35-24-946
85.26,10.76,13.61,31.86,10-03-23-11-35-24-972
85.25,10.78,13.92,33.75,10-03-23-11-35-25-006
85.24,10.83,14.05,35.38,10-03-23-11-35-25-040
85.24,10.83,17.29,37.03,10-03-23-11-35-25-072
85.21,10.92,19.00,38.64,10-03-23-11-35-25-105
85.20,10.95,19.91,39.67,10-03-23-11-35-25-140
85.18,10.97,20.41,40.49,10-03-23-11-35-25-174
85.16,11.02,20.75,41.14,10-03-23-11-35-25-208
85.14,11.08,20.05,44.98,10-03-23-11-35-25-248
85.13,11.09,20.41,47.43,10-03-23-11-35-25-273
85.13,11.11,20.61,48.12,10-03-23-11-35-25-307
85.13,11.14,19.73,43.93,10-03-23-11-35-25-342
85.13,11.16,16.07,43.71,10-03-23-11-35-25-372
85.13,11.20,14.50,40.58,10-03-23-11-35-25-405
85.14,11.24,13.32,39.21,10-03-23-11-35-25-438
85.15,11.28,12.72,37.14,10-03-23-11-35-25-471
85.19,11.30,10.97,35.39,10-03-23-11-35-25-506
85.23,11.33,9.98,34.35,10-03-23-11-35-25-549
85.26,11.33,666.00,29.99,10-03-23-11-35-25-572
85.31,11.29,666.00,26.98,10-03-23-11-35-25-605
85.34,11.29,666.00,22.68,10-03-23-11-35-25-639
85.37,11.29,666.00,19.60,10-03-23-11-35-25-672
85.41,11.24,666.00,15.58,10-03-23-11-35-25-711
85.44,11.22,666.00,13.48,10-03-23-11-35-25-738
85.45,11.23,666.00,9.26,10-03-23-11-35-25-774
85.48,11.17,666.00,7.60,10-03-23-11-35-25-805
85.41,11.16,666.00,5.94,10-03-23-11-35-25-837
85.29,11.17,666.00,4.92,10-03-23-11-35-25-868
85.11,11.23,666.00,4.13,10-03-23-11-35-25-907
84.78,11.39,666.00,4.35,10-03-23-11-35-25-940
84.44,11.59,666.00,5.25,10-03-23-11-35-25-973
84.10,11.78,666.00,6.15,10-03-23-11-35-26-008
83.74,12.00,666.00,6.12,10-03-23-11-35-26-041
83.31,12.25,666.00,6.11,10-03-23-11-35-26-073
82.95,12.45,666.00,5.88,10-03-23-11-35-26-114
82.66,12.61,666.00,5.46,10-03-23-11-35-26-139
82.43,12.75,666.00,4.38,10-03-23-11-35-26-170
82.25,12.85,666.00,3.59,10-03-23-11-35-26-212
82.11,12.92,666.00,2.89,10-03-23-11-35-26-239
81.79,13.69,666.00,1.72,10-03-23-11-35-26-273
81.66,13.90,666.00,1.40,10-03-23-11-35-26-315
81.58,14.04,666.00,2.35,10-03-23-11-35-26-339
81.52,14.12,666.00,2.74,10-03-23-11-35-26-370
81.49,14.14,666.00,2.94,10-03-23-11-35-26-407
81.49,14.16,666.00,2.40,10-03-23-11-35-26-439
81.50,14.18,666.00,2.16,10-03-23-11-35-26-472
81.52,14.16,666.00,2.03,10-03-23-11-35-26-508
81.54,14.14,666.00,2.10,10-03-23-11-35-26-541
81.57,14.11,666.00,5.65,10-03-23-11-35-26-576
81.61,14.06,666.00,7.49,10-03-23-11-35-26-611
81.66,13.99,666.00,10.66,10-03-23-11-35-26-637
81.94,14.02,666.00,12.71,10-03-23-11-35-26-671
82.23,13.66,666.00,13.55,10-03-23-11-35-26-707
82.47,13.37,666.00,16.25,10-03-23-11-35-26-740
82.66,13.10,666.00,17.83,10-03-23-11-35-26-771
82.80,12.90,666.00,21.31,10-03-23-11-35-26-806
82.92,12.72,666.00,23.21,10-03-23-11-35-26-839
83.01,12.57,666.00,24.34,10-03-23-11-35-26-873
83.07,12.45,666.00,27.44,10-03-23-11-35-26-916
83.12,12.37,25.57,33.22,10-03-23-11-35-26-940
83.17,12.27,26.27,35.99,10-03-23-11-35-26-979
83.23,12.09,26.76,37.86,10-03-23-11-35-27-005
83.28,11.87,26.63,40.52,10-03-23-11-35-27-040
83.34,11.62,26.35,41.86,10-03-23-11-35-27-073
83.39,11.42,28.22,42.77,10-03-23-11-35-27-108
83.46,11.21,26.18,45.36,10-03-23-11-35-27-139
83.52,11.06,28.05,45.80,10-03-23-11-35-27-172
83.59,10.95,28.93,45.92,10-03-23-11-35-27-217
83.65,10.86,29.26,46.07,10-03-23-11-35-27-240
83.69,10.79,30.00,47.58,10-03-23-11-35-27-274
83.71,10.73,29.87,49.14,10-03-23-11-35-27-306
83.72,10.70,29.98,49.73,10-03-23-11-35-27-341
83.74,10.64,29.83,49.62,10-03-23-11-35-27-373
83.75,10.58,29.75,49.77,10-03-23-11-35-27-405
83.76,10.55,28.70,47.67,10-03-23-11-35-27-443
83.76,10.51,27.97,45.64,10-03-23-11-35-27-473
83.76,10.47,23.63,44.59,10-03-23-11-35-27-506
83.78,10.43,23.18,43.07,10-03-23-11-35-27-541
83.81,10.39,23.41,41.83,10-03-23-11-35-27-573
83.85,10.37,23.33,40.93,10-03-23-11-35-27-607
83.96,10.34,20.87,39.61,10-03-23-11-35-27-637
84.34,10.30,18.50,38.46,10-03-23-11-35-27-676
84.71,10.25,16.52,37.29,10-03-23-11-35-27-705
85.03,10.21,14.96,36.20,10-03-23-11-35-27-745
85.36,10.13,15.69,32.37,10-03-23-11-35-27-774
85.69,10.11,666.00,29.73,10-03-23-11-35-27-807
86.06,10.04,666.00,25.87,10-03-23-11-35-27-842
86.41,9.98,666.00,23.03,10-03-23-11-35-27-872
86.77,9.89,666.00,20.37,10-03-23-11-35-27-906
87.02,9.84,666.00,18.29,10-03-23-11-35-27-948
87.26,9.74,666.00,15.19,10-03-23-11-35-27-981
87.66,9.67,666.00,12.89,10-03-23-11-35-28-007
89.40,10.01,666.00,8.43,10-03-23-11-35-28-038
90.12,10.11,666.00,4.79,10-03-23-11-35-28-070
90.65,10.16,666.00,1.72,10-03-23-11-35-28-107
90.70,10.30,666.00,1.70,10-03-23-11-35-28-144
90.64,10.40,666.00,4.94,10-03-23-11-35-28-172
90.53,10.29,666.00,6.70,10-03-23-11-35-28-205
90.34,10.20,666.00,7.32,10-03-23-11-35-28-239
90.10,10.21,666.00,9.23,10-03-23-11-35-28-281
89.84,10.24,666.00,8.55,10-03-23-11-35-28-309
89.61,10.26,666.00,7.95,10-03-23-11-35-28-339
89.38,10.29,666.00,7.41,10-03-23-11-35-28-375
89.18,10.34,666.00,6.92,10-03-23-11-35-28-406
88.98,10.42,666.00,6.45,10-03-23-11-35-28-438
88.81,10.52,666.00,5.02,10-03-23-11-35-28-472
88.68,10.59,666.00,3.82,10-03-23-11-35-28-506
88.57,10.65,666.00,3.15,10-03-23-11-35-28-546
88.44,10.78,666.00,2.76,10-03-23-11-35-28-571
88.33,10.85,666.00,2.50,10-03-23-11-35-28-604
88.24,10.92,666.00,2.40,10-03-23-11-35-28-646
88.14,11.04,666.00,2.39,10-03-23-11-35-28-672
88.04,11.15,666.00,2.38,10-03-23-11-35-28-711
87.93,11.27,666.00,2.74,10-03-23-11-35-28-743
87.82,11.41,666.00,2.01,10-03-23-11-35-28-772
87.72,11.53,666.00,1.78,10-03-23-11-35-28-807
87.53,11.58,666.00,1.87,10-03-23-11-35-28-837
87.39,11.57,666.00,3.61,10-03-23-11-35-28-871
87.28,11.57,666.00,4.74,10-03-23-11-35-28-905
87.20,11.59,666.00,7.05,10-03-23-11-35-28-940
87.18,11.69,666.00,8.61,10-03-23-11-35-28-974
87.16,11.77,666.00,10.60,10-03-23-11-35-29-007
87.18,11.86,666.00,11.90,10-03-23-11-35-29-048
87.20,11.93,666.00,13.07,10-03-23-11-35-29-073
87.12,11.88,666.00,18.56,10-03-23-11-35-29-106
86.99,11.80,666.00,22.03,10-03-23-11-35-29-137
86.85,11.69,666.00,25.38,10-03-23-11-35-29-173
86.73,11.65,666.00,29.86,10-03-23-11-35-29-207
86.61,11.63,9.96,31.57,10-03-23-11-35-29-242
86.52,11.71,10.41,32.71,10-03-23-11-35-29-271
86.41,11.77,10.74,34.38,10-03-23-11-35-29-305
86.33,11.82,14.47,34.80,10-03-23-11-35-29-349
86.26,11.89,15.96,35.30,10-03-23-11-35-29-371
86.25,11.80,16.53,35.69,10-03-23-11-35-29-407
86.22,11.70,12.78,40.70,10-03-23-11-35-29-440
86.11,11.63,12.18,42.19,10-03-23-11-35-29-475
85.97,11.57,12.05,43.16,10-03-23-11-35-29-506
85.84,11.42,12.14,43.78,10-03-23-11-35-29-541
85.72,11.30,12.99,44.79,10-03-23-11-35-29-576
85.57,11.21,13.93,45.53,10-03-23-11-35-29-611
85.48,11.03,14.58,46.02,10-03-23-11-35-29-654
85.42,10.76,15.13,46.35,10-03-23-11-35-29-673
85.35,10.64,15.63,46.63,10-03-23-11-35-29-704
85.30,10.49,16.03,46.80,10-03-23-11-35-29-740
85.28,10.32,16.31,46.85,10-03-23-11-35-29-771
85.28,10.14,16.47,46.72,10-03-23-11-35-29-807
85.28,10.06,16.52,46.45,10-03-23-11-35-29-841
85.34,10.05,16.11,45.61,10-03-23-11-35-29-871
85.43,9.96,15.46,44.47,10-03-23-11-35-29-906
85.57,10.05,13.26,40.65,10-03-23-11-35-29-939
85.71,10.17,9.65,37.16,10-03-23-11-35-29-973
85.86,10.22,6.83,34.88,10-03-23-11-35-30-006
86.10,10.33,3.90,32.08,10-03-23-11-35-30-038
86.35,10.44,666.00,29.26,10-03-23-11-35-30-072
86.66,10.57,666.00,27.66,10-03-23-11-35-30-113
86.96,10.65,666.00,24.79,10-03-23-11-35-30-138
87.57,10.92,666.00,22.02,10-03-23-11-35-30-175
89.49,11.37,666.00,17.70,10-03-23-11-35-30-209
91.30,11.73,666.00,10.56,10-03-23-11-35-30-241
92.77,12.98,666.00,5.66,10-03-23-11-35-30-271
93.90,13.35,666.00,1.54,10-03-23-11-35-30-311
94.49,13.58,666.00,2.50,10-03-23-11-35-30-337
94.83,13.62,666.00,4.64,10-03-23-11-35-30-376
94.98,13.43,666.00,6.16,10-03-23-11-35-30-414
94.96,13.08,666.00,6.87,10-03-23-11-35-30-437
94.82,12.70,666.00,7.08,10-03-23-11-35-30-474
94.48,12.41,666.00,6.77,10-03-23-11-35-30-510
94.04,12.16,666.00,6.22,10-03-23-11-35-30-537
93.70,11.95,666.00,5.72,10-03-23-11-35-30-571
93.19,11.68,666.00,4.85,10-03-23-11-35-30-606
92.91,11.51,666.00,4.33,10-03-23-11-35-30-637
92.71,11.37,666.00,3.91,10-03-23-11-35-30-671
92.59,11.26,666.00,3.58,10-03-23-11-35-30-713
92.50,11.16,666.00,3.31,10-03-23-11-35-30-742
92.44,11.07,666.00,3.11,10-03-23-11-35-30-771
92.43,10.99,666.00,2.98,10-03-23-11-35-30-806
92.43,10.91,666.00,2.89,10-03-23-11-35-30-838
92.46,10.84,666.00,2.84,10-03-23-11-35-30-871
92.49,10.78,666.00,2.81,10-03-23-11-35-30-905
92.53,10.72,666.00,2.81,10-03-23-11-35-30-939
92.57,10.67,666.00,2.81,10-03-23-11-35-30-968
92.64,10.57,666.00,2.87,10-03-23-11-35-31-013
92.64,10.54,666.00,2.76,10-03-23-11-35-31-039
92.61,10.50,666.00,2.38,10-03-23-11-35-31-074
92.60,10.47,666.00,0.54,10-03-23-11-35-31-107
92.52,10.42,666.00,1.58,10-03-23-11-35-31-140
92.07,9.87,666.00,5.86,10-03-23-11-35-31-173
91.65,9.33,666.00,8.66,10-03-23-11-35-31-207
91.12,8.75,666.00,12.28,10-03-23-11-35-31-241
90.58,8.19,666.00,14.96,10-03-23-11-35-31-270
90.09,7.75,666.00,16.97,10-03-23-11-35-31-305
89.51,7.26,666.00,23.93,10-03-23-11-35-31-339
89.01,6.83,666.00,27.05,10-03-23-11-35-31-370
88.61,6.45,666.00,29.53,10-03-23-11-35-31-406
88.26,6.05,10.20,31.12,10-03-23-11-35-31-439
87.95,5.63,12.70,32.80,10-03-23-11-35-31-483
87.67,5.36,15.78,35.00,10-03-23-11-35-31-505
87.44,5.16,21.47,37.24,10-03-23-11-35-31-539
87.20,4.99,26.24,40.19,10-03-23-11-35-31-572
86.96,4.81,29.87,41.91,10-03-23-11-35-31-607
86.71,4.69,32.92,43.31,10-03-23-11-35-31-641
86.41,4.53,36.14,44.56,10-03-23-11-35-31-674
85.78,4.10,42.79,46.17,10-03-23-11-35-31-704
85.23,3.85,47.99,47.73,10-03-23-11-35-31-738
84.77,3.69,51.65,49.01,10-03-23-11-35-31-782
84.43,3.58,59.17,50.62,10-03-23-11-35-31-804
84.19,3.54,62.60,51.57,10-03-23-11-35-31-838
84.02,3.60,63.33,52.19,10-03-23-11-35-31-872
83.92,3.70,62.98,52.60,10-03-23-11-35-31-907
83.88,3.73,57.83,51.21,10-03-23-11-35-31-942
83.86,3.72,56.90,51.17,10-03-23-11-35-31-970
83.87,3.74,55.79,51.26,10-03-23-11-35-32-004
83.89,3.80,54.76,51.42,10-03-23-11-35-32-038
83.93,3.81,54.29,51.45,10-03-23-11-35-32-082
83.97,3.80,66.77,50.07,10-03-23-11-35-32-107
84.01,3.79,64.90,47.20,10-03-23-11-35-32-139
84.06,3.77,60.58,45.10,10-03-23-11-35-32-174
84.13,3.79,57.10,43.92,10-03-23-11-35-32-205
84.19,3.85,53.64,43.02,10-03-23-11-35-32-239
84.31,3.98,50.72,41.58,10-03-23-11-35-32-273
84.52,4.04,42.12,39.08,10-03-23-11-35-32-306
84.80,4.18,36.63,37.74,10-03-23-11-35-32-339
85.11,4.26,33.12,36.63,10-03-23-11-35-32-381
85.51,4.46,32.89,31.39,10-03-23-11-35-32-413
85.97,4.72,666.00,27.56,10-03-23-11-35-32-438
86.37,4.91,666.00,24.56,10-03-23-11-35-32-471
86.65,5.15,666.00,19.12,10-03-23-11-35-32-508
86.90,5.42,666.00,15.85,10-03-23-11-35-32-538
87.13,5.67,666.00,13.18,10-03-23-11-35-32-573
87.40,5.92,666.00,9.42,10-03-23-11-35-32-604
87.61,6.10,666.00,8.05,10-03-23-11-35-32-639
87.76,6.25,666.00,6.09,10-03-23-11-35-32-671
87.87,6.35,666.00,6.37,10-03-23-11-35-32-706
87.95,6.46,666.00,6.23,10-03-23-11-35-32-737
87.99,6.59,666.00,6.23,10-03-23-11-35-32-773
88.01,6.73,666.00,5.55,10-03-23-11-35-32-807
87.99,6.88,666.00,5.02,10-03-23-11-35-32-840
87.98,7.02,666.00,4.55,10-03-23-11-35-32-875
87.97,7.25,666.00,3.94,10-03-23-11-35-32-906
87.93,7.45,666.00,1.95,10-03-23-11-35-32-940
87.87,7.64,666.00,1.06,10-03-23-11-35-32-974
87.86,7.71,666.00,0.98,10-03-23-11-35-33-007
87.88,7.75,666.00,1.03,10-03-23-11-35-33-041
87.90,7.75,666.00,1.55,10-03-23-11-35-33-073
87.92,7.74,666.00,3.24,10-03-23-11-35-33-108
87.96,7.71,666.00,4.14,10-03-23-11-35-33-144
87.98,7.72,666.00,4.94,10-03-23-11-35-33-173
87.98,7.72,666.00,6.01,10-03-23-11-35-33-208
87.85,7.81,666.00,8.63,10-03-23-11-35-33-239
87.24,7.97,666.00,10.33,10-03-23-11-35-33-272
85.88,8.23,666.00,10.03,10-03-23-11-35-33-307
83.87,8.44,666.00,9.87,10-03-23-11-35-33-339
80.71,8.90,666.00,8.77,10-03-23-11-35-33-372
77.54,9.06,666.00,7.65,10-03-23-11-35-33-403
74.24,9.34,666.00,5.42,10-03-23-11-35-33-443
70.98,9.40,666.00,4.61,10-03-23-11-35-33-471
67.71,9.10,666.00,5.62,10-03-23-11-35-33-507
65.07,8.61,666.00,4.36,10-03-23-11-35-33-541
60.78,8.15,666.00,3.70,10-03-23-11-35-33-575
58.45,7.89,666.00,4.50,10-03-23-11-35-33-606
57.02,7.67,666.00,4.68,10-03-23-11-35-33-641
55.14,7.43,666.00,5.91,10-03-23-11-35-33-670
53.52,6.84,666.00,8.41,10-03-23-11-35-33-708
51.53,6.31,666.00,9.00,10-03-23-11-35-33-750
49.11,5.86,666.00,8.69,10-03-23-11-35-33-771
46.79,5.60,666.00,8.84,10-03-23-11-35-33-813
43.82,5.43,666.00,7.67,10-03-23-11-35-33-840
40.70,4.90,666.00,7.93,10-03-23-11-35-33-870
38.18,4.37,666.00,6.78,10-03-23-11-35-33-908
35.71,3.83,666.00,6.23,10-03-23-11-35-33-939
33.15,3.46,666.00,5.46,10-03-23-11-35-33-975
23.77,7.80,666.00,10.43,10-03-23-11-35-34-013
20.15,10.23,666.00,13.46,10-03-23-11-35-34-048
18.00,11.86,666.00,11.41,10-03-23-11-35-34-073
16.26,13.32,666.00,11.60,10-03-23-11-35-34-107
13.72,16.39,666.00,14.10,10-03-23-11-35-34-137
12.75,17.95,666.00,12.55,10-03-23-11-35-34-175
11.56,21.20,666.00,11.16,10-03-23-11-35-34-207
10.90,23.61,666.00,7.68,10-03-23-11-35-34-238
10.47,25.37,666.00,6.38,10-03-23-11-35-34-271
10.25,26.39,666.00,5.55,10-03-23-11-35-34-306
10.12,27.30,666.00,5.18,10-03-23-11-35-34-340
10.07,27.70,666.00,5.06,10-03-23-11-35-34-371
10.05,27.57,666.00,5.28,10-03-23-11-35-34-412
10.05,27.21,666.00,5.72,10-03-23-11-35-34-437
10.07,26.65,666.00,6.51,10-03-23-11-35-34-472
11.08,19.79,666.00,3.60,10-03-23-11-35-34-511
11.93,15.24,666.00,2.22,10-03-23-11-35-34-540
8.80,29.26,666.00,9.84,10-03-23-11-35-34-572
8.58,28.71,666.00,10.51,10-03-23-11-35-34-611
7.69,34.51,666.00,13.02,10-03-23-11-35-34-643
7.08,38.40,666.00,14.60,10-03-23-11-35-34-671
6.65,41.09,666.00,15.62,10-03-23-11-35-34-706
6.27,42.19,666.00,16.25,10-03-23-11-35-34-740
5.95,42.52,666.00,16.67,10-03-23-11-35-34-770
5.65,41.76,666.00,17.12,10-03-23-11-35-34-819
5.43,40.46,666.00,17.48,10-03-23-11-35-34-838
5.33,37.84,666.00,17.53,10-03-23-11-35-34-873
5.26,35.37,666.00,17.52,10-03-23-11-35-34-907
5.18,33.00,666.00,17.47,10-03-23-11-35-34-939
5.11,30.35,666.00,17.40,10-03-23-11-35-34-974
6.10,21.15,666.00,15.60,10-03-23-11-35-35-009
8.74,8.18,666.00,10.54,10-03-23-11-35-35-039
9.43,5.82,666.00,9.22,10-03-23-11-35-35-073
9.92,4.22,666.00,8.37,10-03-23-11-35-35-115
10.29,3.57,666.00,7.77,10-03-23-11-35-35-139
10.52,3.62,666.00,7.33,10-03-23-11-35-35-174
10.66,4.22,666.00,7.04,10-03-23-11-35-35-207
10.76,4.98,666.00,6.89,10-03-23-11-35-35-239
10.84,6.11,666.00,6.76,10-03-23-11-35-35-271
10.95,7.46,666.00,6.70,10-03-23-11-35-35-305
11.04,9.22,666.00,6.80,10-03-23-11-35-35-340
11.17,10.95,666.00,6.88,10-03-23-11-35-35-374
11.28,13.04,666.00,7.00,10-03-23-11-35-35-406
11.39,15.12,666.00,7.02,10-03-23-11-35-35-439
11.48,16.90,666.00,6.94,10-03-23-11-35-35-472
11.54,18.37,666.00,6.85,10-03-23-11-35-35-506
11.57,19.89,666.00,6.81,10-03-23-11-35-35-539
11.58,21.14,666.00,6.76,10-03-23-11-35-35-578
11.58,22.15,666.00,6.72,10-03-23-11-35-35-606
11.57,22.73,666.00,6.65,10-03-23-11-35-35-638
11.59,23.01,666.00,6.56,10-03-23-11-35-35-670
11.87,23.17,666.00,5.97,10-03-23-11-35-35-705
12.17,23.57,666.00,5.45,10-03-23-11-35-35-740
12.35,23.91,666.00,5.21,10-03-23-11-35-35-772
12.48,24.29,666.00,5.20,10-03-23-11-35-35-807
12.60,24.38,666.00,5.22,10-03-23-11-35-35-842
12.75,24.38,666.00,5.24,10-03-23-11-35-35-880
12.87,24.78,666.00,5.38,10-03-23-11-35-35-907
12.97,26.36,666.00,5.85,10-03-23-11-35-35-940
13.02,27.67,666.00,6.02,10-03-23-11-35-35-971
13.10,28.42,666.00,6.07,10-03-23-11-35-36-013
13.15,28.22,666.00,5.94,10-03-23-11-35-36-049
13.19,28.51,666.00,5.86,10-03-23-11-35-36-087
13.23,29.65,666.00,6.10,10-03-23-11-35-36-106
13.21,30.18,666.00,6.25,10-03-23-11-35-36-140
13.16,31.56,666.00,6.85,10-03-23-11-35-36-173
13.07,32.18,666.00,7.26,10-03-23-11-35-36-207
12.98,32.49,666.00,7.64,10-03-23-11-35-36-244
12.88,32.61,666.00,7.93,10-03-23-11-35-36-271
12.82,32.78,666.00,8.17,10-03-23-11-35-36-306
12.75,32.58,666.00,8.32,10-03-23-11-35-36-346
12.67,32.36,666.00,8.43,10-03-23-11-35-36-372
12.60,32.12,666.00,8.52,10-03-23-11-35-36-408
12.53,31.90,666.00,8.57,10-03-23-11-35-36-442
12.48,31.75,666.00,8.60,10-03-23-11-35-36-471
12.45,31.58,666.00,8.60,10-03-23-11-35-36-509
12.42,31.41,666.00,8.61,10-03-23-11-35-36-538
12.40,31.22,666.00,8.58,10-03-23-11-35-36-570
12.37,30.92,666.00,8.41,10-03-23-11-35-36-605
12.34,30.23,666.00,8.16,10-03-23-11-35-36-640
12.30,29.42,666.00,7.94,10-03-23-11-35-36-670
