14.17,-2.93,666.00,8.47,10-03-23-11-32-43-850
14.07,-2.14,666.00,8.00,10-03-23-11-32-43-873
13.95,-1.43,666.00,7.64,10-03-23-11-32-43-911
13.85,-0.81,666.00,7.37,10-03-23-11-32-43-941
13.74,-0.19,666.00,7.12,10-03-23-11-32-43-983
13.70,0.77,666.00,7.01,10-03-23-11-32-44-017
13.64,1.54,666.00,6.94,10-03-23-11-32-44-055
13.59,2.12,666.00,6.90,10-03-23-11-32-44-085
13.49,2.73,666.00,6.78,10-03-23-11-32-44-108
13.40,3.25,666.00,6.70,10-03-23-11-32-44-141
13.31,3.69,666.00,6.62,10-03-23-11-32-44-173
13.23,4.07,666.00,6.54,10-03-23-11-32-44-208
13.19,4.19,666.00,6.58,10-03-23-11-32-44-246
13.34,2.60,666.00,7.05,10-03-23-11-32-44-289
13.33,1.96,666.00,7.11,10-03-23-11-32-44-311
13.34,1.53,666.00,7.18,10-03-23-11-32-44-345
13.33,1.31,666.00,7.24,10-03-23-11-32-44-375
13.34,1.50,666.00,7.48,10-03-23-11-32-44-413
13.33,1.78,666.00,7.61,10-03-23-11-32-44-443
13.31,2.32,666.00,7.68,10-03-23-11-32-44-473
13.29,2.53,666.00,7.73,10-03-23-11-32-44-509
13.28,2.66,666.00,7.78,10-03-23-11-32-44-541
13.27,2.74,666.00,7.81,10-03-23-11-32-44-573
13.25,2.80,666.00,7.84,10-03-23-11-32-44-607
13.24,2.84,666.00,7.86,10-03-23-11-32-44-643
13.26,2.44,666.00,7.99,10-03-23-11-32-44-677
13.28,2.21,666.00,8.10,10-03-23-11-32-44-706
13.33,1.93,666.00,8.23,10-03-23-11-32-44-746
13.34,1.81,666.00,8.24,10-03-23-11-32-44-774
13.35,1.72,666.00,8.10,10-03-23-11-32-44-808
13.76,0.61,666.00,8.47,10-03-23-11-32-44-846
13.93,0.34,666.00,7.94,10-03-23-11-32-44-876
14.07,0.07,666.00,7.33,10-03-23-11-32-44-908
14.19,-0.10,666.00,6.61,10-03-23-11-32-44-942
14.26,-0.22,666.00,6.62,10-03-23-11-32-44-973
14.58,-0.25,666.00,7.71,10-03-23-11-32-45-009
15.56,-0.49,666.00,11.04,10-03-23-11-32-45-047
17.30,-0.68,666.00,10.85,10-03-23-11-32-45-073
19.89,-0.59,666.00,9.36,10-03-23-11-32-45-107
22.93,-0.85,666.00,9.26,10-03-23-11-32-45-143
24.85,-1.04,666.00,10.68,10-03-23-11-32-45-178
26.95,-0.99,666.00,11.25,10-03-23-11-32-45-206
29.01,-0.48,666.00,11.19,10-03-23-11-32-45-246
31.64,1.01,666.00,10.75,10-03-23-11-32-45-274
33.79,2.24,666.00,11.37,10-03-23-11-32-45-312
36.62,3.36,666.00,10.77,10-03-23-11-32-45-350
38.82,4.22,666.00,14.31,10-03-23-11-32-45-373
41.24,4.91,666.00,16.06,10-03-23-11-32-45-408
44.08,5.51,666.00,14.12,10-03-23-11-32-45-445
46.77,6.41,666.00,11.36,10-03-23-11-32-45-473
49.15,7.23,666.00,12.17,10-03-23-11-32-45-508
51.24,7.87,666.00,13.15,10-03-23-11-32-45-544
53.29,8.47,666.00,12.18,10-03-23-11-32-45-574
55.09,8.99,666.00,11.49,10-03-23-11-32-45-610
55.05,10.57,666.00,13.04,10-03-23-11-32-45-651
56.66,11.92,666.00,13.30,10-03-23-11-32-45-674
60.21,13.10,666.00,9.35,10-03-23-11-32-45-713
62.76,13.91,666.00,8.15,10-03-23-11-32-45-744
64.69,14.49,666.00,7.82,10-03-23-11-32-45-776
66.35,15.02,666.00,7.50,10-03-23-11-32-45-806
67.79,15.40,666.00,7.63,10-03-23-11-32-45-845
68.91,15.70,666.00,8.44,10-03-23-11-32-45-874
69.90,15.85,666.00,9.29,10-03-23-11-32-45-909
70.97,15.89,666.00,9.76,10-03-23-11-32-45-943
72.11,15.85,666.00,10.55,10-03-23-11-32-45-976
73.37,15.80,666.00,10.44,10-03-23-11-32-46-009
74.60,15.73,666.00,9.80,10-03-23-11-32-46-041
75.98,15.56,666.00,8.90,10-03-23-11-32-46-074
77.20,15.34,666.00,7.80,10-03-23-11-32-46-117
78.31,15.21,666.00,9.30,10-03-23-11-32-46-141
79.57,15.11,666.00,10.50,10-03-23-11-32-46-174
81.48,15.21,666.00,6.92,10-03-23-11-32-46-209
82.97,14.96,666.00,6.32,10-03-23-11-32-46-241
83.57,14.88,666.00,5.90,10-03-23-11-32-46-273
83.81,14.86,666.00,5.80,10-03-23-11-32-46-317
83.92,14.86,666.00,7.34,10-03-23-11-32-46-341
84.49,15.33,666.00,6.58,10-03-23-11-32-46-374
85.88,15.48,666.00,6.06,10-03-23-11-32-46-422
86.62,15.66,666.00,5.56,10-03-23-11-32-46-441
87.33,15.85,666.00,4.63,10-03-23-11-32-46-474
87.83,16.06,666.00,4.68,10-03-23-11-32-46-508
88.11,16.47,666.00,4.81,10-03-23-11-32-46-541
88.23,16.81,666.00,4.81,10-03-23-11-32-46-574
88.32,17.13,666.00,4.65,10-03-23-11-32-46-606
88.34,17.38,666.00,4.51,10-03-23-11-32-46-642
88.33,17.59,666.00,4.42,10-03-23-11-32-46-676
88.28,17.77,666.00,4.45,10-03-23-11-32-46-706
88.19,17.94,666.00,4.51,10-03-23-11-32-46-741
88.21,18.07,666.00,4.48,10-03-23-11-32-46-775
88.17,18.16,666.00,4.54,10-03-23-11-32-46-807
88.14,18.34,666.00,4.87,10-03-23-11-32-46-841
88.11,18.47,666.00,5.27,10-03-23-11-32-46-877
88.07,18.59,666.00,5.71,10-03-23-11-32-46-908
88.08,18.68,666.00,6.12,10-03-23-11-32-46-940
88.09,18.74,666.00,8.42,10-03-23-11-32-46-976
88.13,18.73,666.00,9.72,10-03-23-11-32-47-007
88.32,18.39,666.00,9.63,10-03-23-11-32-47-039
88.46,18.14,666.00,10.06,10-03-23-11-32-47-072
88.62,17.92,666.00,10.98,10-03-23-11-32-47-108
88.63,17.75,666.00,12.90,10-03-23-11-32-47-142
88.56,17.64,666.00,14.06,10-03-23-11-32-47-177
88.42,17.54,666.00,15.02,10-03-23-11-32-47-207
88.33,17.44,666.00,15.80,10-03-23-11-32-47-241
88.28,17.35,666.00,17.11,10-03-23-11-32-47-274
88.11,17.23,666.00,20.64,10-03-23-11-32-47-312
88.00,17.09,666.00,22.45,10-03-23-11-32-47-340
87.93,16.97,666.00,23.78,10-03-23-11-32-47-372
87.88,16.83,666.00,25.04,10-03-23-11-32-47-412
87.87,16.72,666.00,26.92,10-03-23-11-32-47-441
87.73,16.65,666.00,28.50,10-03-23-11-32-47-483
87.46,16.64,-1.54,30.02,10-03-23-11-32-47-509
87.24,16.68,-0.58,31.20,10-03-23-11-32-47-541
87.04,16.70,0.31,32.27,10-03-23-11-32-47-573
86.87,16.72,0.98,33.23,10-03-23-11-32-47-606
86.65,16.82,2.01,34.25,10-03-23-11-32-47-641
86.31,16.95,3.47,35.39,10-03-23-11-32-47-675
85.88,17.16,5.45,36.57,10-03-23-11-32-47-708
85.47,17.32,7.19,37.69,10-03-23-11-32-47-739
85.05,17.58,9.11,38.64,10-03-23-11-32-47-783
84.62,17.75,10.90,39.55,10-03-23-11-32-47-806
84.22,17.87,12.48,40.29,10-03-23-11-32-47-844
83.98,18.03,13.55,40.72,10-03-23-11-32-47-873
83.87,18.17,14.10,41.01,10-03-23-11-32-47-907
83.83,18.29,14.40,41.17,10-03-23-11-32-47-942
83.84,18.39,14.46,41.20,10-03-23-11-32-47-973
83.84,18.42,14.41,41.20,10-03-23-11-32-48-007
83.80,18.39,14.24,41.14,10-03-23-11-32-48-041
83.82,18.36,13.85,40.93,10-03-23-11-32-48-074
83.82,18.32,13.59,40.65,10-03-23-11-32-48-108
83.89,18.29,13.11,40.10,10-03-23-11-32-48-151
84.00,18.28,12.50,39.28,10-03-23-11-32-48-175
84.23,18.29,11.05,36.18,10-03-23-11-32-48-209
84.65,18.33,11.66,30.58,10-03-23-11-32-48-245
85.18,18.36,666.00,27.67,10-03-23-11-32-48-274
85.66,18.38,666.00,25.53,10-03-23-11-32-48-308
86.16,18.40,666.00,23.82,10-03-23-11-32-48-342
86.55,18.27,666.00,22.32,10-03-23-11-32-48-375
86.78,18.04,666.00,19.93,10-03-23-11-32-48-409
87.05,17.89,666.00,18.10,10-03-23-11-32-48-440
87.18,17.74,666.00,17.04,10-03-23-11-32-48-474
87.20,17.60,666.00,16.35,10-03-23-11-32-48-508
87.28,17.52,666.00,15.30,10-03-23-11-32-48-552
87.36,17.48,666.00,10.96,10-03-23-11-32-48-575
87.44,17.46,666.00,8.44,10-03-23-11-32-48-607
87.47,17.44,666.00,6.67,10-03-23-11-32-48-641
87.51,17.43,666.00,5.20,10-03-23-11-32-48-678
87.44,17.45,666.00,4.61,10-03-23-11-32-48-706
87.37,17.44,666.00,4.29,10-03-23-11-32-48-744
87.23,17.48,666.00,4.29,10-03-23-11-32-48-775
87.05,17.54,666.00,4.34,10-03-23-11-32-48-808
86.60,17.68,666.00,4.75,10-03-23-11-32-48-853
86.19,17.73,666.00,5.11,10-03-23-11-32-48-873
85.63,17.72,666.00,5.39,10-03-23-11-32-48-909
85.14,17.72,666.00,5.60,10-03-23-11-32-48-941
84.47,17.29,666.00,4.57,10-03-23-11-32-48-973
84.00,16.97,666.00,3.71,10-03-23-11-32-49-011
83.65,16.73,666.00,2.82,10-03-23-11-32-49-041
83.42,16.55,666.00,2.38,10-03-23-11-32-49-075
83.27,16.45,666.00,7.21,10-03-23-11-32-49-108
83.19,16.39,666.00,6.58,10-03-23-11-32-49-140
83.13,16.34,666.00,4.53,10-03-23-11-32-49-175
83.11,16.33,666.00,6.82,10-03-23-11-32-49-211
83.11,16.33,666.00,8.18,10-03-23-11-32-49-239
83.13,16.34,666.00,2.80,10-03-23-11-32-49-276
83.09,16.34,666.00,2.26,10-03-23-11-32-49-311
83.03,16.34,666.00,1.86,10-03-23-11-32-49-338
82.98,16.34,666.00,1.95,10-03-23-11-32-49-376
82.92,16.41,666.00,2.27,10-03-23-11-32-49-411
82.84,16.25,666.00,2.76,10-03-23-11-32-49-442
82.74,16.26,666.00,4.18,10-03-23-11-32-49-475
82.64,16.29,666.00,6.93,10-03-23-11-32-49-507
82.58,15.95,666.00,10.71,10-03-23-11-32-49-541
82.49,15.67,666.00,12.85,10-03-23-11-32-49-574
82.43,15.42,666.00,15.61,10-03-23-11-32-49-617
82.37,15.25,666.00,17.68,10-03-23-11-32-49-639
82.31,15.13,666.00,19.33,10-03-23-11-32-49-676
82.26,15.07,666.00,20.83,10-03-23-11-32-49-711
82.26,15.00,666.00,23.11,10-03-23-11-32-49-740
82.29,14.96,666.00,24.81,10-03-23-11-32-49-773
82.30,14.95,21.56,30.11,10-03-23-11-32-49-807
82.28,14.96,21.63,32.64,10-03-23-11-32-49-841
82.30,14.99,21.52,34.17,10-03-23-11-32-49-876
82.30,15.04,21.35,35.27,10-03-23-11-32-49-922
82.33,15.10,21.03,36.06,10-03-23-11-32-49-940
82.40,15.15,20.65,36.72,10-03-23-11-32-49-977
82.47,15.18,20.20,37.32,10-03-23-11-32-50-009
82.56,15.19,19.68,37.80,10-03-23-11-32-50-040
82.63,15.19,19.29,38.23,10-03-23-11-32-50-076
82.70,15.19,18.66,38.81,10-03-23-11-32-50-108
82.78,15.18,17.94,39.46,10-03-23-11-32-50-142
82.87,15.16,17.04,40.20,10-03-23-11-32-50-172
82.96,15.14,16.27,40.83,10-03-23-11-32-50-215
83.05,15.12,15.60,41.33,10-03-23-11-32-50-242
83.16,15.10,14.96,41.68,10-03-23-11-32-50-275
83.29,15.08,14.33,41.96,10-03-23-11-32-50-308
83.38,15.07,13.86,42.20,10-03-23-11-32-50-345
83.44,15.06,13.51,42.40,10-03-23-11-32-50-373
83.48,15.09,13.32,42.55,10-03-23-11-32-50-409
83.52,15.13,13.17,42.64,10-03-23-11-32-50-442
83.53,15.16,13.11,42.71,10-03-23-11-32-50-474
83.54,15.20,13.08,42.73,10-03-23-11-32-50-508
83.56,15.24,13.02,42.54,10-03-23-11-32-50-542
83.61,15.28,12.77,42.05,10-03-23-11-32-50-575
83.65,15.31,12.53,41.22,10-03-23-11-32-50-607
83.67,15.33,12.29,38.25,10-03-23-11-32-50-642
83.69,15.36,12.16,36.41,10-03-23-11-32-50-680
83.66,15.38,13.91,32.21,10-03-23-11-32-50-711
83.64,15.42,14.62,30.76,10-03-23-11-32-50-739
83.58,15.45,666.00,29.95,10-03-23-11-32-50-775
83.49,15.47,666.00,28.17,10-03-23-11-32-50-812
83.35,15.52,666.00,26.51,10-03-23-11-32-50-840
83.26,15.57,666.00,25.34,10-03-23-11-32-50-874
83.16,15.62,666.00,24.59,10-03-23-11-32-50-908
83.14,15.67,666.00,23.79,10-03-23-11-32-50-944
83.08,15.69,666.00,22.99,10-03-23-11-32-50-984
83.06,15.70,666.00,22.25,10-03-23-11-32-51-007
83.06,15.73,666.00,19.22,10-03-23-11-32-51-049
83.11,15.76,666.00,17.21,10-03-23-11-32-51-074
83.18,15.79,666.00,15.69,10-03-23-11-32-51-108
83.23,15.79,666.00,14.39,10-03-23-11-32-51-142
83.25,15.73,666.00,13.09,10-03-23-11-32-51-176
83.23,15.59,666.00,11.53,10-03-23-11-32-51-206
83.19,15.47,666.00,8.56,10-03-23-11-32-51-241
83.14,15.35,666.00,3.58,10-03-23-11-32-51-284
83.08,15.23,666.00,1.87,10-03-23-11-32-51-307
83.01,15.17,666.00,1.25,10-03-23-11-32-51-341
82.78,15.21,666.00,2.04,10-03-23-11-32-51-374
82.52,15.23,666.00,3.57,10-03-23-11-32-51-409
82.24,15.24,666.00,4.33,10-03-23-11-32-51-439
81.93,15.24,666.00,4.77,10-03-23-11-32-51-476
81.65,15.22,666.00,4.56,10-03-23-11-32-51-510
81.07,15.32,666.00,4.44,10-03-23-11-32-51-539
80.60,15.14,666.00,3.77,10-03-23-11-32-51-574
80.23,14.97,666.00,3.25,10-03-23-11-32-51-608
79.94,14.82,666.00,2.63,10-03-23-11-32-51-640
79.73,14.74,666.00,2.64,10-03-23-11-32-51-673
79.55,14.81,666.00,3.08,10-03-23-11-32-51-707
79.44,14.69,666.00,3.14,10-03-23-11-32-51-744
79.36,14.56,666.00,3.26,10-03-23-11-32-51-773
79.36,14.57,666.00,3.65,10-03-23-11-32-51-810
79.31,14.54,666.00,4.66,10-03-23-11-32-51-841
79.28,14.52,666.00,5.80,10-03-23-11-32-51-873
79.24,14.60,666.00,6.61,10-03-23-11-32-51-909
79.28,14.69,666.00,8.01,10-03-23-11-32-51-944
79.34,14.74,666.00,10.13,10-03-23-11-32-51-975
79.41,14.78,666.00,12.10,10-03-23-11-32-52-011
79.48,14.79,666.00,13.65,10-03-23-11-32-52-049
79.54,14.75,666.00,15.21,10-03-23-11-32-52-072
79.62,14.69,666.00,17.91,10-03-23-11-32-52-107
79.69,14.49,666.00,19.68,10-03-23-11-32-52-142
79.77,14.22,666.00,22.74,10-03-23-11-32-52-174
79.85,13.99,666.00,24.69,10-03-23-11-32-52-205
79.90,13.63,666.00,26.19,10-03-23-11-32-52-239
79.95,13.37,666.00,28.77,10-03-23-11-32-52-275
80.01,13.15,26.30,30.80,10-03-23-11-32-52-307
80.06,13.00,29.41,36.30,10-03-23-11-32-52-341
80.10,12.89,30.05,38.74,10-03-23-11-32-52-374
80.14,12.82,30.22,40.28,10-03-23-11-32-52-407
80.24,12.85,29.42,41.62,10-03-23-11-32-52-441
80.42,12.92,28.26,42.33,10-03-23-11-32-52-475
80.58,12.99,27.17,42.72,10-03-23-11-32-52-512
80.72,13.06,26.28,42.94,10-03-23-11-32-52-542
80.89,13.17,25.37,43.03,10-03-23-11-32-52-573
81.10,13.31,24.66,43.10,10-03-23-11-32-52-608
81.28,13.45,24.09,43.10,10-03-23-11-32-52-643
81.48,13.63,23.45,42.99,10-03-23-11-32-52-671
81.60,13.79,23.19,43.01,10-03-23-11-32-52-707
81.72,13.96,22.84,43.05,10-03-23-11-32-52-744
81.84,14.14,22.45,43.07,10-03-23-11-32-52-777
81.95,14.31,22.05,43.10,10-03-23-11-32-52-814
82.03,14.47,21.70,43.14,10-03-23-11-32-52-843
82.11,14.63,21.35,43.17,10-03-23-11-32-52-875
82.14,14.77,21.16,43.24,10-03-23-11-32-52-906
82.14,14.90,21.05,43.34,10-03-23-11-32-52-942
82.12,15.01,21.02,43.43,10-03-23-11-32-52-976
82.10,15.10,21.09,43.46,10-03-23-11-32-53-006
82.08,15.19,21.25,43.47,10-03-23-11-32-53-041
82.05,15.27,21.20,43.42,10-03-23-11-32-53-074
82.04,15.35,21.16,43.35,10-03-23-11-32-53-117
82.04,15.43,21.01,42.94,10-03-23-11-32-53-141
82.02,15.51,21.14,42.06,10-03-23-11-32-53-175
82.01,15.59,21.36,41.25,10-03-23-11-32-53-207
82.02,15.65,21.46,40.50,10-03-23-11-32-53-239
82.02,15.71,21.59,39.73,10-03-23-11-32-53-274
82.01,15.76,20.79,35.88,10-03-23-11-32-53-311
82.03,15.79,20.46,34.28,10-03-23-11-32-53-342
82.05,15.82,20.24,33.32,10-03-23-11-32-53-378
82.00,15.86,20.34,31.40,10-03-23-11-32-53-409
82.00,15.90,20.39,30.08,10-03-23-11-32-53-440
82.03,15.93,666.00,27.74,10-03-23-11-32-53-476
82.16,15.96,666.00,25.41,10-03-23-11-32-53-510
82.21,16.00,666.00,23.67,10-03-23-11-32-53-540
82.28,16.03,666.00,22.26,10-03-23-11-32-53-581
82.39,16.05,666.00,19.61,10-03-23-11-32-53-607
82.44,16.07,666.00,17.96,10-03-23-11-32-53-639
82.49,16.09,666.00,16.67,10-03-23-11-32-53-674
82.56,16.12,666.00,12.86,10-03-23-11-32-53-706
82.62,16.15,666.00,10.70,10-03-23-11-32-53-742
82.68,16.17,666.00,9.24,10-03-23-11-32-53-774
82.61,16.49,666.00,7.54,10-03-23-11-32-53-808
82.48,16.73,666.00,5.16,10-03-23-11-32-53-842
82.39,16.86,666.00,3.24,10-03-23-11-32-53-884
82.08,17.21,666.00,3.12,10-03-23-11-32-53-907
81.82,17.48,666.00,3.11,10-03-23-11-32-53-942
81.54,17.59,666.00,2.88,10-03-23-11-32-53-973
81.30,17.68,666.00,2.69,10-03-23-11-32-54-008
81.06,17.76,666.00,2.82,10-03-23-11-32-54-047
80.86,17.85,666.00,3.06,10-03-23-11-32-54-074
80.72,17.89,666.00,3.11,10-03-23-11-32-54-107
80.62,17.98,666.00,3.31,10-03-23-11-32-54-143
80.56,17.96,666.00,3.43,10-03-23-11-32-54-174
80.51,17.92,666.00,3.38,10-03-23-11-32-54-207
80.46,17.87,666.00,3.34,10-03-23-11-32-54-241
80.40,17.87,666.00,3.42,10-03-23-11-32-54-274
80.33,17.89,666.00,3.52,10-03-23-11-32-54-307
80.18,17.86,666.00,3.97,10-03-23-11-32-54-346
80.10,17.80,666.00,4.19,10-03-23-11-32-54-372
80.06,17.69,666.00,4.17,10-03-23-11-32-54-409
80.03,17.53,666.00,4.03,10-03-23-11-32-54-442
80.02,17.26,666.00,3.69,10-03-23-11-32-54-475
80.03,16.95,666.00,8.11,10-03-23-11-32-54-510
80.02,16.66,666.00,8.96,10-03-23-11-32-54-543
80.05,16.35,666.00,10.66,10-03-23-11-32-54-575
80.06,16.09,666.00,12.23,10-03-23-11-32-54-609
80.09,15.86,666.00,13.25,10-03-23-11-32-54-649
80.14,15.66,666.00,13.99,10-03-23-11-32-54-675
80.23,15.45,666.00,14.58,10-03-23-11-32-54-708
80.31,15.32,666.00,15.14,10-03-23-11-32-54-742
80.41,15.24,666.00,16.98,10-03-23-11-32-54-776
80.49,15.15,666.00,18.29,10-03-23-11-32-54-809
80.57,15.08,666.00,20.64,10-03-23-11-32-54-842
80.64,15.05,666.00,23.20,10-03-23-11-32-54-874
80.72,15.02,666.00,25.91,10-03-23-11-32-54-907
80.80,15.00,666.00,27.36,10-03-23-11-32-54-949
80.82,14.95,666.00,28.50,10-03-23-11-32-54-976
80.83,14.93,22.03,30.53,10-03-23-11-32-55-007
80.84,14.96,23.51,34.77,10-03-23-11-32-55-043
80.86,15.01,23.18,36.67,10-03-23-11-32-55-071
80.87,15.08,22.88,37.93,10-03-23-11-32-55-116
80.97,15.16,22.27,38.65,10-03-23-11-32-55-140
81.01,15.22,21.67,39.24,10-03-23-11-32-55-173
81.05,15.26,21.10,39.66,10-03-23-11-32-55-213
81.09,15.31,20.67,39.98,10-03-23-11-32-55-240
81.13,15.35,20.33,40.21,10-03-23-11-32-55-274
81.19,15.41,19.97,40.38,10-03-23-11-32-55-312
81.25,15.48,19.25,40.82,10-03-23-11-32-55-339
81.31,15.55,18.81,41.33,10-03-23-11-32-55-373
81.40,15.66,18.66,41.51,10-03-23-11-32-55-413
81.51,15.79,18.53,41.58,10-03-23-11-32-55-441
81.62,15.92,18.43,41.58,10-03-23-11-32-55-476
81.71,16.04,18.34,41.56,10-03-23-11-32-55-516
81.81,16.14,18.24,41.51,10-03-23-11-32-55-542
81.84,16.23,18.33,41.55,10-03-23-11-32-55-577
81.85,16.31,18.47,41.61,10-03-23-11-32-55-607
81.86,16.39,18.61,41.66,10-03-23-11-32-55-653
81.87,16.45,18.73,41.69,10-03-23-11-32-55-673
81.92,16.58,18.44,41.74,10-03-23-11-32-55-711
81.95,16.71,18.20,41.79,10-03-23-11-32-55-744
81.98,16.85,18.04,41.78,10-03-23-11-32-55-778
81.99,16.98,17.87,41.74,10-03-23-11-32-55-808
82.00,17.10,17.66,41.64,10-03-23-11-32-55-842
82.00,17.22,17.41,41.44,10-03-23-11-32-55-872
81.98,17.31,16.99,40.84,10-03-23-11-32-55-906
81.96,17.37,17.56,38.84,10-03-23-11-32-55-942
81.91,17.38,18.03,37.59,10-03-23-11-32-55-976
81.85,17.40,17.08,34.52,10-03-23-11-32-56-017
81.80,17.40,16.84,32.96,10-03-23-11-32-56-039
81.76,17.38,16.61,31.87,10-03-23-11-32-56-074
81.73,17.36,15.65,30.86,10-03-23-11-32-56-108
81.66,17.31,14.95,30.12,10-03-23-11-32-56-141
81.57,17.22,666.00,29.45,10-03-23-11-32-56-175
81.50,17.11,666.00,28.43,10-03-23-11-32-56-210
81.45,17.01,666.00,27.35,10-03-23-11-32-56-240
81.41,16.91,666.00,25.76,10-03-23-11-32-56-277
81.36,16.82,666.00,23.79,10-03-23-11-32-56-316
81.41,16.85,666.00,21.71,10-03-23-11-32-56-340
81.36,16.79,666.00,20.20,10-03-23-11-32-56-376
81.31,16.73,666.00,18.47,10-03-23-11-32-56-413
81.31,16.70,666.00,16.53,10-03-23-11-32-56-441
80.93,16.46,666.00,13.15,10-03-23-11-32-56-474
80.64,16.24,666.00,9.95,10-03-23-11-32-56-508
80.44,16.03,666.00,8.44,10-03-23-11-32-56-542
80.27,15.88,666.00,4.66,10-03-23-11-32-56-577
80.13,15.77,666.00,3.58,10-03-23-11-32-56-606
80.00,15.70,666.00,2.66,10-03-23-11-32-56-641
79.86,15.68,666.00,3.22,10-03-23-11-32-56-675
79.75,15.66,666.00,3.64,10-03-23-11-32-56-707
79.64,15.63,666.00,3.85,10-03-23-11-32-56-741
79.51,15.60,666.00,3.86,10-03-23-11-32-56-774
79.31,15.58,666.00,3.82,10-03-23-11-32-56-808
79.13,15.56,666.00,3.77,10-03-23-11-32-56-843
78.98,15.55,666.00,3.74,10-03-23-11-32-56-873
78.43,15.92,666.00,4.65,10-03-23-11-32-56-906
78.25,15.93,666.00,4.78,10-03-23-11-32-56-939
78.11,15.94,666.00,4.91,10-03-23-11-32-56-974
78.02,15.94,666.00,5.01,10-03-23-11-32-57-008
77.93,15.91,666.00,5.06,10-03-23-11-32-57-043
77.86,15.86,666.00,5.08,10-03-23-11-32-57-076
77.81,15.80,666.00,5.07,10-03-23-11-32-57-108
77.77,15.73,666.00,5.04,10-03-23-11-32-57-141
77.74,15.66,666.00,5.00,10-03-23-11-32-57-172
77.71,15.61,666.00,5.01,10-03-23-11-32-57-207
77.70,15.57,666.00,5.05,10-03-23-11-32-57-245
77.68,15.52,666.00,5.34,10-03-23-11-32-57-274
77.67,15.50,666.00,5.73,10-03-23-11-32-57-310
77.67,15.51,666.00,10.48,10-03-23-11-32-57-342
77.66,15.48,666.00,12.03,10-03-23-11-32-57-381
77.72,15.57,666.00,13.05,10-03-23-11-32-57-410
77.82,15.65,666.00,14.38,10-03-23-11-32-57-438
77.95,15.72,666.00,16.67,10-03-23-11-32-57-473
78.05,15.69,666.00,18.23,10-03-23-11-32-57-506
78.17,15.63,666.00,19.25,10-03-23-11-32-57-539
78.30,15.57,666.00,21.11,10-03-23-11-32-57-574
78.44,15.47,666.00,22.17,10-03-23-11-32-57-606
78.57,15.35,666.00,24.17,10-03-23-11-32-57-641
78.70,15.25,666.00,27.21,10-03-23-11-32-57-673
78.82,15.08,666.00,28.54,10-03-23-11-32-57-708
78.94,14.92,666.00,29.36,10-03-23-11-32-57-739
79.03,14.78,28.75,30.23,10-03-23-11-32-57-775
79.14,14.65,30.85,34.32,10-03-23-11-32-57-808
79.23,14.53,31.41,35.71,10-03-23-11-32-57-846
79.28,14.42,31.52,38.37,10-03-23-11-32-57-874
79.33,14.27,31.44,39.35,10-03-23-11-32-57-907
79.38,14.13,31.25,39.91,10-03-23-11-32-57-941
79.43,14.01,30.93,40.58,10-03-23-11-32-57-973
79.48,13.90,30.07,40.97,10-03-23-11-32-58-005
79.53,13.78,29.41,41.33,10-03-23-11-32-58-041
79.56,13.65,29.07,41.61,10-03-23-11-32-58-073
79.57,13.53,29.02,41.83,10-03-23-11-32-58-111
79.56,13.43,29.03,42.01,10-03-23-11-32-58-148
79.55,13.35,29.12,42.15,10-03-23-11-32-58-175
79.51,13.29,29.02,42.09,10-03-23-11-32-58-211
79.45,13.27,29.25,42.21,10-03-23-11-32-58-240
79.38,13.27,29.50,42.36,10-03-23-11-32-58-275
79.33,13.28,30.04,42.42,10-03-23-11-32-58-305
79.28,13.29,30.36,42.52,10-03-23-11-32-58-340
79.22,13.35,30.72,42.90,10-03-23-11-32-58-376
79.19,13.39,31.11,42.94,10-03-23-11-32-58-410
79.17,13.44,31.88,42.22,10-03-23-11-32-58-449
79.16,13.47,32.53,41.71,10-03-23-11-32-58-474
79.16,13.52,32.91,41.36,10-03-23-11-32-58-507
79.13,13.57,32.81,41.07,10-03-23-11-32-58-539
79.12,13.62,33.32,39.59,10-03-23-11-32-58-573
79.10,13.65,31.62,39.32,10-03-23-11-32-58-609
79.01,13.72,31.40,39.20,10-03-23-11-32-58-641
78.91,13.76,30.84,38.33,10-03-23-11-32-58-674
78.83,13.76,30.50,37.78,10-03-23-11-32-58-709
78.76,13.70,30.86,36.69,10-03-23-11-32-58-742
78.69,13.62,30.83,35.92,10-03-23-11-32-58-778
78.65,13.55,30.85,35.26,10-03-23-11-32-58-810
78.61,13.53,30.84,34.66,10-03-23-11-32-58-842
78.58,13.53,31.22,33.36,10-03-23-11-32-58-875
78.53,13.58,31.76,31.37,10-03-23-11-32-58-912
78.56,13.56,666.00,29.90,10-03-23-11-32-58-940
78.60,13.55,666.00,27.58,10-03-23-11-32-58-974
78.66,13.53,666.00,25.89,10-03-23-11-32-59-007
78.69,13.48,666.00,24.33,10-03-23-11-32-59-042
78.71,13.51,666.00,23.09,10-03-23-11-32-59-075
78.74,13.58,666.00,22.15,10-03-23-11-32-59-107
78.73,13.70,666.00,21.40,10-03-23-11-32-59-142
78.72,13.86,666.00,20.84,10-03-23-11-32-59-175
78.71,13.98,666.00,20.12,10-03-23-11-32-59-216
78.75,14.03,666.00,16.25,10-03-23-11-32-59-241
78.83,14.05,666.00,13.91,10-03-23-11-32-59-275
78.89,14.06,666.00,12.30,10-03-23-11-32-59-309
78.96,14.06,666.00,11.01,10-03-23-11-32-59-341
79.03,14.02,666.00,9.81,10-03-23-11-32-59-373
79.06,14.03,666.00,8.99,10-03-23-11-32-59-410
79.10,14.03,666.00,8.13,10-03-23-11-32-59-444
79.12,14.14,666.00,6.34,10-03-23-11-32-59-473
79.14,14.25,666.00,2.12,10-03-23-11-32-59-517
79.15,14.37,666.00,0.96,10-03-23-11-32-59-541
79.13,14.53,666.00,0.60,10-03-23-11-32-59-578
79.10,14.70,666.00,1.15,10-03-23-11-32-59-610
79.04,14.86,666.00,2.32,10-03-23-11-32-59-640
78.92,15.03,666.00,2.62,10-03-23-11-32-59-681
78.79,15.14,666.00,2.93,10-03-23-11-32-59-710
78.60,15.24,666.00,2.72,10-03-23-11-32-59-741
78.40,15.37,666.00,2.46,10-03-23-11-32-59-772
78.20,15.50,666.00,2.42,10-03-23-11-32-59-808
78.03,15.63,666.00,2.36,10-03-23-11-32-59-846
77.87,15.76,666.00,2.44,10-03-23-11-32-59-878
77.74,15.87,666.00,3.59,10-03-23-11-32-59-906
77.62,15.99,666.00,3.77,10-03-23-11-32-59-944
77.49,16.04,666.00,3.91,10-03-23-11-32-59-978
77.47,16.22,666.00,4.20,10-03-23-11-33-00-008
77.40,16.22,666.00,4.36,10-03-23-11-33-00-040
77.34,16.19,666.00,4.38,10-03-23-11-33-00-074
77.32,16.15,666.00,4.93,10-03-23-11-33-00-110
77.32,16.00,666.00,6.39,10-03-23-11-33-00-142
77.35,15.86,666.00,10.56,10-03-23-11-33-00-174
77.17,15.51,666.00,17.58,10-03-23-11-33-00-206
77.03,15.29,666.00,22.53,10-03-23-11-33-00-243
77.04,15.22,666.00,24.47,10-03-23-11-33-00-288
77.03,15.19,666.00,27.61,10-03-23-11-33-00-306
77.02,15.19,27.50,30.38,10-03-23-11-33-00-344
77.01,15.20,28.24,32.25,10-03-23-11-33-00-374
77.01,15.20,31.26,37.54,10-03-23-11-33-00-407
77.05,15.18,31.87,40.31,10-03-23-11-33-00-439
77.09,15.17,31.57,42.50,10-03-23-11-33-00-474
77.14,15.15,32.64,44.59,10-03-23-11-33-00-507
77.25,15.14,32.89,45.86,10-03-23-11-33-00-540
77.37,15.11,32.88,46.88,10-03-23-11-33-00-583
77.53,15.09,32.36,47.78,10-03-23-11-33-00-607
77.69,15.07,31.61,48.84,10-03-23-11-33-00-643
77.81,15.08,30.76,49.50,10-03-23-11-33-00-678
77.93,15.09,30.57,49.94,10-03-23-11-33-00-708
78.06,15.08,30.36,50.18,10-03-23-11-33-00-741
78.28,15.12,29.90,50.16,10-03-23-11-33-00-772
78.55,15.17,29.32,49.95,10-03-23-11-33-00-811
78.78,15.20,28.85,49.72,10-03-23-11-33-00-841
78.99,15.21,28.38,49.46,10-03-23-11-33-00-872
79.18,15.21,27.97,49.17,10-03-23-11-33-00-907
79.36,15.19,27.61,48.75,10-03-23-11-33-00-940
79.52,15.15,27.24,48.25,10-03-23-11-33-00-974
79.71,15.11,26.76,47.56,10-03-23-11-33-01-009
79.89,15.07,25.75,45.87,10-03-23-11-33-01-041
80.01,15.04,23.68,42.71,10-03-23-11-33-01-076
80.11,15.02,23.05,41.29,10-03-23-11-33-01-111
80.18,14.99,22.61,40.55,10-03-23-11-33-01-138
80.23,14.95,18.04,36.23,10-03-23-11-33-01-174
80.24,14.94,17.93,34.33,10-03-23-11-33-01-207
80.21,14.90,18.33,33.23,10-03-23-11-33-01-240
80.21,14.87,19.17,32.08,10-03-23-11-33-01-278
80.21,14.84,19.83,30.85,10-03-23-11-33-01-309
80.16,14.83,20.41,30.20,10-03-23-11-33-01-349
80.26,14.93,666.00,29.37,10-03-23-11-33-01-373
80.37,15.03,666.00,25.02,10-03-23-11-33-01-410
80.53,15.15,666.00,22.37,10-03-23-11-33-01-441
80.69,15.29,666.00,20.64,10-03-23-11-33-01-473
80.86,15.45,666.00,19.33,10-03-23-11-33-01-506
81.02,15.59,666.00,16.77,10-03-23-11-33-01-542
81.15,15.75,666.00,15.19,10-03-23-11-33-01-574
81.27,15.93,666.00,14.02,10-03-23-11-33-01-605
81.00,16.00,666.00,12.61,10-03-23-11-33-01-650
80.71,16.01,666.00,11.09,10-03-23-11-33-01-674
80.50,16.10,666.00,9.76,10-03-23-11-33-01-708
80.33,16.17,666.00,8.36,10-03-23-11-33-01-744
80.18,16.24,666.00,7.67,10-03-23-11-33-01-776
80.07,16.30,666.00,6.70,10-03-23-11-33-01-806
79.80,16.28,666.00,5.70,10-03-23-11-33-01-840
79.56,16.28,666.00,5.28,10-03-23-11-33-01-874
79.37,16.30,666.00,5.12,10-03-23-11-33-01-909
79.26,16.41,666.00,4.41,10-03-23-11-33-01-940
79.15,16.51,666.00,4.48,10-03-23-11-33-01-972
79.06,16.65,666.00,4.62,10-03-23-11-33-02-009
78.96,16.83,666.00,5.23,10-03-23-11-33-02-040
78.86,17.00,666.00,5.70,10-03-23-11-33-02-076
78.80,17.14,666.00,5.99,10-03-23-11-33-02-115
78.75,17.25,666.00,4.55,10-03-23-11-33-02-140
78.73,17.37,666.00,4.78,10-03-23-11-33-02-176
78.72,17.49,666.00,5.09,10-03-23-11-33-02-207
78.73,17.54,666.00,5.14,10-03-23-11-33-02-240
78.73,17.57,666.00,5.18,10-03-23-11-33-02-272
78.74,17.59,666.00,5.43,10-03-23-11-33-02-311
78.76,17.59,666.00,5.82,10-03-23-11-33-02-341
78.78,17.56,666.00,6.17,10-03-23-11-33-02-376
78.79,17.53,666.00,6.67,10-03-23-11-33-02-413
78.81,17.50,666.00,7.39,10-03-23-11-33-02-440
78.82,17.49,666.00,8.72,10-03-23-11-33-02-476
78.84,17.47,666.00,16.05,10-03-23-11-33-02-506
78.85,17.41,666.00,19.42,10-03-23-11-33-02-541
78.89,17.38,666.00,22.23,10-03-23-11-33-02-572
78.94,17.35,666.00,24.05,10-03-23-11-33-02-605
79.01,17.33,666.00,25.06,10-03-23-11-33-02-640
79.12,17.32,666.00,27.30,10-03-23-11-33-02-672
79.26,17.01,666.00,28.79,10-03-23-11-33-02-717
79.36,16.73,24.19,30.06,10-03-23-11-33-02-741
79.43,16.54,22.92,31.45,10-03-23-11-33-02-774
79.45,16.39,21.90,33.75,10-03-23-11-33-02-811
79.45,16.26,23.16,36.77,10-03-23-11-33-02-841
79.45,16.16,23.79,38.48,10-03-23-11-33-02-873
79.47,16.12,24.65,40.91,10-03-23-11-33-02-906
79.48,16.10,25.31,42.62,10-03-23-11-33-02-942
79.48,16.12,25.75,43.68,10-03-23-11-33-02-973
79.45,16.20,26.13,44.46,10-03-23-11-33-03-016
80.14,16.88,23.74,45.06,10-03-23-11-33-03-044
80.11,17.15,23.57,45.90,10-03-23-11-33-03-074
80.03,17.38,23.78,46.52,10-03-23-11-33-03-111
79.95,17.68,24.27,46.86,10-03-23-11-33-03-141
79.80,17.93,24.88,47.16,10-03-23-11-33-03-173
79.67,18.13,25.51,47.32,10-03-23-11-33-03-209
79.54,18.29,26.10,47.45,10-03-23-11-33-03-242
79.45,18.42,26.56,47.57,10-03-23-11-33-03-274
79.38,18.45,26.58,47.54,10-03-23-11-33-03-317
79.33,18.46,27.30,47.28,10-03-23-11-33-03-341
79.29,18.48,28.00,47.01,10-03-23-11-33-03-374
79.26,18.47,28.45,46.36,10-03-23-11-33-03-408
79.25,18.39,28.87,45.72,10-03-23-11-33-03-443
79.23,18.28,29.22,45.20,10-03-23-11-33-03-472
79.21,18.19,29.27,44.51,10-03-23-11-33-03-509
79.19,18.09,28.78,42.95,10-03-23-11-33-03-540
79.14,17.97,28.34,41.78,10-03-23-11-33-03-576
79.10,17.84,28.63,40.41,10-03-23-11-33-03-618
79.06,17.71,28.96,39.56,10-03-23-11-33-03-639
79.02,17.60,28.79,37.64,10-03-23-11-33-03-673
79.03,17.49,28.67,36.25,10-03-23-11-33-03-708
79.12,17.38,27.98,34.56,10-03-23-11-33-03-739
79.90,17.32,25.37,30.94,10-03-23-11-33-03-772
80.49,17.29,666.00,28.12,10-03-23-11-33-03-808
80.79,17.20,666.00,26.54,10-03-23-11-33-03-840
81.02,17.12,666.00,23.28,10-03-23-11-33-03-874
81.23,17.02,666.00,20.94,10-03-23-11-33-03-914
81.50,16.95,666.00,18.96,10-03-23-11-33-03-940
81.69,16.86,666.00,15.99,10-03-23-11-33-03-974
81.82,16.77,666.00,12.97,10-03-23-11-33-04-010
81.91,16.70,666.00,11.05,10-03-23-11-33-04-039
81.96,16.66,666.00,8.21,10-03-23-11-33-04-083
81.98,16.61,666.00,5.48,10-03-23-11-33-04-108
82.00,16.56,666.00,4.08,10-03-23-11-33-04-144
81.99,16.50,666.00,3.30,10-03-23-11-33-04-174
81.94,16.45,666.00,4.60,10-03-23-11-33-04-208
81.88,16.40,666.00,4.11,10-03-23-11-33-04-238
81.83,16.35,666.00,3.94,10-03-23-11-33-04-273
81.77,16.31,666.00,4.78,10-03-23-11-33-04-310
81.71,16.27,666.00,5.10,10-03-23-11-33-04-343
81.65,16.24,666.00,5.44,10-03-23-11-33-04-386
81.58,16.22,666.00,5.31,10-03-23-11-33-04-410
81.51,16.21,666.00,3.43,10-03-23-11-33-04-441
81.40,16.33,666.00,4.40,10-03-23-11-33-04-473
81.32,16.33,666.00,5.12,10-03-23-11-33-04-509
81.23,16.33,666.00,5.30,10-03-23-11-33-04-545
81.16,16.33,666.00,4.07,10-03-23-11-33-04-574
81.09,16.33,666.00,3.49,10-03-23-11-33-04-611
81.00,16.31,666.00,3.44,10-03-23-11-33-04-643
80.93,16.29,666.00,3.68,10-03-23-11-33-04-674
80.70,16.21,666.00,5.83,10-03-23-11-33-04-710
80.56,16.12,666.00,7.41,10-03-23-11-33-04-742
80.43,16.04,666.00,8.63,10-03-23-11-33-04-773
80.40,16.05,666.00,10.46,10-03-23-11-33-04-814
80.39,16.09,666.00,12.31,10-03-23-11-33-04-845
80.39,16.13,666.00,13.53,10-03-23-11-33-04-873
80.39,16.18,666.00,14.34,10-03-23-11-33-04-911
80.40,16.23,666.00,16.63,10-03-23-11-33-04-940
80.42,16.28,666.00,17.73,10-03-23-11-33-04-972
80.43,16.33,666.00,18.57,10-03-23-11-33-05-015
80.42,16.26,666.00,20.22,10-03-23-11-33-05-044
80.41,16.16,666.00,21.50,10-03-23-11-33-05-075
80.37,16.05,666.00,22.69,10-03-23-11-33-05-109
80.31,15.93,666.00,23.87,10-03-23-11-33-05-152
80.14,15.83,666.00,25.32,10-03-23-11-33-05-173
79.92,15.74,666.00,27.09,10-03-23-11-33-05-206
79.65,15.67,666.00,28.79,10-03-23-11-33-05-243
79.20,15.55,27.35,34.56,10-03-23-11-33-05-273
79.02,15.78,27.45,36.75,10-03-23-11-33-05-308
78.71,15.91,27.97,38.36,10-03-23-11-33-05-341
78.27,15.96,28.86,39.82,10-03-23-11-33-05-373
77.91,16.01,31.45,40.39,10-03-23-11-33-05-411
77.50,16.04,32.34,41.52,10-03-23-11-33-05-452
77.08,16.05,33.16,42.69,10-03-23-11-33-05-474
76.71,16.06,33.45,44.07,10-03-23-11-33-05-510
76.37,16.06,33.71,45.18,10-03-23-11-33-05-539
76.10,16.06,33.99,46.00,10-03-23-11-33-05-577
75.83,16.05,34.35,46.71,10-03-23-11-33-05-608
75.61,16.03,34.69,47.38,10-03-23-11-33-05-641
75.43,16.02,34.95,47.87,10-03-23-11-33-05-676
75.31,16.01,35.08,48.19,10-03-23-11-33-05-712
75.22,16.01,35.23,48.46,10-03-23-11-33-05-750
75.16,16.02,35.32,48.67,10-03-23-11-33-05-775
75.13,16.04,35.50,48.87,10-03-23-11-33-05-808
75.11,16.06,36.71,48.34,10-03-23-11-33-05-843
75.12,16.08,37.09,48.09,10-03-23-11-33-05-874
75.17,16.10,35.87,46.57,10-03-23-11-33-05-910
75.25,16.11,35.72,45.70,10-03-23-11-33-05-941
75.38,16.09,36.04,44.09,10-03-23-11-33-05-979
75.57,16.01,35.63,42.78,10-03-23-11-33-06-012
75.83,15.87,35.99,40.53,10-03-23-11-33-06-041
77.67,15.80,31.93,35.99,10-03-23-11-33-06-072
78.97,15.73,28.62,32.76,10-03-23-11-33-06-107
79.91,15.69,26.04,30.27,10-03-23-11-33-06-144
80.59,15.66,666.00,28.33,10-03-23-11-33-06-186
81.09,15.65,666.00,26.64,10-03-23-11-33-06-211
81.51,15.62,666.00,25.05,10-03-23-11-33-06-244
81.96,15.65,666.00,22.97,10-03-23-11-33-06-280
82.38,15.61,666.00,19.61,10-03-23-11-33-06-327
82.82,15.70,666.00,15.85,10-03-23-11-33-06-341
83.08,15.69,666.00,13.42,10-03-23-11-33-06-375
83.28,15.63,666.00,10.79,10-03-23-11-33-06-411
83.38,15.57,666.00,9.31,10-03-23-11-33-06-441
83.43,15.51,666.00,8.33,10-03-23-11-33-06-475
83.57,15.37,666.00,7.44,10-03-23-11-33-06-516
83.62,15.10,666.00,6.70,10-03-23-11-33-06-540
83.63,14.86,666.00,6.05,10-03-23-11-33-06-575
83.65,14.61,666.00,5.20,10-03-23-11-33-06-606
83.69,14.37,666.00,4.48,10-03-23-11-33-06-641
83.73,14.15,666.00,3.89,10-03-23-11-33-06-677
83.77,13.95,666.00,3.39,10-03-23-11-33-06-705
83.77,13.79,666.00,2.91,10-03-23-11-33-06-741
83.73,13.65,666.00,2.08,10-03-23-11-33-06-776
83.68,13.54,666.00,1.75,10-03-23-11-33-06-817
83.66,13.47,666.00,1.47,10-03-23-11-33-06-841
83.66,13.42,666.00,1.26,10-03-23-11-33-06-874
83.64,13.39,666.00,1.16,10-03-23-11-33-06-908
83.61,13.37,666.00,1.13,10-03-23-11-33-06-940
83.61,13.34,666.00,1.11,10-03-23-11-33-06-973
83.65,13.34,666.00,1.88,10-03-23-11-33-07-006
83.70,13.34,666.00,2.64,10-03-23-11-33-07-041
83.75,13.33,666.00,3.35,10-03-23-11-33-07-074
83.73,13.37,666.00,3.99,10-03-23-11-33-07-115
83.74,13.40,666.00,4.48,10-03-23-11-33-07-141
83.73,13.45,666.00,5.40,10-03-23-11-33-07-175
83.71,13.50,666.00,6.16,10-03-23-11-33-07-205
83.72,13.51,666.00,7.59,10-03-23-11-33-07-245
83.73,13.51,666.00,8.41,10-03-23-11-33-07-273
83.67,13.62,666.00,10.05,10-03-23-11-33-07-306
83.62,13.72,666.00,11.92,10-03-23-11-33-07-344
83.59,13.77,666.00,13.29,10-03-23-11-33-07-375
83.55,13.83,666.00,15.46,10-03-23-11-33-07-408
83.39,13.72,666.00,17.29,10-03-23-11-33-07-443
83.18,13.55,666.00,18.95,10-03-23-11-33-07-475
82.93,13.38,666.00,22.28,10-03-23-11-33-07-505
82.66,13.22,666.00,27.69,10-03-23-11-33-07-541
82.16,13.12,21.96,30.67,10-03-23-11-33-07-579
81.68,13.02,24.11,32.81,10-03-23-11-33-07-616
81.28,12.96,25.62,34.37,10-03-23-11-33-07-640
80.90,12.92,27.01,35.72,10-03-23-11-33-07-673
80.59,12.91,27.17,38.01,10-03-23-11-33-07-705
80.39,12.89,27.23,39.55,10-03-23-11-33-07-739
80.26,12.90,27.16,40.65,10-03-23-11-33-07-771
80.14,12.93,26.67,41.81,10-03-23-11-33-07-807
80.06,13.01,26.39,42.93,10-03-23-11-33-07-838
79.98,13.10,26.48,43.66,10-03-23-11-33-07-883
79.92,13.21,26.59,44.22,10-03-23-11-33-07-907
79.84,13.35,26.79,44.69,10-03-23-11-33-07-939
79.81,13.50,26.94,45.01,10-03-23-11-33-07-973
79.78,13.66,27.14,45.26,10-03-23-11-33-08-010
79.75,13.81,27.36,45.44,10-03-23-11-33-08-040
79.78,13.96,27.46,45.49,10-03-23-11-33-08-072
79.79,14.10,27.63,45.53,10-03-23-11-33-08-109
79.80,14.22,27.80,45.55,10-03-23-11-33-08-141
79.75,14.32,28.12,45.66,10-03-23-11-33-08-185
79.74,14.40,28.31,45.71,10-03-23-11-33-08-208
79.73,14.47,28.45,45.73,10-03-23-11-33-08-239
79.72,14.54,28.56,45.70,10-03-23-11-33-08-275
79.75,14.57,28.03,45.28,10-03-23-11-33-08-306
79.76,14.60,27.95,44.75,10-03-23-11-33-08-341
79.77,14.61,27.79,44.21,10-03-23-11-33-08-373
79.79,14.62,27.59,43.67,10-03-23-11-33-08-409
79.80,14.63,26.61,42.29,10-03-23-11-33-08-441
79.81,14.63,25.95,40.64,10-03-23-11-33-08-475
79.82,14.63,25.56,39.50,10-03-23-11-33-08-506
79.84,14.62,24.38,37.74,10-03-23-11-33-08-542
79.89,14.63,23.53,36.32,10-03-23-11-33-08-583
79.95,14.62,22.54,35.05,10-03-23-11-33-08-608
80.02,14.62,21.62,33.38,10-03-23-11-33-08-645
80.09,14.61,20.92,32.17,10-03-23-11-33-08-674
80.26,14.64,20.16,30.76,10-03-23-11-33-08-710
80.49,14.69,666.00,29.05,10-03-23-11-33-08-744
80.77,14.82,666.00,26.18,10-03-23-11-33-08-779
81.10,15.01,666.00,23.35,10-03-23-11-33-08-809
81.46,15.19,666.00,20.15,10-03-23-11-33-08-842
81.78,15.33,666.00,17.48,10-03-23-11-33-08-874
82.08,15.54,666.00,15.35,10-03-23-11-33-08-909
82.25,15.72,666.00,13.74,10-03-23-11-33-08-951
82.65,16.53,666.00,9.74,10-03-23-11-33-08-978
82.70,16.69,666.00,8.33,10-03-23-11-33-09-009
82.75,16.79,666.00,6.35,10-03-23-11-33-09-040
82.78,16.86,666.00,5.04,10-03-23-11-33-09-077
82.80,16.90,666.00,4.60,10-03-23-11-33-09-108
82.77,16.90,666.00,4.34,10-03-23-11-33-09-142
82.67,16.89,666.00,4.37,10-03-23-11-33-09-176
82.57,16.89,666.00,3.99,10-03-23-11-33-09-206
82.41,16.97,666.00,4.20,10-03-23-11-33-09-251
82.31,16.90,666.00,4.26,10-03-23-11-33-09-275
82.22,17.15,666.00,5.01,10-03-23-11-33-09-308
82.15,17.35,666.00,5.58,10-03-23-11-33-09-339
82.08,17.49,666.00,5.98,10-03-23-11-33-09-377
82.04,17.49,666.00,6.09,10-03-23-11-33-09-409
82.02,17.48,666.00,7.72,10-03-23-11-33-09-441
82.03,17.45,666.00,7.91,10-03-23-11-33-09-477
82.01,17.42,666.00,7.93,10-03-23-11-33-09-509
82.01,17.38,666.00,9.07,10-03-23-11-33-09-559
82.00,17.35,666.00,9.22,10-03-23-11-33-09-574
81.99,17.30,666.00,9.01,10-03-23-11-33-09-610
81.96,17.21,666.00,8.73,10-03-23-11-33-09-640
81.91,17.08,666.00,8.44,10-03-23-11-33-09-676
81.79,16.96,666.00,8.45,10-03-23-11-33-09-708
81.56,16.66,666.00,9.20,10-03-23-11-33-09-741
81.32,16.30,666.00,9.82,10-03-23-11-33-09-776
81.15,16.13,666.00,10.44,10-03-23-11-33-09-810
80.26,15.44,666.00,12.55,10-03-23-11-33-09-849
79.82,15.05,666.00,13.94,10-03-23-11-33-09-871
79.76,14.71,666.00,14.66,10-03-23-11-33-09-908
79.63,14.49,666.00,15.53,10-03-23-11-33-09-941
79.56,14.34,666.00,17.53,10-03-23-11-33-09-975
79.47,14.13,666.00,19.19,10-03-23-11-33-10-010
79.22,13.83,666.00,21.06,10-03-23-11-33-10-041
78.69,13.49,666.00,23.31,10-03-23-11-33-10-073
78.28,13.25,666.00,26.27,10-03-23-11-33-10-109
77.93,13.09,666.00,28.43,10-03-23-11-33-10-149
77.67,12.99,666.00,29.96,10-03-23-11-33-10-172
77.48,12.93,33.72,31.09,10-03-23-11-33-10-209
77.32,12.93,34.19,32.01,10-03-23-11-33-10-241
77.10,12.94,34.75,32.96,10-03-23-11-33-10-276
76.85,12.99,35.36,33.99,10-03-23-11-33-10-308
76.62,13.07,36.04,34.94,10-03-23-11-33-10-342
76.36,13.15,36.42,36.42,10-03-23-11-33-10-375
76.11,13.25,36.88,37.62,10-03-23-11-33-10-414
75.92,13.35,37.24,38.53,10-03-23-11-33-10-442
75.74,13.46,37.59,39.29,10-03-23-11-33-10-472
75.59,13.57,37.84,39.93,10-03-23-11-33-10-506
75.45,13.67,38.09,40.44,10-03-23-11-33-10-540
75.33,13.75,38.32,40.86,10-03-23-11-33-10-573
75.24,13.81,37.85,42.32,10-03-23-11-33-10-614
75.17,13.87,38.28,42.61,10-03-23-11-33-10-641
75.11,13.91,38.73,42.75,10-03-23-11-33-10-678
75.03,13.93,39.25,42.87,10-03-23-11-33-10-709
74.94,13.95,39.71,42.97,10-03-23-11-33-10-742
74.88,13.97,40.07,43.03,10-03-23-11-33-10-775
74.83,13.98,39.30,43.35,10-03-23-11-33-10-808
74.80,13.99,38.93,43.31,10-03-23-11-33-10-844
74.79,14.00,39.03,43.29,10-03-23-11-33-10-877
74.80,14.03,39.11,43.24,10-03-23-11-33-10-912
74.95,14.10,38.74,42.93,10-03-23-11-33-10-940
75.58,14.16,37.33,40.80,10-03-23-11-33-10-974
76.42,14.24,35.25,38.98,10-03-23-11-33-11-009
78.14,14.42,30.85,35.65,10-03-23-11-33-11-044
79.86,14.65,24.75,32.61,10-03-23-11-33-11-075
81.41,15.01,666.00,29.16,10-03-23-11-33-11-105
82.47,15.32,666.00,26.44,10-03-23-11-33-11-143
83.73,15.68,666.00,23.22,10-03-23-11-33-11-175
85.10,16.16,666.00,19.74,10-03-23-11-33-11-217
86.09,16.52,666.00,16.87,10-03-23-11-33-11-240
86.74,16.78,666.00,14.45,10-03-23-11-33-11-275
87.20,16.93,666.00,10.92,10-03-23-11-33-11-305
87.47,17.02,666.00,8.73,10-03-23-11-33-11-342
87.59,17.07,666.00,6.95,10-03-23-11-33-11-372
87.70,17.10,666.00,5.13,10-03-23-11-33-11-408
87.73,17.09,666.00,3.88,10-03-23-11-33-11-442
87.76,17.07,666.00,2.75,10-03-23-11-33-11-474
87.80,17.04,666.00,1.92,10-03-23-11-33-11-514
87.84,17.02,666.00,1.33,10-03-23-11-33-11-540
87.83,17.02,666.00,1.66,10-03-23-11-33-11-577
87.76,16.94,666.00,2.03,10-03-23-11-33-11-605
87.73,16.87,666.00,2.45,10-03-23-11-33-11-641
87.72,16.81,666.00,2.80,10-03-23-11-33-11-672
87.72,16.75,666.00,2.83,10-03-23-11-33-11-709
87.73,16.69,666.00,2.81,10-03-23-11-33-11-739
87.72,16.64,666.00,2.80,10-03-23-11-33-11-773
87.67,16.54,666.00,2.56,10-03-23-11-33-11-819
87.60,16.45,666.00,2.55,10-03-23-11-33-11-841
87.56,16.38,666.00,2.56,10-03-23-11-33-11-873
87.51,16.31,666.00,2.53,10-03-23-11-33-11-910
87.46,16.25,666.00,1.56,10-03-23-11-33-11-941
87.37,16.21,666.00,1.62,10-03-23-11-33-11-974
87.27,16.18,666.00,1.74,10-03-23-11-33-12-009
87.20,16.15,666.00,1.86,10-03-23-11-33-12-039
87.11,16.12,666.00,2.02,10-03-23-11-33-12-077
86.99,16.03,666.00,2.31,10-03-23-11-33-12-109
86.85,15.90,666.00,3.15,10-03-23-11-33-12-138
86.67,15.71,666.00,4.44,10-03-23-11-33-12-175
86.45,15.49,666.00,5.78,10-03-23-11-33-12-210
86.27,15.29,666.00,8.13,10-03-23-11-33-12-239
86.12,15.12,666.00,9.65,10-03-23-11-33-12-279
85.91,15.16,666.00,11.04,10-03-23-11-33-12-307
85.52,15.30,666.00,15.00,10-03-23-11-33-12-340
83.17,14.37,666.00,24.75,10-03-23-11-33-12-373
81.87,13.93,666.00,29.89,10-03-23-11-33-12-411
81.07,13.70,26.15,33.76,10-03-23-11-33-12-440
80.54,13.61,27.87,36.54,10-03-23-11-33-12-473
80.22,13.57,28.91,38.29,10-03-23-11-33-12-506
80.05,13.55,29.28,40.11,10-03-23-11-33-12-540
79.94,13.56,30.64,41.38,10-03-23-11-33-12-585
79.88,13.56,31.48,42.07,10-03-23-11-33-12-608
79.83,13.62,31.87,42.68,10-03-23-11-33-12-647
79.82,13.70,32.05,43.03,10-03-23-11-33-12-674
79.80,13.80,32.03,43.54,10-03-23-11-33-12-707
79.72,13.98,32.75,44.31,10-03-23-11-33-12-742
79.65,14.15,33.03,44.84,10-03-23-11-33-12-773
79.54,14.33,33.29,45.76,10-03-23-11-33-12-809
79.41,14.54,33.61,46.65,10-03-23-11-33-12-842
79.32,14.73,33.83,47.35,10-03-23-11-33-12-884
79.23,14.91,34.04,47.97,10-03-23-11-33-12-911
79.14,15.05,34.23,48.47,10-03-23-11-33-12-943
79.04,15.18,34.48,48.91,10-03-23-11-33-12-974
78.98,15.27,34.62,49.22,10-03-23-11-33-13-006
78.93,15.34,34.75,49.46,10-03-23-11-33-13-043
78.89,15.40,34.83,49.64,10-03-23-11-33-13-075
78.86,15.44,34.92,49.78,10-03-23-11-33-13-106
78.83,15.48,34.94,49.89,10-03-23-11-33-13-142
78.81,15.50,34.96,49.97,10-03-23-11-33-13-173
78.80,15.52,34.96,50.01,10-03-23-11-33-13-208
78.84,15.53,34.87,49.92,10-03-23-11-33-13-242
79.02,15.51,34.45,49.48,10-03-23-11-33-13-277
79.22,15.46,34.20,48.74,10-03-23-11-33-13-309
79.88,15.26,32.69,46.66,10-03-23-11-33-13-344
80.46,15.09,31.29,42.72,10-03-23-11-33-13-385
80.91,14.90,29.97,40.20,10-03-23-11-33-13-406
81.29,14.71,28.65,37.86,10-03-23-11-33-13-441
81.71,14.54,28.39,35.62,10-03-23-11-33-13-474
82.37,14.24,23.25,32.97,10-03-23-11-33-13-507
83.43,14.11,666.00,29.90,10-03-23-11-33-13-544
84.87,14.15,666.00,23.07,10-03-23-11-33-13-573
86.10,14.24,666.00,19.36,10-03-23-11-33-13-605
87.20,14.44,666.00,16.11,10-03-23-11-33-13-656
87.91,14.54,666.00,12.20,10-03-23-11-33-13-673
88.29,14.51,666.00,9.02,10-03-23-11-33-13-709
88.60,14.49,666.00,5.97,10-03-23-11-33-13-739
88.64,14.44,666.00,4.09,10-03-23-11-33-13-774
88.52,14.28,666.00,2.66,10-03-23-11-33-13-809
88.33,14.08,666.00,2.29,10-03-23-11-33-13-839
88.11,13.87,666.00,2.51,10-03-23-11-33-13-875
87.89,13.72,666.00,3.15,10-03-23-11-33-13-909
87.79,13.59,666.00,3.72,10-03-23-11-33-13-950
87.66,13.46,666.00,4.16,10-03-23-11-33-13-975
87.56,13.33,666.00,4.28,10-03-23-11-33-14-007
87.52,13.21,666.00,4.39,10-03-23-11-33-14-040
87.49,13.08,666.00,4.41,10-03-23-11-33-14-075
87.39,12.97,666.00,3.74,10-03-23-11-33-14-110
87.27,12.85,666.00,3.25,10-03-23-11-33-14-148
87.09,12.79,666.00,3.13,10-03-23-11-33-14-175
86.88,12.71,666.00,2.94,10-03-23-11-33-14-208
86.65,12.61,666.00,2.72,10-03-23-11-33-14-248
86.43,12.47,666.00,2.65,10-03-23-11-33-14-276
86.21,12.33,666.00,2.86,10-03-23-11-33-14-308
86.06,12.23,666.00,2.95,10-03-23-11-33-14-341
85.96,12.15,666.00,3.33,10-03-23-11-33-14-377
85.92,12.07,666.00,3.74,10-03-23-11-33-14-411
85.79,11.98,666.00,4.80,10-03-23-11-33-14-440
85.62,11.88,666.00,6.94,10-03-23-11-33-14-475
85.33,11.82,666.00,8.41,10-03-23-11-33-14-505
84.98,11.81,666.00,10.98,10-03-23-11-33-14-542
84.60,11.82,666.00,13.41,10-03-23-11-33-14-575
84.17,11.84,666.00,17.20,10-03-23-11-33-14-613
83.76,11.85,666.00,19.83,10-03-23-11-33-14-640
83.35,11.80,666.00,21.98,10-03-23-11-33-14-675
83.03,11.78,666.00,23.69,10-03-23-11-33-14-713
82.70,11.75,666.00,29.29,10-03-23-11-33-14-742
82.44,11.74,27.54,32.31,10-03-23-11-33-14-775
82.21,11.72,29.12,34.45,10-03-23-11-33-14-809
82.01,11.71,30.22,36.18,10-03-23-11-33-14-842
81.89,11.73,30.88,37.62,10-03-23-11-33-14-875
81.77,11.76,31.46,39.30,10-03-23-11-33-14-920
81.72,11.80,31.74,40.62,10-03-23-11-33-14-940
81.60,11.86,32.24,41.97,10-03-23-11-33-14-976
81.48,11.94,32.74,43.21,10-03-23-11-33-15-012
81.39,12.01,33.07,44.30,10-03-23-11-33-15-041
81.20,12.07,33.65,45.55,10-03-23-11-33-15-074
81.09,12.13,33.99,46.59,10-03-23-11-33-15-108
81.03,12.21,34.07,47.49,10-03-23-11-33-15-140
80.97,12.32,34.08,48.22,10-03-23-11-33-15-174
80.95,12.42,33.94,48.74,10-03-23-11-33-15-208
80.96,12.50,33.73,49.09,10-03-23-11-33-15-241
80.97,12.57,33.49,49.35,10-03-23-11-33-15-276
81.00,12.65,33.21,49.51,10-03-23-11-33-15-320
81.03,12.73,32.93,49.63,10-03-23-11-33-15-341
81.06,12.80,32.62,49.66,10-03-23-11-33-15-377
81.10,12.88,32.27,49.57,10-03-23-11-33-15-405
81.15,12.96,31.88,49.28,10-03-23-11-33-15-441
81.25,13.05,27.96,46.06,10-03-23-11-33-15-478
81.36,13.13,27.09,44.00,10-03-23-11-33-15-504
81.49,13.19,27.16,40.94,10-03-23-11-33-15-541
81.59,13.25,24.51,38.14,10-03-23-11-33-15-573
81.68,13.29,23.37,36.97,10-03-23-11-33-15-616
81.76,13.33,26.41,34.19,10-03-23-11-33-15-642
81.84,13.37,28.25,32.69,10-03-23-11-33-15-675
81.94,13.41,27.74,30.74,10-03-23-11-33-15-714
82.02,13.48,666.00,29.44,10-03-23-11-33-15-743
82.20,13.54,666.00,28.29,10-03-23-11-33-15-773
82.36,13.59,666.00,27.43,10-03-23-11-33-15-810
82.73,13.72,666.00,26.10,10-03-23-11-33-15-841
84.15,15.11,666.00,21.56,10-03-23-11-33-15-879
85.15,15.93,666.00,15.30,10-03-23-11-33-15-905
85.87,16.48,666.00,9.57,10-03-23-11-33-15-943
86.48,16.94,666.00,5.87,10-03-23-11-33-15-974
86.80,17.14,666.00,4.62,10-03-23-11-33-16-006
87.00,17.30,666.00,5.16,10-03-23-11-33-16-044
87.11,17.41,666.00,2.20,10-03-23-11-33-16-080
87.13,17.48,666.00,4.21,10-03-23-11-33-16-109
87.07,17.50,666.00,6.78,10-03-23-11-33-16-141
86.97,17.48,666.00,8.17,10-03-23-11-33-16-175
86.83,17.46,666.00,8.87,10-03-23-11-33-16-207
86.44,17.40,666.00,8.71,10-03-23-11-33-16-244
85.94,17.29,666.00,8.24,10-03-23-11-33-16-276
85.45,17.14,666.00,7.23,10-03-23-11-33-16-307
85.05,17.00,666.00,6.55,10-03-23-11-33-16-340
84.68,16.87,666.00,5.90,10-03-23-11-33-16-382
84.38,16.75,666.00,5.58,10-03-23-11-33-16-407
84.09,16.60,666.00,5.24,10-03-23-11-33-16-441
83.81,16.47,666.00,4.88,10-03-23-11-33-16-474
83.57,16.33,666.00,3.17,10-03-23-11-33-16-514
83.35,16.16,666.00,3.07,10-03-23-11-33-16-541
83.12,16.07,666.00,3.25,10-03-23-11-33-16-577
82.98,16.02,666.00,3.62,10-03-23-11-33-16-621
82.76,16.08,666.00,4.27,10-03-23-11-33-16-642
82.52,16.06,666.00,4.46,10-03-23-11-33-16-692
82.28,16.06,666.00,5.07,10-03-23-11-33-16-713
82.02,16.64,666.00,6.21,10-03-23-11-33-16-745
81.71,16.97,666.00,7.53,10-03-23-11-33-16-782
81.48,17.03,666.00,8.65,10-03-23-11-33-16-805
81.27,17.02,666.00,10.50,10-03-23-11-33-16-841
81.11,16.96,666.00,11.78,10-03-23-11-33-16-877
80.56,16.50,666.00,14.24,10-03-23-11-33-16-906
80.09,16.12,666.00,15.90,10-03-23-11-33-16-941
79.95,15.93,666.00,17.62,10-03-23-11-33-16-975
79.62,15.45,666.00,21.98,10-03-23-11-33-17-008
79.52,15.26,666.00,24.53,10-03-23-11-33-17-043
79.02,14.83,666.00,27.87,10-03-23-11-33-17-075
78.70,14.51,34.79,30.78,10-03-23-11-33-17-110
78.45,14.22,36.14,35.54,10-03-23-11-33-17-144
78.28,13.99,36.91,37.94,10-03-23-11-33-17-174
78.19,13.81,37.47,39.69,10-03-23-11-33-17-208
78.20,13.65,38.90,41.20,10-03-23-11-33-17-241
78.33,13.45,38.84,42.12,10-03-23-11-33-17-273
78.54,13.20,38.42,42.61,10-03-23-11-33-17-309
78.75,12.98,37.94,42.91,10-03-23-11-33-17-347
78.96,12.75,37.38,43.10,10-03-23-11-33-17-374
79.18,12.52,36.75,43.20,10-03-23-11-33-17-411
79.40,12.35,36.05,43.27,10-03-23-11-33-17-451
79.58,12.22,35.52,43.41,10-03-23-11-33-17-472
79.75,12.12,35.06,43.51,10-03-23-11-33-17-512
79.90,12.00,34.59,43.63,10-03-23-11-33-17-545
80.02,11.88,34.24,43.81,10-03-23-11-33-17-574
80.12,11.83,33.86,44.08,10-03-23-11-33-17-608
80.21,11.84,33.47,44.33,10-03-23-11-33-17-642
80.28,11.86,33.18,44.57,10-03-23-11-33-17-672
80.33,11.90,32.97,44.82,10-03-23-11-33-17-710
80.38,11.94,32.80,44.99,10-03-23-11-33-17-750
80.41,11.98,32.66,45.15,10-03-23-11-33-17-774
80.45,12.03,32.54,45.25,10-03-23-11-33-17-808
80.53,12.05,32.31,45.24,10-03-23-11-33-17-843
80.61,12.07,32.07,45.20,10-03-23-11-33-17-875
80.67,12.09,31.85,45.16,10-03-23-11-33-17-908
80.81,12.08,31.11,44.96,10-03-23-11-33-17-940
80.95,12.06,30.32,44.69,10-03-23-11-33-17-973
81.08,12.04,29.78,44.22,10-03-23-11-33-18-007
81.20,12.03,29.28,43.70,10-03-23-11-33-18-040
81.36,12.01,28.47,42.18,10-03-23-11-33-18-073
81.52,12.00,29.57,40.75,10-03-23-11-33-18-112
81.69,11.98,28.13,37.83,10-03-23-11-33-18-143
81.83,11.96,27.51,36.45,10-03-23-11-33-18-174
82.02,11.93,28.48,34.67,10-03-23-11-33-18-210
82.18,11.93,25.59,33.24,10-03-23-11-33-18-239
82.37,11.90,23.46,31.92,10-03-23-11-33-18-274
82.57,11.88,21.53,30.90,10-03-23-11-33-18-306
82.93,11.90,666.00,28.79,10-03-23-11-33-18-340
83.49,11.94,666.00,26.56,10-03-23-11-33-18-374
84.12,12.13,666.00,24.25,10-03-23-11-33-18-405
86.09,12.67,666.00,18.86,10-03-23-11-33-18-440
87.39,13.19,666.00,11.80,10-03-23-11-33-18-475
88.20,13.51,666.00,8.09,10-03-23-11-33-18-518
88.71,13.69,666.00,5.57,10-03-23-11-33-18-541
89.06,13.81,666.00,3.97,10-03-23-11-33-18-574
89.30,13.88,666.00,2.92,10-03-23-11-33-18-610
89.42,13.94,666.00,2.22,10-03-23-11-33-18-640
89.42,13.97,666.00,1.36,10-03-23-11-33-18-674
89.39,13.99,666.00,1.43,10-03-23-11-33-18-707
89.31,13.99,666.00,1.70,10-03-23-11-33-18-739
89.22,14.02,666.00,1.99,10-03-23-11-33-18-774
89.13,14.05,666.00,2.14,10-03-23-11-33-18-818
89.01,14.16,666.00,1.88,10-03-23-11-33-18-839
88.90,14.25,666.00,2.34,10-03-23-11-33-18-872
88.84,14.31,666.00,2.13,10-03-23-11-33-18-910
88.79,14.36,666.00,1.10,10-03-23-11-33-18-942
88.56,14.51,666.00,0.82,10-03-23-11-33-18-972
88.44,14.73,666.00,0.58,10-03-23-11-33-19-008
88.35,14.90,666.00,0.75,10-03-23-11-33-19-041
88.32,15.00,666.00,0.58,10-03-23-11-33-19-072
88.33,15.04,666.00,0.84,10-03-23-11-33-19-116
88.30,15.03,666.00,1.12,10-03-23-11-33-19-141
88.31,15.04,666.00,1.76,10-03-23-11-33-19-173
88.35,15.05,666.00,2.53,10-03-23-11-33-19-208
88.33,14.99,666.00,3.25,10-03-23-11-33-19-240
88.19,15.09,666.00,1.21,10-03-23-11-33-19-272
88.07,15.12,666.00,0.59,10-03-23-11-33-19-305
87.96,15.16,666.00,1.28,10-03-23-11-33-19-342
87.85,15.13,666.00,2.06,10-03-23-11-33-19-376
87.69,15.09,666.00,2.71,10-03-23-11-33-19-406
87.38,15.01,666.00,3.74,10-03-23-11-33-19-440
87.05,14.94,666.00,6.84,10-03-23-11-33-19-475
86.58,14.78,666.00,8.07,10-03-23-11-33-19-507
86.09,14.64,666.00,9.41,10-03-23-11-33-19-545
85.69,14.52,666.00,11.63,10-03-23-11-33-19-577
85.34,14.45,666.00,13.64,10-03-23-11-33-19-608
84.67,14.81,666.00,16.76,10-03-23-11-33-19-644
83.83,14.51,666.00,19.88,10-03-23-11-33-19-675
83.18,14.25,666.00,23.09,10-03-23-11-33-19-709
82.71,14.04,666.00,25.17,10-03-23-11-33-19-741
82.34,13.89,23.08,30.69,10-03-23-11-33-19-775
82.07,13.78,25.49,33.25,10-03-23-11-33-19-806
81.89,13.70,27.18,34.91,10-03-23-11-33-19-841
81.78,13.64,28.23,36.07,10-03-23-11-33-19-883
81.71,13.61,28.68,37.14,10-03-23-11-33-19-909
81.66,13.57,28.98,38.12,10-03-23-11-33-19-940
81.61,13.55,27.72,43.87,10-03-23-11-33-19-974
81.47,13.57,28.73,46.45,10-03-23-11-33-20-007
81.29,13.64,29.57,48.09,10-03-23-11-33-20-041
81.05,13.72,30.50,49.37,10-03-23-11-33-20-074
80.79,13.87,31.31,50.32,10-03-23-11-33-20-108
80.54,14.01,32.02,51.05,10-03-23-11-33-20-141
80.30,14.14,32.61,51.64,10-03-23-11-33-20-181
80.10,14.23,33.09,52.09,10-03-23-11-33-20-211
79.85,14.27,33.64,52.54,10-03-23-11-33-20-243
79.64,14.32,34.06,52.89,10-03-23-11-33-20-273
79.41,14.42,34.41,53.20,10-03-23-11-33-20-310
79.20,14.53,34.70,53.48,10-03-23-11-33-20-341
79.01,14.61,34.93,53.68,10-03-23-11-33-20-372
78.87,14.68,35.00,53.73,10-03-23-11-33-20-406
78.78,14.73,34.91,53.53,10-03-23-11-33-20-440
78.74,14.74,34.89,52.48,10-03-23-11-33-20-481
78.76,14.66,34.67,51.03,10-03-23-11-33-20-508
78.83,14.55,34.36,49.07,10-03-23-11-33-20-547
78.95,14.43,31.96,43.12,10-03-23-11-33-20-573
79.15,14.29,30.40,40.37,10-03-23-11-33-20-607
79.41,14.15,28.86,36.48,10-03-23-11-33-20-642
79.84,13.94,26.67,33.05,10-03-23-11-33-20-675
80.23,13.87,25.35,30.65,10-03-23-11-33-20-709
80.79,13.81,666.00,28.40,10-03-23-11-33-20-746
81.51,13.84,666.00,25.98,10-03-23-11-33-20-773
82.18,13.88,666.00,23.74,10-03-23-11-33-20-808
82.78,13.94,666.00,21.83,10-03-23-11-33-20-841
83.29,13.99,666.00,20.13,10-03-23-11-33-20-872
84.04,14.12,666.00,17.93,10-03-23-11-33-20-908
85.68,15.25,666.00,11.27,10-03-23-11-33-20-946
86.01,15.63,666.00,9.01,10-03-23-11-33-20-971
86.28,15.87,666.00,10.18,10-03-23-11-33-21-010
86.51,16.09,666.00,8.45,10-03-23-11-33-21-042
86.62,16.24,666.00,6.39,10-03-23-11-33-21-072
86.80,16.44,666.00,4.90,10-03-23-11-33-21-110
86.92,16.55,666.00,4.73,10-03-23-11-33-21-139
86.95,16.77,666.00,4.06,10-03-23-11-33-21-173
87.01,16.98,666.00,4.17,10-03-23-11-33-21-209
87.06,17.08,666.00,4.50,10-03-23-11-33-21-252
87.07,17.12,666.00,4.88,10-03-23-11-33-21-274
87.03,17.18,666.00,5.15,10-03-23-11-33-21-309
86.96,17.18,666.00,5.53,10-03-23-11-33-21-339
86.84,17.15,666.00,5.72,10-03-23-11-33-21-374
86.73,17.14,666.00,5.88,10-03-23-11-33-21-407
86.62,17.15,666.00,5.96,10-03-23-11-33-21-442
86.55,17.07,666.00,5.87,10-03-23-11-33-21-474
86.42,17.20,666.00,5.98,10-03-23-11-33-21-507
86.28,17.32,666.00,6.06,10-03-23-11-33-21-549
86.17,17.37,666.00,6.04,10-03-23-11-33-21-574
86.03,17.35,666.00,5.87,10-03-23-11-33-21-607
85.93,17.27,666.00,5.64,10-03-23-11-33-21-639
85.80,17.09,666.00,3.84,10-03-23-11-33-21-676
85.69,16.89,666.00,2.92,10-03-23-11-33-21-707
85.54,16.73,666.00,0.98,10-03-23-11-33-21-742
85.32,16.69,666.00,1.19,10-03-23-11-33-21-775
84.99,16.66,666.00,2.45,10-03-23-11-33-21-808
84.74,16.59,666.00,3.79,10-03-23-11-33-21-842
84.47,16.76,666.00,5.62,10-03-23-11-33-21-873
84.31,16.79,666.00,7.43,10-03-23-11-33-21-906
84.18,16.80,666.00,8.84,10-03-23-11-33-21-941
84.07,16.80,666.00,9.94,10-03-23-11-33-21-974
83.79,16.69,666.00,11.47,10-03-23-11-33-22-013
83.44,16.56,666.00,13.06,10-03-23-11-33-22-041
83.12,16.52,666.00,14.43,10-03-23-11-33-22-074
82.82,16.51,666.00,15.58,10-03-23-11-33-22-109
82.59,16.48,666.00,16.63,10-03-23-11-33-22-142
82.40,16.41,666.00,17.81,10-03-23-11-33-22-173
82.21,16.40,666.00,21.57,10-03-23-11-33-22-208
82.04,16.35,666.00,24.55,10-03-23-11-33-22-239
81.83,16.27,666.00,27.46,10-03-23-11-33-22-275
81.48,16.17,666.00,29.81,10-03-23-11-33-22-319
81.04,16.13,24.92,32.03,10-03-23-11-33-22-340
80.69,16.10,27.97,35.96,10-03-23-11-33-22-372
80.39,16.14,29.62,38.50,10-03-23-11-33-22-407
80.15,16.20,29.71,40.56,10-03-23-11-33-22-442
79.92,16.36,30.21,43.22,10-03-23-11-33-22-474
79.81,16.48,30.47,44.69,10-03-23-11-33-22-506
79.76,16.70,30.52,45.71,10-03-23-11-33-22-539
79.73,16.87,30.43,46.45,10-03-23-11-33-22-574
79.70,17.05,30.27,47.08,10-03-23-11-33-22-616
79.67,17.25,29.73,47.87,10-03-23-11-33-22-640
79.64,17.43,28.98,48.57,10-03-23-11-33-22-675
79.65,17.53,28.30,48.95,10-03-23-11-33-22-710
79.69,17.63,27.83,49.11,10-03-23-11-33-22-741
79.77,17.65,27.31,49.10,10-03-23-11-33-22-776
79.98,17.72,26.42,48.31,10-03-23-11-33-22-809
80.33,17.80,27.94,45.61,10-03-23-11-33-22-840
80.70,17.88,28.08,43.66,10-03-23-11-33-22-877
81.05,17.95,27.97,42.14,10-03-23-11-33-22-919
81.41,17.94,25.88,38.09,10-03-23-11-33-22-940
82.88,18.18,22.22,34.47,10-03-23-11-33-22-979
83.84,18.24,22.33,30.51,10-03-23-11-33-23-008
84.46,18.24,666.00,28.11,10-03-23-11-33-23-041
84.77,18.33,666.00,25.60,10-03-23-11-33-23-074
85.27,18.15,666.00,23.06,10-03-23-11-33-23-108
85.71,17.92,666.00,21.14,10-03-23-11-33-23-140
86.19,17.68,666.00,18.96,10-03-23-11-33-23-178
86.53,17.52,666.00,17.36,10-03-23-11-33-23-208
86.93,17.34,666.00,15.26,10-03-23-11-33-23-241
87.29,17.18,666.00,12.64,10-03-23-11-33-23-273
87.59,17.07,666.00,7.98,10-03-23-11-33-23-308
87.85,17.04,666.00,5.45,10-03-23-11-33-23-342
87.93,17.05,666.00,3.62,10-03-23-11-33-23-381
87.95,17.06,666.00,2.53,10-03-23-11-33-23-411
87.94,17.07,666.00,1.91,10-03-23-11-33-23-441
87.92,17.09,666.00,1.60,10-03-23-11-33-23-473
87.89,17.11,666.00,1.30,10-03-23-11-33-23-509
87.87,17.14,666.00,1.32,10-03-23-11-33-23-543
87.77,17.20,666.00,1.48,10-03-23-11-33-23-572
87.69,17.25,666.00,1.50,10-03-23-11-33-23-606
87.62,17.31,666.00,1.54,10-03-23-11-33-23-641
87.55,17.35,666.00,1.61,10-03-23-11-33-23-685
87.50,17.39,666.00,1.68,10-03-23-11-33-23-705
87.42,17.44,666.00,1.82,10-03-23-11-33-23-743
87.26,17.52,666.00,2.12,10-03-23-11-33-23-772
87.14,17.61,666.00,2.46,10-03-23-11-33-23-810
87.05,17.69,666.00,2.73,10-03-23-11-33-23-842
86.91,17.93,666.00,3.12,10-03-23-11-33-23-873
86.78,18.04,666.00,3.29,10-03-23-11-33-23-907
86.68,18.15,666.00,3.43,10-03-23-11-33-23-940
86.59,18.22,666.00,3.58,10-03-23-11-33-23-974
86.50,18.32,666.00,3.80,10-03-23-11-33-24-007
86.42,18.38,666.00,4.21,10-03-23-11-33-24-043
86.25,18.40,666.00,5.02,10-03-23-11-33-24-075
86.08,18.39,666.00,6.36,10-03-23-11-33-24-109
85.82,18.34,666.00,7.70,10-03-23-11-33-24-142
85.55,18.28,666.00,9.03,10-03-23-11-33-24-173
85.16,18.17,666.00,10.99,10-03-23-11-33-24-208
84.75,18.09,666.00,13.35,10-03-23-11-33-24-241
83.75,17.83,666.00,20.53,10-03-23-11-33-24-275
82.83,17.51,666.00,24.39,10-03-23-11-33-24-308
82.15,17.27,666.00,27.79,10-03-23-11-33-24-349
81.31,17.06,23.83,30.97,10-03-23-11-33-24-375
80.68,16.93,25.44,33.32,10-03-23-11-33-24-408
80.16,16.87,26.68,35.25,10-03-23-11-33-24-443
79.70,16.86,27.50,37.18,10-03-23-11-33-24-473
79.34,16.89,28.21,38.74,10-03-23-11-33-24-510
79.03,16.93,28.36,40.60,10-03-23-11-33-24-541
78.78,17.01,28.49,42.27,10-03-23-11-33-24-573
78.59,17.10,28.61,43.70,10-03-23-11-33-24-607
78.39,17.24,28.84,45.14,10-03-23-11-33-24-640
78.17,17.48,29.32,46.72,10-03-23-11-33-24-676
78.04,17.62,27.25,50.80,10-03-23-11-33-24-707
77.90,17.74,26.91,52.61,10-03-23-11-33-24-747
77.79,17.88,26.58,53.26,10-03-23-11-33-24-775
77.69,17.99,26.66,53.54,10-03-23-11-33-24-807
77.62,18.09,27.16,53.96,10-03-23-11-33-24-840
77.58,18.14,27.67,54.09,10-03-23-11-33-24-874
77.50,18.18,28.17,54.12,10-03-23-11-33-24-911
77.45,18.19,28.50,54.08,10-03-23-11-33-24-942
77.42,18.19,28.90,53.46,10-03-23-11-33-24-973
77.41,18.13,29.33,52.65,10-03-23-11-33-25-006
77.44,18.08,29.71,51.73,10-03-23-11-33-25-046
77.56,18.03,29.91,50.39,10-03-23-11-33-25-073
77.81,17.99,29.51,44.66,10-03-23-11-33-25-110
78.13,17.90,29.00,41.70,10-03-23-11-33-25-142
78.60,17.89,28.33,39.84,10-03-23-11-33-25-174
79.13,17.85,26.95,37.23,10-03-23-11-33-25-208
79.80,17.78,26.09,33.56,10-03-23-11-33-25-241
80.52,17.71,25.45,30.23,10-03-23-11-33-25-284
81.28,17.67,666.00,27.44,10-03-23-11-33-25-309
82.02,17.62,666.00,25.04,10-03-23-11-33-25-350
84.34,18.19,666.00,17.37,10-03-23-11-33-25-373
85.30,18.39,666.00,14.30,10-03-23-11-33-25-408
86.11,18.65,666.00,11.50,10-03-23-11-33-25-443
86.62,18.78,666.00,9.54,10-03-23-11-33-25-475
86.95,18.86,666.00,7.87,10-03-23-11-33-25-507
87.12,19.20,666.00,6.06,10-03-23-11-33-25-543
87.23,19.28,666.00,5.37,10-03-23-11-33-25-574
87.27,19.34,666.00,5.24,10-03-23-11-33-25-606
87.26,19.38,666.00,7.35,10-03-23-11-33-25-641
87.17,19.44,666.00,7.82,10-03-23-11-33-25-674
87.00,19.49,666.00,7.79,10-03-23-11-33-25-708
86.82,19.57,666.00,8.01,10-03-23-11-33-25-744
86.50,19.73,666.00,7.91,10-03-23-11-33-25-775
86.32,19.91,666.00,7.92,10-03-23-11-33-25-810
86.14,20.00,666.00,7.26,10-03-23-11-33-25-842
85.97,20.08,666.00,7.12,10-03-23-11-33-25-874
85.80,20.14,666.00,7.07,10-03-23-11-33-25-912
85.59,20.13,666.00,7.03,10-03-23-11-33-25-942
85.35,20.06,666.00,6.77,10-03-23-11-33-25-974
85.05,19.92,666.00,7.10,10-03-23-11-33-26-009
84.77,19.77,666.00,7.22,10-03-23-11-33-26-040
84.48,19.59,666.00,7.60,10-03-23-11-33-26-072
84.17,19.41,666.00,8.83,10-03-23-11-33-26-116
83.89,19.23,666.00,10.28,10-03-23-11-33-26-139
83.64,19.05,666.00,13.31,10-03-23-11-33-26-172
83.43,18.90,666.00,15.87,10-03-23-11-33-26-211
83.23,18.75,666.00,17.69,10-03-23-11-33-26-255
83.07,18.62,666.00,19.16,10-03-23-11-33-26-274
82.85,18.43,666.00,21.23,10-03-23-11-33-26-308
82.58,18.23,666.00,22.88,10-03-23-11-33-26-344
82.20,17.97,666.00,25.48,10-03-23-11-33-26-373
81.80,17.67,21.74,30.93,10-03-23-11-33-26-415
81.39,17.42,23.22,34.26,10-03-23-11-33-26-441
80.98,17.18,24.35,36.63,10-03-23-11-33-26-475
80.64,17.03,25.26,38.49,10-03-23-11-33-26-507
80.35,16.90,25.92,39.99,10-03-23-11-33-26-543
80.06,16.76,26.47,41.34,10-03-23-11-33-26-573
79.81,16.66,26.71,42.63,10-03-23-11-33-26-608
79.61,16.59,26.80,43.80,10-03-23-11-33-26-641
79.47,16.58,26.75,44.77,10-03-23-11-33-26-673
79.35,16.60,26.61,45.57,10-03-23-11-33-26-705
79.24,16.62,26.49,46.24,10-03-23-11-33-26-741
79.15,16.65,26.33,46.76,10-03-23-11-33-26-775
79.09,16.70,26.21,47.14,10-03-23-11-33-26-807
79.04,16.72,26.14,47.42,10-03-23-11-33-26-843
79.00,16.75,26.08,47.63,10-03-23-11-33-26-875
78.98,16.75,25.90,47.57,10-03-23-11-33-26-906
78.96,16.74,25.78,47.42,10-03-23-11-33-26-939
78.98,16.73,25.59,47.21,10-03-23-11-33-26-974
79.00,16.73,25.51,46.86,10-03-23-11-33-27-009
79.03,16.74,25.48,46.43,10-03-23-11-33-27-043
79.09,16.75,26.18,42.81,10-03-23-11-33-27-074
79.24,16.76,27.52,41.51,10-03-23-11-33-27-107
79.57,16.79,28.01,40.14,10-03-23-11-33-27-143
80.00,16.78,27.68,38.89,10-03-23-11-33-27-179
80.75,16.77,25.89,36.58,10-03-23-11-33-27-206
81.95,16.77,22.13,33.05,10-03-23-11-33-27-249
83.07,16.76,666.00,28.85,10-03-23-11-33-27-272
84.01,16.76,666.00,25.83,10-03-23-11-33-27-306
84.97,16.81,666.00,22.82,10-03-23-11-33-27-343
85.72,16.87,666.00,19.52,10-03-23-11-33-27-373
86.38,16.92,666.00,11.55,10-03-23-11-33-27-408
86.87,16.96,666.00,9.93,10-03-23-11-33-27-437
87.23,17.01,666.00,7.46,10-03-23-11-33-27-483
87.49,17.05,666.00,5.98,10-03-23-11-33-27-509
87.66,17.09,666.00,6.65,10-03-23-11-33-27-541
87.77,17.16,666.00,4.45,10-03-23-11-33-27-574
87.67,17.17,666.00,4.88,10-03-23-11-33-27-608
87.52,17.16,666.00,4.66,10-03-23-11-33-27-638
87.35,17.16,666.00,5.38,10-03-23-11-33-27-674
87.08,17.14,666.00,6.40,10-03-23-11-33-27-708
86.85,17.11,666.00,6.91,10-03-23-11-33-27-740
86.60,17.12,666.00,7.28,10-03-23-11-33-27-784
86.38,17.13,666.00,8.04,10-03-23-11-33-27-812
86.18,17.14,666.00,8.49,10-03-23-11-33-27-842
85.99,17.13,666.00,7.83,10-03-23-11-33-27-874
85.78,17.12,666.00,7.10,10-03-23-11-33-27-908
85.58,17.12,666.00,6.81,10-03-23-11-33-27-941
85.40,17.11,666.00,5.93,10-03-23-11-33-27-973
85.18,17.07,666.00,5.14,10-03-23-11-33-28-008
84.97,17.03,666.00,4.71,10-03-23-11-33-28-042
84.76,16.99,666.00,4.32,10-03-23-11-33-28-090
84.58,16.97,666.00,4.09,10-03-23-11-33-28-111
84.25,17.07,666.00,5.45,10-03-23-11-33-28-140
83.81,17.13,666.00,6.46,10-03-23-11-33-28-176
83.43,17.18,666.00,7.65,10-03-23-11-33-28-207
83.24,17.22,666.00,9.26,10-03-23-11-33-28-240
83.07,17.23,666.00,10.85,10-03-23-11-33-28-274
82.91,17.24,666.00,11.82,10-03-23-11-33-28-307
82.77,17.25,666.00,13.44,10-03-23-11-33-28-341
82.62,17.23,666.00,16.29,10-03-23-11-33-28-375
82.45,17.19,666.00,18.03,10-03-23-11-33-28-405
82.16,17.09,666.00,19.25,10-03-23-11-33-28-441
81.84,17.01,666.00,20.36,10-03-23-11-33-28-474
81.45,16.93,666.00,21.51,10-03-23-11-33-28-506
80.94,16.84,666.00,22.82,10-03-23-11-33-28-545
80.39,16.71,666.00,27.86,10-03-23-11-33-28-575
79.72,16.58,29.14,30.72,10-03-23-11-33-28-606
79.09,16.50,30.59,33.61,10-03-23-11-33-28-643
78.38,16.50,32.37,36.18,10-03-23-11-33-28-673
77.84,16.52,34.01,38.25,10-03-23-11-33-28-705
77.31,16.58,35.78,40.17,10-03-23-11-33-28-741
76.97,16.59,36.99,41.67,10-03-23-11-33-28-773
76.73,16.60,37.78,42.73,10-03-23-11-33-28-807
76.57,16.61,38.33,43.49,10-03-23-11-33-28-848
76.44,16.60,38.76,44.08,10-03-23-11-33-28-875
76.37,16.58,39.09,44.52,10-03-23-11-33-28-909
76.33,16.56,39.62,45.98,10-03-23-11-33-28-941
76.30,16.55,40.09,46.58,10-03-23-11-33-28-973
76.29,16.55,40.17,47.05,10-03-23-11-33-29-007
76.30,16.51,40.11,47.31,10-03-23-11-33-29-039
76.33,16.46,40.01,47.45,10-03-23-11-33-29-075
76.35,16.42,40.04,46.83,10-03-23-11-33-29-108
76.38,16.39,39.61,46.68,10-03-23-11-33-29-150
76.41,16.37,39.21,46.54,10-03-23-11-33-29-176
76.47,16.36,38.84,46.29,10-03-23-11-33-29-211
76.55,16.39,38.50,46.02,10-03-23-11-33-29-238
76.81,16.52,37.19,44.79,10-03-23-11-33-29-274
77.13,16.67,36.36,43.76,10-03-23-11-33-29-307
77.62,16.86,34.92,42.00,10-03-23-11-33-29-341
78.37,17.13,33.07,39.57,10-03-23-11-33-29-371
79.35,17.36,29.09,35.72,10-03-23-11-33-29-410
80.34,17.60,26.36,32.23,10-03-23-11-33-29-450
81.76,17.91,666.00,25.47,10-03-23-11-33-29-475
83.03,18.18,666.00,21.25,10-03-23-11-33-29-505
83.97,18.38,666.00,15.03,10-03-23-11-33-29-541
84.76,18.53,666.00,11.24,10-03-23-11-33-29-570
85.40,18.70,666.00,9.09,10-03-23-11-33-29-606
85.88,18.83,666.00,8.83,10-03-23-11-33-29-639
86.21,18.90,666.00,8.11,10-03-23-11-33-29-674
86.44,18.94,666.00,8.07,10-03-23-11-33-29-707
86.59,18.96,666.00,8.07,10-03-23-11-33-29-750
86.68,18.96,666.00,8.05,10-03-23-11-33-29-775
86.73,18.95,666.00,7.19,10-03-23-11-33-29-807
86.70,18.90,666.00,6.75,10-03-23-11-33-29-843
86.63,18.82,666.00,6.77,10-03-23-11-33-29-876
86.56,18.74,666.00,6.90,10-03-23-11-33-29-907
86.49,18.68,666.00,7.00,10-03-23-11-33-29-942
86.43,18.64,666.00,7.09,10-03-23-11-33-29-976
86.31,18.58,666.00,6.54,10-03-23-11-33-30-011
85.81,18.60,666.00,6.70,10-03-23-11-33-30-041
85.23,18.41,666.00,6.77,10-03-23-11-33-30-073
84.66,18.28,666.00,7.84,10-03-23-11-33-30-108
84.19,18.23,666.00,9.04,10-03-23-11-33-30-140
83.62,18.20,666.00,11.09,10-03-23-11-33-30-171
82.94,18.14,666.00,13.47,10-03-23-11-33-30-212
82.32,18.02,666.00,15.45,10-03-23-11-33-30-240
81.69,17.89,666.00,18.95,10-03-23-11-33-30-274
81.02,17.81,666.00,22.01,10-03-23-11-33-30-313
79.25,17.36,666.00,26.94,10-03-23-11-33-30-339
77.86,16.93,37.48,31.16,10-03-23-11-33-30-373
76.96,16.50,37.29,38.31,10-03-23-11-33-30-409
76.40,16.14,37.92,42.35,10-03-23-11-33-30-442
76.08,15.83,38.75,44.48,10-03-23-11-33-30-472
75.88,15.58,41.63,45.73,10-03-23-11-33-30-515
75.75,15.39,43.44,46.21,10-03-23-11-33-30-539
75.68,15.24,43.69,47.81,10-03-23-11-33-30-575
75.63,15.14,44.93,47.46,10-03-23-11-33-30-609
75.63,15.07,45.67,47.12,10-03-23-11-33-30-640
75.67,15.03,46.03,46.86,10-03-23-11-33-30-674
75.74,15.01,46.13,46.62,10-03-23-11-33-30-706
75.82,15.01,46.11,46.41,10-03-23-11-33-30-740
75.90,15.00,42.06,47.43,10-03-23-11-33-30-774
75.98,14.99,41.42,47.41,10-03-23-11-33-30-820
76.07,14.99,40.52,47.35,10-03-23-11-33-30-842
76.16,14.98,40.25,46.98,10-03-23-11-33-30-876
76.23,14.98,40.84,45.08,10-03-23-11-33-30-909
76.30,14.97,41.11,44.11,10-03-23-11-33-30-941
76.37,14.98,41.22,43.54,10-03-23-11-33-30-972
76.42,15.00,39.53,43.84,10-03-23-11-33-31-006
76.46,15.02,38.79,43.95,10-03-23-11-33-31-045
76.50,15.06,38.27,43.84,10-03-23-11-33-31-072
76.58,15.12,37.74,43.52,10-03-23-11-33-31-120
76.70,15.22,35.49,40.83,10-03-23-11-33-31-141
76.87,15.35,33.90,38.85,10-03-23-11-33-31-173
77.13,15.47,32.66,37.51,10-03-23-11-33-31-211
77.55,15.55,31.08,36.13,10-03-23-11-33-31-246
80.32,16.95,26.02,30.12,10-03-23-11-33-31-271
81.64,17.53,666.00,26.75,10-03-23-11-33-31-305
82.48,17.86,666.00,23.68,10-03-23-11-33-31-340
83.02,18.06,666.00,19.00,10-03-23-11-33-31-374
83.41,18.22,666.00,17.27,10-03-23-11-33-31-407
84.08,18.43,666.00,14.54,10-03-23-11-33-31-437
84.65,18.65,666.00,12.36,10-03-23-11-33-31-475
85.06,18.81,666.00,10.87,10-03-23-11-33-31-507
85.34,18.94,666.00,9.85,10-03-23-11-33-31-539
85.56,19.04,666.00,8.92,10-03-23-11-33-31-581
85.71,19.12,666.00,8.14,10-03-23-11-33-31-605
85.79,19.15,666.00,7.61,10-03-23-11-33-31-642
85.83,19.17,666.00,7.27,10-03-23-11-33-31-675
85.85,19.17,666.00,7.06,10-03-23-11-33-31-707
85.85,19.17,666.00,6.80,10-03-23-11-33-31-740
85.82,19.16,666.00,6.57,10-03-23-11-33-31-778
85.77,19.12,666.00,6.20,10-03-23-11-33-31-805
85.66,19.09,666.00,6.35,10-03-23-11-33-31-840
85.55,19.06,666.00,7.02,10-03-23-11-33-31-881
85.43,19.03,666.00,7.32,10-03-23-11-33-31-906
85.33,19.00,666.00,7.43,10-03-23-11-33-31-940
85.23,18.99,666.00,5.89,10-03-23-11-33-31-979
85.13,18.94,666.00,5.42,10-03-23-11-33-32-006
85.02,18.88,666.00,5.29,10-03-23-11-33-32-041
84.93,18.82,666.00,5.72,10-03-23-11-33-32-074
84.80,18.76,666.00,6.35,10-03-23-11-33-32-106
84.69,18.71,666.00,7.73,10-03-23-11-33-32-141
84.59,18.66,666.00,8.81,10-03-23-11-33-32-172
84.49,18.60,666.00,10.40,10-03-23-11-33-32-206
84.42,18.57,666.00,11.93,10-03-23-11-33-32-241
84.25,18.45,666.00,13.50,10-03-23-11-33-32-274
84.09,18.33,666.00,15.05,10-03-23-11-33-32-308
83.96,18.22,666.00,16.40,10-03-23-11-33-32-342
83.84,18.12,666.00,18.79,10-03-23-11-33-32-373
83.73,18.02,666.00,20.75,10-03-23-11-33-32-408
83.64,17.95,666.00,24.81,10-03-23-11-33-32-440
83.52,17.86,20.96,30.36,10-03-23-11-33-32-473
83.44,17.72,21.06,32.42,10-03-23-11-33-32-510
83.32,17.59,21.10,33.77,10-03-23-11-33-32-542
83.23,17.51,20.31,36.79,10-03-23-11-33-32-571
83.16,17.44,19.97,38.32,10-03-23-11-33-32-606
83.10,17.37,19.68,39.31,10-03-23-11-33-32-650
83.03,17.31,20.07,40.18,10-03-23-11-33-32-671
82.98,17.28,20.33,40.75,10-03-23-11-33-32-708
82.94,17.25,20.57,41.11,10-03-23-11-33-32-741
82.85,17.22,20.82,41.53,10-03-23-11-33-32-772
82.75,17.19,21.07,41.92,10-03-23-11-33-32-808
82.59,17.12,21.40,42.36,10-03-23-11-33-32-841
82.44,17.06,21.71,42.75,10-03-23-11-33-32-873
82.31,17.00,21.96,43.08,10-03-23-11-33-32-910
82.20,16.96,22.15,43.34,10-03-23-11-33-32-949
82.11,16.93,22.35,43.55,10-03-23-11-33-32-972
82.02,16.91,22.61,43.68,10-03-23-11-33-33-006
81.94,16.89,22.83,43.76,10-03-23-11-33-33-043
81.89,16.87,23.00,43.78,10-03-23-11-33-33-075
81.85,16.85,23.15,43.34,10-03-23-11-33-33-105
81.82,16.82,23.35,42.43,10-03-23-11-33-33-140
81.80,16.80,23.22,41.22,10-03-23-11-33-33-176
82.02,16.89,22.63,39.76,10-03-23-11-33-33-204
82.20,16.96,23.35,35.06,10-03-23-11-33-33-252
82.31,17.04,23.56,33.19,10-03-23-11-33-33-274
82.40,17.09,666.00,29.61,10-03-23-11-33-33-307
82.59,17.20,666.00,27.12,10-03-23-11-33-33-341
82.85,17.23,666.00,23.43,10-03-23-11-33-33-372
83.07,17.32,666.00,20.94,10-03-23-11-33-33-407
83.24,17.40,666.00,19.33,10-03-23-11-33-33-442
83.36,17.47,666.00,17.01,10-03-23-11-33-33-474
83.47,17.53,666.00,15.70,10-03-23-11-33-33-506
83.54,17.57,666.00,14.65,10-03-23-11-33-33-543
83.60,17.61,666.00,13.05,10-03-23-11-33-33-574
83.56,18.03,666.00,12.22,10-03-23-11-33-33-606
83.48,18.42,666.00,10.29,10-03-23-11-33-33-642
83.38,18.77,666.00,8.91,10-03-23-11-33-33-671
83.28,19.05,666.00,7.72,10-03-23-11-33-33-712
83.15,19.25,666.00,7.53,10-03-23-11-33-33-743
82.64,19.43,666.00,8.07,10-03-23-11-33-33-773
82.11,19.68,666.00,8.70,10-03-23-11-33-33-805
81.72,19.62,666.00,8.55,10-03-23-11-33-33-843
81.39,19.51,666.00,8.35,10-03-23-11-33-33-874
81.17,19.23,666.00,7.93,10-03-23-11-33-33-905
81.00,19.01,666.00,7.60,10-03-23-11-33-33-942
80.89,18.90,666.00,7.46,10-03-23-11-33-33-975
80.81,18.77,666.00,8.09,10-03-23-11-33-34-017
80.74,18.63,666.00,8.37,10-03-23-11-33-34-042
80.68,18.51,666.00,9.83,10-03-23-11-33-34-073
80.67,18.44,666.00,10.68,10-03-23-11-33-34-112
80.64,18.35,666.00,11.50,10-03-23-11-33-34-143
80.66,18.21,666.00,12.13,10-03-23-11-33-34-175
80.70,18.09,666.00,15.23,10-03-23-11-33-34-204
80.62,17.74,666.00,18.25,10-03-23-11-33-34-242
80.57,17.40,666.00,20.18,10-03-23-11-33-34-273
80.52,17.15,666.00,21.83,10-03-23-11-33-34-315
80.46,16.93,666.00,24.00,10-03-23-11-33-34-342
80.40,16.76,666.00,25.82,10-03-23-11-33-34-371
80.34,16.61,666.00,28.03,10-03-23-11-33-34-409
80.29,16.51,27.53,30.43,10-03-23-11-33-34-440
80.24,16.42,28.13,34.96,10-03-23-11-33-34-474
80.20,16.35,28.77,37.29,10-03-23-11-33-34-509
80.16,16.30,29.08,38.81,10-03-23-11-33-34-541
80.50,16.39,27.55,40.74,10-03-23-11-33-34-577
80.87,16.48,26.25,41.67,10-03-23-11-33-34-608
81.20,16.59,25.21,42.16,10-03-23-11-33-34-640
81.25,16.62,25.24,43.04,10-03-23-11-33-34-676
81.27,16.64,25.43,43.70,10-03-23-11-33-34-708
81.43,16.59,25.06,43.85,10-03-23-11-33-34-740
81.60,16.55,24.67,43.84,10-03-23-11-33-34-777
81.68,16.52,24.55,43.91,10-03-23-11-33-34-808
81.73,16.52,24.47,43.94,10-03-23-11-33-34-842
81.77,16.50,24.43,43.93,10-03-23-11-33-34-876
81.78,16.49,24.47,43.92,10-03-23-11-33-34-908
81.75,16.44,24.54,43.95,10-03-23-11-33-34-939
81.89,16.43,24.00,43.71,10-03-23-11-33-34-972
81.92,16.36,23.78,43.40,10-03-23-11-33-35-009
82.04,16.34,23.24,43.07,10-03-23-11-33-35-043
82.05,16.28,24.25,41.78,10-03-23-11-33-35-081
82.05,16.23,24.90,40.93,10-03-23-11-33-35-107
82.04,16.16,24.89,40.04,10-03-23-11-33-35-139
82.06,16.05,24.81,37.19,10-03-23-11-33-35-174
82.09,15.95,24.86,35.95,10-03-23-11-33-35-208
82.14,15.89,23.84,33.32,10-03-23-11-33-35-242
82.18,15.84,22.95,31.73,10-03-23-11-33-35-275
82.97,15.84,666.00,28.98,10-03-23-11-33-35-316
83.70,15.80,666.00,22.40,10-03-23-11-33-35-343
84.25,15.66,666.00,19.46,10-03-23-11-33-35-380
84.70,15.58,666.00,16.91,10-03-23-11-33-35-416
85.65,16.03,666.00,12.62,10-03-23-11-33-35-443
86.23,16.18,666.00,9.85,10-03-23-11-33-35-474
86.81,16.75,666.00,6.57,10-03-23-11-33-35-510
87.16,17.19,666.00,5.53,10-03-23-11-33-35-543
87.24,17.36,666.00,4.52,10-03-23-11-33-35-575
87.13,17.66,666.00,4.68,10-03-23-11-33-35-609
86.98,17.89,666.00,5.31,10-03-23-11-33-35-645
86.75,18.14,666.00,4.50,10-03-23-11-33-35-681
86.37,18.33,666.00,5.13,10-03-23-11-33-35-709
85.99,18.49,666.00,5.44,10-03-23-11-33-35-743
85.66,18.60,666.00,1.56,10-03-23-11-33-35-773
85.37,18.66,666.00,2.04,10-03-23-11-33-35-810
85.12,18.71,666.00,2.52,10-03-23-11-33-35-840
84.90,18.72,666.00,2.25,10-03-23-11-33-35-874
84.70,18.75,666.00,3.91,10-03-23-11-33-35-906
84.52,18.79,666.00,5.28,10-03-23-11-33-35-941
84.16,18.92,666.00,6.27,10-03-23-11-33-35-982
83.88,19.06,666.00,7.01,10-03-23-11-33-36-006
83.66,19.16,666.00,7.24,10-03-23-11-33-36-041
83.54,19.19,666.00,6.42,10-03-23-11-33-36-076
83.44,19.21,666.00,4.78,10-03-23-11-33-36-105
83.36,19.20,666.00,3.95,10-03-23-11-33-36-141
83.29,19.19,666.00,3.57,10-03-23-11-33-36-176
83.16,19.24,666.00,5.33,10-03-23-11-33-36-207
83.05,19.24,666.00,6.34,10-03-23-11-33-36-241
82.97,19.23,666.00,7.08,10-03-23-11-33-36-273
82.88,19.23,666.00,7.99,10-03-23-11-33-36-307
82.80,19.20,666.00,9.87,10-03-23-11-33-36-342
82.72,19.16,666.00,11.47,10-03-23-11-33-36-374
82.64,19.10,666.00,13.77,10-03-23-11-33-36-408
82.57,19.03,666.00,15.88,10-03-23-11-33-36-441
82.07,18.42,666.00,18.70,10-03-23-11-33-36-474
81.91,18.27,666.00,21.40,10-03-23-11-33-36-507
81.40,18.07,666.00,23.86,10-03-23-11-33-36-542
80.98,17.90,666.00,25.76,10-03-23-11-33-36-575
80.60,17.73,666.00,27.46,10-03-23-11-33-36-606
80.23,17.53,30.57,30.36,10-03-23-11-33-36-645
79.92,17.33,27.74,35.82,10-03-23-11-33-36-673
79.64,17.14,28.62,38.30,10-03-23-11-33-36-705
79.36,16.97,29.60,40.00,10-03-23-11-33-36-746
79.11,16.82,30.68,41.27,10-03-23-11-33-36-774
78.92,16.68,31.33,42.20,10-03-23-11-33-36-806
78.79,16.50,31.68,42.89,10-03-23-11-33-36-843
78.68,16.36,31.96,43.38,10-03-23-11-33-36-874
78.60,16.26,32.16,43.75,10-03-23-11-33-36-908
78.56,16.17,32.26,44.02,10-03-23-11-33-36-943
78.56,16.10,32.22,44.20,10-03-23-11-33-36-976
78.64,16.09,28.28,47.42,10-03-23-11-33-37-007
78.66,16.09,27.70,48.18,10-03-23-11-33-37-050
78.70,16.11,27.21,48.79,10-03-23-11-33-37-077
78.74,16.12,28.07,47.70,10-03-23-11-33-37-109
78.77,16.15,28.04,47.47,10-03-23-11-33-37-140
78.89,16.24,27.78,47.12,10-03-23-11-33-37-174
78.96,16.35,27.71,46.89,10-03-23-11-33-37-208
79.02,16.42,27.63,46.73,10-03-23-11-33-37-242
79.06,16.50,27.92,46.24,10-03-23-11-33-37-276
79.09,16.55,28.15,45.86,10-03-23-11-33-37-318
79.49,16.75,27.14,44.97,10-03-23-11-33-37-351
79.58,16.79,25.26,44.52,10-03-23-11-33-37-372
79.64,16.81,25.91,43.33,10-03-23-11-33-37-411
79.69,16.81,26.49,42.51,10-03-23-11-33-37-448
79.78,16.85,26.26,41.81,10-03-23-11-33-37-472
79.90,16.87,25.43,40.37,10-03-23-11-33-37-507
80.05,16.89,24.69,39.39,10-03-23-11-33-37-543
80.26,16.87,25.79,37.60,10-03-23-11-33-37-572
80.54,16.85,24.90,35.89,10-03-23-11-33-37-608
80.96,16.87,23.63,34.22,10-03-23-11-33-37-650
81.49,16.88,21.71,32.27,10-03-23-11-33-37-675
82.27,16.98,666.00,29.49,10-03-23-11-33-37-709
83.36,17.14,666.00,26.39,10-03-23-11-33-37-742
84.79,17.54,666.00,21.91,10-03-23-11-33-37-775
85.93,17.86,666.00,18.61,10-03-23-11-33-37-807
86.74,18.15,666.00,13.71,10-03-23-11-33-37-843
87.31,18.37,666.00,8.58,10-03-23-11-33-37-873
87.71,18.53,666.00,5.82,10-03-23-11-33-37-907
88.07,18.64,666.00,4.11,10-03-23-11-33-37-952
88.20,18.73,666.00,3.15,10-03-23-11-33-37-974
88.24,18.90,666.00,3.13,10-03-23-11-33-38-006
88.21,19.09,666.00,3.51,10-03-23-11-33-38-042
88.08,19.40,666.00,4.24,10-03-23-11-33-38-073
87.94,19.66,666.00,4.87,10-03-23-11-33-38-107
87.85,19.86,666.00,5.36,10-03-23-11-33-38-140
87.72,19.98,666.00,5.67,10-03-23-11-33-38-173
87.60,20.09,666.00,5.94,10-03-23-11-33-38-206
87.43,20.25,666.00,6.27,10-03-23-11-33-38-240
87.34,20.37,666.00,6.54,10-03-23-11-33-38-274
87.18,20.44,666.00,6.69,10-03-23-11-33-38-309
87.03,20.54,666.00,6.95,10-03-23-11-33-38-342
86.83,20.56,666.00,7.08,10-03-23-11-33-38-376
86.62,20.65,666.00,7.34,10-03-23-11-33-38-409
86.42,20.69,666.00,7.51,10-03-23-11-33-38-441
86.28,20.67,666.00,7.54,10-03-23-11-33-38-475
86.15,20.63,666.00,7.54,10-03-23-11-33-38-509
86.02,20.50,666.00,7.40,10-03-23-11-33-38-540
85.87,20.39,666.00,6.09,10-03-23-11-33-38-575
85.58,19.91,666.00,5.43,10-03-23-11-33-38-607
85.43,19.65,666.00,5.22,10-03-23-11-33-38-641
85.26,19.40,666.00,5.24,10-03-23-11-33-38-674
85.07,19.11,666.00,5.90,10-03-23-11-33-38-713
84.95,18.96,666.00,7.89,10-03-23-11-33-38-738
84.66,18.53,666.00,9.96,10-03-23-11-33-38-773
84.37,18.21,666.00,12.59,10-03-23-11-33-38-805
84.22,18.05,666.00,15.01,10-03-23-11-33-38-842
84.11,17.92,666.00,16.93,10-03-23-11-33-38-872
84.05,17.84,666.00,22.37,10-03-23-11-33-38-907
83.98,17.70,666.00,24.46,10-03-23-11-33-38-942
83.84,17.50,666.00,25.83,10-03-23-11-33-38-975
83.70,17.33,666.00,26.95,10-03-23-11-33-39-023
83.56,17.19,21.41,30.56,10-03-23-11-33-39-039
83.42,17.10,24.45,34.02,10-03-23-11-33-39-072
83.28,17.00,25.77,35.87,10-03-23-11-33-39-111
83.18,16.93,24.55,37.75,10-03-23-11-33-39-142
83.06,16.88,23.57,39.28,10-03-23-11-33-39-172
82.92,16.85,23.13,40.85,10-03-23-11-33-39-210
82.77,16.79,22.91,42.10,10-03-23-11-33-39-241
82.57,16.74,22.96,43.15,10-03-23-11-33-39-272
82.40,16.69,23.17,44.21,10-03-23-11-33-39-318
82.26,16.66,23.41,45.10,10-03-23-11-33-39-341
82.02,16.57,23.83,46.02,10-03-23-11-33-39-374
81.82,16.52,24.22,46.80,10-03-23-11-33-39-409
81.63,16.49,24.59,47.49,10-03-23-11-33-39-440
81.47,16.49,24.90,48.11,10-03-23-11-33-39-475
81.34,16.52,25.20,48.63,10-03-23-11-33-39-506
81.25,16.56,25.42,49.04,10-03-23-11-33-39-543
81.34,16.78,25.36,49.08,10-03-23-11-33-39-575
81.31,16.84,25.41,49.29,10-03-23-11-33-39-606
81.28,16.91,25.44,49.44,10-03-23-11-33-39-641
81.26,16.98,25.47,49.56,10-03-23-11-33-39-674
81.24,17.03,25.46,49.63,10-03-23-11-33-39-708
81.23,17.07,25.43,49.65,10-03-23-11-33-39-741
81.23,17.07,25.37,49.44,10-03-23-11-33-39-779
81.32,16.98,25.00,48.55,10-03-23-11-33-39-813
81.58,16.81,23.67,46.31,10-03-23-11-33-39-841
81.81,16.65,21.35,40.12,10-03-23-11-33-39-876
82.01,16.52,20.82,37.15,10-03-23-11-33-39-908
82.20,16.41,21.15,33.69,10-03-23-11-33-39-941
82.39,16.31,23.07,30.73,10-03-23-11-33-39-985
82.55,16.24,666.00,28.06,10-03-23-11-33-40-009
82.72,16.20,666.00,26.02,10-03-23-11-33-40-040
82.90,16.16,666.00,24.28,10-03-23-11-33-40-082
83.09,16.12,666.00,21.96,10-03-23-11-33-40-109
83.41,16.14,666.00,19.47,10-03-23-11-33-40-142
83.79,16.19,666.00,15.06,10-03-23-11-33-40-176
84.52,16.34,666.00,12.02,10-03-23-11-33-40-207
85.03,16.49,666.00,9.61,10-03-23-11-33-40-240
85.42,16.62,666.00,6.97,10-03-23-11-33-40-278
85.68,16.74,666.00,5.74,10-03-23-11-33-40-307
85.86,16.82,666.00,5.09,10-03-23-11-33-40-345
85.93,16.81,666.00,4.76,10-03-23-11-33-40-375
85.99,16.83,666.00,4.04,10-03-23-11-33-40-407
86.02,16.84,666.00,4.18,10-03-23-11-33-40-441
85.96,16.88,666.00,4.48,10-03-23-11-33-40-476
85.90,16.91,666.00,4.75,10-03-23-11-33-40-507
85.83,16.92,666.00,4.99,10-03-23-11-33-40-548
85.76,16.93,666.00,5.10,10-03-23-11-33-40-573
85.68,16.94,666.00,5.18,10-03-23-11-33-40-608
85.56,16.94,666.00,5.26,10-03-23-11-33-40-640
85.48,16.94,666.00,5.32,10-03-23-11-33-40-673
85.41,16.93,666.00,5.40,10-03-23-11-33-40-707
85.35,16.92,666.00,5.47,10-03-23-11-33-40-742
85.26,16.95,666.00,5.61,10-03-23-11-33-40-773
85.16,16.96,666.00,5.72,10-03-23-11-33-40-810
85.10,16.96,666.00,5.79,10-03-23-11-33-40-850
84.98,16.91,666.00,5.55,10-03-23-11-33-40-873
84.89,16.86,666.00,5.45,10-03-23-11-33-40-909
84.80,16.81,666.00,5.42,10-03-23-11-33-40-945
84.71,16.76,666.00,5.38,10-03-23-11-33-40-973
84.61,16.71,666.00,4.63,10-03-23-11-33-41-009
84.46,16.73,666.00,4.29,10-03-23-11-33-41-042
84.31,16.81,666.00,7.36,10-03-23-11-33-41-072
84.19,16.85,666.00,8.16,10-03-23-11-33-41-110
84.05,16.88,666.00,8.40,10-03-23-11-33-41-152
83.90,16.90,666.00,8.26,10-03-23-11-33-41-171
83.74,16.91,666.00,5.82,10-03-23-11-33-41-208
83.49,16.94,666.00,3.85,10-03-23-11-33-41-241
83.25,16.97,666.00,3.26,10-03-23-11-33-41-273
82.84,17.03,666.00,4.55,10-03-23-11-33-41-310
82.47,17.07,666.00,4.73,10-03-23-11-33-41-346
81.60,17.26,666.00,5.03,10-03-23-11-33-41-373
80.73,17.25,666.00,6.40,10-03-23-11-33-41-409
80.01,17.29,666.00,6.60,10-03-23-11-33-41-442
79.25,17.33,666.00,5.98,10-03-23-11-33-41-474
78.02,17.41,666.00,6.32,10-03-23-11-33-41-509
76.35,17.50,666.00,6.28,10-03-23-11-33-41-545
73.61,17.21,666.00,4.03,10-03-23-11-33-41-574
70.41,17.03,666.00,3.48,10-03-23-11-33-41-613
66.99,16.69,666.00,2.66,10-03-23-11-33-41-643
60.04,16.39,666.00,5.35,10-03-23-11-33-41-673
55.37,15.55,666.00,4.85,10-03-23-11-33-41-709
50.88,13.82,666.00,5.92,10-03-23-11-33-41-744
47.63,12.45,666.00,3.43,10-03-23-11-33-41-773
43.98,11.29,666.00,2.84,10-03-23-11-33-41-806
40.88,10.19,666.00,1.77,10-03-23-11-33-41-844
37.55,8.95,666.00,2.12,10-03-23-11-33-41-873
33.57,8.13,666.00,2.10,10-03-23-11-33-41-918
31.70,4.37,666.00,4.64,10-03-23-11-33-41-942
29.41,0.84,666.00,6.67,10-03-23-11-33-41-976
27.29,-2.72,666.00,11.41,10-03-23-11-33-42-008
21.71,-6.84,666.00,7.40,10-03-23-11-33-42-043
13.91,-9.79,666.00,5.60,10-03-23-11-33-42-072
11.42,-12.82,666.00,6.46,10-03-23-11-33-42-107
5.65,-15.86,666.00,9.61,10-03-23-11-33-42-142
2.94,153.42,666.00,17.99,10-03-23-11-33-42-175
4.95,159.29,666.00,19.44,10-03-23-11-33-42-216
3.22,159.55,666.00,13.63,10-03-23-11-33-42-240
0.80,142.28,666.00,10.64,10-03-23-11-33-42-272
1.44,-4.27,666.00,10.55,10-03-23-11-33-42-308
3.59,-7.76,666.00,11.11,10-03-23-11-33-42-340
7.74,-6.85,666.00,8.24,10-03-23-11-33-42-373
9.24,-6.40,666.00,9.34,10-03-23-11-33-42-408
10.01,-5.98,666.00,10.71,10-03-23-11-33-42-443
10.60,-5.08,666.00,12.40,10-03-23-11-33-42-474
10.92,-4.28,666.00,13.75,10-03-23-11-33-42-518
10.99,-3.45,666.00,14.41,10-03-23-11-33-42-540
11.09,-2.83,666.00,14.77,10-03-23-11-33-42-572
11.13,-2.31,666.00,15.00,10-03-23-11-33-42-609
11.14,-1.90,666.00,15.13,10-03-23-11-33-42-643
11.14,-1.58,666.00,15.17,10-03-23-11-33-42-672
10.91,-0.72,666.00,14.95,10-03-23-11-33-42-708
10.62,0.19,666.00,14.41,10-03-23-11-33-42-742
10.33,0.97,666.00,13.64,10-03-23-11-33-42-773
10.05,1.73,666.00,12.76,10-03-23-11-33-42-805
9.66,2.54,666.00,11.91,10-03-23-11-33-42-843
9.03,3.23,666.00,11.28,10-03-23-11-33-42-874
8.19,4.53,666.00,10.73,10-03-23-11-33-42-908
7.35,5.26,666.00,10.31,10-03-23-11-33-42-940
6.49,6.29,666.00,9.84,10-03-23-11-33-42-974
5.77,7.16,666.00,9.50,10-03-23-11-33-43-007
5.32,7.58,666.00,9.20,10-03-23-11-33-43-040
4.89,8.15,666.00,8.97,10-03-23-11-33-43-074
4.76,6.60,666.00,8.86,10-03-23-11-33-43-109
4.68,4.79,666.00,8.79,10-03-23-11-33-43-143
4.80,2.51,666.00,8.67,10-03-23-11-33-43-617
5.07,-0.04,666.00,8.65,10-03-23-11-33-43-636
5.29,-2.28,666.00,8.70,10-03-23-11-33-43-646
5.21,-4.54,666.00,8.80,10-03-23-11-33-43-683
5.31,-7.35,666.00,8.94,10-03-23-11-33-43-706
5.48,-10.00,666.00,9.10,10-03-23-11-33-43-751
5.57,-12.09,666.00,8.82,10-03-23-11-33-43-776
5.81,-15.84,666.00,8.90,10-03-23-11-33-43-807
6.20,-20.31,666.00,9.37,10-03-23-11-33-43-840
7.07,-24.29,666.00,10.17,10-03-23-11-33-43-874
8.21,-28.09,666.00,11.40,10-03-23-11-33-43-909
8.98,-31.13,666.00,12.53,10-03-23-11-33-43-941
9.32,-32.35,666.00,12.99,10-03-23-11-33-43-974
9.28,-31.96,666.00,12.79,10-03-23-11-33-44-008
8.92,-30.45,666.00,12.00,10-03-23-11-33-44-050
