12.49,18.51,666.00,5.86,06-04-23-06-58-18-313
12.51,18.34,666.00,5.86,06-04-23-06-58-18-329
12.53,18.20,666.00,5.85,06-04-23-06-58-18-371
12.56,18.08,666.00,5.85,06-04-23-06-58-18-406
12.58,17.99,666.00,5.85,06-04-23-06-58-18-431
12.59,17.94,666.00,5.85,06-04-23-06-58-18-465
12.61,17.93,666.00,5.84,06-04-23-06-58-18-493
12.62,17.87,666.00,5.83,06-04-23-06-58-18-527
12.63,17.84,666.00,5.84,06-04-23-06-58-18-561
12.63,17.81,666.00,5.84,06-04-23-06-58-18-598
12.63,17.78,666.00,5.86,06-04-23-06-58-18-626
12.61,17.82,666.00,5.88,06-04-23-06-58-18-662
12.60,17.84,666.00,5.90,06-04-23-06-58-18-694
12.60,17.87,666.00,5.93,06-04-23-06-58-18-729
12.59,17.88,666.00,5.96,06-04-23-06-58-18-764
12.58,17.93,666.00,5.99,06-04-23-06-58-18-793
12.58,17.95,666.00,6.03,06-04-23-06-58-18-826
12.56,18.10,666.00,6.07,06-04-23-06-58-18-860
12.52,18.31,666.00,6.10,06-04-23-06-58-18-893
12.49,18.51,666.00,6.14,06-04-23-06-58-18-928
12.46,18.73,666.00,6.17,06-04-23-06-58-18-964
12.43,18.94,666.00,6.20,06-04-23-06-58-18-993
12.41,19.14,666.00,6.23,06-04-23-06-58-19-028
12.38,19.31,666.00,6.25,06-04-23-06-58-19-061
12.39,19.20,666.00,6.30,06-04-23-06-58-19-094
12.40,19.10,666.00,6.33,06-04-23-06-58-19-131
12.40,19.06,666.00,6.36,06-04-23-06-58-19-157
12.41,19.02,666.00,6.38,06-04-23-06-58-19-194
12.42,19.01,666.00,6.40,06-04-23-06-58-19-226
12.42,19.00,666.00,6.42,06-04-23-06-58-19-259
12.43,19.00,666.00,6.43,06-04-23-06-58-19-297
12.44,19.01,666.00,6.43,06-04-23-06-58-19-328
12.45,18.96,666.00,6.47,06-04-23-06-58-19-359
12.46,18.89,666.00,6.51,06-04-23-06-58-19-393
12.49,18.81,666.00,6.56,06-04-23-06-58-19-426
12.56,18.56,666.00,6.86,06-04-23-06-58-19-461
13.76,14.76,666.00,8.27,06-04-23-06-58-19-494
15.01,12.02,666.00,11.98,06-04-23-06-58-19-527
17.78,8.51,666.00,13.12,06-04-23-06-58-19-560
21.24,5.57,666.00,15.28,06-04-23-06-58-19-592
25.48,4.28,666.00,16.48,06-04-23-06-58-19-629
30.53,3.17,666.00,16.13,06-04-23-06-58-19-660
34.74,2.87,666.00,16.29,06-04-23-06-58-19-697
38.72,2.75,666.00,20.16,06-04-23-06-58-19-729
45.59,3.54,666.00,14.41,06-04-23-06-58-19-760
48.71,4.80,666.00,15.73,06-04-23-06-58-19-793
52.16,5.74,666.00,14.43,06-04-23-06-58-19-827
54.86,6.73,666.00,14.95,06-04-23-06-58-19-860
58.12,8.04,666.00,17.90,06-04-23-06-58-19-895
61.58,9.01,666.00,15.74,06-04-23-06-58-19-929
65.08,9.68,666.00,13.94,06-04-23-06-58-19-962
67.84,10.27,666.00,15.95,06-04-23-06-58-19-995
70.49,10.58,666.00,15.42,06-04-23-06-58-20-028
73.02,10.84,666.00,18.31,06-04-23-06-58-20-058
76.54,10.83,666.00,15.34,06-04-23-06-58-20-093
79.54,10.98,666.00,15.24,06-04-23-06-58-20-125
83.30,11.56,666.00,15.48,06-04-23-06-58-20-160
87.29,11.86,666.00,14.30,06-04-23-06-58-20-194
90.30,12.13,666.00,18.29,06-04-23-06-58-20-226
92.91,12.56,666.00,19.58,06-04-23-06-58-20-260
95.63,13.07,666.00,20.35,06-04-23-06-58-20-295
99.55,13.52,666.00,22.04,06-04-23-06-58-20-326
102.92,14.17,666.00,21.77,06-04-23-06-58-20-357
110.54,16.27,666.00,16.26,06-04-23-06-58-20-391
114.44,17.54,666.00,15.97,06-04-23-06-58-20-425
116.51,18.54,666.00,16.35,06-04-23-06-58-20-459
118.63,19.64,666.00,19.24,06-04-23-06-58-20-492
121.10,20.69,666.00,21.66,06-04-23-06-58-20-528
123.29,21.78,666.00,22.40,06-04-23-06-58-20-558
125.35,22.77,666.00,24.33,06-04-23-06-58-20-595
127.24,23.59,666.00,27.26,06-04-23-06-58-20-629
129.45,24.23,666.00,28.13,06-04-23-06-58-20-658
131.36,24.84,666.00,27.20,06-04-23-06-58-20-696
133.96,25.78,666.00,26.89,06-04-23-06-58-20-728
135.96,26.62,666.00,26.20,06-04-23-06-58-20-764
139.12,28.44,666.00,24.03,06-04-23-06-58-20-797
140.61,29.39,666.00,24.30,06-04-23-06-58-20-829
141.58,30.11,666.00,25.01,06-04-23-06-58-20-860
142.19,30.59,666.00,25.86,06-04-23-06-58-20-897
142.65,31.00,666.00,26.79,06-04-23-06-58-20-931
143.08,31.40,666.00,27.42,06-04-23-06-58-20-958
143.53,31.84,666.00,27.76,06-04-23-06-58-20-995
143.91,32.27,666.00,27.95,06-04-23-06-58-21-026
144.25,32.67,666.00,27.96,06-04-23-06-58-21-059
144.60,33.06,666.00,27.81,06-04-23-06-58-21-093
144.89,33.38,666.00,27.65,06-04-23-06-58-21-126
145.11,33.62,666.00,27.49,06-04-23-06-58-21-160
145.28,33.83,666.00,27.36,06-04-23-06-58-21-193
145.40,34.02,666.00,27.22,06-04-23-06-58-21-229
145.48,34.16,666.00,27.02,06-04-23-06-58-21-261
145.51,34.22,666.00,26.66,06-04-23-06-58-21-295
145.52,34.25,666.00,25.67,06-04-23-06-58-21-329
145.53,34.28,666.00,23.35,06-04-23-06-58-21-357
145.53,34.29,666.00,21.03,06-04-23-06-58-21-393
145.47,34.27,666.00,18.60,06-04-23-06-58-21-425
145.29,34.15,666.00,16.38,06-04-23-06-58-21-463
144.94,33.97,666.00,14.32,06-04-23-06-58-21-497
144.42,33.68,666.00,11.27,06-04-23-06-58-21-526
143.66,33.31,666.00,8.90,06-04-23-06-58-21-560
142.70,32.91,666.00,3.29,06-04-23-06-58-21-598
141.39,32.48,666.00,2.14,06-04-23-06-58-21-626
140.11,32.12,666.00,2.48,06-04-23-06-58-21-663
138.56,31.62,666.00,2.70,06-04-23-06-58-21-694
136.58,30.95,666.00,2.96,06-04-23-06-58-21-728
134.36,30.15,666.00,3.67,06-04-23-06-58-21-758
131.89,29.17,666.00,3.91,06-04-23-06-58-21-794
129.84,28.39,666.00,5.00,06-04-23-06-58-21-828
127.35,27.55,666.00,5.83,06-04-23-06-58-21-861
124.58,26.80,666.00,8.41,06-04-23-06-58-21-893
121.66,26.12,666.00,7.23,06-04-23-06-58-21-928
118.43,25.55,666.00,6.54,06-04-23-06-58-21-959
115.09,25.00,666.00,5.36,06-04-23-06-58-21-996
112.45,24.57,666.00,5.06,06-04-23-06-58-22-028
107.45,23.83,666.00,3.81,06-04-23-06-58-22-058
103.03,23.48,666.00,7.28,06-04-23-06-58-22-091
100.24,23.18,666.00,6.77,06-04-23-06-58-22-134
97.31,22.94,666.00,8.38,06-04-23-06-58-22-158
94.60,22.80,666.00,8.55,06-04-23-06-58-22-195
90.97,22.69,666.00,8.90,06-04-23-06-58-22-228
87.66,22.41,666.00,7.10,06-04-23-06-58-22-259
84.48,22.10,666.00,6.14,06-04-23-06-58-22-291
82.24,21.79,666.00,5.18,06-04-23-06-58-22-327
78.90,20.99,666.00,4.38,06-04-23-06-58-22-359
76.33,20.37,666.00,4.72,06-04-23-06-58-22-394
73.25,19.88,666.00,4.56,06-04-23-06-58-22-429
70.52,19.36,666.00,4.70,06-04-23-06-58-22-459
67.74,18.82,666.00,4.71,06-04-23-06-58-22-492
65.34,18.44,666.00,4.81,06-04-23-06-58-22-529
62.75,17.92,666.00,4.72,06-04-23-06-58-22-559
59.45,17.34,666.00,4.98,06-04-23-06-58-22-596
55.78,16.60,666.00,4.76,06-04-23-06-58-22-627
51.93,15.49,666.00,2.95,06-04-23-06-58-22-659
48.80,14.55,666.00,2.49,06-04-23-06-58-22-692
45.19,13.82,666.00,4.06,06-04-23-06-58-22-726
41.94,13.35,666.00,5.47,06-04-23-06-58-22-762
39.06,12.98,666.00,7.96,06-04-23-06-58-22-793
36.40,12.52,666.00,9.16,06-04-23-06-58-22-826
34.50,11.99,666.00,3.52,06-04-23-06-58-22-859
31.77,10.86,666.00,2.51,06-04-23-06-58-22-893
29.71,9.68,666.00,5.13,06-04-23-06-58-22-927
27.75,8.55,666.00,5.78,06-04-23-06-58-22-959
25.26,7.06,666.00,3.86,06-04-23-06-58-22-993
22.37,5.06,666.00,3.17,06-04-23-06-58-23-030
19.40,3.48,666.00,4.40,06-04-23-06-58-23-061
17.29,2.90,666.00,4.70,06-04-23-06-58-23-093
15.74,2.57,666.00,5.02,06-04-23-06-58-23-126
14.70,2.39,666.00,5.07,06-04-23-06-58-23-163
13.86,2.66,666.00,6.37,06-04-23-06-58-23-194
13.16,3.42,666.00,7.76,06-04-23-06-58-23-228
12.62,4.37,666.00,8.85,06-04-23-06-58-23-260
12.16,5.74,666.00,10.09,06-04-23-06-58-23-291
11.78,7.20,666.00,11.01,06-04-23-06-58-23-327
11.50,8.65,666.00,11.53,06-04-23-06-58-23-359
11.31,10.02,666.00,11.93,06-04-23-06-58-23-393
11.19,11.22,666.00,12.14,06-04-23-06-58-23-427
11.12,12.30,666.00,12.20,06-04-23-06-58-23-460
11.10,13.28,666.00,12.15,06-04-23-06-58-23-494
11.13,14.27,666.00,12.01,06-04-23-06-58-23-525
11.19,15.08,666.00,11.84,06-04-23-06-58-23-559
11.25,15.62,666.00,11.72,06-04-23-06-58-23-595
11.34,15.92,666.00,11.62,06-04-23-06-58-23-625
11.43,16.09,666.00,11.53,06-04-23-06-58-23-660
11.52,16.12,666.00,11.44,06-04-23-06-58-23-695
11.61,16.16,666.00,11.32,06-04-23-06-58-23-726
11.69,16.28,666.00,11.14,06-04-23-06-58-23-758
11.74,16.33,666.00,11.03,06-04-23-06-58-23-793
11.77,15.74,666.00,11.03,06-04-23-06-58-23-826
11.79,14.80,666.00,11.10,06-04-23-06-58-23-860
11.79,14.34,666.00,11.00,06-04-23-06-58-23-894
11.78,14.23,666.00,10.84,06-04-23-06-58-23-928
11.77,14.18,666.00,10.68,06-04-23-06-58-23-958
11.77,14.21,666.00,10.53,06-04-23-06-58-23-993
11.78,14.19,666.00,10.44,06-04-23-06-58-24-030
11.77,14.09,666.00,10.43,06-04-23-06-58-24-061
11.79,13.99,666.00,10.44,06-04-23-06-58-24-093
11.81,13.72,666.00,10.38,06-04-23-06-58-24-125
11.83,13.38,666.00,9.34,06-04-23-06-58-24-161
11.86,13.08,666.00,7.99,06-04-23-06-58-24-194
12.24,12.33,666.00,8.64,06-04-23-06-58-24-228
13.09,11.32,666.00,13.42,06-04-23-06-58-24-264
15.23,9.70,666.00,17.41,06-04-23-06-58-24-293
19.61,7.58,666.00,18.41,06-04-23-06-58-24-330
24.62,6.73,666.00,19.95,06-04-23-06-58-24-360
32.49,6.50,666.00,16.94,06-04-23-06-58-24-392
39.62,6.54,666.00,16.89,06-04-23-06-58-24-424
48.30,7.37,666.00,12.53,06-04-23-06-58-24-458
56.18,8.20,666.00,10.59,06-04-23-06-58-24-495
61.86,8.99,666.00,12.31,06-04-23-06-58-24-527
67.21,9.84,666.00,12.31,06-04-23-06-58-24-560
72.44,11.00,666.00,11.73,06-04-23-06-58-24-594
76.27,12.04,666.00,11.55,06-04-23-06-58-24-627
80.31,13.34,666.00,10.34,06-04-23-06-58-24-658
84.59,14.36,666.00,11.30,06-04-23-06-58-24-694
89.09,15.24,666.00,13.12,06-04-23-06-58-24-731
93.61,16.36,666.00,12.14,06-04-23-06-58-24-760
97.47,17.07,666.00,11.36,06-04-23-06-58-24-793
101.97,17.41,666.00,12.94,06-04-23-06-58-24-829
106.83,17.71,666.00,10.29,06-04-23-06-58-24-858
114.59,18.99,666.00,4.49,06-04-23-06-58-24-895
117.23,19.49,666.00,6.35,06-04-23-06-58-24-925
118.83,19.76,666.00,8.32,06-04-23-06-58-24-958
120.16,19.97,666.00,10.92,06-04-23-06-58-24-993
121.63,20.28,666.00,11.66,06-04-23-06-58-25-027
122.96,20.64,666.00,14.26,06-04-23-06-58-25-060
124.30,20.87,666.00,16.66,06-04-23-06-58-25-092
125.61,21.11,666.00,18.88,06-04-23-06-58-25-126
127.53,21.90,666.00,19.09,06-04-23-06-58-25-164
129.28,22.56,666.00,20.20,06-04-23-06-58-25-194
131.98,23.73,666.00,19.80,06-04-23-06-58-25-229
133.76,24.52,666.00,23.21,06-04-23-06-58-25-260
135.18,25.20,666.00,24.67,06-04-23-06-58-25-295
136.37,25.86,666.00,26.76,06-04-23-06-58-25-329
137.60,26.66,666.00,27.16,06-04-23-06-58-25-358
138.83,27.47,666.00,26.64,06-04-23-06-58-25-393
140.03,28.30,666.00,28.14,06-04-23-06-58-25-426
141.13,29.10,666.00,27.58,06-04-23-06-58-25-461
142.31,29.98,666.00,26.47,06-04-23-06-58-25-496
143.30,30.78,666.00,25.44,06-04-23-06-58-25-527
144.16,31.53,666.00,24.59,06-04-23-06-58-25-559
144.44,32.70,666.00,24.27,06-04-23-06-58-25-594
144.91,33.88,666.00,23.87,06-04-23-06-58-25-628
145.25,35.07,666.00,23.80,06-04-23-06-58-25-659
145.44,36.44,666.00,23.88,06-04-23-06-58-25-698
145.63,37.92,666.00,23.89,06-04-23-06-58-25-725
145.76,39.36,666.00,23.92,06-04-23-06-58-25-759
145.87,40.62,666.00,23.89,06-04-23-06-58-25-795
145.93,41.66,666.00,23.86,06-04-23-06-58-25-827
145.98,42.46,666.00,23.79,06-04-23-06-58-25-859
146.01,43.05,666.00,23.43,06-04-23-06-58-25-895
146.19,43.24,666.00,21.78,06-04-23-06-58-25-931
146.28,42.99,666.00,17.17,06-04-23-06-58-25-960
146.17,42.09,666.00,13.29,06-04-23-06-58-25-992
145.40,40.42,666.00,10.82,06-04-23-06-58-26-029
143.86,38.36,666.00,4.71,06-04-23-06-58-26-059
142.00,36.41,666.00,2.41,06-04-23-06-58-26-099
139.96,34.83,666.00,3.43,06-04-23-06-58-26-126
138.04,33.30,666.00,4.29,06-04-23-06-58-26-161
135.17,31.37,666.00,6.87,06-04-23-06-58-26-193
132.48,29.90,666.00,5.32,06-04-23-06-58-26-227
129.94,28.56,666.00,6.07,06-04-23-06-58-26-263
127.39,27.37,666.00,7.34,06-04-23-06-58-26-296
125.19,26.37,666.00,3.94,06-04-23-06-58-26-326
122.73,25.56,666.00,4.18,06-04-23-06-58-26-360
120.24,24.81,666.00,5.19,06-04-23-06-58-26-394
117.97,24.24,666.00,3.50,06-04-23-06-58-26-427
115.26,23.68,666.00,4.35,06-04-23-06-58-26-460
111.08,23.03,666.00,5.71,06-04-23-06-58-26-503
108.40,22.51,666.00,6.58,06-04-23-06-58-26-528
102.11,21.83,666.00,10.76,06-04-23-06-58-26-559
99.29,21.63,666.00,11.47,06-04-23-06-58-26-593
97.20,21.57,666.00,7.36,06-04-23-06-58-26-627
95.13,21.42,666.00,2.79,06-04-23-06-58-26-658
92.63,21.18,666.00,4.02,06-04-23-06-58-26-695
90.85,21.14,666.00,3.20,06-04-23-06-58-26-727
88.85,21.01,666.00,3.53,06-04-23-06-58-26-761
85.81,20.62,666.00,2.28,06-04-23-06-58-26-792
82.10,20.04,666.00,2.61,06-04-23-06-58-26-828
78.44,19.44,666.00,4.89,06-04-23-06-58-26-858
74.91,18.80,666.00,5.47,06-04-23-06-58-26-893
71.98,18.36,666.00,6.86,06-04-23-06-58-26-927
68.68,18.14,666.00,2.83,06-04-23-06-58-26-961
65.50,18.04,666.00,3.27,06-04-23-06-58-26-996
61.97,17.83,666.00,2.74,06-04-23-06-58-27-027
58.75,17.68,666.00,3.00,06-04-23-06-58-27-060
55.60,17.48,666.00,0.77,06-04-23-06-58-27-094
52.29,17.00,666.00,1.96,06-04-23-06-58-27-128
49.25,16.51,666.00,0.79,06-04-23-06-58-27-165
46.04,15.92,666.00,2.15,06-04-23-06-58-27-194
43.05,15.70,666.00,3.11,06-04-23-06-58-27-226
39.99,15.26,666.00,5.86,06-04-23-06-58-27-259
37.29,15.15,666.00,7.56,06-04-23-06-58-27-291
35.25,15.05,666.00,7.77,06-04-23-06-58-27-327
33.66,15.01,666.00,3.34,06-04-23-06-58-27-359
31.90,14.65,666.00,3.68,06-04-23-06-58-27-393
30.03,14.22,666.00,4.62,06-04-23-06-58-27-426
28.30,13.77,666.00,5.02,06-04-23-06-58-27-459
26.52,13.45,666.00,5.50,06-04-23-06-58-27-496
24.54,13.06,666.00,5.50,06-04-23-06-58-27-526
21.80,13.11,666.00,5.62,06-04-23-06-58-27-561
19.35,13.37,666.00,6.03,06-04-23-06-58-27-595
17.50,13.72,666.00,7.29,06-04-23-06-58-27-627
15.80,14.80,666.00,8.40,06-04-23-06-58-27-661
14.62,16.01,666.00,9.68,06-04-23-06-58-27-693
13.80,17.15,666.00,10.58,06-04-23-06-58-27-727
13.23,18.16,666.00,11.32,06-04-23-06-58-27-758
12.85,19.01,666.00,12.02,06-04-23-06-58-27-794
12.60,19.79,666.00,12.89,06-04-23-06-58-27-826
12.43,20.46,666.00,13.66,06-04-23-06-58-27-858
12.33,21.02,666.00,14.41,06-04-23-06-58-27-894
12.30,21.54,666.00,14.84,06-04-23-06-58-27-927
12.30,22.00,666.00,15.11,06-04-23-06-58-27-961
12.34,22.46,666.00,15.21,06-04-23-06-58-27-994
12.40,22.93,666.00,15.12,06-04-23-06-58-28-026
12.49,23.22,666.00,14.98,06-04-23-06-58-28-060
12.58,23.48,666.00,14.73,06-04-23-06-58-28-093
12.68,23.67,666.00,14.46,06-04-23-06-58-28-126
12.77,23.71,666.00,14.21,06-04-23-06-58-28-162
12.85,23.71,666.00,13.88,06-04-23-06-58-28-194
12.90,23.73,666.00,13.53,06-04-23-06-58-28-227
12.94,23.63,666.00,13.17,06-04-23-06-58-28-259
12.93,23.42,666.00,12.87,06-04-23-06-58-28-298
12.91,23.10,666.00,12.68,06-04-23-06-58-28-328
12.86,22.77,666.00,12.55,06-04-23-06-58-28-360
12.78,22.43,666.00,12.42,06-04-23-06-58-28-398
12.70,22.11,666.00,12.34,06-04-23-06-58-28-425
12.62,21.29,666.00,12.30,06-04-23-06-58-28-459
12.55,20.51,666.00,12.05,06-04-23-06-58-28-494
12.50,19.82,666.00,10.91,06-04-23-06-58-28-527
12.54,18.98,666.00,9.82,06-04-23-06-58-28-563
12.64,17.94,666.00,10.01,06-04-23-06-58-28-593
12.87,16.53,666.00,11.21,06-04-23-06-58-28-625
13.22,14.88,666.00,12.67,06-04-23-06-58-28-658
13.97,12.73,666.00,14.01,06-04-23-06-58-28-694
15.07,10.87,666.00,15.31,06-04-23-06-58-28-727
16.57,9.67,666.00,14.84,06-04-23-06-58-28-758
18.04,9.04,666.00,14.43,06-04-23-06-58-28-795
19.75,8.39,666.00,14.31,06-04-23-06-58-28-824
21.81,7.94,666.00,13.99,06-04-23-06-58-28-862
24.39,7.60,666.00,16.97,06-04-23-06-58-28-898
26.63,7.35,666.00,17.20,06-04-23-06-58-28-927
29.56,7.18,666.00,16.47,06-04-23-06-58-28-966
32.91,7.71,666.00,20.73,06-04-23-06-58-28-992
37.02,8.30,666.00,19.51,06-04-23-06-58-29-027
41.27,9.07,666.00,18.84,06-04-23-06-58-29-062
45.06,9.58,666.00,15.22,06-04-23-06-58-29-092
48.88,10.00,666.00,12.55,06-04-23-06-58-29-127
52.57,10.56,666.00,10.69,06-04-23-06-58-29-161
56.09,11.18,666.00,12.31,06-04-23-06-58-29-193
59.52,11.69,666.00,15.46,06-04-23-06-58-29-227
62.53,12.22,666.00,13.81,06-04-23-06-58-29-261
65.47,12.86,666.00,12.14,06-04-23-06-58-29-293
68.62,13.48,666.00,10.96,06-04-23-06-58-29-326
70.58,13.87,666.00,15.56,06-04-23-06-58-29-359
72.21,14.25,666.00,18.45,06-04-23-06-58-29-395
74.53,14.43,666.00,16.31,06-04-23-06-58-29-426
75.92,14.54,666.00,16.06,06-04-23-06-58-29-458
77.18,14.47,666.00,15.76,06-04-23-06-58-29-497
78.14,14.36,666.00,16.01,06-04-23-06-58-29-526
79.07,14.18,666.00,17.13,06-04-23-06-58-29-558
79.87,13.97,666.00,19.08,06-04-23-06-58-29-593
80.73,13.82,666.00,21.32,06-04-23-06-58-29-626
81.48,13.77,666.00,23.41,06-04-23-06-58-29-661
82.18,13.77,666.00,25.42,06-04-23-06-58-29-693
82.75,13.78,666.00,27.56,06-04-23-06-58-29-729
83.55,13.88,666.00,28.25,06-04-23-06-58-29-761
84.38,14.03,9.26,33.09,06-04-23-06-58-29-794
85.05,14.18,7.18,34.35,06-04-23-06-58-29-825
85.67,14.29,4.98,34.88,06-04-23-06-58-29-860
86.44,14.42,1.89,35.41,06-04-23-06-58-29-894
87.96,14.78,-1.90,37.72,06-04-23-06-58-29-928
89.24,15.14,-7.38,39.83,06-04-23-06-58-29-960
90.46,15.45,-10.40,41.11,06-04-23-06-58-29-992
91.47,15.69,-13.32,40.99,06-04-23-06-58-30-031
92.08,15.88,-14.97,40.87,06-04-23-06-58-30-061
92.59,16.02,-16.36,40.68,06-04-23-06-58-30-094
93.97,16.16,-21.01,39.00,06-04-23-06-58-30-133
95.06,16.21,-24.75,37.64,06-04-23-06-58-30-164
96.46,16.18,-29.50,35.75,06-04-23-06-58-30-193
100.08,16.18,-40.95,30.39,06-04-23-06-58-30-230
102.59,16.22,666.00,27.43,06-04-23-06-58-30-262
105.04,16.40,666.00,29.56,06-04-23-06-58-30-296
108.10,16.79,666.00,28.39,06-04-23-06-58-30-333
110.13,17.16,666.00,28.16,06-04-23-06-58-30-361
111.94,17.56,666.00,29.61,06-04-23-06-58-30-399
113.81,17.96,666.00,29.72,06-04-23-06-58-30-427
116.13,18.55,-65.78,30.26,06-04-23-06-58-30-460
118.93,19.34,666.00,29.60,06-04-23-06-58-30-495
121.71,20.11,666.00,29.60,06-04-23-06-58-30-528
123.87,20.50,-74.36,30.21,06-04-23-06-58-30-562
125.41,20.79,-76.77,34.66,06-04-23-06-58-30-593
133.08,24.29,-78.89,30.06,06-04-23-06-58-30-626
135.14,25.86,666.00,29.40,06-04-23-06-58-30-660
136.46,27.09,666.00,29.72,06-04-23-06-58-30-694
137.47,28.06,666.00,29.87,06-04-23-06-58-30-735
137.91,29.02,-79.22,30.65,06-04-23-06-58-30-759
138.45,29.65,-79.55,31.55,06-04-23-06-58-30-792
138.92,30.20,-80.20,32.71,06-04-23-06-58-30-826
139.38,30.81,-80.73,33.56,06-04-23-06-58-30-863
139.89,31.52,-81.12,34.17,06-04-23-06-58-30-895
140.38,32.24,-81.47,34.48,06-04-23-06-58-30-926
140.85,32.88,-81.70,34.42,06-04-23-06-58-30-960
141.30,33.47,-81.85,34.15,06-04-23-06-58-30-996
