15.75,-3.60,666.00,13.63,06-04-23-07-28-03-271
15.90,-3.44,666.00,13.59,06-04-23-07-28-03-302
16.01,-3.29,666.00,13.54,06-04-23-07-28-03-336
16.11,-3.25,666.00,13.50,06-04-23-07-28-03-369
16.19,-3.18,666.00,13.44,06-04-23-07-28-03-400
16.24,-3.15,666.00,13.39,06-04-23-07-28-03-437
16.28,-3.12,666.00,13.31,06-04-23-07-28-03-469
16.30,-3.07,666.00,13.17,06-04-23-07-28-03-501
16.26,-3.13,666.00,12.98,06-04-23-07-28-03-537
16.16,-3.13,666.00,12.71,06-04-23-07-28-03-569
15.99,-3.12,666.00,12.39,06-04-23-07-28-03-600
15.78,-2.94,666.00,11.97,06-04-23-07-28-03-635
15.54,-2.75,666.00,11.61,06-04-23-07-28-03-666
15.26,-2.47,666.00,11.24,06-04-23-07-28-03-700
14.96,-2.18,666.00,10.84,06-04-23-07-28-03-734
14.65,-1.81,666.00,10.54,06-04-23-07-28-03-764
14.34,-1.41,666.00,10.28,06-04-23-07-28-03-802
14.03,-0.99,666.00,10.13,06-04-23-07-28-03-836
13.59,-0.33,666.00,10.14,06-04-23-07-28-03-866
13.23,0.30,666.00,10.20,06-04-23-07-28-03-903
12.96,0.83,666.00,10.26,06-04-23-07-28-03-936
12.67,1.35,666.00,10.40,06-04-23-07-28-03-965
12.48,1.70,666.00,10.49,06-04-23-07-28-04-003
12.34,1.95,666.00,10.58,06-04-23-07-28-04-036
12.25,2.13,666.00,10.63,06-04-23-07-28-04-068
12.19,2.25,666.00,10.66,06-04-23-07-28-04-098
12.16,2.35,666.00,10.74,06-04-23-07-28-04-135
12.22,2.41,666.00,11.14,06-04-23-07-28-04-165
12.80,1.58,666.00,12.38,06-04-23-07-28-04-203
14.86,0.89,666.00,13.95,06-04-23-07-28-04-239
17.95,0.12,666.00,14.56,06-04-23-07-28-04-267
21.35,-0.51,666.00,16.50,06-04-23-07-28-04-303
24.72,0.09,666.00,18.13,06-04-23-07-28-04-337
29.41,0.77,666.00,21.02,06-04-23-07-28-04-366
34.02,1.99,666.00,21.84,06-04-23-07-28-04-400
38.47,2.67,666.00,21.97,06-04-23-07-28-04-435
43.21,3.44,666.00,20.11,06-04-23-07-28-04-466
47.13,4.06,666.00,17.55,06-04-23-07-28-04-498
52.07,4.92,666.00,16.92,06-04-23-07-28-04-536
55.51,5.74,666.00,16.05,06-04-23-07-28-04-566
60.90,6.50,666.00,15.22,06-04-23-07-28-04-600
65.30,7.00,666.00,12.29,06-04-23-07-28-04-634
72.03,8.09,666.00,4.98,06-04-23-07-28-04-668
75.25,8.67,666.00,4.57,06-04-23-07-28-04-701
77.64,8.97,666.00,7.20,06-04-23-07-28-04-736
79.57,9.01,666.00,6.77,06-04-23-07-28-04-766
81.06,8.99,666.00,7.02,06-04-23-07-28-04-799
82.53,9.07,666.00,6.68,06-04-23-07-28-04-834
84.03,8.82,666.00,5.86,06-04-23-07-28-04-866
87.12,8.28,666.00,1.70,06-04-23-07-28-04-903
88.24,8.47,666.00,0.66,06-04-23-07-28-04-934
88.62,8.69,666.00,0.43,06-04-23-07-28-04-968
88.75,8.85,666.00,0.46,06-04-23-07-28-05-002
88.76,8.97,666.00,0.83,06-04-23-07-28-05-034
88.82,9.04,666.00,1.14,06-04-23-07-28-05-068
89.01,9.09,666.00,2.62,06-04-23-07-28-05-101
90.44,8.47,666.00,1.49,06-04-23-07-28-05-137
91.29,8.13,666.00,0.95,06-04-23-07-28-05-168
91.81,7.89,666.00,1.28,06-04-23-07-28-05-202
92.17,7.65,666.00,3.22,06-04-23-07-28-05-236
92.45,7.46,666.00,4.17,06-04-23-07-28-05-268
92.62,7.28,666.00,4.81,06-04-23-07-28-05-304
92.78,7.10,666.00,5.45,06-04-23-07-28-05-337
93.01,6.91,666.00,5.92,06-04-23-07-28-05-367
93.51,6.69,666.00,6.08,06-04-23-07-28-05-401
94.08,6.44,666.00,6.85,06-04-23-07-28-05-435
94.63,6.19,666.00,8.13,06-04-23-07-28-05-470
95.13,5.95,666.00,10.55,06-04-23-07-28-05-503
95.62,5.69,666.00,13.46,06-04-23-07-28-05-537
96.16,5.46,666.00,15.79,06-04-23-07-28-05-566
96.71,5.24,666.00,18.39,06-04-23-07-28-05-599
97.39,5.04,666.00,26.58,06-04-23-07-28-05-634
98.36,4.78,-70.74,32.13,06-04-23-07-28-05-669
99.49,4.48,-77.46,34.53,06-04-23-07-28-05-702
100.99,4.30,-82.96,34.72,06-04-23-07-28-05-734
102.09,4.18,-86.51,34.81,06-04-23-07-28-05-768
103.12,4.17,-89.06,34.76,06-04-23-07-28-05-804
103.79,4.35,-89.52,36.42,06-04-23-07-28-05-834
104.40,4.60,-89.39,38.15,06-04-23-07-28-05-867
104.84,4.11,-93.41,39.43,06-04-23-07-28-05-898
105.07,3.97,-94.66,40.76,06-04-23-07-28-05-934
105.13,4.25,-93.72,42.39,06-04-23-07-28-05-966
105.08,4.78,-91.52,43.62,06-04-23-07-28-06-003
104.93,5.45,-88.34,44.74,06-04-23-07-28-06-039
104.90,5.86,-86.39,45.79,06-04-23-07-28-06-069
104.88,6.17,-84.67,46.96,06-04-23-07-28-06-099
104.79,6.54,-82.16,48.65,06-04-23-07-28-06-135
104.72,6.81,-80.25,49.93,06-04-23-07-28-06-166
104.60,7.08,-78.15,51.51,06-04-23-07-28-06-198
104.43,7.34,-76.32,52.77,06-04-23-07-28-06-235
104.25,7.50,-74.87,54.04,06-04-23-07-28-06-265
104.13,7.62,-73.96,54.79,06-04-23-07-28-06-297
103.98,7.78,-72.94,55.38,06-04-23-07-28-06-337
103.83,7.96,-71.87,55.81,06-04-23-07-28-06-370
103.67,8.16,-70.37,55.28,06-04-23-07-28-06-403
103.52,8.36,-69.01,54.55,06-04-23-07-28-06-435
103.37,8.58,-67.70,53.36,06-04-23-07-28-06-469
103.23,8.80,-66.50,51.97,06-04-23-07-28-06-499
103.09,9.02,-65.48,50.43,06-04-23-07-28-06-536
102.96,9.23,-64.61,48.66,06-04-23-07-28-06-566
102.80,9.48,-63.77,46.61,06-04-23-07-28-06-599
102.64,9.79,-62.63,44.89,06-04-23-07-28-06-637
102.46,10.11,-61.36,43.36,06-04-23-07-28-06-667
102.28,10.41,-61.30,40.25,06-04-23-07-28-06-700
102.07,10.72,-60.95,37.96,06-04-23-07-28-06-734
101.84,11.13,-59.68,36.24,06-04-23-07-28-06-769
102.40,15.00,-42.44,34.14,06-04-23-07-28-06-799
102.11,16.06,-37.20,32.43,06-04-23-07-28-06-835
101.78,16.73,-33.68,30.88,06-04-23-07-28-06-870
101.46,17.07,666.00,29.15,06-04-23-07-28-06-899
101.10,17.26,666.00,27.29,06-04-23-07-28-06-936
101.43,17.75,666.00,24.51,06-04-23-07-28-06-969
100.79,18.03,666.00,20.98,06-04-23-07-28-07-002
100.48,17.68,666.00,18.02,06-04-23-07-28-07-035
100.21,17.30,666.00,16.17,06-04-23-07-28-07-067
99.99,16.91,666.00,14.29,06-04-23-07-28-07-102
99.78,16.54,666.00,8.51,06-04-23-07-28-07-136
99.58,16.19,666.00,6.28,06-04-23-07-28-07-165
99.37,15.85,666.00,5.04,06-04-23-07-28-07-205
99.10,15.56,666.00,4.43,06-04-23-07-28-07-235
98.79,15.32,666.00,4.46,06-04-23-07-28-07-269
98.33,15.16,666.00,5.30,06-04-23-07-28-07-299
97.79,15.02,666.00,6.83,06-04-23-07-28-07-332
97.29,14.87,666.00,10.39,06-04-23-07-28-07-368
95.93,14.65,666.00,11.62,06-04-23-07-28-07-399
95.37,14.20,666.00,11.88,06-04-23-07-28-07-434
95.06,13.76,666.00,13.75,06-04-23-07-28-07-468
94.82,13.39,666.00,15.51,06-04-23-07-28-07-500
94.71,13.02,666.00,17.04,06-04-23-07-28-07-535
94.55,12.73,666.00,17.97,06-04-23-07-28-07-570
94.33,12.45,666.00,18.48,06-04-23-07-28-07-601
93.91,12.20,666.00,18.33,06-04-23-07-28-07-635
89.06,12.33,666.00,12.12,06-04-23-07-28-07-664
87.82,11.62,666.00,9.57,06-04-23-07-28-07-698
86.99,11.63,666.00,9.88,06-04-23-07-28-07-733
86.90,11.72,666.00,9.37,06-04-23-07-28-07-766
87.06,11.79,666.00,8.39,06-04-23-07-28-07-799
87.32,11.84,666.00,8.05,06-04-23-07-28-07-835
87.44,11.90,666.00,7.91,06-04-23-07-28-07-868
87.68,11.91,666.00,7.48,06-04-23-07-28-07-901
87.89,11.93,666.00,6.79,06-04-23-07-28-07-935
88.05,11.99,666.00,6.74,06-04-23-07-28-07-968
88.18,12.05,666.00,7.85,06-04-23-07-28-07-999
89.63,11.36,666.00,9.41,06-04-23-07-28-08-036
90.30,11.06,666.00,12.68,06-04-23-07-28-08-069
89.95,11.22,666.00,17.31,06-04-23-07-28-08-099
90.32,11.19,666.00,19.72,06-04-23-07-28-08-136
90.69,11.15,666.00,22.09,06-04-23-07-28-08-167
90.95,11.15,666.00,23.82,06-04-23-07-28-08-201
91.47,11.15,666.00,29.52,06-04-23-07-28-08-236
92.25,11.11,-10.84,31.31,06-04-23-07-28-08-269
93.15,11.06,-15.00,32.61,06-04-23-07-28-08-299
94.16,11.06,-19.43,33.16,06-04-23-07-28-08-336
95.90,11.04,-24.88,35.60,06-04-23-07-28-08-365
97.08,11.05,-29.03,36.29,06-04-23-07-28-08-403
97.92,11.04,-32.22,37.19,06-04-23-07-28-08-434
98.53,11.05,-34.43,38.01,06-04-23-07-28-08-468
99.02,11.06,-37.47,40.04,06-04-23-07-28-08-501
97.15,9.72,-40.26,43.75,06-04-23-07-28-08-537
96.14,9.07,-40.30,46.16,06-04-23-07-28-08-566
95.61,8.73,-40.40,48.00,06-04-23-07-28-08-600
95.29,8.60,-39.10,51.44,06-04-23-07-28-08-636
95.09,8.56,-38.13,53.11,06-04-23-07-28-08-668
94.93,8.59,-37.12,54.15,06-04-23-07-28-08-697
94.82,8.69,-36.09,54.85,06-04-23-07-28-08-735
94.77,8.85,-35.10,55.50,06-04-23-07-28-08-768
94.82,9.08,-34.36,55.88,06-04-23-07-28-08-798
94.93,9.33,-33.84,56.11,06-04-23-07-28-08-834
95.05,9.58,-33.38,56.25,06-04-23-07-28-08-868
95.19,9.81,-33.01,56.49,06-04-23-07-28-08-899
95.31,10.04,-32.55,56.78,06-04-23-07-28-08-935
95.40,10.24,-31.98,57.21,06-04-23-07-28-08-966
95.48,10.42,-31.43,57.67,06-04-23-07-28-09-000
95.56,10.59,-30.81,58.26,06-04-23-07-28-09-037
95.63,10.77,-30.16,58.93,06-04-23-07-28-09-065
95.69,10.93,-29.71,60.69,06-04-23-07-28-09-098
95.76,11.09,-29.38,61.89,06-04-23-07-28-09-134
95.84,11.25,-29.16,62.64,06-04-23-07-28-09-169
96.04,11.45,-29.36,62.93,06-04-23-07-28-09-201
96.32,11.66,-29.82,62.90,06-04-23-07-28-09-236
96.76,11.89,-31.08,62.29,06-04-23-07-28-09-267
97.48,12.19,-33.04,61.02,06-04-23-07-28-09-299
98.60,12.62,-35.93,58.71,06-04-23-07-28-09-337
99.78,13.15,-38.27,55.91,06-04-23-07-28-09-367
100.73,13.70,-39.52,53.18,06-04-23-07-28-09-398
101.34,14.10,-40.27,50.76,06-04-23-07-28-09-437
101.75,14.48,-40.88,47.71,06-04-23-07-28-09-470
102.15,14.90,-43.34,40.93,06-04-23-07-28-09-501
102.37,15.27,-43.95,37.23,06-04-23-07-28-09-538
102.44,15.54,-44.19,34.54,06-04-23-07-28-09-567
102.37,15.68,-44.27,32.28,06-04-23-07-28-09-602
102.25,15.76,666.00,26.70,06-04-23-07-28-09-635
104.23,17.28,666.00,19.31,06-04-23-07-28-09-669
104.83,17.78,666.00,16.36,06-04-23-07-28-09-702
104.95,17.91,666.00,14.79,06-04-23-07-28-09-740
102.42,18.83,666.00,14.60,06-04-23-07-28-09-768
101.09,18.36,666.00,15.94,06-04-23-07-28-09-802
99.00,18.16,666.00,14.06,06-04-23-07-28-09-838
97.75,17.93,666.00,13.55,06-04-23-07-28-09-870
96.95,17.75,666.00,13.18,06-04-23-07-28-09-900
96.39,17.55,666.00,12.52,06-04-23-07-28-09-938
95.21,17.07,666.00,14.46,06-04-23-07-28-09-967
94.66,16.71,666.00,13.33,06-04-23-07-28-10-003
93.80,16.51,666.00,10.87,06-04-23-07-28-10-035
93.43,16.21,666.00,8.16,06-04-23-07-28-10-065
93.18,15.94,666.00,5.60,06-04-23-07-28-10-100
92.89,15.73,666.00,8.51,06-04-23-07-28-10-139
92.53,15.52,666.00,10.67,06-04-23-07-28-10-165
92.00,15.39,666.00,11.82,06-04-23-07-28-10-203
90.85,15.42,666.00,11.67,06-04-23-07-28-10-234
89.68,15.42,666.00,11.29,06-04-23-07-28-10-264
88.53,15.47,666.00,11.09,06-04-23-07-28-10-296
87.00,15.37,666.00,10.45,06-04-23-07-28-10-341
85.84,15.24,666.00,10.29,06-04-23-07-28-10-367
84.99,15.13,666.00,10.02,06-04-23-07-28-10-399
84.27,14.98,666.00,9.57,06-04-23-07-28-10-433
83.77,14.85,666.00,9.20,06-04-23-07-28-10-464
83.37,14.75,666.00,8.85,06-04-23-07-28-10-499
83.09,14.66,666.00,8.55,06-04-23-07-28-10-535
82.93,14.60,666.00,8.35,06-04-23-07-28-10-570
82.81,14.55,666.00,8.18,06-04-23-07-28-10-599
82.75,14.52,666.00,8.06,06-04-23-07-28-10-635
82.39,14.08,666.00,8.20,06-04-23-07-28-10-664
82.35,13.91,666.00,7.59,06-04-23-07-28-10-699
82.44,13.93,666.00,7.31,06-04-23-07-28-10-734
82.61,14.02,666.00,7.44,06-04-23-07-28-10-768
82.80,14.11,666.00,7.74,06-04-23-07-28-10-801
83.01,14.22,666.00,8.20,06-04-23-07-28-10-833
83.26,14.34,666.00,9.25,06-04-23-07-28-10-867
85.23,14.65,666.00,9.81,06-04-23-07-28-10-901
86.25,14.68,666.00,9.40,06-04-23-07-28-10-935
88.31,13.90,666.00,7.58,06-04-23-07-28-10-967
89.12,13.87,666.00,13.78,06-04-23-07-28-10-998
89.60,13.90,666.00,16.33,06-04-23-07-28-11-034
89.92,13.94,666.00,19.52,06-04-23-07-28-11-067
90.12,14.02,666.00,21.15,06-04-23-07-28-11-099
90.26,14.12,666.00,22.38,06-04-23-07-28-11-137
90.38,14.18,666.00,23.59,06-04-23-07-28-11-164
90.50,14.21,666.00,24.85,06-04-23-07-28-11-200
95.80,13.89,666.00,25.40,06-04-23-07-28-11-236
96.85,13.51,666.00,26.80,06-04-23-07-28-11-267
100.17,13.59,666.00,28.48,06-04-23-07-28-11-301
101.70,13.65,666.00,28.39,06-04-23-07-28-11-335
101.69,12.55,666.00,28.37,06-04-23-07-28-11-366
99.90,13.30,-44.08,33.84,06-04-23-07-28-11-402
99.59,13.52,-42.65,35.38,06-04-23-07-28-11-434
99.57,13.63,-42.52,36.61,06-04-23-07-28-11-467
99.55,13.76,-42.28,37.69,06-04-23-07-28-11-498
99.56,13.91,-42.15,39.34,06-04-23-07-28-11-535
99.69,14.17,-42.15,40.87,06-04-23-07-28-11-567
99.86,14.48,-42.08,42.20,06-04-23-07-28-11-597
100.14,14.88,-41.66,44.92,06-04-23-07-28-11-635
100.52,15.33,-41.34,47.10,06-04-23-07-28-11-669
100.94,15.71,-41.42,49.06,06-04-23-07-28-11-697
101.29,16.06,-41.31,50.80,06-04-23-07-28-11-735
101.63,16.35,-41.50,52.18,06-04-23-07-28-11-769
101.88,16.62,-41.63,53.81,06-04-23-07-28-11-799
102.05,16.90,-40.98,56.68,06-04-23-07-28-11-837
102.18,17.15,-40.36,61.43,06-04-23-07-28-11-865
102.32,17.35,-42.02,62.70,06-04-23-07-28-11-897
102.45,17.57,-42.16,63.68,06-04-23-07-28-11-936
102.56,17.78,-43.66,64.19,06-04-23-07-28-11-964
102.63,18.00,-44.67,64.34,06-04-23-07-28-11-999
102.67,18.23,-45.23,64.30,06-04-23-07-28-12-034
102.68,18.45,-45.56,64.13,06-04-23-07-28-12-070
102.68,18.64,-45.73,63.84,06-04-23-07-28-12-100
102.66,18.81,-45.77,63.41,06-04-23-07-28-12-134
102.65,18.98,-44.98,62.58,06-04-23-07-28-12-169
102.62,19.13,-43.74,61.56,06-04-23-07-28-12-200
102.58,19.27,-42.10,59.57,06-04-23-07-28-12-232
102.55,19.40,-39.94,56.87,06-04-23-07-28-12-268
102.56,19.52,-37.76,53.25,06-04-23-07-28-12-298
102.57,19.63,-35.79,47.88,06-04-23-07-28-12-334
102.54,19.71,-34.44,43.21,06-04-23-07-28-12-369
102.60,19.83,-33.42,39.26,06-04-23-07-28-12-398
102.61,19.91,-32.63,35.70,06-04-23-07-28-12-435
102.62,19.93,-31.80,31.23,06-04-23-07-28-12-466
102.62,19.91,666.00,28.08,06-04-23-07-28-12-500
102.60,19.85,666.00,25.13,06-04-23-07-28-12-535
102.50,19.18,666.00,23.82,06-04-23-07-28-12-565
101.94,19.21,666.00,20.86,06-04-23-07-28-12-599
101.08,19.27,666.00,19.64,06-04-23-07-28-12-636
100.18,20.09,666.00,16.88,06-04-23-07-28-12-667
99.48,20.61,666.00,9.98,06-04-23-07-28-12-699
98.96,20.87,666.00,7.89,06-04-23-07-28-12-740
98.52,20.96,666.00,6.47,06-04-23-07-28-12-768
98.17,20.93,666.00,5.44,06-04-23-07-28-12-801
96.36,20.65,666.00,7.06,06-04-23-07-28-12-835
95.41,20.72,666.00,7.41,06-04-23-07-28-12-868
94.17,20.45,666.00,8.12,06-04-23-07-28-12-898
92.88,20.25,666.00,8.30,06-04-23-07-28-12-935
91.99,20.03,666.00,8.13,06-04-23-07-28-12-969
91.42,19.77,666.00,7.80,06-04-23-07-28-12-998
90.92,19.46,666.00,7.80,06-04-23-07-28-13-034
90.52,19.21,666.00,8.05,06-04-23-07-28-13-065
90.18,18.98,666.00,8.38,06-04-23-07-28-13-099
89.88,18.70,666.00,9.36,06-04-23-07-28-13-136
89.83,18.39,666.00,10.28,06-04-23-07-28-13-167
89.16,18.11,666.00,10.31,06-04-23-07-28-13-201
88.51,17.80,666.00,10.61,06-04-23-07-28-13-235
87.73,17.41,666.00,10.46,06-04-23-07-28-13-269
87.17,17.10,666.00,10.42,06-04-23-07-28-13-301
86.79,16.85,666.00,10.51,06-04-23-07-28-13-334
86.46,16.63,666.00,10.51,06-04-23-07-28-13-367
86.23,16.43,666.00,10.61,06-04-23-07-28-13-400
86.04,16.26,666.00,10.62,06-04-23-07-28-13-434
85.90,16.13,666.00,10.60,06-04-23-07-28-13-466
85.80,16.02,666.00,10.56,06-04-23-07-28-13-502
85.72,15.92,666.00,10.51,06-04-23-07-28-13-533
85.65,15.85,666.00,10.42,06-04-23-07-28-13-568
85.60,15.79,666.00,10.14,06-04-23-07-28-13-601
85.57,15.74,666.00,9.19,06-04-23-07-28-13-635
85.59,15.71,666.00,6.77,06-04-23-07-28-13-668
85.63,15.67,666.00,5.53,06-04-23-07-28-13-701
85.75,15.63,666.00,7.06,06-04-23-07-28-13-736
86.16,15.60,666.00,8.89,06-04-23-07-28-13-764
86.64,15.60,666.00,10.62,06-04-23-07-28-13-801
87.26,15.64,666.00,12.13,06-04-23-07-28-13-837
87.94,15.66,666.00,14.39,06-04-23-07-28-13-867
88.64,15.67,666.00,17.72,06-04-23-07-28-13-904
89.24,15.67,666.00,19.87,06-04-23-07-28-13-938
89.77,15.63,666.00,21.33,06-04-23-07-28-13-968
90.47,15.53,666.00,27.43,06-04-23-07-28-13-999
91.09,15.41,666.00,28.69,06-04-23-07-28-14-037
91.64,15.26,666.00,29.05,06-04-23-07-28-14-065
91.84,15.28,-11.86,32.26,06-04-23-07-28-14-101
91.99,15.34,-11.73,33.94,06-04-23-07-28-14-135
92.15,15.35,-11.96,35.12,06-04-23-07-28-14-169
92.18,15.26,-12.24,36.27,06-04-23-07-28-14-201
92.03,15.02,-12.48,37.74,06-04-23-07-28-14-236
89.95,8.65,-19.39,45.39,06-04-23-07-28-14-268
88.99,5.38,-14.45,50.85,06-04-23-07-28-14-298
92.19,8.07,-36.77,46.12,06-04-23-07-28-14-336
94.24,10.11,-40.77,43.56,06-04-23-07-28-14-370
95.52,11.58,-40.29,43.33,06-04-23-07-28-14-399
96.39,12.72,-38.69,44.31,06-04-23-07-28-14-434
97.06,13.87,-36.46,44.62,06-04-23-07-28-14-469
97.56,14.83,-34.10,46.59,06-04-23-07-28-14-498
98.00,15.69,-32.09,49.82,06-04-23-07-28-14-536
98.32,16.45,-30.36,51.99,06-04-23-07-28-14-571
98.58,17.12,-28.86,53.90,06-04-23-07-28-14-600
98.75,17.68,-27.62,55.72,06-04-23-07-28-14-637
98.88,18.17,-26.76,57.14,06-04-23-07-28-14-669
98.97,18.62,-26.01,58.18,06-04-23-07-28-14-698
99.12,18.95,-26.19,59.69,06-04-23-07-28-14-735
99.28,19.23,-25.84,61.02,06-04-23-07-28-14-770
99.42,19.47,-25.64,61.78,06-04-23-07-28-14-798
99.56,19.67,-25.55,62.20,06-04-23-07-28-14-834
99.68,19.84,-25.52,62.42,06-04-23-07-28-14-868
99.80,19.98,-25.57,62.49,06-04-23-07-28-14-900
99.91,20.09,-25.64,62.49,06-04-23-07-28-14-936
99.99,20.17,-25.65,62.42,06-04-23-07-28-14-972
100.07,20.23,-25.71,62.18,06-04-23-07-28-15-000
100.14,20.29,-25.66,61.61,06-04-23-07-28-15-036
100.22,20.33,-24.96,58.98,06-04-23-07-28-15-070
100.32,20.35,-24.48,56.34,06-04-23-07-28-15-099
100.41,20.36,-24.50,52.56,06-04-23-07-28-15-136
100.45,20.37,-24.65,49.52,06-04-23-07-28-15-169
100.47,20.36,-24.69,46.81,06-04-23-07-28-15-198
100.47,20.34,-24.71,44.05,06-04-23-07-28-15-239
100.45,20.29,-24.66,41.83,06-04-23-07-28-15-267
100.41,20.23,-26.32,34.72,06-04-23-07-28-15-299
100.33,20.12,-27.25,31.47,06-04-23-07-28-15-334
100.30,20.00,666.00,28.54,06-04-23-07-28-15-373
100.27,19.88,666.00,26.33,06-04-23-07-28-15-398
101.45,19.94,666.00,22.57,06-04-23-07-28-15-436
101.90,19.84,666.00,19.28,06-04-23-07-28-15-471
102.01,19.69,666.00,17.36,06-04-23-07-28-15-499
100.48,19.90,666.00,16.74,06-04-23-07-28-15-539
99.29,20.01,666.00,15.93,06-04-23-07-28-15-573
98.40,20.00,666.00,14.79,06-04-23-07-28-15-601
97.72,19.92,666.00,13.22,06-04-23-07-28-15-637
97.20,19.79,666.00,11.57,06-04-23-07-28-15-669
96.78,19.63,666.00,9.90,06-04-23-07-28-15-702
96.45,19.45,666.00,8.24,06-04-23-07-28-15-736
96.19,19.23,666.00,6.21,06-04-23-07-28-15-765
95.96,19.04,666.00,4.65,06-04-23-07-28-15-801
95.72,18.89,666.00,3.77,06-04-23-07-28-15-834
95.44,18.78,666.00,3.94,06-04-23-07-28-15-867
95.16,18.70,666.00,4.75,06-04-23-07-28-15-899
94.83,18.64,666.00,5.63,06-04-23-07-28-15-936
91.38,18.35,666.00,6.83,06-04-23-07-28-15-971
90.07,18.12,666.00,7.56,06-04-23-07-28-16-003
88.81,18.51,666.00,8.62,06-04-23-07-28-16-034
88.00,18.72,666.00,9.27,06-04-23-07-28-16-068
87.49,18.80,666.00,9.87,06-04-23-07-28-16-100
87.18,18.76,666.00,10.36,06-04-23-07-28-16-136
86.85,18.60,666.00,10.42,06-04-23-07-28-16-167
86.65,18.40,666.00,10.33,06-04-23-07-28-16-201
86.64,18.18,666.00,10.19,06-04-23-07-28-16-235
86.68,17.97,666.00,10.05,06-04-23-07-28-16-266
86.71,17.73,666.00,9.80,06-04-23-07-28-16-301
86.79,17.56,666.00,9.69,06-04-23-07-28-16-336
86.89,17.40,666.00,9.54,06-04-23-07-28-16-366
86.99,17.26,666.00,8.75,06-04-23-07-28-16-397
87.08,17.14,666.00,7.95,06-04-23-07-28-16-439
87.20,17.01,666.00,7.45,06-04-23-07-28-16-470
88.12,16.54,666.00,6.78,06-04-23-07-28-16-500
88.75,16.25,666.00,6.88,06-04-23-07-28-16-536
89.22,16.07,666.00,8.95,06-04-23-07-28-16-569
89.92,15.98,666.00,11.00,06-04-23-07-28-16-599
90.64,15.66,666.00,12.48,06-04-23-07-28-16-636
91.10,15.26,666.00,13.63,06-04-23-07-28-16-669
91.64,15.07,666.00,16.26,06-04-23-07-28-16-697
92.00,15.04,666.00,18.06,06-04-23-07-28-16-733
92.40,14.98,666.00,19.75,06-04-23-07-28-16-769
92.77,15.00,666.00,20.95,06-04-23-07-28-16-805
93.03,15.04,666.00,22.99,06-04-23-07-28-16-835
93.27,15.05,-15.95,31.43,06-04-23-07-28-16-868
93.45,15.08,-17.39,33.53,06-04-23-07-28-16-903
93.68,15.09,-18.65,34.57,06-04-23-07-28-16-932
93.89,15.10,-19.67,35.75,06-04-23-07-28-16-965
94.09,15.11,-20.09,36.95,06-04-23-07-28-16-999
94.31,15.10,-20.78,37.77,06-04-23-07-28-17-034
94.52,15.10,-20.08,42.27,06-04-23-07-28-17-067
94.70,15.13,-20.02,44.45,06-04-23-07-28-17-098
94.84,15.18,-20.83,46.41,06-04-23-07-28-17-135
94.96,15.24,-21.09,48.88,06-04-23-07-28-17-169
95.13,15.29,-21.55,50.14,06-04-23-07-28-17-201
95.37,15.34,-22.28,51.01,06-04-23-07-28-17-235
95.66,15.38,-22.72,52.61,06-04-23-07-28-17-268
96.07,15.40,-23.51,54.40,06-04-23-07-28-17-299
96.46,15.42,-24.13,56.85,06-04-23-07-28-17-339
96.94,15.42,-26.47,59.53,06-04-23-07-28-17-366
97.38,15.42,-26.95,63.14,06-04-23-07-28-17-399
97.75,15.43,-27.76,64.77,06-04-23-07-28-17-432
98.09,15.43,-28.71,65.75,06-04-23-07-28-17-468
98.41,15.49,-29.53,66.50,06-04-23-07-28-17-499
98.69,15.54,-30.30,66.93,06-04-23-07-28-17-534
98.94,15.56,-31.12,67.13,06-04-23-07-28-17-567
99.17,15.58,-31.87,67.18,06-04-23-07-28-17-599
99.40,15.58,-32.77,67.47,06-04-23-07-28-17-634
99.58,15.58,-33.50,67.62,06-04-23-07-28-17-668
99.78,15.60,-34.14,67.53,06-04-23-07-28-17-700
99.96,15.65,-34.73,67.30,06-04-23-07-28-17-735
100.14,15.71,-35.28,66.28,06-04-23-07-28-17-768
100.26,15.79,-35.75,63.74,06-04-23-07-28-17-798
100.35,15.88,-36.18,59.67,06-04-23-07-28-17-835
100.40,15.99,-36.33,56.10,06-04-23-07-28-17-867
100.41,16.11,-36.11,52.17,06-04-23-07-28-17-898
100.38,16.22,-36.00,48.81,06-04-23-07-28-17-932
100.28,16.31,-35.73,46.31,06-04-23-07-28-17-966
100.12,16.39,-35.19,44.19,06-04-23-07-28-18-007
99.89,16.47,-34.51,42.52,06-04-23-07-28-18-036
99.62,16.56,-33.74,41.03,06-04-23-07-28-18-067
99.31,16.60,-32.91,39.40,06-04-23-07-28-18-101
99.00,16.63,-32.27,37.59,06-04-23-07-28-18-136
98.75,16.65,666.00,28.84,06-04-23-07-28-18-165
98.51,16.65,666.00,25.47,06-04-23-07-28-18-198
96.50,17.86,666.00,26.15,06-04-23-07-28-18-235
95.66,18.31,666.00,23.30,06-04-23-07-28-18-268
95.08,18.57,666.00,21.98,06-04-23-07-28-18-305
95.12,18.65,666.00,21.63,06-04-23-07-28-18-334
94.70,18.72,666.00,20.71,06-04-23-07-28-18-368
94.35,18.70,666.00,19.37,06-04-23-07-28-18-398
94.06,18.65,666.00,17.69,06-04-23-07-28-18-435
93.82,18.56,666.00,15.88,06-04-23-07-28-18-464
93.63,18.46,666.00,14.02,06-04-23-07-28-18-500
93.12,17.82,666.00,14.46,06-04-23-07-28-18-536
92.74,17.98,666.00,11.48,06-04-23-07-28-18-567
92.44,18.14,666.00,10.21,06-04-23-07-28-18-599
92.22,18.25,666.00,9.70,06-04-23-07-28-18-637
92.05,18.29,666.00,9.37,06-04-23-07-28-18-669
91.93,18.28,666.00,9.16,06-04-23-07-28-18-698
91.84,18.25,666.00,8.98,06-04-23-07-28-18-734
91.77,18.20,666.00,8.80,06-04-23-07-28-18-766
91.70,18.12,666.00,8.77,06-04-23-07-28-18-800
91.63,18.02,666.00,8.94,06-04-23-07-28-18-835
91.56,17.90,666.00,9.45,06-04-23-07-28-18-868
89.87,16.75,666.00,8.76,06-04-23-07-28-18-902
89.12,16.20,666.00,8.54,06-04-23-07-28-18-932
88.27,16.15,666.00,10.28,06-04-23-07-28-18-969
87.58,16.22,666.00,10.77,06-04-23-07-28-19-001
86.69,15.97,666.00,11.15,06-04-23-07-28-19-033
86.44,15.86,666.00,10.54,06-04-23-07-28-19-068
86.31,15.81,666.00,10.11,06-04-23-07-28-19-102
86.28,15.75,666.00,10.01,06-04-23-07-28-19-135
86.32,15.68,666.00,9.94,06-04-23-07-28-19-165
86.34,15.63,666.00,9.94,06-04-23-07-28-19-200
86.37,15.57,666.00,9.92,06-04-23-07-28-19-235
86.40,15.49,666.00,9.89,06-04-23-07-28-19-271
86.44,15.40,666.00,9.85,06-04-23-07-28-19-303
86.49,15.31,666.00,9.79,06-04-23-07-28-19-338
86.54,15.20,666.00,9.72,06-04-23-07-28-19-367
86.60,15.11,666.00,9.64,06-04-23-07-28-19-401
86.65,15.02,666.00,9.57,06-04-23-07-28-19-436
86.70,14.96,666.00,9.47,06-04-23-07-28-19-464
86.75,14.91,666.00,9.39,06-04-23-07-28-19-500
86.84,14.88,666.00,9.33,06-04-23-07-28-19-535
86.92,14.87,666.00,9.31,06-04-23-07-28-19-568
86.98,14.86,666.00,9.19,06-04-23-07-28-19-602
87.04,14.84,666.00,8.59,06-04-23-07-28-19-634
87.10,14.83,666.00,8.07,06-04-23-07-28-19-669
87.16,14.81,666.00,7.04,06-04-23-07-28-19-697
88.08,14.68,666.00,6.39,06-04-23-07-28-19-735
88.44,14.77,666.00,6.00,06-04-23-07-28-19-768
88.77,14.91,666.00,6.24,06-04-23-07-28-19-804
89.08,15.05,666.00,7.28,06-04-23-07-28-19-834
89.35,15.16,666.00,9.03,06-04-23-07-28-19-868
89.61,15.23,666.00,10.94,06-04-23-07-28-19-907
90.70,14.10,666.00,17.26,06-04-23-07-28-19-932
91.13,13.82,666.00,19.95,06-04-23-07-28-19-965
92.32,13.88,666.00,20.21,06-04-23-07-28-19-998
92.59,13.35,666.00,21.03,06-04-23-07-28-20-033
92.73,12.95,666.00,21.99,06-04-23-07-28-20-065
92.81,12.65,666.00,27.86,06-04-23-07-28-20-098
95.15,12.53,666.00,28.42,06-04-23-07-28-20-137
95.54,12.34,666.00,30.00,06-04-23-07-28-20-168
95.73,12.22,-33.82,31.46,06-04-23-07-28-20-200
95.81,12.12,-35.05,33.52,06-04-23-07-28-20-237
95.85,12.07,-35.51,35.69,06-04-23-07-28-20-267
95.88,12.04,-35.76,37.50,06-04-23-07-28-20-298
95.91,12.04,-35.84,40.06,06-04-23-07-28-20-336
95.94,12.06,-33.03,47.26,06-04-23-07-28-20-364
95.96,12.12,-31.88,50.26,06-04-23-07-28-20-403
96.00,12.18,-31.25,52.06,06-04-23-07-28-20-435
96.13,12.24,-30.44,54.82,06-04-23-07-28-20-467
96.28,12.32,-29.94,57.29,06-04-23-07-28-20-497
96.43,12.40,-29.87,59.08,06-04-23-07-28-20-540
96.67,12.51,-30.04,60.92,06-04-23-07-28-20-567
96.92,12.61,-32.15,63.65,06-04-23-07-28-20-601
97.21,12.71,-32.73,66.12,06-04-23-07-28-20-634
97.47,12.82,-33.91,68.12,06-04-23-07-28-20-664
97.69,12.95,-33.78,70.08,06-04-23-07-28-20-699
97.86,13.09,-33.76,71.04,06-04-23-07-28-20-736
98.02,13.24,-33.78,71.58,06-04-23-07-28-20-769
98.15,13.35,-33.79,71.84,06-04-23-07-28-20-800
98.27,13.48,-33.76,71.87,06-04-23-07-28-20-833
98.39,13.57,-33.74,71.67,06-04-23-07-28-20-869
98.49,13.66,-33.66,71.10,06-04-23-07-28-20-898
98.60,13.74,-33.58,69.98,06-04-23-07-28-20-935
98.70,13.84,-33.32,68.17,06-04-23-07-28-20-966
98.76,13.96,-33.19,66.80,06-04-23-07-28-20-997
98.84,14.12,-32.56,63.33,06-04-23-07-28-21-035
98.83,14.33,-31.41,59.67,06-04-23-07-28-21-067
98.80,14.52,-30.64,55.34,06-04-23-07-28-21-099
98.76,14.69,-29.98,52.21,06-04-23-07-28-21-135
98.77,14.74,-29.76,49.68,06-04-23-07-28-21-167
98.77,14.76,-29.78,47.61,06-04-23-07-28-21-201
98.74,14.70,-30.05,45.87,06-04-23-07-28-21-234
98.71,14.63,-32.38,41.16,06-04-23-07-28-21-265
98.69,14.55,-33.35,39.16,06-04-23-07-28-21-302
98.64,14.46,-34.07,37.87,06-04-23-07-28-21-337
98.57,14.38,-34.67,36.84,06-04-23-07-28-21-367
98.59,14.32,-37.31,31.02,06-04-23-07-28-21-399
101.21,14.43,666.00,22.99,06-04-23-07-28-21-434
102.11,14.45,666.00,19.49,06-04-23-07-28-21-464
101.29,15.02,666.00,16.82,06-04-23-07-28-21-499
100.38,15.63,666.00,15.44,06-04-23-07-28-21-535
99.66,15.86,666.00,14.06,06-04-23-07-28-21-567
99.01,15.99,666.00,13.25,06-04-23-07-28-21-598
98.45,16.00,666.00,12.45,06-04-23-07-28-21-635
97.99,15.89,666.00,11.13,06-04-23-07-28-21-665
97.53,15.69,666.00,11.00,06-04-23-07-28-21-697
97.03,15.48,666.00,10.44,06-04-23-07-28-21-734
96.68,15.28,666.00,5.00,06-04-23-07-28-21-768
96.10,16.60,666.00,9.07,06-04-23-07-28-21-801
95.13,16.77,666.00,10.79,06-04-23-07-28-21-838
94.06,16.89,666.00,10.90,06-04-23-07-28-21-864
92.69,16.49,666.00,12.30,06-04-23-07-28-21-899
91.90,16.02,666.00,13.31,06-04-23-07-28-21-933
91.31,15.61,666.00,13.44,06-04-23-07-28-21-969
90.18,15.90,666.00,13.99,06-04-23-07-28-21-997
89.50,15.90,666.00,13.98,06-04-23-07-28-22-037
89.09,15.76,666.00,14.03,06-04-23-07-28-22-069
88.81,15.59,666.00,14.28,06-04-23-07-28-22-100
87.73,15.27,666.00,15.17,06-04-23-07-28-22-133
87.53,15.55,666.00,15.65,06-04-23-07-28-22-166
87.49,15.69,666.00,15.86,06-04-23-07-28-22-198
86.88,15.20,666.00,15.56,06-04-23-07-28-22-235
87.03,14.78,666.00,14.18,06-04-23-07-28-22-264
87.23,14.42,666.00,13.13,06-04-23-07-28-22-301
87.42,14.12,666.00,12.41,06-04-23-07-28-22-335
87.59,13.89,666.00,11.94,06-04-23-07-28-22-367
87.73,13.70,666.00,11.68,06-04-23-07-28-22-399
87.85,13.55,666.00,11.52,06-04-23-07-28-22-435
87.94,13.45,666.00,11.43,06-04-23-07-28-22-468
88.02,13.36,666.00,11.38,06-04-23-07-28-22-505
88.09,13.29,666.00,11.35,06-04-23-07-28-22-533
88.15,13.23,666.00,11.30,06-04-23-07-28-22-569
88.21,13.19,666.00,11.17,06-04-23-07-28-22-599
88.28,13.17,666.00,10.97,06-04-23-07-28-22-634
88.34,13.16,666.00,10.70,06-04-23-07-28-22-667
88.43,13.16,666.00,9.71,06-04-23-07-28-22-697
88.54,13.15,666.00,8.82,06-04-23-07-28-22-735
88.65,13.16,666.00,8.31,06-04-23-07-28-22-767
89.94,11.55,666.00,5.33,06-04-23-07-28-22-803
90.46,11.29,666.00,5.15,06-04-23-07-28-22-835
91.07,10.86,666.00,6.28,06-04-23-07-28-22-868
91.70,10.79,666.00,8.15,06-04-23-07-28-22-897
92.12,10.87,666.00,11.32,06-04-23-07-28-22-932
92.38,11.04,666.00,14.84,06-04-23-07-28-22-966
94.18,11.50,666.00,22.61,06-04-23-07-28-22-997
95.17,11.81,666.00,26.21,06-04-23-07-28-23-035
95.90,11.37,666.00,28.11,06-04-23-07-28-23-066
95.41,11.49,-30.70,31.10,06-04-23-07-28-23-098
95.28,11.50,-30.71,33.03,06-04-23-07-28-23-137
94.81,11.60,-28.58,35.51,06-04-23-07-28-23-169
94.88,11.66,-28.99,36.78,06-04-23-07-28-23-198
95.06,11.72,-29.39,39.28,06-04-23-07-28-23-237
95.41,11.78,-30.44,40.92,06-04-23-07-28-23-268
95.81,11.84,-32.00,42.05,06-04-23-07-28-23-298
96.22,11.91,-33.41,43.15,06-04-23-07-28-23-338
96.69,12.03,-34.34,45.31,06-04-23-07-28-23-368
97.13,12.19,-35.18,46.89,06-04-23-07-28-23-398
97.68,12.40,-36.24,47.98,06-04-23-07-28-23-439
98.28,12.66,-37.28,48.79,06-04-23-07-28-23-467
98.84,12.92,-37.94,49.73,06-04-23-07-28-23-500
99.32,13.20,-38.33,51.12,06-04-23-07-28-23-534
99.81,13.47,-38.84,52.21,06-04-23-07-28-23-570
100.22,13.76,-39.23,53.39,06-04-23-07-28-23-603
100.59,13.98,-39.64,54.98,06-04-23-07-28-23-637
100.90,14.18,-39.99,56.68,06-04-23-07-28-23-669
101.17,14.37,-40.34,58.35,06-04-23-07-28-23-703
101.38,14.52,-40.18,65.36,06-04-23-07-28-23-732
101.53,14.68,-41.23,65.96,06-04-23-07-28-23-768
101.64,14.81,-42.29,65.64,06-04-23-07-28-23-803
101.74,14.94,-43.09,64.91,06-04-23-07-28-23-833
101.81,15.06,-46.46,62.46,06-04-23-07-28-23-868
101.96,15.17,-46.21,61.12,06-04-23-07-28-23-900
102.08,15.25,-45.82,60.07,06-04-23-07-28-23-931
102.18,15.35,-45.25,59.05,06-04-23-07-28-23-964
102.28,15.45,-44.63,57.89,06-04-23-07-28-24-002
102.36,15.56,-43.89,56.34,06-04-23-07-28-24-035
102.44,15.67,-43.00,54.25,06-04-23-07-28-24-066
102.51,15.77,-41.95,50.46,06-04-23-07-28-24-101
102.57,15.87,-41.33,47.53,06-04-23-07-28-24-136
102.62,15.94,-40.48,43.55,06-04-23-07-28-24-168
102.66,16.02,-40.24,40.09,06-04-23-07-28-24-197
102.68,16.09,-40.26,37.52,06-04-23-07-28-24-234
102.69,16.13,-40.66,35.35,06-04-23-07-28-24-266
101.90,16.54,-37.56,34.67,06-04-23-07-28-24-299
101.52,16.75,666.00,27.04,06-04-23-07-28-24-336
101.27,16.85,666.00,24.25,06-04-23-07-28-24-371
100.70,17.22,666.00,22.99,06-04-23-07-28-24-398
100.33,17.43,666.00,22.00,06-04-23-07-28-24-437
101.14,17.69,666.00,19.67,06-04-23-07-28-24-467
101.52,17.68,666.00,13.47,06-04-23-07-28-24-499
101.74,17.60,666.00,10.72,06-04-23-07-28-24-537
101.84,17.50,666.00,8.55,06-04-23-07-28-24-567
101.86,17.39,666.00,6.00,06-04-23-07-28-24-600
101.73,17.28,666.00,5.19,06-04-23-07-28-24-632
101.48,17.17,666.00,5.03,06-04-23-07-28-24-669
100.98,17.08,666.00,5.14,06-04-23-07-28-24-700
98.83,18.38,666.00,7.93,06-04-23-07-28-24-735
97.71,18.94,666.00,9.32,06-04-23-07-28-24-770
97.00,19.18,666.00,10.99,06-04-23-07-28-24-800
96.46,19.25,666.00,12.18,06-04-23-07-28-24-836
96.06,19.24,666.00,13.06,06-04-23-07-28-24-868
93.87,18.48,666.00,11.81,06-04-23-07-28-24-902
92.76,17.97,666.00,13.92,06-04-23-07-28-24-933
92.11,17.61,666.00,14.91,06-04-23-07-28-24-967
91.51,17.50,666.00,14.76,06-04-23-07-28-25-000
91.22,17.40,666.00,14.49,06-04-23-07-28-25-036
91.14,17.31,666.00,14.35,06-04-23-07-28-25-067
91.14,17.22,666.00,15.22,06-04-23-07-28-25-097
89.60,17.10,666.00,14.98,06-04-23-07-28-25-133
89.26,17.17,666.00,14.99,06-04-23-07-28-25-168
88.80,17.11,666.00,14.44,06-04-23-07-28-25-197
88.56,17.03,666.00,14.17,06-04-23-07-28-25-235
88.41,16.94,666.00,14.03,06-04-23-07-28-25-267
88.33,16.84,666.00,13.97,06-04-23-07-28-25-297
88.28,16.73,666.00,13.84,06-04-23-07-28-25-333
88.26,16.60,666.00,13.79,06-04-23-07-28-25-370
88.25,16.50,666.00,13.73,06-04-23-07-28-25-399
88.23,16.40,666.00,13.66,06-04-23-07-28-25-433
88.21,16.31,666.00,13.60,06-04-23-07-28-25-469
88.19,16.22,666.00,13.51,06-04-23-07-28-25-500
88.15,16.12,666.00,13.42,06-04-23-07-28-25-537
88.09,16.00,666.00,13.22,06-04-23-07-28-25-572
88.06,15.91,666.00,13.04,06-04-23-07-28-25-601
88.06,15.83,666.00,12.48,06-04-23-07-28-25-635
88.09,15.76,666.00,11.54,06-04-23-07-28-25-665
88.12,15.71,666.00,10.46,06-04-23-07-28-25-701
88.18,15.66,666.00,8.48,06-04-23-07-28-25-734
88.73,15.50,666.00,7.70,06-04-23-07-28-25-767
89.34,15.22,666.00,8.95,06-04-23-07-28-25-796
89.85,15.02,666.00,11.82,06-04-23-07-28-25-831
90.31,14.84,666.00,13.74,06-04-23-07-28-25-867
90.72,14.67,666.00,17.86,06-04-23-07-28-25-902
91.53,14.47,666.00,19.44,06-04-23-07-28-25-933
92.20,14.32,666.00,20.72,06-04-23-07-28-25-968
92.79,14.23,666.00,22.12,06-04-23-07-28-25-998
93.28,14.18,666.00,23.64,06-04-23-07-28-26-034
93.72,14.18,666.00,25.64,06-04-23-07-28-26-067
94.31,14.18,666.00,26.87,06-04-23-07-28-26-098
100.32,14.04,666.00,24.93,06-04-23-07-28-26-134
101.12,13.89,666.00,26.91,06-04-23-07-28-26-169
103.63,14.81,-45.35,31.69,06-04-23-07-28-26-203
104.85,15.26,-45.69,33.75,06-04-23-07-28-26-234
105.55,15.55,-45.89,34.92,06-04-23-07-28-26-264
105.51,15.60,-46.95,36.17,06-04-23-07-28-26-299
105.31,15.75,-46.95,38.20,06-04-23-07-28-26-335
104.97,15.95,-46.53,40.66,06-04-23-07-28-26-364
104.67,16.18,-45.53,43.72,06-04-23-07-28-26-400
104.38,16.46,-44.23,46.44,06-04-23-07-28-26-437
104.09,16.72,-42.77,49.64,06-04-23-07-28-26-465
103.83,16.96,-41.42,52.45,06-04-23-07-28-26-496
103.70,17.14,-40.61,54.76,06-04-23-07-28-26-535
103.60,17.33,-39.90,56.56,06-04-23-07-28-26-565
103.49,17.53,-39.64,59.01,06-04-23-07-28-26-597
103.41,17.72,-39.09,60.55,06-04-23-07-28-26-635
103.34,17.87,-38.48,62.73,06-04-23-07-28-26-669
103.28,18.04,-37.95,63.98,06-04-23-07-28-26-698
103.23,18.17,-37.40,64.97,06-04-23-07-28-26-735
103.19,18.29,-36.95,65.70,06-04-23-07-28-26-769
103.14,18.39,-36.55,66.10,06-04-23-07-28-26-796
103.11,18.47,-36.16,66.43,06-04-23-07-28-26-834
103.09,18.53,-35.91,66.62,06-04-23-07-28-26-867
103.08,18.56,-35.80,66.58,06-04-23-07-28-26-900
103.09,18.55,-35.77,65.88,06-04-23-07-28-26-935
103.12,18.51,-35.78,64.15,06-04-23-07-28-26-964
103.19,18.44,-36.01,61.17,06-04-23-07-28-26-998
103.26,18.37,-36.12,57.67,06-04-23-07-28-27-033
103.36,18.30,-36.20,52.33,06-04-23-07-28-27-073
103.44,18.24,-36.52,48.49,06-04-23-07-28-27-099
103.52,18.17,-36.83,44.61,06-04-23-07-28-27-134
103.56,18.09,-35.81,37.75,06-04-23-07-28-27-165
103.57,18.01,-35.56,34.18,06-04-23-07-28-27-198
103.54,17.92,-35.26,31.43,06-04-23-07-28-27-235
103.08,18.10,666.00,29.25,06-04-23-07-28-27-274
102.92,18.08,666.00,26.53,06-04-23-07-28-27-299
102.74,18.04,666.00,17.74,06-04-23-07-28-27-334
102.23,17.45,666.00,16.18,06-04-23-07-28-27-363
101.91,17.20,666.00,14.51,06-04-23-07-28-27-396
101.66,17.05,666.00,12.94,06-04-23-07-28-27-434
100.40,17.61,666.00,12.60,06-04-23-07-28-27-466
99.49,17.98,666.00,10.44,06-04-23-07-28-27-497
98.82,18.18,666.00,9.37,06-04-23-07-28-27-535
98.34,18.26,666.00,8.67,06-04-23-07-28-27-568
97.98,18.26,666.00,8.25,06-04-23-07-28-27-599
96.76,18.19,666.00,9.91,06-04-23-07-28-27-633
96.38,18.37,666.00,9.75,06-04-23-07-28-27-672
95.70,18.41,666.00,10.37,06-04-23-07-28-27-697
95.24,18.44,666.00,10.55,06-04-23-07-28-27-734
94.89,18.37,666.00,10.77,06-04-23-07-28-27-769
94.61,18.17,666.00,10.69,06-04-23-07-28-27-802
94.38,17.95,666.00,10.49,06-04-23-07-28-27-837
94.15,17.68,666.00,10.44,06-04-23-07-28-27-866
91.45,17.20,666.00,10.71,06-04-23-07-28-27-899
90.71,17.21,666.00,10.95,06-04-23-07-28-27-934
90.26,17.16,666.00,11.23,06-04-23-07-28-27-966
89.98,17.05,666.00,11.60,06-04-23-07-28-27-998
89.79,16.91,666.00,12.05,06-04-23-07-28-28-033
89.63,16.75,666.00,12.43,06-04-23-07-28-28-068
89.68,16.57,666.00,12.85,06-04-23-07-28-28-099
89.74,16.39,666.00,13.14,06-04-23-07-28-28-133
89.82,16.21,666.00,13.32,06-04-23-07-28-28-170
89.87,16.05,666.00,13.40,06-04-23-07-28-28-199
90.01,15.90,666.00,13.52,06-04-23-07-28-28-234
90.12,15.77,666.00,13.55,06-04-23-07-28-28-269
90.21,15.66,666.00,13.42,06-04-23-07-28-28-301
90.27,15.57,666.00,13.16,06-04-23-07-28-28-335
89.98,15.25,666.00,12.47,06-04-23-07-28-28-368
89.99,14.94,666.00,10.23,06-04-23-07-28-28-399
90.01,14.65,666.00,8.43,06-04-23-07-28-28-434
90.08,14.40,666.00,7.12,06-04-23-07-28-28-466
90.15,14.19,666.00,5.93,06-04-23-07-28-28-501
90.24,14.04,666.00,5.03,06-04-23-07-28-28-534
90.33,13.92,666.00,4.57,06-04-23-07-28-28-566
90.43,13.84,666.00,4.71,06-04-23-07-28-28-599
90.55,13.79,666.00,5.27,06-04-23-07-28-28-637
90.66,13.76,666.00,6.25,06-04-23-07-28-28-666
90.76,13.73,666.00,7.44,06-04-23-07-28-28-701
92.27,13.44,666.00,9.17,06-04-23-07-28-28-735
92.95,13.38,666.00,9.93,06-04-23-07-28-28-768
93.48,13.38,666.00,10.80,06-04-23-07-28-28-797
93.96,13.37,666.00,11.98,06-04-23-07-28-28-834
94.29,13.38,666.00,13.22,06-04-23-07-28-28-872
94.55,13.42,666.00,14.59,06-04-23-07-28-28-902
94.73,13.49,666.00,22.88,06-04-23-07-28-28-935
94.99,13.52,666.00,25.55,06-04-23-07-28-28-965
95.50,13.58,666.00,26.43,06-04-23-07-28-28-997
95.98,13.59,666.00,27.38,06-04-23-07-28-29-034
96.70,13.53,666.00,27.71,06-04-23-07-28-29-068
96.97,13.17,666.00,28.74,06-04-23-07-28-29-097
97.13,12.95,666.00,29.98,06-04-23-07-28-29-136
99.71,13.12,-37.80,31.01,06-04-23-07-28-29-167
99.89,12.74,-41.28,32.46,06-04-23-07-28-29-200
99.82,12.48,-42.75,34.80,06-04-23-07-28-29-239
100.86,12.51,-45.41,36.14,06-04-23-07-28-29-269
100.56,12.20,-46.31,38.35,06-04-23-07-28-29-300
100.30,12.03,-46.30,40.74,06-04-23-07-28-29-335
100.02,11.94,-44.95,45.47,06-04-23-07-28-29-367
99.79,11.87,-43.95,49.21,06-04-23-07-28-29-397
99.63,11.83,-42.88,53.10,06-04-23-07-28-29-433
99.55,11.81,-42.17,56.10,06-04-23-07-28-29-467
99.53,11.75,-41.85,58.92,06-04-23-07-28-29-501
99.51,11.71,-41.51,61.71,06-04-23-07-28-29-534
99.53,11.64,-41.71,63.68,06-04-23-07-28-29-566
99.58,11.59,-42.07,64.93,06-04-23-07-28-29-601
99.61,11.57,-42.36,68.06,06-04-23-07-28-29-634
99.64,11.56,-42.57,69.12,06-04-23-07-28-29-670
99.65,11.55,-42.78,69.86,06-04-23-07-28-29-697
99.63,11.60,-42.77,70.39,06-04-23-07-28-29-734
99.67,11.59,-43.03,70.67,06-04-23-07-28-29-767
99.71,11.58,-43.23,70.76,06-04-23-07-28-29-797
99.79,11.52,-43.74,70.46,06-04-23-07-28-29-835
99.87,11.44,-44.24,69.82,06-04-23-07-28-29-866
99.92,11.40,-44.32,68.26,06-04-23-07-28-29-901
99.96,11.37,-44.32,65.59,06-04-23-07-28-29-937
99.99,11.35,-44.48,62.42,06-04-23-07-28-29-967
100.00,11.37,-44.60,57.49,06-04-23-07-28-29-999
100.12,11.43,-45.25,53.49,06-04-23-07-28-30-035
100.20,11.49,-45.89,50.14,06-04-23-07-28-30-068
100.19,11.57,-46.33,46.17,06-04-23-07-28-30-099
100.13,11.64,-46.80,43.12,06-04-23-07-28-30-133
100.02,11.69,-46.99,41.00,06-04-23-07-28-30-165
99.89,11.73,-46.85,39.36,06-04-23-07-28-30-198
99.82,11.71,-47.23,37.83,06-04-23-07-28-30-234
98.33,12.81,-37.14,38.24,06-04-23-07-28-30-265
98.01,13.24,-34.11,36.75,06-04-23-07-28-30-300
100.69,14.55,-34.73,32.79,06-04-23-07-28-30-336
101.73,14.97,666.00,27.20,06-04-23-07-28-30-368
102.19,15.08,666.00,21.49,06-04-23-07-28-30-399
102.38,15.05,666.00,18.75,06-04-23-07-28-30-435
102.41,14.95,666.00,16.25,06-04-23-07-28-30-467
102.35,14.78,666.00,10.07,06-04-23-07-28-30-502
102.20,14.60,666.00,8.06,06-04-23-07-28-30-535
101.97,14.39,666.00,7.19,06-04-23-07-28-30-569
101.66,14.19,666.00,6.85,06-04-23-07-28-30-600
101.28,14.01,666.00,6.64,06-04-23-07-28-30-633
100.82,13.89,666.00,6.33,06-04-23-07-28-30-672
100.30,13.83,666.00,5.76,06-04-23-07-28-30-699
99.72,13.86,666.00,4.28,06-04-23-07-28-30-735
98.35,16.00,666.00,3.77,06-04-23-07-28-30-767
97.50,16.81,666.00,6.73,06-04-23-07-28-30-800
96.93,17.12,666.00,13.80,06-04-23-07-28-30-835
96.51,17.22,666.00,15.75,06-04-23-07-28-30-864
96.17,17.24,666.00,16.98,06-04-23-07-28-30-901
95.81,17.16,666.00,17.30,06-04-23-07-28-30-934
95.44,16.97,666.00,17.20,06-04-23-07-28-30-968
94.99,16.66,666.00,16.84,06-04-23-07-28-31-000
94.52,16.26,666.00,16.12,06-04-23-07-28-31-034
91.30,14.37,666.00,9.78,06-04-23-07-28-31-065
90.57,13.71,666.00,7.48,06-04-23-07-28-31-099
90.49,13.27,666.00,6.44,06-04-23-07-28-31-134
90.60,12.93,666.00,6.14,06-04-23-07-28-31-168
90.81,12.67,666.00,6.31,06-04-23-07-28-31-200
90.80,11.66,666.00,5.64,06-04-23-07-28-31-234
91.02,11.12,666.00,5.56,06-04-23-07-28-31-266
91.36,10.90,666.00,4.97,06-04-23-07-28-31-303
92.08,11.26,666.00,5.18,06-04-23-07-28-31-336
92.61,11.53,666.00,5.42,06-04-23-07-28-31-368
92.98,11.69,666.00,5.49,06-04-23-07-28-31-399
93.24,11.82,666.00,5.50,06-04-23-07-28-31-436
93.45,11.90,666.00,5.36,06-04-23-07-28-31-467
94.18,12.84,666.00,7.51,06-04-23-07-28-31-500
94.62,13.31,666.00,8.50,06-04-23-07-28-31-534
94.91,13.52,666.00,9.20,06-04-23-07-28-31-568
95.14,13.66,666.00,10.19,06-04-23-07-28-31-600
96.41,13.39,666.00,8.20,06-04-23-07-28-31-633
97.16,13.16,666.00,6.93,06-04-23-07-28-31-665
97.48,12.73,666.00,7.39,06-04-23-07-28-31-702
97.72,12.44,666.00,8.53,06-04-23-07-28-31-735
97.89,12.26,666.00,9.90,06-04-23-07-28-31-767
98.01,12.14,666.00,11.63,06-04-23-07-28-31-801
98.16,12.05,666.00,14.13,06-04-23-07-28-31-835
98.78,12.32,666.00,14.08,06-04-23-07-28-31-867
99.61,11.98,666.00,20.67,06-04-23-07-28-31-901
100.28,11.74,666.00,23.01,06-04-23-07-28-31-935
100.86,11.61,666.00,24.38,06-04-23-07-28-31-970
100.19,11.79,666.00,29.92,06-04-23-07-28-31-999
100.01,11.67,-47.41,31.73,06-04-23-07-28-32-034
99.74,11.74,-46.84,33.06,06-04-23-07-28-32-070
99.39,11.89,-45.46,34.30,06-04-23-07-28-32-104
99.07,12.13,-43.51,35.43,06-04-23-07-28-32-136
98.87,12.36,-41.88,36.40,06-04-23-07-28-32-168
98.79,12.37,-41.92,37.52,06-04-23-07-28-32-200
98.76,12.39,-41.68,38.98,06-04-23-07-28-32-236
98.77,12.49,-41.06,41.13,06-04-23-07-28-32-268
98.88,12.53,-41.09,44.01,06-04-23-07-28-32-304
99.07,12.56,-41.17,46.91,06-04-23-07-28-32-339
99.27,12.59,-41.66,49.50,06-04-23-07-28-32-368
99.48,12.60,-42.32,51.47,06-04-23-07-28-32-401
99.66,12.69,-42.86,53.20,06-04-23-07-28-32-433
99.84,12.80,-43.12,55.10,06-04-23-07-28-32-464
99.98,12.95,-43.37,57.28,06-04-23-07-28-32-499
100.16,13.04,-43.41,64.83,06-04-23-07-28-32-535
100.31,13.17,-43.55,67.72,06-04-23-07-28-32-570
100.58,13.23,-44.52,67.44,06-04-23-07-28-32-602
100.82,13.34,-45.05,68.30,06-04-23-07-28-32-633
101.02,13.49,-45.36,68.62,06-04-23-07-28-32-669
101.20,13.65,-45.64,68.55,06-04-23-07-28-32-704
101.33,13.83,-46.09,66.96,06-04-23-07-28-32-734
101.43,14.00,-46.37,65.59,06-04-23-07-28-32-770
101.51,14.15,-46.27,64.39,06-04-23-07-28-32-799
101.57,14.29,-45.87,63.35,06-04-23-07-28-32-836
101.61,14.43,-45.41,62.51,06-04-23-07-28-32-867
101.63,14.55,-44.83,61.58,06-04-23-07-28-32-898
101.65,14.66,-44.16,60.53,06-04-23-07-28-32-933
101.66,14.76,-43.40,58.86,06-04-23-07-28-32-965
101.68,14.85,-42.78,56.71,06-04-23-07-28-32-997
101.80,14.88,-42.10,51.88,06-04-23-07-28-33-035
101.89,14.92,-42.02,48.69,06-04-23-07-28-33-068
101.95,14.96,-42.08,45.88,06-04-23-07-28-33-100
101.99,15.01,-43.47,40.09,06-04-23-07-28-33-136
102.01,15.06,-44.07,36.94,06-04-23-07-28-33-166
102.01,15.15,-44.38,34.69,06-04-23-07-28-33-199
102.00,15.21,-44.69,32.82,06-04-23-07-28-33-236
101.23,15.75,-40.50,32.15,06-04-23-07-28-33-263
100.79,16.06,-38.37,30.54,06-04-23-07-28-33-301
102.44,16.88,666.00,24.92,06-04-23-07-28-33-336
102.35,17.27,666.00,21.99,06-04-23-07-28-33-367
102.27,17.45,666.00,20.28,06-04-23-07-28-33-397
101.93,18.05,666.00,10.68,06-04-23-07-28-33-435
101.52,17.98,666.00,7.64,06-04-23-07-28-33-467
101.19,17.85,666.00,6.51,06-04-23-07-28-33-499
100.88,17.75,666.00,5.26,06-04-23-07-28-33-533
100.73,17.49,666.00,4.27,06-04-23-07-28-33-566
100.44,17.19,666.00,3.78,06-04-23-07-28-33-596
100.11,16.93,666.00,2.42,06-04-23-07-28-33-637
99.79,16.68,666.00,5.34,06-04-23-07-28-33-668
99.40,16.51,666.00,14.37,06-04-23-07-28-33-701
97.84,17.71,666.00,16.57,06-04-23-07-28-33-736
96.89,18.29,666.00,17.22,06-04-23-07-28-33-769
96.10,18.41,666.00,17.38,06-04-23-07-28-33-798
95.55,18.40,666.00,17.58,06-04-23-07-28-33-835
95.07,18.28,666.00,17.49,06-04-23-07-28-33-870
94.72,18.08,666.00,18.26,06-04-23-07-28-33-903
91.88,16.59,666.00,14.56,06-04-23-07-28-33-932
91.52,16.24,666.00,13.79,06-04-23-07-28-33-969
91.35,15.96,666.00,13.07,06-04-23-07-28-34-000
90.71,15.37,666.00,11.78,06-04-23-07-28-34-035
90.44,15.00,666.00,11.17,06-04-23-07-28-34-067
90.33,14.73,666.00,10.86,06-04-23-07-28-34-100
91.03,14.66,666.00,10.35,06-04-23-07-28-34-134
91.53,14.66,666.00,10.21,06-04-23-07-28-34-167
91.49,14.47,666.00,10.38,06-04-23-07-28-34-200
91.44,14.31,666.00,10.60,06-04-23-07-28-34-234
91.81,14.22,666.00,10.40,06-04-23-07-28-34-267
91.70,14.03,666.00,10.55,06-04-23-07-28-34-301
91.62,13.90,666.00,10.68,06-04-23-07-28-34-334
91.66,13.74,666.00,9.84,06-04-23-07-28-34-367
91.20,13.56,666.00,9.97,06-04-23-07-28-34-401
90.98,13.45,666.00,10.02,06-04-23-07-28-34-434
90.94,13.41,666.00,9.72,06-04-23-07-28-34-465
90.93,13.41,666.00,9.28,06-04-23-07-28-34-501
91.13,13.50,666.00,8.29,06-04-23-07-28-34-534
91.34,13.34,666.00,7.34,06-04-23-07-28-34-564
91.52,13.24,666.00,6.61,06-04-23-07-28-34-599
91.70,13.27,666.00,6.19,06-04-23-07-28-34-634
91.94,13.28,666.00,6.24,06-04-23-07-28-34-667
92.23,13.29,666.00,7.76,06-04-23-07-28-34-700
92.65,13.28,666.00,10.44,06-04-23-07-28-34-735
92.97,13.36,666.00,13.77,06-04-23-07-28-34-765
93.43,13.48,666.00,16.45,06-04-23-07-28-34-798
93.86,13.61,666.00,19.44,06-04-23-07-28-34-834
94.37,13.72,666.00,22.22,06-04-23-07-28-34-863
95.29,13.67,666.00,27.42,06-04-23-07-28-34-898
96.28,13.66,-35.01,30.68,06-04-23-07-28-34-936
98.30,13.84,-40.78,34.38,06-04-23-07-28-34-966
99.79,14.11,-44.26,34.97,06-04-23-07-28-35-001
100.75,14.33,-46.36,35.71,06-04-23-07-28-35-035
96.98,13.59,-37.65,43.55,06-04-23-07-28-35-067
94.81,12.39,-34.00,48.47,06-04-23-07-28-35-101
94.06,12.48,-30.65,50.59,06-04-23-07-28-35-135
93.62,12.84,-27.85,52.23,06-04-23-07-28-35-172
94.61,13.90,-29.10,51.96,06-04-23-07-28-35-200
96.24,15.01,-32.28,51.38,06-04-23-07-28-35-236
98.11,16.15,-35.23,50.26,06-04-23-07-28-35-267
99.59,17.01,-37.12,50.12,06-04-23-07-28-35-301
100.66,17.58,-38.53,50.60,06-04-23-07-28-35-334
101.46,17.99,-39.66,51.34,06-04-23-07-28-35-365
102.03,18.27,-40.52,52.37,06-04-23-07-28-35-400
102.43,18.45,-41.17,53.53,06-04-23-07-28-35-434
102.70,18.57,-41.59,54.82,06-04-23-07-28-35-467
102.88,18.65,-42.14,56.34,06-04-23-07-28-35-505
103.01,18.70,-42.58,57.35,06-04-23-07-28-35-534
103.08,18.72,-43.11,58.97,06-04-23-07-28-35-571
103.13,18.74,-43.32,61.35,06-04-23-07-28-35-598
103.15,18.74,-43.63,62.22,06-04-23-07-28-35-632
103.14,18.75,-43.61,63.80,06-04-23-07-28-35-666
103.13,18.76,-43.53,64.83,06-04-23-07-28-35-698
103.10,18.77,-43.43,65.55,06-04-23-07-28-35-733
103.07,18.78,-43.26,66.20,06-04-23-07-28-35-770
103.03,18.79,-43.05,66.81,06-04-23-07-28-35-799
102.99,18.80,-42.79,67.40,06-04-23-07-28-35-834
102.94,18.83,-42.46,68.04,06-04-23-07-28-35-870
102.88,18.87,-42.10,68.70,06-04-23-07-28-35-898
102.80,18.91,-41.72,69.36,06-04-23-07-28-35-934
102.72,18.92,-41.40,69.97,06-04-23-07-28-35-965
102.63,18.94,-41.10,70.48,06-04-23-07-28-35-997
102.54,18.96,-40.80,70.89,06-04-23-07-28-36-032
102.45,19.00,-40.50,71.22,06-04-23-07-28-36-067
102.37,19.04,-40.22,71.49,06-04-23-07-28-36-098
102.28,19.06,-39.98,71.71,06-04-23-07-28-36-134
102.20,19.09,-39.74,71.89,06-04-23-07-28-36-167
102.13,19.11,-39.53,72.04,06-04-23-07-28-36-200
102.06,19.12,-39.34,72.14,06-04-23-07-28-36-231
102.00,19.14,-39.17,72.21,06-04-23-07-28-36-266
101.94,19.15,-39.01,72.20,06-04-23-07-28-36-297
101.89,19.16,-38.86,72.11,06-04-23-07-28-36-337
101.85,19.16,-38.70,71.92,06-04-23-07-28-36-369
101.81,19.16,-38.55,71.61,06-04-23-07-28-36-399
101.77,19.15,-38.43,71.25,06-04-23-07-28-36-434
101.73,19.12,-38.26,70.16,06-04-23-07-28-36-465
101.70,19.08,-38.24,68.87,06-04-23-07-28-36-501
101.74,18.97,-38.63,67.51,06-04-23-07-28-36-536
101.82,18.82,-39.09,65.93,06-04-23-07-28-36-565
101.91,18.66,-39.50,64.21,06-04-23-07-28-36-601
102.09,18.49,-40.00,61.67,06-04-23-07-28-36-634
102.32,18.33,-40.51,58.57,06-04-23-07-28-36-665
102.51,18.20,-40.61,54.10,06-04-23-07-28-36-698
102.76,18.11,-40.47,49.73,06-04-23-07-28-36-742
102.95,18.00,-40.59,45.52,06-04-23-07-28-36-766
103.08,17.87,-40.49,41.10,06-04-23-07-28-36-799
103.16,17.73,-40.03,36.04,06-04-23-07-28-36-841
103.19,17.60,-39.87,32.62,06-04-23-07-28-36-869
103.10,17.43,666.00,29.42,06-04-23-07-28-36-900
102.96,17.25,666.00,26.79,06-04-23-07-28-36-942
103.32,16.52,666.00,21.80,06-04-23-07-28-36-966
103.38,16.49,666.00,18.38,06-04-23-07-28-36-997
102.81,16.36,666.00,17.68,06-04-23-07-28-37-034
102.38,16.23,666.00,12.66,06-04-23-07-28-37-071
102.06,16.13,666.00,9.88,06-04-23-07-28-37-100
101.77,16.02,666.00,7.92,06-04-23-07-28-37-135
101.48,15.92,666.00,5.16,06-04-23-07-28-37-166
101.14,15.82,666.00,4.63,06-04-23-07-28-37-203
100.69,15.68,666.00,4.52,06-04-23-07-28-37-235
100.20,15.52,666.00,4.50,06-04-23-07-28-37-266
99.68,15.39,666.00,5.20,06-04-23-07-28-37-299
99.18,15.27,666.00,6.07,06-04-23-07-28-37-336
98.59,15.14,666.00,7.55,06-04-23-07-28-37-370
97.96,15.03,666.00,8.80,06-04-23-07-28-37-400
97.37,14.91,666.00,9.60,06-04-23-07-28-37-434
95.47,15.16,666.00,8.87,06-04-23-07-28-37-473
94.59,15.22,666.00,8.90,06-04-23-07-28-37-499
94.00,14.71,666.00,8.71,06-04-23-07-28-37-534
93.70,14.19,666.00,9.53,06-04-23-07-28-37-569
93.52,13.77,666.00,10.03,06-04-23-07-28-37-602
93.54,13.46,666.00,10.31,06-04-23-07-28-37-635
93.41,12.96,666.00,8.75,06-04-23-07-28-37-668
93.34,12.64,666.00,7.49,06-04-23-07-28-37-701
93.07,12.68,666.00,7.91,06-04-23-07-28-37-737
92.80,12.74,666.00,7.59,06-04-23-07-28-37-767
92.56,12.83,666.00,7.83,06-04-23-07-28-37-800
91.67,12.85,666.00,6.86,06-04-23-07-28-37-834
91.17,12.91,666.00,6.52,06-04-23-07-28-37-866
90.78,13.00,666.00,6.20,06-04-23-07-28-37-898
90.27,13.09,666.00,6.23,06-04-23-07-28-37-937
87.86,12.91,666.00,6.10,06-04-23-07-28-37-967
82.12,12.75,666.00,5.80,06-04-23-07-28-38-002
79.88,12.84,666.00,6.47,06-04-23-07-28-38-033
75.29,13.26,666.00,7.80,06-04-23-07-28-38-075
72.71,13.63,666.00,7.05,06-04-23-07-28-38-100
69.85,13.78,666.00,6.12,06-04-23-07-28-38-135
65.52,13.83,666.00,4.94,06-04-23-07-28-38-167
59.65,13.73,666.00,4.63,06-04-23-07-28-38-198
54.25,13.60,666.00,4.03,06-04-23-07-28-38-234
48.40,13.17,666.00,6.22,06-04-23-07-28-38-266
44.40,13.08,666.00,3.73,06-04-23-07-28-38-301
40.64,13.55,666.00,5.34,06-04-23-07-28-38-334
37.47,14.16,666.00,2.04,06-04-23-07-28-38-368
33.75,14.83,666.00,2.19,06-04-23-07-28-38-399
30.56,17.27,666.00,3.07,06-04-23-07-28-38-435
27.92,19.21,666.00,3.17,06-04-23-07-28-38-466
25.36,20.40,666.00,4.22,06-04-23-07-28-38-500
21.44,20.31,666.00,6.63,06-04-23-07-28-38-536
18.89,20.28,666.00,8.67,06-04-23-07-28-38-563
17.84,20.20,666.00,9.79,06-04-23-07-28-38-599
16.97,20.39,666.00,10.48,06-04-23-07-28-38-895
13.25,21.20,666.00,15.49,06-04-23-07-28-38-919
11.25,21.29,666.00,19.61,06-04-23-07-28-38-935
9.93,21.06,666.00,20.77,06-04-23-07-28-38-966
8.98,21.09,666.00,21.18,06-04-23-07-28-38-998
8.40,21.56,666.00,20.58,06-04-23-07-28-39-035
8.10,22.30,666.00,19.46,06-04-23-07-28-39-069
8.00,23.06,666.00,18.41,06-04-23-07-28-39-099
8.01,23.75,666.00,17.58,06-04-23-07-28-39-137
8.04,24.43,666.00,16.92,06-04-23-07-28-39-166
8.14,24.89,666.00,16.38,06-04-23-07-28-39-200
8.24,25.12,666.00,15.99,06-04-23-07-28-39-236
8.35,25.22,666.00,15.68,06-04-23-07-28-39-265
8.43,25.22,666.00,15.46,06-04-23-07-28-39-305
8.50,25.10,666.00,15.32,06-04-23-07-28-39-335
8.50,24.96,666.00,15.22,06-04-23-07-28-39-367
8.45,24.86,666.00,15.13,06-04-23-07-28-39-398
8.32,24.82,666.00,15.07,06-04-23-07-28-39-435
8.12,24.77,666.00,15.02,06-04-23-07-28-39-470
7.99,24.63,666.00,14.96,06-04-23-07-28-39-498
7.86,24.20,666.00,14.91,06-04-23-07-28-39-536
