11.35,10.26,-5.00,33.81,22-05-23-08-00-17-678
11.33,10.13,-4.96,33.84,22-05-23-08-00-17-712
11.31,9.97,-4.92,33.87,22-05-23-08-00-17-742
11.30,9.82,-4.86,33.90,22-05-23-08-00-17-778
11.28,9.66,-4.81,33.93,22-05-23-08-00-17-808
11.26,9.49,-4.74,33.97,22-05-23-08-00-17-843
11.23,9.34,-4.66,33.99,22-05-23-08-00-17-877
11.21,9.21,-4.57,34.01,22-05-23-08-00-17-914
11.19,9.05,-4.47,34.04,22-05-23-08-00-17-942
11.19,8.79,-3.95,34.00,22-05-23-08-00-17-977
11.22,8.53,-1.08,33.91,22-05-23-08-00-18-011
11.34,8.27,5.47,34.01,22-05-23-08-00-18-042
12.00,7.55,18.40,35.70,22-05-23-08-00-18-075
14.81,7.16,25.77,36.35,22-05-23-08-00-18-110
18.62,7.47,30.67,36.39,22-05-23-08-00-18-144
23.88,7.74,31.23,34.16,22-05-23-08-00-18-177
29.84,8.10,33.85,32.26,22-05-23-08-00-18-210
35.10,8.18,37.55,30.11,22-05-23-08-00-18-244
39.83,7.69,666.00,29.37,22-05-23-08-00-18-277
45.40,6.91,666.00,25.43,22-05-23-08-00-18-309
50.30,6.23,666.00,23.36,22-05-23-08-00-18-344
53.89,5.84,666.00,23.13,22-05-23-08-00-18-378
57.56,5.54,666.00,20.98,22-05-23-08-00-18-411
60.77,5.57,666.00,19.18,22-05-23-08-00-18-443
64.47,5.35,666.00,15.87,22-05-23-08-00-18-479
67.22,5.11,666.00,14.28,22-05-23-08-00-18-510
69.59,4.90,666.00,12.23,22-05-23-08-00-18-542
71.73,4.68,666.00,10.09,22-05-23-08-00-18-578
73.60,4.59,666.00,12.33,22-05-23-08-00-18-610
75.25,4.58,666.00,11.57,22-05-23-08-00-18-642
77.45,4.15,666.00,9.19,22-05-23-08-00-18-679
79.27,4.03,666.00,7.48,22-05-23-08-00-18-710
80.38,3.89,666.00,7.32,22-05-23-08-00-18-742
81.33,4.13,666.00,7.97,22-05-23-08-00-18-781
81.82,4.40,666.00,8.19,22-05-23-08-00-18-811
82.01,4.69,666.00,8.68,22-05-23-08-00-18-843
81.97,5.02,666.00,8.86,22-05-23-08-00-18-878
81.78,5.30,666.00,8.75,22-05-23-08-00-18-912
81.32,5.54,666.00,8.17,22-05-23-08-00-18-941
80.66,5.83,666.00,7.41,22-05-23-08-00-18-979
79.83,6.13,666.00,6.30,22-05-23-08-00-19-013
78.50,6.39,666.00,6.54,22-05-23-08-00-19-045
76.30,6.53,666.00,15.58,22-05-23-08-00-19-079
75.12,6.59,86.90,33.35,22-05-23-08-00-19-107
73.54,6.75,84.52,44.00,22-05-23-08-00-19-143
73.14,6.71,85.03,53.59,22-05-23-08-00-19-178
72.89,6.63,82.68,61.08,22-05-23-08-00-19-212
72.78,6.51,81.89,65.05,22-05-23-08-00-19-241
72.80,6.38,78.30,74.94,22-05-23-08-00-19-276
72.82,6.18,77.94,78.34,22-05-23-08-00-19-310
72.88,6.04,78.01,83.56,22-05-23-08-00-19-344
72.91,5.91,78.07,86.08,22-05-23-08-00-19-377
73.39,5.62,77.45,92.88,22-05-23-08-00-19-410
73.62,5.38,77.45,95.63,22-05-23-08-00-19-441
73.87,5.19,79.28,102.13,22-05-23-08-00-19-477
74.24,5.02,79.97,105.73,22-05-23-08-00-19-511
75.66,4.77,79.53,113.29,22-05-23-08-00-19-542
77.58,4.53,78.33,116.84,22-05-23-08-00-19-575
79.25,4.32,77.53,121.30,22-05-23-08-00-19-610
81.18,4.25,75.87,130.40,22-05-23-08-00-19-645
83.45,4.68,67.16,133.04,22-05-23-08-00-19-676
85.77,5.25,52.07,134.16,22-05-23-08-00-19-710
87.56,5.71,36.61,134.73,22-05-23-08-00-19-741
88.90,6.04,23.67,134.92,22-05-23-08-00-19-778
89.81,6.27,14.97,135.10,22-05-23-08-00-19-809
90.43,6.42,9.34,135.22,22-05-23-08-00-19-843
90.88,6.53,4.89,134.60,22-05-23-08-00-19-878
91.22,6.61,-2.11,130.90,22-05-23-08-00-19-912
91.32,6.68,-3.65,128.22,22-05-23-08-00-19-942
91.07,6.72,-1.59,119.45,22-05-23-08-00-19-977
90.42,6.65,3.38,113.25,22-05-23-08-00-20-011
84.69,6.11,43.95,105.40,22-05-23-08-00-20-042
79.61,5.61,59.82,95.34,22-05-23-08-00-20-075
76.70,5.33,64.54,87.35,22-05-23-08-00-20-111
75.01,5.17,67.51,75.02,22-05-23-08-00-20-141
74.00,5.08,67.90,68.54,22-05-23-08-00-20-177
73.30,5.03,68.08,62.47,22-05-23-08-00-20-207
72.89,5.03,67.57,58.42,22-05-23-08-00-20-241
72.72,5.10,67.15,51.12,22-05-23-08-00-20-277
72.80,5.27,66.26,45.70,22-05-23-08-00-20-310
73.11,5.56,65.39,40.17,22-05-23-08-00-20-341
74.48,6.28,63.23,34.23,22-05-23-08-00-20-377
75.66,6.96,666.00,26.33,22-05-23-08-00-20-409
76.48,7.42,666.00,21.19,22-05-23-08-00-20-449
77.16,7.70,666.00,17.27,22-05-23-08-00-20-477
77.62,7.84,666.00,14.57,22-05-23-08-00-20-509
77.92,7.94,666.00,11.13,22-05-23-08-00-20-543
78.13,8.01,666.00,8.39,22-05-23-08-00-20-578
78.25,8.06,666.00,5.95,22-05-23-08-00-20-612
78.28,8.09,666.00,5.35,22-05-23-08-00-20-642
78.20,8.08,666.00,5.36,22-05-23-08-00-20-678
78.02,8.06,666.00,16.46,22-05-23-08-00-20-711
77.84,8.05,666.00,22.13,22-05-23-08-00-20-745
77.67,8.05,666.00,13.95,22-05-23-08-00-20-777
77.51,8.06,666.00,10.75,22-05-23-08-00-20-812
77.38,8.08,666.00,17.62,22-05-23-08-00-20-843
77.26,8.09,666.00,13.32,22-05-23-08-00-20-877
77.16,8.12,666.00,11.00,22-05-23-08-00-20-910
77.07,8.14,666.00,9.56,22-05-23-08-00-20-943
76.98,8.15,666.00,8.79,22-05-23-08-00-20-978
76.89,8.14,666.00,8.45,22-05-23-08-00-21-010
76.80,8.13,666.00,10.36,22-05-23-08-00-21-042
76.73,8.14,666.00,12.22,22-05-23-08-00-21-078
76.66,8.15,666.00,14.08,22-05-23-08-00-21-109
76.43,8.38,666.00,17.43,22-05-23-08-00-21-140
75.81,8.28,666.00,23.56,22-05-23-08-00-21-178
75.33,8.15,71.11,32.12,22-05-23-08-00-21-209
75.28,8.07,72.86,39.22,22-05-23-08-00-21-244
75.29,7.97,68.32,51.80,22-05-23-08-00-21-278
75.46,7.83,66.96,58.22,22-05-23-08-00-21-309
75.76,7.68,66.45,61.27,22-05-23-08-00-21-343
76.38,7.43,66.63,69.88,22-05-23-08-00-21-377
77.34,7.03,66.14,72.09,22-05-23-08-00-21-408
78.31,6.61,65.20,75.13,22-05-23-08-00-21-444
79.05,6.25,64.41,78.18,22-05-23-08-00-21-477
79.80,5.92,62.33,85.85,22-05-23-08-00-21-515
80.33,5.67,62.67,96.55,22-05-23-08-00-21-544
80.78,5.45,62.72,100.48,22-05-23-08-00-21-577
81.42,5.22,61.24,104.45,22-05-23-08-00-21-609
82.46,4.98,59.39,107.03,22-05-23-08-00-21-643
83.67,4.80,56.38,109.04,22-05-23-08-00-21-677
84.98,4.57,52.27,115.32,22-05-23-08-00-21-711
86.27,4.44,45.81,119.37,22-05-23-08-00-21-741
87.58,4.42,36.20,129.18,22-05-23-08-00-21-778
88.87,4.47,23.76,135.03,22-05-23-08-00-21-808
89.94,4.54,11.19,136.99,22-05-23-08-00-21-843
90.63,4.58,3.16,138.13,22-05-23-08-00-21-876
91.17,4.62,-4.18,137.57,22-05-23-08-00-21-910
91.60,4.66,-11.27,134.99,22-05-23-08-00-21-944
91.96,4.71,-16.80,132.81,22-05-23-08-00-21-980
92.28,4.79,-21.16,130.75,22-05-23-08-00-22-012
92.54,4.89,-25.25,126.90,22-05-23-08-00-22-042
92.74,4.98,-28.10,121.19,22-05-23-08-00-22-075
92.82,5.08,-29.34,113.62,22-05-23-08-00-22-109
91.83,5.35,-22.31,101.11,22-05-23-08-00-22-143
88.20,5.84,12.46,95.35,22-05-23-08-00-22-176
84.57,5.93,33.73,86.58,22-05-23-08-00-22-212
81.63,6.07,44.15,83.86,22-05-23-08-00-22-241
79.87,6.14,48.30,78.99,22-05-23-08-00-22-277
78.80,6.19,50.52,73.28,22-05-23-08-00-22-312
78.08,6.28,52.14,67.44,22-05-23-08-00-22-341
77.56,6.39,53.55,57.98,22-05-23-08-00-22-376
77.21,6.53,54.94,51.97,22-05-23-08-00-22-410
76.98,6.67,54.74,45.46,22-05-23-08-00-22-443
76.87,6.83,54.68,41.10,22-05-23-08-00-22-482
76.87,7.09,54.15,34.82,22-05-23-08-00-22-509
76.94,7.37,53.41,30.69,22-05-23-08-00-22-543
77.65,8.03,666.00,23.77,22-05-23-08-00-22-580
78.15,8.52,666.00,18.63,22-05-23-08-00-22-610
78.44,9.08,666.00,13.44,22-05-23-08-00-22-640
78.64,9.51,666.00,11.81,22-05-23-08-00-22-679
78.74,9.81,666.00,10.95,22-05-23-08-00-22-712
78.77,10.04,666.00,8.89,22-05-23-08-00-22-745
78.73,10.20,666.00,8.59,22-05-23-08-00-22-778
78.64,10.33,666.00,9.68,22-05-23-08-00-22-812
78.53,10.44,666.00,10.57,22-05-23-08-00-22-842
78.37,10.53,666.00,11.07,22-05-23-08-00-22-874
78.21,10.59,666.00,11.26,22-05-23-08-00-22-909
78.04,10.65,666.00,11.18,22-05-23-08-00-22-945
77.86,10.69,666.00,10.88,22-05-23-08-00-22-977
77.62,10.73,666.00,10.35,22-05-23-08-00-23-010
77.37,10.77,666.00,9.72,22-05-23-08-00-23-042
77.12,10.81,666.00,9.16,22-05-23-08-00-23-077
76.88,10.84,666.00,10.60,22-05-23-08-00-23-112
76.66,10.86,666.00,11.09,22-05-23-08-00-23-148
76.48,10.88,666.00,10.61,22-05-23-08-00-23-176
76.33,10.91,666.00,9.93,22-05-23-08-00-23-212
76.20,10.92,666.00,9.73,22-05-23-08-00-23-246
76.08,10.94,666.00,10.48,22-05-23-08-00-23-276
75.98,10.94,666.00,12.04,22-05-23-08-00-23-308
74.95,10.91,666.00,17.93,22-05-23-08-00-23-342
74.28,10.87,666.00,26.08,22-05-23-08-00-23-376
73.92,10.80,64.07,34.23,22-05-23-08-00-23-412
73.68,10.73,60.77,44.27,22-05-23-08-00-23-444
73.74,10.62,60.77,54.17,22-05-23-08-00-23-476
73.95,10.49,60.26,58.76,22-05-23-08-00-23-510
80.60,11.32,42.53,66.74,22-05-23-08-00-23-542
82.09,11.62,35.70,72.03,22-05-23-08-00-23-577
83.08,11.80,30.57,75.49,22-05-23-08-00-23-609
83.73,11.89,24.61,82.15,22-05-23-08-00-23-641
84.19,11.96,20.58,87.01,22-05-23-08-00-23-676
84.64,12.02,18.24,96.89,22-05-23-08-00-23-709
85.19,12.15,15.56,102.09,22-05-23-08-00-23-745
85.85,12.30,15.30,109.52,22-05-23-08-00-23-779
86.62,12.53,12.49,113.62,22-05-23-08-00-23-808
87.66,12.84,8.24,117.43,22-05-23-08-00-23-842
88.56,13.17,4.01,120.73,22-05-23-08-00-23-874
89.73,13.65,-1.73,125.86,22-05-23-08-00-23-909
91.18,14.40,-7.44,128.07,22-05-23-08-00-23-946
92.70,15.34,-12.51,131.54,22-05-23-08-00-23-978
93.90,16.24,-15.81,132.86,22-05-23-08-00-24-011
94.73,16.93,-17.84,133.60,22-05-23-08-00-24-041
95.32,17.44,-18.99,133.62,22-05-23-08-00-24-077
95.76,17.80,-19.24,133.31,22-05-23-08-00-24-113
96.10,18.08,-19.96,131.94,22-05-23-08-00-24-143
96.34,18.32,-20.72,130.10,22-05-23-08-00-24-179
96.48,18.53,-21.39,124.37,22-05-23-08-00-24-212
96.38,18.65,-21.73,118.54,22-05-23-08-00-24-244
95.95,18.65,-21.11,110.37,22-05-23-08-00-24-276
94.76,18.37,-18.22,104.38,22-05-23-08-00-24-310
93.30,17.95,-15.52,92.09,22-05-23-08-00-24-344
91.10,17.22,-9.97,87.97,22-05-23-08-00-24-375
88.17,16.23,-0.94,83.08,22-05-23-08-00-24-410
86.21,15.59,5.63,77.63,22-05-23-08-00-24-444
84.85,15.14,10.47,69.96,22-05-23-08-00-24-476
83.90,14.85,14.12,64.40,22-05-23-08-00-24-511
83.21,14.65,16.96,58.96,22-05-23-08-00-24-542
82.68,14.53,19.99,51.05,22-05-23-08-00-24-575
82.30,14.47,22.92,45.59,22-05-23-08-00-24-610
82.01,14.48,23.82,41.00,22-05-23-08-00-24-645
81.82,14.63,24.43,37.41,22-05-23-08-00-24-676
81.62,14.75,666.00,28.32,22-05-23-08-00-24-707
81.47,14.87,666.00,24.14,22-05-23-08-00-24-741
81.33,15.03,666.00,19.12,22-05-23-08-00-24-778
81.22,15.18,666.00,15.80,22-05-23-08-00-24-808
81.10,15.43,666.00,11.92,22-05-23-08-00-24-843
80.96,15.64,666.00,8.91,22-05-23-08-00-24-879
80.81,15.79,666.00,5.56,22-05-23-08-00-24-910
80.56,15.85,666.00,4.01,22-05-23-08-00-24-942
80.19,15.88,666.00,4.14,22-05-23-08-00-24-977
79.64,15.82,666.00,5.73,22-05-23-08-00-25-009
79.08,15.76,666.00,6.99,22-05-23-08-00-25-041
78.54,15.65,666.00,7.64,22-05-23-08-00-25-077
78.06,15.52,666.00,7.93,22-05-23-08-00-25-112
77.66,15.37,666.00,8.05,22-05-23-08-00-25-142
77.32,15.22,666.00,8.32,22-05-23-08-00-25-176
77.02,15.08,666.00,8.28,22-05-23-08-00-25-212
76.39,14.62,666.00,6.43,22-05-23-08-00-25-244
76.09,14.26,666.00,6.52,22-05-23-08-00-25-279
75.52,13.69,666.00,8.82,22-05-23-08-00-25-308
75.13,13.27,666.00,13.07,22-05-23-08-00-25-343
74.85,12.96,666.00,18.48,22-05-23-08-00-25-377
74.65,12.73,53.76,30.10,22-05-23-08-00-25-408
74.49,12.52,51.17,40.17,22-05-23-08-00-25-445
74.38,12.36,48.48,50.00,22-05-23-08-00-25-477
75.40,12.32,46.13,55.35,22-05-23-08-00-25-511
76.38,12.32,43.96,58.47,22-05-23-08-00-25-543
77.25,12.32,43.73,67.20,22-05-23-08-00-25-576
78.02,12.24,42.09,74.13,22-05-23-08-00-25-608
78.59,12.17,40.37,81.61,22-05-23-08-00-25-642
79.09,12.08,39.09,90.00,22-05-23-08-00-25-676
79.62,11.92,38.20,95.26,22-05-23-08-00-25-710
80.93,11.60,35.08,100.82,22-05-23-08-00-25-741
82.53,11.28,30.91,111.62,22-05-23-08-00-25-777
83.83,11.01,27.16,117.88,22-05-23-08-00-25-808
85.20,10.71,22.63,126.71,22-05-23-08-00-25-843
86.35,10.49,17.78,129.47,22-05-23-08-00-25-877
87.48,10.35,12.54,132.45,22-05-23-08-00-25-909
88.45,10.30,7.64,133.84,22-05-23-08-00-25-944
89.21,10.32,3.66,134.74,22-05-23-08-00-25-978
89.86,10.42,0.09,135.11,22-05-23-08-00-26-009
90.40,10.57,-3.13,134.57,22-05-23-08-00-26-041
90.82,10.73,-6.23,133.73,22-05-23-08-00-26-078
91.13,10.87,-9.49,131.72,22-05-23-08-00-26-113
91.05,11.11,-12.95,125.58,22-05-23-08-00-26-141
90.14,11.25,-8.51,117.13,22-05-23-08-00-26-178
83.65,9.75,22.05,108.34,22-05-23-08-00-26-209
80.67,8.97,33.63,103.21,22-05-23-08-00-26-242
78.92,8.45,40.09,97.05,22-05-23-08-00-26-275
77.50,7.98,44.76,91.26,22-05-23-08-00-26-313
76.54,7.65,48.05,83.50,22-05-23-08-00-26-343
75.86,7.42,50.48,78.67,22-05-23-08-00-26-376
75.39,7.26,52.25,73.91,22-05-23-08-00-26-412
75.04,7.17,53.49,68.67,22-05-23-08-00-26-442
74.84,7.13,53.56,58.66,22-05-23-08-00-26-475
74.71,7.15,54.16,52.82,22-05-23-08-00-26-509
74.61,7.22,54.05,47.76,22-05-23-08-00-26-540
74.54,7.34,53.56,44.27,22-05-23-08-00-26-576
74.51,7.52,53.23,39.42,22-05-23-08-00-26-608
74.55,7.80,52.80,34.45,22-05-23-08-00-26-642
74.72,8.29,666.00,29.54,22-05-23-08-00-26-676
74.90,8.80,666.00,25.10,22-05-23-08-00-26-709
75.11,9.39,666.00,20.96,22-05-23-08-00-26-744
75.32,9.98,666.00,17.21,22-05-23-08-00-26-776
76.22,11.70,666.00,11.26,22-05-23-08-00-26-810
76.36,12.66,666.00,7.37,22-05-23-08-00-26-841
76.39,13.39,666.00,3.38,22-05-23-08-00-26-877
76.31,13.94,666.00,3.59,22-05-23-08-00-26-911
76.12,14.30,666.00,5.56,22-05-23-08-00-26-941
75.83,14.57,666.00,7.17,22-05-23-08-00-26-974
75.49,14.74,666.00,8.35,22-05-23-08-00-27-010
75.02,14.81,666.00,8.90,22-05-23-08-00-27-042
74.60,14.76,666.00,9.16,22-05-23-08-00-27-080
74.19,14.65,666.00,9.18,22-05-23-08-00-27-112
73.81,14.48,666.00,9.05,22-05-23-08-00-27-144
73.47,14.30,666.00,8.87,22-05-23-08-00-27-176
73.17,14.12,666.00,8.59,22-05-23-08-00-27-211
72.91,13.95,666.00,7.99,22-05-23-08-00-27-242
72.68,13.79,666.00,5.42,22-05-23-08-00-27-277
72.49,13.66,666.00,6.56,22-05-23-08-00-27-312
72.34,13.55,666.00,11.89,22-05-23-08-00-27-342
72.22,13.45,666.00,18.18,22-05-23-08-00-27-377
72.13,13.35,666.00,26.16,22-05-23-08-00-27-411
72.06,13.27,63.20,32.66,22-05-23-08-00-27-444
72.03,13.19,60.15,42.12,22-05-23-08-00-27-478
72.08,13.09,58.32,49.10,22-05-23-08-00-27-510
72.30,12.95,55.86,57.54,22-05-23-08-00-27-543
72.67,12.79,54.91,62.28,22-05-23-08-00-27-578
73.43,12.52,55.86,70.74,22-05-23-08-00-27-611
74.72,12.23,54.36,75.00,22-05-23-08-00-27-642
76.02,11.73,52.65,76.96,22-05-23-08-00-27-676
76.93,11.30,50.31,80.28,22-05-23-08-00-27-709
77.65,10.87,48.31,83.63,22-05-23-08-00-27-745
78.38,10.31,47.01,86.55,22-05-23-08-00-27-777
79.32,9.64,46.00,95.27,22-05-23-08-00-27-810
81.10,8.94,42.32,97.59,22-05-23-08-00-27-841
82.62,8.36,38.64,99.13,22-05-23-08-00-27-880
84.51,7.79,31.85,103.24,22-05-23-08-00-27-909
85.83,7.36,26.12,105.80,22-05-23-08-00-27-943
86.97,6.96,20.45,110.64,22-05-23-08-00-27-976
87.97,6.64,13.24,119.52,22-05-23-08-00-28-010
89.29,6.38,2.69,123.00,22-05-23-08-00-28-044
91.18,6.40,-13.79,124.61,22-05-23-08-00-28-078
92.77,6.59,-25.94,125.81,22-05-23-08-00-28-110
94.00,6.84,-31.20,130.84,22-05-23-08-00-28-147
94.88,7.11,-34.97,131.96,22-05-23-08-00-28-181
95.50,7.34,-37.90,132.16,22-05-23-08-00-28-208
95.94,7.54,-40.35,131.21,22-05-23-08-00-28-243
96.27,7.71,-42.11,129.62,22-05-23-08-00-28-275
96.48,7.89,-43.41,126.18,22-05-23-08-00-28-310
96.36,8.02,-43.16,116.90,22-05-23-08-00-28-341
95.67,8.11,-39.10,107.79,22-05-23-08-00-28-374
93.76,8.03,-27.93,96.97,22-05-23-08-00-28-414
89.69,7.26,-0.81,90.55,22-05-23-08-00-28-442
86.47,6.88,20.17,81.21,22-05-23-08-00-28-476
83.85,6.61,34.26,77.81,22-05-23-08-00-28-510
82.28,6.47,40.19,71.18,22-05-23-08-00-28-541
81.17,6.42,43.83,64.54,22-05-23-08-00-28-580
80.31,6.43,46.35,59.43,22-05-23-08-00-28-610
79.61,6.48,47.70,56.54,22-05-23-08-00-28-641
79.10,6.53,48.02,52.74,22-05-23-08-00-28-680
78.73,6.59,48.05,42.33,22-05-23-08-00-28-710
78.67,6.91,47.22,37.01,22-05-23-08-00-28-741
78.63,7.31,46.22,32.87,22-05-23-08-00-28-775
78.69,7.73,666.00,26.47,22-05-23-08-00-28-811
78.74,8.13,666.00,22.58,22-05-23-08-00-28-843
78.84,8.59,666.00,19.40,22-05-23-08-00-28-880
78.92,8.97,666.00,16.82,22-05-23-08-00-28-910
78.99,9.37,666.00,13.29,22-05-23-08-00-28-941
79.05,9.80,666.00,10.69,22-05-23-08-00-28-978
79.07,10.20,666.00,7.70,22-05-23-08-00-29-009
79.05,10.67,666.00,4.74,22-05-23-08-00-29-043
78.96,11.17,666.00,2.52,22-05-23-08-00-29-078
78.86,11.55,666.00,1.64,22-05-23-08-00-29-110
78.73,11.88,666.00,2.48,22-05-23-08-00-29-143
78.56,12.16,666.00,3.30,22-05-23-08-00-29-175
78.40,12.37,666.00,3.85,22-05-23-08-00-29-210
78.19,12.54,666.00,4.15,22-05-23-08-00-29-245
78.00,12.68,666.00,4.05,22-05-23-08-00-29-275
77.64,12.76,666.00,3.34,22-05-23-08-00-29-312
77.26,12.83,666.00,3.77,22-05-23-08-00-29-344
76.88,12.87,666.00,9.91,22-05-23-08-00-29-376
76.53,12.88,666.00,20.32,22-05-23-08-00-29-410
76.21,12.86,46.65,32.43,22-05-23-08-00-29-443
76.00,12.86,47.20,42.33,22-05-23-08-00-29-476
75.85,12.84,48.20,49.36,22-05-23-08-00-29-508
75.96,12.73,46.52,56.01,22-05-23-08-00-29-541
76.53,12.56,44.39,65.74,22-05-23-08-00-29-579
77.79,12.27,41.50,68.48,22-05-23-08-00-29-610
79.45,11.92,36.77,70.57,22-05-23-08-00-29-643
80.73,11.60,32.42,73.97,22-05-23-08-00-29-677
82.13,11.34,28.26,79.48,22-05-23-08-00-29-709
84.25,11.29,19.17,87.47,22-05-23-08-00-29-742
85.95,11.29,11.43,90.41,22-05-23-08-00-29-777
87.25,11.25,5.40,93.91,22-05-23-08-00-29-810
88.49,11.23,0.21,98.50,22-05-23-08-00-29-843
89.57,11.23,-4.84,101.18,22-05-23-08-00-29-878
90.83,11.33,-10.80,104.66,22-05-23-08-00-29-910
92.14,11.55,-17.32,110.16,22-05-23-08-00-29-942
93.19,11.70,-22.08,114.52,22-05-23-08-00-29-978
94.08,11.76,-25.89,118.31,22-05-23-08-00-30-010
94.91,11.75,-29.33,120.64,22-05-23-08-00-30-043
95.52,11.67,-31.51,122.79,22-05-23-08-00-30-079
96.09,11.54,-31.09,130.47,22-05-23-08-00-30-109
96.63,11.33,-32.46,132.96,22-05-23-08-00-30-142
97.16,11.09,-34.40,134.30,22-05-23-08-00-30-178
97.67,10.84,-36.37,135.15,22-05-23-08-00-30-210
98.10,10.58,-38.80,132.70,22-05-23-08-00-30-243
98.45,10.27,-41.20,129.82,22-05-23-08-00-30-276
98.68,9.95,-43.22,127.20,22-05-23-08-00-30-311
98.65,9.52,-43.79,122.13,22-05-23-08-00-30-343
98.08,8.90,-42.36,110.78,22-05-23-08-00-30-375
96.40,8.12,-39.59,102.16,22-05-23-08-00-30-409
94.31,7.46,-33.88,90.96,22-05-23-08-00-30-440
92.21,6.89,-23.70,84.27,22-05-23-08-00-30-479
90.15,6.31,-8.57,80.83,22-05-23-08-00-30-510
88.81,5.99,0.24,68.72,22-05-23-08-00-30-544
87.93,5.78,8.79,64.31,22-05-23-08-00-30-579
87.33,5.67,11.54,54.75,22-05-23-08-00-30-610
86.96,5.65,24.97,44.07,22-05-23-08-00-30-641
86.72,5.73,22.09,41.16,22-05-23-08-00-30-675
86.60,5.90,19.74,38.72,22-05-23-08-00-30-710
88.46,8.09,2.53,34.69,22-05-23-08-00-30-743
89.50,9.14,-4.55,31.43,22-05-23-08-00-30-775
89.55,9.85,666.00,24.40,22-05-23-08-00-30-810
89.83,10.41,666.00,20.74,22-05-23-08-00-30-844
89.99,10.78,666.00,18.25,22-05-23-08-00-30-875
90.09,11.04,666.00,14.76,22-05-23-08-00-30-911
90.16,11.21,666.00,11.80,22-05-23-08-00-30-942
90.20,11.34,666.00,8.70,22-05-23-08-00-30-975
90.22,11.43,666.00,6.29,22-05-23-08-00-31-011
90.21,11.50,666.00,4.38,22-05-23-08-00-31-044
90.17,11.56,666.00,4.26,22-05-23-08-00-31-075
90.06,11.65,666.00,5.74,22-05-23-08-00-31-108
89.91,11.73,666.00,6.83,22-05-23-08-00-31-141
89.72,11.79,666.00,7.52,22-05-23-08-00-31-179
89.52,11.84,666.00,7.89,22-05-23-08-00-31-209
89.38,11.89,666.00,6.04,22-05-23-08-00-31-243
89.27,11.93,666.00,5.71,22-05-23-08-00-31-277
89.18,11.97,666.00,8.95,22-05-23-08-00-31-311
89.10,12.00,666.00,9.75,22-05-23-08-00-31-342
89.04,12.00,666.00,11.58,22-05-23-08-00-31-376
88.99,12.00,666.00,16.93,22-05-23-08-00-31-412
88.97,11.97,666.00,29.57,22-05-23-08-00-31-443
89.01,11.84,4.53,38.13,22-05-23-08-00-31-477
89.09,11.66,1.57,43.83,22-05-23-08-00-31-511
89.32,11.44,-0.33,48.69,22-05-23-08-00-31-544
89.56,11.25,-1.72,55.94,22-05-23-08-00-31-581
89.97,11.01,-3.31,66.45,22-05-23-08-00-31-613
90.62,10.71,-6.88,70.04,22-05-23-08-00-31-642
91.24,10.45,-11.27,74.69,22-05-23-08-00-31-677
91.73,10.25,-13.33,78.83,22-05-23-08-00-31-709
92.14,10.09,-15.58,82.60,22-05-23-08-00-31-744
92.89,10.04,-19.99,86.37,22-05-23-08-00-31-776
93.49,10.02,-22.73,90.18,22-05-23-08-00-31-809
94.07,9.98,-26.33,94.71,22-05-23-08-00-31-843
94.76,9.99,-29.77,99.18,22-05-23-08-00-31-877
95.34,10.00,-33.28,109.97,22-05-23-08-00-31-910
95.88,10.01,-35.64,115.29,22-05-23-08-00-31-942
96.41,9.99,-37.25,120.51,22-05-23-08-00-31-976
97.02,9.96,-39.04,123.95,22-05-23-08-00-32-010
97.56,9.88,-39.47,130.63,22-05-23-08-00-32-043
98.19,9.79,-40.92,133.71,22-05-23-08-00-32-077
98.80,9.66,-42.78,135.31,22-05-23-08-00-32-112
99.29,9.49,-44.33,136.32,22-05-23-08-00-32-144
99.72,9.28,-45.86,136.61,22-05-23-08-00-32-177
100.08,9.04,-47.53,135.71,22-05-23-08-00-32-213
100.36,8.80,-49.52,129.87,22-05-23-08-00-32-242
100.56,8.57,-51.33,126.67,22-05-23-08-00-32-276
100.70,8.36,-52.94,123.55,22-05-23-08-00-32-310
100.63,8.07,-55.22,114.49,22-05-23-08-00-32-341
100.26,7.81,-55.22,100.81,22-05-23-08-00-32-378
99.31,7.57,-54.18,93.76,22-05-23-08-00-32-410
98.13,7.46,-51.88,84.49,22-05-23-08-00-32-441
95.95,7.48,-46.13,78.47,22-05-23-08-00-32-477
93.37,7.77,-34.57,69.01,22-05-23-08-00-32-507
91.70,8.04,-25.24,62.85,22-05-23-08-00-32-542
89.99,8.43,-13.94,56.89,22-05-23-08-00-32-575
88.83,8.72,-4.19,54.77,22-05-23-08-00-32-609
88.04,8.97,-0.22,48.53,22-05-23-08-00-32-640
87.50,9.21,2.34,45.55,22-05-23-08-00-32-676
87.85,10.07,0.86,42.21,22-05-23-08-00-32-707
87.89,10.62,1.06,39.19,22-05-23-08-00-32-743
87.94,11.06,1.48,35.65,22-05-23-08-00-32-777
88.00,11.41,666.00,28.92,22-05-23-08-00-32-809
88.02,11.69,666.00,23.71,22-05-23-08-00-32-846
88.05,11.97,666.00,13.70,22-05-23-08-00-32-879
88.09,12.38,666.00,9.43,22-05-23-08-00-32-908
88.11,12.74,666.00,6.59,22-05-23-08-00-32-945
88.12,13.07,666.00,4.74,22-05-23-08-00-32-975
88.09,13.31,666.00,3.70,22-05-23-08-00-33-011
88.01,13.58,666.00,3.34,22-05-23-08-00-33-047
87.87,13.82,666.00,3.33,22-05-23-08-00-33-075
87.65,14.02,666.00,3.57,22-05-23-08-00-33-109
87.40,14.17,666.00,3.75,22-05-23-08-00-33-148
87.16,14.28,666.00,3.87,22-05-23-08-00-33-180
86.94,14.35,666.00,3.94,22-05-23-08-00-33-208
86.72,14.39,666.00,3.96,22-05-23-08-00-33-243
86.50,14.43,666.00,3.91,22-05-23-08-00-33-277
86.28,14.45,666.00,3.91,22-05-23-08-00-33-309
85.86,14.57,666.00,11.00,22-05-23-08-00-33-342
85.35,14.66,666.00,22.43,22-05-23-08-00-33-377
84.93,14.70,21.47,30.34,22-05-23-08-00-33-410
84.57,14.67,20.07,44.32,22-05-23-08-00-33-443
84.36,14.57,20.01,52.14,22-05-23-08-00-33-474
84.24,14.34,20.71,58.98,22-05-23-08-00-33-510
84.45,13.88,19.94,63.32,22-05-23-08-00-33-545
84.99,13.28,17.44,68.88,22-05-23-08-00-33-575
85.78,12.65,14.24,80.13,22-05-23-08-00-33-608
87.24,11.99,7.59,85.75,22-05-23-08-00-33-641
88.76,11.45,0.96,90.17,22-05-23-08-00-33-677
90.33,11.04,-7.18,94.42,22-05-23-08-00-33-711
91.99,10.72,-16.40,97.65,22-05-23-08-00-33-741
93.63,10.49,-25.42,101.34,22-05-23-08-00-33-776
95.03,10.30,-33.82,108.58,22-05-23-08-00-33-811
96.36,10.15,-40.81,112.65,22-05-23-08-00-33-843
97.93,10.11,-47.16,115.94,22-05-23-08-00-33-876
99.15,10.06,-51.56,118.31,22-05-23-08-00-33-909
100.38,10.06,-55.14,121.02,22-05-23-08-00-33-942
102.06,10.07,-57.35,132.14,22-05-23-08-00-33-977
103.38,10.04,-60.00,134.60,22-05-23-08-00-34-012
104.50,9.98,-62.14,135.79,22-05-23-08-00-34-042
105.38,9.88,-64.76,135.68,22-05-23-08-00-34-076
106.06,9.78,-67.26,134.45,22-05-23-08-00-34-109
106.59,9.68,-69.63,131.18,22-05-23-08-00-34-141
106.98,9.61,-70.90,129.56,22-05-23-08-00-34-176
107.26,9.57,-70.70,124.54,22-05-23-08-00-34-208
107.41,9.48,-71.77,118.79,22-05-23-08-00-34-242
107.12,9.13,-72.30,110.65,22-05-23-08-00-34-276
105.31,8.31,-73.13,99.64,22-05-23-08-00-34-311
102.72,7.39,-71.59,86.83,22-05-23-08-00-34-342
100.82,6.84,-70.40,76.50,22-05-23-08-00-34-376
99.51,6.56,-69.96,68.07,22-05-23-08-00-34-410
98.50,6.43,-69.82,59.69,22-05-23-08-00-34-445
97.88,7.25,-63.75,54.68,22-05-23-08-00-34-474
97.29,7.93,-57.57,48.55,22-05-23-08-00-34-508
96.85,8.49,-51.12,37.10,22-05-23-08-00-34-543
96.51,9.03,-46.54,32.42,22-05-23-08-00-34-580
96.26,9.50,666.00,29.02,22-05-23-08-00-34-608
96.03,10.06,666.00,25.95,22-05-23-08-00-34-642
95.84,10.62,666.00,20.50,22-05-23-08-00-34-678
95.69,11.14,666.00,16.89,22-05-23-08-00-34-709
95.60,11.65,666.00,11.32,22-05-23-08-00-34-743
95.53,12.10,666.00,4.79,22-05-23-08-00-34-775
95.47,12.50,666.00,3.76,22-05-23-08-00-34-809
95.19,13.27,666.00,5.65,22-05-23-08-00-34-841
94.76,14.01,666.00,6.91,22-05-23-08-00-34-879
94.16,14.59,666.00,7.44,22-05-23-08-00-34-911
93.58,15.04,666.00,7.70,22-05-23-08-00-34-941
93.03,15.42,666.00,7.73,22-05-23-08-00-34-977
92.65,15.71,666.00,7.47,22-05-23-08-00-35-008
92.33,15.95,666.00,7.03,22-05-23-08-00-35-040
92.08,16.13,666.00,6.68,22-05-23-08-00-35-076
91.88,16.28,666.00,5.87,22-05-23-08-00-35-108
91.72,16.40,666.00,5.10,22-05-23-08-00-35-144
91.60,16.50,666.00,6.20,22-05-23-08-00-35-176
91.51,16.59,666.00,10.17,22-05-23-08-00-35-208
91.45,16.68,666.00,15.56,22-05-23-08-00-35-241
91.38,16.76,666.00,25.77,22-05-23-08-00-35-278
91.29,16.82,-4.14,33.24,22-05-23-08-00-35-309
91.22,16.86,-5.43,41.13,22-05-23-08-00-35-340
91.17,16.88,-5.88,47.01,22-05-23-08-00-35-375
91.13,16.89,-6.70,52.96,22-05-23-08-00-35-409
91.15,16.91,-8.31,59.29,22-05-23-08-00-35-441
91.20,16.88,-9.04,72.36,22-05-23-08-00-35-480
91.29,16.84,-9.10,79.09,22-05-23-08-00-35-510
91.47,16.83,-9.50,88.13,22-05-23-08-00-35-542
91.83,16.84,-10.57,93.60,22-05-23-08-00-35-574
92.52,17.03,-11.95,97.42,22-05-23-08-00-35-612
93.26,17.24,-15.38,102.04,22-05-23-08-00-35-641
94.19,17.45,-18.58,110.46,22-05-23-08-00-35-676
95.11,17.65,-22.33,116.17,22-05-23-08-00-35-709
96.11,17.85,-25.52,120.22,22-05-23-08-00-35-744
97.25,18.08,-28.20,123.33,22-05-23-08-00-35-777
98.58,18.33,-32.41,132.21,22-05-23-08-00-35-809
99.97,18.68,-35.58,134.85,22-05-23-08-00-35-843
101.62,19.18,-38.67,136.04,22-05-23-08-00-35-877
102.94,19.56,-40.82,136.66,22-05-23-08-00-35-908
103.80,19.78,-42.04,136.59,22-05-23-08-00-35-942
104.42,19.92,-42.85,135.84,22-05-23-08-00-35-975
104.88,20.02,-43.45,134.76,22-05-23-08-00-36-008
105.19,20.06,-43.12,128.42,22-05-23-08-00-36-042
105.40,20.08,-43.22,124.99,22-05-23-08-00-36-075
105.51,20.03,-43.45,121.97,22-05-23-08-00-36-109
105.22,19.78,-43.69,118.04,22-05-23-08-00-36-143
104.38,19.35,-42.96,106.07,22-05-23-08-00-36-179
102.85,18.88,-41.30,97.42,22-05-23-08-00-36-210
100.96,18.30,-38.63,87.23,22-05-23-08-00-36-242
98.42,17.51,-35.06,78.55,22-05-23-08-00-36-279
95.75,16.75,-30.17,70.74,22-05-23-08-00-36-308
93.74,16.21,-25.29,63.25,22-05-23-08-00-36-345
92.30,15.92,-21.64,56.05,22-05-23-08-00-36-377
91.31,15.76,-18.71,51.95,22-05-23-08-00-36-410
90.64,15.69,-16.69,47.34,22-05-23-08-00-36-444
90.17,15.69,-15.20,43.86,22-05-23-08-00-36-476
89.84,15.73,-14.35,40.21,22-05-23-08-00-36-509
89.60,15.83,-13.45,35.17,22-05-23-08-00-36-541
89.52,16.00,666.00,28.21,22-05-23-08-00-36-580
89.59,16.30,666.00,24.09,22-05-23-08-00-36-611
89.72,16.63,666.00,14.80,22-05-23-08-00-36-644
89.90,16.96,666.00,10.44,22-05-23-08-00-36-676
90.21,17.27,666.00,7.65,22-05-23-08-00-36-708
90.44,17.56,666.00,5.06,22-05-23-08-00-36-742
90.62,17.80,666.00,3.40,22-05-23-08-00-36-779
90.48,18.37,666.00,4.79,22-05-23-08-00-36-810
90.39,18.67,666.00,5.71,22-05-23-08-00-36-842
90.30,18.86,666.00,6.30,22-05-23-08-00-36-877
90.23,18.99,666.00,6.49,22-05-23-08-00-36-911
90.02,19.12,666.00,6.29,22-05-23-08-00-36-942
89.78,19.18,666.00,7.28,22-05-23-08-00-36-976
89.58,19.20,666.00,8.85,22-05-23-08-00-37-011
89.41,19.18,666.00,12.33,22-05-23-08-00-37-041
89.25,19.15,666.00,19.36,22-05-23-08-00-37-075
89.11,19.05,666.00,28.56,22-05-23-08-00-37-111
89.03,18.84,7.97,39.04,22-05-23-08-00-37-142
89.01,18.62,5.02,44.55,22-05-23-08-00-37-184
89.10,18.35,3.21,50.46,22-05-23-08-00-37-210
89.24,18.00,2.33,56.72,22-05-23-08-00-37-240
89.51,17.63,-1.31,67.39,22-05-23-08-00-37-277
89.81,17.29,-3.65,74.28,22-05-23-08-00-37-311
90.23,16.95,-6.09,82.15,22-05-23-08-00-37-341
90.71,16.66,-7.87,87.42,22-05-23-08-00-37-375
91.39,16.38,-8.69,95.41,22-05-23-08-00-37-414
92.17,16.13,-11.04,101.30,22-05-23-08-00-37-441
93.33,15.97,-15.37,108.09,22-05-23-08-00-37-478
94.55,15.93,-20.42,115.02,22-05-23-08-00-37-509
95.74,16.02,-24.93,119.72,22-05-23-08-00-37-540
97.15,16.24,-29.05,124.37,22-05-23-08-00-37-576
98.51,16.60,-31.73,130.59,22-05-23-08-00-37-611
100.35,17.33,-34.84,132.88,22-05-23-08-00-37-646
101.80,17.99,-36.95,134.14,22-05-23-08-00-37-677
102.91,18.52,-37.05,134.84,22-05-23-08-00-37-709
103.71,18.92,-37.16,135.02,22-05-23-08-00-37-740
104.35,19.39,-37.07,134.74,22-05-23-08-00-37-777
104.81,19.76,-37.03,134.14,22-05-23-08-00-37-811
105.10,20.00,-39.49,128.20,22-05-23-08-00-37-842
105.30,20.29,-40.61,124.88,22-05-23-08-00-37-874
105.38,20.46,-40.83,121.82,22-05-23-08-00-37-911
105.27,20.47,-40.79,118.58,22-05-23-08-00-37-949
104.69,20.21,-40.10,112.23,22-05-23-08-00-37-974
103.37,19.46,-38.18,102.01,22-05-23-08-00-38-010
101.99,18.71,-37.24,94.00,22-05-23-08-00-38-044
100.81,18.05,-37.06,83.30,22-05-23-08-00-38-076
99.73,17.42,-36.35,76.72,22-05-23-08-00-38-109
98.64,16.79,-36.22,68.72,22-05-23-08-00-38-142
97.71,16.24,-35.60,64.05,22-05-23-08-00-38-175
96.95,15.84,-34.01,57.72,22-05-23-08-00-38-209
96.28,15.55,-31.67,48.55,22-05-23-08-00-38-242
95.76,15.39,-30.02,44.45,22-05-23-08-00-38-277
95.35,15.31,-28.11,39.79,22-05-23-08-00-38-308
94.97,15.27,-26.73,36.02,22-05-23-08-00-38-345
94.67,15.28,-25.05,31.97,22-05-23-08-00-38-374
94.44,15.40,666.00,28.20,22-05-23-08-00-38-411
94.29,15.60,666.00,23.98,22-05-23-08-00-38-442
94.41,16.25,666.00,16.75,22-05-23-08-00-38-474
94.52,16.75,666.00,12.22,22-05-23-08-00-38-511
94.74,17.26,666.00,6.38,22-05-23-08-00-38-543
94.76,17.50,666.00,4.35,22-05-23-08-00-38-577
94.64,17.69,666.00,6.95,22-05-23-08-00-38-611
94.37,17.78,666.00,8.91,22-05-23-08-00-38-642
93.70,17.77,666.00,9.33,22-05-23-08-00-38-675
92.72,17.63,666.00,8.34,22-05-23-08-00-38-712
91.90,17.48,666.00,7.18,22-05-23-08-00-38-743
91.25,17.37,666.00,6.07,22-05-23-08-00-38-779
90.74,17.32,666.00,5.27,22-05-23-08-00-38-810
90.37,17.28,666.00,4.48,22-05-23-08-00-38-842
90.08,17.24,666.00,3.31,22-05-23-08-00-38-874
89.86,17.22,666.00,3.50,22-05-23-08-00-38-911
89.69,17.21,666.00,8.08,22-05-23-08-00-38-942
90.23,17.35,666.00,15.61,22-05-23-08-00-38-976
90.17,17.38,666.00,28.00,22-05-23-08-00-39-011
90.69,17.45,-3.59,35.46,22-05-23-08-00-39-042
90.83,17.46,-5.36,41.64,22-05-23-08-00-39-078
90.93,17.50,-6.37,48.31,22-05-23-08-00-39-108
90.89,17.55,-5.37,56.31,22-05-23-08-00-39-141
90.79,17.62,-5.76,64.25,22-05-23-08-00-39-177
90.70,17.68,-6.10,77.20,22-05-23-08-00-39-210
90.69,17.76,-7.20,85.22,22-05-23-08-00-39-242
90.71,17.83,-7.53,90.73,22-05-23-08-00-39-279
91.84,18.89,-7.47,95.22,22-05-23-08-00-39-309
92.66,19.12,-11.08,98.20,22-05-23-08-00-39-343
92.90,19.17,-12.91,103.66,22-05-23-08-00-39-377
93.22,19.24,-16.50,114.56,22-05-23-08-00-39-410
93.64,19.34,-18.69,118.96,22-05-23-08-00-39-444
94.22,19.50,-20.95,121.75,22-05-23-08-00-39-478
95.32,19.90,-24.63,124.50,22-05-23-08-00-39-510
96.26,20.28,-25.29,134.23,22-05-23-08-00-39-543
97.04,20.64,-26.90,136.99,22-05-23-08-00-39-578
97.73,21.01,-28.33,138.21,22-05-23-08-00-39-610
98.30,21.35,-29.57,138.74,22-05-23-08-00-39-643
98.74,21.62,-30.68,138.11,22-05-23-08-00-39-675
99.08,21.83,-31.92,136.19,22-05-23-08-00-39-710
99.35,22.00,-32.59,134.85,22-05-23-08-00-39-742
99.56,22.14,-32.74,132.95,22-05-23-08-00-39-776
99.73,22.24,-32.18,126.14,22-05-23-08-00-39-810
99.84,22.30,-32.03,122.46,22-05-23-08-00-39-844
99.81,22.26,-31.39,118.87,22-05-23-08-00-39-876
99.59,22.05,-29.47,113.86,22-05-23-08-00-39-910
99.20,21.68,-27.18,106.41,22-05-23-08-00-39-944
98.57,21.15,-25.60,97.48,22-05-23-08-00-39-977
97.78,20.40,-25.00,88.51,22-05-23-08-00-40-011
96.99,19.61,-24.43,80.43,22-05-23-08-00-40-044
96.20,18.85,-24.44,75.22,22-05-23-08-00-40-076
95.05,17.58,-23.37,67.75,22-05-23-08-00-40-111
94.16,16.57,-23.39,57.94,22-05-23-08-00-40-142
93.52,15.88,-22.11,52.91,22-05-23-08-00-40-178
93.01,15.40,-20.86,49.81,22-05-23-08-00-40-211
92.65,15.10,-19.43,46.26,22-05-23-08-00-40-242
92.38,14.93,-18.19,41.93,22-05-23-08-00-40-274
92.17,14.81,-18.23,38.33,22-05-23-08-00-40-308
92.01,14.75,-18.59,34.05,22-05-23-08-00-40-342
91.89,14.76,666.00,29.19,22-05-23-08-00-40-374
91.80,14.84,666.00,21.25,22-05-23-08-00-40-410
91.85,15.08,666.00,16.29,22-05-23-08-00-40-442
91.94,15.39,666.00,7.44,22-05-23-08-00-40-476
92.07,15.80,666.00,3.25,22-05-23-08-00-40-511
92.02,16.14,666.00,0.68,22-05-23-08-00-40-541
90.86,16.98,666.00,0.84,22-05-23-08-00-40-578
89.80,17.65,666.00,1.78,22-05-23-08-00-40-610
89.15,18.00,666.00,2.22,22-05-23-08-00-40-642
88.62,18.27,666.00,2.49,22-05-23-08-00-40-675
88.17,18.48,666.00,4.08,22-05-23-08-00-40-710
87.82,18.65,666.00,4.43,22-05-23-08-00-40-742
87.59,18.79,666.00,5.94,22-05-23-08-00-40-775
87.47,18.87,666.00,7.65,22-05-23-08-00-40-809
87.44,18.91,666.00,9.37,22-05-23-08-00-40-844
87.54,18.93,666.00,11.53,22-05-23-08-00-40-876
87.67,18.93,666.00,14.79,22-05-23-08-00-40-908
87.82,18.92,666.00,23.86,22-05-23-08-00-40-944
87.94,18.89,8.40,34.61,22-05-23-08-00-40-979
88.09,18.81,6.31,39.68,22-05-23-08-00-41-011
88.23,18.73,3.33,47.12,22-05-23-08-00-41-041
88.41,18.65,1.63,51.72,22-05-23-08-00-41-074
88.60,18.56,-0.47,62.21,22-05-23-08-00-41-113
88.78,18.51,-2.00,67.54,22-05-23-08-00-41-144
88.96,18.48,-4.34,75.35,22-05-23-08-00-41-176
89.20,18.46,-6.34,80.80,22-05-23-08-00-41-208
89.66,18.46,-7.37,85.44,22-05-23-08-00-41-243
90.16,18.49,-8.55,91.37,22-05-23-08-00-41-279
90.76,18.53,-8.88,96.85,22-05-23-08-00-41-309
91.49,18.58,-10.72,103.32,22-05-23-08-00-41-342
92.41,18.63,-14.21,109.06,22-05-23-08-00-41-376
93.24,18.68,-17.66,113.08,22-05-23-08-00-41-410
94.34,18.70,-21.61,117.04,22-05-23-08-00-41-442
95.29,18.70,-25.33,120.14,22-05-23-08-00-41-478
96.29,18.71,-29.07,122.25,22-05-23-08-00-41-509
97.05,18.73,-32.11,123.91,22-05-23-08-00-41-547
97.68,18.76,-33.29,133.29,22-05-23-08-00-41-575
98.18,18.84,-35.25,135.96,22-05-23-08-00-41-608
98.57,18.93,-36.44,137.21,22-05-23-08-00-41-641
98.89,19.03,-37.34,138.03,22-05-23-08-00-41-674
99.15,19.15,-38.08,138.38,22-05-23-08-00-41-708
99.36,19.26,-41.01,135.56,22-05-23-08-00-41-741
99.52,19.37,-42.62,133.67,22-05-23-08-00-41-776
99.65,19.46,-43.45,132.60,22-05-23-08-00-41-809
99.76,19.55,-43.79,131.76,22-05-23-08-00-41-841
99.83,19.61,-41.01,122.95,22-05-23-08-00-41-878
99.87,19.65,-39.70,118.05,22-05-23-08-00-41-910
99.83,19.64,-37.33,110.02,22-05-23-08-00-41-941
99.66,19.51,-36.00,100.19,22-05-23-08-00-41-975
99.28,19.14,-33.80,88.31,22-05-23-08-00-42-012
98.88,18.76,-32.71,79.72,22-05-23-08-00-42-041
98.49,18.39,-32.48,72.89,22-05-23-08-00-42-078
97.93,17.91,-31.86,65.30,22-05-23-08-00-42-113
97.40,17.49,-30.48,55.58,22-05-23-08-00-42-142
96.89,17.12,-30.12,45.70,22-05-23-08-00-42-179
96.45,16.85,-28.94,40.94,22-05-23-08-00-42-210
96.15,16.69,-27.26,34.73,22-05-23-08-00-42-244
96.51,16.45,-28.80,30.49,22-05-23-08-00-42-278
96.41,16.37,666.00,25.18,22-05-23-08-00-42-309
96.25,16.33,666.00,19.41,22-05-23-08-00-42-343
96.03,16.36,666.00,10.03,22-05-23-08-00-42-381
95.76,16.40,666.00,5.34,22-05-23-08-00-42-410
95.41,16.43,666.00,4.45,22-05-23-08-00-42-443
94.35,16.52,666.00,6.64,22-05-23-08-00-42-476
92.96,16.74,666.00,7.57,22-05-23-08-00-42-509
90.93,16.79,666.00,7.85,22-05-23-08-00-42-543
89.11,16.75,666.00,7.17,22-05-23-08-00-42-576
87.31,16.55,666.00,6.03,22-05-23-08-00-42-610
86.02,16.40,666.00,5.28,22-05-23-08-00-42-642
85.13,16.29,666.00,4.87,22-05-23-08-00-42-678
84.52,16.19,666.00,4.64,22-05-23-08-00-42-708
84.11,16.11,666.00,4.50,22-05-23-08-00-42-742
83.85,16.06,666.00,4.44,22-05-23-08-00-42-777
83.68,16.02,666.00,4.68,22-05-23-08-00-42-810
83.58,16.00,666.00,6.03,22-05-23-08-00-42-844
83.64,15.96,666.00,14.31,22-05-23-08-00-42-877
83.90,15.93,666.00,20.72,22-05-23-08-00-42-910
84.69,15.85,666.00,26.24,22-05-23-08-00-42-941
86.04,15.82,19.17,32.31,22-05-23-08-00-42-979
87.54,15.87,8.77,40.24,22-05-23-08-00-43-011
88.69,15.87,2.68,44.63,22-05-23-08-00-43-042
89.62,15.88,-2.11,49.51,22-05-23-08-00-43-077
90.28,15.84,-3.19,60.26,22-05-23-08-00-43-110
90.79,15.75,-5.02,66.34,22-05-23-08-00-43-143
91.16,15.66,-8.12,75.89,22-05-23-08-00-43-176
91.49,15.57,-9.63,83.17,22-05-23-08-00-43-212
91.78,15.48,-11.08,89.32,22-05-23-08-00-43-243
92.11,15.38,-12.56,98.33,22-05-23-08-00-43-274
92.54,15.29,-14.40,102.69,22-05-23-08-00-43-308
93.23,15.15,-17.69,109.16,22-05-23-08-00-43-343
94.12,15.06,-21.58,112.23,22-05-23-08-00-43-376
95.13,15.00,-25.78,114.52,22-05-23-08-00-43-408
97.06,15.04,-32.50,115.84,22-05-23-08-00-43-443
98.60,15.17,-36.88,117.32,22-05-23-08-00-43-475
99.86,15.32,-40.50,120.85,22-05-23-08-00-43-510
101.13,15.71,-42.93,125.92,22-05-23-08-00-43-542
102.23,16.19,-44.21,129.07,22-05-23-08-00-43-577
103.15,16.72,-45.34,130.30,22-05-23-08-00-43-609
103.85,17.17,-46.12,131.14,22-05-23-08-00-43-648
104.39,17.51,-45.31,132.55,22-05-23-08-00-43-676
104.81,17.81,-45.60,132.86,22-05-23-08-00-43-709
105.15,18.09,-45.95,132.70,22-05-23-08-00-43-745
105.44,18.39,-46.30,132.17,22-05-23-08-00-43-776
105.64,18.62,-47.09,125.96,22-05-23-08-00-43-809
105.76,18.80,-47.42,122.73,22-05-23-08-00-43-846
105.72,18.91,-47.52,120.61,22-05-23-08-00-43-874
105.61,18.97,-47.55,118.94,22-05-23-08-00-43-910
105.43,18.98,-47.62,116.43,22-05-23-08-00-43-943
104.94,18.88,-46.62,112.65,22-05-23-08-00-43-976
104.05,18.72,-45.38,102.47,22-05-23-08-00-44-009
103.04,18.56,-44.18,91.55,22-05-23-08-00-44-043
101.50,18.23,-40.99,80.04,22-05-23-08-00-44-077
100.29,17.95,-38.63,72.20,22-05-23-08-00-44-108
99.15,17.65,-35.86,61.94,22-05-23-08-00-44-141
98.10,17.29,-34.23,54.09,22-05-23-08-00-44-178
97.06,16.97,-31.84,44.73,22-05-23-08-00-44-209
96.05,16.82,-29.38,38.97,22-05-23-08-00-44-243
94.71,16.88,-25.05,34.68,22-05-23-08-00-44-277
93.73,16.99,-21.04,30.48,22-05-23-08-00-44-307
92.97,17.04,666.00,21.28,22-05-23-08-00-44-343
92.38,17.11,666.00,15.58,22-05-23-08-00-44-379
91.76,17.31,666.00,9.57,22-05-23-08-00-44-409
90.82,17.73,666.00,6.03,22-05-23-08-00-44-440
89.88,18.11,666.00,5.16,22-05-23-08-00-44-479
89.07,18.43,666.00,6.00,22-05-23-08-00-44-509
88.35,18.71,666.00,6.90,22-05-23-08-00-44-542
87.78,18.88,666.00,7.55,22-05-23-08-00-44-576
87.30,18.95,666.00,8.10,22-05-23-08-00-44-608
86.86,18.96,666.00,8.31,22-05-23-08-00-44-643
86.46,18.93,666.00,8.21,22-05-23-08-00-44-679
86.15,18.83,666.00,8.00,22-05-23-08-00-44-711
85.93,18.73,666.00,7.73,22-05-23-08-00-44-746
85.76,18.63,666.00,7.41,22-05-23-08-00-44-779
85.64,18.53,666.00,7.04,22-05-23-08-00-44-808
85.53,18.43,666.00,6.12,22-05-23-08-00-44-846
85.43,18.33,666.00,11.86,22-05-23-08-00-44-875
85.35,18.24,666.00,19.44,22-05-23-08-00-44-907
85.29,18.16,16.97,31.68,22-05-23-08-00-44-943
85.18,18.01,13.39,38.76,22-05-23-08-00-44-977
85.15,17.80,10.39,51.63,22-05-23-08-00-45-011
85.54,17.60,8.84,57.24,22-05-23-08-00-45-043
86.27,17.35,6.25,61.15,22-05-23-08-00-45-076
87.09,17.03,3.26,65.99,22-05-23-08-00-45-109
87.87,16.80,2.04,76.23,22-05-23-08-00-45-141
88.78,16.57,-0.40,81.31,22-05-23-08-00-45-176
89.93,16.50,-4.60,90.13,22-05-23-08-00-45-210
91.17,16.55,-8.94,94.78,22-05-23-08-00-45-242
92.48,16.66,-14.12,100.82,22-05-23-08-00-45-281
94.84,17.00,-21.58,104.96,22-05-23-08-00-45-310
96.37,17.21,-27.80,113.43,22-05-23-08-00-45-349
97.62,17.33,-31.66,117.30,22-05-23-08-00-45-381
98.53,17.38,-34.98,122.28,22-05-23-08-00-45-409
99.23,17.40,-36.98,125.05,22-05-23-08-00-45-440
99.90,17.53,-37.40,131.74,22-05-23-08-00-45-477
100.51,17.67,-38.25,134.08,22-05-23-08-00-45-508
100.96,17.80,-39.03,135.39,22-05-23-08-00-45-541
101.31,17.93,-39.49,136.13,22-05-23-08-00-45-576
101.58,18.04,-39.72,136.22,22-05-23-08-00-45-608
101.79,18.19,-39.91,135.80,22-05-23-08-00-45-642
101.95,18.33,-40.10,134.48,22-05-23-08-00-45-676
102.08,18.49,-40.14,133.31,22-05-23-08-00-45-710
102.18,18.63,-40.14,129.42,22-05-23-08-00-45-741
102.24,18.74,-40.56,126.63,22-05-23-08-00-45-775
102.18,18.81,-40.32,121.31,22-05-23-08-00-45-812
101.88,18.75,-39.69,117.41,22-05-23-08-00-45-842
101.45,18.61,-37.50,105.75,22-05-23-08-00-45-877
100.69,18.24,-35.07,97.07,22-05-23-08-00-45-911
99.42,17.62,-33.11,88.26,22-05-23-08-00-45-943
98.28,16.99,-32.47,78.81,22-05-23-08-00-45-977
96.78,15.89,-31.28,72.67,22-05-23-08-00-46-009
95.78,15.13,-30.42,64.85,22-05-23-08-00-46-042
95.02,14.58,-29.20,57.58,22-05-23-08-00-46-078
94.48,14.25,-28.29,47.72,22-05-23-08-00-46-108
94.07,14.10,-26.88,41.23,22-05-23-08-00-46-143
94.21,14.22,-27.88,37.15,22-05-23-08-00-46-178
93.98,14.34,-28.00,33.38,22-05-23-08-00-46-209
93.72,14.57,666.00,27.91,22-05-23-08-00-46-240
93.48,14.85,666.00,21.18,22-05-23-08-00-46-277
93.22,15.17,666.00,16.44,22-05-23-08-00-46-311
92.98,15.51,666.00,10.35,22-05-23-08-00-46-345
92.70,15.90,666.00,3.36,22-05-23-08-00-46-375
92.44,16.30,666.00,2.38,22-05-23-08-00-46-410
91.84,16.94,666.00,3.04,22-05-23-08-00-46-442
91.18,17.45,666.00,4.32,22-05-23-08-00-46-478
90.54,17.79,666.00,4.89,22-05-23-08-00-46-511
89.92,18.01,666.00,5.10,22-05-23-08-00-46-544
89.03,18.28,666.00,4.58,22-05-23-08-00-46-577
88.27,18.46,666.00,4.25,22-05-23-08-00-46-609
87.70,18.58,666.00,4.24,22-05-23-08-00-46-645
87.30,18.58,666.00,4.37,22-05-23-08-00-46-679
86.98,18.50,666.00,4.42,22-05-23-08-00-46-710
86.72,18.32,666.00,7.06,22-05-23-08-00-46-741
86.53,18.13,666.00,10.44,22-05-23-08-00-46-775
86.42,17.95,666.00,13.36,22-05-23-08-00-46-810
86.35,17.78,666.00,18.60,22-05-23-08-00-46-842
86.33,17.61,666.00,28.37,22-05-23-08-00-46-878
86.38,17.45,13.78,38.22,22-05-23-08-00-46-910
86.51,17.25,10.89,46.74,22-05-23-08-00-46-941
87.24,16.70,6.83,52.16,22-05-23-08-00-46-977
88.13,16.08,3.52,57.23,22-05-23-08-00-47-011
89.48,15.19,-3.22,68.43,22-05-23-08-00-47-043
91.19,14.26,-11.26,76.09,22-05-23-08-00-47-074
92.75,13.41,-16.26,84.16,22-05-23-08-00-47-110
93.99,12.79,-21.04,88.37,22-05-23-08-00-47-140
95.05,12.37,-25.70,97.76,22-05-23-08-00-47-177
96.22,12.13,-30.98,104.20,22-05-23-08-00-47-211
99.25,12.31,-42.06,113.82,22-05-23-08-00-47-241
101.12,12.47,-46.58,120.04,22-05-23-08-00-47-277
102.41,12.63,-49.77,124.25,22-05-23-08-00-47-308
103.64,12.93,-50.41,133.65,22-05-23-08-00-47-343
104.71,13.26,-51.36,136.26,22-05-23-08-00-47-377
105.47,13.54,-51.90,137.64,22-05-23-08-00-47-408
105.99,13.75,-56.07,132.48,22-05-23-08-00-47-441
106.35,13.93,-55.31,133.17,22-05-23-08-00-47-475
106.61,14.06,-56.44,131.99,22-05-23-08-00-47-509
106.80,14.18,-57.20,131.01,22-05-23-08-00-47-543
106.95,14.27,-57.55,130.28,22-05-23-08-00-47-575
107.03,14.29,-56.34,124.14,22-05-23-08-00-47-610
107.00,14.22,-55.88,119.83,22-05-23-08-00-47-646
106.83,14.06,-56.35,114.01,22-05-23-08-00-47-677
106.08,13.56,-56.89,105.79,22-05-23-08-00-47-711
104.84,12.92,-56.09,92.16,22-05-23-08-00-47-746
103.32,12.16,-55.63,83.69,22-05-23-08-00-47-776
101.99,11.52,-56.33,73.42,22-05-23-08-00-47-812
100.28,10.69,-55.97,68.29,22-05-23-08-00-47-843
99.19,10.26,-55.43,60.80,22-05-23-08-00-47-876
98.38,9.98,-53.96,53.92,22-05-23-08-00-47-912
97.85,9.85,-52.78,47.47,22-05-23-08-00-47-943
97.43,9.84,-47.95,36.38,22-05-23-08-00-47-977
97.32,10.47,-46.28,30.20,22-05-23-08-00-48-012
97.19,11.01,666.00,26.36,22-05-23-08-00-48-041
96.98,11.44,666.00,20.60,22-05-23-08-00-48-076
96.58,12.26,666.00,13.21,22-05-23-08-00-48-108
96.06,13.17,666.00,6.49,22-05-23-08-00-48-144
95.50,14.06,666.00,4.42,22-05-23-08-00-48-178
94.88,14.79,666.00,9.31,22-05-23-08-00-48-213
93.14,15.98,666.00,9.01,22-05-23-08-00-48-244
91.39,16.86,666.00,8.39,22-05-23-08-00-48-280
89.49,17.53,666.00,7.50,22-05-23-08-00-48-308
87.87,17.98,666.00,20.47,22-05-23-08-00-48-345
86.69,18.28,666.00,16.01,22-05-23-08-00-48-378
85.87,18.48,666.00,10.08,22-05-23-08-00-48-410
85.30,18.62,666.00,7.50,22-05-23-08-00-48-442
84.92,18.71,666.00,5.94,22-05-23-08-00-48-476
84.72,18.79,666.00,6.98,22-05-23-08-00-48-510
84.64,18.85,666.00,9.11,22-05-23-08-00-48-543
84.81,18.97,666.00,11.14,22-05-23-08-00-48-576
85.11,19.09,666.00,15.19,22-05-23-08-00-48-610
85.52,19.21,666.00,18.99,22-05-23-08-00-48-641
86.12,19.32,666.00,24.57,22-05-23-08-00-48-677
86.62,19.39,10.13,32.03,22-05-23-08-00-48-710
87.07,19.48,3.39,43.39,22-05-23-08-00-48-742
87.50,19.54,1.68,49.69,22-05-23-08-00-48-775
87.90,19.58,-0.13,55.92,22-05-23-08-00-48-809
88.28,19.57,-1.68,67.70,22-05-23-08-00-48-841
88.62,19.53,-4.06,74.54,22-05-23-08-00-48-876
89.23,19.51,-5.80,81.84,22-05-23-08-00-48-911
89.99,19.52,-8.36,87.49,22-05-23-08-00-48-942
90.68,19.51,-10.98,93.36,22-05-23-08-00-48-976
91.61,19.59,-13.75,97.16,22-05-23-08-00-49-011
92.53,19.66,-17.11,106.12,22-05-23-08-00-49-042
93.63,19.75,-21.21,111.04,22-05-23-08-00-49-077
95.12,19.85,-26.24,115.03,22-05-23-08-00-49-111
96.34,19.94,-29.96,119.05,22-05-23-08-00-49-148
97.42,20.13,-32.86,126.01,22-05-23-08-00-49-177
98.59,20.42,-35.08,131.30,22-05-23-08-00-49-209
99.49,20.65,-36.83,133.26,22-05-23-08-00-49-241
100.33,20.90,-38.33,134.41,22-05-23-08-00-49-278
100.91,21.06,-39.30,134.76,22-05-23-08-00-49-308
101.33,21.10,-40.06,134.25,22-05-23-08-00-49-343
101.61,21.10,-40.62,133.19,22-05-23-08-00-49-377
101.82,21.05,-41.12,132.05,22-05-23-08-00-49-410
101.99,21.00,-43.12,125.96,22-05-23-08-00-49-443
102.11,20.92,-43.11,124.64,22-05-23-08-00-49-477
102.16,20.75,-42.85,117.67,22-05-23-08-00-49-511
102.07,20.42,-42.78,113.49,22-05-23-08-00-49-543
101.68,19.76,-41.62,104.45,22-05-23-08-00-49-577
101.03,18.85,-39.30,91.07,22-05-23-08-00-49-611
100.37,17.93,-38.80,80.50,22-05-23-08-00-49-645
99.54,16.87,-39.64,72.41,22-05-23-08-00-49-675
98.59,15.74,-39.31,63.88,22-05-23-08-00-49-708
97.75,14.80,-38.00,54.92,22-05-23-08-00-49-744
97.10,14.13,-36.37,44.01,22-05-23-08-00-49-775
96.60,13.69,-32.28,37.44,22-05-23-08-00-49-810
95.85,13.12,-31.51,30.33,22-05-23-08-00-49-845
95.28,12.75,666.00,27.27,22-05-23-08-00-49-876
94.88,12.82,666.00,24.77,22-05-23-08-00-49-910
94.60,12.83,666.00,20.96,22-05-23-08-00-49-941
94.35,12.87,666.00,14.47,22-05-23-08-00-49-975
94.13,12.97,666.00,6.58,22-05-23-08-00-50-007
93.93,13.09,666.00,2.66,22-05-23-08-00-50-041
93.59,13.27,666.00,1.71,22-05-23-08-00-50-077
93.20,13.50,666.00,3.67,22-05-23-08-00-50-112
92.67,13.68,666.00,5.12,22-05-23-08-00-50-143
91.93,13.88,666.00,5.48,22-05-23-08-00-50-175
91.20,14.08,666.00,5.65,22-05-23-08-00-50-208
90.55,14.26,666.00,5.42,22-05-23-08-00-50-244
90.04,14.43,666.00,5.18,22-05-23-08-00-50-276
89.64,14.57,666.00,4.82,22-05-23-08-00-50-311
89.35,14.68,666.00,4.54,22-05-23-08-00-50-343
89.15,14.77,666.00,4.37,22-05-23-08-00-50-374
89.02,14.85,666.00,3.86,22-05-23-08-00-50-410
88.95,14.93,666.00,5.44,22-05-23-08-00-50-442
88.92,14.99,666.00,11.78,22-05-23-08-00-50-477
88.97,15.06,666.00,21.67,22-05-23-08-00-50-508
89.44,15.00,666.00,28.23,22-05-23-08-00-50-544
89.92,14.94,-1.78,41.41,22-05-23-08-00-50-579
90.40,14.85,-4.40,48.28,22-05-23-08-00-50-613
90.86,14.65,-6.10,60.27,22-05-23-08-00-50-641
91.24,14.54,-8.36,67.55,22-05-23-08-00-50-677
91.59,14.44,-11.60,77.03,22-05-23-08-00-50-708
91.91,14.35,-14.10,83.96,22-05-23-08-00-50-743
92.55,14.21,-17.90,90.53,22-05-23-08-00-50-778
93.50,14.04,-22.32,95.32,22-05-23-08-00-50-808
95.42,14.03,-31.35,102.13,22-05-23-08-00-50-844
97.08,14.08,-37.65,105.93,22-05-23-08-00-50-876
99.01,14.31,-44.40,109.78,22-05-23-08-00-50-908
100.32,14.51,-48.28,113.07,22-05-23-08-00-50-942
101.32,14.73,-51.34,116.97,22-05-23-08-00-50-976
101.93,14.94,-53.39,120.29,22-05-23-08-00-51-010
102.46,15.23,-53.91,129.57,22-05-23-08-00-51-040
102.88,15.55,-52.78,134.96,22-05-23-08-00-51-078
103.19,15.85,-52.75,136.76,22-05-23-08-00-51-109
103.46,16.19,-53.25,136.98,22-05-23-08-00-51-143
103.66,16.52,-54.00,135.47,22-05-23-08-00-51-179
103.81,16.81,-54.36,133.52,22-05-23-08-00-51-211
103.92,17.04,-52.37,124.10,22-05-23-08-00-51-242
103.98,17.20,-51.52,118.38,22-05-23-08-00-51-279
104.03,17.30,-51.16,115.16,22-05-23-08-00-51-309
104.06,17.36,-50.92,111.87,22-05-23-08-00-51-342
103.91,17.27,-49.12,103.45,22-05-23-08-00-51-377
103.70,17.12,-47.30,91.57,22-05-23-08-00-51-410
103.33,16.83,-46.60,84.83,22-05-23-08-00-51-443
102.92,16.50,-46.66,75.81,22-05-23-08-00-51-477
102.44,16.10,-46.87,69.67,22-05-23-08-00-51-509
101.98,15.67,-46.74,61.61,22-05-23-08-00-51-543
101.64,15.35,-46.84,54.65,22-05-23-08-00-51-576
101.35,15.12,-46.18,47.44,22-05-23-08-00-51-611
101.09,14.89,-44.74,41.06,22-05-23-08-00-51-643
100.91,14.78,666.00,29.62,22-05-23-08-00-51-675
100.76,14.71,666.00,24.62,22-05-23-08-00-51-707
100.62,14.65,666.00,19.55,22-05-23-08-00-51-743
100.38,14.74,666.00,14.68,22-05-23-08-00-51-775
100.01,14.84,666.00,7.94,22-05-23-08-00-51-814
99.81,14.91,666.00,2.60,22-05-23-08-00-51-841
99.58,14.98,666.00,5.10,22-05-23-08-00-51-875
99.25,15.14,666.00,8.54,22-05-23-08-00-51-907
98.33,15.41,666.00,9.51,22-05-23-08-00-51-941
97.17,15.54,666.00,9.30,22-05-23-08-00-51-976
95.91,15.55,666.00,8.37,22-05-23-08-00-52-010
94.92,15.51,666.00,7.53,22-05-23-08-00-52-044
94.21,15.45,666.00,6.80,22-05-23-08-00-52-077
93.68,15.39,666.00,6.11,22-05-23-08-00-52-110
93.30,15.34,666.00,5.58,22-05-23-08-00-52-144
93.02,15.29,666.00,5.08,22-05-23-08-00-52-178
92.81,15.25,666.00,4.48,22-05-23-08-00-52-209
92.66,15.19,666.00,4.21,22-05-23-08-00-52-244
92.54,15.14,666.00,7.57,22-05-23-08-00-52-279
92.47,15.10,666.00,12.30,22-05-23-08-00-52-309
92.44,15.05,666.00,22.69,22-05-23-08-00-52-342
92.60,15.02,-19.94,32.74,22-05-23-08-00-52-375
93.44,14.94,-23.89,36.57,22-05-23-08-00-52-409
94.68,14.99,-29.25,43.70,22-05-23-08-00-52-442
95.75,15.02,-32.60,51.36,22-05-23-08-00-52-476
96.44,14.96,-34.38,55.26,22-05-23-08-00-52-510
96.86,14.87,-35.43,62.65,22-05-23-08-00-52-543
97.13,14.76,-36.78,69.72,22-05-23-08-00-52-579
97.32,14.65,-37.47,74.79,22-05-23-08-00-52-615
97.43,14.52,-37.29,82.95,22-05-23-08-00-52-640
97.52,14.42,-37.11,88.73,22-05-23-08-00-52-679
97.57,14.29,-37.48,99.26,22-05-23-08-00-52-711
97.62,14.19,-37.71,105.29,22-05-23-08-00-52-743
97.70,14.13,-38.78,111.26,22-05-23-08-00-52-778
97.78,14.06,-39.97,123.79,22-05-23-08-00-52-811
98.10,14.08,-41.14,128.77,22-05-23-08-00-52-843
98.59,14.21,-39.66,135.97,22-05-23-08-00-52-876
99.18,14.46,-40.20,138.10,22-05-23-08-00-52-908
99.82,14.77,-40.88,139.15,22-05-23-08-00-52-942
100.37,15.08,-41.14,138.92,22-05-23-08-00-52-976
100.83,15.36,-41.53,134.11,22-05-23-08-00-53-011
101.24,15.63,-41.54,133.04,22-05-23-08-00-53-044
101.58,15.88,-42.33,130.92,22-05-23-08-00-53-075
101.81,16.06,-43.07,128.76,22-05-23-08-00-53-108
101.99,16.21,-44.99,122.87,22-05-23-08-00-53-143
102.12,16.32,-45.79,119.40,22-05-23-08-00-53-175
102.18,16.35,-45.75,114.28,22-05-23-08-00-53-210
101.75,16.01,-42.91,103.72,22-05-23-08-00-53-242
101.17,15.51,-41.25,94.97,22-05-23-08-00-53-277
100.00,14.53,-40.00,84.71,22-05-23-08-00-53-311
99.04,13.74,-38.94,76.86,22-05-23-08-00-53-340
98.16,12.99,-39.44,71.18,22-05-23-08-00-53-376
97.35,12.34,-39.93,64.83,22-05-23-08-00-53-409
96.57,11.76,-40.06,58.40,22-05-23-08-00-53-442
95.95,11.37,-39.45,50.36,22-05-23-08-00-53-476
95.39,11.12,-37.80,43.66,22-05-23-08-00-53-507
94.90,10.96,-35.27,33.21,22-05-23-08-00-53-543
94.52,10.86,666.00,28.41,22-05-23-08-00-53-577
94.22,10.84,666.00,24.62,22-05-23-08-00-53-609
93.92,10.89,666.00,21.07,22-05-23-08-00-53-645
93.65,10.98,666.00,15.75,22-05-23-08-00-53-677
93.42,11.08,666.00,8.75,22-05-23-08-00-53-709
93.23,11.26,666.00,5.16,22-05-23-08-00-53-743
93.07,11.44,666.00,2.91,22-05-23-08-00-53-776
92.94,11.74,666.00,3.49,22-05-23-08-00-53-810
92.66,12.08,666.00,4.84,22-05-23-08-00-53-843
91.97,12.65,666.00,4.91,22-05-23-08-00-53-876
91.28,13.11,666.00,4.72,22-05-23-08-00-53-910
90.64,13.41,666.00,4.37,22-05-23-08-00-53-942
90.12,13.61,666.00,4.06,22-05-23-08-00-53-975
89.26,13.99,666.00,3.90,22-05-23-08-00-54-011
88.73,14.22,666.00,4.71,22-05-23-08-00-54-043
88.44,14.33,666.00,5.28,22-05-23-08-00-54-076
88.35,14.35,666.00,5.54,22-05-23-08-00-54-107
88.38,14.32,666.00,5.96,22-05-23-08-00-54-145
88.44,14.27,666.00,8.12,22-05-23-08-00-54-176
88.51,14.19,666.00,13.62,22-05-23-08-00-54-209
88.72,14.01,666.00,22.19,22-05-23-08-00-54-246
88.97,13.81,5.85,32.81,22-05-23-08-00-54-276
88.62,12.59,2.21,41.70,22-05-23-08-00-54-308
88.35,11.70,2.14,49.27,22-05-23-08-00-54-340
88.23,11.03,2.91,55.24,22-05-23-08-00-54-376
88.21,10.45,3.40,67.18,22-05-23-08-00-54-412
88.23,9.99,3.54,73.68,22-05-23-08-00-54-444
88.39,9.57,2.94,81.46,22-05-23-08-00-54-478
88.70,9.11,1.96,87.09,22-05-23-08-00-54-509
89.20,8.61,0.38,94.13,22-05-23-08-00-54-541
89.82,8.18,-3.68,101.01,22-05-23-08-00-54-577
90.47,7.83,-9.94,111.11,22-05-23-08-00-54-610
91.44,7.59,-18.13,115.71,22-05-23-08-00-54-642
92.52,7.45,-27.44,120.78,22-05-23-08-00-54-678
93.86,7.43,-36.22,129.30,22-05-23-08-00-54-709
95.19,7.57,-41.34,138.15,22-05-23-08-00-54-742
96.45,7.85,-45.77,140.52,22-05-23-08-00-54-775
97.42,8.14,-48.48,141.69,22-05-23-08-00-54-811
98.18,8.42,-51.46,139.77,22-05-23-08-00-54-839
98.77,8.68,-53.19,137.76,22-05-23-08-00-54-874
99.21,8.90,-54.69,135.70,22-05-23-08-00-54-908
99.64,9.14,-55.73,134.12,22-05-23-08-00-54-945
99.98,9.35,-56.25,132.26,22-05-23-08-00-54-975
100.28,9.55,-59.88,125.00,22-05-23-08-00-55-011
100.48,9.72,-61.23,121.07,22-05-23-08-00-55-044
100.56,9.85,-61.39,117.90,22-05-23-08-00-55-078
100.40,9.96,-60.64,115.08,22-05-23-08-00-55-110
99.95,10.07,-57.70,104.42,22-05-23-08-00-55-144
99.00,10.06,-54.02,97.98,22-05-23-08-00-55-176
98.16,10.01,-50.09,88.67,22-05-23-08-00-55-209
97.47,9.95,-48.37,80.32,22-05-23-08-00-55-244
96.78,9.84,-47.26,72.53,22-05-23-08-00-55-280
96.08,9.67,-44.32,61.68,22-05-23-08-00-55-310
95.44,9.53,-41.34,55.60,22-05-23-08-00-55-343
94.88,9.41,-38.84,50.41,22-05-23-08-00-55-383
94.41,9.32,-36.57,39.86,22-05-23-08-00-55-407
94.01,9.26,-34.84,34.55,22-05-23-08-00-55-442
93.67,9.22,-34.37,30.13,22-05-23-08-00-55-476
93.39,9.21,666.00,26.59,22-05-23-08-00-55-509
93.24,10.03,666.00,22.98,22-05-23-08-00-55-542
92.87,10.42,666.00,13.04,22-05-23-08-00-55-578
92.70,10.99,666.00,8.48,22-05-23-08-00-55-610
92.52,11.45,666.00,5.90,22-05-23-08-00-55-645
92.34,11.81,666.00,4.36,22-05-23-08-00-55-677
92.14,12.09,666.00,4.13,22-05-23-08-00-55-709
91.90,12.39,666.00,5.30,22-05-23-08-00-55-745
91.52,12.64,666.00,6.33,22-05-23-08-00-55-777
91.02,12.85,666.00,6.82,22-05-23-08-00-55-810
90.51,13.03,666.00,6.94,22-05-23-08-00-55-843
90.02,13.15,666.00,6.80,22-05-23-08-00-55-876
89.60,13.25,666.00,6.55,22-05-23-08-00-55-909
89.24,13.30,666.00,6.23,22-05-23-08-00-55-949
88.95,13.33,666.00,5.89,22-05-23-08-00-55-975
88.73,13.39,666.00,5.44,22-05-23-08-00-56-010
88.57,13.43,666.00,4.73,22-05-23-08-00-56-042
88.46,13.44,666.00,4.51,22-05-23-08-00-56-075
88.39,13.45,666.00,6.19,22-05-23-08-00-56-110
88.34,13.44,666.00,10.94,22-05-23-08-00-56-144
87.74,13.53,666.00,18.01,22-05-23-08-00-56-177
87.17,13.83,666.00,28.46,22-05-23-08-00-56-211
86.78,14.00,11.21,38.17,22-05-23-08-00-56-242
86.48,14.09,10.71,45.68,22-05-23-08-00-56-277
86.30,14.12,10.04,51.79,22-05-23-08-00-56-312
86.22,14.12,10.35,56.46,22-05-23-08-00-56-343
86.21,14.08,10.01,68.11,22-05-23-08-00-56-379
86.27,14.00,9.52,75.18,22-05-23-08-00-56-409
86.47,13.86,8.43,83.05,22-05-23-08-00-56-444
86.80,13.67,6.50,88.68,22-05-23-08-00-56-477
87.25,13.48,2.61,97.79,22-05-23-08-00-56-509
88.01,13.31,-1.52,102.50,22-05-23-08-00-56-543
88.83,13.18,-5.23,107.84,22-05-23-08-00-56-572
89.75,13.09,-10.18,113.39,22-05-23-08-00-56-609
90.66,13.02,-14.75,116.91,22-05-23-08-00-56-642
91.81,13.10,-20.54,120.45,22-05-23-08-00-56-676
92.91,13.34,-26.58,123.91,22-05-23-08-00-56-711
93.99,13.72,-32.01,134.54,22-05-23-08-00-56-744
94.87,14.05,-35.82,137.27,22-05-23-08-00-56-776
95.55,14.32,-38.37,138.60,22-05-23-08-00-56-811
96.07,14.52,-40.17,139.25,22-05-23-08-00-56-843
96.47,14.68,-41.35,139.12,22-05-23-08-00-56-876
96.80,14.84,-42.19,138.41,22-05-23-08-00-56-910
97.08,14.98,-42.94,136.87,22-05-23-08-00-56-944
97.31,15.11,-43.56,135.48,22-05-23-08-00-56-978
97.50,15.22,-44.03,134.30,22-05-23-08-00-57-010
97.65,15.32,-43.25,127.03,22-05-23-08-00-57-042
97.74,15.38,-42.94,123.27,22-05-23-08-00-57-074
97.72,15.37,-42.12,120.06,22-05-23-08-00-57-118
97.35,15.12,-39.68,113.54,22-05-23-08-00-57-142
96.84,14.78,-34.58,102.80,22-05-23-08-00-57-176
96.11,14.20,-32.52,92.50,22-05-23-08-00-57-215
95.33,13.57,-31.21,82.74,22-05-23-08-00-57-242
94.51,12.85,-30.27,75.71,22-05-23-08-00-57-278
93.76,12.16,-30.05,68.42,22-05-23-08-00-57-307
93.15,11.62,-29.01,61.85,22-05-23-08-00-57-342
92.67,11.18,-27.19,51.52,22-05-23-08-00-57-375
92.29,10.84,-26.59,47.08,22-05-23-08-00-57-408
91.97,10.59,-24.65,40.34,22-05-23-08-00-57-443
91.73,10.44,-24.19,36.06,22-05-23-08-00-57-478
92.65,11.03,-27.90,31.73,22-05-23-08-00-57-509
93.07,11.39,666.00,25.43,22-05-23-08-00-57-543
93.24,11.71,666.00,16.03,22-05-23-08-00-57-577
93.27,12.03,666.00,6.81,22-05-23-08-00-57-609
93.15,12.44,666.00,1.76,22-05-23-08-00-57-645
92.79,12.94,666.00,3.20,22-05-23-08-00-57-677
92.15,13.43,666.00,5.57,22-05-23-08-00-57-708
90.04,15.27,666.00,6.61,22-05-23-08-00-57-743
88.36,16.10,666.00,6.65,22-05-23-08-00-57-777
87.39,16.57,666.00,6.88,22-05-23-08-00-57-810
86.68,16.79,666.00,6.86,22-05-23-08-00-57-841
86.20,16.93,666.00,6.87,22-05-23-08-00-57-876
85.89,17.04,666.00,6.90,22-05-23-08-00-57-910
85.55,16.73,666.00,7.18,22-05-23-08-00-57-942
85.49,16.57,666.00,7.70,22-05-23-08-00-57-975
85.54,16.45,666.00,8.01,22-05-23-08-00-58-009
85.63,16.36,666.00,8.22,22-05-23-08-00-58-041
85.73,16.28,666.00,8.41,22-05-23-08-00-58-077
85.88,16.21,666.00,9.08,22-05-23-08-00-58-109
86.09,16.14,666.00,11.30,22-05-23-08-00-58-143
86.36,16.06,666.00,19.71,22-05-23-08-00-58-177
87.27,15.92,666.00,25.20,22-05-23-08-00-58-210
87.79,15.80,2.22,33.56,22-05-23-08-00-58-242
88.12,15.68,-0.34,41.63,22-05-23-08-00-58-277
88.77,15.42,-3.52,46.31,22-05-23-08-00-58-314
89.23,15.15,-4.49,56.69,22-05-23-08-00-58-341
89.68,14.86,-6.78,63.50,22-05-23-08-00-58-377
90.12,14.54,-9.43,70.09,22-05-23-08-00-58-410
90.61,14.14,-13.32,77.56,22-05-23-08-00-58-443
91.12,13.65,-17.16,83.10,22-05-23-08-00-58-475
91.53,13.25,-20.04,90.16,22-05-23-08-00-58-508
91.98,12.95,-23.73,97.30,22-05-23-08-00-58-544
92.41,12.73,-26.90,104.09,22-05-23-08-00-58-576
92.97,12.65,-31.22,109.91,22-05-23-08-00-58-608
93.67,12.74,-35.56,114.35,22-05-23-08-00-58-644
95.08,13.38,-41.38,117.21,22-05-23-08-00-58-676
96.28,14.12,-46.00,120.15,22-05-23-08-00-58-713
97.08,14.72,-48.72,130.98,22-05-23-08-00-58-741
97.89,15.49,-50.53,133.69,22-05-23-08-00-58-778
98.52,16.16,-51.56,135.31,22-05-23-08-00-58-811
99.06,16.76,-53.06,135.24,22-05-23-08-00-58-842
99.51,17.30,-53.96,134.45,22-05-23-08-00-58-877
99.88,17.77,-54.50,133.47,22-05-23-08-00-58-908
100.12,18.10,-54.62,132.59,22-05-23-08-00-58-942
100.27,18.32,-54.44,131.72,22-05-23-08-00-58-977
100.35,18.49,-53.00,125.29,22-05-23-08-00-59-008
100.38,18.59,-51.89,121.64,22-05-23-08-00-59-045
100.26,18.58,-50.34,118.35,22-05-23-08-00-59-076
99.99,18.42,-48.69,114.71,22-05-23-08-00-59-109
99.42,17.99,-47.00,110.27,22-05-23-08-00-59-142
98.70,17.45,-43.21,102.52,22-05-23-08-00-59-176
97.94,16.87,-40.39,95.54,22-05-23-08-00-59-214
97.21,16.29,-37.12,87.56,22-05-23-08-00-59-240
96.45,15.67,-35.14,80.85,22-05-23-08-00-59-278
95.54,14.93,-34.26,74.79,22-05-23-08-00-59-310
94.80,14.32,-33.76,68.25,22-05-23-08-00-59-343
94.22,13.86,-33.19,61.14,22-05-23-08-00-59-377
93.79,13.52,-32.54,51.23,22-05-23-08-00-59-411
93.45,13.25,-32.36,45.12,22-05-23-08-00-59-441
93.14,13.06,-31.33,38.56,22-05-23-08-00-59-476
92.84,12.95,-30.89,34.54,22-05-23-08-00-59-508
92.52,12.92,666.00,29.29,22-05-23-08-00-59-542
92.19,12.98,666.00,21.76,22-05-23-08-00-59-575
91.84,13.13,666.00,16.93,22-05-23-08-00-59-610
91.44,13.46,666.00,8.12,22-05-23-08-00-59-644
91.04,13.87,666.00,5.18,22-05-23-08-00-59-675
90.65,14.33,666.00,3.60,22-05-23-08-00-59-715
90.09,14.90,666.00,2.81,22-05-23-08-00-59-741
89.38,15.44,666.00,4.27,22-05-23-08-00-59-777
88.64,15.84,666.00,4.74,22-05-23-08-00-59-808
87.98,16.14,666.00,4.72,22-05-23-08-00-59-841
87.39,16.36,666.00,4.48,22-05-23-08-00-59-875
84.58,16.02,666.00,1.27,22-05-23-08-00-59-908
83.93,16.01,666.00,2.56,22-05-23-08-00-59-943
83.50,15.98,666.00,3.62,22-05-23-08-00-59-977
83.35,16.14,666.00,5.28,22-05-23-08-01-00-010
83.19,16.09,666.00,6.51,22-05-23-08-01-00-041
83.18,16.05,666.00,7.78,22-05-23-08-01-00-079
83.25,15.99,666.00,10.44,22-05-23-08-01-00-109
83.39,15.92,666.00,14.02,22-05-23-08-01-00-144
83.57,15.84,666.00,21.12,22-05-23-08-01-00-177
83.76,15.80,666.00,27.94,22-05-23-08-01-00-209
84.08,15.73,14.82,37.30,22-05-23-08-01-00-242
84.50,15.65,12.96,41.10,22-05-23-08-01-00-279
84.96,15.56,11.06,45.33,22-05-23-08-01-00-311
85.45,15.46,8.62,49.07,22-05-23-08-01-00-341
86.00,15.32,6.18,57.66,22-05-23-08-01-00-380
86.55,15.15,4.23,64.16,22-05-23-08-01-00-411
87.23,14.93,0.83,69.91,22-05-23-08-01-00-441
87.92,14.69,-2.15,75.85,22-05-23-08-01-00-476
88.79,14.43,-6.38,82.20,22-05-23-08-01-00-510
89.50,14.23,-10.32,87.12,22-05-23-08-01-00-543
90.10,14.10,-13.40,92.17,22-05-23-08-01-00-576
90.85,14.04,-18.16,99.61,22-05-23-08-01-00-613
91.49,14.06,-22.05,105.57,22-05-23-08-01-00-644
92.09,14.14,-25.94,112.52,22-05-23-08-01-00-677
92.90,14.46,-29.92,116.18,22-05-23-08-01-00-713
93.77,14.88,-33.05,119.41,22-05-23-08-01-00-742
94.47,15.31,-35.78,121.97,22-05-23-08-01-00-777
95.01,15.71,-36.77,129.89,22-05-23-08-01-00-810
95.42,16.03,-37.56,133.43,22-05-23-08-01-00-843
95.72,16.29,-36.77,136.52,22-05-23-08-01-00-876
95.96,16.49,-37.30,137.51,22-05-23-08-01-00-912
96.14,16.65,-37.46,137.98,22-05-23-08-01-00-942
96.33,16.81,-37.84,136.79,22-05-23-08-01-00-976
96.51,16.95,-41.06,128.92,22-05-23-08-01-01-010
96.64,17.05,-42.41,122.80,22-05-23-08-01-01-044
96.72,17.09,-42.53,119.04,22-05-23-08-01-01-078
96.80,17.11,-41.72,115.53,22-05-23-08-01-01-110
96.85,17.11,-40.43,112.12,22-05-23-08-01-01-142
96.81,17.04,-38.24,107.06,22-05-23-08-01-01-177
96.68,16.89,-35.81,101.03,22-05-23-08-01-01-209
96.43,16.61,-32.03,92.45,22-05-23-08-01-01-242
96.07,16.11,-30.52,86.96,22-05-23-08-01-01-276
95.66,15.57,-29.98,80.32,22-05-23-08-01-01-310
95.21,15.01,-30.15,75.06,22-05-23-08-01-01-346
94.70,14.38,-29.96,68.96,22-05-23-08-01-01-377
94.21,13.79,-29.36,62.38,22-05-23-08-01-01-407
93.74,13.26,-27.25,50.96,22-05-23-08-01-01-441
93.34,12.84,-25.80,45.99,22-05-23-08-01-01-476
92.93,12.43,-25.13,42.00,22-05-23-08-01-01-510
92.59,12.10,-25.21,38.11,22-05-23-08-01-01-542
92.34,11.88,-25.36,34.20,22-05-23-08-01-01-577
91.42,11.71,666.00,29.07,22-05-23-08-01-01-610
91.40,11.86,666.00,21.12,22-05-23-08-01-01-642
91.17,11.86,666.00,15.65,22-05-23-08-01-01-677
91.34,12.22,666.00,8.80,22-05-23-08-01-01-711
91.50,12.64,666.00,4.92,22-05-23-08-01-01-741
91.28,12.95,666.00,3.42,22-05-23-08-01-01-778
90.99,13.21,666.00,2.79,22-05-23-08-01-01-810
90.73,13.40,666.00,2.63,22-05-23-08-01-01-841
90.44,13.55,666.00,2.77,22-05-23-08-01-01-876
90.18,13.67,666.00,2.99,22-05-23-08-01-01-909
89.95,13.76,666.00,3.15,22-05-23-08-01-01-942
89.76,13.83,666.00,3.24,22-05-23-08-01-01-976
89.60,13.87,666.00,3.34,22-05-23-08-01-02-009
89.46,13.91,666.00,3.49,22-05-23-08-01-02-044
89.32,13.95,666.00,3.85,22-05-23-08-01-02-075
89.20,13.97,666.00,4.30,22-05-23-08-01-02-109
89.11,13.98,666.00,4.76,22-05-23-08-01-02-142
89.02,13.98,666.00,5.22,22-05-23-08-01-02-178
88.94,13.96,666.00,5.65,22-05-23-08-01-02-209
88.86,13.94,666.00,6.05,22-05-23-08-01-02-241
88.79,13.90,666.00,6.42,22-05-23-08-01-02-278
88.73,13.86,666.00,6.74,22-05-23-08-01-02-308
88.67,13.80,666.00,7.00,22-05-23-08-01-02-342
88.49,13.65,666.00,7.45,22-05-23-08-01-02-376
87.85,13.34,666.00,8.62,22-05-23-08-01-02-410
86.36,12.87,666.00,9.41,22-05-23-08-01-02-444
82.55,11.72,666.00,9.36,22-05-23-08-01-02-478
77.12,10.33,666.00,10.67,22-05-23-08-01-02-510
71.99,9.22,666.00,12.55,22-05-23-08-01-02-543
62.30,7.77,666.00,17.77,22-05-23-08-01-02-578
55.46,6.29,666.00,19.65,22-05-23-08-01-02-610
49.55,4.80,666.00,20.95,22-05-23-08-01-02-643
44.41,2.98,666.00,23.60,22-05-23-08-01-02-678
40.41,0.83,666.00,24.89,22-05-23-08-01-02-711
35.09,-1.54,666.00,26.95,22-05-23-08-01-02-742
31.93,-3.40,666.00,27.59,22-05-23-08-01-02-774
29.56,-5.23,666.00,28.34,22-05-23-08-01-02-811
26.62,-7.29,666.00,28.75,22-05-23-08-01-02-843
23.69,-9.47,666.00,28.95,22-05-23-08-01-02-875
21.11,-11.89,666.00,29.08,22-05-23-08-01-02-909
19.02,-14.22,666.00,29.56,22-05-23-08-01-02-942
16.43,-18.04,-6.52,30.39,22-05-23-08-01-02-977
14.77,-21.41,-6.34,31.09,22-05-23-08-01-03-009
13.50,-24.53,-5.64,31.50,22-05-23-08-01-03-042
12.61,-27.05,-5.69,31.75,22-05-23-08-01-03-074
11.92,-29.13,-6.23,31.92,22-05-23-08-01-03-109
11.42,-30.84,-6.57,32.06,22-05-23-08-01-03-142
11.04,-32.27,-6.75,32.14,22-05-23-08-01-03-176
10.74,-33.40,-6.85,32.18,22-05-23-08-01-03-208
10.52,-34.32,-6.85,32.21,22-05-23-08-01-03-243
10.35,-35.02,-6.80,32.23,22-05-23-08-01-03-276
10.23,-35.47,-6.71,32.22,22-05-23-08-01-03-310
10.14,-35.73,-6.61,32.20,22-05-23-08-01-03-345
10.09,-35.82,-6.54,32.17,22-05-23-08-01-03-375
10.06,-35.76,-6.49,32.12,22-05-23-08-01-03-408
10.04,-35.62,-6.41,32.07,22-05-23-08-01-03-443
10.03,-35.39,-6.34,32.00,22-05-23-08-01-03-474
10.02,-35.12,-6.30,31.93,22-05-23-08-01-03-510
10.02,-34.84,-6.34,31.84,22-05-23-08-01-03-541
10.02,-34.51,-6.40,31.71,22-05-23-08-01-03-578
10.03,-34.37,-6.45,31.63,22-05-23-08-01-03-609
10.04,-34.35,-6.49,31.56,22-05-23-08-01-03-639
10.04,-34.53,-6.51,31.48,22-05-23-08-01-03-677
10.05,-35.04,-6.43,31.46,22-05-23-08-01-03-710
10.05,-35.86,-6.29,31.44,22-05-23-08-01-03-743
10.05,-36.80,-6.16,31.41,22-05-23-08-01-03-777
10.04,-37.82,-6.02,31.33,22-05-23-08-01-03-811
10.05,-39.04,-5.82,31.32,22-05-23-08-01-03-840
10.09,-40.35,-5.60,31.40,22-05-23-08-01-03-876
10.12,-41.41,-5.43,31.44,22-05-23-08-01-03-911
10.16,-42.41,-5.28,31.58,22-05-23-08-01-03-942
10.22,-43.41,-5.14,31.75,22-05-23-08-01-03-976
10.27,-44.13,-5.10,31.89,22-05-23-08-01-04-009
