Timestamp,Kinect_LeftShoulder_Ext.-Flex.,Kinect_LeftShoulder_Abd.-Add.,Kinect_LeftShoulder_Int.-Ext.,Kinect_LeftElbow_Ext.-Flex.,Kinect_RightShoulder_Ext.-Flex.,Kinect_RightShoulder_Abd.-Add.,Kinect_RightShoulder_Int.-Ext.,Kinect_RightElbow_Ext.-Flex.,80.48,-5.87,18:16:36:598,666.00,10.37
89.87,-3.37,18:16:38:452,666.00,6.12
88.90,-3.59,18:16:38:822,666.00,3.95
88.98,-3.51,18:16:39:118,666.00,5.39
88.81,-4.70,18:16:39:298,666.00,9.58
88.35,-3.69,18:16:39:468,666.00,6.42
87.73,-3.16,18:16:39:593,666.00,6.61
87.15,-2.82,18:16:39:715,666.00,5.22
86.98,-2.77,18:16:39:841,666.00,5.67
86.82,-2.74,18:16:39:974,666.00,6.27
86.87,-3.13,18:16:40:112,666.00,5.26
87.24,-3.34,18:16:40:241,666.00,5.59
87.49,-3.60,18:16:40:374,666.00,5.89
87.68,-3.91,18:16:40:510,666.00,5.68
87.68,-3.71,18:16:40:630,666.00,5.06
87.69,-3.76,18:16:40:758,666.00,6.19
87.72,-3.85,18:16:40:880,666.00,6.61
87.80,-4.16,18:16:41:032,666.00,6.35
87.67,-4.17,18:16:41:156,666.00,6.41
87.52,-4.06,18:16:41:277,666.00,6.24
87.50,-4.07,18:16:41:396,666.00,6.34
87.45,-4.36,18:16:41:525,666.00,6.04
87.45,-4.15,18:16:41:648,666.00,5.70
87.42,-4.25,18:16:41:774,666.00,6.30
87.48,-4.37,18:16:41:894,666.00,6.21
87.61,-4.60,18:16:42:017,666.00,6.69
87.54,-4.44,18:16:42:138,666.00,6.79
87.58,-4.92,18:16:42:259,666.00,5.94
87.53,-4.66,18:16:42:388,666.00,6.07
87.45,-4.68,18:16:42:508,666.00,6.06
87.44,-4.32,18:16:42:624,666.00,6.13
87.25,-3.93,18:16:42:738,666.00,6.19
87.17,-3.87,18:16:42:862,666.00,6.25
86.91,-3.83,18:16:42:988,666.00,6.49
86.84,-3.73,18:16:43:110,666.00,5.82
86.71,-3.68,18:16:43:238,666.00,6.08
86.41,-4.09,18:16:43:357,666.00,6.90
86.43,-3.85,18:16:43:475,666.00,7.12
86.80,-3.46,18:16:43:612,666.00,7.05
86.87,-3.29,18:16:43:738,666.00,7.06
86.73,-3.07,18:16:43:857,666.00,6.69
86.68,-3.44,18:16:43:981,666.00,6.74
86.93,-3.57,18:16:44:107,666.00,6.61
87.43,-3.48,18:16:44:226,666.00,6.59
87.64,-3.64,18:16:44:351,666.00,7.08
87.63,-3.87,18:16:44:481,666.00,7.67
87.31,-3.87,18:16:44:606,666.00,7.86
87.37,-3.93,18:16:44:728,666.00,8.04
87.27,-3.74,18:16:44:847,666.00,7.05
87.32,-3.76,18:16:44:979,666.00,6.94
87.35,-3.83,18:16:45:108,666.00,7.38
87.29,-3.77,18:16:45:229,666.00,6.27
86.26,-3.57,18:16:45:349,666.00,9.44
87.89,-2.84,18:16:45:480,666.00,17.27
85.62,-4.24,18:16:45:622,-110.13,32.45
86.60,-3.68,18:16:45:745,-121.56,51.85
88.84,-2.99,18:16:45:869,-147.08,77.74
89.11,-2.75,18:16:46:009,-154.98,94.24
91.59,-3.07,18:16:46:139,157.11,106.08
94.52,-2.44,18:16:46:271,118.41,119.80
94.87,-2.09,18:16:46:391,112.78,122.01
94.48,-2.12,18:16:46:518,115.00,121.76
93.62,-2.49,18:16:46:645,127.49,107.01
90.46,-3.12,18:16:46:776,179.72,91.03
88.86,-3.14,18:16:46:898,-151.96,85.98
88.62,-2.58,18:16:47:020,-140.87,67.68
88.14,-2.60,18:16:47:141,-130.47,54.04
87.46,-2.65,18:16:47:277,-120.34,41.70
85.90,-2.12,18:16:47:409,666.00,28.83
84.33,-1.55,18:16:47:529,666.00,20.59
82.57,-1.54,18:16:47:658,666.00,12.72
81.92,-1.79,18:16:47:792,666.00,11.13
82.35,-2.23,18:16:47:921,666.00,9.94
80.62,-2.52,18:16:48:051,666.00,12.03
80.49,-2.27,18:16:48:179,666.00,21.93
81.52,-3.07,18:16:48:309,-93.41,33.44
83.46,-3.08,18:16:48:440,-100.74,44.48
84.42,-3.11,18:16:48:559,-106.04,55.02
86.26,-3.41,18:16:48:711,-121.38,69.73
87.42,-3.65,18:16:48:843,-136.79,89.59
88.67,-3.66,18:16:48:967,-154.20,97.21
90.49,-3.44,18:16:49:098,175.46,107.37
91.44,-3.92,18:16:49:229,160.60,118.30
92.32,-3.39,18:16:49:355,145.50,119.37
91.72,-3.57,18:16:49:481,155.72,113.12
90.76,-3.91,18:16:49:606,173.08,101.47
87.99,-3.97,18:16:49:728,-146.98,88.89
87.67,-3.53,18:16:49:859,-137.49,69.40
87.46,-3.52,18:16:49:991,-132.75,54.76
86.04,-3.17,18:16:50:137,-115.97,40.19
83.58,-3.62,18:16:50:262,-100.79,30.52
82.53,-3.53,18:16:50:379,666.00,20.24
81.78,-3.21,18:16:50:508,666.00,12.51
81.42,-3.40,18:16:50:632,666.00,10.79
79.95,-3.92,18:16:50:757,666.00,8.81
79.97,-3.95,18:16:50:877,666.00,9.27
79.82,-3.44,18:16:51:016,666.00,9.93
79.95,-3.49,18:16:51:147,666.00,15.40
80.28,-3.24,18:16:51:272,666.00,26.56
80.65,-3.08,18:16:51:390,-91.24,33.34
82.31,-3.42,18:16:51:528,-100.19,45.82
85.07,-2.89,18:16:51:658,-108.69,57.22
86.22,-3.03,18:16:51:779,-119.85,73.57
85.94,-2.62,18:16:51:915,-116.61,90.42
87.42,-2.83,18:16:52:055,-134.24,100.86
89.74,-3.17,18:16:52:175,-173.78,111.04
92.04,-2.91,18:16:52:308,139.42,120.30
91.80,-2.92,18:16:52:426,143.66,119.80
91.27,-3.54,18:16:52:551,163.01,107.21
89.09,-3.59,18:16:52:683,-158.95,90.49
87.12,-3.19,18:16:52:820,-129.75,79.98
86.53,-3.12,18:16:52:960,-121.90,62.49
85.58,-2.64,18:16:53:084,-106.35,48.62
85.04,-2.26,18:16:53:205,-96.98,36.38
84.28,-2.39,18:16:53:325,666.00,29.27
83.43,-2.25,18:16:53:440,666.00,18.30
80.94,-1.07,18:16:53:569,666.00,14.15
79.99,-1.99,18:16:53:699,666.00,8.40
79.18,-2.43,18:16:53:822,666.00,7.86
77.49,-3.40,18:16:53:946,666.00,10.82
78.58,-3.42,18:16:54:084,666.00,10.45
78.86,-3.41,18:16:54:205,666.00,15.08
78.95,-3.45,18:16:54:336,666.00,28.05
79.37,-3.38,18:16:54:466,-92.09,36.39
81.50,-3.26,18:16:54:611,-99.77,52.82
82.95,-3.08,18:16:54:740,-105.43,66.52
84.85,-2.80,18:16:54:861,-112.33,79.33
86.53,-2.80,18:16:54:980,-124.85,96.35
88.98,-2.87,18:16:55:110,-158.44,103.14
90.52,-3.15,18:16:55:242,170.56,115.18
92.34,-2.36,18:16:55:367,131.51,122.53
92.89,-2.43,18:16:55:502,127.08,122.84
91.98,-2.70,18:16:55:629,148.03,111.40
90.64,-3.87,18:16:55:752,175.26,101.25
87.50,-3.79,18:16:55:892,-139.33,85.21
87.69,-3.85,18:16:56:011,-137.76,66.09
87.19,-3.81,18:16:56:132,-127.86,53.27
86.80,-3.90,18:16:56:271,-119.65,36.00
84.96,-4.18,18:16:56:405,666.00,25.34
84.18,-4.07,18:16:56:534,666.00,18.02
83.66,-4.36,18:16:56:665,666.00,11.77
83.22,-1.92,18:16:56:783,666.00,6.15
79.69,-4.41,18:16:56:910,666.00,10.84
79.53,-4.91,18:16:57:034,666.00,11.67
79.42,-5.02,18:16:57:162,666.00,11.96
79.31,-4.66,18:16:57:295,666.00,14.97
78.86,-5.00,18:16:57:415,666.00,27.71
79.28,-4.85,18:16:57:533,-97.42,42.74
80.88,-3.80,18:16:57:659,-98.48,51.69
82.86,-3.48,18:16:57:784,-103.82,66.95
84.39,-3.68,18:16:57:907,-113.49,86.22
84.58,-3.74,18:16:58:031,-113.31,94.91
87.53,-3.39,18:16:58:170,-138.59,105.27
89.27,-2.58,18:16:58:309,-161.02,121.46
89.08,-2.68,18:16:58:441,-157.13,123.30
88.56,-3.26,18:16:58:572,-150.76,114.29
88.45,-3.21,18:16:58:695,-149.54,107.20
86.24,-3.32,18:16:58:827,-121.58,90.53
85.65,-3.92,18:16:58:973,-120.20,77.20
86.10,-4.69,18:16:59:111,-124.46,55.34
85.66,-5.22,18:16:59:237,-118.96,39.39
84.12,-5.44,18:16:59:360,-108.35,31.13
83.10,-5.68,18:16:59:481,666.00,21.08
81.60,-5.06,18:16:59:611,666.00,14.33
82.61,-4.22,18:16:59:727,666.00,11.14
77.64,-5.34,18:16:59:859,666.00,15.64
78.45,-5.85,18:17:00:000,666.00,15.41
78.73,-5.75,18:17:00:144,666.00,16.98
78.99,-5.34,18:17:00:270,666.00,26.04
79.86,-5.22,18:17:00:409,-94.96,37.55
81.48,-5.12,18:17:00:539,-103.79,54.57
84.26,-5.22,18:17:00:659,-117.77,66.59
86.08,-5.09,18:17:00:779,-130.19,83.41
87.55,-4.58,18:17:00:908,-143.54,99.47
90.71,-4.45,18:17:01:043,177.43,108.94
92.00,-3.58,18:17:01:175,153.76,116.26
92.67,-2.87,18:17:01:294,138.73,121.20
91.86,-3.01,18:17:01:423,154.80,114.55
91.07,-2.98,18:17:01:547,166.36,106.28
88.10,-2.73,18:17:01:678,-135.17,91.33
86.86,-2.04,18:17:01:803,-109.39,69.52
86.75,-1.42,18:17:01:929,-99.25,58.74
85.97,-1.05,18:17:02:067,-87.64,44.29
85.18,-0.67,18:17:02:191,-75.32,31.15
83.78,-0.71,18:17:02:328,666.00,18.70
83.36,-1.24,18:17:02:455,666.00,12.95
80.86,-0.63,18:17:02:582,666.00,9.13
80.94,-2.47,18:17:02:703,666.00,10.28
82.52,-2.63,18:17:02:829,666.00,8.52
80.92,-3.03,18:17:02:954,666.00,9.67
80.44,-3.06,18:17:03:079,666.00,16.83
80.45,-3.55,18:17:03:197,666.00,26.26
82.11,-4.17,18:17:03:318,-100.81,38.25
83.99,-3.18,18:17:03:442,-106.08,54.74
85.31,-3.21,18:17:03:566,-115.49,65.82
86.94,-3.34,18:17:03:691,-130.31,85.48
88.11,-3.19,18:17:03:820,-144.82,100.59
91.16,-3.11,18:17:03:942,161.11,109.70
92.58,-2.09,18:17:04:072,128.26,120.95
92.72,-1.79,18:17:04:202,122.55,121.29
92.19,-1.89,18:17:04:336,134.62,113.61
90.61,-2.90,18:17:04:474,172.96,100.84
88.21,-2.75,18:17:04:609,-137.21,82.96
87.57,-3.04,18:17:04:742,-128.64,65.25
87.13,-3.37,18:17:04:876,-122.46,46.90
86.85,-3.83,18:17:05:004,-117.57,33.18
86.06,-3.57,18:17:05:127,666.00,24.89
87.13,-1.95,18:17:05:257,666.00,13.11
85.10,-1.89,18:17:05:377,666.00,8.17
79.18,-3.48,18:17:05:508,666.00,11.21
82.16,-3.02,18:17:05:627,666.00,7.21
82.70,-2.43,18:17:05:751,666.00,5.16
82.79,-2.82,18:17:05:878,666.00,6.89
80.25,-4.15,18:17:06:007,666.00,11.82
80.44,-4.32,18:17:06:135,666.00,15.96
80.48,-4.39,18:17:06:268,666.00,24.58
88.52,-4.56,18:17:06:400,-131.96,31.71
84.72,-5.59,18:17:06:526,-117.65,48.01
85.32,-5.65,18:17:06:648,-125.33,63.21
86.44,-5.59,18:17:06:780,-135.66,85.30
88.19,-4.53,18:17:06:911,-147.64,96.98
90.63,-3.57,18:17:07:049,176.20,107.79
91.78,-2.03,18:17:07:168,145.02,115.87
92.38,-1.21,18:17:07:299,123.23,116.76
92.54,-0.81,18:17:07:432,116.20,106.91
91.34,0.13,18:17:07:559,94.71,92.02
88.63,-0.54,18:17:07:679,-99.34,76.91
86.82,1.03,18:17:07:795,-60.33,65.20
84.83,-1.25,18:17:07:933,-86.48,46.01
84.47,-1.90,18:17:08:066,-89.64,32.03
83.45,-2.50,18:17:08:194,666.00,17.77
81.94,-1.93,18:17:08:318,666.00,13.44
81.07,-3.58,18:17:08:453,666.00,10.08
80.07,-4.86,18:17:08:584,666.00,10.64
80.15,-4.74,18:17:08:706,666.00,11.03
80.27,-4.71,18:17:08:826,666.00,10.78
80.20,-4.78,18:17:08:952,666.00,10.35
79.79,-4.78,18:17:09:081,666.00,16.89
79.29,-5.44,18:17:09:205,666.00,27.46
82.52,-6.50,18:17:09:340,-109.43,43.11
83.61,-6.04,18:17:09:477,-119.05,59.60
83.12,-6.91,18:17:09:614,-123.52,79.64
84.17,-6.64,18:17:09:733,-131.26,96.82
87.93,-6.33,18:17:09:858,-157.43,106.68
90.04,-6.25,18:17:09:975,-177.67,119.51
90.10,-5.73,18:17:10:106,-177.73,120.75
89.82,-5.71,18:17:10:234,-173.30,114.64
89.17,-6.07,18:17:10:367,-166.14,97.89
86.27,-6.54,18:17:10:494,-140.81,87.68
86.01,-6.42,18:17:10:643,-137.01,72.16
89.31,-4.56,18:17:10:780,-158.05,48.32
93.02,-3.51,18:17:10:929,160.31,31.83
90.09,-3.39,18:17:11:067,666.00,17.49
89.97,-3.12,18:17:11:203,666.00,7.23
89.25,-2.95,18:17:11:334,666.00,7.13
88.27,-2.19,18:17:11:458,666.00,6.79
87.90,-1.93,18:17:11:573,666.00,5.83
87.59,-1.76,18:17:11:695,666.00,5.55
84.50,-1.61,18:17:11:816,666.00,7.46
87.73,-2.64,18:17:11:939,666.00,13.74
83.74,-3.61,18:17:12:067,666.00,27.29
87.88,-4.02,18:17:12:209,-136.82,38.32
87.97,-4.40,18:17:12:343,-143.39,66.03
89.07,-4.10,18:17:12:470,-159.24,87.89
90.76,-3.83,18:17:12:599,174.55,97.80
93.20,-3.82,18:17:12:730,144.27,109.59
94.39,-3.26,18:17:12:857,126.93,122.90
94.80,-2.82,18:17:12:980,120.51,123.59
94.09,-3.28,18:17:13:112,132.30,112.28
92.13,-3.91,18:17:13:237,160.33,94.15
89.28,-4.51,18:17:13:359,-160.39,84.65
88.59,-4.85,18:17:13:482,-152.10,66.18
89.13,-4.52,18:17:13:608,-150.52,45.06
88.31,-4.79,18:17:13:728,-137.33,33.95
85.44,-4.12,18:17:13:871,666.00,23.70
84.20,-3.15,18:17:13:998,666.00,14.43
85.07,-2.59,18:17:14:131,666.00,7.39
83.84,-3.27,18:17:14:257,666.00,7.81
80.43,-4.25,18:17:14:380,666.00,12.65
79.86,-4.87,18:17:14:511,666.00,12.99
80.02,-4.57,18:17:14:628,666.00,14.39
80.22,-4.72,18:17:14:762,666.00,14.82
80.15,-5.92,18:17:14:898,666.00,19.98
80.18,-5.72,18:17:15:026,-96.98,31.16
84.14,-5.58,18:17:15:158,-113.45,40.80
85.22,-5.34,18:17:15:277,-122.51,58.21
86.63,-5.21,18:17:15:409,-133.50,71.39
88.14,-4.72,18:17:15:537,-149.13,89.27
89.03,-4.21,18:17:15:666,-161.28,99.28
90.33,-3.69,18:17:15:789,178.98,110.97
92.33,-3.29,18:17:15:913,149.66,120.53
91.77,-3.65,18:17:16:039,159.18,117.41
91.09,-3.89,18:17:16:159,169.58,108.14
89.99,-5.34,18:17:16:279,-173.23,95.86
88.91,-5.32,18:17:16:405,-157.85,79.07
89.09,-5.93,18:17:16:527,-157.01,67.14
88.40,-5.72,18:17:16:648,-147.17,49.29
86.92,-5.29,18:17:16:770,-128.06,35.30
85.33,-4.96,18:17:16:906,666.00,24.77
83.38,-5.23,18:17:17:054,666.00,17.10
80.70,-3.61,18:17:17:175,666.00,10.35
82.73,-4.87,18:17:17:294,666.00,11.87
82.85,-4.39,18:17:17:411,666.00,11.25
82.75,-4.77,18:17:17:548,666.00,12.23
80.15,-5.84,18:17:17:689,666.00,13.90
84.68,-3.99,18:17:17:813,666.00,10.39
80.27,-5.57,18:17:17:940,666.00,21.97
80.22,-5.69,18:17:18:075,-97.19,33.45
80.77,-5.75,18:17:18:194,-104.55,42.85
82.69,-6.52,18:17:18:312,-114.43,57.12
85.18,-6.19,18:17:18:436,-127.71,70.37
86.92,-5.94,18:17:18:577,-141.42,87.81
89.39,-5.21,18:17:18:713,-165.12,98.82
91.70,-4.97,18:17:18:840,166.05,107.45
92.73,-4.38,18:17:18:966,151.63,113.54
92.87,-4.26,18:17:19:088,149.39,115.38
92.15,-4.94,18:17:19:210,161.83,107.02
89.76,-5.00,18:17:19:340,-171.27,92.56
88.48,-4.83,18:17:19:474,-151.87,81.91
88.34,-4.09,18:17:19:603,-143.61,62.91
87.90,-3.79,18:17:19:730,-132.81,46.68
87.29,-3.37,18:17:19:857,-118.59,34.16
85.14,-3.30,18:17:19:986,666.00,25.33
84.19,-3.05,18:17:20:110,666.00,19.93
87.22,-2.39,18:17:20:240,666.00,14.42
83.96,-2.43,18:17:20:366,666.00,12.34
82.13,-2.84,18:17:20:492,666.00,13.41
83.11,-2.69,18:17:20:615,666.00,12.00
82.47,-3.58,18:17:20:739,666.00,13.36
81.82,-3.74,18:17:20:866,666.00,13.82
81.56,-4.05,18:17:20:989,666.00,18.71
81.08,-3.88,18:17:21:117,-94.81,32.85
84.02,-3.35,18:17:21:250,-102.52,43.33
85.86,-3.44,18:17:21:405,-115.79,61.06
87.51,-3.24,18:17:21:542,-132.77,84.95
89.16,-3.23,18:17:21:675,-157.51,98.32
92.65,-4.33,18:17:21:807,154.19,104.89
93.52,-4.47,18:17:21:939,144.71,113.45
93.28,-4.14,18:17:22:076,145.58,112.28
92.04,-4.53,18:17:22:209,160.38,101.56
90.43,-4.47,18:17:22:341,-176.26,82.21
89.89,-4.50,18:17:22:459,-166.55,66.20
88.69,-4.74,18:17:22:584,-145.00,46.19
86.02,-4.69,18:17:22:707,-116.61,35.11
84.63,-4.37,18:17:22:827,666.00,27.08
86.70,-2.13,18:17:22:949,666.00,13.55
80.70,-3.22,18:17:23:078,666.00,13.16
82.06,-3.57,18:17:23:210,666.00,10.13
82.31,-4.37,18:17:23:348,666.00,8.12
82.35,-4.41,18:17:23:469,666.00,7.89
82.69,-4.31,18:17:23:606,666.00,9.48
79.30,-5.20,18:17:23:728,666.00,12.97
79.35,-5.20,18:17:23:869,666.00,21.55
83.31,-4.58,18:17:24:007,-104.27,39.48
85.25,-4.23,18:17:24:141,-115.36,52.95
86.60,-4.38,18:17:24:273,-129.08,73.67
87.81,-4.37,18:17:24:407,-143.58,90.28
90.70,-4.20,18:17:24:535,177.11,99.74
92.31,-4.35,18:17:24:660,158.17,105.41
93.68,-4.31,18:17:24:791,144.61,114.06
93.21,-4.28,18:17:24:916,149.61,113.00
92.47,-5.24,18:17:25:044,160.76,101.25
87.50,-5.53,18:17:25:176,-146.13,91.19
87.88,-5.57,18:17:25:302,-145.50,72.73
87.87,-5.34,18:17:25:425,-143.77,59.67
86.44,-5.07,18:17:25:544,-127.00,44.37
85.61,-5.05,18:17:25:666,-116.46,34.81
83.30,-5.20,18:17:25:788,666.00,26.59
82.24,-5.38,18:17:25:905,666.00,20.94
82.49,-5.62,18:17:26:048,666.00,14.56
84.35,-4.57,18:17:26:177,666.00,8.80
83.43,-5.43,18:17:26:304,666.00,8.18
83.02,-5.51,18:17:26:424,666.00,8.62
82.74,-5.85,18:17:26:549,666.00,9.34
82.56,-5.66,18:17:26:677,666.00,9.63
80.67,-7.26,18:17:26:802,666.00,12.38
84.37,-4.91,18:17:26:925,666.00,10.54
79.84,-7.13,18:17:27:057,-99.72,31.65
84.82,-6.04,18:17:27:205,-117.43,42.69
84.75,-5.22,18:17:27:330,-119.27,60.53
85.66,-5.07,18:17:27:452,-127.72,82.59
86.90,-4.54,18:17:27:572,-135.84,93.10
88.31,-4.54,18:17:27:695,-153.05,103.44
90.60,-4.46,18:17:27:818,176.70,108.67
90.90,-4.16,18:17:27:945,171.74,113.40
91.38,-4.45,18:17:28:070,168.66,105.08
88.88,-4.44,18:17:28:209,-157.22,88.71
87.89,-4.06,18:17:28:348,-140.09,74.88
87.15,-3.71,18:17:28:473,-126.19,57.62
88.33,-3.05,18:17:28:593,-131.38,42.21
87.00,-2.75,18:17:28:718,666.00,29.51
86.41,-1.89,18:17:28:841,666.00,19.04
85.96,-1.67,18:17:28:990,666.00,8.49
82.73,-2.59,18:17:29:128,666.00,11.41
82.89,-2.17,18:17:29:251,666.00,8.09
82.62,-1.72,18:17:29:377,666.00,9.96
82.62,-2.40,18:17:29:515,666.00,11.29
79.97,-2.76,18:17:29:646,666.00,14.48
79.20,-3.15,18:17:29:767,666.00,23.22
79.76,-3.31,18:17:29:895,-86.80,36.98
82.71,-3.07,18:17:30:030,-96.82,49.83
83.36,-3.13,18:17:30:153,-101.14,68.41
84.98,-3.18,18:17:30:285,-111.46,88.63
86.52,-2.99,18:17:30:416,-120.50,96.55
88.68,-2.50,18:17:30:540,-144.39,110.57
89.41,-2.22,18:17:30:656,-158.97,113.97
89.45,-2.81,18:17:30:776,-161.10,109.77
88.31,-2.91,18:17:30:917,-138.84,93.52
86.09,-3.73,18:17:31:041,-119.53,81.95
85.99,-2.96,18:17:31:171,-110.23,63.14
86.49,-2.17,18:17:31:294,-103.47,49.28
85.38,-2.72,18:17:31:416,-98.73,36.40
83.12,-3.17,18:17:31:540,666.00,24.92
82.91,-3.58,18:17:31:670,666.00,16.97
79.37,-4.97,18:17:31:811,666.00,13.73
79.28,-3.96,18:17:31:946,666.00,10.53
79.35,-3.67,18:17:32:072,666.00,10.37
79.40,-3.46,18:17:32:202,666.00,10.59
79.36,-3.82,18:17:32:326,666.00,10.99
79.46,-3.67,18:17:32:447,666.00,11.85
82.93,-3.10,18:17:32:577,666.00,20.94
79.19,-3.25,18:17:32:698,666.00,28.77
83.06,-2.93,18:17:32:834,-96.47,44.32
84.11,-2.18,18:17:32:964,-96.61,65.16
85.02,-2.22,18:17:33:091,-104.14,88.76
88.35,-1.82,18:17:33:221,-130.27,100.57
90.35,-2.14,18:17:33:348,177.01,111.68
91.35,-1.92,18:17:33:494,150.40,117.85
90.95,-1.89,18:17:33:624,159.06,116.31
90.61,-2.62,18:17:33:749,174.55,102.71
88.62,-3.01,18:17:33:877,-145.57,85.84
88.09,-3.36,18:17:34:006,-135.86,72.68
87.70,-3.68,18:17:34:138,-131.03,52.36
86.85,-3.41,18:17:34:261,-112.57,34.60
84.28,-3.55,18:17:34:391,666.00,21.30
80.34,-4.69,18:17:34:519,666.00,20.81
80.22,-4.93,18:17:34:649,666.00,16.54
82.42,-3.13,18:17:34:774,666.00,9.28
78.87,-3.84,18:17:34:894,666.00,9.91
78.88,-3.96,18:17:35:011,666.00,10.29
82.27,-3.20,18:17:35:141,666.00,8.03
78.72,-4.36,18:17:35:276,666.00,12.77
78.81,-4.07,18:17:35:408,666.00,22.94
81.27,-4.65,18:17:35:539,-92.04,34.70
83.15,-4.69,18:17:35:658,-103.28,42.85
84.33,-3.82,18:17:35:778,-107.95,59.43
85.18,-3.28,18:17:35:905,-112.66,81.99
86.21,-3.17,18:17:36:027,-121.73,92.47
88.92,-2.80,18:17:36:146,-154.10,107.17
91.54,-2.63,18:17:36:275,154.94,113.18
92.13,-2.69,18:17:36:404,146.08,118.23
91.78,-2.54,18:17:36:524,149.98,114.99
90.73,-3.43,18:17:36:657,174.19,98.94
87.92,-3.09,18:17:36:782,-134.53,84.37
88.29,-3.53,18:17:36:911,-141.13,68.62
88.07,-3.57,18:17:37:047,-132.91,54.58
88.22,-3.20,18:17:37:175,-128.95,38.15
86.74,-3.24,18:17:37:307,666.00,27.35
84.91,-3.50,18:17:37:436,666.00,17.66
81.68,-3.55,18:17:37:567,666.00,14.61
81.12,-3.58,18:17:37:702,666.00,11.79
79.39,-4.00,18:17:37:831,666.00,14.93
83.21,-2.89,18:17:37:963,666.00,11.57
83.23,-3.10,18:17:38:115,666.00,10.77
83.05,-3.28,18:17:38:258,666.00,11.79
79.92,-4.49,18:17:38:378,666.00,16.69
79.83,-5.11,18:17:38:497,666.00,24.92
79.95,-5.12,18:17:38:639,-95.34,36.08
82.57,-4.71,18:17:38:760,-104.83,52.29
83.88,-4.53,18:17:38:881,-112.66,72.47
85.16,-4.42,18:17:39:004,-122.21,91.58
87.77,-3.33,18:17:39:133,-139.98,104.13
90.02,-2.83,18:17:39:262,-176.09,112.85
91.59,-2.13,18:17:39:382,142.34,122.64
91.31,-2.37,18:17:39:506,156.04,114.40
90.44,-3.33,18:17:39:636,178.20,105.40
89.25,-4.12,18:17:39:757,-159.82,87.76
87.29,-4.85,18:17:39:886,-136.55,75.25
87.03,-4.59,18:17:40:025,-132.78,59.74
86.62,-4.35,18:17:40:154,-126.30,43.99
84.54,-4.82,18:17:40:279,-110.26,33.27
84.04,-5.06,18:17:40:418,666.00,21.45
80.15,-3.48,18:17:40:555,666.00,17.62
82.86,-3.25,18:17:40:677,666.00,10.19
80.01,-3.82,18:17:40:806,666.00,10.90
83.02,-2.58,18:17:40:937,666.00,7.83
80.03,-3.41,18:17:41:068,666.00,11.08
83.42,-3.22,18:17:41:200,666.00,11.50
79.75,-3.91,18:17:41:328,666.00,21.64
81.02,-4.52,18:17:41:462,-93.25,35.14
82.66,-3.75,18:17:41:582,-101.87,56.48
83.74,-3.40,18:17:41:710,-107.03,82.46
88.04,-1.74,18:17:41:840,-122.88,94.53
90.03,-1.31,18:17:41:967,-175.59,105.97
90.55,-0.62,18:17:42:094,142.09,116.51
92.21,0.34,18:17:42:221,81.31,125.54
92.18,0.59,18:17:42:341,79.56,120.29
91.11,-0.24,18:17:42:475,108.97,108.22
87.17,-1.80,18:17:42:611,-113.01,89.64
86.93,-1.83,18:17:42:778,-109.10,73.92
86.32,-1.90,18:17:42:937,-100.89,51.53
85.40,-2.28,18:17:43:086,-89.31,30.95
83.15,-3.37,18:17:43:221,666.00,19.49
79.81,-3.72,18:17:43:357,666.00,15.91
78.79,-2.86,18:17:43:497,666.00,13.27
78.31,-2.12,18:17:43:628,666.00,13.26
78.00,-1.78,18:17:43:772,666.00,11.77
77.88,-1.86,18:17:43:919,666.00,14.79
82.19,-1.26,18:17:44:055,666.00,17.43
79.31,-1.95,18:17:44:189,-78.96,35.54
80.02,-1.99,18:17:44:327,-81.36,53.92
83.38,-0.96,18:17:44:465,-82.37,65.61
84.41,-0.52,18:17:44:610,-83.49,84.41
86.39,-0.72,18:17:44:748,-91.10,98.11
89.22,-0.82,18:17:44:895,-131.27,115.08
90.39,-0.87,18:17:45:043,160.90,117.02
89.97,-1.49,18:17:45:191,-175.86,108.25
88.90,-2.59,18:17:45:336,-147.30,92.76
87.21,-3.50,18:17:45:474,-126.97,76.56
84.12,-1.93,18:17:45:608,-93.98,62.01
85.02,-2.49,18:17:45:749,-95.36,39.33
82.55,-3.06,18:17:45:897,666.00,27.71
81.49,-3.59,18:17:46:039,666.00,18.23
80.55,-3.61,18:17:46:157,666.00,13.99
79.66,-3.95,18:17:46:284,666.00,11.63
81.24,-3.32,18:17:46:421,666.00,9.35
78.42,-4.24,18:17:46:549,666.00,10.66
78.33,-4.36,18:17:46:671,666.00,11.10
78.19,-4.71,18:17:46:809,666.00,15.94
78.02,-5.19,18:17:46:940,666.00,26.80
80.94,-4.85,18:17:47:074,-93.90,43.53
82.70,-4.22,18:17:47:203,-102.72,59.47
82.96,-4.15,18:17:47:325,-105.43,73.03
83.16,-4.45,18:17:47:445,-111.36,91.08
86.44,-4.44,18:17:47:573,-134.13,107.78
88.06,-4.86,18:17:47:697,-151.26,111.06
88.68,-4.47,18:17:47:825,-158.50,115.62
88.50,-4.32,18:17:47:962,-154.74,110.46
87.65,-4.60,18:17:48:090,-146.33,98.50
86.84,-4.30,18:17:48:209,-131.18,82.43
86.89,-4.45,18:17:48:342,-132.85,64.47
86.32,-4.44,18:17:48:464,-124.00,54.17
87.03,-3.67,18:17:48:591,-122.37,39.72
82.84,-3.52,18:17:48:716,-94.64,31.28
82.87,-4.00,18:17:48:849,666.00,17.51
80.35,-4.71,18:17:48:978,666.00,13.80
79.56,-4.16,18:17:49:103,666.00,9.77
82.00,-3.93,18:17:49:225,666.00,7.80
81.60,-4.25,18:17:49:341,666.00,8.06
81.48,-4.13,18:17:49:474,666.00,9.93
78.97,-3.82,18:17:49:625,666.00,12.09
83.24,-2.88,18:17:49:746,666.00,17.70
80.78,-3.51,18:17:49:874,-88.34,30.58
82.58,-2.84,18:17:50:010,-92.68,45.63
83.88,-2.56,18:17:50:137,-97.52,62.39
84.72,-2.85,18:17:50:266,-103.52,76.53
85.32,-2.52,18:17:50:386,-107.51,91.17
88.30,-2.67,18:17:50:517,-140.90,105.15
89.92,-2.78,18:17:50:646,-172.34,110.03
90.99,-2.93,18:17:50:771,165.79,115.81
91.01,-2.46,18:17:50:910,162.47,116.06
90.38,-3.17,18:17:51:040,-178.23,99.02
88.50,-3.17,18:17:51:173,-143.11,88.44
88.11,-3.01,18:17:51:307,-131.73,76.30
87.61,-2.82,18:17:51:431,-123.30,61.26
88.55,1.38,18:17:51:557,-35.04,46.58
92.75,0.57,18:17:51:680,666.00,28.13
87.58,-0.37,18:17:51:804,666.00,21.91
88.66,-0.37,18:17:51:931,666.00,11.68
85.27,1.90,18:17:52:061,666.00,7.02
84.92,0.61,18:17:52:192,666.00,6.42
86.20,0.38,18:17:52:320,666.00,6.51
86.30,0.36,18:17:52:447,666.00,6.96
85.99,0.55,18:17:52:576,666.00,7.13
83.57,-0.68,18:17:52:712,666.00,18.74
80.54,-0.65,18:17:52:837,-76.50,31.51
85.10,-0.44,18:17:52:963,-75.78,36.95
86.51,-0.51,18:17:53:105,-83.27,53.45
88.86,-0.97,18:17:53:238,-117.13,74.42
88.90,-1.05,18:17:53:359,-122.41,85.54
90.72,-1.35,18:17:53:483,159.82,99.08
92.34,-1.73,18:17:53:610,132.40,108.19
94.13,-1.59,18:17:53:731,113.13,117.29
94.50,-1.53,18:17:53:855,112.84,119.30
93.61,-1.12,18:17:53:975,112.11,113.00
93.37,-1.45,18:17:54:109,120.85,96.90
90.66,-0.74,18:17:54:240,147.68,82.30
90.13,-0.22,18:17:54:370,163.22,66.05
89.12,-0.33,18:17:54:491,-94.61,56.44
89.05,0.36,18:17:54:610,-50.74,39.81
84.02,-0.16,18:17:54:739,666.00,26.98
84.13,-0.49,18:17:54:861,666.00,17.96
85.57,0.65,18:17:54:975,666.00,10.74
82.23,-0.64,18:17:55:098,666.00,10.51
81.86,-0.36,18:17:55:223,666.00,7.55
81.75,-0.32,18:17:55:340,666.00,8.90
81.61,-0.72,18:17:55:459,666.00,9.69
81.53,-0.74,18:17:55:585,666.00,9.76
85.30,0.15,18:17:55:706,666.00,11.67
82.10,-2.02,18:17:55:842,666.00,26.25
82.59,-2.11,18:17:55:982,-83.73,35.04
87.39,-1.76,18:17:56:109,-106.67,45.88
88.75,-1.93,18:17:56:239,-131.96,62.00
90.36,-1.95,18:17:56:362,-179.18,80.29
91.07,-1.47,18:17:56:493,152.86,91.60
92.66,-1.52,18:17:56:620,126.99,101.47
94.00,-1.94,18:17:56:740,119.40,114.26
94.96,-1.07,18:17:56:865,106.75,119.75
94.96,-1.20,18:17:56:995,107.06,118.90
93.65,-1.57,18:17:57:119,118.95,106.84
91.43,-0.87,18:17:57:249,132.24,85.45
90.65,-0.13,18:17:57:382,115.28,70.77
89.93,0.26,18:17:57:508,0.96,54.76
90.42,0.82,18:17:57:642,46.32,38.78
85.62,2.53,18:17:57:771,666.00,28.87
88.02,2.12,18:17:57:898,666.00,20.63
84.63,1.78,18:17:58:026,666.00,12.34
84.51,2.46,18:17:58:155,666.00,8.82
84.26,2.12,18:17:58:273,666.00,6.92
83.07,1.87,18:17:58:395,666.00,7.13
83.22,1.90,18:17:58:516,666.00,5.38
83.47,2.04,18:17:58:643,666.00,7.95
83.82,0.40,18:17:58:771,666.00,15.87
81.28,0.26,18:17:58:913,-67.15,31.07
88.07,1.38,18:17:59:052,-34.13,38.54
88.26,2.62,18:17:59:191,-21.15,56.55
89.40,1.27,18:17:59:316,-12.33,74.64
89.99,1.41,18:17:59:438,8.28,91.70
91.65,0.66,18:17:59:555,75.39,99.92
93.19,-0.72,18:17:59:682,107.56,110.49
93.28,-0.68,18:17:59:808,105.30,116.97
93.98,-0.43,18:17:59:939,99.42,119.07
93.47,-0.47,18:18:00:077,103.70,108.14
92.13,-0.61,18:18:00:217,115.51,91.37
91.28,-0.30,18:18:00:335,115.53,72.26
91.16,0.13,18:18:00:459,97.97,57.35
89.88,0.71,18:18:00:598,6.15,41.01
89.36,0.93,18:18:00:735,666.00,29.14
89.46,1.81,18:18:00:859,666.00,18.90
86.50,0.73,18:18:00:990,666.00,10.36
85.74,0.49,18:18:01:109,666.00,8.12
84.61,0.45,18:18:01:245,666.00,8.25
83.84,0.90,18:18:01:369,666.00,7.11
83.79,0.39,18:18:01:493,666.00,7.27
83.58,0.29,18:18:01:633,666.00,6.53
83.46,0.15,18:18:01:767,666.00,6.81
81.00,0.07,18:18:01:893,666.00,14.11
81.10,-0.02,18:18:02:015,666.00,28.46
87.39,0.47,18:18:02:141,-61.98,40.29
87.03,0.06,18:18:02:274,-74.88,55.22
87.83,-0.13,18:18:02:415,-83.83,85.28
89.89,0.74,18:18:02:538,-4.04,98.81
91.29,0.90,18:18:02:656,60.31,108.37
93.20,1.17,18:18:02:779,74.07,117.85
93.48,0.92,18:18:02:906,80.05,119.38
92.51,-0.19,18:18:03:039,100.04,105.57
91.73,-1.01,18:18:03:160,128.59,97.79
89.96,-0.96,18:18:03:281,-167.22,80.97
89.62,-0.38,18:18:03:402,-121.32,62.79
86.86,0.99,18:18:03:532,-58.12,55.47
90.96,1.86,18:18:03:668,48.64,33.84
84.77,0.70,18:18:03:798,666.00,21.67
84.44,0.33,18:18:03:918,666.00,11.58
81.68,0.69,18:18:04:045,666.00,9.84
80.29,0.43,18:18:04:168,666.00,7.17
80.56,0.27,18:18:04:298,666.00,9.00
81.50,0.31,18:18:04:434,666.00,9.52
82.46,-0.55,18:18:04:558,666.00,10.69
79.54,-0.20,18:18:04:679,666.00,10.59
79.42,-0.31,18:18:04:813,666.00,14.73
79.29,-0.69,18:18:04:942,666.00,29.14
81.97,-0.19,18:18:05:071,-71.67,42.43
84.02,0.46,18:18:05:189,-70.79,57.04
86.81,0.16,18:18:05:316,-73.48,76.54
87.06,-0.12,18:18:05:443,-83.15,95.53
90.20,-0.96,18:18:05:573,174.51,106.96
92.03,-0.76,18:18:05:690,115.82,111.58
92.99,-0.60,18:18:05:804,101.07,124.93
92.70,-0.00,18:18:05:917,93.99,121.30
91.88,-0.28,18:18:06:029,103.83,115.43
90.71,-1.31,18:18:06:139,158.35,101.70
88.47,-1.34,18:18:06:246,-119.61,84.87
88.17,-0.96,18:18:06:354,-103.35,68.41
87.40,-0.38,18:18:06:465,-79.58,45.56
86.55,0.37,18:18:06:571,-58.87,31.14
85.07,1.07,18:18:06:677,666.00,17.62
80.58,1.35,18:18:06:794,666.00,13.48
60.92,-4.65,18:18:06:915,666.00,20.85
45.69,-9.39,18:18:07:029,666.00,23.59
